1718.4 -0.229828 -0.421352 -9.42295 0.59342 -0.283549 9.99242 0.0827722 -0.149662 -0.0841467
1718.41 -0.306437 -0.421352 -9.30804 0.591027 -0.210568 10.0391 0.0890336 -0.151647 -0.0833831
1718.43 -0.459656 -0.421352 -9.53786 0.510867 -0.184247 10.0044 0.0862847 -0.144622 -0.0852157
1718.45 -0.229828 -0.497961 -9.46126 0.492921 -0.238086 10.0833 0.0878119 -0.145691 -0.0899499
1718.46 -0.306437 -0.421352 -9.15482 0.489332 -0.214158 10.0702 0.0897971 -0.145539 -0.086132
1718.48 -0.268133 -0.459656 -9.34634 0.514457 -0.191426 10.0439 0.0925461 -0.147371 -0.0768163
1718.5 -0.191523 -0.421352 -9.46126 0.532403 -0.211765 10.0247 0.0920879 -0.144775 -0.078038
1718.51 -0.191523 -0.383047 -9.11651 0.569491 -0.230907 9.97926 0.0905607 -0.142179 -0.0821613
1718.53 -0.459656 -0.421352 -9.30804 0.564706 -0.228514 9.89791 0.0937678 -0.138208 -0.0954477
1718.55 -0.268133 -0.459656 -9.34634 0.532403 -0.189033 9.94935 0.0975857 -0.138819 -0.0992656
1718.56 -0.114914 -0.306437 -9.15482 0.329013 -0.0658026 9.95414 0.0991129 -0.137445 -0.103542
1718.58 0.0 -0.191523 -9.19312 0.132802 0.105284 9.9649 0.097433 -0.134696 -0.112857
1718.59 0.0 -0.191523 -9.19312 0.0789631 0.132802 9.95294 0.0994183 -0.138666 -0.118508
1718.61 0.0766094 -0.114914 -9.34634 0.00957129 0.177069 9.92782 0.098502 -0.138972 -0.115759
1718.63 0.0766094 -0.153219 -9.57617 -0.0693918 0.189033 10.1515 0.0965167 -0.136681 -0.109803
1718.64 0.268133 -0.0766094 -9.53786 -0.151944 0.245264 10.282 0.0998765 -0.144317 -0.0913243
1718.66 0.114914 -0.0766094 -9.42295 -0.114855 0.482154 10.0618 0.097433 -0.148898 -0.0676533
1718.68 -0.421352 -0.383047 -9.46126 0.556331 0.0394815 9.96371 0.085063 -0.159283 -0.0456622
1718.69 -0.421352 -0.612875 -9.38465 0.789631 -0.230907 9.95533 0.0859793 -0.148746 -0.0836885
1718.71 -0.0383047 -0.459656 -9.57617 0.587438 -0.291924 9.98524 0.0907135 -0.140041 -0.102473
1718.73 -0.0766094 -0.268133 -9.34634 0.272782 0.172283 9.95294 0.10064 -0.14279 -0.0966694
1718.74 0.0 -0.114914 -9.46126 0.166301 0.270389 10.0738 0.0920879 -0.140957 -0.0639881
1718.76 -0.0766094 -0.191523 -9.34634 0.0502493 0.183051 10.0487 0.0873537 -0.140957 -0.0800233
1718.77 0.153219 -0.229828 -9.38465 -0.117248 0.13998 9.95414 0.0901026 -0.143706 -0.123853
1718.79 0.114914 -0.0766094 -9.23143 -0.163908 0.350548 9.94815 0.0925461 -0.148898 -0.0971275
1718.81 0.153219 -0.0766094 -9.38465 -0.0179462 0.437886 9.91346 0.0899499 -0.147982 -0.0652099
1718.82 0.306437 -0.0383047 -9.30804 -0.116052 0.361316 9.87757 0.0864374 -0.149204 -0.0540616
1718.84 0.421352 -0.114914 -9.26973 -0.0921237 0.348156 9.85364 0.0849102 -0.150578 -0.0813978
1718.85 -0.0766094 -0.153219 -9.34634 0.113659 0.311067 9.8656 0.0844521 -0.152716 -0.12706
1718.87 -0.153219 0.0 -8.88668 0.114855 0.27996 9.93859 0.0852157 -0.146455 -0.0930042
1718.88 0.153219 -0.0766094 -9.19312 -0.100499 0.357727 10.0271 0.0844521 -0.147218 -0.0717766
1718.9 0.153219 -0.0383047 -9.49956 -0.0981057 0.396012 9.99242 0.0801761 -0.153327 -0.0675006
1718.92 0.0 -0.114914 -9.30804 0.114855 0.31346 10.0403 0.0783434 -0.160352 -0.086132
1718.93 0.344742 -0.344742 -9.26973 0.214158 0.0526421 10.0259 0.074831 -0.156687 -0.104
1719.53 -0.0383047 -0.153219 -9.34634 0.0945165 0.265603 10.0116 0.0827722 -0.163406 -0.0775799
1719.55 -0.114914 -0.229828 -9.61448 0.224925 0.106481 10.0044 0.0784962 -0.162185 -0.0823141
1719.56 -0.229828 -0.268133 -9.30804 0.338584 -0.0334995 9.92901 0.0789543 -0.163406 -0.0936151
1719.58 -0.268133 -0.344742 -9.53786 0.375673 -0.0418744 9.98524 0.0798706 -0.163406 -0.0870483
1719.6 -0.191523 -0.344742 -9.26973 0.324227 0.0167498 10.0475 0.0832304 -0.160352 -0.0772744
1719.61 -0.191523 -0.268133 -9.38465 0.260818 -0.0179462 10.0355 0.081245 -0.159894 -0.0824668
1719.63 -0.191523 -0.497961 -9.53786 0.29671 -0.0634098 10.0223 0.0801761 -0.159589 -0.098502
1719.65 -0.114914 -0.344742 -9.42295 0.36012 -0.114855 10.0199 0.0821613 -0.160047 -0.0991129
1719.66 -0.0766094 -0.306437 -9.46126 0.229711 0.0358923 10.0223 0.0841467 -0.158978 -0.083994
1719.68 -0.0766094 -0.114914 -9.49956 0.177069 0.242871 10.0893 0.0856738 -0.159436 -0.0858265
1719.7 -0.0383047 0.0766094 -9.53786 0.135194 0.306281 10.0594 0.0852157 -0.162337 -0.090408
1719.71 0.0766094 -0.0766094 -9.26973 0.257228 0.329013 9.92543 0.0784962 -0.163406 -0.0856738
1719.73 -0.191523 -0.153219 -9.34634 0.43669 0.196211 9.9338 0.0771217 -0.161726 -0.0720821
1719.75 -0.114914 -0.153219 -9.15482 0.431904 0.210568 9.98644 0.0777326 -0.161268 -0.0681114
1719.76 -0.191523 -0.0383047 -9.38465 0.288335 0.314656 9.91107 0.0778853 -0.156229 -0.0760527
1719.78 -0.229828 -0.383047 -9.53786 0.290728 0.205783 9.97448 0.0736092 -0.15516 -0.089339
1719.8 0.0383047 -0.191523 -9.42295 0.240479 0.150748 9.99242 0.0726929 -0.151647 -0.0875064
1719.81 0.191523 -0.268133 -9.57617 0.0801595 0.061017 9.97448 0.0765108 -0.153633 -0.0865901
1719.83 0.0766094 -0.229828 -9.46126 0.0358923 0.0945165 10.0558 0.0763581 -0.156992 -0.0817032
1719.85 0.114914 -0.268133 -9.46126 0.0418744 0.0861416 10.0762 0.0749837 -0.158214 -0.0827722
1719.86 0.0766094 -0.306437 -9.46126 0.0143569 0.0394815 10.0702 0.0733038 -0.158214 -0.0815505
1719.88 0.0 -0.344742 -9.46126 0.235693 -0.0275174 10.0199 0.0722348 -0.161574 -0.0699441
1719.9 -0.114914 -0.306437 -9.46126 0.476171 -0.0574277 9.97567 0.0755945 -0.16249 -0.0642935
1719.91 -0.268133 -0.383047 -9.38465 0.428315 -0.0454636 10.057 0.0771217 -0.160505 -0.0681114
1719.93 -0.191523 -0.306437 -9.30804 0.345763 0.0287139 9.98405 0.0768163 -0.155312 -0.0803288
1719.94 -0.191523 -0.306437 -9.34634 0.327816 0.0550349 10.0175 0.0775799 -0.157909 -0.0856738
1719.96 0.114914 -0.229828 -9.72939 0.223729 0.0717846 10.0164 0.0759 -0.153327 -0.0836885
1719.98 0.229828 -0.191523 -9.26973 -0.0382852 0.132802 9.92782 0.0759 -0.151189 -0.0797179
1719.99 0.0383047 -0.268133 -9.19312 -0.0526421 0.087338 9.97208 0.0736092 -0.15852 -0.0798706
1720.01 0.114914 -0.344742 -9.34634 -0.0514457 -0.00119641 9.9996 0.0742201 -0.159894 -0.0810924
1720.03 0.153219 -0.344742 -9.19312 -0.0634098 -0.00957129 10.0391 0.0783434 -0.160963 -0.0768163
1720.04 0.0383047 -0.383047 -9.38465 0.0191426 -0.0717846 9.97208 0.0751364 -0.161268 -0.0707076
1720.06 -0.153219 -0.383047 -9.30804 0.303888 -0.118445 10.014 0.0781907 -0.166919 -0.0733038
1720.08 -0.306437 -0.459656 -9.49956 0.391226 -0.144766 10.0128 0.0788016 -0.165697 -0.085063
1720.09 -0.344742 -0.612875 -9.30804 0.488136 -0.120837 9.94576 0.0818559 -0.160047 -0.0910189
1720.11 -0.268133 -0.268133 -9.8443 0.464207 -0.0131605 10.0427 0.083994 -0.157145 -0.0931569
1720.13 -0.229828 -0.268133 -9.38465 0.44985 -0.0167498 10.0786 0.0842994 -0.155312 -0.098502
1720.15 -0.268133 -0.0766094 -9.23143 0.257228 0.175872 10.0762 0.0833831 -0.156381 -0.0922406
1720.16 -0.114914 -0.0766094 -9.34634 0.26321 0.187837 10.0463 0.083994 -0.160658 -0.0878119
1720.18 -0.191523 -0.268133 -9.42295 0.327816 0.0837488 9.99482 0.0809396 -0.159436 -0.0835358
1720.19 -0.114914 -0.153219 -9.34634 0.2333 0.105284 10.0379 0.0809396 -0.15684 -0.0855211
1720.21 -0.229828 -0.229828 -9.49956 0.104088 0.210568 10.0128 0.0826195 -0.15745 -0.0818559
1720.23 -0.0766094 -0.229828 -9.34634 0.125623 0.215354 10.0534 0.0781907 -0.160047 -0.0641408
1720.24 -0.0766094 -0.306437 -9.46126 0.252443 0.105284 9.98046 0.0786489 -0.162643 -0.0664316
1720.26 -0.306437 -0.344742 -9.15482 0.379262 -0.0538385 9.92543 0.0762054 -0.158214 -0.0746782
1720.28 -0.191523 -0.421352 -9.46126 0.399601 -0.0167498 9.87637 0.0804815 -0.158061 -0.0859793
1720.29 -0.191523 -0.229828 -9.46126 0.411565 0.0646062 9.98764 0.0806342 -0.153938 -0.0864374
1720.31 -0.0766094 -0.268133 -9.34634 0.205783 0.163908 10.0092 0.0824668 -0.151342 -0.0894917
1720.33 -0.153219 -0.268133 -9.38465 0.122034 0.248853 10.0283 0.0797179 -0.152869 -0.0972803
1720.34 -0.0766094 -0.191523 -9.34634 0.122034 0.200997 9.96371 0.0792598 -0.155771 -0.0923933
1720.36 0.0383047 -0.229828 -9.34634 0.267996 0.107677 10.0283 0.0797179 -0.15516 -0.0849102
1720.38 0.0383047 -0.229828 -9.42295 0.116052 0.157926 10.0032 0.0794125 -0.149662 -0.0829249
1720.39 -0.0383047 -0.114914 -9.53786 0.0574277 0.209372 10.0128 0.0794125 -0.152411 -0.0829249
1720.41 0.0 -0.306437 -9.38465 0.102891 0.159123 10.0845 0.0804815 -0.158672 -0.0896445
1720.43 -0.114914 -0.229828 -9.15482 0.0514457 0.0574277 10.0762 0.0772744 -0.156076 -0.0827722
1720.44 0.0766094 -0.268133 -9.46126 0.0119641 0.0634098 9.99601 0.0775799 -0.156076 -0.0726929
1720.46 0.0 -0.306437 -9.23143 0.106481 0.0430708 10.0116 0.0786489 -0.159589 -0.0740674
1720.48 0.0 -0.306437 -9.34634 0.147159 0.0370887 10.0104 0.0795652 -0.159589 -0.0774271
1720.49 0.114914 -0.268133 -9.61448 0.0490528 0.0478564 9.9996 0.0771217 -0.158214 -0.0838412
1720.51 0.0 -0.229828 -9.53786 0.0418744 0.0981057 9.95653 0.0795652 -0.160505 -0.0781907
1720.52 -0.114914 -0.191523 -9.11651 0.138784 0.20339 9.95414 0.0810924 -0.160963 -0.0771217
1720.54 0.0766094 -0.191523 -9.42295 0.0502493 0.177069 9.90748 0.0797179 -0.159436 -0.0829249
1720.56 0.0383047 -0.268133 -9.38465 0.0861416 0.0993021 9.88714 0.0807869 -0.163254 -0.0901026
1720.57 -0.114914 -0.191523 -9.53786 0.0741775 0.160319 9.96132 0.0830777 -0.16417 -0.0936151
1720.59 0.0766094 -0.114914 -9.26973 0.0155533 0.179462 9.94098 0.0804815 -0.160047 -0.0856738
1720.61 0.0766094 -0.229828 -9.806 -0.0155533 0.20339 10.0116 0.0803288 -0.160047 -0.0894917
1720.62 0.0 -0.153219 -9.53786 -0.0370887 0.210568 10.0738 0.0813978 -0.163865 -0.0910189
1720.64 -0.0383047 -0.229828 -9.806 0.113659 0.183051 10.0822 0.0755945 -0.163406 -0.0788016
1720.66 0.114914 -0.229828 -9.38465 0.281157 0.0849452 9.99721 0.0739146 -0.165544 -0.0673479
1720.67 -0.268133 -0.229828 -9.46126 0.376869 0.040678 9.97926 0.0777326 -0.167224 -0.0693332
1720.69 -0.191523 -0.306437 -9.38465 0.465404 0.0179462 9.96132 0.0781907 -0.163559 -0.0775799
1720.71 -0.229828 -0.268133 -9.26973 0.459422 0.0765703 9.94457 0.0768163 -0.158367 -0.0855211
1720.72 -0.0766094 -0.229828 -9.11651 0.244068 0.114855 10.0558 0.0771217 -0.15684 -0.087201
1720.74 0.0 -0.191523 -9.42295 0.141176 0.212961 9.98046 0.0801761 -0.157756 -0.090408
1720.76 0.229828 -0.0766094 -9.42295 0.0969093 0.226122 9.98285 0.0788016 -0.161421 -0.0902553
1720.77 0.114914 -0.114914 -9.34634 -0.0251246 0.294317 10.0008 0.0766636 -0.160658 -0.091477
1720.79 0.153219 -0.0766094 -9.57617 -0.0311067 0.303888 9.98883 0.0757473 -0.159741 -0.0742201
1720.81 0.0766094 -0.114914 -9.42295 0.061017 0.299103 10.0223 0.0760527 -0.165697 -0.0697913
1720.82 -0.0766094 -0.153219 -9.46126 0.253639 0.22014 10.0223 0.0720821 -0.165697 -0.06353
1720.84 -0.229828 -0.306437 -9.03991 0.308674 0.124427 10.0833 0.0714712 -0.163101 -0.0627664
1720.86 -0.229828 -0.306437 -9.38465 0.367298 0.00957129 9.91585 0.0690278 -0.161268 -0.0629191
1720.87 -0.268133 -0.459656 -8.77177 0.522831 -0.0514457 9.99841 0.0714712 -0.157756 -0.0606284
1720.89 -0.306437 -0.306437 -9.42295 0.452243 -0.116052 9.97926 0.0729984 -0.156229 -0.0774271
1720.91 0.0 -0.306437 -9.61448 0.330209 -0.107677 10.0247 0.0734565 -0.149204 -0.085063
1720.92 0.0766094 -0.229828 -9.42295 0.0658026 -0.0179462 10.008 0.0804815 -0.155618 -0.0989602
1720.94 0.114914 -0.114914 -9.57617 -0.00358923 0.0658026 10.0905 0.0774271 -0.154854 -0.0832304
1720.96 0.229828 -0.383047 -9.23143 -0.0741775 0.061017 10.1061 0.0795652 -0.157756 -0.0772744
1720.97 0.0 -0.268133 -9.38465 0.0514457 0.061017 9.97926 0.076969 -0.16081 -0.067806
1720.99 -0.153219 -0.306437 -9.38465 0.305085 -0.0562313 9.99721 0.0765108 -0.162948 -0.0711658
1721.01 -0.0766094 -0.421352 -9.19312 0.289531 -0.0454636 9.93021 0.0762054 -0.161421 -0.0597121
1721.02 -0.153219 -0.459656 -9.23143 0.490529 -0.00478564 9.84048 0.0794125 -0.159436 -0.0545197
1721.04 -0.0766094 -0.383047 -9.23143 0.485743 -0.0526421 9.92543 0.0792598 -0.158367 -0.0694859
1721.06 -0.191523 -0.344742 -9.26973 0.441475 -0.0729811 9.94098 0.0806342 -0.152716 -0.0960585
1721.07 -0.0383047 -0.191523 -9.38465 0.104088 -0.0382852 10.002 0.0864374 -0.151647 -0.112094
1721.09 0.114914 -0.268133 -9.61448 -0.142373 0.0358923 10.2485 0.0867428 -0.151647 -0.100335
1721.11 0.191523 -0.229828 -9.34634 -0.167498 0.20339 10.0702 0.0855211 -0.154854 -0.0704022
1721.12 0.153219 -0.306437 -9.57617 0.0490528 0.0598205 9.94696 0.0809396 -0.162032 -0.0720821
1721.14 -0.191523 -0.459656 -9.30804 0.275174 -0.22014 9.91705 0.0795652 -0.160352 -0.0928515
1721.15 -0.0766094 -0.383047 -9.38465 0.25005 -0.153141 9.97448 0.08827 -0.156687 -0.104458
1721.17 -0.191523 -0.268133 -9.30804 0.278764 0.0251246 9.87278 0.0894917 -0.156076 -0.0997237
1721.19 -0.191523 -0.0766094 -9.26973 0.392423 0.209372 9.94098 0.0905607 -0.15516 -0.0809396
1721.2 0.0383047 -0.306437 -9.53786 0.288335 0.192622 9.99123 0.0858265 -0.152869 -0.112094
1721.22 -0.0383047 -0.191523 -9.49956 0.150748 0.204586 10.0415 0.0884227 -0.152411 -0.125533
1721.23 0.0766094 0.0383047 -9.57617 0.0442672 0.358923 10.0618 0.0888809 -0.153022 -0.109956
1721.25 0.0766094 0.0 -9.38465 0.020339 0.398405 9.92184 0.0836885 -0.15348 -0.0740674
1721.27 0.0 -0.229828 -9.53786 0.00717846 0.42353 10.0642 0.0835358 -0.154243 -0.0662789
1721.28 0.153219 -0.191523 -9.34634 -0.0143569 0.247657 9.94815 0.0807869 -0.154091 -0.0896445
1721.3 -0.0383047 -0.153219 -9.57617 0.187837 0.111266 10.0941 0.0807869 -0.158061 -0.0949895
1721.32 0.114914 -0.114914 -9.42295 0.0574277 0.312263 9.92901 0.0856738 -0.156076 -0.0827722
1721.33 -0.0766094 -0.0383047 -9.42295 0.0717846 0.270389 9.99362 0.0795652 -0.155618 -0.0610865
1721.35 0.114914 -0.268133 -8.84838 0.066999 0.0945165 9.94218 0.0781907 -0.154702 -0.0992656
1721.37 0.0 -0.0383047 -9.42295 -0.0550349 0.302692 9.90269 0.0830777 -0.15852 -0.104
1721.38 -0.0383047 -0.0383047 -9.15482 0.09332 0.336191 9.91346 0.0797179 -0.155923 -0.0957531
1721.4 0.114914 -0.0383047 -9.49956 0.066999 0.297906 9.99362 0.0800233 -0.156534 -0.0781907
1721.42 0.229828 0.0 -9.03991 -0.17348 0.48335 9.96969 0.0792598 -0.154396 -0.0988074
1721.43 0.191523 -0.0383047 -9.38465 -0.15673 0.44985 9.95294 0.0783434 -0.159283 -0.10965
1721.45 0.153219 -0.153219 -9.42295 -0.0921237 0.375673 10.051 0.0751364 -0.160658 -0.0930042
1721.47 0.191523 -0.0766094 -9.26973 -0.214158 0.380459 9.97567 0.0725402 -0.160352 -0.0719294
1721.48 0.306437 -0.0383047 -9.42295 -0.217747 0.366102 9.97328 0.0739146 -0.164475 -0.0797179
1721.5 0.191523 -0.153219 -9.65278 -0.116052 0.331406 9.97687 0.0720821 -0.165239 -0.0856738
1721.52 0.191523 -0.114914 -9.42295 -0.151944 0.300299 9.95294 0.068875 -0.166003 -0.0890336
1721.53 0.114914 -0.229828 -9.38465 -0.211765 0.227318 9.97328 0.0687223 -0.167377 -0.0798706
1721.55 0.229828 -0.0766094 -9.42295 -0.262014 0.314656 10.0463 0.0714712 -0.171042 -0.079107
1721.57 0.306437 -0.0383047 -9.46126 -0.270389 0.382851 10.0295 0.0696386 -0.175166 -0.0817032
1721.58 0.153219 0.0 -9.46126 -0.221336 0.363709 10.014 0.0665843 -0.176693 -0.0777326
1721.6 0.114914 -0.153219 -9.38465 -0.136391 0.348156 10.0271 0.0633773 -0.177609 -0.0696386
1721.62 0.191523 -0.0766094 -9.72939 0.0107677 0.349352 10.0271 0.0620028 -0.178831 -0.057574
1721.63 0.0383047 -0.114914 -9.42295 0.106481 0.344566 9.99362 0.0610865 -0.180053 -0.0555887
1721.65 -0.0383047 -0.229828 -9.15482 0.145962 0.320638 9.9996 0.0595593 -0.180816 -0.0587958
1721.67 -0.229828 -0.114914 -9.34634 0.340977 0.215354 10.0247 0.0591012 -0.179594 -0.0581849
1721.68 -0.191523 -0.114914 -9.38465 0.392423 0.113659 10.0008 0.0586431 -0.177151 -0.0528398
1721.7 -0.268133 -0.229828 -9.49956 0.388834 0.100499 10.0068 0.0604756 -0.180663 -0.0519235
1721.72 -0.229828 -0.306437 -9.19312 0.42353 0.0239282 9.99601 0.0558941 -0.171653 -0.0507018
1721.73 -0.268133 -0.459656 -9.38465 0.490529 -0.0717846 9.99123 0.057574 -0.169668 -0.0591012
1721.75 -0.421352 -0.497961 -9.38465 0.482154 -0.118445 10.002 0.0616974 -0.172264 -0.0684169
1721.77 -0.268133 -0.383047 -9.38465 0.464207 -0.112463 10.0116 0.0638354 -0.168751 -0.0681114
1721.78 -0.0766094 -0.268133 -9.38465 0.494118 -0.0729811 10.0068 0.0664316 -0.166919 -0.0655153
1721.8 -0.344742 -0.268133 -9.34634 0.51326 -0.105284 9.98764 0.0655153 -0.165697 -0.0736092
1721.82 -0.344742 -0.383047 -9.57617 0.538385 -0.131605 9.99721 0.0661261 -0.162948 -0.0757473
1721.83 -0.612875 -0.459656 -9.30804 0.550349 -0.174676 9.99123 0.0685696 -0.159436 -0.0789543
1721.85 -0.383047 -0.421352 -9.46126 0.528814 -0.168694 10.0056 0.0707076 -0.155923 -0.076969
1721.86 -0.344742 -0.459656 -9.53786 0.503689 -0.16989 9.9996 0.0711658 -0.155618 -0.0809396
1721.88 -0.268133 -0.57457 -9.42295 0.447458 -0.239282 10.0128 0.0728457 -0.152716 -0.0862847
1721.9 -0.191523 -0.57457 -9.34634 0.334995 -0.278764 10.0116 0.0783434 -0.153022 -0.0980438
1721.91 -0.114914 -0.612875 -9.38465 0.264407 -0.277567 10.0152 0.0797179 -0.150273 -0.0997237
1721.93 -0.114914 -0.344742 -9.34634 0.12323 -0.229711 10.0044 0.085063 -0.152411 -0.100335
1721.95 0.0766094 -0.497961 -9.42295 -0.00478564 -0.174676 9.99601 0.0833831 -0.150273 -0.105374
1721.96 0.268133 -0.536266 -9.61448 -0.0346959 -0.137587 9.9996 0.0847575 -0.153174 -0.111177
1721.98 0.191523 -0.344742 -9.38465 -0.12323 -0.0598205 10.0044 0.0907135 -0.153785 -0.114537
1722.0 0.191523 -0.268133 -9.65278 -0.154337 0.0825523 10.008 0.0913243 -0.155618 -0.110719
1722.01 0.229828 -0.153219 -9.38465 -0.174676 0.133998 10.0092 0.0901026 -0.157756 -0.10568
1722.03 0.114914 -0.153219 -9.49956 -0.154337 0.232104 10.0032 0.0931569 -0.16249 -0.109039
1722.05 0.306437 -0.191523 -9.19312 -0.151944 0.307478 10.0104 0.0885754 -0.161574 -0.105832
1722.06 0.191523 -0.0766094 -9.38465 -0.145962 0.344566 9.99841 0.0875064 -0.162796 -0.100182
1722.08 0.229828 -0.0766094 -9.11651 -0.120837 0.350548 10.0104 0.0852157 -0.16417 -0.0942259
1722.1 0.153219 -0.0383047 -9.42295 -0.0945165 0.393619 10.014 0.0856738 -0.167835 -0.0919352
1722.11 0.114914 0.0 -9.30804 -0.087338 0.422333 10.002 0.0838412 -0.168141 -0.0943787
1722.13 0.114914 0.0383047 -9.30804 -0.0837488 0.424726 9.99841 0.0826195 -0.169362 -0.0933096
1722.15 0.114914 -0.0766094 -9.34634 -0.040678 0.437886 9.99242 0.0827722 -0.172264 -0.0897971
1722.16 0.0 0.0 -9.88261 -0.00837488 0.482154 9.9996 0.078038 -0.170584 -0.0830777
1722.18 0.0 0.0766094 -9.42295 0.0239282 0.508475 10.014 0.0757473 -0.172569 -0.0792598
1722.19 -0.0383047 0.0766094 -9.49956 0.0658026 0.563509 9.99482 0.0729984 -0.172875 -0.0763581
1722.21 0.0 0.0766094 -9.38465 0.175872 0.570688 9.99841 0.071013 -0.172722 -0.0728457
1722.23 -0.114914 -0.0383047 -9.38465 0.218943 0.565902 9.99721 0.067806 -0.17318 -0.0665843
1722.24 -0.114914 0.0 -9.42295 0.273978 0.54317 9.99482 0.0675006 -0.171348 -0.0642935
1722.26 -0.153219 0.0 -9.65278 0.34337 0.496511 9.98764 0.0623082 -0.170126 -0.0586431
1722.28 -0.306437 -0.0383047 -9.42295 0.40678 0.39003 9.99841 0.0580322 -0.168751 -0.0581849
1722.29 -0.229828 -0.153219 -9.53786 0.407976 0.31346 9.98883 0.0584903 -0.167224 -0.0572686
1722.31 -0.0383047 -0.191523 -9.23143 0.381655 0.200997 9.96371 0.0558941 -0.163101 -0.0525344
1722.33 -0.153219 -0.344742 -9.38465 0.345763 0.0849452 9.99242 0.0574213 -0.165697 -0.0578795
1722.35 -0.0383047 -0.306437 -9.57617 0.327816 0.0358923 10.008 0.057574 -0.163559 -0.057574
1722.36 -0.0383047 -0.344742 -9.34634 0.254835 -0.0562313 9.99721 0.057574 -0.160352 -0.0594066
1722.38 -0.191523 -0.459656 -9.46126 0.257228 -0.112463 10.0008 0.0595593 -0.161421 -0.0633773
1722.39 -0.0766094 -0.383047 -9.46126 0.229711 -0.137587 9.99841 0.0612392 -0.159283 -0.0665843
1722.41 -0.0383047 -0.497961 -9.34634 0.210568 -0.157926 10.0211 0.0639881 -0.160199 -0.0699441
1722.43 -0.0766094 -0.383047 -9.42295 0.192622 -0.187837 10.0044 0.0664316 -0.160963 -0.0742201
1722.44 0.0766094 -0.57457 -9.23143 0.190229 -0.196211 10.0307 0.0668897 -0.159894 -0.0763581
1722.46 -0.0383047 -0.536266 -9.42295 0.163908 -0.20339 10.0092 0.0661261 -0.15684 -0.0757473
1722.48 -0.191523 -0.459656 -8.92499 0.118445 -0.253639 9.9996 0.0722348 -0.159436 -0.0788016
1722.49 0.0 -0.497961 -9.46126 0.0909272 -0.278764 10.0092 0.0745255 -0.160658 -0.0836885
1722.51 0.0383047 -0.689484 -9.42295 0.0646062 -0.293121 10.0092 0.0739146 -0.156992 -0.0829249
1722.52 0.0383047 -0.536266 -9.34634 0.0430708 -0.308674 10.0116 0.078038 -0.162337 -0.0911716
1722.54 0.153219 -0.497961 -9.76769 -0.0107677 -0.291924 10.008 0.0823141 -0.162032 -0.0926988
1722.56 0.0383047 -0.459656 -9.34634 -0.00957129 -0.269192 10.0235 0.0836885 -0.161268 -0.0956004
1722.57 0.0 -0.421352 -9.49956 0.00957129 -0.178265 10.0056 0.087201 -0.163406 -0.0989602
1722.59 -0.0766094 -0.383047 -9.11651 0.0394815 -0.0705882 10.0128 0.0902553 -0.16417 -0.103389
1722.61 0.0383047 -0.306437 -9.38465 0.0634098 -0.0107677 10.0175 0.0905607 -0.166308 -0.106291
1722.62 -0.0383047 -0.0766094 -9.26973 0.0969093 0.119641 9.9996 0.0902553 -0.165239 -0.106138
1722.64 -0.0766094 -0.114914 -9.42295 0.155533 0.239282 9.99482 0.0925461 -0.167072 -0.104916
1722.66 -0.0766094 -0.0766094 -9.53786 0.184247 0.327816 9.9996 0.089339 -0.165697 -0.103236
1722.67 -0.191523 -0.0383047 -9.34634 0.193819 0.368495 9.99003 0.0887282 -0.162796 -0.101098
1722.69 -0.0766094 -0.0766094 -9.38465 0.18664 0.40678 9.9996 0.0859793 -0.163865 -0.0994183
1722.71 0.0 -0.0766094 -9.34634 0.193819 0.439083 9.99003 0.085063 -0.165697 -0.0972803
1722.72 0.0 -0.0383047 -9.42295 0.18664 0.455832 9.99003 0.0844521 -0.165697 -0.095295
1722.74 0.0766094 0.0383047 -9.61448 0.160319 0.459422 9.99482 0.0809396 -0.161726 -0.0905607
1722.76 0.0 0.0 -9.42295 0.180658 0.494118 10.002 0.0803288 -0.164475 -0.0905607
1722.77 -0.114914 -0.0383047 -9.65278 0.179462 0.489332 10.0056 0.0759 -0.162032 -0.0865901
1722.79 0.0 0.0 -9.34634 0.192622 0.522831 9.98405 0.0777326 -0.165086 -0.0853684
1722.81 -0.153219 0.0383047 -9.46126 0.190229 0.533599 9.98883 0.0725402 -0.16249 -0.0806342
1722.82 -0.0383047 0.0 -9.49956 0.187837 0.537189 9.99841 0.0684169 -0.163865 -0.0777326
1722.84 -0.0766094 0.0 -9.34634 0.166301 0.526421 10.0032 0.066737 -0.161268 -0.0733038
1722.86 0.114914 0.0383047 -9.38465 0.133998 0.489332 9.9996 0.0665843 -0.162948 -0.0719294
1722.87 0.0383047 0.0 -9.26973 0.104088 0.41994 9.98764 0.0615447 -0.160658 -0.066737
1722.89 0.0766094 -0.0383047 -9.65278 0.0634098 0.366102 10.0032 0.0598648 -0.160963 -0.0632245
1722.91 0.0766094 -0.114914 -9.34634 0.040678 0.247657 9.99362 0.0584903 -0.159894 -0.0623082
1722.92 0.0383047 -0.114914 -9.34634 0.020339 0.150748 10.0068 0.0584903 -0.161268 -0.0600175
1722.94 0.0383047 -0.191523 -9.34634 -0.00837488 0.113659 10.0068 0.0568105 -0.161879 -0.0595593
1722.96 0.114914 -0.344742 -9.42295 -0.00957129 0.0239282 10.0128 0.0566577 -0.163865 -0.0589485
1722.97 0.114914 -0.421352 -9.42295 0.00239282 -0.061017 9.99482 0.0601702 -0.167072 -0.0613919
1722.99 0.0383047 -0.383047 -9.34634 0.00957129 -0.0993021 10.0092 0.0607811 -0.16585 -0.0612392
1723.01 0.114914 -0.383047 -9.19312 0.0311067 -0.133998 10.002 0.0615447 -0.166308 -0.0623082
1723.02 0.0383047 -0.421352 -9.53786 0.0562313 -0.168694 10.0044 0.0636827 -0.167988 -0.0647517
1723.04 -0.0383047 -0.383047 -9.38465 0.105284 -0.180658 10.0008 0.0675006 -0.168293 -0.0691805
1723.06 0.0383047 -0.497961 -9.34634 0.119641 -0.179462 10.0056 0.068875 -0.168904 -0.0713185
1723.07 0.0 -0.459656 -9.34634 0.165105 -0.199801 10.0211 0.0734565 -0.170889 -0.0731511
1723.09 -0.0766094 -0.536266 -9.34634 0.18664 -0.195015 10.008 0.0723875 -0.168751 -0.0751364
1723.11 -0.114914 -0.459656 -9.38465 0.196211 -0.196211 10.0068 0.0729984 -0.167682 -0.076969
1723.12 0.0 -0.383047 -9.23143 0.236889 -0.195015 10.0068 0.0781907 -0.169515 -0.0821613
1723.14 -0.0766094 -0.383047 -9.46126 0.27996 -0.191426 10.008 0.0788016 -0.168141 -0.0867428
1723.15 -0.114914 -0.459656 -9.53786 0.273978 -0.172283 9.99003 0.0789543 -0.165697 -0.08827
1723.17 0.0 -0.421352 -9.11651 0.293121 -0.128016 10.0056 0.0836885 -0.167224 -0.0899499
1723.19 -0.191523 -0.344742 -9.30804 0.32662 -0.0777667 10.002 0.0838412 -0.165239 -0.0962113
1723.2 -0.459656 -0.383047 -9.34634 0.336191 -0.0323031 9.99841 0.0855211 -0.16417 -0.0988074
1723.22 -0.229828 -0.191523 -9.42295 0.35653 0.0418744 9.99841 0.0901026 -0.164934 -0.101404
1723.24 -0.306437 -0.306437 -9.53786 0.349352 0.125623 9.99362 0.0862847 -0.160199 -0.0981966
1723.25 -0.191523 -0.191523 -9.38465 0.317049 0.226122 10.0008 0.0862847 -0.15852 -0.10232
1723.27 -0.114914 -0.114914 -9.26973 0.31346 0.253639 9.98644 0.0870483 -0.159741 -0.103236
1723.29 -0.191523 -0.114914 -9.34634 0.2668 0.295514 9.99123 0.0864374 -0.158061 -0.104763
1723.3 -0.0383047 -0.0383047 -9.38465 0.198604 0.333799 9.99242 0.0836885 -0.156534 -0.100029
1723.32 -0.0766094 -0.0766094 -9.65278 0.159123 0.340977 9.99362 0.0830777 -0.15516 -0.0980438
1723.34 -0.191523 -0.114914 -9.26973 0.0861416 0.388834 10.002 0.0806342 -0.156076 -0.0959058
1723.35 0.0766094 -0.0383047 -9.46126 0.0454636 0.391226 10.0068 0.0784962 -0.155312 -0.0942259
1723.37 -0.114914 -0.0766094 -9.07821 0.0155533 0.387637 9.99841 0.0797179 -0.158061 -0.0908662
1723.39 0.153219 -0.0766094 -9.38465 -0.0107677 0.397208 9.99721 0.0752891 -0.156687 -0.089339
1723.4 0.0766094 -0.0766094 -9.42295 -0.0550349 0.415155 9.99601 0.0729984 -0.157603 -0.0844521
1723.42 0.0383047 0.0383047 -9.42295 -0.0502493 0.412762 10.0223 0.0723875 -0.158672 -0.0836885
1723.43 0.191523 -0.0383047 -9.42295 -0.0646062 0.411565 10.0092 0.0694859 -0.159894 -0.0797179
1723.45 0.191523 -0.0766094 -9.46126 -0.0753739 0.411565 10.0008 0.0705549 -0.163254 -0.0766636
1723.47 0.229828 -0.0766094 -9.72939 -0.0729811 0.410369 10.0056 0.0684169 -0.162643 -0.073762
1723.48 0.229828 -0.191523 -8.92499 -0.0825523 0.357727 10.0056 0.0682642 -0.165392 -0.071624
1723.5 0.229828 -0.153219 -9.34634 -0.0586241 0.306281 10.0008 0.0658207 -0.16585 -0.0704022
1723.52 0.268133 -0.268133 -9.53786 -0.0705882 0.300299 9.9996 0.0644463 -0.169362 -0.0664316
1723.53 0.153219 -0.153219 -9.46126 -0.0454636 0.214158 10.008 0.0636827 -0.168293 -0.0639881
1723.55 0.0766094 -0.229828 -9.65278 0.00358923 0.154337 10.0044 0.0633773 -0.172875 -0.0632245
1723.57 0.114914 -0.229828 -9.26973 0.0251246 0.117248 10.0104 0.0620028 -0.171042 -0.0607811
1723.58 0.0383047 -0.268133 -9.42295 0.0849452 0.0658026 9.99003 0.06353 -0.17318 -0.0613919
1723.6 -0.0383047 -0.383047 -9.46126 0.135194 0.0227318 10.0044 0.0662789 -0.173028 -0.0629191
1723.62 0.0 -0.306437 -9.42295 0.206979 -0.0155533 10.002 0.0647517 -0.172569 -0.0642935
1723.63 -0.153219 -0.306437 -9.42295 0.253639 -0.0287139 10.0008 0.0653626 -0.170889 -0.062461
1723.65 -0.114914 -0.459656 -9.46126 0.30987 -0.0550349 9.99482 0.0673479 -0.172417 -0.068875
1723.67 -0.153219 -0.383047 -9.07821 0.349352 -0.0574277 10.0104 0.0682642 -0.170431 -0.0696386
1723.68 -0.114914 -0.421352 -9.49956 0.361316 -0.0681954 9.98524 0.0673479 -0.168904 -0.0731511
1723.7 -0.153219 -0.536266 -9.30804 0.37328 -0.0909272 9.99841 0.0690278 -0.16585 -0.0723875
1723.71 -0.191523 -0.383047 -9.34634 0.385244 -0.0993021 10.0056 0.0708604 -0.164475 -0.0774271
1723.73 -0.229828 -0.421352 -9.34634 0.374477 -0.102891 9.99362 0.0719294 -0.164934 -0.0794125
1723.75 -0.0766094 -0.344742 -9.03991 0.340977 -0.132802 9.99721 0.0742201 -0.162796 -0.0823141
1723.76 -0.306437 -0.459656 -9.30804 0.321834 -0.119641 10.002 0.0754418 -0.160658 -0.0849102
1723.78 -0.114914 -0.421352 -9.34634 0.300299 -0.122034 10.0104 0.078038 -0.161726 -0.0890336
1723.79 -0.497961 -0.536266 -9.34634 0.282353 -0.0825523 9.99482 0.0813978 -0.162948 -0.0931569
1723.81 -0.114914 -0.306437 -9.23143 0.2668 -0.0681954 10.002 0.0798706 -0.157603 -0.0959058
1723.83 0.0 -0.306437 -9.46126 0.256032 -0.0323031 10.002 0.0827722 -0.158061 -0.0972803
1723.84 -0.114914 -0.268133 -9.38465 0.230907 0.0155533 10.0128 0.0835358 -0.158214 -0.097433
1723.86 -0.114914 -0.268133 -9.38465 0.195015 0.0311067 9.99841 0.0849102 -0.15745 -0.0992656
1723.87 -0.0383047 -0.268133 -9.42295 0.153141 0.108873 10.0044 0.0873537 -0.15745 -0.101251
1723.89 0.0 -0.191523 -9.38465 0.116052 0.163908 10.0068 0.083994 -0.157603 -0.101556
1723.9 0.0766094 -0.191523 -9.42295 0.0801595 0.191426 10.0128 0.0849102 -0.157145 -0.10064
1723.93 0.0383047 -0.229828 -9.42295 0.0179462 0.21655 10.0056 0.0818559 -0.155312 -0.0991129
1723.94 0.153219 -0.153219 -9.42295 -0.0227318 0.265603 10.008 0.0810924 -0.156687 -0.0980438
1723.96 0.0766094 -0.0766094 -9.46126 -0.0586241 0.301496 10.0056 0.0817032 -0.158825 -0.0962113
1723.97 0.229828 -0.0766094 -9.46126 -0.0741775 0.321834 10.0044 0.0789543 -0.158672 -0.0940732
1724.55 0.153219 -0.0383047 -9.72939 0.0693918 0.215354 9.9996 0.0853684 -0.161421 -0.0978911
1724.56 0.0383047 -0.191523 -9.34634 0.0502493 0.270389 9.9996 0.0841467 -0.163406 -0.0962113
1724.58 -0.153219 -0.191523 -9.34634 0.0538385 0.284746 9.98405 0.0820086 -0.16249 -0.0936151
1724.6 -0.153219 -0.114914 -9.38465 0.0418744 0.318245 9.99841 0.0833831 -0.164017 -0.0939205
1724.61 0.0 -0.0766094 -9.15482 0.0586241 0.36012 10.0008 0.0809396 -0.163406 -0.091477
1724.63 -0.191523 -0.0383047 -9.23143 0.0490528 0.364905 9.98524 0.0800233 -0.163712 -0.087201
1724.65 0.0383047 -0.0383047 -9.34634 0.0813559 0.404387 9.98883 0.0775799 -0.164323 -0.0864374
1724.66 0.114914 -0.0766094 -9.53786 0.111266 0.415155 10.0032 0.0743728 -0.164628 -0.0835358
1724.68 0.0766094 0.0383047 -9.34634 0.12682 0.437886 10.0056 0.0751364 -0.164934 -0.0800233
1724.7 0.0 0.0 -9.42295 0.129212 0.440279 9.99362 0.0726929 -0.165392 -0.0797179
1724.71 -0.0383047 -0.0383047 -9.42295 0.100499 0.416351 9.99482 0.0696386 -0.163101 -0.0754418
1724.73 0.0 -0.0766094 -9.15482 0.114855 0.37328 10.0152 0.0681114 -0.163559 -0.0733038
1724.75 0.0 -0.0766094 -9.34634 0.0861416 0.350548 10.0092 0.0661261 -0.163406 -0.0713185
1724.76 0.153219 -0.0383047 -9.34634 0.0646062 0.295514 10.0128 0.0641408 -0.164781 -0.0704022
1724.78 0.153219 -0.191523 -9.30804 0.066999 0.240479 9.99482 0.0649044 -0.166919 -0.0676533
1724.8 0.0383047 -0.229828 -9.30804 0.061017 0.215354 9.99721 0.0644463 -0.166766 -0.0665843
1724.81 0.114914 -0.268133 -9.30804 0.0801595 0.147159 9.98764 0.0668897 -0.169515 -0.0685696
1724.83 -0.114914 -0.153219 -9.30804 0.135194 0.112463 10.0116 0.06353 -0.168141 -0.0636827
1724.85 -0.0766094 -0.268133 -9.42295 0.171087 0.0646062 10.0128 0.0609338 -0.16585 -0.064599
1724.86 -0.0766094 -0.497961 -9.53786 0.184247 0.0394815 10.008 0.06353 -0.168293 -0.0650571
1724.88 -0.114914 -0.344742 -9.38465 0.190229 0.00598205 10.0044 0.0639881 -0.166766 -0.0662789
1724.9 -0.191523 -0.306437 -9.42295 0.197408 -0.040678 10.008 0.0639881 -0.165239 -0.0684169
1724.91 -0.114914 -0.306437 -9.30804 0.196211 -0.0490528 10.008 0.0676533 -0.163559 -0.0713185
1724.93 -0.153219 -0.421352 -9.34634 0.18664 -0.101695 9.99482 0.066737 -0.164628 -0.0722348
1724.95 0.0 -0.344742 -9.46126 0.181854 -0.131605 10.0056 0.0681114 -0.164017 -0.0746782
1724.96 -0.0383047 -0.459656 -9.34634 0.18664 -0.131605 10.0068 0.0728457 -0.165392 -0.0797179
1724.98 -0.191523 -0.65118 -9.30804 0.181854 -0.148355 9.99841 0.0734565 -0.16585 -0.0803288
1725.0 0.0 -0.383047 -9.34634 0.195015 -0.153141 9.99482 0.0783434 -0.167682 -0.0844521
1725.01 -0.0766094 -0.306437 -9.49956 0.22014 -0.117248 10.0104 0.0765108 -0.164017 -0.0856738
1725.03 -0.0766094 -0.497961 -9.46126 0.238086 -0.102891 9.99841 0.0803288 -0.167377 -0.0887282
1725.05 -0.0383047 -0.344742 -9.38465 0.244068 -0.0574277 10.0092 0.0786489 -0.162948 -0.0879646
1725.06 -0.0766094 -0.383047 -9.38465 0.25005 -0.0143569 9.99601 0.0804815 -0.16249 -0.0936151
1725.08 -0.153219 -0.229828 -9.72939 0.244068 0.00957129 10.002 0.0832304 -0.163101 -0.0946841
1725.1 -0.114914 -0.306437 -9.26973 0.238086 0.0658026 10.0056 0.0829249 -0.162643 -0.0960585
1725.11 0.0 -0.191523 -9.42295 0.204586 0.0945165 9.99482 0.0835358 -0.162796 -0.0956004
1725.13 -0.153219 -0.229828 -9.72939 0.199801 0.125623 10.002 0.0841467 -0.159283 -0.0977384
1725.15 -0.114914 -0.114914 -9.34634 0.161515 0.16989 10.014 0.0824668 -0.159589 -0.100029
1725.16 -0.0383047 -0.191523 -9.26973 0.135194 0.212961 10.008 0.081245 -0.158061 -0.0969748
1725.18 -0.114914 -0.153219 -9.53786 0.122034 0.239282 10.0164 0.0849102 -0.161268 -0.0945314
1725.19 -0.0383047 -0.114914 -9.46126 0.0957129 0.264407 10.002 0.0818559 -0.159283 -0.0943787
1725.21 0.153219 -0.0383047 -9.88261 0.0741775 0.312263 10.0032 0.0809396 -0.159894 -0.0949895
1725.23 -0.0383047 -0.0766094 -9.42295 0.0430708 0.333799 9.9996 0.0792598 -0.159894 -0.0919352
1725.24 0.0 -0.153219 -9.30804 0.0538385 0.352941 9.9996 0.0772744 -0.161268 -0.087201
1725.26 0.0766094 -0.0766094 -9.49956 0.04666 0.366102 9.99721 0.0788016 -0.16249 -0.0875064
1725.28 0.114914 -0.0766094 -9.11651 0.0370887 0.39003 10.0008 0.0771217 -0.162948 -0.0844521
1725.29 0.191523 -0.0383047 -9.49956 0.0287139 0.397208 9.98764 0.0751364 -0.164017 -0.0832304
1725.31 0.0 -0.0383047 -9.30804 0.00837488 0.407976 10.0032 0.073762 -0.164934 -0.0815505
1725.33 0.153219 -0.0766094 -9.57617 0.0119641 0.370887 9.99601 0.0731511 -0.166155 -0.0798706
1725.34 0.114914 -0.153219 -9.34634 0.00837488 0.330209 9.99601 0.0700968 -0.165544 -0.0757473
1725.36 0.306437 -0.114914 -9.49956 0.00478564 0.318245 10.008 0.0707076 -0.166766 -0.074831
1725.38 0.114914 -0.153219 -9.42295 0.0179462 0.275174 9.99841 0.0684169 -0.16753 -0.0708604
1725.39 -0.153219 -0.229828 -9.38465 0.0358923 0.229711 10.0044 0.0661261 -0.167377 -0.068875
1725.41 0.0766094 -0.153219 -9.38465 0.0538385 0.212961 10.0104 0.0661261 -0.167224 -0.0681114
1725.43 0.0 -0.268133 -9.46126 0.0813559 0.178265 10.0008 0.0668897 -0.169668 -0.0697913
1725.44 0.0766094 -0.268133 -9.38465 0.138784 0.13998 10.0092 0.0655153 -0.168141 -0.0653626
1725.46 -0.0383047 -0.306437 -9.19312 0.178265 0.100499 10.0068 0.0668897 -0.170737 -0.066737
1725.48 0.0766094 -0.268133 -9.49956 0.197408 0.0861416 9.99482 0.0647517 -0.166613 -0.0671951
1725.49 -0.0766094 -0.268133 -9.57617 0.214158 0.0574277 9.99362 0.0685696 -0.171042 -0.0702495
1725.51 -0.0766094 -0.306437 -9.49956 0.227318 0.0107677 9.9996 0.0671951 -0.16753 -0.0697913
1725.53 -0.153219 -0.421352 -9.42295 0.244068 -0.0143569 10.0092 0.0661261 -0.167224 -0.0694859
1725.54 0.0 -0.383047 -9.53786 0.228514 -0.0430708 10.0056 0.0658207 -0.165086 -0.0714712
1725.56 -0.0766094 -0.306437 -9.34634 0.234497 -0.066999 10.0008 0.0699441 -0.165086 -0.0704022
1725.58 -0.114914 -0.306437 -9.42295 0.245264 -0.0789631 9.9996 0.0700968 -0.164628 -0.0762054
1725.59 -0.191523 -0.344742 -9.19312 0.257228 -0.106481 10.002 0.0694859 -0.162643 -0.0760527
1725.61 -0.229828 -0.306437 -9.46126 0.244068 -0.102891 9.99003 0.0731511 -0.162185 -0.0807869
1725.63 -0.0383047 -0.306437 -9.49956 0.252443 -0.0753739 9.9996 0.0743728 -0.161879 -0.0815505
1725.64 -0.0383047 -0.383047 -9.42295 0.260818 -0.066999 10.0128 0.0784962 -0.16417 -0.0864374
1725.66 -0.114914 -0.344742 -9.76769 0.254835 -0.0646062 9.99841 0.0804815 -0.163559 -0.0896445
1725.68 -0.0383047 -0.268133 -9.42295 0.228514 -0.0323031 9.99841 0.0795652 -0.160505 -0.0911716
1725.69 -0.0766094 -0.459656 -9.46126 0.212961 -0.00837488 10.0092 0.0792598 -0.158825 -0.0917825
1725.71 0.0 -0.268133 -9.38465 0.191426 0.0334995 10.0092 0.0801761 -0.158672 -0.0905607
1725.73 -0.191523 -0.153219 -9.15482 0.161515 0.0526421 9.99003 0.0806342 -0.159283 -0.0956004
1725.74 0.0 -0.229828 -9.46126 0.143569 0.0777667 9.98405 0.0818559 -0.159894 -0.0978911
1725.76 0.153219 -0.114914 -9.65278 0.112463 0.119641 10.0068 0.0815505 -0.161268 -0.0977384
1725.78 0.0 -0.191523 -9.38465 0.0825523 0.153141 10.008 0.0824668 -0.160352 -0.0940732
1725.79 0.114914 -0.191523 -9.38465 0.0658026 0.198604 10.0128 0.0813978 -0.159894 -0.0943787
1725.81 0.306437 -0.229828 -9.49956 0.0646062 0.22014 9.99123 0.0813978 -0.160199 -0.0968221
1725.83 0.0383047 -0.229828 -9.42295 0.0574277 0.240479 10.008 0.0809396 -0.161879 -0.0936151
1725.84 -0.0766094 -0.114914 -9.53786 0.0586241 0.284746 9.99601 0.0783434 -0.161268 -0.0911716
1725.86 0.0 -0.0766094 -9.26973 0.0430708 0.288335 10.0008 0.0823141 -0.164781 -0.0925461
1725.88 0.0383047 -0.0383047 -9.23143 0.04666 0.350548 10.0116 0.0768163 -0.162643 -0.0888809
1725.89 0.0766094 -0.0766094 -9.38465 0.04666 0.35653 10.0068 0.0766636 -0.164934 -0.08827
1725.91 0.0766094 -0.0383047 -9.38465 0.0586241 0.354138 10.0056 0.0754418 -0.165239 -0.0829249
1725.92 0.0 -0.0383047 -9.46126 0.0705882 0.375673 10.0116 0.0757473 -0.167835 -0.0824668
1725.94 -0.114914 -0.114914 -9.30804 0.0550349 0.379262 9.99601 0.0729984 -0.163712 -0.0806342
1725.96 0.153219 -0.191523 -9.26973 0.061017 0.358923 10.0175 0.0719294 -0.166003 -0.0783434
1725.97 0.0 -0.0766094 -9.49956 0.0538385 0.336191 10.0008 0.0728457 -0.167072 -0.0768163
1725.99 0.153219 -0.153219 -9.42295 0.0777667 0.297906 9.99482 0.0687223 -0.166461 -0.0729984
1726.01 0.0 -0.153219 -9.38465 0.09332 0.291924 9.99242 0.066737 -0.163406 -0.0705549
1726.02 -0.0383047 -0.153219 -9.38465 0.100499 0.271585 9.99362 0.0661261 -0.166308 -0.0690278
1726.04 -0.0766094 -0.191523 -9.30804 0.12682 0.221336 9.99841 0.0659734 -0.16585 -0.0696386
1726.06 0.0 -0.268133 -9.34634 0.153141 0.191426 9.9996 0.0664316 -0.168751 -0.0685696
1726.07 -0.0766094 -0.229828 -9.46126 0.175872 0.148355 10.002 0.066737 -0.167377 -0.0673479
1726.09 0.0 -0.191523 -9.26973 0.193819 0.114855 10.008 0.0658207 -0.166155 -0.0676533
1726.11 -0.0766094 -0.383047 -9.53786 0.196211 0.104088 10.0056 0.0650571 -0.166766 -0.0694859
1726.12 -0.0766094 -0.306437 -9.46126 0.205783 0.0526421 9.99721 0.066737 -0.166461 -0.0694859
1726.14 0.0 -0.306437 -9.38465 0.202193 0.0143569 9.99841 0.0671951 -0.166308 -0.0704022
1726.15 0.0383047 -0.229828 -9.46126 0.208175 -0.00478564 9.99242 0.0662789 -0.162948 -0.0723875
1726.17 0.0383047 -0.268133 -9.42295 0.210568 -0.0370887 10.0068 0.0673479 -0.163865 -0.0726929
1726.19 -0.114914 -0.344742 -9.07821 0.210568 -0.0622134 9.99721 0.0700968 -0.164934 -0.0755945
1726.2 -0.0766094 -0.344742 -9.38465 0.215354 -0.0765703 9.99482 0.0708604 -0.163406 -0.0786489
1726.22 -0.0766094 -0.344742 -9.53786 0.209372 -0.0705882 9.99003 0.0733038 -0.162948 -0.0795652
1726.24 -0.0383047 -0.306437 -9.38465 0.204586 -0.100499 9.99721 0.0726929 -0.164017 -0.0794125
1726.25 -0.153219 -0.344742 -9.42295 0.199801 -0.0897308 9.9996 0.0745255 -0.161726 -0.0824668
1726.27 -0.0383047 -0.344742 -9.26973 0.208175 -0.0861416 10.0068 0.0760527 -0.162185 -0.0876591
1726.29 -0.0766094 -0.306437 -9.38465 0.167498 -0.0562313 10.0032 0.0771217 -0.161116 -0.0864374
1726.3 -0.383047 -0.268133 -9.42295 0.174676 -0.0334995 9.99841 0.0794125 -0.161879 -0.0888809
1726.32 -0.153219 -0.383047 -9.42295 0.175872 0.00119641 10.0032 0.0804815 -0.163101 -0.091477
1726.34 -0.0766094 -0.459656 -9.38465 0.159123 0.0358923 9.99721 0.0798706 -0.159283 -0.0928515
1726.35 0.0 -0.191523 -9.38465 0.149551 0.0717846 10.0008 0.0801761 -0.160963 -0.0949895
1726.37 0.0383047 -0.191523 -8.92499 0.138784 0.124427 9.9996 0.0817032 -0.160505 -0.0926988
1726.39 -0.0383047 -0.191523 -9.38465 0.129212 0.129212 9.99362 0.0823141 -0.160658 -0.0928515
1726.4 0.0383047 -0.0766094 -9.53786 0.0969093 0.190229 9.99721 0.0817032 -0.160352 -0.0956004
1726.42 -0.0383047 -0.191523 -9.53786 0.09332 0.227318 10.0008 0.0815505 -0.161268 -0.0933096
1726.44 0.153219 -0.191523 -9.38465 0.0885344 0.256032 10.002 0.0800233 -0.161879 -0.0917825
1726.45 0.114914 -0.153219 -9.26973 0.101695 0.283549 9.99601 0.0800233 -0.160658 -0.0920879
1726.47 0.0 -0.0766094 -9.38465 0.102891 0.311067 10.0032 0.0804815 -0.163101 -0.0899499
1726.49 0.229828 -0.0766094 -9.42295 0.0969093 0.331406 9.99841 0.0781907 -0.163254 -0.0878119
1726.5 0.114914 -0.229828 -9.88261 0.0993021 0.350548 9.99482 0.076969 -0.163559 -0.0856738
1726.52 0.0766094 -0.114914 -9.38465 0.0885344 0.363709 10.0008 0.0757473 -0.164781 -0.0862847
1726.53 -0.0383047 0.0383047 -9.26973 0.0885344 0.375673 9.99841 0.0745255 -0.164017 -0.0807869
1726.55 -0.0383047 -0.0383047 -9.26973 0.108873 0.36012 9.98644 0.0743728 -0.165086 -0.0833831
1726.57 0.0 -0.0766094 -9.0016 0.104088 0.352941 9.99721 0.0704022 -0.164475 -0.0783434
1726.59 -0.0383047 -0.0766094 -9.42295 0.0957129 0.333799 9.99601 0.0704022 -0.16585 -0.0760527
1726.6 0.0 -0.114914 -9.42295 0.0945165 0.318245 9.99482 0.0696386 -0.164628 -0.0751364
1726.62 0.0 -0.0766094 -9.15482 0.0813559 0.288335 9.99482 0.0682642 -0.164323 -0.0742201
1726.63 -0.0383047 -0.114914 -9.38465 0.0897308 0.260818 9.99601 0.067806 -0.165086 -0.0702495
1726.65 -0.0383047 -0.0766094 -9.34634 0.0897308 0.226122 9.98764 0.0676533 -0.166003 -0.0696386
1726.67 0.153219 -0.114914 -9.46126 0.0981057 0.190229 9.99362 0.0652099 -0.165392 -0.0659734
1726.68 0.0383047 -0.191523 -9.30804 0.112463 0.150748 9.9996 0.0655153 -0.16585 -0.0704022
1726.7 -0.114914 -0.306437 -9.61448 0.12682 0.130409 10.0092 0.0632245 -0.166308 -0.0685696
1726.72 0.0 -0.229828 -9.42295 0.149551 0.0777667 10.0056 0.0662789 -0.166461 -0.0676533
1726.73 -0.0383047 -0.153219 -9.03991 0.163908 0.0358923 10.002 0.0649044 -0.165392 -0.0696386
1726.75 -0.0383047 -0.268133 -9.38465 0.145962 0.00598205 9.99841 0.0673479 -0.166155 -0.0722348
1726.77 0.114914 -0.306437 -9.46126 0.145962 0.00239282 9.99242 0.0665843 -0.166003 -0.0720821
1726.78 -0.153219 -0.344742 -9.34634 0.161515 -0.0346959 10.0056 0.0707076 -0.167377 -0.074831
1726.8 -0.114914 -0.306437 -9.15482 0.163908 -0.0514457 10.0116 0.0719294 -0.166766 -0.0757473
1726.82 0.0383047 -0.306437 -9.42295 0.161515 -0.061017 9.99482 0.0713185 -0.166003 -0.0762054
1726.83 -0.114914 -0.306437 -9.15482 0.167498 -0.0490528 9.99841 0.0719294 -0.166003 -0.0781907
1726.85 -0.0766094 -0.383047 -9.61448 0.185444 -0.0634098 9.99482 0.073762 -0.16585 -0.0809396
1726.87 -0.0766094 -0.268133 -9.38465 0.196211 -0.0634098 9.98764 0.0777326 -0.168141 -0.0832304
1726.88 -0.0766094 -0.459656 -9.46126 0.193819 -0.0478564 10.0044 0.0768163 -0.165544 -0.0844521
1726.9 -0.0383047 -0.344742 -9.38465 0.206979 -0.0215354 9.99721 0.0804815 -0.164781 -0.0875064
1726.92 -0.153219 -0.459656 -9.57617 0.239282 -0.0155533 9.98764 0.0792598 -0.165239 -0.0881173
1726.93 -0.153219 -0.306437 -9.34634 0.222532 0.00957129 9.98405 0.0813978 -0.164628 -0.0911716
1726.95 -0.114914 -0.268133 -9.38465 0.224925 0.0323031 9.9996 0.0797179 -0.162337 -0.0905607
1726.97 0.114914 -0.229828 -9.23143 0.214158 0.0837488 9.99841 0.0797179 -0.161879 -0.0878119
1726.98 -0.0766094 -0.191523 -9.38465 0.200997 0.0969093 9.99601 0.0809396 -0.160505 -0.0931569
1727.0 -0.114914 -0.306437 -9.30804 0.185444 0.133998 9.98285 0.0841467 -0.16417 -0.096364
1727.02 -0.153219 -0.268133 -9.30804 0.162712 0.171087 9.99841 0.0807869 -0.16081 -0.0942259
1727.03 -0.0383047 -0.114914 -9.23143 0.15673 0.191426 9.99482 0.0818559 -0.16081 -0.0917825
1727.05 -0.114914 0.0383047 -9.23143 0.147159 0.228514 9.99841 0.0824668 -0.160658 -0.0930042
1727.06 0.0383047 -0.153219 -9.65278 0.124427 0.260818 9.99362 0.0815505 -0.162032 -0.0925461
1727.08 -0.0383047 -0.191523 -9.34634 0.113659 0.281157 10.0092 0.078038 -0.159283 -0.0885754
1727.1 -0.0766094 -0.191523 -9.38465 0.102891 0.300299 9.98405 0.0789543 -0.161574 -0.0884227
1727.11 0.0383047 -0.114914 -9.42295 0.104088 0.320638 9.9996 0.0777326 -0.161879 -0.0859793
1727.13 -0.0383047 -0.153219 -9.34634 0.0909272 0.321834 9.99482 0.0762054 -0.161879 -0.0884227
1727.15 0.114914 -0.191523 -9.65278 0.0765703 0.323031 9.99242 0.0768163 -0.164475 -0.0899499
1727.16 -0.0383047 -0.114914 -9.49956 0.0550349 0.299103 9.99482 0.0720821 -0.160658 -0.0829249
1727.18 0.0383047 -0.153219 -9.53786 0.0394815 0.305085 10.0116 0.0726929 -0.163254 -0.0783434
1727.2 0.114914 -0.153219 -9.57617 0.0131605 0.302692 9.99601 0.0719294 -0.162337 -0.0774271
1727.21 0.0 -0.114914 -9.49956 0.020339 0.294317 10.0128 0.0694859 -0.164017 -0.0768163
1727.23 0.153219 -0.153219 -9.07821 0.0107677 0.256032 9.99601 0.0705549 -0.166308 -0.0775799
1727.25 -0.0766094 -0.153219 -9.42295 0.0287139 0.232104 10.0056 0.0729984 -0.169515 -0.0772744
1727.26 0.153219 -0.0766094 -9.65278 0.0346959 0.224925 10.002 0.0673479 -0.164628 -0.0700968
1727.28 -0.0383047 -0.153219 -9.34634 0.04666 0.222532 10.002 0.0676533 -0.165697 -0.0708604
1727.3 0.0383047 -0.153219 -9.19312 0.0681954 0.199801 9.99601 0.0665843 -0.168293 -0.071013
1727.31 0.0 -0.191523 -9.46126 0.104088 0.141176 10.0044 0.0673479 -0.169973 -0.0725402
1727.33 0.0383047 -0.191523 -9.38465 0.128016 0.108873 9.99721 0.0676533 -0.168904 -0.0693332
1727.35 0.0 -0.268133 -9.30804 0.130409 0.0945165 9.98764 0.0691805 -0.167988 -0.0691805
1727.36 -0.0766094 -0.268133 -9.34634 0.15673 0.0646062 9.99123 0.0685696 -0.168599 -0.0694859
1727.38 -0.153219 -0.497961 -9.46126 0.197408 0.0227318 10.0128 0.0685696 -0.166613 -0.0731511
1727.4 0.0 -0.306437 -9.38465 0.218943 0.00598205 10.0056 0.0700968 -0.167988 -0.073762
1727.41 -0.114914 -0.344742 -9.72939 0.212961 0.00598205 9.99721 0.0697913 -0.166461 -0.0714712
1727.43 -0.153219 -0.306437 -9.42295 0.236889 -0.00598205 9.99003 0.0682642 -0.163559 -0.0719294
1727.44 -0.114914 -0.344742 -9.03991 0.256032 -0.0215354 9.99362 0.0736092 -0.165086 -0.0794125
1727.46 -0.0383047 -0.421352 -9.42295 0.270389 -0.0311067 9.99601 0.0722348 -0.166613 -0.0818559
1727.48 -0.0766094 -0.383047 -9.38465 0.257228 -0.0143569 9.9996 0.0740674 -0.165544 -0.0836885
1727.49 -0.191523 -0.344742 -9.46126 0.285942 -0.0119641 9.99003 0.0755945 -0.164934 -0.0807869
1727.51 -0.0766094 -0.383047 -9.76769 0.276371 -0.00358923 10.008 0.0755945 -0.163406 -0.0832304
1727.53 -0.153219 -0.268133 -9.42295 0.260818 0.00239282 10.0068 0.0731511 -0.159894 -0.0853684
1727.54 -0.0766094 -0.306437 -9.26973 0.252443 0.00598205 10.002 0.0784962 -0.162032 -0.089339
1727.56 -0.114914 -0.229828 -9.42295 0.22014 0.0191426 9.99721 0.079107 -0.158978 -0.0859793
1727.58 -0.0383047 -0.306437 -9.11651 0.199801 0.0382852 10.0008 0.0806342 -0.161268 -0.0896445
1727.59 -0.0383047 -0.268133 -9.30804 0.171087 0.0502493 10.0068 0.0775799 -0.15913 -0.090408
1727.61 0.0 -0.229828 -9.19312 0.144766 0.0837488 9.99362 0.0809396 -0.160963 -0.0946841
1727.63 0.0383047 -0.191523 -9.46126 0.141176 0.0945165 10.0044 0.0803288 -0.160352 -0.0939205
1727.64 0.0383047 -0.0766094 -9.42295 0.122034 0.135194 9.99242 0.0810924 -0.159894 -0.0922406
1727.66 0.344742 -0.229828 -9.38465 0.0837488 0.17348 9.99721 0.0798706 -0.159741 -0.0945314
1727.68 0.0 -0.153219 -9.42295 0.0729811 0.190229 10.0116 0.0806342 -0.161574 -0.0949895
1727.69 0.0 -0.114914 -9.76769 0.0502493 0.22014 10.0068 0.0794125 -0.161726 -0.0911716
1727.71 0.0766094 -0.153219 -9.46126 0.0454636 0.256032 10.0056 0.0778853 -0.161574 -0.0873537
1727.73 -0.0383047 -0.153219 -9.42295 0.04666 0.258425 10.0116 0.0784962 -0.160963 -0.0891863
1727.74 0.114914 -0.114914 -9.42295 0.0155533 0.288335 10.002 0.0795652 -0.165239 -0.0897971
1727.76 0.0766094 -0.0766094 -9.69109 0.00598205 0.277567 10.002 0.0774271 -0.163254 -0.0858265
1727.77 0.153219 -0.0766094 -9.34634 0.00598205 0.282353 10.0008 0.0766636 -0.164475 -0.081245
1727.79 0.0383047 -0.191523 -9.42295 0.0167498 0.29671 10.0056 0.0752891 -0.166308 -0.0829249
1727.81 0.114914 -0.153219 -9.23143 0.0167498 0.307478 9.99362 0.0740674 -0.166919 -0.0817032
1727.82 0.0383047 -0.191523 -9.42295 0.0550349 0.283549 10.0104 0.0733038 -0.167988 -0.0798706
1727.84 0.0 -0.114914 -9.61448 0.0789631 0.276371 10.002 0.0707076 -0.166919 -0.0760527
1727.86 0.0 -0.114914 -9.34634 0.111266 0.265603 9.99721 0.0707076 -0.167072 -0.0749837
1727.87 -0.153219 -0.268133 -9.30804 0.133998 0.267996 10.0056 0.0700968 -0.165697 -0.0733038
1727.89 0.0383047 -0.191523 -9.42295 0.151944 0.26321 9.99601 0.0699441 -0.167377 -0.0743728
1727.91 0.0383047 -0.153219 -9.76769 0.163908 0.227318 9.99601 0.0671951 -0.165544 -0.0723875
1727.92 0.0383047 -0.114914 -9.38465 0.179462 0.193819 9.99721 0.0696386 -0.168904 -0.0723875
1727.94 0.0766094 -0.229828 -9.15482 0.185444 0.17348 9.99841 0.0694859 -0.167682 -0.0707076
1727.96 -0.153219 -0.229828 -9.42295 0.18664 0.161515 10.0187 0.0690278 -0.166766 -0.071624
1727.97 -0.114914 -0.229828 -9.23143 0.199801 0.102891 9.99242 0.0679587 -0.167682 -0.0714712
1727.99 -0.0383047 -0.306437 -9.38465 0.211765 0.061017 9.99242 0.0671951 -0.166155 -0.0719294
1728.01 -0.0766094 -0.191523 -9.42295 0.212961 0.0634098 9.99721 0.0685696 -0.164323 -0.0725402
1728.02 -0.0383047 -0.153219 -9.38465 0.236889 0.0454636 10.0008 0.0704022 -0.164475 -0.0700968
1728.04 -0.114914 -0.344742 -9.34634 0.245264 0.00478564 9.99841 0.068875 -0.162337 -0.0742201
1728.06 -0.0383047 -0.344742 -9.61448 0.246461 -0.00717846 9.9996 0.071624 -0.165544 -0.0783434
1728.07 -0.114914 -0.421352 -9.38465 0.245264 -0.020339 10.008 0.071624 -0.163254 -0.0794125
1728.09 -0.0383047 -0.153219 -9.34634 0.234497 -0.0275174 9.98883 0.0717766 -0.162032 -0.0778853
1728.11 -0.153219 -0.268133 -9.46126 0.210568 -0.0370887 10.0008 0.0723875 -0.159436 -0.0810924
1728.12 -0.0383047 -0.268133 -9.07821 0.193819 -0.0394815 10.0008 0.073762 -0.159894 -0.083994
1728.14 -0.0766094 -0.268133 -9.57617 0.155533 -0.0311067 9.98883 0.0798706 -0.164781 -0.0894917
1728.16 0.0383047 -0.344742 -9.49956 0.116052 -0.0239282 9.98405 0.0760527 -0.160199 -0.0859793
1728.17 -0.114914 -0.306437 -9.07821 0.113659 -0.0167498 9.9996 0.0760527 -0.159894 -0.0865901
1728.19 -0.0766094 -0.268133 -9.38465 0.108873 0.00957129 9.99841 0.0778853 -0.161116 -0.0879646
1728.21 -0.0383047 -0.268133 -9.57617 0.106481 0.0442672 10.0104 0.0789543 -0.160963 -0.0905607
1728.22 0.0 -0.268133 -9.34634 0.101695 0.0574277 10.0008 0.081245 -0.162032 -0.0896445
1728.24 0.0383047 -0.268133 -9.34634 0.122034 0.0921237 10.0008 0.0818559 -0.16417 -0.0899499
1728.26 0.114914 -0.191523 -9.38465 0.124427 0.128016 10.0032 0.0815505 -0.162185 -0.0920879
1728.27 -0.0383047 -0.191523 -9.34634 0.108873 0.157926 9.98883 0.0801761 -0.161574 -0.091477
1728.29 0.0 -0.0766094 -8.96329 0.111266 0.181854 9.99362 0.0794125 -0.161879 -0.0919352
1728.31 0.0383047 -0.191523 -9.42295 0.106481 0.206979 10.0032 0.0817032 -0.163406 -0.0896445
1728.32 -0.0383047 -0.0766094 -9.95922 0.09332 0.252443 10.0068 0.079107 -0.16249 -0.0908662
1728.34 0.0 -0.191523 -9.34634 0.0849452 0.265603 10.008 0.079107 -0.163406 -0.0917825
1728.36 0.0 -0.0383047 -9.76769 0.0705882 0.278764 10.0008 0.0781907 -0.163254 -0.0899499
1728.37 0.0383047 -0.114914 -9.34634 0.0825523 0.303888 10.0068 0.0757473 -0.163254 -0.0847575
1728.39 0.0383047 -0.114914 -9.38465 0.0849452 0.297906 9.99003 0.074831 -0.163254 -0.0823141
1728.41 -0.191523 -0.114914 -9.11651 0.0777667 0.324227 9.99841 0.0734565 -0.160658 -0.0801761
1728.42 -0.0766094 -0.0766094 -9.49956 0.117248 0.323031 10.008 0.0713185 -0.162948 -0.0807869
1728.44 0.0 -0.153219 -9.19312 0.117248 0.299103 9.98405 0.0713185 -0.164323 -0.0789543
