196.128 -0.0383047 -0.153219 -9.26973 0.351745 0.282353 10.0606 0.0836885 -0.146149 -0.0722348
196.144 -0.153219 -0.153219 -9.57617 0.327816 0.282353 10.0774 0.0798706 -0.142637 -0.0685696
196.159 -0.191523 -0.114914 -9.49956 0.332602 0.288335 10.0271 0.0798706 -0.140346 -0.0699441
196.176 -0.153219 -0.0766094 -9.30804 0.323031 0.278764 9.9314 0.0806342 -0.135307 -0.0792598
196.191 0.0383047 -0.229828 -9.15482 0.31346 0.27996 9.95892 0.0817032 -0.134238 -0.0881173
196.208 -0.153219 -0.153219 -9.38465 0.26321 0.247657 10.0068 0.0841467 -0.133627 -0.0940732
196.225 -0.0766094 -0.114914 -9.46126 0.223729 0.248853 10.0044 0.0884227 -0.135307 -0.100335
196.241 -0.153219 -0.153219 -9.42295 0.212961 0.246461 10.008 0.0884227 -0.134696 -0.0943787
196.258 -0.0766094 -0.0766094 -9.42295 0.193819 0.247657 10.002 0.091477 -0.137903 -0.0926988
196.274 -0.0766094 -0.153219 -9.30804 0.172283 0.271585 9.99003 0.0930042 -0.138208 -0.085063
196.291 -0.0383047 -0.153219 -9.46126 0.133998 0.269192 9.99123 0.095295 -0.140499 -0.0771217
196.308 -0.0383047 -0.306437 -9.26973 0.132802 0.26321 10.014 0.0954477 -0.14111 -0.0704022
196.324 0.0 -0.114914 -9.46126 0.0993021 0.287139 10.0319 0.0960585 -0.150273 -0.0673479
196.341 -0.0766094 -0.114914 -9.38465 0.122034 0.295514 10.0211 0.0981966 -0.156992 -0.0775799
196.357 0.0766094 -0.114914 -9.34634 0.0981057 0.297906 9.96012 0.0983493 -0.160505 -0.100335
196.374 0.0 -0.114914 -9.38465 0.124427 0.308674 9.94337 0.0992656 -0.16249 -0.108123
196.391 0.153219 -0.153219 -9.46126 0.12323 0.30987 10.0247 0.0966694 -0.168446 -0.106138
196.407 -0.0383047 -0.114914 -9.42295 0.129212 0.318245 10.0714 0.0994183 -0.174555 -0.0849102
196.424 0.0 -0.0766094 -9.03991 0.148355 0.348156 10.0235 0.0966694 -0.174249 -0.0704022
196.441 -0.0766094 -0.114914 -9.46126 0.168694 0.357727 9.96012 0.0946841 -0.179289 -0.0584903
196.457 -0.0766094 -0.0766094 -9.38465 0.20339 0.363709 9.96969 0.0923933 -0.182038 -0.0818559
196.474 -0.0383047 0.0766094 -9.23143 0.238086 0.368495 10.0056 0.0910189 -0.182038 -0.0978911
196.49 -0.114914 -0.0383047 -9.42295 0.283549 0.385244 10.0259 0.0897971 -0.180969 -0.126144
196.507 -0.114914 -0.0383047 -9.11651 0.317049 0.398405 10.0487 0.0902553 -0.180969 -0.120951
196.524 -0.344742 0.0383047 -9.26973 0.301496 0.409173 10.051 0.0856738 -0.174097 -0.090408
196.54 -0.191523 -0.0766094 -9.46126 0.301496 0.418744 10.0283 0.0853684 -0.171959 -0.0798706
196.557 -0.0766094 -0.0383047 -9.30804 0.307478 0.412762 9.97926 0.0820086 -0.167682 -0.0655153
196.573 -0.191523 -0.0766094 -9.38465 0.30987 0.421137 9.98524 0.0797179 -0.163101 -0.0707076
196.59 -0.191523 -0.114914 -9.69109 0.319442 0.435494 9.99242 0.0783434 -0.162337 -0.0740674
196.607 -0.344742 0.0 -9.23143 0.312263 0.427119 10.0654 0.0757473 -0.159436 -0.0742201
196.623 -0.0766094 0.0 -9.53786 0.290728 0.401994 10.0546 0.0708604 -0.156229 -0.0681114
196.64 -0.0766094 -0.0766094 -8.88668 0.272782 0.387637 10.0271 0.0671951 -0.153022 -0.0658207
196.656 -0.0383047 -0.0383047 -9.42295 0.264407 0.385244 9.94815 0.0658207 -0.154549 -0.0641408
196.673 -0.191523 -0.0383047 -9.76769 0.257228 0.39003 9.9649 0.0633773 -0.155007 -0.0728457
196.69 -0.0766094 -0.114914 -9.26973 0.264407 0.375673 9.9649 0.0616974 -0.153938 -0.0800233
196.706 0.0 -0.114914 -9.46126 0.234497 0.376869 9.9996 0.0586431 -0.152716 -0.0792598
196.723 0.0766094 -0.0383047 -9.76769 0.187837 0.36012 10.0594 0.0586431 -0.156381 -0.0786489
196.739 0.0383047 -0.114914 -9.30804 0.145962 0.350548 10.0594 0.0574213 -0.158214 -0.0853684
196.756 0.0 -0.191523 -9.42295 0.135194 0.307478 10.0247 0.0568105 -0.159283 -0.0868956
196.773 0.0 -0.153219 -9.23143 0.120837 0.297906 9.94337 0.0612392 -0.163254 -0.083994
196.789 0.0383047 -0.0383047 -9.49956 0.0945165 0.265603 9.93499 0.0621555 -0.170431 -0.0798706
196.806 0.153219 -0.191523 -9.23143 0.0813559 0.275174 9.97089 0.0609338 -0.171042 -0.0783434
196.822 -0.0766094 -0.0766094 -9.42295 0.112463 0.278764 10.0881 0.0661261 -0.1799 -0.0879646
196.839 0.114914 -0.0766094 -9.23143 0.153141 0.278764 10.0833 0.0694859 -0.185245 -0.0956004
196.856 0.0383047 -0.153219 -9.38465 0.161515 0.284746 10.0439 0.071013 -0.188146 -0.0881173
196.872 -0.0766094 -0.0766094 -9.19312 0.205783 0.303888 9.92423 0.0704022 -0.188757 -0.0818559
196.889 0.153219 -0.0766094 -9.23143 0.239282 0.323031 9.9338 0.0711658 -0.190895 -0.0658207
196.905 -0.0766094 -0.153219 -9.30804 0.238086 0.337388 9.99242 0.0682642 -0.193644 -0.0534507
196.922 -0.191523 -0.153219 -9.61448 0.271585 0.317049 10.0343 0.0681114 -0.194102 -0.054367
196.939 -0.0383047 -0.114914 -9.42295 0.29671 0.311067 10.0786 0.0627664 -0.193033 -0.0642935
196.955 -0.0766094 -0.268133 -9.26973 0.290728 0.337388 10.0271 0.0597121 -0.191964 -0.0734565
196.972 -0.153219 -0.0766094 -9.38465 0.282353 0.337388 10.0307 0.0615447 -0.196393 -0.0755945
196.988 -0.191523 -0.153219 -9.42295 0.282353 0.344566 9.97926 0.0578795 -0.192117 -0.0733038
197.005 -0.229828 -0.153219 -9.38465 0.314656 0.318245 9.9661 0.0589485 -0.191506 -0.0762054
197.022 -0.153219 -0.153219 -9.46126 0.319442 0.327816 9.9996 0.0574213 -0.190743 -0.0772744
197.038 -0.229828 -0.153219 -9.38465 0.324227 0.299103 9.99362 0.0549779 -0.184481 -0.0765108
197.055 -0.153219 -0.114914 -9.42295 0.340977 0.288335 10.0475 0.0555887 -0.184634 -0.0807869
197.071 -0.191523 -0.0766094 -9.61448 0.352941 0.282353 10.0044 0.0555887 -0.18219 -0.0804815
197.088 -0.0766094 -0.153219 -9.57617 0.34337 0.270389 9.98166 0.0539089 -0.180358 -0.0789543
197.105 -0.229828 -0.153219 -9.42295 0.324227 0.25005 9.97089 0.0549779 -0.180358 -0.0725402
197.121 -0.191523 -0.268133 -9.49956 0.340977 0.214158 9.96849 0.0572686 -0.181121 -0.0794125
197.138 -0.191523 -0.114914 -9.42295 0.348156 0.200997 10.0403 0.0572686 -0.180511 -0.0931569
197.154 -0.191523 -0.229828 -9.49956 0.37328 0.174676 10.0798 0.0601702 -0.175776 -0.121409
197.171 -0.383047 -0.191523 -9.49956 0.34337 0.162712 10.0546 0.0662789 -0.170431 -0.122326
197.187 -0.229828 -0.153219 -9.15482 0.334995 0.15673 10.0116 0.0671951 -0.169057 -0.112094
197.202 -0.0766094 -0.268133 -9.26973 0.325424 0.132802 9.95892 0.0739146 -0.169362 -0.102014
197.218 -0.0766094 -0.153219 -9.26973 0.324227 0.114855 9.9338 0.0809396 -0.171042 -0.090408
197.234 -0.191523 -0.114914 -9.46126 0.324227 0.119641 9.97448 0.0853684 -0.170584 -0.0902553
197.251 -0.191523 -0.153219 -9.30804 0.358923 0.144766 10.0223 0.0896445 -0.170584 -0.0821613
197.268 -0.268133 -0.114914 -9.34634 0.357727 0.177069 10.0774 0.0913243 -0.168904 -0.0766636
197.284 -0.421352 -0.114914 -9.15482 0.385244 0.191426 10.0379 0.0919352 -0.165239 -0.0865901
197.301 -0.229828 -0.191523 -9.26973 0.474975 0.205783 9.96132 0.0977384 -0.166308 -0.102014
197.317 -0.229828 -0.0766094 -9.69109 0.509671 0.251246 10.0798 0.0981966 -0.162643 -0.142942
197.334 -0.306437 -0.114914 -9.46126 0.514457 0.245264 10.0223 0.103847 -0.151036 -0.177609
197.351 -0.268133 -0.0766094 -9.34634 0.470189 0.265603 9.95892 0.107512 -0.149815 -0.180663
197.367 -0.306437 -0.0383047 -9.38465 0.431904 0.300299 9.90868 0.10736 -0.132252 -0.149051
197.384 -0.229828 -0.191523 -9.38465 0.41994 0.37328 10.1671 0.108581 -0.120188 -0.110719
197.4 -0.114914 -0.0766094 -9.53786 0.357727 0.364905 10.325 0.111941 -0.121104 -0.098502
197.417 -0.268133 -0.153219 -9.15482 0.314656 0.372084 9.9003 0.110872 -0.119424 -0.0968221
197.434 -0.114914 0.0 -9.34634 0.285942 0.369691 9.88116 0.101098 -0.121104 -0.108429
197.45 0.0 -0.0383047 -9.26973 0.252443 0.407976 9.99362 0.090408 -0.117592 -0.0933096
197.467 -0.0766094 0.0383047 -9.46126 0.221336 0.439083 10.1049 0.0807869 -0.127824 -0.0580322
197.483 -0.0383047 0.0 -9.0016 0.143569 0.41994 10.0367 0.0798706 -0.140652 -0.0435241
197.5 0.0383047 -0.0383047 -9.30804 0.105284 0.403191 9.88475 0.0700968 -0.140499 -0.0355829
197.517 0.114914 0.0 -9.42295 0.0586241 0.41994 9.92423 0.0700968 -0.143553 -0.0410807
197.533 0.0 -0.229828 -9.34634 0.0981057 0.440279 10.1073 0.0665843 -0.142942 -0.0561996
197.55 0.0 0.0 -9.49956 0.111266 0.409173 10.0798 0.0736092 -0.151342 -0.081245
197.566 -0.114914 -0.0383047 -9.19312 0.0705882 0.380459 9.98166 0.0708604 -0.154091 -0.0818559
197.583 0.0 -0.0383047 -9.38465 0.12323 0.349352 9.91705 0.064599 -0.15852 -0.0809396
197.6 -0.0383047 -0.0766094 -9.38465 0.184247 0.363709 9.97328 0.055436 -0.165697 -0.083994
197.616 -0.191523 -0.0766094 -9.53786 0.227318 0.370887 9.98883 0.053298 -0.172417 -0.083994
197.633 -0.114914 -0.191523 -9.34634 0.200997 0.350548 9.99841 0.0488692 -0.185092 -0.081245
197.649 -0.229828 -0.0383047 -9.34634 0.223729 0.30987 9.99482 0.0421497 -0.18891 -0.0810924
197.666 -0.153219 -0.0383047 -9.49956 0.239282 0.320638 10.0379 0.0412334 -0.188605 -0.0746782
197.683 -0.229828 -0.0383047 -9.46126 0.290728 0.337388 10.0259 0.0401644 -0.184939 -0.0675006
197.699 -0.459656 -0.114914 -8.77177 0.329013 0.354138 9.95055 0.0442877 -0.176845 -0.0526871
197.716 -0.153219 -0.114914 -9.34634 0.271585 0.338584 9.97328 0.0490219 -0.170126 -0.0294742
197.732 0.0383047 -0.0383047 -9.03991 0.324227 0.329013 10.0439 0.0531453 -0.167835 -0.0251982
197.749 -0.229828 -0.153219 -9.42295 0.400798 0.299103 10.1145 0.0548251 -0.162796 -0.0372628
197.766 -0.114914 -0.114914 -9.46126 0.357727 0.264407 10.0654 0.0494801 -0.159436 -0.0685696
197.781 -0.191523 -0.114914 -9.34634 0.339781 0.257228 10.014 0.0442877 -0.156534 -0.0841467
197.798 -0.0383047 -0.268133 -9.42295 0.259621 0.241675 9.9649 0.0380264 -0.156076 -0.107818
197.814 -0.114914 -0.153219 -9.19312 0.226122 0.252443 9.94098 0.0348193 -0.162185 -0.111788
197.83 -0.114914 -0.229828 -9.34634 0.185444 0.247657 9.95174 0.0322231 -0.164781 -0.103542
197.847 -0.0766094 -0.191523 -9.53786 0.124427 0.217747 10.0068 0.0331394 -0.173486 -0.0821613
197.864 -0.0383047 -0.191523 -9.30804 0.128016 0.193819 10.0403 0.0389426 -0.176998 -0.0568105
197.88 0.229828 -0.114914 -9.72939 0.135194 0.180658 10.069 0.0436769 -0.17822 -0.0424551
197.897 -0.153219 -0.153219 -9.46126 0.20339 0.18664 10.0475 0.0479529 -0.18219 -0.0366519
197.913 -0.0766094 -0.153219 -9.53786 0.257228 0.181854 9.96012 0.0505491 -0.180205 -0.0313068
197.93 0.0 -0.153219 -9.23143 0.273978 0.15673 9.94098 0.0508545 -0.18387 -0.0377209
197.946 -0.153219 -0.191523 -9.42295 0.294317 0.118445 9.94576 0.0488692 -0.184329 -0.044135
197.963 -0.191523 -0.344742 -9.30804 0.331406 0.0861416 9.97328 0.0479529 -0.187688 -0.0609338
197.98 -0.191523 -0.229828 -9.42295 0.393619 0.0646062 10.0092 0.0494801 -0.187841 -0.095295
197.996 -0.191523 -0.268133 -9.46126 0.387637 0.061017 10.0403 0.0536034 -0.187383 -0.114537
198.013 -0.268133 -0.0766094 -9.11651 0.425922 0.0478564 10.0702 0.0580322 -0.180053 -0.133932
198.029 -0.268133 -0.229828 -9.34634 0.468993 0.0538385 10.0403 0.0713185 -0.174707 -0.131794
198.046 -0.229828 -0.306437 -9.42295 0.467797 0.0526421 10.0068 0.074831 -0.167224 -0.121257
198.063 -0.306437 -0.306437 -9.34634 0.480957 0.020339 10.0092 0.089339 -0.154396 -0.0940732
198.079 -0.229828 -0.229828 -9.42295 0.48335 0.0119641 10.0116 0.0951423 -0.140804 -0.0719294
198.095 -0.229828 -0.268133 -9.34634 0.467797 0.0167498 10.0391 0.101251 -0.13943 -0.0690278
198.11 -0.268133 -0.229828 -9.38465 0.44985 0.0634098 10.0235 0.108123 -0.136223 -0.0699441
198.126 -0.383047 -0.229828 -9.26973 0.455832 0.116052 9.97926 0.107054 -0.129809 -0.0671951
198.142 -0.191523 -0.306437 -9.49956 0.352941 0.111266 9.97567 0.108276 -0.126907 -0.0676533
198.158 -0.0766094 -0.229828 -9.30804 0.22014 0.144766 10.0283 0.109192 -0.125838 -0.0711658
198.175 0.0383047 -0.421352 -9.53786 0.130409 0.141176 10.0666 0.113926 -0.131794 -0.0801761
198.191 0.0383047 -0.153219 -9.19312 0.0909272 0.157926 10.0187 0.115454 -0.133016 -0.076969
198.208 0.0 -0.114914 -9.30804 0.0705882 0.181854 9.89552 0.124311 -0.143553 -0.0693332
198.225 0.153219 -0.153219 -9.19312 0.0885344 0.202193 9.89432 0.130267 -0.151953 -0.0696386
198.241 -0.0383047 -0.153219 -9.30804 0.117248 0.221336 9.9338 0.128587 -0.152869 -0.0859793
198.258 0.0 -0.153219 -9.03991 0.141176 0.248853 10.0618 0.1321 -0.15913 -0.100182
198.274 -0.0766094 -0.268133 -9.34634 0.174676 0.244068 10.1037 0.126449 -0.163101 -0.125838
198.291 0.0 -0.153219 -9.46126 0.150748 0.2668 10.0989 0.12202 -0.171195 -0.147829
198.308 -0.114914 -0.153219 -8.92499 0.198604 0.269192 9.9649 0.122631 -0.174707 -0.154702
198.324 0.0383047 -0.0766094 -9.34634 0.184247 0.346959 9.90269 0.121868 -0.177609 -0.162032
198.341 -0.0383047 -0.0383047 -9.34634 0.172283 0.4666 9.96132 0.117897 -0.181121 -0.132863
198.357 0.0766094 -0.0383047 -9.69109 0.254835 0.455832 9.98285 0.11637 -0.181732 -0.111788
198.373 -0.114914 -0.0766094 -9.42295 0.264407 0.472582 10.0307 0.111788 -0.180358 -0.0800233
198.39 -0.153219 -0.0383047 -9.34634 0.277567 0.431904 10.0666 0.105832 -0.178678 -0.0809396
198.406 0.0 -0.0766094 -9.38465 0.303888 0.412762 10.0869 0.100182 -0.177456 -0.089339
198.423 -0.191523 0.0 -9.42295 0.344566 0.385244 10.0594 0.0936151 -0.174707 -0.108581
198.44 -0.497961 -0.0383047 -9.42295 0.39003 0.397208 9.9661 0.0902553 -0.172875 -0.109803
198.456 -0.306437 -0.0766094 -9.34634 0.429512 0.385244 9.95773 0.0841467 -0.170126 -0.0856738
198.473 -0.229828 0.0383047 -9.23143 0.463011 0.415155 9.94815 0.0809396 -0.166003 -0.0729984
198.489 -0.191523 -0.114914 -9.42295 0.37328 0.401994 10.0092 0.0754418 -0.15516 -0.0629191
198.506 -0.0383047 -0.0383047 -9.34634 0.321834 0.39003 10.0427 0.0690278 -0.150273 -0.0823141
198.523 -0.114914 0.0 -9.30804 0.272782 0.366102 10.0666 0.0693332 -0.151342 -0.0920879
198.539 -0.114914 -0.0766094 -9.38465 0.238086 0.336191 10.0331 0.0682642 -0.148746 -0.10064
198.555 -0.114914 -0.114914 -9.42295 0.232104 0.315852 10.0235 0.0742201 -0.154091 -0.0992656
198.57 -0.153219 -0.153219 -9.26973 0.241675 0.311067 9.95055 0.0705549 -0.152716 -0.0911716
198.586 -0.0766094 -0.229828 -9.30804 0.282353 0.282353 9.99362 0.0687223 -0.150425 -0.0682642
198.602 -0.191523 -0.0383047 -9.42295 0.289531 0.302692 9.98883 0.0671951 -0.149204 -0.0583376
198.616 -0.0383047 -0.114914 -9.30804 0.294317 0.299103 10.0044 0.0675006 -0.148593 -0.0558941
198.632 -0.153219 -0.153219 -9.38465 0.297906 0.300299 9.98883 0.0687223 -0.151495 -0.0647517
198.648 -0.0766094 -0.0383047 -9.38465 0.26321 0.2668 10.0283 0.0699441 -0.152105 -0.0722348
198.663 -0.0383047 -0.153219 -9.30804 0.242871 0.285942 10.0223 0.0699441 -0.153022 -0.0800233
198.679 -0.114914 -0.114914 -9.49956 0.236889 0.281157 10.0259 0.0684169 -0.149509 -0.0817032
198.694 -0.0766094 -0.153219 -9.30804 0.222532 0.291924 10.0331 0.0728457 -0.150273 -0.0911716
199.3 -0.0383047 0.0 -9.38465 0.167498 0.42353 9.99601 0.0983493 -0.146149 -0.0913243
199.316 0.0 -0.114914 -9.53786 0.138784 0.442672 10.0271 0.097433 -0.149356 -0.0939205
199.333 0.114914 -0.0766094 -9.19312 0.136391 0.431904 10.0283 0.0966694 -0.153327 -0.0936151
199.35 0.0383047 -0.0383047 -9.38465 0.0897308 0.409173 9.99841 0.0946841 -0.161421 -0.091477
199.366 -0.0766094 -0.268133 -9.23143 0.100499 0.364905 9.92662 0.091477 -0.166461 -0.0948368
199.383 0.0 -0.0766094 -9.38465 0.120837 0.378066 9.92543 0.0907135 -0.173028 -0.0957531
199.399 -0.191523 -0.0383047 -9.38465 0.16989 0.374477 9.98644 0.0919352 -0.174249 -0.0981966
199.416 -0.0766094 -0.0766094 -9.30804 0.218943 0.381655 10.0618 0.0919352 -0.179594 -0.100793
199.433 -0.114914 -0.114914 -9.46126 0.267996 0.37328 10.0558 0.0942259 -0.181121 -0.0977384
199.449 -0.344742 -0.0766094 -9.53786 0.302692 0.393619 10.0008 0.0965167 -0.18219 -0.0956004
199.466 -0.153219 -0.0766094 -9.34634 0.323031 0.433101 9.99003 0.0902553 -0.175166 -0.0879646
199.482 -0.153219 -0.0766094 -9.26973 0.302692 0.422333 9.94815 0.0917825 -0.174555 -0.0907135
199.499 -0.153219 -0.0383047 -9.53786 0.319442 0.425922 9.97567 0.0917825 -0.173333 -0.0933096
199.516 -0.229828 -0.0383047 -9.42295 0.329013 0.431904 9.99242 0.0931569 -0.175166 -0.0983493
199.532 -0.153219 -0.0383047 -9.26973 0.329013 0.437886 10.0068 0.0917825 -0.168141 -0.095295
199.549 -0.153219 -0.0766094 -9.42295 0.346959 0.443868 10.0295 0.089339 -0.163865 -0.0829249
199.566 -0.229828 -0.0766094 -9.11651 0.332602 0.446261 10.0606 0.0862847 -0.161726 -0.0746782
199.582 -0.153219 0.0 -9.38465 0.311067 0.454636 10.0164 0.085063 -0.161574 -0.0592539
199.599 -0.114914 0.0 -8.96329 0.290728 0.461814 9.99841 0.0838412 -0.160658 -0.0513127
199.615 -0.0766094 0.0 -9.46126 0.269192 0.486939 9.93739 0.0832304 -0.160505 -0.0555887
199.632 -0.0766094 0.0383047 -9.34634 0.254835 0.510867 9.96132 0.0786489 -0.159436 -0.067806
199.649 -0.229828 -0.0383047 -9.46126 0.211765 0.525224 9.97807 0.0745255 -0.158672 -0.0774271
199.665 -0.0383047 0.0383047 -9.42295 0.208175 0.528814 10.0175 0.0708604 -0.157909 -0.0806342
199.682 -0.0383047 -0.0766094 -9.15482 0.16989 0.526421 10.0415 0.0638354 -0.164323 -0.0891863
199.698 0.0383047 0.0 -9.38465 0.174676 0.501296 10.0355 0.0598648 -0.170431 -0.0910189
199.715 0.0 -0.0766094 -9.42295 0.200997 0.443868 10.0247 0.0589485 -0.171653 -0.0983493
199.732 -0.229828 -0.191523 -9.19312 0.287139 0.41994 10.0104 0.0561996 -0.175166 -0.100793
199.748 -0.191523 -0.114914 -9.30804 0.352941 0.411565 9.95773 0.0577268 -0.173486 -0.0998765
199.765 -0.344742 0.0 -9.42295 0.382851 0.40678 9.97448 0.0537561 -0.166919 -0.0937678
199.781 -0.153219 0.0 -9.42295 0.366102 0.393619 10.0152 0.0558941 -0.166308 -0.0888809
199.798 -0.153219 -0.114914 -9.49956 0.350548 0.379262 10.0427 0.0578795 -0.161879 -0.078038
199.815 -0.191523 0.0 -9.30804 0.35653 0.329013 10.0259 0.0603229 -0.156381 -0.0679587
199.831 -0.153219 0.0383047 -9.42295 0.333799 0.319442 10.0008 0.0603229 -0.152564 -0.064599
199.848 -0.153219 -0.0383047 -9.03991 0.308674 0.289531 9.96849 0.0668897 -0.156229 -0.0621555
199.864 -0.268133 -0.153219 -9.11651 0.312263 0.284746 9.96849 0.0691805 -0.149815 -0.0519235
199.881 -0.114914 -0.114914 -9.38465 0.30987 0.287139 9.9996 0.071624 -0.151189 -0.0494801
199.898 0.153219 0.0383047 -9.0016 0.162712 0.277567 9.99482 0.0760527 -0.152716 -0.0514654
199.914 -0.0383047 -0.0383047 -9.42295 0.114855 0.315852 10.0247 0.0763581 -0.154702 -0.073762
199.931 0.0383047 -0.114914 -9.46126 0.122034 0.302692 10.0211 0.0798706 -0.161574 -0.0911716
199.947 -0.0766094 -0.114914 -9.38465 0.196211 0.311067 9.9661 0.0823141 -0.165239 -0.0919352
199.964 -0.114914 -0.0766094 -9.34634 0.215354 0.314656 9.96132 0.08827 -0.1715 -0.0923933
199.981 0.0383047 -0.0383047 -9.46126 0.211765 0.34337 9.9661 0.0913243 -0.175013 -0.099571
199.997 -0.0766094 -0.0766094 -9.34634 0.211765 0.37328 9.97807 0.0925461 -0.175471 -0.100945
200.014 -0.191523 0.0 -9.30804 0.187837 0.399601 9.97448 0.0928515 -0.178831 -0.106291
200.03 -0.153219 -0.114914 -9.49956 0.21655 0.415155 10.0606 0.091477 -0.18219 -0.0975857
200.047 -0.0766094 0.0 -8.92499 0.236889 0.405583 10.0642 0.0896445 -0.184176 -0.0838412
200.064 -0.0766094 -0.0383047 -9.34634 0.271585 0.428315 9.99482 0.091477 -0.187383 -0.0832304
200.08 -0.191523 0.0383047 -9.46126 0.36012 0.458225 10.0068 0.0890336 -0.190132 -0.0763581
200.097 0.0383047 0.0 -9.30804 0.315852 0.490529 9.97448 0.0809396 -0.186925 -0.0711658
200.113 -0.0383047 -0.0383047 -9.26973 0.303888 0.492921 10.0187 0.0829249 -0.189826 -0.0783434
200.13 -0.153219 0.114914 -9.30804 0.324227 0.524028 10.0235 0.0740674 -0.187688 -0.0919352
200.147 -0.191523 -0.0383047 -9.57617 0.276371 0.520439 10.0714 0.067806 -0.185245 -0.109345
200.162 -0.153219 0.0766094 -8.92499 0.277567 0.514457 10.057 0.0671951 -0.188146 -0.11805
200.179 0.0 0.0383047 -9.38465 0.258425 0.508475 10.0152 0.0606284 -0.19059 -0.127671
200.195 -0.0383047 0.0 -9.38465 0.25005 0.480957 9.94337 0.054367 -0.190132 -0.112705
200.212 0.0 -0.0383047 -9.38465 0.273978 0.463011 9.90628 0.0560469 -0.193644 -0.0971275
200.229 -0.229828 -0.0766094 -9.30804 0.366102 0.451047 9.99003 0.0482583 -0.19563 -0.0471893
200.245 0.114914 -0.0766094 -9.38465 0.272782 0.431904 10.0475 0.0421497 -0.192423 -0.0126754
200.262 -0.229828 -0.153219 -9.49956 0.512064 0.441475 10.0642 0.0416915 -0.187077 -0.0151189
200.278 0.0383047 -0.0383047 -9.15482 0.478564 0.4666 10.0451 0.0364992 -0.182496 -0.0288634
200.295 -0.191523 -0.0383047 -9.34634 0.467797 0.460618 10.0116 0.0308487 -0.175318 -0.046273
200.312 -0.114914 -0.153219 -9.53786 0.463011 0.44985 9.97208 0.0300851 -0.167072 -0.0439823
200.328 -0.268133 -0.0766094 -9.34634 0.460618 0.355334 9.96012 0.0310014 -0.164628 -0.0432187
200.345 -0.191523 -0.0766094 -9.49956 0.422333 0.29671 10.0235 0.0326813 -0.160352 -0.0375682
200.361 -0.306437 -0.153219 -9.30804 0.397208 0.262014 9.99841 0.0352775 -0.156534 -0.0372628
200.378 -0.268133 -0.229828 -9.34634 0.391226 0.245264 9.99123 0.0335976 -0.154243 -0.0429133
200.395 -0.306437 -0.153219 -9.11651 0.358923 0.224925 9.97448 0.0357356 -0.154243 -0.0717766
200.411 -0.191523 -0.0766094 -9.42295 0.307478 0.168694 10.0175 0.0423024 -0.158214 -0.109345
200.428 -0.268133 -0.114914 -9.34634 0.283549 0.157926 10.0259 0.0467312 -0.158214 -0.127365
200.444 -0.153219 -0.191523 -9.42295 0.273978 0.150748 9.99721 0.0514654 -0.159741 -0.129198
200.461 -0.114914 -0.344742 -9.07821 0.293121 0.145962 9.96849 0.057574 -0.162337 -0.122326
200.478 -0.114914 -0.114914 -9.15482 0.302692 0.191426 9.93978 0.0653626 -0.165086 -0.0971275
200.494 -0.153219 -0.191523 -9.38465 0.283549 0.210568 9.96849 0.066737 -0.162032 -0.0821613
200.511 -0.0766094 -0.153219 -9.34634 0.307478 0.236889 10.0068 0.0711658 -0.163254 -0.0647517
200.527 -0.0766094 -0.153219 -9.46126 0.364905 0.238086 10.0534 0.0734565 -0.163559 -0.0671951
200.543 -0.268133 -0.191523 -9.34634 0.375673 0.236889 10.0499 0.0762054 -0.166155 -0.073762
200.56 -0.0766094 -0.229828 -9.49956 0.37328 0.2333 9.99362 0.0762054 -0.162948 -0.0775799
200.576 -0.229828 -0.153219 -9.38465 0.351745 0.211765 9.99362 0.0778853 -0.162337 -0.0897971
200.593 -0.191523 -0.306437 -9.42295 0.363709 0.200997 9.99242 0.0806342 -0.161574 -0.0965167
200.609 -0.306437 -0.153219 -9.15482 0.398405 0.197408 9.97926 0.0830777 -0.159283 -0.111941
200.626 -0.153219 -0.153219 -9.34634 0.361316 0.2333 9.94935 0.0919352 -0.157603 -0.126602
200.643 -0.191523 -0.229828 -9.42295 0.36012 0.251246 9.98285 0.0948368 -0.154854 -0.120188
200.659 -0.191523 0.0 -9.42295 0.361316 0.31346 10.0331 0.097433 -0.152564 -0.112246
200.676 -0.191523 0.0 -9.42295 0.355334 0.36012 10.075 0.0954477 -0.147066 -0.083994
200.692 -0.0766094 -0.0766094 -9.19312 0.355334 0.370887 10.0475 0.0943787 -0.147066 -0.0587958
200.709 -0.0766094 -0.0766094 -9.34634 0.331406 0.42353 10.0164 0.0931569 -0.145386 -0.0485638
200.726 -0.229828 -0.0766094 -9.42295 0.325424 0.443868 9.98524 0.0784962 -0.146913 -0.0400117
200.749 -0.191523 -0.0383047 -9.38465 0.327816 0.405583 9.98405 0.0752891 -0.147982 -0.0478002
200.765 -0.114914 -0.0383047 -9.38465 0.315852 0.394816 10.014 0.0682642 -0.143859 -0.0612392
200.781 -0.229828 0.0 -9.46126 0.320638 0.35653 10.0187 0.065668 -0.145539 -0.0733038
200.798 -0.153219 -0.191523 -9.46126 0.289531 0.348156 10.0175 0.0627664 -0.143095 -0.0755945
200.816 -0.0766094 0.0 -9.46126 0.21655 0.340977 10.002 0.0670424 -0.148898 -0.083994
200.832 0.0 -0.0383047 -9.53786 0.183051 0.312263 9.99362 0.0684169 -0.149662 -0.0864374
200.849 0.0 -0.153219 -9.26973 0.150748 0.295514 9.99721 0.0679587 -0.151953 -0.0829249
200.865 -0.114914 -0.114914 -9.38465 0.168694 0.294317 9.99242 0.0690278 -0.157145 -0.0784962
200.882 -0.0383047 -0.114914 -9.76769 0.184247 0.291924 9.96849 0.0653626 -0.161879 -0.0699441
200.899 0.0 -0.153219 -9.38465 0.184247 0.284746 9.96371 0.0662789 -0.168141 -0.0759
200.915 -0.114914 -0.0766094 -9.15482 0.20339 0.289531 9.99003 0.0653626 -0.173028 -0.0836885
200.932 -0.114914 -0.191523 -9.34634 0.224925 0.291924 10.0379 0.0639881 -0.177456 -0.0925461
200.948 -0.114914 -0.114914 -9.34634 0.248853 0.306281 10.0199 0.0615447 -0.181121 -0.0868956
200.965 -0.153219 -0.229828 -9.42295 0.299103 0.30987 10.0259 0.0609338 -0.182801 -0.0856738
200.982 -0.153219 -0.229828 -9.34634 0.334995 0.257228 10.0032 0.0641408 -0.184023 -0.0879646
200.998 -0.344742 -0.153219 -9.38465 0.340977 0.260818 9.99721 0.0649044 -0.180205 -0.0794125
201.015 -0.153219 -0.0766094 -9.42295 0.346959 0.282353 10.0307 0.0642935 -0.17654 -0.0671951
201.031 0.0 -0.153219 -9.07821 0.303888 0.278764 10.0331 0.0676533 -0.178983 -0.0653626
201.048 -0.0766094 -0.0766094 -9.42295 0.251246 0.289531 10.0367 0.0647517 -0.176845 -0.0671951
201.065 -0.114914 -0.153219 -9.42295 0.272782 0.273978 9.99123 0.0659734 -0.182343 -0.0760527
201.081 -0.153219 -0.191523 -9.42295 0.300299 0.271585 9.97687 0.0626137 -0.1799 -0.0823141
201.098 -0.191523 -0.229828 -9.23143 0.494118 0.21655 9.98405 0.0632245 -0.184787 -0.0879646
201.114 0.0 -0.153219 -9.0016 0.470189 0.209372 10.002 0.066737 -0.180663 -0.0795652
201.131 -0.306437 -0.153219 -9.38465 0.491725 0.244068 10.0044 0.0652099 -0.172264 -0.0620028
201.148 -0.153219 -0.0766094 -9.26973 0.30987 0.283549 9.91346 0.0655153 -0.168904 -0.0502437
201.164 -0.306437 -0.0383047 -9.72939 0.318245 0.337388 10.0558 0.0630718 -0.171042 -0.0355829
201.181 -0.191523 0.0383047 -9.46126 0.332602 0.297906 10.075 0.0630718 -0.173791 -0.0429133
201.197 -0.421352 -0.153219 -9.61448 0.415155 0.293121 10.0666 0.0627664 -0.174249 -0.0551306
201.214 -0.191523 -0.114914 -9.34634 0.403191 0.278764 9.98644 0.0598648 -0.171195 -0.0804815
201.231 -0.114914 -0.0766094 -9.57617 0.379262 0.245264 9.96371 0.0563523 -0.168751 -0.0989602
201.247 -0.114914 -0.191523 -9.46126 0.366102 0.25005 9.96012 0.056505 -0.170126 -0.103694
201.264 -0.153219 -0.268133 -9.42295 0.344566 0.209372 9.9661 0.0558941 -0.166155 -0.104611
201.28 -0.191523 -0.229828 -9.49956 0.329013 0.230907 10.0128 0.0568105 -0.167072 -0.0939205
201.297 -0.191523 -0.0766094 -9.38465 0.317049 0.230907 10.0211 0.057574 -0.166766 -0.0757473
201.314 -0.0766094 -0.153219 -9.0016 0.299103 0.228514 10.0798 0.0609338 -0.169362 -0.0723875
201.33 -0.191523 -0.153219 -9.42295 0.301496 0.209372 10.0235 0.0603229 -0.166155 -0.0707076
201.347 -0.191523 -0.191523 -9.23143 0.345763 0.159123 9.98524 0.0623082 -0.166155 -0.0824668
201.363 -0.268133 -0.114914 -9.30804 0.348156 0.147159 9.9649 0.0613919 -0.167224 -0.083994
201.38 -0.0766094 -0.191523 -9.42295 0.336191 0.160319 9.9661 0.0673479 -0.16585 -0.0795652
201.397 -0.153219 -0.306437 -9.49956 0.321834 0.154337 9.97448 0.0694859 -0.169973 -0.0711658
201.413 -0.0766094 -0.191523 -9.34634 0.284746 0.154337 9.98405 0.0704022 -0.169057 -0.0704022
201.43 -0.153219 -0.114914 -9.65278 0.302692 0.17348 10.0008 0.0740674 -0.172417 -0.0693332
201.446 -0.229828 -0.114914 -9.30804 0.384048 0.16989 9.99123 0.0768163 -0.172264 -0.0736092
201.463 -0.191523 -0.191523 -9.07821 0.300299 0.211765 10.0008 0.0768163 -0.17318 -0.0801761
201.48 -0.306437 -0.153219 -9.38465 0.319442 0.209372 9.99601 0.0766636 -0.172111 -0.0800233
201.496 -0.229828 -0.229828 -9.38465 0.362513 0.190229 10.0235 0.0804815 -0.173333 -0.081245
201.513 -0.268133 -0.114914 -9.23143 0.345763 0.254835 10.0606 0.0792598 -0.171806 -0.0778853
201.529 -0.191523 -0.114914 -9.49956 0.327816 0.27996 10.0582 0.0762054 -0.16921 -0.0728457
201.546 -0.191523 -0.0766094 -9.11651 0.34337 0.293121 10.0056 0.0766636 -0.171806 -0.0702495
201.563 -0.114914 -0.0766094 -9.38465 0.222532 0.333799 9.92662 0.0739146 -0.174555 -0.0623082
201.579 -0.114914 -0.0766094 -9.23143 0.241675 0.317049 9.95533 0.0704022 -0.176998 -0.0632245
201.596 -0.0766094 -0.114914 -9.57617 0.2668 0.289531 10.0247 0.0658207 -0.18158 -0.0766636
201.612 -0.153219 -0.0383047 -9.30804 0.278764 0.273978 10.0415 0.0650571 -0.186008 -0.0916298
201.629 -0.114914 -0.191523 -9.42295 0.278764 0.272782 10.008 0.0598648 -0.188605 -0.0894917
201.646 -0.344742 -0.153219 -9.34634 0.333799 0.254835 9.98405 0.0569632 -0.189674 -0.0865901
201.662 -0.114914 -0.114914 -9.46126 0.345763 0.25005 9.9661 0.0569632 -0.195171 -0.0817032
201.679 -0.114914 -0.114914 -9.30804 0.358923 0.284746 9.97328 0.0531453 -0.194255 -0.0641408
201.695 -0.114914 -0.229828 -9.30804 0.358923 0.275174 9.97926 0.0510072 -0.196088 -0.0534507
201.712 -0.114914 -0.229828 -9.46126 0.368495 0.275174 10.0355 0.0479529 -0.198989 -0.0497855
201.729 -0.229828 -0.114914 -9.38465 0.43669 0.238086 10.0678 0.0444404 -0.200517 -0.0653626
201.745 -0.229828 0.0 -9.49956 0.422333 0.2668 10.051 0.0424551 -0.19792 -0.0862847
201.762 -0.191523 -0.191523 -9.38465 0.430708 0.21655 9.98524 0.0433714 -0.199753 -0.0931569
201.778 -0.229828 -0.191523 -9.34634 0.508475 0.183051 9.97328 0.0384845 -0.195935 -0.0894917
201.795 -0.383047 -0.229828 -9.72939 0.551545 0.150748 9.9673 0.0387899 -0.189215 -0.0852157
201.812 -0.344742 -0.268133 -9.34634 0.642473 0.108873 10.0415 0.0395535 -0.184634 -0.0807869
201.828 -0.459656 -0.191523 -9.07821 0.757328 0.106481 10.0379 0.0439823 -0.175929 -0.0815505
201.845 -0.383047 -0.191523 -9.19312 0.770489 0.0837488 9.99601 0.0478002 -0.161116 -0.0884227
201.861 -0.421352 -0.229828 -9.34634 0.725025 0.102891 10.0032 0.0488692 -0.150731 -0.0864374
201.878 -0.114914 -0.268133 -9.42295 0.553938 0.195015 9.9996 0.053298 -0.134848 -0.0561996
201.895 -0.383047 -0.229828 -9.42295 0.504885 0.167498 10.0175 0.0493274 -0.126144 -0.0109956
201.911 -0.229828 -0.229828 -9.26973 0.497707 0.124427 9.98644 0.0519235 -0.12706 -0.0265726
201.928 -0.344742 -0.229828 -9.46126 0.477368 0.00119641 10.0451 0.0539089 -0.124158 -0.0484111
201.944 -0.191523 -0.268133 -9.30804 0.382851 0.020339 10.0343 0.0558941 -0.123089 -0.0865901
201.961 -0.383047 -0.229828 -9.46126 0.378066 -0.114855 9.97807 0.0552833 -0.12706 -0.103236
201.978 -0.0766094 -0.153219 -9.0016 0.299103 0.122034 9.63829 0.0514654 -0.12538 -0.108123
201.994 0.191523 -0.191523 -9.30804 -0.113659 0.192622 9.9326 0.0616974 -0.138514 -0.0957531
202.011 0.268133 -0.268133 -9.42295 -0.0658026 0.0167498 10.0319 0.0765108 -0.163865 -0.0580322
202.027 0.114914 -0.306437 -9.53786 -0.0801595 -0.0562313 10.2209 0.0867428 -0.174249 -0.0569632
202.044 -0.0383047 -0.306437 -9.57617 0.087338 -0.107677 10.2401 0.102778 -0.178067 -0.0778853
202.061 -0.114914 -0.383047 -9.11651 0.202193 -0.125623 9.91227 0.111025 -0.180511 -0.135612
202.076 -0.153219 -0.421352 -9.34634 0.321834 -0.143569 9.98166 0.11301 -0.185245 -0.167682
202.093 -0.0383047 -0.344742 -8.69516 0.271585 -0.0705882 9.89193 0.121104 -0.206472 -0.199295
202.109 -0.153219 -0.229828 -9.30804 0.245264 0.0490528 9.85843 0.122631 -0.222813 -0.166155
202.126 -0.229828 -0.229828 -8.73347 0.259621 0.104088 9.91944 0.117592 -0.231823 -0.0788016
202.143 0.0 -0.153219 -9.53786 0.380459 0.205783 9.89791 0.106901 -0.233198 -0.0358883
202.159 -0.229828 -0.114914 -9.46126 0.470189 0.285942 10.081 0.0988074 -0.235183 0.0114537
202.176 -0.306437 0.0 -9.65278 0.541974 0.275174 10.1408 0.0971275 -0.232434 -0.000458149
202.192 -0.344742 -0.114914 -9.46126 0.620937 0.287139 10.1695 0.0991129 -0.234419 -0.0212276
202.209 -0.344742 -0.114914 -9.42295 0.667597 0.337388 10.0187 0.0978911 -0.223271 -0.0690278
202.226 -0.421352 -0.0766094 -9.42295 0.665205 0.340977 9.97567 0.0977384 -0.20464 -0.104458
202.242 -0.383047 -0.0383047 -9.34634 0.719043 0.321834 9.98046 0.095295 -0.19395 -0.104611
202.259 -0.229828 -0.0383047 -9.72939 0.751346 0.283549 10.2317 0.0901026 -0.184176 -0.085063
202.275 -0.459656 -0.0383047 -9.11651 0.781256 0.31346 9.6981 0.0797179 -0.177914 -0.0729984
202.292 -0.383047 -0.0383047 -9.38465 0.78006 0.291924 9.71246 0.0774271 -0.167377 -0.0804815
202.309 -0.306437 -0.114914 -9.42295 0.7334 0.221336 10.3083 0.0725402 -0.164628 -0.0786489
202.325 -0.344742 -0.0383047 -9.07821 0.723829 0.342173 9.58564 0.0601702 -0.148135 -0.0920879
202.342 -0.344742 -0.0766094 -9.53786 0.692722 0.30987 9.97448 0.0583376 -0.129351 -0.0911716
202.358 -0.459656 -0.114914 -9.38465 0.727418 0.325424 10.3322 0.0569632 -0.124006 -0.0707076
202.375 -0.459656 -0.191523 -9.34634 0.54317 0.289531 10.0271 0.0620028 -0.121715 -0.0536034
202.392 -0.114914 -0.191523 -9.11651 0.339781 0.244068 9.87637 0.0597121 -0.114537 -0.0514654
202.408 -0.0766094 -0.229828 -9.76769 0.319442 0.236889 9.8668 0.055436 -0.112705 -0.0525344
202.425 -0.0383047 -0.229828 -9.38465 0.270389 0.191426 9.94935 0.0426078 -0.112246 -0.0566577
202.441 -0.153219 -0.114914 -9.42295 0.270389 0.180658 10.0044 0.0404698 -0.135765 -0.0717766
202.458 0.0383047 -0.191523 -9.69109 0.205783 0.153141 9.84167 0.0364992 -0.143859 -0.0745255
202.475 0.0383047 -0.229828 -9.34634 0.0813559 0.17348 9.93978 0.0256563 -0.161421 -0.0696386
202.491 0.0 -0.153219 -9.53786 0.151944 0.133998 10.1025 0.0186314 -0.187994 -0.0568105
202.508 -0.153219 -0.191523 -9.806 0.271585 0.101695 10.1755 0.0195477 -0.204334 -0.0609338
202.524 -0.0766094 -0.229828 -9.38465 0.260818 0.0586241 10.002 0.020464 -0.207083 -0.0682642
202.541 -0.191523 -0.306437 -9.19312 0.185444 0.09332 9.99362 0.0303905 -0.209679 -0.0801761
202.558 -0.114914 -0.114914 -9.34634 0.358923 0.0526421 10.0259 0.0397062 -0.208458 -0.101404
202.573 -0.229828 -0.268133 -9.26973 0.459422 0.0490528 10.0678 0.0484111 -0.209069 -0.111636
202.589 -0.229828 -0.306437 -9.42295 0.562313 0.0346959 10.0367 0.0603229 -0.201738 -0.104763
202.606 -0.57457 -0.421352 -9.57617 0.624527 0.0179462 10.0068 0.0659734 -0.196699 -0.0832304
202.622 -0.383047 -0.268133 -9.30804 0.748953 -0.00119641 9.97567 0.0642935 -0.192117 -0.0781907
202.639 -0.421352 -0.306437 -9.61448 0.824327 -0.026321 9.93499 0.0633773 -0.183718 -0.089339
202.655 -0.57457 -0.191523 -9.46126 0.72981 0.0191426 9.98046 0.0606284 -0.172417 -0.0887282
202.672 -0.421352 -0.268133 -9.34634 0.72981 0.0394815 9.98285 0.062461 -0.172111 -0.083994
202.689 -0.344742 -0.268133 -9.15482 0.692722 0.102891 10.0247 0.0583376 -0.160963 -0.0636827
202.705 -0.306437 -0.191523 -9.34634 0.60658 0.0586241 10.0786 0.0595593 -0.153938 -0.0519235
202.722 -0.306437 -0.306437 -9.53786 0.601795 0.040678 10.0833 0.0639881 -0.146608 -0.0551306
202.738 -0.421352 -0.268133 -9.23143 0.553938 0.0334995 9.95414 0.0682642 -0.144011 -0.065668
202.755 -0.268133 -0.306437 -9.34634 0.544367 0.00358923 9.95055 0.0757473 -0.138819 -0.0817032
202.772 -0.344742 -0.344742 -9.30804 0.526421 0.0179462 9.94696 0.0798706 -0.132558 -0.083994
202.788 -0.306437 -0.344742 -9.30804 0.506082 -0.0131605 10.0211 0.0797179 -0.129962 -0.0836885
202.805 -0.268133 -0.306437 -9.72939 0.459422 -0.00358923 10.0702 0.0888809 -0.137292 -0.0951423
202.821 -0.191523 -0.306437 -9.30804 0.35653 0.0693918 10.0044 0.0853684 -0.135765 -0.100487
202.838 -0.114914 -0.268133 -9.38465 0.327816 0.0909272 9.95294 0.0899499 -0.141415 -0.0948368
202.855 -0.191523 -0.306437 -9.34634 0.352941 0.0634098 9.9649 0.0894917 -0.14508 -0.0891863
202.871 -0.114914 -0.306437 -9.42295 0.400798 0.0191426 10.0475 0.0902553 -0.15012 -0.107207
202.888 -0.268133 -0.459656 -9.23143 0.435494 -0.0167498 10.0618 0.0928515 -0.150731 -0.124006
202.904 -0.268133 -0.383047 -9.46126 0.40678 -0.0251246 10.0152 0.0945314 -0.150425 -0.125533
202.921 -0.153219 -0.268133 -9.23143 0.357727 0.0382852 9.9326 0.102625 -0.155007 -0.116217
202.938 -0.0766094 -0.191523 -9.0016 0.329013 0.0646062 9.93739 0.102014 -0.157756 -0.0881173
202.954 -0.153219 -0.306437 -9.23143 0.283549 0.125623 9.9649 0.10064 -0.160199 -0.0783434
202.971 -0.114914 -0.153219 -9.19312 0.308674 0.148355 10.0355 0.106138 -0.170279 -0.0690278
202.987 -0.191523 -0.229828 -9.30804 0.386441 0.159123 10.014 0.105374 -0.173791 -0.0653626
203.004 -0.153219 -0.153219 -9.34634 0.405583 0.154337 10.002 0.10064 -0.173944 -0.0711658
203.021 -0.383047 -0.153219 -9.65278 0.460618 0.147159 9.99601 0.100335 -0.175471 -0.0888809
203.037 -0.229828 -0.191523 -9.42295 0.451047 0.187837 10.0187 0.0951423 -0.177304 -0.100945
203.054 -0.191523 -0.229828 -9.53786 0.407976 0.195015 10.0164 0.0907135 -0.179594 -0.111177
203.07 -0.0766094 -0.114914 -9.34634 0.355334 0.208175 10.0307 0.0878119 -0.184176 -0.116981
203.087 -0.191523 -0.114914 -9.42295 0.386441 0.26321 10.0164 0.083994 -0.189521 -0.106596
203.104 -0.344742 -0.153219 -9.19312 0.354138 0.270389 10.0008 0.0774271 -0.194866 -0.0842994
203.119 0.0383047 -0.0766094 -9.57617 0.392423 0.262014 9.97089 0.0763581 -0.200517 -0.0771217
203.136 -0.268133 -0.114914 -9.30804 0.430708 0.254835 9.9661 0.0708604 -0.1996 -0.0584903
203.152 -0.191523 -0.153219 -9.34634 0.521635 0.223729 10.0128 0.0616974 -0.202044 -0.0517708
203.169 -0.383047 -0.268133 -9.42295 0.757328 0.17348 10.0475 0.0563523 -0.198989 -0.0516181
203.186 -0.421352 -0.191523 -9.42295 0.635294 0.168694 9.9649 0.0557414 -0.194255 -0.0679587
203.202 -0.0766094 -0.153219 -9.19312 0.61017 0.196211 10.0068 0.0529926 -0.18219 -0.068875
203.218 -0.191523 -0.229828 -9.49956 0.624527 0.178265 10.0355 0.0507018 -0.177609 -0.0704022
203.233 -0.344742 -0.191523 -9.34634 0.675972 0.162712 10.0439 0.0482583 -0.172264 -0.0740674
203.25 -0.344742 -0.268133 -9.38465 0.704686 0.111266 10.0295 0.047342 -0.164781 -0.0774271
203.267 -0.344742 -0.153219 -9.42295 0.713061 0.0705882 10.0187 0.0496328 -0.158978 -0.0803288
203.283 -0.268133 -0.268133 -9.26973 0.666401 0.0430708 9.98046 0.0474948 -0.150731 -0.0907135
203.3 -0.268133 -0.268133 -9.46126 0.60658 0.00717846 9.96849 0.0490219 -0.142942 -0.104611
203.317 -0.344742 -0.421352 -9.26973 0.585045 -0.026321 9.94098 0.0526871 -0.140041 -0.0989602
203.333 -0.306437 -0.344742 -9.34634 0.549153 -0.0813559 9.97926 0.0615447 -0.135917 -0.089339
203.35 -0.153219 -0.421352 -9.34634 0.484546 -0.0945165 10.0594 0.0736092 -0.132405 -0.0759
203.366 -0.229828 -0.421352 -9.49956 0.495314 -0.119641 10.0475 0.0797179 -0.134543 -0.0755945
203.383 -0.229828 -0.459656 -9.49956 0.521635 -0.130409 10.0283 0.086132 -0.127213 -0.083994
203.399 -0.459656 -0.536266 -9.53786 0.463011 -0.0957129 10.0187 0.0933096 -0.129198 -0.107207
203.415 -0.229828 -0.344742 -9.30804 0.393619 -0.026321 10.0116 0.0945314 -0.135765 -0.112246
203.431 -0.191523 -0.306437 -9.34634 0.361316 0.0 9.91944 0.0981966 -0.139888 -0.104153
203.447 -0.114914 -0.306437 -9.19312 0.305085 0.0562313 9.87637 0.101098 -0.145997 -0.0856738
203.463 -0.229828 -0.306437 -9.57617 0.260818 0.0921237 9.94457 0.101098 -0.150425 -0.0757473
203.48 -0.0766094 -0.191523 -9.46126 0.206979 0.122034 10.0726 0.105374 -0.158061 -0.0577268
203.496 -0.383047 -0.268133 -9.30804 0.257228 0.112463 10.0606 0.106749 -0.16921 -0.0849102
203.513 -0.229828 -0.229828 -9.57617 0.27996 0.0801595 10.063 0.111177 -0.179136 -0.117744
203.529 -0.153219 -0.153219 -9.30804 0.378066 0.0981057 9.98166 0.109803 -0.180511 -0.12202
203.546 -0.268133 -0.191523 -9.07821 0.484546 0.138784 9.89312 0.110108 -0.186008 -0.113163
203.563 -0.306437 -0.229828 -9.30804 0.553938 0.153141 9.96849 0.106749 -0.182496 -0.0890336
203.579 -0.383047 -0.229828 -9.57617 0.54676 0.181854 10.0116 0.106138 -0.186008 -0.0800233
203.596 -0.344742 -0.153219 -9.26973 0.563509 0.248853 10.0654 0.0966694 -0.188452 -0.0670424
203.612 -0.268133 -0.0766094 -9.26973 0.597009 0.288335 10.008 0.0855211 -0.184481 -0.0775799
203.629 -0.383047 -0.114914 -9.806 0.636491 0.288335 9.99362 0.0807869 -0.183107 -0.0849102
203.646 -0.459656 -0.153219 -9.42295 0.705882 0.257228 10.0044 0.0736092 -0.17318 -0.0931569
203.662 -0.421352 -0.153219 -9.46126 0.748953 0.20339 10.0642 0.0742201 -0.15516 -0.0836885
203.679 -0.421352 -0.191523 -9.34634 0.734596 0.190229 10.0355 0.0784962 -0.138514 -0.0766636
203.695 -0.421352 -0.306437 -9.38465 0.668794 0.179462 9.99482 0.0856738 -0.135307 -0.0759
203.712 -0.268133 -0.383047 -9.49956 0.635294 0.111266 10.0128 0.0820086 -0.116828 -0.0684169
203.729 -0.268133 -0.268133 -9.42295 0.630509 0.09332 10.0451 0.0827722 -0.111636 -0.0841467
203.745 -0.383047 -0.229828 -9.30804 0.550349 0.111266 10.0714 0.0795652 -0.110261 -0.0949895
203.761 -0.459656 -0.191523 -9.57617 0.468993 0.143569 10.0295 0.0813978 -0.111941 -0.0975857
203.777 -0.497961 -0.229828 -9.26973 0.441475 0.155533 9.92782 0.074831 -0.110719 -0.0833831
203.793 -0.153219 -0.306437 -9.23143 0.391226 0.179462 9.88714 0.0777326 -0.114843 -0.078038
203.81 -0.0766094 -0.191523 -9.57617 0.327816 0.153141 9.92543 0.0699441 -0.112094 -0.0641408
203.826 -0.153219 -0.229828 -9.42295 0.257228 0.107677 10.0702 0.068875 -0.118661 -0.0620028
203.843 -0.114914 -0.268133 -9.8443 0.226122 0.102891 10.081 0.0719294 -0.125838 -0.0665843
203.859 0.0383047 -0.191523 -9.38465 0.161515 0.105284 10.0475 0.0687223 -0.130725 -0.0700968
203.876 0.0 -0.268133 -9.38465 0.144766 0.131605 9.98524 0.0755945 -0.149051 -0.076969
203.893 -0.0766094 -0.229828 -9.42295 0.184247 0.138784 9.98644 0.0757473 -0.153022 -0.0752891
203.909 0.114914 -0.191523 -9.26973 0.172283 0.114855 9.92662 0.0766636 -0.163559 -0.074831
203.926 0.0766094 -0.383047 -8.81008 0.135194 0.107677 9.91107 0.0733038 -0.172417 -0.078038
203.942 0.0383047 -0.229828 -9.42295 0.153141 0.124427 9.97926 0.0743728 -0.184939 -0.0870483
203.959 -0.191523 -0.268133 -9.61448 0.232104 0.143569 10.081 0.0713185 -0.186467 -0.090408
203.976 -0.0766094 -0.153219 -9.23143 0.229711 0.17348 10.0343 0.0752891 -0.195935 -0.0989602
203.993 -0.191523 -0.229828 -9.38465 0.275174 0.13998 10.0247 0.0749837 -0.202502 -0.0962113
204.009 -0.191523 -0.229828 -9.26973 0.327816 0.130409 10.0164 0.074831 -0.208305 -0.0948368
204.025 -0.191523 -0.268133 -9.03991 0.435494 0.149551 9.98046 0.0751364 -0.210596 -0.0978911
204.041 -0.344742 -0.268133 -9.61448 0.486939 0.151944 9.99242 0.0754418 -0.207541 -0.0928515
204.057 -0.497961 -0.114914 -9.30804 0.537189 0.171087 10.0068 0.078038 -0.208305 -0.0859793
204.072 -0.383047 -0.0383047 -9.46126 0.585045 0.184247 10.0271 0.0760527 -0.202044 -0.0700968
204.087 -0.57457 -0.153219 -9.30804 0.617348 0.172283 10.0606 0.0719294 -0.195324 -0.0684169
204.103 -0.344742 -0.268133 -9.15482 0.707079 0.168694 10.0235 0.0685696 -0.18891 -0.0842994
204.118 -0.497961 -0.306437 -9.0016 0.726221 0.181854 10.0092 0.065668 -0.179136 -0.0920879
204.134 -0.421352 -0.306437 -9.34634 0.742971 0.181854 10.0032 0.0616974 -0.170279 -0.091477
204.149 -0.459656 -0.191523 -9.15482 0.771685 0.157926 10.0343 0.0595593 -0.161116 -0.079107
204.165 -0.421352 -0.306437 -9.57617 0.769292 0.154337 10.0164 0.0621555 -0.156534 -0.073762
204.181 -0.421352 -0.229828 -9.26973 0.728614 0.119641 9.96371 0.0607811 -0.141415 -0.0601702
204.793 -0.191523 -0.268133 -9.42295 0.430708 0.00478564 10.0271 0.0865901 -0.165544 -0.104458
204.81 -0.153219 -0.191523 -9.38465 0.430708 0.0179462 10.002 0.0876591 -0.164017 -0.101404
204.826 -0.229828 -0.383047 -9.34634 0.440279 0.0323031 9.98883 0.0894917 -0.166919 -0.0901026
204.843 -0.306437 -0.344742 -9.30804 0.486939 0.0323031 9.99242 0.090408 -0.165544 -0.0879646
204.859 -0.191523 -0.421352 -9.38465 0.482154 0.0287139 10.0223 0.0916298 -0.163101 -0.0818559
204.876 -0.268133 -0.306437 -9.46126 0.539581 0.0526421 10.0331 0.0907135 -0.157909 -0.078038
204.893 -0.497961 -0.383047 -9.42295 0.535992 0.0921237 10.0104 0.0940732 -0.151189 -0.0733038
204.909 -0.268133 -0.306437 -9.34634 0.510867 0.0945165 9.98166 0.0969748 -0.147829 -0.0745255
204.926 -0.268133 -0.306437 -9.11651 0.479761 0.0909272 10.0271 0.099571 -0.146608 -0.0823141
204.942 -0.268133 -0.229828 -9.38465 0.5001 0.0909272 10.0295 0.0965167 -0.139125 -0.098502
204.959 -0.268133 -0.229828 -9.49956 0.528814 0.116052 10.0702 0.099571 -0.136223 -0.0988074
204.975 -0.268133 -0.191523 -9.42295 0.54317 0.141176 9.98644 0.0989602 -0.133932 -0.090408
204.991 -0.306437 -0.229828 -9.46126 0.443868 0.166301 9.89911 0.0933096 -0.126602 -0.0662789
205.008 -0.153219 -0.153219 -9.38465 0.324227 0.208175 9.99841 0.0897971 -0.127518 -0.0551306
205.024 -0.114914 -0.191523 -9.49956 0.272782 0.183051 10.0319 0.0868956 -0.127365 -0.055436
205.041 -0.0766094 -0.191523 -9.38465 0.211765 0.151944 10.0845 0.0813978 -0.135765 -0.0765108
205.058 -0.0766094 -0.268133 -9.46126 0.217747 0.0861416 10.014 0.0818559 -0.143401 -0.111788
205.074 -0.0766094 -0.229828 -9.46126 0.226122 0.0526421 9.97089 0.0813978 -0.147371 -0.141263
205.091 -0.114914 -0.268133 -9.23143 0.245264 0.0430708 9.97567 0.0789543 -0.153785 -0.142026
205.107 -0.0766094 -0.383047 -9.19312 0.30987 0.0598205 9.94457 0.0838412 -0.161268 -0.116675
205.124 -0.268133 -0.268133 -9.26973 0.327816 0.0729811 9.94337 0.0888809 -0.166308 -0.0795652
205.141 -0.191523 -0.229828 -9.72939 0.386441 0.0502493 10.0211 0.0920879 -0.167224 -0.0734565
205.157 -0.153219 -0.306437 -9.53786 0.429512 0.0741775 10.0187 0.0899499 -0.162185 -0.0734565
205.174 -0.191523 -0.153219 -9.34634 0.364905 0.141176 10.0307 0.0933096 -0.162337 -0.089339
205.191 0.0 -0.153219 -9.26973 0.350548 0.174676 10.0271 0.0896445 -0.155923 -0.0823141
205.207 0.0383047 -0.153219 -9.30804 0.153141 0.241675 9.94696 0.0913243 -0.162948 -0.0719294
205.224 -0.153219 -0.229828 -9.42295 0.0993021 0.258425 9.98644 0.0852157 -0.173028 -0.0679587
205.24 0.0383047 -0.153219 -9.34634 0.135194 0.246461 10.0211 0.0788016 -0.186925 -0.073762
205.257 -0.153219 -0.0766094 -9.15482 0.212961 0.206979 10.057 0.076969 -0.191201 -0.079107
205.274 -0.0383047 -0.0383047 -9.42295 0.32662 0.17348 9.99721 0.0759 -0.205862 -0.0945314
205.29 -0.229828 -0.191523 -9.42295 0.441475 0.171087 9.99123 0.0671951 -0.205251 -0.0896445
205.307 -0.191523 -0.306437 -8.92499 0.455832 0.165105 9.99601 0.0668897 -0.206778 -0.0870483
205.323 -0.229828 -0.344742 -9.42295 0.495314 0.114855 9.9661 0.0661261 -0.202044 -0.0901026
205.34 -0.268133 -0.306437 -8.77177 0.482154 0.0969093 10.0008 0.0696386 -0.194255 -0.0868956
205.357 -0.268133 -0.229828 -9.38465 0.509671 0.0969093 10.014 0.0681114 -0.18891 -0.0826195
205.373 -0.268133 -0.344742 -9.46126 0.51685 0.106481 10.0367 0.071013 -0.18555 -0.0757473
205.39 -0.0766094 -0.191523 -9.19312 0.458225 0.129212 10.0965 0.0720821 -0.184176 -0.0650571
205.406 -0.229828 -0.153219 -9.49956 0.446261 0.12682 10.0738 0.0719294 -0.187688 -0.0739146
205.424 0.0 -0.268133 -9.65278 0.424726 0.132802 9.9649 0.0671951 -0.18219 -0.0820086
205.441 -0.229828 -0.191523 -9.42295 0.446261 0.102891 9.97328 0.0664316 -0.183565 -0.105374
205.457 -0.383047 -0.268133 -9.34634 0.421137 0.138784 10.0044 0.0636827 -0.187688 -0.0956004
205.474 -0.306437 -0.306437 -9.34634 0.429512 0.154337 9.97089 0.0580322 -0.185092 -0.0792598
205.49 -0.229828 -0.153219 -9.806 0.43669 0.162712 10.0415 0.0610865 -0.189674 -0.0600175
205.507 -0.344742 -0.191523 -9.38465 0.485743 0.138784 10.0056 0.0597121 -0.192881 -0.0502437
205.524 -0.306437 -0.191523 -9.38465 0.488136 0.144766 10.0056 0.0557414 -0.189215 -0.0491747
205.54 -0.421352 -0.153219 -9.03991 0.491725 0.174676 9.96012 0.0574213 -0.186008 -0.0487165
205.557 -0.306437 -0.268133 -9.38465 0.577866 0.153141 10.136 0.0603229 -0.180816 -0.0424551
205.573 -0.306437 -0.383047 -9.69109 0.698704 0.0287139 10.1073 0.0676533 -0.171042 -0.0581849
205.59 -0.191523 -0.229828 -9.30804 0.429512 0.124427 9.94815 0.0699441 -0.159741 -0.076969
205.607 -0.191523 -0.191523 -9.26973 0.349352 0.130409 9.90509 0.0768163 -0.157909 -0.0901026
205.623 -0.344742 -0.383047 -9.26973 0.452243 0.0993021 9.99482 0.0749837 -0.166919 -0.101404
205.64 -0.268133 -0.229828 -9.38465 0.5001 0.0693918 10.0164 0.0711658 -0.16921 -0.0981966
205.656 -0.229828 -0.229828 -9.72939 0.515653 0.061017 10.0427 0.0659734 -0.174707 -0.0875064
205.673 -0.268133 -0.268133 -9.42295 0.524028 0.0849452 10.0857 0.0603229 -0.17654 -0.0708604
205.69 -0.306437 -0.191523 -9.34634 0.551545 0.107677 10.0594 0.0557414 -0.174097 -0.0713185
205.706 -0.497961 -0.229828 -9.34634 0.547956 0.145962 9.91705 0.056505 -0.171042 -0.078038
205.723 -0.229828 -0.229828 -9.26973 0.51326 0.145962 9.9015 0.0549779 -0.165697 -0.0749837
205.739 -0.191523 -0.191523 -9.49956 0.540778 0.141176 10.0008 0.0514654 -0.159589 -0.0539089
205.756 -0.344742 -0.268133 -9.46126 0.582652 0.125623 10.1013 0.0517708 -0.160658 -0.0424551
205.773 -0.383047 -0.497961 -9.23143 0.570688 0.0885344 10.0941 0.056505 -0.155618 -0.030696
205.789 -0.306437 -0.229828 -9.30804 0.573081 0.0 9.95892 0.0641408 -0.147829 -0.062461
205.806 -0.344742 -0.268133 -9.26973 0.574277 -0.0107677 9.93021 0.0681114 -0.142484 -0.085063
205.822 -0.383047 -0.344742 -9.57617 0.622134 -0.0323031 10.0092 0.0687223 -0.129045 -0.115301
205.839 -0.421352 -0.383047 -9.38465 0.629312 -0.0251246 10.0582 0.0749837 -0.123089 -0.128282
205.856 -0.306437 -0.383047 -9.15482 0.592223 -0.0131605 10.0187 0.0775799 -0.118813 -0.108887
205.872 -0.268133 -0.306437 -9.34634 0.519242 -0.00478564 9.95294 0.0781907 -0.11973 -0.0989602
205.889 -0.153219 -0.306437 -9.46126 0.5001 -0.0119641 9.95055 0.0789543 -0.116523 -0.0888809
205.905 -0.191523 -0.383047 -9.34634 0.476171 0.00598205 10.0175 0.0797179 -0.113926 -0.0901026
205.922 -0.229828 -0.306437 -9.46126 0.45344 0.0131605 10.0307 0.0804815 -0.109803 -0.0916298
205.939 -0.0766094 -0.497961 -9.57617 0.358923 -0.00957129 10.0403 0.0939205 -0.114843 -0.0913243
205.955 -0.153219 -0.191523 -9.38465 0.26321 -0.0358923 9.95294 0.100487 -0.117133 -0.0942259
205.972 -0.114914 -0.497961 -9.30804 0.202193 -0.0131605 9.95533 0.101098 -0.115912 -0.0959058
205.988 0.0383047 -0.344742 -9.38465 0.150748 0.0107677 9.9338 0.104916 -0.117897 -0.0922406
206.005 -0.0383047 -0.268133 -9.34634 0.181854 -0.00837488 10.0092 0.110261 -0.131336 -0.0879646
206.022 -0.114914 -0.497961 -9.19312 0.190229 -0.0119641 10.0211 0.11301 -0.147371 -0.0862847
206.038 -0.0383047 -0.383047 -9.42295 0.160319 -0.0418744 10.0271 0.111941 -0.148746 -0.0823141
206.055 -0.114914 -0.268133 -9.30804 0.198604 -0.026321 10.0223 0.113315 -0.16417 -0.097433
206.07 -0.0383047 -0.268133 -9.34634 0.202193 0.00837488 9.99721 0.108887 -0.172569 -0.117439
206.086 -0.114914 -0.268133 -9.26973 0.221336 0.066999 9.92901 0.105222 -0.176693 -0.121562
206.103 0.0 -0.268133 -9.42295 0.262014 0.118445 9.96012 0.107512 -0.187536 -0.115606
206.119 -0.191523 -0.268133 -9.15482 0.293121 0.133998 9.98524 0.10965 -0.191201 -0.100487
206.135 -0.268133 -0.229828 -9.46126 0.391226 0.175872 10.0475 0.109039 -0.188605 -0.0945314
206.151 -0.421352 -0.153219 -9.53786 0.479761 0.227318 10.0953 0.108581 -0.180816 -0.087201
206.168 -0.268133 -0.191523 -9.34634 0.492921 0.247657 10.0929 0.109039 -0.178373 -0.0760527
206.185 -0.268133 0.0 -9.61448 0.512064 0.252443 9.99003 0.112094 -0.178983 -0.0729984
206.201 -0.268133 -0.0766094 -9.23143 0.486939 0.278764 9.94935 0.0997237 -0.167377 -0.0620028
206.218 -0.268133 -0.0766094 -9.46126 0.490529 0.287139 10.0235 0.0888809 -0.161574 -0.0578795
