1728.46 -0.114914 -0.114914 -9.38465 0.135194 0.308674 9.98285 0.0697913 -0.163406 -0.0759
1728.47 0.0 -0.114914 -9.49956 0.15673 0.288335 9.99362 0.0691805 -0.164934 -0.0743728
1728.49 0.0 -0.114914 -9.57617 0.157926 0.262014 10.002 0.0690278 -0.165544 -0.0739146
1728.51 -0.0766094 -0.153219 -9.42295 0.155533 0.238086 9.9996 0.0700968 -0.166461 -0.0745255
1728.52 0.114914 -0.0766094 -9.30804 0.147159 0.197408 10.0032 0.065668 -0.162032 -0.0722348
1728.54 0.0383047 -0.191523 -9.38465 0.119641 0.17348 10.0068 0.067806 -0.164628 -0.0725402
1728.56 0.0383047 -0.153219 -9.806 0.124427 0.159123 9.98046 0.066737 -0.164628 -0.0719294
1728.57 -0.0766094 -0.191523 -9.46126 0.118445 0.120837 9.99362 0.0679587 -0.165086 -0.0733038
1728.59 -0.0383047 -0.153219 -9.26973 0.118445 0.0897308 10.0128 0.0676533 -0.164323 -0.0734565
1728.61 -0.0766094 -0.229828 -9.30804 0.114855 0.0705882 10.002 0.067806 -0.163406 -0.0720821
1728.62 -0.0766094 -0.383047 -9.19312 0.138784 0.0717846 9.99242 0.068875 -0.164934 -0.0700968
1728.64 -0.153219 -0.229828 -9.42295 0.17348 0.0382852 9.98524 0.0687223 -0.167377 -0.0713185
1728.65 -0.0766094 -0.268133 -9.34634 0.161515 0.0131605 9.9996 0.0682642 -0.164475 -0.0757473
1728.67 -0.114914 -0.383047 -9.38465 0.198604 -0.0107677 9.98524 0.0704022 -0.16585 -0.0766636
1728.69 -0.0766094 -0.383047 -9.0016 0.197408 -0.0346959 10.0044 0.0711658 -0.165392 -0.0775799
1728.7 -0.114914 -0.306437 -9.38465 0.191426 -0.0454636 10.0068 0.071624 -0.164475 -0.0798706
1728.72 -0.0383047 -0.306437 -9.34634 0.175872 -0.0526421 10.0104 0.0745255 -0.164475 -0.0835358
1728.74 -0.153219 -0.306437 -9.38465 0.178265 -0.0490528 10.0104 0.0772744 -0.165392 -0.0856738
1728.75 -0.114914 -0.306437 -8.88668 0.174676 -0.0442672 10.0175 0.0757473 -0.163254 -0.0841467
1728.77 -0.114914 -0.344742 -9.30804 0.166301 -0.0346959 10.0128 0.0766636 -0.163406 -0.0846048
1728.78 0.0 -0.268133 -9.34634 0.15673 0.020339 10.0008 0.0755945 -0.160658 -0.0858265
1728.8 0.0383047 -0.306437 -9.38465 0.160319 0.0275174 9.99362 0.0777326 -0.16249 -0.0876591
1728.82 -0.0766094 -0.268133 -9.38465 0.163908 0.0622134 10.0008 0.0794125 -0.163406 -0.0901026
1728.83 -0.0766094 -0.306437 -9.26973 0.172283 0.0981057 10.0116 0.0794125 -0.161879 -0.0896445
1728.85 -0.191523 -0.191523 -9.30804 0.184247 0.113659 10.008 0.0810924 -0.162643 -0.089339
1728.86 0.0 -0.191523 -9.34634 0.177069 0.148355 10.0116 0.0797179 -0.16249 -0.0910189
1728.88 -0.114914 -0.191523 -9.34634 0.160319 0.157926 9.99482 0.0788016 -0.163712 -0.0911716
1728.89 -0.0383047 -0.114914 -9.38465 0.153141 0.177069 10.0032 0.078038 -0.161116 -0.08827
1728.91 0.0383047 -0.114914 -9.42295 0.137587 0.202193 9.99242 0.0778853 -0.161421 -0.0868956
1728.92 0.0383047 -0.153219 -9.38465 0.122034 0.206979 9.99003 0.078038 -0.160658 -0.0876591
1729.52 -0.153219 -0.268133 -9.46126 0.125623 0.180658 9.99721 0.0783434 -0.163865 -0.0901026
1729.54 0.0766094 -0.191523 -9.11651 0.119641 0.177069 9.98883 0.0788016 -0.161421 -0.0911716
1729.55 0.0383047 -0.153219 -9.38465 0.0969093 0.197408 10.0056 0.0771217 -0.16081 -0.0879646
1729.57 0.0 -0.114914 -9.49956 0.0789631 0.200997 10.0032 0.0768163 -0.163101 -0.0887282
1729.59 -0.0383047 -0.191523 -9.49956 0.0825523 0.240479 10.008 0.0768163 -0.163406 -0.08827
1729.6 0.0 -0.153219 -9.38465 0.0801595 0.2668 10.0044 0.0745255 -0.161421 -0.0858265
1729.62 -0.0766094 -0.0766094 -9.26973 0.0837488 0.276371 10.0008 0.0742201 -0.162948 -0.0841467
1729.64 -0.0383047 -0.153219 -9.30804 0.0849452 0.299103 10.0056 0.0736092 -0.162796 -0.0820086
1729.65 0.0383047 -0.191523 -9.30804 0.113659 0.302692 10.014 0.071624 -0.164017 -0.0817032
1729.67 0.0383047 -0.114914 -9.38465 0.101695 0.295514 10.0056 0.0704022 -0.16417 -0.0784962
1729.69 0.191523 -0.191523 -9.30804 0.0909272 0.282353 10.0008 0.0733038 -0.163559 -0.0786489
1729.7 0.0383047 -0.153219 -9.30804 0.0957129 0.246461 9.99362 0.0682642 -0.162796 -0.0752891
1729.72 0.0383047 -0.191523 -9.38465 0.0909272 0.232104 10.0008 0.0682642 -0.16417 -0.0757473
1729.74 -0.0383047 -0.191523 -9.38465 0.0813559 0.209372 10.0044 0.0681114 -0.162796 -0.0740674
1729.75 0.0766094 -0.153219 -9.34634 0.0789631 0.145962 9.9996 0.0691805 -0.164934 -0.0745255
1729.77 -0.0766094 -0.153219 -9.57617 0.09332 0.133998 10.0056 0.0705549 -0.16753 -0.073762
1729.79 0.0 -0.191523 -9.42295 0.0993021 0.111266 10.0152 0.0684169 -0.164017 -0.0711658
1729.8 -0.0766094 -0.268133 -9.26973 0.101695 0.105284 10.0044 0.0734565 -0.167835 -0.0751364
1729.82 -0.0383047 -0.229828 -9.42295 0.149551 0.101695 9.99601 0.0699441 -0.167835 -0.0759
1729.84 -0.0383047 -0.306437 -9.23143 0.172283 0.0993021 9.99362 0.0707076 -0.168599 -0.0768163
1729.85 -0.0766094 -0.191523 -9.38465 0.166301 0.0849452 10.0104 0.0694859 -0.165392 -0.0746782
1729.87 -0.0766094 -0.268133 -9.42295 0.184247 0.0801595 10.0152 0.0714712 -0.166003 -0.0759
1729.89 0.114914 -0.344742 -9.34634 0.177069 0.0646062 9.99841 0.071013 -0.164934 -0.0774271
1729.9 -0.153219 -0.306437 -9.72939 0.18664 0.040678 10.0104 0.071013 -0.164781 -0.0784962
1729.92 -0.191523 -0.229828 -9.38465 0.180658 0.00358923 10.002 0.0720821 -0.164475 -0.079107
1729.94 -0.153219 -0.229828 -9.30804 0.174676 -0.0107677 9.99601 0.0725402 -0.164934 -0.0789543
1729.95 -0.229828 -0.268133 -9.38465 0.168694 -0.00957129 9.99601 0.0742201 -0.165239 -0.0801761
1729.97 -0.0383047 -0.229828 -9.34634 0.184247 -0.00478564 10.0044 0.076969 -0.166308 -0.0841467
1729.99 -0.0383047 -0.344742 -9.15482 0.200997 -0.0131605 9.99721 0.0736092 -0.164323 -0.0829249
1730.0 -0.191523 -0.344742 -9.30804 0.202193 0.0239282 10.0032 0.0743728 -0.162643 -0.0853684
1730.02 0.0383047 -0.268133 -9.806 0.211765 0.0370887 10.0164 0.0781907 -0.164323 -0.0859793
1730.04 0.0766094 -0.268133 -9.38465 0.193819 0.0705882 9.99601 0.0794125 -0.163254 -0.0862847
1730.05 0.0 -0.191523 -9.26973 0.200997 0.0945165 9.99841 0.0755945 -0.159436 -0.087201
1730.07 0.0 -0.191523 -9.42295 0.190229 0.142373 10.0032 0.0783434 -0.163712 -0.0901026
1730.09 -0.114914 -0.344742 -9.46126 0.174676 0.144766 9.99123 0.0778853 -0.162796 -0.0873537
1730.1 0.0 -0.229828 -9.42295 0.132802 0.171087 10.0008 0.0783434 -0.162337 -0.0887282
1730.12 0.0 -0.114914 -9.42295 0.141176 0.171087 9.99721 0.079107 -0.161879 -0.0891863
1730.14 -0.0383047 -0.153219 -9.46126 0.137587 0.165105 10.0056 0.0772744 -0.161574 -0.0887282
1730.15 -0.191523 -0.153219 -9.49956 0.119641 0.165105 9.99123 0.0783434 -0.161421 -0.0876591
1730.17 0.0766094 -0.114914 -9.49956 0.111266 0.197408 10.0044 0.078038 -0.162337 -0.0876591
1730.19 0.0766094 -0.268133 -9.42295 0.100499 0.20339 10.014 0.0760527 -0.161421 -0.0873537
1730.2 -0.0766094 -0.114914 -9.46126 0.0957129 0.215354 10.0104 0.0800233 -0.164323 -0.0887282
1730.22 0.0 -0.153219 -9.49956 0.0921237 0.227318 9.99123 0.0766636 -0.162796 -0.083994
1730.24 -0.191523 0.0 -9.34634 0.0801595 0.272782 10.0008 0.0762054 -0.163712 -0.0849102
1730.25 -0.0383047 -0.0383047 -9.42295 0.0825523 0.284746 10.002 0.0745255 -0.16249 -0.0804815
1730.27 -0.0766094 -0.229828 -9.26973 0.0753739 0.284746 10.0092 0.0752891 -0.164475 -0.0824668
1730.29 0.0 -0.229828 -9.46126 0.0717846 0.265603 9.9996 0.0714712 -0.162948 -0.0798706
1730.3 -0.0383047 -0.229828 -9.23143 0.0885344 0.260818 10.0152 0.0717766 -0.163254 -0.0777326
1730.32 0.0383047 -0.114914 -9.42295 0.0646062 0.246461 9.99601 0.0722348 -0.164628 -0.0783434
1730.34 0.229828 -0.0766094 -9.34634 0.0658026 0.218943 9.99601 0.0685696 -0.163254 -0.0739146
1730.35 0.114914 -0.268133 -9.34634 0.0909272 0.183051 10.0032 0.0696386 -0.165697 -0.0746782
1730.37 0.0766094 -0.114914 -9.69109 0.117248 0.162712 10.0008 0.0693332 -0.167072 -0.0751364
1730.39 -0.0383047 -0.268133 -9.38465 0.112463 0.141176 10.0044 0.0742201 -0.170279 -0.0760527
1730.4 0.0 -0.229828 -9.57617 0.133998 0.120837 9.99242 0.0694859 -0.165392 -0.0734565
1730.42 -0.0766094 -0.229828 -9.34634 0.155533 0.117248 10.0128 0.0694859 -0.164628 -0.0742201
1730.44 -0.114914 -0.268133 -9.30804 0.161515 0.0969093 9.99841 0.068875 -0.166613 -0.0763581
1730.45 -0.0766094 -0.268133 -9.23143 0.165105 0.107677 9.99721 0.0705549 -0.16753 -0.0743728
1730.47 -0.0766094 -0.191523 -9.46126 0.172283 0.112463 9.99721 0.0694859 -0.163712 -0.0734565
1730.49 -0.0383047 -0.344742 -9.46126 0.200997 0.0981057 10.0044 0.071013 -0.166155 -0.0760527
1730.5 0.0 -0.229828 -9.38465 0.199801 0.0741775 10.0128 0.0717766 -0.166919 -0.076969
1730.52 -0.114914 -0.229828 -9.49956 0.196211 0.0646062 9.99003 0.0707076 -0.165392 -0.0771217
1730.54 -0.0766094 -0.268133 -9.30804 0.18664 0.0634098 10.0116 0.0713185 -0.165239 -0.0777326
1730.55 -0.0766094 -0.229828 -9.26973 0.187837 0.0155533 9.99482 0.0726929 -0.16417 -0.0789543
1730.57 -0.0383047 -0.344742 -9.30804 0.198604 0.0131605 10.0116 0.0728457 -0.163254 -0.0806342
1730.58 -0.153219 -0.229828 -9.11651 0.20339 0.0287139 10.002 0.0746782 -0.16417 -0.0835358
1730.6 -0.191523 -0.229828 -9.57617 0.197408 0.020339 10.0008 0.0742201 -0.162337 -0.0817032
1730.62 -0.114914 -0.306437 -9.34634 0.20339 0.00837488 10.0164 0.0754418 -0.161116 -0.0852157
1730.63 -0.191523 -0.306437 -8.96329 0.202193 0.0311067 9.99482 0.0771217 -0.163865 -0.0876591
1730.65 -0.0383047 -0.306437 -9.34634 0.179462 0.0526421 10.0068 0.0766636 -0.161879 -0.0858265
1730.67 -0.0766094 -0.153219 -9.15482 0.177069 0.0777667 9.99721 0.0768163 -0.160658 -0.0868956
1730.68 -0.0766094 -0.268133 -9.46126 0.15673 0.09332 9.99841 0.0786489 -0.163406 -0.089339
1730.7 0.0766094 -0.114914 -9.38465 0.147159 0.112463 10.0008 0.0757473 -0.161726 -0.0891863
1730.72 0.0766094 -0.153219 -9.57617 0.118445 0.133998 9.9996 0.0783434 -0.162185 -0.0899499
1730.74 0.0 -0.268133 -9.23143 0.102891 0.148355 9.9996 0.0788016 -0.161879 -0.08827
1730.76 0.0383047 -0.191523 -9.30804 0.106481 0.159123 9.9996 0.076969 -0.162337 -0.0870483
1730.77 -0.0383047 -0.191523 -9.19312 0.0861416 0.166301 10.0032 0.0781907 -0.163406 -0.0890336
1730.79 0.0 -0.191523 -9.34634 0.0753739 0.172283 10.0032 0.0768163 -0.162032 -0.0853684
1730.81 -0.153219 -0.114914 -9.61448 0.100499 0.195015 9.99721 0.0763581 -0.163712 -0.0836885
1730.82 0.153219 -0.191523 -9.42295 0.102891 0.205783 9.9996 0.0781907 -0.162948 -0.087201
1730.84 0.0383047 -0.191523 -9.72939 0.0957129 0.21655 10.002 0.0774271 -0.164475 -0.0894917
1730.86 -0.0383047 -0.153219 -9.57617 0.0957129 0.236889 9.99601 0.0762054 -0.163254 -0.0849102
1730.87 0.0 -0.153219 -9.38465 0.107677 0.240479 9.99601 0.0762054 -0.164781 -0.0859793
1730.89 0.114914 -0.344742 -9.49956 0.100499 0.229711 10.0044 0.0759 -0.166919 -0.085063
1730.9 0.0 -0.153219 -9.38465 0.0801595 0.258425 9.99242 0.0765108 -0.168293 -0.0833831
1730.92 0.0 -0.114914 -9.806 0.087338 0.252443 9.9996 0.0746782 -0.166308 -0.0807869
1730.94 -0.0383047 -0.153219 -9.42295 0.101695 0.246461 10.0164 0.0713185 -0.166003 -0.078038
1730.95 -0.0383047 -0.191523 -9.34634 0.0897308 0.224925 9.9996 0.0719294 -0.167377 -0.0800233
1730.97 0.114914 -0.229828 -9.53786 0.0957129 0.224925 9.99123 0.0714712 -0.165544 -0.0752891
1730.99 0.0 -0.191523 -9.42295 0.113659 0.206979 10.0104 0.0707076 -0.165697 -0.0743728
1731.0 -0.0766094 -0.306437 -9.38465 0.143569 0.168694 10.0008 0.0684169 -0.162948 -0.0722348
1731.02 -0.0383047 -0.229828 -9.42295 0.163908 0.148355 9.9996 0.0723875 -0.168293 -0.0763581
1731.04 0.0766094 -0.229828 -9.38465 0.184247 0.135194 10.0092 0.071013 -0.165544 -0.0762054
1731.05 -0.0383047 -0.344742 -9.46126 0.189033 0.118445 10.0056 0.0719294 -0.168141 -0.0766636
1731.07 -0.0383047 -0.191523 -9.23143 0.193819 0.0993021 9.99721 0.0693332 -0.165239 -0.0763581
1731.09 -0.153219 -0.268133 -9.30804 0.187837 0.0849452 10.0056 0.0714712 -0.165392 -0.0765108
1731.1 -0.0766094 -0.229828 -9.11651 0.191426 0.0777667 10.0044 0.071013 -0.165392 -0.0775799
1731.12 -0.0383047 -0.306437 -9.57617 0.18664 0.0849452 10.0104 0.0700968 -0.163406 -0.0772744
1731.14 0.0766094 -0.344742 -9.26973 0.163908 0.066999 9.9996 0.0708604 -0.163865 -0.078038
1731.15 -0.191523 -0.191523 -9.72939 0.159123 0.04666 9.9996 0.0723875 -0.164017 -0.0789543
1731.17 -0.0766094 -0.268133 -9.34634 0.15673 0.0574277 10.008 0.0726929 -0.164934 -0.0797179
1731.19 0.0766094 -0.191523 -9.30804 0.166301 0.0454636 9.99482 0.071013 -0.161574 -0.0795652
1731.2 0.0383047 -0.306437 -9.26973 0.175872 0.0179462 10.0164 0.0740674 -0.161726 -0.0788016
1731.22 0.0 -0.344742 -9.69109 0.180658 0.0155533 10.0092 0.0740674 -0.162948 -0.0817032
1731.24 -0.229828 -0.268133 -9.46126 0.189033 0.020339 9.99242 0.0745255 -0.164475 -0.0841467
1731.25 -0.0383047 -0.344742 -9.38465 0.172283 0.0191426 10.008 0.0754418 -0.162032 -0.0849102
1731.27 0.0 -0.383047 -9.76769 0.162712 0.0323031 9.99721 0.0751364 -0.16081 -0.086132
1731.29 -0.0383047 -0.153219 -9.38465 0.17348 0.0526421 9.98764 0.0774271 -0.161268 -0.086132
1731.3 -0.153219 -0.306437 -9.38465 0.130409 0.087338 10.0116 0.0789543 -0.16417 -0.0890336
1731.32 -0.114914 -0.191523 -9.34634 0.112463 0.0969093 9.99003 0.0778853 -0.162643 -0.0884227
1731.34 0.0383047 -0.191523 -9.42295 0.111266 0.12323 10.0104 0.0784962 -0.16417 -0.0875064
1731.35 -0.153219 -0.114914 -9.38465 0.104088 0.163908 9.99362 0.0809396 -0.162796 -0.0901026
1731.37 0.0 -0.229828 -9.46126 0.101695 0.178265 9.99601 0.0777326 -0.162796 -0.0888809
1731.39 0.0 -0.153219 -9.34634 0.0945165 0.178265 10.0032 0.0784962 -0.164323 -0.0881173
1731.4 0.0383047 -0.153219 -9.23143 0.113659 0.192622 10.0116 0.0777326 -0.164475 -0.0864374
1731.42 0.0 -0.0766094 -9.46126 0.120837 0.206979 9.9996 0.0763581 -0.163406 -0.0858265
1731.44 -0.114914 -0.0766094 -9.15482 0.125623 0.222532 10.0008 0.0768163 -0.164475 -0.0855211
1731.45 0.0 -0.114914 -9.38465 0.128016 0.224925 9.99841 0.0778853 -0.166308 -0.0868956
1731.47 -0.114914 -0.268133 -9.46126 0.137587 0.224925 10.002 0.0728457 -0.163406 -0.0821613
1731.48 0.0766094 -0.0766094 -8.96329 0.128016 0.2333 9.99841 0.0760527 -0.166766 -0.0859793
1731.5 0.0383047 -0.153219 -9.42295 0.116052 0.242871 9.99482 0.0725402 -0.163101 -0.0817032
1731.52 -0.0383047 -0.153219 -8.81008 0.120837 0.251246 9.99601 0.074831 -0.164628 -0.0820086
1731.53 -0.0383047 -0.153219 -9.38465 0.117248 0.246461 10.0032 0.0717766 -0.161726 -0.0778853
1731.55 0.0 -0.191523 -9.42295 0.0993021 0.246461 9.99841 0.0708604 -0.162185 -0.0778853
1731.57 -0.114914 -0.0766094 -9.57617 0.11007 0.245264 9.99362 0.0728457 -0.16585 -0.079107
1731.58 0.0 -0.153219 -9.53786 0.107677 0.228514 9.99242 0.0708604 -0.165239 -0.0763581
1731.6 -0.114914 -0.114914 -9.26973 0.132802 0.209372 9.9996 0.0717766 -0.166461 -0.0763581
1731.62 0.0383047 -0.268133 -9.34634 0.148355 0.172283 9.9996 0.0691805 -0.164628 -0.0728457
1731.63 0.0383047 -0.114914 -9.23143 0.148355 0.159123 9.99482 0.0704022 -0.165239 -0.0740674
1731.65 -0.0766094 -0.229828 -9.34634 0.15673 0.136391 10.008 0.071013 -0.166308 -0.0749837
1731.67 0.0383047 -0.229828 -9.38465 0.160319 0.0993021 9.99482 0.0696386 -0.164934 -0.0757473
1731.68 0.0 -0.268133 -9.34634 0.168694 0.0897308 10.0092 0.0696386 -0.163254 -0.0759
1731.7 0.0383047 -0.268133 -9.42295 0.151944 0.0801595 10.008 0.0685696 -0.164475 -0.0755945
1731.72 -0.114914 -0.229828 -9.38465 0.141176 0.066999 9.99003 0.071624 -0.164017 -0.0768163
1731.73 0.0 -0.306437 -9.34634 0.136391 0.0538385 10.002 0.0708604 -0.165086 -0.078038
1731.75 0.0383047 -0.268133 -9.26973 0.135194 0.0526421 10.0056 0.0708604 -0.163101 -0.0792598
1731.76 -0.114914 -0.268133 -9.806 0.125623 0.0394815 10.0044 0.0705549 -0.162337 -0.0774271
1731.78 0.0 -0.268133 -9.30804 0.124427 0.0550349 10.0044 0.0734565 -0.165239 -0.0801761
1731.8 0.0 -0.306437 -9.38465 0.137587 0.0550349 10.0056 0.0742201 -0.165086 -0.0820086
1731.81 -0.0766094 -0.191523 -9.15482 0.163908 0.0346959 10.0164 0.0714712 -0.163559 -0.0784962
1731.83 -0.0383047 -0.191523 -9.30804 0.149551 0.0334995 10.0056 0.0757473 -0.166308 -0.0824668
1731.85 0.0 -0.268133 -9.65278 0.174676 0.0346959 10.0403 0.0742201 -0.165086 -0.0832304
1731.86 0.0 -0.268133 -9.49956 0.172283 0.0526421 10.0068 0.0736092 -0.163559 -0.0826195
1731.88 -0.114914 -0.268133 -9.42295 0.17348 0.04666 9.99123 0.0740674 -0.161421 -0.0826195
1731.9 -0.153219 -0.191523 -9.0016 0.205783 0.0430708 10.0187 0.0765108 -0.166308 -0.0865901
1731.91 -0.114914 -0.306437 -9.42295 0.177069 0.0945165 9.98764 0.0755945 -0.162032 -0.0867428
1731.93 -0.153219 -0.268133 -9.26973 0.165105 0.125623 10.0032 0.0783434 -0.164017 -0.0865901
1731.95 -0.0766094 -0.191523 -9.34634 0.15673 0.132802 10.0104 0.0778853 -0.163101 -0.0881173
1731.96 0.0383047 -0.191523 -9.34634 0.150748 0.144766 9.99841 0.0783434 -0.164475 -0.08827
1731.98 0.0383047 -0.229828 -9.49956 0.162712 0.192622 10.0104 0.0762054 -0.160047 -0.0878119
1731.99 -0.0383047 -0.191523 -9.38465 0.122034 0.206979 10.002 0.0763581 -0.162337 -0.085063
1732.01 0.0766094 -0.0766094 -9.26973 0.147159 0.212961 10.0164 0.0751364 -0.161726 -0.0849102
1732.03 -0.0383047 -0.229828 -9.34634 0.160319 0.212961 9.99242 0.0775799 -0.165086 -0.0870483
1732.04 -0.306437 -0.153219 -9.19312 0.159123 0.227318 9.98883 0.0754418 -0.161574 -0.0856738
1732.06 -0.114914 -0.191523 -9.38465 0.145962 0.234497 9.99482 0.0752891 -0.162185 -0.0844521
1732.08 0.0 -0.0766094 -9.42295 0.145962 0.223729 10.0104 0.0777326 -0.164323 -0.085063
1732.09 -0.0766094 -0.153219 -9.65278 0.141176 0.232104 9.98524 0.0759 -0.162948 -0.0847575
1732.11 -0.0383047 -0.153219 -9.46126 0.147159 0.218943 9.98166 0.0751364 -0.163101 -0.0836885
1732.13 -0.0383047 -0.153219 -9.42295 0.101695 0.226122 9.99123 0.0702495 -0.160963 -0.0792598
1732.14 0.0766094 -0.191523 -9.53786 0.0969093 0.222532 9.99841 0.0733038 -0.162337 -0.081245
1732.16 0.0 -0.153219 -9.38465 0.0885344 0.22014 9.99482 0.0731511 -0.164475 -0.0801761
1732.18 -0.0383047 -0.191523 -9.65278 0.061017 0.204586 10.0068 0.0696386 -0.161116 -0.079107
1732.19 0.0766094 -0.0766094 -9.42295 0.0681954 0.202193 10.0056 0.0717766 -0.163406 -0.0786489
1732.21 -0.0383047 -0.114914 -9.8443 0.0801595 0.190229 10.0008 0.0687223 -0.163254 -0.074831
1732.23 0.114914 -0.229828 -9.49956 0.0741775 0.187837 10.0056 0.0662789 -0.161268 -0.0734565
1732.24 0.0 -0.268133 -9.26973 0.0837488 0.166301 10.0056 0.0679587 -0.162337 -0.0760527
1732.26 -0.0383047 -0.191523 -9.46126 0.118445 0.13998 10.0092 0.0711658 -0.165697 -0.0757473
1732.28 0.0766094 -0.153219 -9.65278 0.130409 0.142373 9.99242 0.0708604 -0.165392 -0.0733038
1732.29 -0.0766094 -0.191523 -9.69109 0.119641 0.0993021 10.0032 0.0704022 -0.165544 -0.074831
1732.31 -0.0383047 -0.229828 -9.42295 0.141176 0.087338 10.014 0.071013 -0.166766 -0.0784962
1732.33 -0.0383047 -0.383047 -9.46126 0.141176 0.0813559 10.0092 0.0713185 -0.166461 -0.0774271
1732.34 0.0 -0.268133 -9.30804 0.137587 0.0741775 9.99123 0.0696386 -0.163101 -0.0762054
1732.36 -0.153219 -0.229828 -9.72939 0.153141 0.0634098 9.99482 0.0723875 -0.166461 -0.0759
1732.38 -0.0383047 -0.229828 -9.38465 0.159123 0.0741775 9.98764 0.0717766 -0.165697 -0.0810924
1732.39 -0.229828 -0.344742 -9.30804 0.16989 0.0634098 9.99123 0.0728457 -0.163865 -0.0809396
1732.41 -0.0766094 -0.268133 -9.46126 0.175872 0.066999 10.002 0.0733038 -0.165697 -0.078038
1732.43 -0.0383047 -0.153219 -9.72939 0.206979 0.066999 9.98644 0.0742201 -0.164628 -0.0800233
1732.44 -0.114914 -0.153219 -9.19312 0.190229 0.0777667 10.0032 0.0755945 -0.165239 -0.0835358
1732.46 -0.114914 -0.191523 -9.34634 0.222532 0.0693918 9.98285 0.0757473 -0.165697 -0.0835358
1732.48 0.0766094 -0.268133 -9.23143 0.226122 0.0646062 10.0008 0.0760527 -0.164628 -0.0838412
1732.49 -0.191523 -0.268133 -9.34634 0.214158 0.0693918 10.0044 0.0739146 -0.161879 -0.0838412
1732.51 0.0 -0.229828 -9.38465 0.21655 0.0658026 9.99123 0.0739146 -0.160047 -0.0829249
1732.52 -0.0383047 -0.191523 -9.46126 0.190229 0.0813559 10.002 0.0774271 -0.163254 -0.0873537
1732.54 -0.114914 -0.229828 -9.23143 0.175872 0.106481 9.99601 0.0762054 -0.160352 -0.0864374
1732.56 0.0 -0.191523 -9.23143 0.167498 0.102891 10.002 0.0783434 -0.163559 -0.0884227
1732.57 -0.0383047 -0.153219 -9.49956 0.150748 0.117248 9.99482 0.0742201 -0.160352 -0.0864374
1732.59 0.0 -0.306437 -9.15482 0.12682 0.162712 10.0056 0.0768163 -0.161421 -0.0902553
1732.61 -0.0766094 -0.268133 -9.42295 0.119641 0.166301 9.9996 0.0789543 -0.163254 -0.0899499
1732.62 0.0 -0.344742 -9.30804 0.111266 0.181854 10.0056 0.0763581 -0.162032 -0.087201
1732.64 0.0 -0.191523 -9.42295 0.0969093 0.206979 9.99601 0.0789543 -0.164475 -0.0878119
1732.66 0.0383047 -0.229828 -9.61448 0.0921237 0.206979 10.0008 0.0752891 -0.16249 -0.0836885
1732.67 0.114914 -0.114914 -9.38465 0.0981057 0.206979 10.0104 0.0794125 -0.164781 -0.0858265
1732.69 0.0766094 -0.191523 -9.11651 0.0981057 0.195015 10.008 0.0752891 -0.161116 -0.0838412
1732.71 0.0383047 -0.191523 -9.57617 0.0729811 0.195015 9.99841 0.0739146 -0.163865 -0.0829249
1732.72 -0.0766094 -0.191523 -9.46126 0.0849452 0.205783 10.0152 0.0749837 -0.161879 -0.0827722
1732.74 0.0 -0.114914 -9.46126 0.0658026 0.206979 10.0032 0.0719294 -0.160963 -0.0798706
1732.76 0.153219 -0.229828 -9.42295 0.0717846 0.192622 9.99841 0.0733038 -0.164017 -0.0815505
1732.77 0.0766094 -0.229828 -9.34634 0.0693918 0.209372 10.0104 0.0736092 -0.165086 -0.0830777
1732.79 0.0 -0.114914 -9.34634 0.0777667 0.210568 10.0092 0.073762 -0.16585 -0.0798706
1732.81 0.0 -0.191523 -9.19312 0.0813559 0.20339 9.99482 0.0720821 -0.164323 -0.0765108
1732.82 0.0 -0.191523 -9.34634 0.104088 0.211765 10.0056 0.0726929 -0.166613 -0.0775799
1732.84 0.0 -0.191523 -9.26973 0.118445 0.195015 9.99242 0.0723875 -0.167682 -0.0792598
1732.86 -0.114914 -0.229828 -9.15482 0.154337 0.197408 10.014 0.0711658 -0.166461 -0.0781907
1732.87 0.0766094 -0.153219 -9.42295 0.153141 0.175872 9.9996 0.0707076 -0.166919 -0.0749837
1732.89 0.0 -0.229828 -8.96329 0.165105 0.153141 10.0032 0.0707076 -0.164934 -0.0736092
1732.91 0.0383047 -0.229828 -9.38465 0.177069 0.130409 10.0152 0.0708604 -0.167682 -0.0774271
1732.92 0.0 -0.268133 -9.11651 0.184247 0.102891 10.0092 0.0711658 -0.16753 -0.0778853
1732.94 -0.0766094 -0.153219 -9.42295 0.172283 0.09332 10.0044 0.0717766 -0.168446 -0.0759
1732.96 -0.229828 -0.306437 -9.23143 0.189033 0.0801595 9.99721 0.0696386 -0.163101 -0.0746782
1732.97 -0.229828 -0.306437 -9.46126 0.191426 0.0741775 10.0008 0.071624 -0.167072 -0.0786489
1732.99 -0.114914 -0.344742 -9.26973 0.208175 0.0741775 9.99721 0.0719294 -0.162948 -0.0807869
1733.01 0.0 -0.229828 -9.42295 0.191426 0.0622134 9.99841 0.0697913 -0.161879 -0.0794125
1733.02 -0.114914 -0.306437 -9.38465 0.200997 0.066999 9.99601 0.0733038 -0.164781 -0.0794125
1733.04 -0.0766094 -0.191523 -9.23143 0.205783 0.0753739 9.98524 0.0734565 -0.162643 -0.0800233
1733.06 0.0 -0.191523 -9.38465 0.190229 0.0777667 10.0056 0.0729984 -0.161421 -0.0797179
1733.07 0.0 -0.268133 -9.46126 0.177069 0.0789631 9.98764 0.0736092 -0.163559 -0.0838412
1733.09 -0.0383047 -0.268133 -9.46126 0.165105 0.0681954 9.99841 0.0743728 -0.162185 -0.0849102
1733.11 -0.0766094 -0.344742 -9.34634 0.157926 0.0502493 9.99123 0.0752891 -0.162032 -0.0835358
1733.12 -0.153219 -0.191523 -9.30804 0.144766 0.066999 10.008 0.0745255 -0.161421 -0.0824668
1733.14 -0.0766094 -0.268133 -9.38465 0.129212 0.0741775 9.99242 0.0752891 -0.162032 -0.0844521
1733.15 0.229828 -0.344742 -9.49956 0.136391 0.0622134 10.0032 0.0772744 -0.165239 -0.087201
1733.17 0.0383047 -0.268133 -9.46126 0.125623 0.0765703 9.99601 0.0783434 -0.163406 -0.0875064
1733.19 -0.0766094 -0.229828 -9.07821 0.120837 0.105284 9.98644 0.0771217 -0.162337 -0.0858265
1733.2 -0.191523 -0.229828 -9.42295 0.114855 0.118445 10.014 0.0768163 -0.16081 -0.0856738
1733.22 -0.153219 -0.191523 -9.38465 0.105284 0.132802 9.99841 0.0771217 -0.161879 -0.0852157
1733.24 0.0 -0.268133 -9.76769 0.0885344 0.165105 10.0092 0.0783434 -0.164475 -0.08827
1733.25 -0.0383047 -0.191523 -9.42295 0.0921237 0.193819 10.008 0.0760527 -0.163101 -0.0853684
1733.27 -0.0383047 -0.268133 -9.49956 0.0969093 0.191426 9.99362 0.0757473 -0.163406 -0.0838412
1733.29 -0.0766094 -0.153219 -9.42295 0.111266 0.20339 9.9996 0.0763581 -0.163712 -0.0853684
1733.3 0.268133 -0.191523 -9.49956 0.0969093 0.209372 10.0032 0.0752891 -0.166003 -0.086132
1733.32 0.0383047 -0.0766094 -9.49956 0.102891 0.221336 9.9996 0.0754418 -0.163406 -0.0823141
1733.34 -0.0383047 -0.229828 -9.46126 0.100499 0.226122 9.99721 0.0751364 -0.165239 -0.0818559
1733.35 0.0766094 -0.153219 -9.42295 0.117248 0.210568 9.9996 0.0760527 -0.165086 -0.0829249
1733.37 0.0383047 -0.114914 -9.34634 0.132802 0.214158 9.98644 0.0739146 -0.165086 -0.0823141
1733.39 -0.0766094 -0.191523 -9.38465 0.130409 0.214158 9.99721 0.073762 -0.164934 -0.0806342
1733.4 0.0383047 -0.0766094 -9.30804 0.148355 0.204586 9.99362 0.0726929 -0.164934 -0.0783434
1733.42 0.0 -0.114914 -9.26973 0.151944 0.22014 10.0092 0.0734565 -0.167835 -0.0788016
1733.44 -0.0766094 -0.191523 -9.34634 0.160319 0.215354 10.002 0.0708604 -0.162948 -0.079107
1733.45 0.191523 -0.191523 -9.69109 0.153141 0.200997 9.99482 0.0717766 -0.164934 -0.0803288
1733.47 -0.0383047 -0.191523 -9.46126 0.161515 0.18664 10.0116 0.0726929 -0.16417 -0.0771217
1733.48 0.0766094 -0.153219 -9.11651 0.150748 0.193819 10.0056 0.0707076 -0.162948 -0.074831
1733.5 -0.114914 -0.229828 -9.49956 0.153141 0.165105 10.002 0.0700968 -0.163406 -0.0766636
1733.52 -0.114914 -0.383047 -9.42295 0.17348 0.150748 10.008 0.071013 -0.163254 -0.0771217
1733.53 -0.114914 -0.229828 -9.38465 0.166301 0.141176 9.99482 0.0682642 -0.161116 -0.0752891
1733.55 -0.0766094 -0.191523 -9.46126 0.160319 0.100499 9.99601 0.0700968 -0.163406 -0.0751364
1733.57 -0.114914 -0.229828 -9.42295 0.153141 0.0957129 10.002 0.0728457 -0.164781 -0.0778853
1733.58 -0.0383047 -0.268133 -9.38465 0.159123 0.0849452 10.014 0.0702495 -0.162643 -0.0783434
1733.6 -0.0383047 -0.306437 -9.49956 0.151944 0.0574277 10.0008 0.0700968 -0.160963 -0.078038
1733.62 -0.0383047 -0.268133 -9.26973 0.161515 0.0454636 10.0164 0.0713185 -0.162337 -0.0781907
1733.63 0.0383047 -0.306437 -9.30804 0.143569 0.0442672 10.0092 0.0720821 -0.163559 -0.0809396
1733.65 -0.0383047 -0.229828 -9.34634 0.145962 0.0430708 10.0032 0.071013 -0.160505 -0.0792598
1733.67 -0.0383047 -0.191523 -9.61448 0.141176 0.0454636 10.002 0.074831 -0.163101 -0.0829249
1733.68 0.0 -0.229828 -9.34634 0.13998 0.0586241 10.0128 0.0736092 -0.163406 -0.0820086
1733.7 0.0383047 -0.191523 -9.69109 0.124427 0.0622134 9.99123 0.0760527 -0.16585 -0.0838412
1733.72 -0.114914 -0.191523 -9.53786 0.130409 0.0717846 10.0068 0.0746782 -0.162643 -0.083994
1733.73 -0.0383047 -0.306437 -9.38465 0.129212 0.0705882 10.0056 0.0752891 -0.164323 -0.0836885
1733.75 0.0 -0.268133 -9.26973 0.133998 0.0753739 10.0032 0.0775799 -0.164934 -0.0852157
1733.77 0.0383047 -0.268133 -9.38465 0.142373 0.0861416 9.99482 0.079107 -0.166003 -0.0852157
1733.78 -0.421352 -0.153219 -9.26973 0.142373 0.107677 10.0104 0.0759 -0.16249 -0.0833831
1733.8 -0.114914 -0.229828 -9.42295 0.149551 0.0945165 9.99841 0.0771217 -0.165086 -0.0870483
1733.82 -0.114914 -0.306437 -9.38465 0.148355 0.118445 10.002 0.0745255 -0.165086 -0.0849102
1733.83 -0.191523 -0.229828 -9.57617 0.15673 0.137587 9.99123 0.0778853 -0.164781 -0.0867428
1733.85 0.0 -0.191523 -9.42295 0.165105 0.149551 9.97567 0.0777326 -0.165239 -0.0853684
1733.87 0.0383047 -0.191523 -9.19312 0.143569 0.184247 9.99721 0.0768163 -0.163865 -0.0835358
1733.88 -0.0766094 -0.229828 -9.42295 0.144766 0.192622 10.0068 0.0752891 -0.160963 -0.0836885
1733.9 -0.0383047 -0.0766094 -9.42295 0.150748 0.205783 9.98405 0.0771217 -0.164017 -0.0856738
1733.91 0.114914 -0.191523 -9.57617 0.150748 0.232104 10.0068 0.0751364 -0.163406 -0.083994
1733.93 -0.0383047 -0.0766094 -9.38465 0.148355 0.235693 10.0032 0.0739146 -0.16249 -0.0833831
1733.95 -0.153219 -0.114914 -9.38465 0.129212 0.226122 9.99123 0.0723875 -0.162948 -0.0807869
1733.96 -0.383047 -0.191523 -9.15482 0.148355 0.230907 9.98405 0.0733038 -0.163254 -0.0809396
1733.98 0.0 -0.153219 -9.42295 0.136391 0.227318 9.99362 0.0725402 -0.162337 -0.0806342
1734.0 -0.114914 -0.191523 -9.07821 0.131605 0.198604 9.99841 0.0751364 -0.165392 -0.0803288
1734.01 -0.0383047 -0.191523 -9.34634 0.138784 0.197408 9.99721 0.0725402 -0.164475 -0.0797179
1734.03 -0.153219 -0.268133 -9.65278 0.128016 0.196211 10.002 0.0714712 -0.162643 -0.081245
1734.05 -0.0766094 -0.229828 -9.34634 0.111266 0.172283 9.9996 0.0726929 -0.163865 -0.0797179
1734.06 -0.0383047 -0.153219 -9.26973 0.12323 0.168694 10.0116 0.0723875 -0.163406 -0.0774271
1734.08 -0.0383047 -0.229828 -9.38465 0.116052 0.165105 10.008 0.0696386 -0.162032 -0.0789543
1734.1 0.0766094 -0.191523 -9.26973 0.104088 0.171087 9.99242 0.0719294 -0.165239 -0.081245
1734.11 -0.0383047 -0.306437 -9.57617 0.0861416 0.149551 9.99003 0.0714712 -0.165239 -0.0795652
1734.13 0.0383047 -0.191523 -9.30804 0.0921237 0.144766 10.014 0.0699441 -0.163865 -0.0772744
1734.14 0.0 -0.0766094 -9.30804 0.087338 0.124427 10.0044 0.071013 -0.164017 -0.0777326
1734.16 -0.0383047 -0.153219 -9.46126 0.119641 0.111266 10.0092 0.0705549 -0.164934 -0.0777326
1734.18 -0.0383047 -0.229828 -9.38465 0.113659 0.108873 10.0164 0.0731511 -0.166766 -0.0803288
1734.19 -0.114914 -0.153219 -9.34634 0.12323 0.0825523 9.99721 0.0733038 -0.166003 -0.078038
1734.21 0.0383047 -0.229828 -9.38465 0.135194 0.0717846 9.99721 0.0728457 -0.166613 -0.0774271
1734.22 0.0 -0.191523 -9.42295 0.147159 0.0634098 9.99362 0.0754418 -0.167682 -0.081245
1734.24 -0.0766094 -0.229828 -9.30804 0.144766 0.0562313 9.98883 0.0731511 -0.164628 -0.0795652
1734.25 -0.0383047 -0.229828 -9.46126 0.153141 0.0550349 10.0116 0.0719294 -0.164781 -0.0788016
1734.27 -0.114914 -0.268133 -9.42295 0.153141 0.0562313 10.0032 0.0751364 -0.166003 -0.0794125
1734.28 -0.0766094 -0.268133 -9.42295 0.155533 0.061017 9.99362 0.0749837 -0.165697 -0.0807869
1734.88 -0.0766094 -0.153219 -9.19312 0.178265 0.061017 10.0032 0.0733038 -0.164475 -0.0800233
1734.9 0.0 -0.229828 -9.46126 0.190229 0.0813559 10.0056 0.0742201 -0.163559 -0.081245
1734.91 -0.153219 -0.268133 -9.69109 0.191426 0.0861416 10.0116 0.0736092 -0.163559 -0.0824668
1734.93 -0.229828 -0.229828 -9.30804 0.18664 0.09332 10.002 0.0771217 -0.166766 -0.0849102
1734.95 -0.114914 -0.229828 -9.38465 0.177069 0.101695 10.0152 0.0752891 -0.163559 -0.0830777
1734.96 -0.0766094 -0.229828 -9.30804 0.167498 0.125623 9.99721 0.076969 -0.164475 -0.0864374
1734.98 -0.0383047 -0.191523 -9.42295 0.174676 0.130409 10.0116 0.0743728 -0.163865 -0.0847575
1735.0 0.229828 -0.268133 -9.38465 0.149551 0.124427 10.008 0.0762054 -0.163712 -0.0847575
1735.01 -0.0766094 -0.153219 -9.38465 0.161515 0.125623 10.0152 0.0739146 -0.162643 -0.0833831
1735.03 0.0766094 -0.191523 -9.49956 0.153141 0.117248 10.0247 0.0736092 -0.162032 -0.0846048
1735.05 0.0 -0.191523 -9.38465 0.135194 0.128016 9.99841 0.0759 -0.162337 -0.0827722
1735.06 -0.153219 -0.114914 -9.65278 0.136391 0.119641 9.99601 0.0722348 -0.158825 -0.0821613
1735.08 -0.0383047 -0.229828 -9.46126 0.12682 0.114855 10.0152 0.0757473 -0.161726 -0.0841467
1735.1 0.0 -0.229828 -9.34634 0.111266 0.124427 10.0044 0.0749837 -0.160658 -0.0832304
1735.11 -0.114914 -0.229828 -9.23143 0.0993021 0.148355 10.0092 0.0781907 -0.163559 -0.0858265
1735.13 -0.0766094 -0.229828 -9.49956 0.104088 0.147159 10.0092 0.0774271 -0.164628 -0.0853684
1735.15 -0.114914 -0.191523 -9.42295 0.0861416 0.172283 10.0056 0.0759 -0.161879 -0.0853684
1735.16 0.0 -0.153219 -9.38465 0.0885344 0.190229 9.99841 0.0759 -0.163559 -0.083994
1735.18 0.0383047 -0.114914 -9.15482 0.100499 0.196211 10.014 0.0755945 -0.163254 -0.0833831
1735.2 0.0766094 -0.229828 -9.49956 0.0885344 0.202193 9.99841 0.0739146 -0.163712 -0.0815505
1735.21 0.191523 -0.0766094 -9.26973 0.112463 0.199801 10.008 0.0725402 -0.162796 -0.0801761
1735.23 -0.0766094 -0.229828 -9.38465 0.113659 0.196211 9.99841 0.0725402 -0.164628 -0.0798706
1735.25 -0.0383047 -0.114914 -9.30804 0.106481 0.174676 9.9996 0.0728457 -0.164323 -0.0795652
1735.26 0.0766094 -0.153219 -9.34634 0.124427 0.177069 9.99362 0.0731511 -0.163406 -0.0798706
1735.28 -0.0383047 -0.229828 -9.26973 0.12682 0.172283 10.0044 0.0711658 -0.164323 -0.0777326
1735.3 0.0383047 -0.191523 -9.42295 0.144766 0.162712 9.9996 0.0723875 -0.166613 -0.0786489
1735.31 0.0766094 -0.229828 -9.38465 0.133998 0.166301 10.0044 0.0752891 -0.168141 -0.0815505
1735.33 0.0 -0.114914 -9.34634 0.148355 0.161515 9.98524 0.0713185 -0.163865 -0.0771217
1735.35 -0.0383047 -0.153219 -9.61448 0.15673 0.155533 9.99721 0.0740674 -0.165239 -0.0784962
1735.36 -0.153219 -0.229828 -9.38465 0.144766 0.153141 9.99841 0.074831 -0.166155 -0.079107
1735.38 -0.0766094 -0.191523 -9.42295 0.175872 0.160319 9.99841 0.0751364 -0.167835 -0.0804815
1735.4 -0.0383047 -0.191523 -9.49956 0.177069 0.155533 10.002 0.0740674 -0.165086 -0.0783434
1735.41 -0.0766094 -0.191523 -9.42295 0.166301 0.153141 9.99841 0.0731511 -0.164323 -0.0778853
1735.43 -0.0383047 -0.191523 -9.23143 0.17348 0.148355 9.99123 0.0714712 -0.163712 -0.0774271
1735.44 -0.0766094 -0.191523 -9.53786 0.160319 0.116052 10.0008 0.071624 -0.164781 -0.078038
1735.46 -0.0766094 -0.229828 -9.30804 0.157926 0.0921237 10.0044 0.0733038 -0.163559 -0.0788016
1735.48 0.114914 -0.229828 -9.42295 0.175872 0.0849452 10.002 0.0729984 -0.164934 -0.0772744
1735.49 -0.0383047 -0.229828 -9.38465 0.155533 0.0813559 9.99841 0.0700968 -0.16249 -0.0800233
1735.51 -0.0383047 -0.229828 -9.49956 0.142373 0.0634098 9.99841 0.071624 -0.162796 -0.0797179
1735.53 0.0766094 -0.229828 -9.38465 0.165105 0.0681954 9.99841 0.0751364 -0.163254 -0.0809396
1735.55 -0.0383047 -0.191523 -9.19312 0.162712 0.0681954 10.0056 0.0754418 -0.164017 -0.0836885
1735.56 -0.0383047 -0.229828 -9.38465 0.147159 0.0885344 9.99721 0.0734565 -0.162185 -0.0842994
1735.58 0.0383047 -0.306437 -9.49956 0.149551 0.0909272 9.99003 0.0745255 -0.163712 -0.0823141
1735.59 -0.0383047 -0.229828 -9.46126 0.13998 0.0945165 10.0044 0.074831 -0.161574 -0.0835358
1735.61 -0.0766094 -0.191523 -9.42295 0.137587 0.102891 10.0092 0.0740674 -0.16081 -0.0842994
1735.63 0.191523 -0.153219 -9.34634 0.131605 0.111266 10.0128 0.0762054 -0.163712 -0.0838412
1735.64 0.0 -0.191523 -9.34634 0.114855 0.125623 10.0128 0.0772744 -0.162948 -0.0859793
1735.66 0.114914 -0.229828 -9.38465 0.116052 0.118445 10.0008 0.0746782 -0.161116 -0.0827722
1735.68 -0.0383047 -0.153219 -9.38465 0.114855 0.118445 10.0104 0.0759 -0.164475 -0.0859793
1735.69 0.0766094 -0.421352 -9.49956 0.107677 0.125623 9.99841 0.0757473 -0.163406 -0.0841467
1735.71 0.0 -0.268133 -9.38465 0.12323 0.132802 9.99841 0.0746782 -0.162337 -0.0841467
1735.73 -0.0383047 -0.383047 -9.34634 0.124427 0.143569 10.0056 0.0766636 -0.16249 -0.0841467
1735.74 0.114914 -0.191523 -9.42295 0.11007 0.147159 10.002 0.0774271 -0.163254 -0.0838412
1735.76 -0.153219 -0.191523 -9.42295 0.132802 0.16989 10.0092 0.0775799 -0.163406 -0.0832304
1735.78 -0.114914 -0.191523 -9.26973 0.136391 0.199801 9.9996 0.073762 -0.162948 -0.0823141
1735.79 0.0 -0.114914 -9.46126 0.149551 0.202193 9.99601 0.0739146 -0.163712 -0.0829249
1735.81 0.0383047 -0.153219 -9.34634 0.153141 0.212961 9.99841 0.0768163 -0.165086 -0.0852157
1735.83 0.0 -0.114914 -9.34634 0.141176 0.217747 10.0068 0.0749837 -0.164781 -0.0821613
1735.84 0.153219 -0.229828 -9.53786 0.122034 0.22014 9.9996 0.0733038 -0.164781 -0.081245
1735.86 -0.0766094 -0.229828 -9.34634 0.122034 0.212961 9.99362 0.0746782 -0.164475 -0.081245
1735.88 -0.229828 -0.191523 -9.26973 0.131605 0.198604 10.0032 0.0726929 -0.162796 -0.0807869
1735.89 0.0 -0.153219 -9.42295 0.138784 0.192622 9.99841 0.073762 -0.166155 -0.0810924
1735.91 -0.0383047 -0.268133 -9.15482 0.128016 0.163908 9.99482 0.0711658 -0.164934 -0.079107
1735.93 0.0 -0.191523 -9.38465 0.151944 0.163908 10.0068 0.0717766 -0.163559 -0.0784962
1735.94 -0.0766094 -0.191523 -9.76769 0.150748 0.144766 9.99841 0.0714712 -0.165392 -0.0783434
1735.96 -0.0766094 -0.268133 -9.30804 0.172283 0.147159 10.0092 0.0726929 -0.164628 -0.0807869
1735.98 -0.0383047 -0.306437 -9.38465 0.161515 0.142373 9.99362 0.0722348 -0.162948 -0.0788016
1735.99 -0.0766094 -0.153219 -9.30804 0.15673 0.131605 9.99003 0.0719294 -0.163101 -0.0789543
1736.01 0.0 -0.306437 -9.19312 0.157926 0.137587 10.014 0.071624 -0.164628 -0.0777326
1736.03 -0.0383047 -0.229828 -9.46126 0.149551 0.128016 9.99721 0.071624 -0.16417 -0.0788016
1736.04 0.0383047 -0.191523 -9.26973 0.133998 0.122034 10.0104 0.071013 -0.161726 -0.0772744
1736.06 -0.0766094 -0.229828 -9.46126 0.116052 0.0993021 10.0008 0.0714712 -0.162643 -0.0798706
1736.08 0.0 -0.459656 -9.49956 0.116052 0.0945165 10.0116 0.0731511 -0.164934 -0.079107
1736.09 0.0 -0.191523 -9.42295 0.133998 0.0741775 10.0175 0.0734565 -0.165697 -0.0810924
1736.11 -0.0383047 -0.306437 -9.42295 0.118445 0.0765703 9.9996 0.0743728 -0.16417 -0.0792598
1736.12 -0.0766094 -0.306437 -9.61448 0.154337 0.066999 10.0104 0.0725402 -0.164628 -0.0795652
1736.14 -0.0383047 -0.268133 -9.30804 0.166301 0.0729811 10.0068 0.0723875 -0.162948 -0.0804815
1736.16 -0.0766094 -0.268133 -9.65278 0.154337 0.0729811 10.0032 0.073762 -0.164475 -0.0827722
1736.17 -0.0383047 -0.153219 -9.23143 0.17348 0.0813559 10.0044 0.0765108 -0.165086 -0.0835358
1736.19 -0.114914 -0.153219 -9.42295 0.162712 0.0993021 10.0044 0.0739146 -0.16249 -0.0829249
1736.21 0.0 -0.306437 -9.34634 0.150748 0.0969093 9.99482 0.0778853 -0.166461 -0.0849102
1736.22 -0.0383047 -0.191523 -9.42295 0.144766 0.104088 10.0044 0.0736092 -0.160963 -0.0826195
1736.24 0.0 -0.268133 -9.15482 0.13998 0.129212 10.0044 0.0733038 -0.160047 -0.0817032
1736.26 -0.114914 -0.114914 -9.42295 0.141176 0.131605 9.99841 0.0740674 -0.160963 -0.0829249
1736.27 0.0 -0.229828 -9.49956 0.135194 0.138784 9.99362 0.0731511 -0.162337 -0.0823141
1736.29 0.0383047 -0.153219 -9.30804 0.13998 0.133998 10.0056 0.0759 -0.163406 -0.0852157
1736.31 -0.0766094 -0.114914 -9.42295 0.128016 0.153141 10.0008 0.0746782 -0.162337 -0.0827722
1736.32 -0.153219 -0.268133 -9.23143 0.143569 0.144766 10.002 0.0781907 -0.165697 -0.0865901
1736.34 -0.114914 -0.153219 -9.38465 0.153141 0.148355 10.0032 0.0751364 -0.164781 -0.0846048
1736.36 0.0 -0.191523 -9.69109 0.163908 0.167498 10.0056 0.074831 -0.162796 -0.0836885
1736.37 0.268133 -0.114914 -9.42295 0.161515 0.179462 9.99721 0.076969 -0.165697 -0.083994
1736.39 -0.0383047 -0.191523 -9.38465 0.161515 0.185444 10.0104 0.0743728 -0.161879 -0.0829249
1736.41 0.0 -0.114914 -9.53786 0.150748 0.202193 10.0092 0.0736092 -0.161268 -0.0832304
1736.42 0.0 -0.114914 -9.42295 0.142373 0.200997 10.0104 0.0739146 -0.161268 -0.0820086
1736.44 0.114914 -0.268133 -9.806 0.114855 0.202193 10.0092 0.0705549 -0.161574 -0.081245
1736.46 0.0 -0.191523 -9.34634 0.11007 0.192622 10.0032 0.0723875 -0.16417 -0.0835358
1736.47 -0.0383047 -0.229828 -9.30804 0.0885344 0.205783 10.0116 0.0723875 -0.164628 -0.0827722
1736.49 -0.0766094 -0.191523 -9.42295 0.0861416 0.190229 9.99242 0.0734565 -0.164781 -0.0832304
1736.51 0.0383047 -0.153219 -9.53786 0.107677 0.180658 10.008 0.0713185 -0.165392 -0.0789543
1736.52 0.191523 -0.114914 -9.42295 0.112463 0.183051 10.0128 0.074831 -0.166461 -0.0806342
1736.54 -0.0766094 -0.153219 -9.34634 0.12323 0.159123 10.0104 0.0699441 -0.162796 -0.078038
1736.56 0.114914 -0.229828 -9.15482 0.138784 0.150748 9.99482 0.0746782 -0.167224 -0.0795652
1736.57 0.0383047 -0.153219 -9.46126 0.135194 0.130409 10.0056 0.0745255 -0.167224 -0.0792598
1736.59 0.0766094 -0.229828 -9.49956 0.135194 0.143569 9.99841 0.0702495 -0.161879 -0.0771217
1736.61 -0.114914 -0.191523 -9.34634 0.132802 0.141176 9.99721 0.0697913 -0.163254 -0.0784962
1736.62 -0.0383047 -0.153219 -9.69109 0.137587 0.122034 10.0068 0.0717766 -0.164475 -0.0786489
1736.64 0.0 -0.268133 -9.38465 0.148355 0.124427 10.0056 0.0728457 -0.165544 -0.0795652
1736.65 0.153219 -0.344742 -9.61448 0.128016 0.12323 10.0092 0.0728457 -0.167072 -0.0809396
1736.67 -0.0383047 -0.229828 -9.30804 0.125623 0.116052 10.0116 0.0704022 -0.163101 -0.0788016
1736.69 0.0383047 -0.229828 -9.57617 0.101695 0.0969093 10.0068 0.0734565 -0.166613 -0.0781907
1736.7 0.0383047 -0.191523 -9.38465 0.125623 0.102891 9.99721 0.0736092 -0.165697 -0.0800233
1736.72 -0.0766094 -0.268133 -9.42295 0.147159 0.0885344 9.98883 0.0731511 -0.167072 -0.0789543
1736.74 -0.153219 -0.229828 -9.53786 0.166301 0.0885344 10.0128 0.074831 -0.166461 -0.0801761
1736.75 0.0 -0.191523 -9.26973 0.179462 0.0813559 10.0032 0.0768163 -0.167377 -0.0821613
1736.77 -0.191523 -0.268133 -9.46126 0.206979 0.0837488 10.0008 0.0728457 -0.16249 -0.0809396
1736.79 -0.114914 -0.229828 -9.42295 0.217747 0.09332 10.0116 0.0743728 -0.16417 -0.0823141
1736.8 -0.306437 -0.229828 -9.42295 0.191426 0.0981057 10.0044 0.0731511 -0.161116 -0.0798706
1736.82 -0.114914 -0.191523 -9.34634 0.199801 0.0921237 9.99003 0.0759 -0.164475 -0.0842994
1736.84 0.0 -0.229828 -9.34634 0.195015 0.112463 9.99841 0.0749837 -0.164017 -0.0847575
1736.85 -0.0383047 -0.153219 -9.30804 0.175872 0.106481 10.0104 0.0729984 -0.160658 -0.0826195
1736.87 -0.153219 -0.229828 -9.15482 0.13998 0.124427 10.0104 0.0762054 -0.164017 -0.0870483
1736.89 -0.344742 -0.191523 -9.57617 0.138784 0.137587 10.0175 0.0763581 -0.164475 -0.0853684
1736.9 0.0 -0.268133 -9.30804 0.148355 0.13998 10.0104 0.0739146 -0.161268 -0.0836885
1736.92 -0.114914 -0.229828 -9.53786 0.122034 0.148355 10.0032 0.0740674 -0.159589 -0.0826195
1736.94 -0.0766094 -0.153219 -9.49956 0.130409 0.159123 10.0044 0.0759 -0.161574 -0.0830777
1736.95 -0.0383047 -0.306437 -9.38465 0.153141 0.157926 10.0164 0.0745255 -0.163712 -0.0829249
1736.98 0.0383047 -0.153219 -9.07821 0.145962 0.159123 9.99482 0.0746782 -0.162796 -0.0833831
1736.99 -0.0383047 -0.114914 -9.42295 0.143569 0.167498 9.99362 0.073762 -0.162796 -0.0826195
1737.01 -0.268133 -0.191523 -9.46126 0.133998 0.171087 10.0175 0.071013 -0.160199 -0.0806342
1737.03 -0.0766094 -0.268133 -9.38465 0.135194 0.171087 10.0008 0.0749837 -0.16417 -0.0844521
1737.04 0.0766094 -0.153219 -9.34634 0.09332 0.192622 9.99841 0.0729984 -0.160505 -0.0824668
1737.06 0.191523 -0.229828 -9.0016 0.102891 0.174676 10.008 0.0726929 -0.161268 -0.0841467
1737.08 0.0766094 -0.191523 -9.42295 0.0897308 0.183051 10.0056 0.0723875 -0.161421 -0.0794125
1737.09 0.0383047 -0.229828 -8.96329 0.0741775 0.185444 10.008 0.0723875 -0.161879 -0.0777326
1737.11 -0.114914 -0.153219 -9.38465 0.0957129 0.171087 10.0175 0.0731511 -0.164781 -0.0820086
1737.13 0.114914 -0.268133 -9.30804 0.09332 0.171087 9.99242 0.0723875 -0.162643 -0.0784962
1737.14 0.114914 -0.191523 -9.42295 0.114855 0.181854 9.9996 0.0726929 -0.165086 -0.0784962
1737.16 -0.0766094 -0.114914 -9.38465 0.136391 0.167498 10.002 0.0719294 -0.165544 -0.0771217
1737.18 -0.0766094 -0.268133 -9.23143 0.151944 0.166301 9.98883 0.0729984 -0.167072 -0.0794125
1737.19 -0.0766094 -0.229828 -9.42295 0.172283 0.144766 10.0128 0.0713185 -0.16417 -0.0774271
1737.21 -0.0383047 -0.153219 -9.38465 0.168694 0.144766 9.99482 0.0719294 -0.164017 -0.0774271
1737.23 0.0 -0.229828 -9.38465 0.16989 0.135194 9.99003 0.0717766 -0.164475 -0.0778853
1737.24 -0.0383047 -0.191523 -9.15482 0.154337 0.12682 10.0056 0.0740674 -0.165392 -0.0801761
1737.26 -0.114914 -0.191523 -9.42295 0.142373 0.120837 9.99601 0.0717766 -0.164934 -0.0798706
1737.28 0.0 -0.191523 -9.03991 0.142373 0.108873 10.008 0.0739146 -0.16417 -0.0800233
1737.29 -0.268133 -0.191523 -9.34634 0.141176 0.112463 9.99601 0.0736092 -0.165392 -0.0820086
1737.31 -0.0383047 -0.191523 -9.46126 0.144766 0.107677 9.99841 0.0734565 -0.165239 -0.0789543
1737.33 -0.0383047 -0.344742 -9.69109 0.15673 0.100499 9.98524 0.0731511 -0.165544 -0.081245
1737.34 -0.0383047 -0.191523 -9.38465 0.165105 0.0957129 9.99362 0.0725402 -0.163101 -0.0786489
1737.36 0.114914 -0.229828 -9.23143 0.167498 0.0969093 10.002 0.0734565 -0.165239 -0.0801761
1737.38 -0.0766094 -0.191523 -9.38465 0.178265 0.0969093 10.0044 0.0739146 -0.163865 -0.0807869
1737.39 -0.0766094 -0.229828 -9.34634 0.190229 0.0885344 9.99841 0.0745255 -0.164323 -0.0830777
1737.41 -0.0383047 -0.268133 -9.49956 0.18664 0.0909272 9.99123 0.0728457 -0.161879 -0.0813978
1737.43 0.0 -0.229828 -9.42295 0.161515 0.0981057 10.0044 0.0751364 -0.163559 -0.0827722
1737.44 0.0383047 -0.229828 -9.26973 0.157926 0.0837488 9.98883 0.0745255 -0.161268 -0.0835358
1737.46 0.0766094 -0.268133 -9.26973 0.125623 0.0885344 10.002 0.0754418 -0.161116 -0.0838412
1737.48 0.0383047 -0.344742 -9.72939 0.118445 0.106481 9.99601 0.0740674 -0.162337 -0.0852157
1737.49 0.0383047 -0.268133 -9.34634 0.107677 0.106481 10.0032 0.0784962 -0.166613 -0.0862847
1737.51 0.0383047 -0.191523 -9.42295 0.105284 0.113659 10.0044 0.0777326 -0.164781 -0.0864374
1737.52 0.0 -0.229828 -9.53786 0.118445 0.148355 9.99242 0.0760527 -0.163559 -0.0847575
1737.54 0.0 -0.191523 -9.65278 0.138784 0.160319 9.99362 0.0746782 -0.163101 -0.0832304
1737.56 0.153219 -0.191523 -9.38465 0.12323 0.154337 9.99003 0.0783434 -0.165697 -0.0859793
1737.57 0.0383047 -0.306437 -9.38465 0.13998 0.163908 9.98883 0.0762054 -0.165086 -0.0833831
1737.59 0.191523 -0.268133 -9.72939 0.138784 0.180658 9.99601 0.074831 -0.16081 -0.0818559
1737.61 -0.0383047 -0.229828 -9.42295 0.130409 0.17348 9.99003 0.0745255 -0.164017 -0.0829249
1737.63 0.0 -0.306437 -8.88668 0.132802 0.157926 10.0068 0.0754418 -0.164017 -0.0835358
1737.64 -0.0766094 -0.153219 -9.38465 0.133998 0.159123 10.0056 0.0751364 -0.164475 -0.0852157
1737.66 -0.153219 -0.229828 -9.26973 0.113659 0.167498 10.008 0.0760527 -0.165086 -0.0835358
1737.67 -0.153219 -0.268133 -9.46126 0.111266 0.18664 9.99242 0.0725402 -0.162948 -0.0804815
1737.69 -0.0766094 -0.153219 -9.34634 0.11007 0.163908 10.0032 0.073762 -0.162185 -0.0824668
1737.71 0.0383047 -0.114914 -9.69109 0.116052 0.187837 9.99601 0.0755945 -0.165392 -0.0835358
1737.72 0.0 -0.114914 -9.46126 0.12323 0.195015 9.99362 0.0714712 -0.161574 -0.0794125
1737.74 0.0 -0.191523 -9.42295 0.116052 0.190229 9.9996 0.0734565 -0.165544 -0.0798706
1737.76 0.0 -0.191523 -9.38465 0.143569 0.198604 9.99123 0.0713185 -0.162643 -0.0775799
1737.77 0.0 -0.268133 -8.96329 0.131605 0.189033 9.99362 0.0717766 -0.165086 -0.0797179
1737.79 0.0766094 -0.153219 -9.34634 0.157926 0.175872 9.99242 0.0705549 -0.161116 -0.0759
1737.81 0.0 -0.229828 -9.34634 0.153141 0.154337 9.99482 0.0704022 -0.162643 -0.0768163
1737.82 -0.0766094 -0.306437 -9.42295 0.159123 0.138784 10.0056 0.0694859 -0.16417 -0.0768163
1737.84 -0.0766094 -0.229828 -9.42295 0.155533 0.124427 9.99482 0.0713185 -0.163712 -0.0789543
1737.86 -0.114914 -0.153219 -9.49956 0.142373 0.114855 9.99721 0.071624 -0.164934 -0.079107
1737.87 -0.0766094 -0.344742 -9.42295 0.137587 0.101695 10.008 0.0717766 -0.164781 -0.0789543
1737.89 0.0 -0.306437 -9.42295 0.133998 0.11007 9.99601 0.0705549 -0.162337 -0.0774271
1737.91 0.114914 -0.229828 -9.65278 0.12682 0.108873 10.002 0.0684169 -0.159741 -0.0771217
1737.92 0.0 -0.229828 -9.38465 0.132802 0.0981057 10.0008 0.0739146 -0.164017 -0.0794125
1737.94 -0.0766094 -0.344742 -9.53786 0.15673 0.0921237 9.99601 0.0725402 -0.163406 -0.0786489
1737.96 -0.114914 -0.191523 -9.38465 0.155533 0.0969093 9.99123 0.0707076 -0.160199 -0.0783434
1737.97 -0.153219 -0.191523 -9.46126 0.161515 0.114855 10.0032 0.0725402 -0.163712 -0.0800233
1737.99 -0.0383047 -0.268133 -9.38465 0.161515 0.102891 9.99841 0.0734565 -0.16585 -0.0824668
1738.01 0.0383047 -0.191523 -9.46126 0.167498 0.100499 10.0044 0.0714712 -0.161116 -0.0804815
1738.02 0.191523 -0.306437 -9.53786 0.172283 0.0789631 10.0044 0.0723875 -0.164475 -0.0815505
1738.04 -0.0383047 -0.268133 -9.38465 0.159123 0.0813559 10.0104 0.073762 -0.164781 -0.0820086
1738.06 -0.153219 -0.306437 -9.34634 0.149551 0.0705882 10.002 0.0736092 -0.165086 -0.0826195
1738.07 -0.0766094 -0.268133 -9.49956 0.128016 0.09332 10.0056 0.0745255 -0.162337 -0.0826195
1738.09 -0.0766094 -0.306437 -9.53786 0.132802 0.0777667 9.99841 0.0736092 -0.16081 -0.0849102
1738.11 -0.114914 -0.153219 -9.42295 0.135194 0.101695 10.0152 0.0729984 -0.160658 -0.0836885
1738.12 0.0 -0.191523 -9.34634 0.153141 0.12682 9.99721 0.0781907 -0.165544 -0.0865901
1738.14 0.114914 -0.306437 -9.26973 0.144766 0.150748 10.0092 0.0757473 -0.163101 -0.085063
1738.15 -0.153219 -0.153219 -9.42295 0.133998 0.154337 9.99362 0.0743728 -0.162796 -0.0841467
1738.17 -0.114914 -0.153219 -9.49956 0.151944 0.167498 9.99362 0.0743728 -0.162643 -0.0833831
1738.19 0.0 -0.268133 -9.46126 0.151944 0.184247 10.002 0.0784962 -0.164628 -0.085063
1738.2 0.0383047 -0.191523 -9.57617 0.125623 0.180658 9.99601 0.074831 -0.16249 -0.0841467
1738.22 -0.0766094 -0.229828 -9.38465 0.136391 0.16989 9.99482 0.0734565 -0.159741 -0.0821613
1738.24 -0.0383047 -0.191523 -9.88261 0.132802 0.185444 9.99362 0.0708604 -0.157756 -0.0806342
1738.25 0.114914 -0.191523 -9.46126 0.113659 0.161515 10.0032 0.0752891 -0.164323 -0.0830777
1738.27 -0.0383047 -0.229828 -9.42295 0.118445 0.168694 9.98405 0.0751364 -0.165239 -0.0829249
1738.29 -0.153219 -0.268133 -9.23143 0.125623 0.171087 9.99242 0.0720821 -0.16417 -0.0832304
1738.3 0.0383047 -0.229828 -9.42295 0.128016 0.187837 9.9996 0.0729984 -0.163712 -0.0841467
1738.32 0.0 -0.153219 -9.38465 0.111266 0.177069 9.99362 0.0733038 -0.165239 -0.0803288
1738.34 -0.0383047 -0.191523 -9.30804 0.119641 0.192622 10.0044 0.0723875 -0.164628 -0.0806342
1738.35 -0.0383047 -0.191523 -9.42295 0.129212 0.199801 10.002 0.0722348 -0.165239 -0.0813978
1738.37 0.0766094 -0.191523 -9.30804 0.12682 0.202193 9.99601 0.0720821 -0.163559 -0.0823141
1738.39 -0.0766094 -0.191523 -9.42295 0.12323 0.172283 9.99242 0.071624 -0.164628 -0.0784962
1738.4 -0.0383047 -0.344742 -9.34634 0.144766 0.179462 9.98524 0.0719294 -0.165086 -0.0778853
1738.42 0.0766094 -0.153219 -9.61448 0.141176 0.180658 9.97807 0.071624 -0.164781 -0.0783434
1738.44 0.0766094 -0.191523 -9.38465 0.128016 0.143569 9.99242 0.0734565 -0.16417 -0.0789543
1738.45 0.0 -0.191523 -9.72939 0.122034 0.129212 10.008 0.071013 -0.163865 -0.0804815
1738.47 -0.0383047 -0.229828 -9.34634 0.132802 0.113659 10.0008 0.0713185 -0.165392 -0.078038
1738.49 -0.0383047 -0.114914 -9.34634 0.130409 0.106481 9.99362 0.0742201 -0.166155 -0.0772744
1738.5 -0.0766094 -0.268133 -9.30804 0.12682 0.105284 10.0008 0.0713185 -0.162337 -0.0763581
