1496.88 0.65118 -9.57617 -0.229828 -0.613759 -9.62632 0.508475 0.0659734 -0.215941 0.0157298
1496.9 0.536266 -9.61448 -0.229828 -0.585045 -9.65264 0.528814 0.0687223 -0.217926 0.0163406
1496.91 0.536266 -9.65278 -0.383047 -0.569491 -9.62752 0.563509 0.0658207 -0.217163 0.0206167
1496.93 0.459656 -9.69109 -0.306437 -0.592223 -9.65264 0.594616 0.0620028 -0.215025 0.0219911
1496.95 0.804398 -9.65278 -0.344742 -0.591027 -9.68255 0.582652 0.0641408 -0.218842 0.0155771
1496.96 0.612875 -9.61448 -0.306437 -0.597009 -9.71964 0.571884 0.0626137 -0.217315 0.00702495
1496.98 0.612875 -9.72939 -0.306437 -0.579063 -9.75912 0.567099 0.0621555 -0.217773 0.000610865
1496.99 0.459656 -9.72939 -0.0383047 -0.561117 -9.78784 0.534796 0.0613919 -0.216552 -0.0146608
1497.01 0.612875 -9.57617 -0.229828 -0.565902 -9.75075 0.541974 0.0623082 -0.216399 -0.0302378
1497.03 0.689484 -9.76769 -0.191523 -0.583848 -9.75075 0.534796 0.0627664 -0.217926 -0.0374155
1497.04 0.497961 -9.65278 0.0766094 -0.644866 -9.70887 0.521635 0.0636827 -0.217468 -0.0416915
1497.06 0.65118 -9.61448 -0.114914 -0.666401 -9.67537 0.501296 0.0618501 -0.216094 -0.0397062
1497.08 0.65118 -9.53786 -0.229828 -0.654437 -9.63948 0.503689 0.0639881 -0.219148 -0.044135
1497.09 0.689484 -9.53786 -0.268133 -0.635294 -9.61436 0.480957 0.0675006 -0.22266 -0.0514654
1497.11 0.65118 -9.57617 -0.229828 -0.641276 -9.62872 0.474975 0.0647517 -0.219301 -0.0587958
1497.13 0.881008 -9.65278 -0.229828 -0.630509 -9.6335 0.454636 0.0652099 -0.218537 -0.0653626
1497.14 0.536266 -9.61448 -0.229828 -0.65683 -9.71725 0.460618 0.065668 -0.22037 -0.0691805
1497.16 0.766094 -9.46126 -0.191523 -0.642473 -9.65145 0.457029 0.0621555 -0.218995 -0.0644463
1497.18 0.689484 -9.53786 -0.229828 -0.64008 -9.59521 0.451047 0.0644463 -0.220522 -0.0658207
1497.19 0.65118 -9.49956 -0.191523 -0.649651 -9.55095 0.446261 0.0632245 -0.220217 -0.0638354
1497.21 0.842703 -9.38465 -0.191523 -0.708275 -9.54855 0.434297 0.0589485 -0.217926 -0.0618501
1497.23 0.689484 -9.46126 -0.153219 -0.727418 -9.53659 0.416351 0.0583376 -0.220522 -0.0606284
1497.24 0.459656 -9.46126 -0.421352 -0.720239 -9.50429 0.398405 0.0581849 -0.222813 -0.0600175
1497.26 0.689484 -9.46126 -0.191523 -0.707079 -9.51865 0.397208 0.0526871 -0.222355 -0.0572686
1497.28 0.727789 -9.57617 -0.191523 -0.614955 -9.57607 0.404387 0.0484111 -0.221286 -0.0604756
1497.29 0.804398 -9.57617 -0.344742 -0.575474 -9.58923 0.418744 0.0482583 -0.224035 -0.0606284
1497.31 0.497961 -9.57617 -0.383047 -0.507278 -9.59521 0.41994 0.0490219 -0.223424 -0.0584903
1497.32 0.497961 -9.53786 -0.191523 -0.476171 -9.57248 0.435494 0.0435241 -0.22037 -0.0427606
1497.34 0.65118 -9.61448 0.0 -0.497707 -9.57009 0.440279 0.0442877 -0.219606 -0.0195477
1497.36 0.612875 -9.57617 -0.229828 -0.608973 -9.61795 0.437886 0.0407752 -0.216857 -0.00809396
1497.37 0.497961 -9.57617 0.191523 -0.66999 -9.48993 0.407976 0.0392481 -0.213803 -0.00122173
1497.39 0.766094 -9.49956 -0.229828 -0.719043 -9.47318 0.393619 0.0372628 -0.21701 0.0181732
1497.41 0.612875 -9.49956 -0.114914 -0.728614 -9.48036 0.398405 0.0374155 -0.218232 0.0259618
1497.42 0.727789 -9.46126 -0.268133 -0.71665 -9.54018 0.398405 0.0345139 -0.215788 0.0293215
1497.44 0.842703 -9.38465 -0.268133 -0.758524 -9.60479 0.411565 0.0357356 -0.217773 0.0180205
1497.46 0.689484 -9.61448 -0.191523 -0.787238 -9.6 0.387637 0.0310014 -0.216857 0.00106901
1497.47 0.842703 -9.72939 -0.229828 -0.774078 -9.72323 0.338584 0.0335976 -0.217163 -0.00931569
1497.49 1.03423 -9.806 -0.153219 -0.801595 -9.86201 0.355334 0.0316123 -0.214719 -0.0262672
1497.51 0.881008 -9.8443 -0.0766094 -0.824327 -9.90748 0.346959 0.0308487 -0.215483 -0.0545197
1497.52 0.957617 -9.92091 -0.153219 -0.811167 -9.9661 0.329013 0.0348193 -0.218384 -0.0766636
1497.54 0.766094 -9.76769 -0.0383047 -0.865005 -10.0104 0.306281 0.0351248 -0.215635 -0.117897
1497.56 0.804398 -9.88261 -0.114914 -0.80997 -9.98524 0.265603 0.0389426 -0.217468 -0.16585
1497.57 0.57457 -9.8443 -0.0383047 -0.788435 -9.98644 0.275174 0.0429133 -0.217926 -0.187841
1497.59 0.804398 -9.76769 -0.344742 -0.701097 -9.9003 0.242871 0.0439823 -0.217926 -0.218384
1497.6 0.57457 -9.69109 0.0383047 -0.667597 -9.86441 0.25005 0.0447459 -0.216552 -0.231518
1497.62 0.306437 -9.72939 -0.191523 -0.537189 -9.82373 0.236889 0.0467312 -0.21533 -0.229991
1497.64 0.306437 -9.69109 -0.0766094 -0.451047 -9.87398 0.253639 0.0514654 -0.216094 -0.217468
1497.65 0.497961 -9.8443 0.0 -0.417547 -9.90628 0.241675 0.0513127 -0.21365 -0.200669
1497.67 0.344742 -9.92091 -0.191523 -0.239282 -10.0152 0.239282 0.0571159 -0.212734 -0.163712
1497.68 0.383047 -9.95922 -0.191523 -0.222532 -10.0355 0.240479 0.0583376 -0.209374 -0.140041
1497.7 0.191523 -9.92091 0.0383047 -0.189033 -10.0379 0.275174 0.0633773 -0.202807 -0.105374
1497.71 0.191523 -9.88261 -0.0383047 -0.175872 -10.0594 0.27996 0.0708604 -0.198684 -0.0891863
1497.73 0.0766094 -9.806 -0.0383047 -0.157926 -10.0522 0.283549 0.0722348 -0.197157 -0.0875064
1498.32 0.804398 -9.76769 -0.0766094 -0.774078 -9.77827 0.372084 0.0572686 -0.156076 -0.116064
1498.34 0.65118 -9.65278 -0.229828 -0.795613 -9.80937 0.340977 0.0613919 -0.160352 -0.102778
1498.36 0.689484 -9.76769 -0.229828 -0.792024 -9.80339 0.340977 0.0600175 -0.160199 -0.0873537
1498.37 0.842703 -9.76769 0.114914 -0.812363 -9.7998 0.31346 0.0613919 -0.158061 -0.0798706
1498.39 0.766094 -9.69109 0.0 -0.868594 -9.74836 0.303888 0.062461 -0.160658 -0.0696386
1498.41 0.727789 -9.72939 -0.153219 -0.897308 -9.72084 0.29671 0.0618501 -0.163865 -0.0636827
1498.42 0.804398 -9.57617 -0.153219 -0.870987 -9.69571 0.307478 0.0644463 -0.165544 -0.0650571
1498.44 0.842703 -9.49956 -0.268133 -0.811167 -9.68255 0.332602 0.062461 -0.165392 -0.0670424
1498.46 0.727789 -9.65278 -0.0383047 -0.775274 -9.68854 0.31346 0.0627664 -0.165392 -0.0740674
1498.47 0.689484 -9.69109 -0.0383047 -0.772881 -9.7352 0.32662 0.0639881 -0.167224 -0.0804815
1498.49 0.612875 -9.65278 0.153219 -0.752542 -9.76032 0.336191 0.0604756 -0.165392 -0.0842994
1498.51 0.65118 -9.69109 -0.0766094 -0.673579 -9.801 0.323031 0.0655153 -0.168141 -0.0901026
1498.52 0.957617 -9.69109 0.0766094 -0.65324 -9.801 0.331406 0.067806 -0.16753 -0.0849102
1498.54 0.689484 -9.72939 0.0383047 -0.680758 -9.77348 0.34337 0.0685696 -0.167682 -0.0813978
1498.56 0.727789 -9.65278 -0.153219 -0.684347 -9.75673 0.332602 0.0705549 -0.167682 -0.0794125
1498.57 0.842703 -9.72939 0.0766094 -0.720239 -9.80578 0.312263 0.0714712 -0.164781 -0.0734565
1498.59 0.689484 -9.76769 -0.0766094 -0.697508 -9.79621 0.297906 0.0704022 -0.162796 -0.0684169
1498.61 0.497961 -9.69109 -0.114914 -0.674776 -9.78425 0.303888 0.0751364 -0.166003 -0.0610865
1498.62 0.689484 -9.76769 -0.0383047 -0.665205 -9.78904 0.300299 0.0751364 -0.163254 -0.0536034
1498.64 0.727789 -9.72939 -0.0766094 -0.696311 -9.77707 0.277567 0.0762054 -0.163101 -0.0520762
1498.65 0.957617 -9.76769 -0.153219 -0.741775 -9.77348 0.273978 0.0778853 -0.163712 -0.054367
1498.67 0.727789 -9.76769 -0.0383047 -0.744168 -9.76511 0.253639 0.0771217 -0.160963 -0.0580322
1498.69 0.65118 -9.61448 -0.0383047 -0.745364 -9.7663 0.275174 0.0789543 -0.161268 -0.0691805
1498.7 0.727789 -9.69109 0.0 -0.745364 -9.72921 0.265603 0.0800233 -0.160505 -0.0745255
1498.72 0.727789 -9.69109 -0.0383047 -0.748953 -9.73998 0.270389 0.0806342 -0.16249 -0.0775799
1498.74 0.842703 -9.61448 -0.114914 -0.753739 -9.7005 0.265603 0.0803288 -0.160505 -0.0682642
1498.75 0.766094 -9.61448 -0.0383047 -0.772881 -9.66102 0.269192 0.0824668 -0.163712 -0.0615447
1498.77 0.612875 -9.61448 -0.344742 -0.807577 -9.70409 0.283549 0.0806342 -0.160658 -0.0510072
1498.79 0.804398 -9.57617 -0.153219 -0.787238 -9.65982 0.307478 0.0818559 -0.161726 -0.0517708
1498.8 0.842703 -9.806 -0.191523 -0.79322 -9.64188 0.29671 0.0815505 -0.161421 -0.055436
1498.82 0.919312 -9.49956 -0.191523 -0.808774 -9.64547 0.285942 0.0803288 -0.16249 -0.0630718
1498.84 0.842703 -9.65278 -0.114914 -0.830309 -9.6323 0.287139 0.0807869 -0.162032 -0.0649044
1498.85 0.766094 -9.61448 -0.0383047 -0.827916 -9.64068 0.272782 0.0804815 -0.164017 -0.0675006
1498.87 0.881008 -9.57617 -0.153219 -0.817148 -9.60359 0.278764 0.0803288 -0.162948 -0.0679587
1498.89 0.65118 -9.57617 -0.0766094 -0.790828 -9.6335 0.290728 0.0806342 -0.166461 -0.0713185
1498.9 0.727789 -9.65278 -0.0383047 -0.78006 -9.63829 0.276371 0.0798706 -0.16585 -0.0705549
1498.92 0.766094 -9.53786 0.191523 -0.781256 -9.68495 0.281157 0.0800233 -0.166155 -0.0690278
1498.94 0.612875 -9.76769 0.153219 -0.783649 -9.70648 0.283549 0.0800233 -0.16585 -0.062461
1498.95 0.65118 -9.65278 0.0383047 -0.726221 -9.73998 0.272782 0.0792598 -0.165544 -0.0557414
1498.97 0.612875 -9.72939 0.153219 -0.723829 -9.74596 0.2668 0.0795652 -0.165239 -0.0546724
1498.99 0.766094 -9.61448 -0.0766094 -0.722632 -9.7328 0.269192 0.0794125 -0.166003 -0.0561996
1499.0 0.766094 -9.61448 -0.229828 -0.717846 -9.69212 0.276371 0.0826195 -0.166613 -0.0584903
1499.02 0.804398 -9.65278 0.0766094 -0.741775 -9.72562 0.273978 0.0806342 -0.163865 -0.0557414
1499.04 0.766094 -9.65278 -0.114914 -0.772881 -9.71007 0.256032 0.0824668 -0.166003 -0.0479529
1499.05 0.842703 -9.57617 0.229828 -0.781256 -9.6646 0.267996 0.0818559 -0.163865 -0.0409279
1499.07 0.612875 -9.61448 -0.114914 -0.807577 -9.66341 0.27996 0.0817032 -0.163101 -0.0381791
1499.09 0.804398 -9.65278 -0.0766094 -0.807577 -9.62154 0.256032 0.0813978 -0.164781 -0.0432187
1499.1 0.804398 -9.65278 -0.0383047 -0.821934 -9.60359 0.232104 0.0813978 -0.164323 -0.0426078
1499.12 0.727789 -9.61448 -0.0383047 -0.79322 -9.58445 0.228514 0.0820086 -0.164323 -0.041997
1499.13 0.766094 -9.57617 0.0766094 -0.837488 -9.58804 0.2333 0.0807869 -0.166155 -0.0410807
1499.15 0.842703 -9.49956 0.229828 -0.850648 -9.68375 0.241675 0.0804815 -0.165697 -0.0361938
1499.17 0.881008 -9.57617 -0.0766094 -0.850648 -9.71246 0.246461 0.0815505 -0.166766 -0.0357356
1499.18 0.919312 -9.72939 -0.229828 -0.817148 -9.7005 0.260818 0.081245 -0.167072 -0.0343612
1499.2 0.842703 -9.61448 -0.0383047 -0.841077 -9.70289 0.253639 0.0817032 -0.166613 -0.0325286
1499.21 0.881008 -9.76769 -0.0383047 -0.867398 -9.69691 0.247657 0.0821613 -0.167988 -0.0311541
1499.23 0.881008 -9.61448 0.0 -0.908076 -9.7328 0.275174 0.0794125 -0.168141 -0.0244346
1499.25 0.995922 -9.65278 -0.114914 -0.92004 -9.73878 0.291924 0.0798706 -0.170126 -0.0200058
1499.26 1.03423 -9.61448 -0.0766094 -0.964307 -9.7017 0.31346 0.0801761 -0.172111 -0.0197004
1499.28 1.03423 -9.61448 -0.191523 -0.985843 -9.67537 0.332602 0.0786489 -0.171348 -0.0203113
1499.29 1.14914 -9.61448 -0.114914 -0.995414 -9.67298 0.344566 0.0795652 -0.172722 -0.0209221
1499.31 0.995922 -9.69109 -0.153219 -0.975075 -9.68614 0.364905 0.0786489 -0.17486 -0.0264199
1499.33 0.766094 -9.65278 0.0 -1.00259 -9.70768 0.384048 0.0794125 -0.178831 -0.0311541
1499.34 0.995922 -9.76769 -0.191523 -1.02891 -9.70289 0.379262 0.0777326 -0.17654 -0.0390954
1499.36 1.14914 -9.49956 -0.612875 -1.04447 -9.68973 0.385244 0.0772744 -0.177762 -0.0421497
1499.38 1.07253 -9.61448 -0.0766094 -1.05882 -9.65743 0.35653 0.0775799 -0.181885 -0.0545197
1499.39 0.995922 -9.57617 -0.421352 -1.02652 -9.62154 0.348156 0.0765108 -0.182496 -0.0639881
1499.41 0.881008 -9.61448 -0.191523 -1.01695 -9.58205 0.346959 0.0788016 -0.184939 -0.0714712
1499.43 1.07253 -9.61448 -0.114914 -1.00499 -9.61675 0.340977 0.0765108 -0.184634 -0.0788016
1499.44 0.881008 -9.65278 -0.0766094 -0.961914 -9.65504 0.290728 0.0742201 -0.183565 -0.0813978
1499.46 0.957617 -9.65278 0.229828 -0.959521 -9.67776 0.275174 0.0754418 -0.183412 -0.0836885
1499.47 0.881008 -9.65278 -0.0383047 -0.906879 -9.65025 0.303888 0.0760527 -0.184787 -0.074831
1499.49 0.881008 -9.57617 -0.114914 -0.878166 -9.6658 0.307478 0.0745255 -0.184939 -0.0679587
1499.51 0.766094 -9.61448 -0.497961 -0.866202 -9.65264 0.317049 0.0752891 -0.18387 -0.0670424
1499.52 1.07253 -9.65278 0.0766094 -0.90329 -9.6658 0.30987 0.0729984 -0.184023 -0.0671951
1499.54 0.881008 -9.53786 -0.0766094 -0.941576 -9.68734 0.317049 0.0745255 -0.184939 -0.0671951
1499.56 0.919312 -9.65278 -0.421352 -0.95354 -9.64547 0.321834 0.071013 -0.183107 -0.0638354
1499.57 0.995922 -9.53786 -0.0766094 -0.970289 -9.62034 0.367298 0.0726929 -0.185856 -0.068875
1499.59 0.881008 -9.46126 -0.153219 -0.993021 -9.5677 0.337388 0.0700968 -0.184481 -0.0754418
1499.61 0.957617 -9.61448 -0.153219 -1.00499 -9.57129 0.349352 0.0702495 -0.18387 -0.0884227
1499.62 1.03423 -9.42295 -0.459656 -1.00499 -9.57607 0.381655 0.0676533 -0.185092 -0.0919352
1499.64 1.11084 -9.53786 -0.114914 -1.00379 -9.56889 0.372084 0.0684169 -0.184939 -0.101098
1499.66 0.995922 -9.53786 -0.191523 -1.00977 -9.59163 0.39003 0.0653626 -0.186008 -0.108734
1499.67 0.804398 -9.61448 -0.191523 -0.99661 -9.64427 0.391226 0.0653626 -0.18723 -0.116064
1499.7 0.957617 -9.61448 -0.229828 -0.960718 -9.65025 0.399601 0.0653626 -0.187383 -0.116523
1499.71 0.995922 -9.806 -0.0766094 -0.937986 -9.63709 0.378066 0.0633773 -0.186467 -0.113468
1499.73 0.957617 -9.61448 -0.114914 -0.935593 -9.69571 0.407976 0.0647517 -0.187536 -0.110872
1499.75 0.919312 -9.57617 -0.191523 -0.929611 -9.68495 0.405583 0.0642935 -0.187383 -0.110719
1499.76 0.995922 -9.72939 0.153219 -0.959521 -9.71127 0.407976 0.065668 -0.188299 -0.109345
1499.78 0.919312 -9.61448 -0.114914 -0.943968 -9.6981 0.410369 0.0681114 -0.18891 -0.106443
1499.8 0.881008 -9.65278 -0.383047 -1.01336 -9.75195 0.409173 0.0681114 -0.189979 -0.0957531
1499.81 0.995922 -9.69109 -0.153219 -1.02173 -9.75314 0.410369 0.0684169 -0.191201 -0.0778853
1499.83 1.03423 -9.76769 0.191523 -1.02054 -9.75793 0.41994 0.0728457 -0.192423 -0.0705549
1499.85 0.804398 -9.806 -0.268133 -1.0325 -9.76032 0.411565 0.0728457 -0.190284 -0.0467312
1499.86 1.11084 -9.72939 -0.153219 -1.09711 -9.72562 0.367298 0.073762 -0.190895 -0.0157298
1499.88 0.919312 -9.69109 -0.153219 -1.12582 -9.76152 0.351745 0.0762054 -0.190437 0.000916298
1499.9 0.995922 -9.72939 -0.0383047 -1.11625 -9.77348 0.338584 0.081245 -0.191506 0.0277944
1499.91 1.11084 -9.72939 -0.383047 -1.07079 -9.80698 0.297906 0.0821613 -0.188605 0.0383318
1499.93 0.995922 -9.8443 -0.0383047 -1.03848 -9.8333 0.29671 0.0841467 -0.187536 0.0268781
1499.94 1.07253 -9.72939 -0.0383047 -1.01097 -9.83689 0.273978 0.0826195 -0.187077 0.0174097
1499.96 1.07253 -9.65278 0.0 -0.991825 -9.734 0.272782 0.0888809 -0.186161 -0.00962113
1499.98 0.919312 -9.61448 -0.0383047 -0.995414 -9.6981 0.269192 0.0894917 -0.188452 -0.0329867
1499.99 0.766094 -9.46126 0.0 -0.994217 -9.69332 0.262014 0.0905607 -0.185245 -0.0406225
1500.01 0.957617 -9.53786 0.0766094 -0.973878 -9.59761 0.251246 0.0920879 -0.186314 -0.0500909
1500.03 0.842703 -9.57617 -0.153219 -0.965504 -9.54496 0.265603 0.0910189 -0.185245 -0.0531453
1500.04 1.03423 -9.49956 0.0 -0.972682 -9.54377 0.289531 0.0913243 -0.185856 -0.0508545
1500.06 1.03423 -9.42295 -0.0766094 -0.970289 -9.52941 0.285942 0.091477 -0.182954 -0.0476475
1500.08 0.919312 -9.61448 0.114914 -0.955932 -9.56052 0.327816 0.08827 -0.180358 -0.0423024
1500.09 0.995922 -9.53786 -0.153219 -0.958325 -9.56411 0.340977 0.0890336 -0.177914 -0.0423024
1500.11 1.11084 -9.61448 -0.497961 -0.987039 -9.58804 0.381655 0.085063 -0.175471 -0.0415388
1500.13 0.995922 -9.53786 -0.191523 -1.01097 -9.59163 0.39003 0.0858265 -0.17486 -0.046273
1500.14 1.03423 -9.65278 -0.383047 -1.0337 -9.57607 0.392423 0.085063 -0.172875 -0.0545197
1500.16 0.957617 -9.61448 -0.268133 -1.0337 -9.60598 0.407976 0.0835358 -0.173944 -0.0578795
1500.18 1.11084 -9.57617 -0.344742 -1.10907 -9.57607 0.397208 0.0807869 -0.169973 -0.0612392
1500.19 1.14914 -9.57617 -0.191523 -1.11864 -9.52821 0.405583 0.0786489 -0.171348 -0.068875
1500.21 1.14914 -9.61448 -0.153219 -1.16291 -9.55095 0.427119 0.0778853 -0.170584 -0.0754418
1500.23 1.41727 -9.46126 -0.497961 -1.14018 -9.56291 0.458225 0.0734565 -0.170431 -0.0842994
1500.24 1.14914 -9.57617 -0.229828 -1.1318 -9.56052 0.465404 0.0693332 -0.166461 -0.10232
1500.26 0.957617 -9.26973 -0.114914 -1.10429 -9.56052 0.461814 0.0697913 -0.168293 -0.118508
1500.28 1.11084 -9.53786 -0.229828 -1.10548 -9.5019 0.451047 0.0671951 -0.165697 -0.123853
1500.29 1.11084 -9.49956 -0.114914 -1.07797 -9.48156 0.399601 0.0661261 -0.168751 -0.131641
1500.31 0.995922 -9.53786 -0.229828 -1.07079 -9.50908 0.384048 0.0612392 -0.166003 -0.138514
1500.33 0.995922 -9.61448 -0.191523 -1.04207 -9.58564 0.396012 0.0620028 -0.165544 -0.142179
1500.34 1.14914 -9.46126 -0.497961 -1.07198 -9.61795 0.387637 0.0626137 -0.167835 -0.148135
1500.36 1.07253 -9.53786 -0.114914 -1.08754 -9.57727 0.39003 0.0618501 -0.168904 -0.148746
1500.38 0.919312 -9.69109 -0.306437 -1.09591 -9.59282 0.372084 0.062461 -0.171806 -0.148593
1500.39 1.11084 -9.65278 -0.0766094 -1.07557 -9.62991 0.339781 0.0604756 -0.169515 -0.138666
1500.41 1.11084 -9.57617 -0.153219 -1.06959 -9.6347 0.32662 0.0621555 -0.170279 -0.124769
1500.43 1.07253 -9.53786 -0.0766094 -1.07198 -9.67657 0.306281 0.0629191 -0.171806 -0.121562
1500.44 1.11084 -9.72939 -0.153219 -1.08156 -9.72921 0.30987 0.0633773 -0.171348 -0.109803
1500.46 0.919312 -9.69109 -0.191523 -1.08754 -9.72921 0.300299 0.0629191 -0.16921 -0.100945
1500.48 1.11084 -9.61448 -0.0383047 -1.07318 -9.73998 0.275174 0.0671951 -0.170889 -0.098502
1500.49 0.957617 -9.65278 0.0 -1.05045 -9.71844 0.25005 0.0673479 -0.170126 -0.0942259
1500.51 0.919312 -9.61448 0.229828 -1.01216 -9.75434 0.247657 0.0700968 -0.170279 -0.0917825
1500.52 1.30236 -9.72939 -0.114914 -1.02532 -9.801 0.240479 0.0719294 -0.173333 -0.0920879
1500.54 0.919312 -9.72939 -0.0766094 -0.972682 -9.801 0.253639 0.0754418 -0.172417 -0.091477
1500.56 0.995922 -9.61448 -0.0766094 -0.952343 -9.77348 0.256032 0.0725402 -0.16921 -0.087201
1500.57 0.881008 -9.65278 0.0383047 -0.961914 -9.75434 0.259621 0.0754418 -0.170737 -0.0881173
1500.59 0.919312 -9.65278 -0.0383047 -1.01097 -9.72323 0.271585 0.0765108 -0.170431 -0.0867428
1500.61 1.03423 -9.61448 -0.229828 -1.01456 -9.67418 0.311067 0.0788016 -0.1715 -0.0810924
1500.62 0.995922 -9.65278 -0.114914 -1.01456 -9.6981 0.350548 0.0740674 -0.170126 -0.0708604
1500.64 0.957617 -9.69109 -0.0766094 -1.0014 -9.72443 0.354138 0.0768163 -0.171806 -0.0664316
1500.66 0.995922 -9.61448 -0.0766094 -1.00857 -9.70409 0.409173 0.0760527 -0.171959 -0.0592539
1500.67 1.03423 -9.65278 -0.114914 -1.02532 -9.66341 0.429512 0.0740674 -0.169973 -0.055436
1500.69 0.995922 -9.76769 -0.383047 -1.05763 -9.67418 0.451047 0.0760527 -0.173028 -0.0561996
1500.71 1.22575 -9.61448 -0.268133 -1.08395 -9.65982 0.482154 0.0760527 -0.17486 -0.0563523
1500.72 1.07253 -9.61448 -0.229828 -1.10668 -9.57248 0.471386 0.0736092 -0.171959 -0.0581849
1500.74 1.18745 -9.46126 -0.114914 -1.11266 -9.56052 0.468993 0.0717766 -0.172722 -0.066737
1500.76 0.995922 -9.61448 -0.191523 -1.133 -9.59761 0.464207 0.0708604 -0.172569 -0.0723875
1500.77 1.22575 -9.57617 -0.344742 -1.11386 -9.59641 0.430708 0.0720821 -0.171806 -0.0836885
1500.79 1.11084 -9.57617 -0.153219 -1.09232 -9.5988 0.412762 0.0705549 -0.174402 -0.0916298
1500.81 1.22575 -9.57617 -0.0383047 -1.08634 -9.60239 0.394816 0.067806 -0.171653 -0.0925461
1500.82 0.995922 -9.57617 -0.0766094 -1.08395 -9.63829 0.361316 0.0679587 -0.172417 -0.0954477
1500.84 0.957617 -9.72939 -0.229828 -1.02173 -9.67418 0.330209 0.0697913 -0.171959 -0.097433
1500.86 1.03423 -9.61448 -0.191523 -0.989432 -9.7005 0.327816 0.0699441 -0.170584 -0.0962113
1500.87 0.919312 -9.61448 -0.0383047 -0.937986 -9.7017 0.299103 0.0702495 -0.167988 -0.0948368
1500.89 0.842703 -9.69109 -0.229828 -0.905683 -9.70768 0.273978 0.0725402 -0.16982 -0.0916298
1500.9 0.919312 -9.72939 -0.0383047 -0.900898 -9.70289 0.27996 0.0763581 -0.167072 -0.085063
1500.92 0.842703 -9.72939 0.0383047 -0.939182 -9.72921 0.271585 0.0745255 -0.166003 -0.0798706
1500.94 1.07253 -9.69109 -0.114914 -0.946361 -9.67776 0.269192 0.0774271 -0.165086 -0.0746782
1500.95 1.11084 -9.69109 -0.114914 -0.994217 -9.68135 0.276371 0.076969 -0.161574 -0.0725402
1500.97 0.995922 -9.69109 -0.153219 -0.985843 -9.6682 0.267996 0.079107 -0.16249 -0.0720821
1500.99 0.919312 -9.53786 -0.0383047 -0.9667 -9.61914 0.288335 0.0772744 -0.160658 -0.0682642
1501.0 1.18745 -9.49956 -0.153219 -1.03011 -9.64786 0.308674 0.0772744 -0.158978 -0.0659734
1501.02 1.07253 -9.65278 -0.0766094 -1.03848 -9.65504 0.337388 0.0775799 -0.159741 -0.0629191
1501.04 0.957617 -9.61448 -0.229828 -1.07797 -9.65743 0.366102 0.076969 -0.158214 -0.0610865
1501.05 1.07253 -9.53786 -0.229828 -1.0995 -9.57607 0.393619 0.0763581 -0.158672 -0.0664316
1501.07 0.995922 -9.49956 0.0383047 -1.1007 -9.57009 0.375673 0.073762 -0.156534 -0.0788016
1501.09 1.26405 -9.57617 -0.191523 -1.10548 -9.54257 0.391226 0.0722348 -0.156687 -0.0846048
1501.1 1.03423 -9.53786 -0.114914 -1.07198 -9.54138 0.398405 0.0733038 -0.156534 -0.0899499
1501.12 1.03423 -9.57617 -0.344742 -1.0672 -9.58923 0.372084 0.0713185 -0.158367 -0.0862847
1501.14 0.995922 -9.61448 -0.191523 -1.06122 -9.62513 0.387637 0.0713185 -0.155923 -0.0832304
1501.15 1.11084 -9.65278 -0.306437 -1.05763 -9.67418 0.398405 0.0713185 -0.157603 -0.078038
1501.17 1.26405 -9.72939 -0.0766094 -1.05763 -9.64786 0.382851 0.071013 -0.158978 -0.0763581
1501.19 1.07253 -9.53786 -0.153219 -1.03848 -9.64666 0.37328 0.0731511 -0.158367 -0.0775799
1501.2 0.957617 -9.72939 0.0383047 -1.04327 -9.68973 0.375673 0.071624 -0.159589 -0.0803288
1501.22 0.995922 -9.72939 0.191523 -1.05284 -9.68854 0.350548 0.071624 -0.158978 -0.0852157
1501.23 0.957617 -9.65278 -0.0766094 -1.05882 -9.71486 0.338584 0.071624 -0.157909 -0.0862847
1501.25 1.11084 -9.61448 0.229828 -1.04806 -9.65264 0.355334 0.0684169 -0.155007 -0.0846048
1501.27 1.07253 -9.65278 -0.0766094 -1.0349 -9.60957 0.331406 0.0722348 -0.157298 -0.0797179
1501.28 1.07253 -9.65278 0.268133 -1.05643 -9.61197 0.325424 0.0731511 -0.158978 -0.0804815
1501.3 1.03423 -9.61448 -0.191523 -1.07677 -9.65025 0.307478 0.0705549 -0.156229 -0.0795652
1501.32 0.995922 -9.69109 -0.0766094 -1.06002 -9.67657 0.31346 0.0731511 -0.157756 -0.0910189
1501.34 1.11084 -9.61448 0.383047 -1.0349 -9.65504 0.300299 0.0699441 -0.157909 -0.0968221
1501.35 0.995922 -9.57617 -0.0766094 -1.02413 -9.66939 0.325424 0.067806 -0.156229 -0.0980438
1501.37 0.842703 -9.61448 0.229828 -1.00738 -9.6682 0.30987 0.071013 -0.157603 -0.096364
1501.38 0.842703 -9.69109 0.0 -1.00379 -9.66939 0.297906 0.0711658 -0.15516 -0.0913243
1501.4 1.07253 -9.65278 -0.153219 -1.04447 -9.69571 0.30987 0.0725402 -0.156381 -0.0907135
1501.42 0.957617 -9.69109 -0.114914 -1.03729 -9.667 0.307478 0.0731511 -0.155923 -0.087201
1501.43 0.995922 -9.69109 -0.114914 -1.03011 -9.667 0.305085 0.0702495 -0.154243 -0.08827
1501.45 0.957617 -9.53786 0.0383047 -1.02652 -9.65743 0.302692 0.0729984 -0.156687 -0.0959058
1501.47 0.995922 -9.61448 0.0 -1.04686 -9.65145 0.31346 0.0731511 -0.159894 -0.103083
1501.48 0.957617 -9.53786 0.0383047 -1.0337 -9.62991 0.319442 0.0694859 -0.158061 -0.102014
1501.5 0.957617 -9.61448 0.0 -1.04088 -9.62513 0.362513 0.0723875 -0.159894 -0.102625
1501.52 1.14914 -9.69109 -0.0383047 -1.04925 -9.67059 0.346959 0.0687223 -0.159589 -0.101098
1501.53 0.804398 -9.49956 -0.536266 -1.05045 -9.68495 0.362513 0.0684169 -0.15745 -0.0983493
1501.55 1.03423 -9.57617 -0.0383047 -1.05284 -9.70409 0.362513 0.0708604 -0.15913 -0.0994183
1501.57 0.842703 -9.53786 -0.153219 -1.00499 -9.64068 0.357727 0.0711658 -0.159894 -0.096364
1501.58 0.995922 -9.57617 -0.0766094 -1.01934 -9.68614 0.346959 0.0717766 -0.161268 -0.0896445
1501.6 1.03423 -9.72939 -0.0766094 -1.00738 -9.6993 0.350548 0.0723875 -0.159741 -0.074831
1501.62 1.18745 -9.72939 -0.153219 -1.02532 -9.72682 0.340977 0.0719294 -0.160505 -0.0713185
1501.63 1.07253 -9.61448 -0.153219 -1.01336 -9.70887 0.344566 0.0717766 -0.161574 -0.0728457
1501.65 0.842703 -9.69109 0.0383047 -1.01216 -9.71007 0.344566 0.0740674 -0.160658 -0.0762054
1501.67 0.957617 -9.57617 -0.0766094 -1.01695 -9.69691 0.348156 0.0740674 -0.15913 -0.0757473
1501.68 1.03423 -9.69109 -0.114914 -1.02772 -9.67418 0.337388 0.0755945 -0.160199 -0.0743728
1501.7 1.07253 -9.53786 -0.306437 -1.00738 -9.72562 0.339781 0.0754418 -0.159436 -0.0728457
1501.71 0.995922 -9.72939 -0.191523 -0.977468 -9.74836 0.342173 0.0755945 -0.159436 -0.0731511
1501.73 0.881008 -9.65278 0.0 -0.943968 -9.72921 0.339781 0.0775799 -0.159741 -0.0865901
1501.75 1.03423 -9.53786 -0.191523 -0.960718 -9.68854 0.346959 0.076969 -0.157145 -0.095295
1501.76 0.957617 -9.61448 -0.153219 -0.957129 -9.62034 0.345763 0.0775799 -0.15684 -0.0991129
1501.78 1.18745 -9.46126 0.0 -0.999003 -9.58445 0.336191 0.0765108 -0.155465 -0.0951423
1501.8 0.995922 -9.61448 -0.0766094 -1.01575 -9.59761 0.334995 0.0777326 -0.157145 -0.0887282
1501.81 0.995922 -9.53786 -0.268133 -1.01097 -9.62872 0.334995 0.0749837 -0.156687 -0.0852157
1501.83 0.881008 -9.69109 0.344742 -0.99661 -9.67418 0.314656 0.0766636 -0.15913 -0.0885754
1501.85 0.919312 -9.65278 -0.0766094 -0.975075 -9.64905 0.301496 0.074831 -0.15852 -0.091477
1501.86 0.804398 -9.53786 0.0 -0.997807 -9.6323 0.289531 0.0749837 -0.158061 -0.090408
1501.88 1.03423 -9.61448 0.0 -0.985843 -9.60598 0.284746 0.0745255 -0.156534 -0.0881173
1501.9 0.919312 -9.65278 -0.191523 -1.00259 -9.65623 0.277567 0.0746782 -0.156992 -0.0862847
1501.91 1.07253 -9.65278 -0.0766094 -0.990628 -9.73759 0.288335 0.0754418 -0.156381 -0.0841467
1501.93 0.881008 -9.65278 -0.0383047 -0.965504 -9.75075 0.31346 0.0754418 -0.156076 -0.0844521
1501.95 0.689484 -9.69109 -0.153219 -0.943968 -9.71725 0.338584 0.0768163 -0.155618 -0.0836885
1501.96 0.919312 -9.72939 -0.114914 -0.970289 -9.69571 0.336191 0.0739146 -0.15516 -0.0765108
1501.98 1.11084 -9.61448 0.0 -0.984646 -9.65863 0.320638 0.0760527 -0.155618 -0.0743728
1502.0 0.995922 -9.69109 -0.153219 -1.00857 -9.60838 0.331406 0.0754418 -0.155465 -0.0754418
1502.01 0.919312 -9.65278 -0.536266 -1.0325 -9.64188 0.369691 0.0788016 -0.15913 -0.0826195
1502.03 1.11084 -9.57617 -0.153219 -1.0337 -9.63948 0.392423 0.074831 -0.154091 -0.0821613
1502.05 0.957617 -9.53786 -0.114914 -1.04327 -9.62991 0.399601 0.0792598 -0.159436 -0.0823141
1502.06 0.804398 -9.65278 -0.114914 -1.05523 -9.62872 0.370887 0.0762054 -0.160505 -0.0722348
1502.08 1.03423 -9.61448 -0.153219 -1.07438 -9.64188 0.357727 0.0726929 -0.157756 -0.0583376
1502.1 1.14914 -9.61448 -0.229828 -1.08754 -9.63111 0.345763 0.0762054 -0.161116 -0.0572686
1502.11 0.995922 -9.65278 -0.191523 -1.07557 -9.65264 0.321834 0.0696386 -0.155618 -0.057574
1502.13 0.995922 -9.61448 -0.114914 -1.06361 -9.64905 0.331406 0.0743728 -0.161879 -0.0714712
1502.15 1.11084 -9.53786 -0.0383047 -1.05763 -9.64427 0.319442 0.0713185 -0.159741 -0.0765108
1502.16 1.03423 -9.53786 -0.0383047 -1.04447 -9.62632 0.321834 0.068875 -0.158978 -0.078038
1502.18 1.03423 -9.49956 -0.0766094 -1.0325 -9.62273 0.321834 0.0700968 -0.158367 -0.0826195
1502.19 1.14914 -9.57617 -0.0766094 -1.01695 -9.61316 0.336191 0.0693332 -0.158367 -0.0881173
1502.21 0.995922 -9.49956 -0.114914 -0.999003 -9.63589 0.327816 0.0699441 -0.160047 -0.0888809
1502.23 1.07253 -9.65278 0.0 -0.987039 -9.71246 0.364905 0.0675006 -0.158672 -0.0885754
1502.24 0.957617 -9.69109 -0.191523 -0.972682 -9.69332 0.384048 0.0670424 -0.158214 -0.0836885
1502.26 1.03423 -9.57617 -0.306437 -0.975075 -9.66939 0.385244 0.0700968 -0.161421 -0.0820086
1502.28 1.03423 -9.65278 -0.114914 -0.972682 -9.67059 0.37328 0.064599 -0.153633 -0.0749837
1502.29 0.957617 -9.57617 -0.153219 -0.978664 -9.61077 0.345763 0.0658207 -0.154549 -0.0704022
1502.31 0.995922 -9.57617 -0.421352 -0.987039 -9.62034 0.327816 0.0633773 -0.151647 -0.0685696
1502.33 0.957617 -9.61448 -0.268133 -0.997807 -9.64307 0.32662 0.0658207 -0.154702 -0.0746782
1502.34 0.919312 -9.57617 -0.0766094 -1.01815 -9.6323 0.337388 0.06353 -0.150425 -0.0789543
1502.36 1.22575 -9.61448 -0.0766094 -1.0014 -9.61675 0.358923 0.066737 -0.152105 -0.0836885
1502.38 0.957617 -9.57617 -0.114914 -0.978664 -9.58564 0.342173 0.0630718 -0.149051 -0.0888809
1502.39 0.995922 -9.53786 0.0766094 -0.99661 -9.60957 0.350548 0.0659734 -0.149815 -0.0943787
1502.41 1.03423 -9.53786 -0.114914 -0.994217 -9.59761 0.345763 0.0650571 -0.149204 -0.0946841
1502.43 0.957617 -9.61448 0.268133 -0.985843 -9.6335 0.342173 0.067806 -0.151647 -0.0975857
1502.44 1.11084 -9.57617 -0.229828 -0.969093 -9.66221 0.338584 0.0665843 -0.145233 -0.0923933
1502.46 0.995922 -9.65278 -0.0766094 -0.976271 -9.71844 0.345763 0.0671951 -0.146913 -0.0920879
1502.48 1.03423 -9.72939 -0.153219 -0.994217 -9.72562 0.350548 0.0702495 -0.149051 -0.0934624
1502.49 0.995922 -9.69109 -0.0766094 -0.991825 -9.71486 0.327816 0.0687223 -0.146455 -0.0818559
1502.51 1.18745 -9.61448 0.114914 -0.997807 -9.72443 0.321834 0.071013 -0.144011 -0.0725402
1502.52 1.14914 -9.69109 -0.268133 -1.01456 -9.72084 0.282353 0.0728457 -0.144164 -0.0719294
1502.54 1.11084 -9.72939 0.0 -1.0349 -9.71725 0.301496 0.0723875 -0.143248 -0.0729984
1502.56 1.07253 -9.72939 -0.306437 -1.08634 -9.71366 0.283549 0.0754418 -0.141568 -0.0772744
1502.57 0.995922 -9.65278 0.0 -1.08873 -9.69571 0.297906 0.0759 -0.143401 -0.0784962
1502.59 1.11084 -9.53786 0.191523 -1.12702 -9.70528 0.285942 0.0711658 -0.141263 -0.0751364
1502.61 1.18745 -9.69109 -0.0766094 -1.11027 -9.69571 0.307478 0.074831 -0.143706 -0.0771217
1502.62 1.03423 -9.49956 -0.268133 -1.0995 -9.68495 0.29671 0.0719294 -0.142484 -0.0765108
1502.64 1.22575 -9.61448 -0.0383047 -1.11027 -9.66102 0.31346 0.074831 -0.146149 -0.0765108
1502.66 1.14914 -9.61448 -0.766094 -1.1342 -9.66221 0.318245 0.0745255 -0.14676 -0.0762054
1502.67 1.22575 -9.61448 -0.153219 -1.14257 -9.67059 0.312263 0.0700968 -0.143401 -0.071624
1502.69 1.14914 -9.61448 -0.191523 -1.12223 -9.68734 0.323031 0.0700968 -0.143859 -0.0713185
1502.71 1.30236 -9.61448 -0.153219 -1.09831 -9.667 0.303888 0.068875 -0.142484 -0.071013
1502.72 1.03423 -9.65278 -0.153219 -1.08275 -9.6981 0.323031 0.0714712 -0.146302 -0.0778853
1502.74 1.03423 -9.65278 0.153219 -1.06122 -9.69332 0.306281 0.0684169 -0.144775 -0.0838412
1502.76 0.919312 -9.65278 -0.114914 -1.04806 -9.69691 0.318245 0.0685696 -0.143706 -0.0836885
1502.77 0.995922 -9.69109 0.191523 -1.02652 -9.73639 0.275174 0.0655153 -0.141263 -0.0830777
1502.79 1.22575 -9.72939 -0.0766094 -1.01097 -9.6981 0.242871 0.0659734 -0.142484 -0.0868956
1502.81 0.995922 -9.65278 -0.0766094 -1.01456 -9.68495 0.218943 0.0613919 -0.136834 -0.0870483
1502.82 0.766094 -9.53786 0.306437 -0.994217 -9.57846 0.16989 0.0647517 -0.138666 -0.102778
1502.84 1.03423 -9.49956 0.114914 -0.988235 -9.55573 0.0311067 0.0616974 -0.139735 -0.124616
1502.86 0.957617 -9.53786 0.306437 -0.964307 -9.59521 0.0885344 0.0600175 -0.139125 -0.133474
1502.87 1.18745 -9.61448 0.153219 -0.975075 -9.62872 0.0526421 0.0598648 -0.137903 -0.131947
1502.89 0.919312 -9.65278 -0.0766094 -1.11266 -9.72084 0.0502493 0.0566577 -0.137445 -0.117439
1502.91 0.919312 -9.53786 0.0766094 -1.04925 -9.60957 0.153141 0.0578795 -0.14111 -0.0899499
1502.92 0.995922 -9.49956 -0.0383047 -1.03609 -9.48993 0.189033 0.055436 -0.138208 -0.0725402
1502.94 0.995922 -9.65278 0.0 -1.06122 -9.48634 0.208175 0.0557414 -0.141263 -0.0412334
1502.96 0.995922 -9.61448 -0.191523 -1.10668 -9.54855 0.254835 0.0555887 -0.14279 -0.025809
1502.98 0.766094 -9.46126 -0.191523 -1.07198 -9.55932 0.256032 0.0552833 -0.142332 -0.0253509
1502.99 1.03423 -9.57617 0.0383047 -1.10668 -9.57129 0.197408 0.0597121 -0.146608 -0.0291688
1503.01 1.18745 -9.57617 0.229828 -1.11984 -9.56171 0.0777667 0.0671951 -0.150884 -0.041997
1503.02 0.957617 -9.57617 0.612875 -1.14018 -9.53779 0.0478564 0.0690278 -0.153174 -0.045204
1503.04 1.18745 -9.38465 0.0766094 -1.17368 -9.55812 -0.0167498 0.0733038 -0.15684 -0.046273
1503.05 1.22575 -9.61448 0.114914 -1.17009 -9.6012 -0.0191426 0.073762 -0.154702 -0.0348193
1503.07 1.41727 -9.49956 0.344742 -1.10668 -9.58684 0.0514457 0.0774271 -0.15516 -0.0244346
1503.09 0.957617 -9.65278 -0.191523 -1.06959 -9.67418 0.0789631 0.078038 -0.155618 0.00351247
1503.1 0.995922 -9.806 -0.0383047 -1.03609 -9.72084 0.100499 0.0817032 -0.15516 0.022602
1503.12 1.07253 -9.88261 0.268133 -1.04207 -9.83569 0.129212 0.0855211 -0.152869 0.0647517
1503.13 0.804398 -9.8443 -0.0383047 -1.03011 -9.87039 0.145962 0.0923933 -0.150884 0.107207
1503.15 0.995922 -9.95922 0.383047 -1.02532 -9.95773 0.178265 0.0911716 -0.147371 0.127976
1503.16 0.995922 -9.99752 0.191523 -0.999003 -10.0726 0.177069 0.0977384 -0.145539 0.158214
1503.76 -0.383047 -9.69109 -0.0383047 0.549153 -9.61197 0.227318 -0.00397062 -0.103236 -0.783129
1503.77 -0.459656 -9.88261 -0.0766094 0.841077 -9.79741 0.171087 0.00549779 -0.107054 -0.638507
1503.79 -0.727789 -9.95922 0.191523 1.06481 -9.95653 0.144766 0.0171042 -0.109192 -0.509461
1503.81 -0.842703 -9.99752 0.0383047 1.15813 -10.0702 0.124427 0.0273362 -0.108429 -0.389732
1503.82 -0.957617 -10.1124 0.191523 1.20239 -10.2078 0.0789631 0.0345139 -0.109345 -0.331547
1503.84 -0.995922 -10.304 0.459656 1.24187 -10.2425 0.00119641 0.0450513 -0.104611 -0.192728
1503.86 -1.07253 -10.0741 0.229828 1.21555 -10.2999 -0.0382852 0.0578795 -0.104305 -0.0444404
1503.87 -0.804398 -10.0358 0.306437 1.17009 -10.2293 -0.0538385 0.0606284 -0.102778 0.0361938
1503.89 -0.919312 -9.99752 0.536266 1.1988 -10.118 -0.0167498 0.0726929 -0.104611 0.179442
1503.9 -0.804398 -9.92091 0.268133 1.06839 -10.0367 0.0430708 0.0783434 -0.101556 0.305738
1503.92 -0.65118 -9.92091 0.0766094 1.03968 -10.002 0.0562313 0.0813978 -0.102625 0.357967
1503.94 -0.536266 -9.88261 0.153219 0.939182 -9.9996 0.163908 0.085063 -0.0997237 0.437074
1503.95 -0.57457 -9.72939 0.0766094 0.926022 -9.92782 0.262014 0.087201 -0.0945314 0.4751
1503.97 -0.459656 -9.806 0.0 0.827916 -9.94218 0.275174 0.0905607 -0.0968221 0.467464
1503.99 -0.383047 -9.76769 -0.153219 0.671186 -9.89552 0.36012 0.0962113 -0.0997237 0.450818
1504.0 -0.229828 -9.806 -0.153219 0.666401 -9.9649 0.437886 0.0997237 -0.0977384 0.40424
1504.02 -0.344742 -9.8443 -0.114914 0.622134 -9.97567 0.479761 0.108429 -0.0972803 0.337808
1504.04 -0.229828 -9.76769 -0.114914 0.482154 -10.0235 0.492921 0.11133 -0.0934624 0.310625
1504.05 -0.421352 -9.88261 -0.268133 0.496511 -10.0822 0.494118 0.113621 -0.0922406 0.266795
1504.07 -0.306437 -9.88261 -0.153219 0.404387 -10.051 0.586241 0.124311 -0.090408 0.242055
1504.09 -0.306437 -9.99752 -0.0766094 0.308674 -10.148 0.631705 0.122478 -0.0856738 0.230754
1504.1 0.114914 -10.0358 -0.268133 0.190229 -10.1432 0.648455 0.128434 -0.083994 0.204029
1504.12 0.229828 -9.99752 -0.114914 0.04666 -10.2317 0.660419 0.132863 -0.0879646 0.163254
1504.14 0.153219 -10.1124 -0.497961 0.0622134 -10.1623 0.671186 0.13775 -0.0891863 0.138819
1504.15 0.114914 -9.806 -0.306437 -0.0131605 -9.98524 0.687936 0.140346 -0.0959058 0.0975857
1504.17 0.268133 -9.72939 -0.191523 -0.129212 -9.77109 0.727418 0.138361 -0.0986547 0.078038
1504.19 0.306437 -9.69109 -0.459656 -0.234497 -9.69691 0.7334 0.139277 -0.106596 0.0948368
1504.2 0.383047 -9.57617 -0.842703 -0.417547 -9.57846 0.781256 0.13607 -0.110567 0.116064
1504.22 0.612875 -9.46126 -0.306437 -0.447458 -9.54138 0.677169 0.135765 -0.119271 0.162337
1504.24 0.536266 -9.57617 -0.306437 -0.522831 -9.50549 0.618545 0.130572 -0.126449 0.206625
1504.25 0.842703 -9.65278 -0.536266 -0.665205 -9.59163 0.607777 0.127213 -0.13042 0.221286
1504.27 0.689484 -9.49956 -0.268133 -0.786042 -9.44806 0.579063 0.125991 -0.13943 0.223118
1504.29 0.727789 -9.46126 -0.191523 -0.751346 -9.43609 0.51685 0.119577 -0.150731 0.190132
1504.3 0.689484 -9.53786 -0.229828 -0.702293 -9.44207 0.460618 0.11805 -0.155007 0.170737
1504.32 0.612875 -9.806 0.0 -0.644866 -9.82134 0.29671 0.112705 -0.166155 0.121104
1504.33 0.612875 -9.99752 0.229828 -0.547956 -10.2425 0.0646062 0.112094 -0.174402 0.0540616
1504.35 0.421352 -10.0741 0.153219 -0.480957 -10.4566 -0.0430708 0.11301 -0.176235 0.00488692
1504.37 0.344742 -10.0741 0.344742 -0.240479 -10.3047 -0.179462 0.117133 -0.181885 -0.107512
1504.38 0.153219 -10.0358 0.0 0.0215354 -10.0594 -0.215354 0.122937 -0.183565 -0.206014
1504.4 0.114914 -9.88261 0.268133 0.102891 -10.014 -0.215354 0.120951 -0.181885 -0.241903
1504.42 0.114914 -9.72939 0.344742 0.09332 -9.87877 -0.223729 0.117744 -0.175776 -0.273057
1504.43 -0.0383047 -9.69109 0.344742 -0.0239282 -9.57129 -0.180658 0.117133 -0.174249 -0.249386
1504.45 0.268133 -9.38465 0.229828 -0.142373 -9.37866 -0.138784 0.109345 -0.170889 -0.151189
1504.47 0.459656 -8.96329 0.306437 -0.397208 -9.00538 -0.0514457 0.10736 -0.173486 -0.0849102
1504.48 0.65118 -8.65686 0.0 -0.725025 -8.67398 0.0586241 0.0998765 -0.176845 0.0574213
1504.5 0.65118 -8.61855 -0.421352 -0.959521 -8.49571 0.113659 0.0885754 -0.186161 0.161268
1504.52 0.957617 -8.46534 -0.0766094 -0.993021 -8.45623 0.119641 0.0836885 -0.189826 0.187994
1504.53 1.34066 -8.65686 -0.0766094 -1.12463 -8.65962 0.25005 0.0700968 -0.201433 0.197004
1504.55 1.03423 -8.81008 -0.268133 -1.06361 -8.70628 0.404387 0.0662789 -0.215635 0.175166
1504.57 1.07253 -8.65686 -0.268133 -1.05763 -8.66441 0.465404 0.06353 -0.220828 0.143401
1504.58 1.03423 -8.88668 -0.344742 -1.28016 -8.80439 0.632901 0.0557414 -0.226784 0.0334449
1504.6 1.6088 -9.42295 -0.421352 -1.52303 -9.47438 0.827916 0.0537561 -0.238237 -0.128129
1504.62 1.83862 -9.69109 -0.612875 -1.64865 -9.74118 0.862612 0.0591012 -0.256563 -0.280692
1504.63 1.26405 -9.8443 -0.421352 -1.34357 -9.90868 0.825523 0.0607811 -0.262672 -0.342695
1504.65 0.727789 -9.806 -0.0383047 -0.867398 -9.98166 0.618545 0.0658207 -0.274584 -0.41829
1504.67 0.536266 -9.95922 -0.344742 -0.691525 -10.0355 0.531206 0.071013 -0.280387 -0.408974
1504.68 0.229828 -10.1124 -0.0766094 -0.301496 -10.2688 0.332602 0.073762 -0.28619 -0.366061
1504.7 -0.114914 -10.189 0.191523 0.257228 -10.3669 0.0885344 0.0723875 -0.287107 -0.222813
1504.71 -0.727789 -9.92091 0.306437 0.585045 -10.1934 -0.0693918 0.0714712 -0.288634 -0.0581849
1504.73 -0.65118 -9.806 0.383047 0.884148 -10.0175 -0.202193 0.0726929 -0.290466 0.0149662
1504.75 -0.421352 -10.1124 0.114914 0.815952 -10.2317 -0.0717846 0.0580322 -0.284205 0.154549
1504.76 -0.727789 -9.8443 0.229828 0.836291 -10.069 -0.0622134 0.0528398 -0.284663 0.254731
1504.78 -0.459656 -9.69109 0.114914 0.84347 -9.81296 0.0346959 0.0471893 -0.281609 0.278249
1504.8 -0.383047 -9.65278 -0.383047 0.811167 -9.72562 0.31346 0.0377209 -0.276569 0.282983
1504.81 -0.268133 -9.72939 -0.344742 0.719043 -9.78066 0.587438 0.0277944 -0.268322 0.248317
1504.83 -0.306437 -9.61448 -0.421352 0.668794 -9.77707 0.70349 0.0238237 -0.261756 0.212428
1504.85 -0.229828 -9.76769 -0.344742 0.568295 -9.99841 0.943968 0.0253509 -0.252593 0.101098
1504.86 -0.0766094 -9.95922 -0.689484 0.348156 -10.1348 1.19761 0.0316123 -0.244193 -0.0332921
1504.88 0.114914 -9.8443 -0.842703 0.131605 -10.1515 1.26341 0.0400117 -0.241597 -0.135154
1504.9 0.0 -9.76769 -0.804398 0.17348 -9.84766 1.3005 0.0528398 -0.231212 -0.159741
1504.91 -0.153219 -9.61448 -0.919312 0.375673 -9.5677 1.32084 0.0675006 -0.217621 -0.177914
1504.93 -0.191523 -9.49956 -1.07253 0.42353 -9.49711 1.29093 0.078038 -0.207083 -0.143248
1504.94 -0.306437 -9.53786 -0.804398 0.521635 -9.32841 1.19402 0.087201 -0.197309 -0.104458
1504.96 -0.268133 -9.57617 -0.766094 0.595813 -9.533 1.11027 0.102014 -0.183412 -0.00595593
1504.98 -0.306437 -9.57617 -0.57457 0.562313 -9.62034 1.05882 0.115454 -0.171348 0.0946841
1504.99 -0.191523 -9.76769 -0.497961 0.391226 -9.77827 0.886541 0.119424 -0.162948 0.137139
1505.01 -0.191523 -9.88261 -0.344742 0.17348 -10.0463 0.762114 0.135612 -0.148288 0.178373
1505.03 0.306437 -10.189 -0.191523 -0.264407 -10.52 0.62333 0.148135 -0.140499 0.191354
1505.04 0.536266 -10.1507 -0.153219 -0.413958 -10.599 0.545563 0.156687 -0.136528 0.196851
1505.06 0.497961 -10.3806 -0.153219 -0.496511 -10.5069 0.338584 0.172722 -0.13042 0.204793
1505.08 1.07253 -10.3806 0.114914 -1.05882 -10.66 0.212961 0.18158 -0.123547 0.188299
1505.09 1.22575 -10.4572 0.0383047 -1.59003 -10.855 0.149551 0.186467 -0.122631 0.156381
1505.11 1.80032 -10.3806 0.306437 -1.77188 -10.7294 -0.0131605 0.198378 -0.132863 0.0444404
1505.13 1.07253 -10.2273 0.536266 -1.1653 -10.4662 -0.0107677 0.199906 -0.140346 -0.078038
1505.14 0.421352 -9.99752 0.268133 -0.565902 -10.3011 0.0179462 0.204487 -0.142942 -0.222966
1505.16 0.229828 -9.88261 0.191523 -0.153141 -10.069 0.0502493 0.203571 -0.140194 -0.300393
1505.18 0.0766094 -9.49956 0.306437 -0.0538385 -9.57368 -0.0275174 0.19792 -0.128893 -0.40424
1505.19 0.229828 -9.42295 0.191523 -0.0897308 -9.36311 -0.0622134 0.188146 -0.117439 -0.436616
1505.21 0.114914 -9.46126 0.114914 -0.114855 -9.332 0.0598205 0.184329 -0.114079 -0.426536
1505.23 0.268133 -9.46126 -0.0766094 -0.315852 -9.33081 0.228514 0.173333 -0.101404 -0.360563
1505.24 0.612875 -9.42295 -0.0383047 -0.496511 -9.32124 0.416351 0.166461 -0.099571 -0.265726
1505.26 0.57457 -9.34634 -0.268133 -0.564706 -9.24945 0.501296 0.165544 -0.100793 -0.2277
1505.28 0.57457 -9.26973 -0.612875 -0.555135 -9.10349 0.661615 0.155618 -0.102931 -0.182649
1505.29 0.689484 -8.92499 -0.459656 -0.65324 -8.86899 0.807577 0.151647 -0.112705 -0.15913
1505.31 0.727789 -9.0016 -0.57457 -0.727418 -8.84746 0.896112 0.138819 -0.11805 -0.122326
1505.33 0.919312 -8.88668 -0.957617 -0.948754 -8.84387 1.08754 0.135612 -0.12202 -0.10736
1505.34 0.957617 -8.96329 -0.804398 -1.08754 -8.94317 1.27059 0.126755 -0.129962 -0.0752891
1505.36 1.07253 -9.15482 -0.881008 -1.15573 -8.95035 1.33519 0.114232 -0.138208 -0.0415388
1505.38 1.26405 -9.0016 -0.881008 -1.29452 -8.9659 1.29571 0.109803 -0.138666 -0.029627
1505.39 1.18745 -9.0016 -0.995922 -1.22871 -9.02453 1.2 0.0998765 -0.145997 -0.0493274
1505.41 1.26405 -9.34634 -0.727789 -1.17488 -9.12622 1.07557 0.0908662 -0.151036 -0.118355
1505.43 1.14914 -9.15482 -0.536266 -1.14018 -9.15493 1.01934 0.0865901 -0.152716 -0.165239
1505.44 0.995922 -9.03991 -0.919312 -1.07677 -9.09033 0.926022 0.074831 -0.154549 -0.2558
1505.46 0.881008 -9.03991 -0.459656 -0.902094 -8.99342 0.855434 0.0725402 -0.167072 -0.313374
1505.48 0.766094 -9.15482 -0.229828 -0.789631 -8.96112 0.861416 0.0675006 -0.176082 -0.315054
1505.49 0.612875 -9.11651 -0.421352 -0.658026 -8.95035 0.799202 0.0609338 -0.182649 -0.300851
1505.51 0.459656 -9.26973 -0.344742 -0.549153 -9.07238 0.735793 0.0510072 -0.189979 -0.235794
1505.52 0.689484 -9.30804 -0.344742 -0.569491 -9.12622 0.750149 0.0421497 -0.199142 -0.155771
1505.54 0.65118 -9.30804 -0.383047 -0.587438 -9.16451 0.795613 0.0369573 -0.199753 -0.117897
1505.56 0.689484 -9.57617 -0.383047 -0.741775 -9.33799 0.802792 0.0294742 -0.21029 -0.0755945
1505.57 0.804398 -9.53786 -0.459656 -0.876969 -9.46959 0.823131 0.020464 -0.212886 -0.0705549
1505.59 1.07253 -9.69109 0.114914 -0.897308 -9.58325 0.803988 0.0174097 -0.217773 -0.0774271
1505.61 0.919312 -9.69109 -0.344742 -0.917647 -9.734 0.710668 0.0135917 -0.226326 -0.113315
1505.62 0.804398 -9.72939 -0.344742 -0.893719 -9.88594 0.594616 0.00946841 -0.230754 -0.160352
1505.64 0.881008 -9.76769 -0.191523 -0.898505 -9.91346 0.558724 0.00946841 -0.237168 -0.195324
1505.66 0.881008 -9.88261 -0.153219 -0.924826 -9.99482 0.519242 0.00931569 -0.242513 -0.201585
1505.67 0.65118 -9.8443 -0.153219 -0.874577 -10.0726 0.431904 0.0142026 -0.24908 -0.199753
1505.69 0.804398 -9.92091 -0.0766094 -0.844666 -10.1157 0.362513 0.0207694 -0.259923 -0.187536
1505.71 0.612875 -10.0741 0.0383047 -0.775274 -10.1444 0.289531 0.0259618 -0.263894 -0.17654
1505.72 0.689484 -9.95922 -0.0766094 -0.691525 -10.1862 0.257228 0.0345139 -0.271835 -0.142637
1505.74 0.612875 -10.0358 0.0383047 -0.662812 -10.0546 0.222532 0.0432187 -0.277944 -0.0847575
1505.76 0.612875 -9.92091 -0.0383047 -0.684347 -10.1145 0.234497 0.045204 -0.280387 -0.0511599
1505.77 0.65118 -9.92091 0.114914 -0.573081 -10.1109 0.22014 0.0525344 -0.286648 0.00549779
1505.79 0.536266 -9.92091 0.153219 -0.393619 -10.0367 0.273978 0.0578795 -0.291383 0.0294742
1505.81 0.421352 -9.76769 -0.153219 -0.32662 -9.97448 0.308674 0.0610865 -0.292452 0.0314596
1505.82 0.153219 -9.76769 -0.229828 -0.239282 -9.88594 0.388834 0.0630718 -0.293673 0.0316123
1505.84 0.268133 -9.806 -0.153219 -0.108873 -9.93021 0.391226 0.0690278 -0.295659 0.0331394
1505.86 0.191523 -9.95922 0.0383047 -0.040678 -9.96132 0.405583 0.0704022 -0.293215 0.0526871
1505.87 0.306437 -9.806 -0.0383047 -0.0705882 -10.0487 0.350548 0.068875 -0.289855 0.0702495
1505.89 0.191523 -9.88261 -0.229828 -0.0598205 -9.97687 0.370887 0.0697913 -0.284205 0.114232
1505.9 0.268133 -9.88261 -0.0766094 -0.0801595 -9.90868 0.366102 0.0700968 -0.28283 0.160963
1505.93 0.0766094 -9.88261 -0.0766094 -0.155533 -9.89671 0.37328 0.0697913 -0.277638 0.205098
1505.95 0.421352 -9.8443 -0.153219 -0.312263 -9.94576 0.363709 0.0740674 -0.279165 0.233809
1505.96 0.383047 -9.8443 -0.0766094 -0.430708 -9.97687 0.351745 0.076969 -0.277791 0.230754
1505.98 0.421352 -9.88261 -0.0766094 -0.592223 -9.93859 0.252443 0.0833831 -0.27886 0.200669
1505.99 0.766094 -9.95922 0.421352 -0.710668 -10.0152 0.189033 0.0905607 -0.284969 0.131336
1506.01 0.766094 -9.806 -0.0766094 -0.753739 -10.0307 0.181854 0.0956004 -0.291535 0.0896445
1506.03 0.57457 -9.76769 -0.229828 -0.802792 -9.95533 0.230907 0.107665 -0.30024 0.00412334
1506.04 0.995922 -9.72939 0.0 -0.923629 -9.82014 0.208175 0.115912 -0.310472 -0.0807869
1506.06 0.995922 -9.69109 0.0 -0.987039 -9.77588 0.205783 0.116981 -0.315512 -0.118508
1506.08 1.11084 -9.69109 -0.114914 -1.1665 -9.7998 0.238086 0.121409 -0.328951 -0.173638
1506.09 1.30236 -9.806 -0.0766094 -1.36271 -9.83091 0.329013 0.128129 -0.348651 -0.178373
1506.11 1.34066 -9.72939 -0.153219 -1.468 -9.77109 0.405583 0.130572 -0.357814 -0.12874
1506.13 1.6088 -9.72939 -0.421352 -1.42971 -9.72443 0.55992 0.134238 -0.377362 -0.095295
1506.14 1.49388 -9.61448 -0.268133 -1.44646 -9.60957 0.638883 0.131183 -0.388968 -0.0222966
1506.16 1.45558 -9.49956 -0.421352 -1.37827 -9.47557 0.635294 0.1237 -0.397215 0.0426078
1506.18 1.41727 -9.46126 -0.268133 -1.41655 -9.4337 0.586241 0.120951 -0.399506 0.0668897
1506.19 1.30236 -9.53786 -0.497961 -1.32682 -9.44447 0.544367 0.111177 -0.403629 0.0962113
1506.21 1.22575 -9.46126 -0.268133 -1.12941 -9.41815 0.522831 0.100487 -0.401797 0.0870483
1506.23 0.995922 -9.34634 0.0383047 -1.07318 -9.37627 0.494118 0.0962113 -0.402713 0.0653626
1506.24 0.919312 -9.30804 -0.229828 -0.872184 -9.42054 0.411565 0.0902553 -0.402866 -0.00290161
1506.26 0.689484 -9.46126 -0.153219 -0.715454 -9.45643 0.379262 0.0817032 -0.398589 -0.0841467
1506.28 0.612875 -9.42295 0.114914 -0.612562 -9.44566 0.337388 0.0792598 -0.397673 -0.139735
1506.29 0.459656 -9.49956 -0.0383047 -0.445065 -9.45643 0.299103 0.0781907 -0.396299 -0.156076
1506.31 0.344742 -9.53786 0.0 -0.302692 -9.40738 0.338584 0.0759 -0.393397 -0.162032
1506.33 0.344742 -9.53786 -0.229828 -0.289531 -9.44327 0.35653 0.074831 -0.391106 -0.151189
1506.34 0.229828 -9.65278 -0.421352 -0.241675 -9.5677 0.416351 0.0763581 -0.390037 -0.148135
1506.36 0.459656 -9.61448 -0.612875 -0.44985 -9.75195 0.777667 0.0821613 -0.388357 -0.163712
1506.38 0.421352 -9.76769 -0.65118 -0.26321 -9.7352 1.10788 0.083994 -0.389121 -0.176387
1506.39 0.497961 -9.76769 -0.766094 -0.208175 -10.0104 1.05882 0.0820086 -0.385914 -0.175776
1506.41 0.114914 -9.99752 -0.459656 0.04666 -10.0427 0.999003 0.0852157 -0.376446 -0.15516
1506.42 0.0 -9.95922 -0.344742 0.142373 -10.1719 0.831506 0.0884227 -0.357356 -0.0968221
1506.44 -0.0383047 -9.92091 -0.57457 0.13998 -10.118 0.867398 0.0956004 -0.350026 -0.0323759
1506.46 -0.153219 -9.76769 -0.57457 0.264407 -9.91107 0.893719 0.0949895 -0.323911 -0.00763582
1506.47 0.0 -9.95922 -0.65118 0.106481 -10.0199 0.865005 0.0981966 -0.303753 0.0125227
1506.49 0.268133 -9.88261 -0.344742 -0.00478564 -10.002 0.836291 0.0943787 -0.28222 0.00610865
1506.51 0.268133 -9.76769 -0.268133 -0.172283 -9.89791 0.731007 0.0908662 -0.272751 -0.00381791
1506.52 0.459656 -9.69109 -0.383047 -0.405583 -9.74596 0.687936 0.085063 -0.257785 -0.0361938
1506.54 0.497961 -9.69109 -0.497961 -0.512064 -9.82612 0.673579 0.0784962 -0.24679 -0.0673479
1506.56 0.497961 -9.99752 0.0 -0.631705 -10.0881 0.664008 0.0763581 -0.240986 -0.0742201
1506.57 0.536266 -9.92091 -0.229828 -0.549153 -10.0032 0.567099 0.0751364 -0.231976 -0.0823141
1506.59 0.459656 -9.65278 -0.383047 -0.451047 -9.68135 0.557528 0.0733038 -0.219759 -0.104611
1506.61 0.497961 -9.34634 -0.191523 -0.472582 -9.44327 0.591027 0.0762054 -0.215483 -0.149204
1506.62 0.689484 -9.19312 -0.383047 -0.512064 -9.24467 0.655633 0.076969 -0.212581 -0.172722
1506.64 0.612875 -9.46126 -0.383047 -0.616152 -9.41336 0.650847 0.0778853 -0.206167 -0.213803
1506.66 0.689484 -9.46126 0.0766094 -0.685544 -9.49711 0.674776 0.0829249 -0.203571 -0.238085
1506.67 0.536266 -9.57617 -0.306437 -0.753739 -9.58564 0.709472 0.0836885 -0.200975 -0.231212
1506.69 0.612875 -9.65278 -0.306437 -0.68674 -9.60479 0.642473 0.0846048 -0.202196 -0.172264
1506.71 0.459656 -9.65278 -0.114914 -0.617348 -9.67179 0.648455 0.0821613 -0.200669 -0.062461
1506.72 0.421352 -9.806 -0.268133 -0.421137 -9.79502 0.68674 0.0798706 -0.196851 -0.00549779
1506.74 0.306437 -9.76769 -0.421352 -0.269192 -9.89911 0.79322 0.0784962 -0.193186 0.079107
1506.76 0.344742 -9.8443 -0.497961 -0.258425 -9.89193 0.874577 0.0771217 -0.185856 0.136834
1506.77 0.268133 -9.72939 -0.421352 -0.230907 -9.82492 0.878166 0.0743728 -0.180816 0.153327
1506.79 0.383047 -9.69109 -0.804398 -0.253639 -9.75912 0.876969 0.0746782 -0.175166 0.172569
1506.81 0.536266 -9.69109 -0.536266 -0.327816 -9.77946 0.812363 0.0798706 -0.1715 0.17486
1506.82 0.421352 -9.65278 -0.459656 -0.36012 -9.73759 0.807577 0.0842994 -0.171042 0.155312
1506.84 0.344742 -9.57617 -0.65118 -0.418744 -9.57368 0.818345 0.0873537 -0.168446 0.13042
1506.86 0.536266 -9.49956 -0.421352 -0.564706 -9.5342 0.896112 0.091477 -0.169057 0.0717766
1506.87 0.689484 -9.53786 -0.536266 -0.629312 -9.55454 0.894915 0.0983493 -0.17486 0.0354302
1506.89 0.842703 -9.46126 -0.268133 -0.719043 -9.51147 0.869791 0.101862 -0.175013 0.0377209
1506.9 0.842703 -9.53786 -0.612875 -0.917647 -9.55693 1.01097 0.102931 -0.172264 0.0642935
1506.92 1.03423 -9.49956 -0.919312 -1.02413 -9.5318 1.17009 0.105985 -0.173486 0.0733038
1506.94 1.11084 -9.65278 -0.766094 -1.12223 -9.59521 1.22991 0.103847 -0.1715 0.0711658
1506.95 1.30236 -9.76769 -0.804398 -1.20239 -9.75075 1.2658 0.100182 -0.171806 0.0505491
1506.97 1.14914 -9.65278 -0.57457 -1.22991 -9.85005 1.25503 0.0925461 -0.167224 0.0192422
