1999.71 -0.114914 -0.191523 -9.46126 0.257228 0.172283 9.98166 0.0729984 -0.164323 -0.0792598
1999.73 -0.306437 -0.383047 -9.49956 0.232104 0.0681954 9.9996 0.0699441 -0.164017 -0.0775799
1999.75 -0.0766094 -0.344742 -9.34634 0.230907 0.020339 10.0104 0.0723875 -0.166308 -0.0803288
1999.76 -0.0766094 -0.306437 -9.07821 0.129212 0.020339 10.0008 0.0740674 -0.16249 -0.0760527
1999.78 -0.229828 -0.268133 -9.46126 0.061017 0.04666 9.9996 0.0726929 -0.159894 -0.0829249
1999.8 0.0766094 -0.229828 -9.57617 0.0550349 0.0334995 9.99601 0.0723875 -0.163712 -0.0858265
1999.81 0.114914 -0.306437 -9.42295 0.0681954 -0.00119641 9.99721 0.0760527 -0.164475 -0.0884227
1999.83 0.153219 -0.229828 -9.8443 0.04666 0.12323 9.99601 0.0762054 -0.163712 -0.0838412
1999.85 -0.0383047 -0.191523 -9.49956 0.0945165 0.262014 9.99721 0.0775799 -0.166613 -0.0806342
1999.86 -0.153219 -0.0383047 -9.38465 0.15673 0.227318 10.0044 0.0763581 -0.16753 -0.0841467
1999.88 -0.0766094 -0.344742 -9.38465 0.191426 0.185444 9.99482 0.0745255 -0.166461 -0.0842994
1999.9 -0.0766094 -0.114914 -9.34634 0.195015 0.209372 9.98644 0.0743728 -0.16417 -0.0797179
1999.91 -0.0383047 -0.153219 -9.46126 0.174676 0.222532 9.99003 0.074831 -0.164475 -0.0763581
1999.93 -0.0383047 -0.0766094 -9.49956 0.174676 0.159123 9.99242 0.0734565 -0.164628 -0.0746782
1999.94 -0.0383047 -0.268133 -9.46126 0.159123 0.0227318 9.99123 0.0717766 -0.162032 -0.0856738
1999.96 -0.114914 -0.383047 -9.49956 0.149551 0.0346959 10.0223 0.0728457 -0.163712 -0.0853684
1999.98 0.0 -0.229828 -9.38465 0.0969093 0.087338 9.99482 0.0749837 -0.164628 -0.0842994
1999.99 -0.114914 -0.229828 -9.46126 0.148355 0.0334995 10.0092 0.0731511 -0.163101 -0.0832304
2000.01 0.0 -0.344742 -9.34634 0.113659 0.0586241 9.99601 0.0752891 -0.165086 -0.0879646
2000.03 -0.114914 -0.229828 -9.57617 0.111266 0.129212 10.002 0.0760527 -0.163712 -0.089339
2000.04 -0.0383047 -0.153219 -9.38465 0.147159 0.244068 10.0104 0.074831 -0.164323 -0.0783434
2000.06 0.153219 -0.114914 -9.30804 0.13998 0.232104 9.96969 0.0729984 -0.163101 -0.0733038
2000.08 0.0766094 -0.153219 -9.26973 0.153141 0.245264 10.0008 0.0752891 -0.164475 -0.0786489
2000.09 0.153219 -0.153219 -9.49956 0.214158 0.324227 9.98405 0.0749837 -0.164475 -0.0887282
2000.11 -0.114914 -0.114914 -9.46126 0.230907 0.294317 9.98405 0.0705549 -0.162796 -0.0777326
2000.13 -0.114914 -0.114914 -9.42295 0.20339 0.197408 10.0068 0.0702495 -0.163865 -0.0723875
2000.14 0.0 -0.306437 -9.38465 0.181854 0.0729811 9.98883 0.0694859 -0.162185 -0.0788016
2000.16 -0.114914 -0.229828 -9.61448 0.136391 0.117248 10.0175 0.0726929 -0.161421 -0.0813978
2000.18 0.0 -0.268133 -9.42295 0.0418744 0.0598205 10.0116 0.0714712 -0.162032 -0.0766636
2000.19 0.114914 -0.268133 -9.42295 0.0562313 -0.0239282 9.97926 0.0699441 -0.161879 -0.0751364
2000.21 0.153219 -0.268133 -9.38465 0.0789631 0.061017 10.0068 0.0765108 -0.165086 -0.0870483
2000.23 0.0 -0.114914 -9.49956 0.0502493 0.202193 10.0008 0.074831 -0.164475 -0.0836885
2000.24 0.114914 -0.191523 -9.46126 0.0418744 0.239282 10.0116 0.0766636 -0.165697 -0.0789543
2000.26 -0.0383047 -0.191523 -9.42295 0.120837 0.229711 10.0068 0.0760527 -0.168293 -0.0813978
2000.28 -0.114914 -0.114914 -9.42295 0.206979 0.253639 9.99362 0.0749837 -0.167224 -0.0870483
2000.29 -0.0383047 -0.0383047 -9.07821 0.177069 0.273978 9.9996 0.0717766 -0.164017 -0.0798706
2000.31 -0.0766094 -0.153219 -9.34634 0.138784 0.258425 9.99721 0.0702495 -0.164628 -0.0707076
2000.33 -0.114914 -0.344742 -9.42295 0.211765 0.135194 9.99242 0.0704022 -0.166308 -0.0723875
2000.34 -0.229828 -0.191523 -9.34634 0.210568 0.119641 10.0008 0.0725402 -0.163712 -0.0832304
2000.36 -0.114914 -0.229828 -9.42295 0.131605 0.0681954 9.9996 0.0693332 -0.161726 -0.0795652
2000.38 -0.114914 -0.268133 -9.57617 0.132802 0.0 9.99123 0.0734565 -0.165544 -0.0728457
2000.39 -0.0766094 -0.383047 -9.34634 0.157926 -0.0119641 9.99482 0.0722348 -0.164017 -0.0795652
2000.41 0.0 -0.421352 -9.42295 0.150748 -0.0358923 10.0032 0.0717766 -0.162337 -0.0855211
2000.43 0.0766094 -0.268133 -9.30804 0.108873 0.0526421 10.008 0.0777326 -0.165697 -0.0901026
2000.44 -0.229828 -0.114914 -9.15482 0.174676 0.118445 10.0152 0.0757473 -0.164323 -0.0777326
2000.46 -0.153219 -0.114914 -9.38465 0.208175 0.155533 10.0032 0.0755945 -0.164323 -0.0775799
2000.48 -0.191523 -0.114914 -9.34634 0.190229 0.236889 10.002 0.0755945 -0.165544 -0.0881173
2000.49 -0.153219 -0.0766094 -9.42295 0.208175 0.282353 9.99003 0.0751364 -0.164628 -0.0894917
2000.51 -0.153219 -0.0766094 -9.23143 0.22014 0.267996 9.99362 0.0726929 -0.161879 -0.0740674
2000.52 -0.344742 -0.191523 -9.42295 0.208175 0.175872 10.0032 0.0719294 -0.16249 -0.0731511
2000.54 0.0 -0.191523 -9.46126 0.141176 0.118445 10.0056 0.0725402 -0.162185 -0.0823141
2000.56 0.114914 -0.306437 -9.34634 0.108873 0.0681954 10.0032 0.0729984 -0.163559 -0.083994
2000.57 0.0383047 -0.306437 -9.38465 0.108873 0.0382852 9.99601 0.0731511 -0.162032 -0.0806342
2000.59 -0.191523 -0.344742 -9.42295 0.108873 0.0251246 9.99003 0.0751364 -0.163101 -0.0766636
2000.61 0.0766094 -0.114914 -9.26973 0.0957129 0.0646062 9.98764 0.076969 -0.16417 -0.0879646
2000.62 0.0 -0.268133 -9.42295 0.0945165 0.0789631 9.99482 0.0757473 -0.163406 -0.0910189
2000.64 0.0 -0.191523 -9.34634 0.117248 0.128016 10.0008 0.0774271 -0.167072 -0.0870483
2000.65 0.0 -0.268133 -9.42295 0.154337 0.131605 9.98644 0.0786489 -0.167835 -0.0846048
2000.67 -0.0383047 -0.0383047 -9.53786 0.13998 0.200997 9.99362 0.0778853 -0.167224 -0.087201
2000.69 -0.0766094 -0.114914 -9.42295 0.166301 0.300299 9.98644 0.0789543 -0.166919 -0.090408
2000.7 -0.0383047 -0.114914 -9.38465 0.166301 0.305085 9.99841 0.0762054 -0.164017 -0.0887282
2000.72 0.0383047 -0.0766094 -9.38465 0.147159 0.271585 9.99721 0.0726929 -0.164323 -0.076969
2000.73 -0.0383047 -0.153219 -9.34634 0.132802 0.251246 10.0116 0.0720821 -0.163712 -0.074831
2000.75 0.0766094 -0.153219 -9.46126 0.0861416 0.217747 9.98764 0.0749837 -0.16585 -0.0815505
2000.76 0.0383047 -0.191523 -9.38465 0.0813559 0.190229 10.0068 0.0717766 -0.165086 -0.0792598
2001.37 0.0 -0.229828 -9.38465 0.0490528 0.183051 10.0056 0.0720821 -0.16417 -0.0766636
2001.39 0.114914 -0.0383047 -9.53786 0.0358923 0.168694 9.99482 0.0729984 -0.163254 -0.0794125
2001.41 -0.0766094 -0.229828 -9.42295 0.122034 0.12323 10.008 0.0742201 -0.166003 -0.0806342
2001.43 -0.114914 -0.229828 -9.23143 0.183051 0.0837488 10.0044 0.0714712 -0.166613 -0.0775799
2001.44 -0.0766094 -0.229828 -9.53786 0.215354 0.107677 10.0032 0.0742201 -0.165697 -0.0774271
2001.46 -0.114914 -0.229828 -9.34634 0.245264 0.181854 9.99003 0.0733038 -0.165086 -0.079107
2001.48 -0.153219 -0.114914 -9.34634 0.265603 0.195015 9.9996 0.0723875 -0.163712 -0.0821613
2001.49 -0.0766094 -0.229828 -9.30804 0.267996 0.166301 9.98764 0.0742201 -0.164475 -0.0856738
2001.51 0.114914 -0.0383047 -9.61448 0.185444 0.200997 9.99003 0.0736092 -0.161879 -0.0829249
2001.52 -0.0383047 -0.114914 -9.46126 0.177069 0.236889 9.98764 0.0733038 -0.16249 -0.0803288
2001.54 -0.0766094 -0.268133 -9.19312 0.0897308 0.264407 9.9996 0.0728457 -0.164017 -0.0797179
2001.56 -0.114914 -0.268133 -9.34634 0.04666 0.161515 9.9996 0.0700968 -0.161879 -0.0806342
2001.57 0.0 -0.229828 -9.38465 0.0394815 0.111266 10.0032 0.0705549 -0.162337 -0.0841467
2001.59 0.0766094 -0.153219 -9.49956 0.0514457 0.137587 10.0092 0.0673479 -0.159894 -0.0786489
2001.61 0.0 -0.229828 -9.46126 0.0646062 0.141176 10.0056 0.0717766 -0.165544 -0.0705549
2001.62 0.0766094 -0.383047 -9.65278 0.148355 0.0562313 10.0008 0.071013 -0.165239 -0.0759
2001.64 -0.191523 -0.229828 -9.34634 0.199801 0.0622134 9.99721 0.071624 -0.165544 -0.0867428
2001.66 -0.0766094 -0.344742 -9.42295 0.235693 0.0861416 10.0068 0.0742201 -0.166003 -0.0853684
2001.67 -0.0766094 -0.153219 -9.38465 0.236889 0.09332 9.99123 0.0728457 -0.16417 -0.0749837
2001.69 -0.0766094 -0.344742 -9.53786 0.226122 0.0993021 10.0104 0.0743728 -0.164475 -0.0826195
2001.71 -0.0766094 -0.268133 -9.65278 0.221336 0.0885344 9.99721 0.0713185 -0.161726 -0.0881173
2001.72 -0.0383047 -0.306437 -9.42295 0.129212 0.128016 9.99841 0.0742201 -0.16081 -0.0891863
2001.74 -0.0766094 -0.306437 -9.65278 0.0981057 0.119641 9.99841 0.0729984 -0.160658 -0.0775799
2001.76 0.0383047 -0.268133 -9.42295 0.0478564 0.120837 10.0116 0.0763581 -0.166613 -0.0810924
2001.77 0.0 -0.153219 -9.07821 0.0155533 0.159123 9.99362 0.0739146 -0.161421 -0.0813978
2001.79 0.0 -0.306437 -9.49956 0.0191426 0.145962 9.99003 0.0739146 -0.165544 -0.0859793
2001.81 -0.0766094 -0.229828 -9.42295 0.0598205 0.119641 9.9996 0.0733038 -0.16585 -0.0804815
2001.82 -0.0766094 -0.229828 -9.53786 0.155533 0.0969093 10.0068 0.0757473 -0.165239 -0.0755945
2001.84 0.0 -0.306437 -9.38465 0.199801 0.106481 9.99003 0.0736092 -0.164017 -0.0794125
2001.86 0.0383047 -0.306437 -9.65278 0.210568 0.122034 9.98644 0.0759 -0.164628 -0.0844521
2001.87 -0.191523 -0.268133 -9.42295 0.2668 0.118445 10.0199 0.0778853 -0.168751 -0.0846048
2001.89 -0.268133 -0.229828 -9.53786 0.289531 0.09332 9.98883 0.0749837 -0.164323 -0.0823141
2001.91 -0.0766094 -0.114914 -9.38465 0.195015 0.180658 9.99601 0.0752891 -0.161879 -0.0873537
2001.92 0.0766094 -0.191523 -9.19312 0.155533 0.22014 9.98524 0.0783434 -0.163406 -0.0888809
2001.94 0.0383047 -0.114914 -9.49956 0.101695 0.209372 10.008 0.0759 -0.162337 -0.0868956
2001.96 0.268133 -0.268133 -9.30804 0.0430708 0.143569 9.98046 0.0751364 -0.164323 -0.0865901
2001.97 0.114914 -0.229828 -9.38465 0.04666 0.204586 10.0175 0.074831 -0.163712 -0.0862847
2001.99 0.0766094 -0.191523 -9.65278 0.0179462 0.247657 9.99362 0.0728457 -0.162643 -0.0823141
2002.01 -0.153219 -0.191523 -9.42295 0.0622134 0.209372 9.99362 0.0736092 -0.165544 -0.0777326
2002.02 -0.0766094 -0.153219 -9.42295 0.0993021 0.184247 9.9996 0.0742201 -0.165544 -0.0778853
2002.04 -0.191523 -0.229828 -9.42295 0.165105 0.189033 10.002 0.0734565 -0.163865 -0.0783434
2002.06 -0.114914 -0.153219 -9.42295 0.223729 0.206979 10.0056 0.0708604 -0.163865 -0.0774271
2002.07 -0.0383047 -0.229828 -9.46126 0.253639 0.149551 9.99841 0.0726929 -0.16417 -0.0751364
2002.09 -0.0383047 -0.114914 -9.42295 0.242871 0.138784 9.99601 0.0696386 -0.162032 -0.0751364
2002.11 0.0383047 -0.229828 -9.15482 0.211765 0.118445 10.002 0.0702495 -0.159894 -0.086132
2002.12 -0.153219 -0.229828 -9.34634 0.118445 0.165105 9.99362 0.0711658 -0.161268 -0.0795652
2002.14 -0.306437 -0.268133 -9.11651 0.0885344 0.148355 9.9996 0.0708604 -0.160047 -0.0778853
2002.16 0.0383047 -0.191523 -9.38465 0.066999 0.112463 9.98644 0.0711658 -0.161574 -0.0807869
2002.17 0.0 -0.153219 -9.65278 0.00957129 0.175872 9.9996 0.0723875 -0.162185 -0.0829249
2002.19 0.114914 -0.229828 -9.49956 0.0191426 0.196211 10.008 0.0717766 -0.164475 -0.0768163
2002.21 0.153219 -0.306437 -9.15482 0.0358923 0.181854 9.99362 0.0723875 -0.167224 -0.073762
2002.22 -0.0383047 -0.229828 -9.38465 0.12682 0.147159 9.99841 0.0745255 -0.168599 -0.0792598
2002.24 -0.114914 -0.153219 -8.96329 0.166301 0.142373 9.99482 0.0739146 -0.166461 -0.0820086
2002.26 -0.153219 -0.191523 -9.34634 0.178265 0.149551 9.99123 0.0711658 -0.164934 -0.0722348
2002.27 0.0383047 -0.191523 -9.38465 0.245264 0.11007 10.0044 0.0723875 -0.166461 -0.0720821
2002.29 -0.114914 -0.268133 -9.34634 0.251246 0.0658026 10.0032 0.0739146 -0.164628 -0.078038
2002.31 -0.114914 -0.306437 -9.30804 0.223729 0.061017 10.0092 0.0725402 -0.163101 -0.086132
2002.32 -0.268133 -0.268133 -9.42295 0.161515 0.066999 9.99721 0.0711658 -0.161268 -0.0842994
2002.34 -0.0766094 -0.344742 -9.49956 0.12323 0.0550349 10.0044 0.071013 -0.16081 -0.0788016
2002.36 -0.153219 -0.306437 -9.42295 0.0849452 0.066999 9.99841 0.0762054 -0.161879 -0.0841467
2002.37 -0.0383047 -0.229828 -9.34634 0.061017 0.0885344 10.014 0.0763581 -0.16417 -0.0878119
2002.39 0.0 -0.306437 -9.806 0.0753739 0.147159 10.0199 0.0789543 -0.167072 -0.0896445
2002.4 0.0766094 -0.153219 -9.34634 0.107677 0.167498 9.98405 0.0759 -0.16753 -0.0784962
2002.42 0.0766094 -0.153219 -8.81008 0.133998 0.192622 9.99721 0.0749837 -0.164628 -0.0789543
2002.44 -0.114914 -0.114914 -9.34634 0.161515 0.211765 9.99123 0.0752891 -0.165239 -0.0806342
2002.45 -0.114914 -0.229828 -9.49956 0.244068 0.222532 9.99123 0.074831 -0.16417 -0.0817032
2002.47 0.0383047 -0.153219 -9.46126 0.245264 0.189033 9.99721 0.0746782 -0.163559 -0.0783434
2002.49 -0.0766094 -0.191523 -9.38465 0.265603 0.133998 9.9996 0.0760527 -0.16585 -0.079107
2002.51 -0.153219 -0.383047 -9.49956 0.226122 0.107677 10.008 0.0736092 -0.161879 -0.0820086
2002.52 -0.0383047 -0.229828 -9.30804 0.175872 0.104088 9.98883 0.0745255 -0.162337 -0.0844521
2002.54 0.0766094 -0.0766094 -9.38465 0.15673 0.0801595 10.0175 0.0745255 -0.163101 -0.0835358
2002.55 0.114914 -0.153219 -9.38465 0.0957129 0.100499 10.0199 0.0742201 -0.161268 -0.0835358
2002.57 -0.0383047 -0.383047 -9.38465 0.020339 0.172283 9.99841 0.0742201 -0.162185 -0.0867428
2002.59 -0.0766094 -0.229828 -9.46126 0.020339 0.191426 10.0044 0.0762054 -0.164934 -0.0896445
2002.6 0.0383047 -0.114914 -9.46126 0.0430708 0.21655 9.99003 0.0765108 -0.166613 -0.0853684
2002.62 0.0766094 -0.229828 -9.26973 0.0693918 0.247657 9.99482 0.074831 -0.165392 -0.0809396
2002.64 -0.0383047 -0.153219 -9.42295 0.112463 0.264407 10.0104 0.0736092 -0.16585 -0.0817032
2002.65 -0.191523 -0.0766094 -9.53786 0.145962 0.256032 9.99721 0.0728457 -0.166461 -0.0798706
2002.67 -0.114914 -0.153219 -9.42295 0.172283 0.195015 9.9996 0.0707076 -0.164781 -0.0755945
2002.69 0.0766094 -0.268133 -9.53786 0.177069 0.153141 9.98285 0.0714712 -0.163865 -0.0746782
2002.7 -0.0766094 -0.268133 -9.34634 0.159123 0.144766 10.0008 0.0725402 -0.164781 -0.0786489
2002.72 0.0 -0.268133 -9.72939 0.132802 0.066999 10.0092 0.0711658 -0.162643 -0.0789543
2002.74 0.0766094 -0.268133 -9.49956 0.0897308 0.0502493 9.98764 0.0711658 -0.162032 -0.0728457
2002.75 0.0766094 -0.229828 -9.42295 0.0598205 0.0777667 10.0164 0.0729984 -0.164475 -0.0733038
2002.77 -0.0383047 -0.191523 -9.46126 0.0502493 0.0921237 9.99482 0.0734565 -0.16585 -0.0855211
2002.79 -0.0766094 -0.229828 -9.34634 0.066999 0.11007 10.0032 0.0743728 -0.164934 -0.0830777
2002.8 0.0766094 -0.191523 -9.07821 0.0993021 0.151944 9.98405 0.0757473 -0.165697 -0.0697913
2002.82 0.0 -0.0766094 -9.42295 0.107677 0.265603 9.98764 0.0740674 -0.16585 -0.0704022
2002.84 -0.0383047 -0.0383047 -9.34634 0.183051 0.281157 9.99841 0.0711658 -0.167682 -0.0846048
2002.85 -0.0383047 -0.191523 -9.42295 0.197408 0.217747 9.9661 0.0702495 -0.168751 -0.0873537
2002.87 -0.0766094 -0.229828 -9.34634 0.26321 0.124427 9.99721 0.0705549 -0.166613 -0.079107
2002.89 0.0383047 -0.421352 -9.46126 0.232104 0.166301 10.002 0.0726929 -0.163254 -0.0638354
2002.9 -0.0383047 -0.191523 -9.38465 0.202193 0.174676 9.98883 0.0711658 -0.163406 -0.0685696
2002.92 -0.0383047 -0.153219 -9.30804 0.197408 0.124427 10.0092 0.0702495 -0.162337 -0.0751364
2002.94 0.114914 -0.306437 -9.46126 0.137587 0.0275174 10.0128 0.0679587 -0.158978 -0.0826195
2002.95 0.0766094 -0.191523 -9.38465 0.0442672 0.135194 10.0032 0.0740674 -0.161421 -0.0746782
2002.97 -0.0383047 -0.191523 -9.46126 0.0634098 0.18664 9.98764 0.0734565 -0.162796 -0.0682642
2002.98 -0.0383047 -0.191523 -9.46126 0.137587 0.179462 9.9996 0.0719294 -0.166461 -0.0629191
2003.0 -0.0766094 -0.497961 -9.69109 0.212961 -0.00837488 10.002 0.0713185 -0.167224 -0.0920879
2003.02 -0.153219 -0.268133 -9.42295 0.229711 -0.0382852 9.9996 0.0713185 -0.163559 -0.100793
2003.03 -0.0383047 -0.229828 -9.46126 0.217747 0.0993021 9.99721 0.0720821 -0.163254 -0.0855211
2003.05 -0.0766094 -0.114914 -9.38465 0.215354 0.202193 9.99841 0.0754418 -0.164323 -0.0555887
2003.07 -0.114914 -0.306437 -9.46126 0.21655 0.151944 9.99601 0.0743728 -0.163865 -0.0896445
2003.08 -0.153219 -0.229828 -9.26973 0.22014 0.136391 9.99242 0.0745255 -0.164781 -0.108887
2003.1 -0.0766094 -0.229828 -9.72939 0.202193 0.167498 9.98764 0.0734565 -0.160047 -0.0891863
2003.12 0.0 -0.229828 -9.34634 0.172283 0.191426 9.98285 0.0739146 -0.160352 -0.0513127
2003.13 0.114914 -0.191523 -9.61448 0.0191426 0.195015 9.95533 0.0722348 -0.159894 -0.0600175
2003.15 0.229828 -0.421352 -9.26973 0.0574277 0.102891 9.9661 0.071624 -0.16249 -0.08827
2003.17 -0.0766094 -0.344742 -9.42295 0.165105 -0.0179462 9.96969 0.0717766 -0.164323 -0.122631
2003.18 -0.0383047 -0.383047 -9.0016 0.0167498 -0.0394815 10.0092 0.0717766 -0.161421 -0.0817032
2003.2 0.0383047 -0.421352 -9.34634 0.00837488 -0.180658 9.98883 0.0746782 -0.164017 -0.0494801
2003.22 0.0766094 -0.268133 -9.8443 0.114855 0.11007 10.0499 0.0784962 -0.166003 -0.0887282
2003.23 -0.229828 -0.0383047 -9.42295 0.208175 0.270389 9.98166 0.0803288 -0.168141 -0.0994183
2003.25 -0.0766094 -0.229828 -9.76769 0.17348 0.087338 9.98644 0.0731511 -0.162796 -0.083994
2003.27 -0.0383047 -0.114914 -9.26973 0.117248 0.118445 9.99721 0.0772744 -0.166766 -0.0908662
2003.28 -0.0383047 -0.153219 -9.46126 0.180658 0.172283 9.99841 0.0786489 -0.163406 -0.108581
2003.3 0.0383047 -0.114914 -9.0016 0.177069 0.288335 10.0008 0.0775799 -0.165697 -0.08827
2003.32 0.0766094 -0.191523 -9.42295 0.0179462 0.174676 10.0068 0.0726929 -0.161574 -0.0647517
2003.33 0.0383047 -0.191523 -9.38465 0.0454636 0.0837488 10.0056 0.0728457 -0.166308 -0.083994
2003.35 -0.0383047 -0.0383047 -8.96329 0.145962 0.275174 10.002 0.0766636 -0.166461 -0.0841467
2003.36 0.0 -0.114914 -9.34634 0.00478564 0.239282 9.99721 0.0708604 -0.16081 -0.0775799
2003.38 0.0766094 -0.306437 -9.34634 -0.040678 0.0717846 10.0008 0.0720821 -0.166613 -0.0757473
2003.4 0.114914 -0.191523 -9.57617 0.0741775 -0.00598205 9.9996 0.0734565 -0.169668 -0.0905607
2003.41 0.153219 -0.191523 -9.42295 0.270389 0.11007 10.0104 0.0762054 -0.167224 -0.0923933
2003.43 -0.0383047 -0.191523 -9.19312 0.178265 0.167498 9.98285 0.0765108 -0.164934 -0.0609338
2003.45 0.0 -0.114914 -9.53786 0.125623 0.208175 10.0008 0.0743728 -0.164475 -0.06353
2003.46 -0.229828 -0.114914 -9.34634 0.355334 0.184247 9.99362 0.0723875 -0.167377 -0.0867428
2003.48 -0.306437 -0.191523 -9.46126 0.370887 0.193819 9.97807 0.0751364 -0.163712 -0.0965167
2003.49 -0.421352 -0.191523 -9.38465 0.224925 0.26321 9.98883 0.0723875 -0.160047 -0.085063
2003.51 -0.0766094 -0.191523 -9.34634 0.16989 0.324227 9.98405 0.0714712 -0.161574 -0.0662789
2003.53 -0.153219 -0.114914 -9.30804 0.241675 0.276371 9.97807 0.0708604 -0.162643 -0.0946841
2003.54 -0.114914 -0.229828 -9.38465 0.138784 0.195015 9.99841 0.0696386 -0.160199 -0.0957531
2003.56 0.0383047 -0.153219 -8.96329 0.0239282 0.181854 9.99123 0.067806 -0.159589 -0.0719294
2003.57 -0.191523 -0.229828 -9.49956 0.0622134 0.161515 9.99003 0.0708604 -0.163406 -0.0630718
2003.59 0.0383047 -0.191523 -9.34634 0.0837488 0.0777667 10.0187 0.0690278 -0.162948 -0.0696386
2003.61 0.114914 -0.268133 -9.34634 0.0705882 -0.0215354 9.99123 0.0729984 -0.163559 -0.0957531
2003.62 -0.0766094 -0.306437 -9.34634 0.0741775 -0.0370887 9.99841 0.0725402 -0.163865 -0.0789543
2003.64 -0.0766094 -0.191523 -9.42295 0.190229 0.0622134 9.99601 0.0763581 -0.165697 -0.0682642
2003.66 -0.0766094 -0.191523 -9.34634 0.202193 0.133998 10.0032 0.076969 -0.165086 -0.0642935
2003.67 0.0 -0.268133 -9.26973 0.191426 0.202193 9.99242 0.0739146 -0.163865 -0.0832304
2003.69 -0.0383047 -0.268133 -9.42295 0.215354 0.208175 9.99721 0.0728457 -0.163712 -0.0934624
2003.71 -0.0766094 -0.191523 -9.34634 0.221336 0.118445 9.99841 0.0742201 -0.166003 -0.089339
2003.72 -0.229828 -0.306437 -9.07821 0.100499 0.0945165 9.98764 0.0736092 -0.16249 -0.0823141
2003.74 0.0766094 -0.229828 -9.38465 0.0346959 0.0969093 10.002 0.0725402 -0.163865 -0.0833831
2003.76 0.153219 -0.191523 -9.38465 0.0538385 0.114855 10.008 0.0733038 -0.163406 -0.0856738
2003.77 0.0766094 -0.268133 -9.34634 0.00957129 0.00239282 10.0008 0.0729984 -0.165697 -0.0885754
2003.79 0.0766094 -0.421352 -9.11651 -0.0634098 -0.0717846 9.98644 0.0763581 -0.164934 -0.0823141
2003.81 0.0383047 -0.268133 -9.26973 0.00239282 -0.087338 10.0164 0.0766636 -0.166155 -0.0804815
2003.82 -0.114914 -0.153219 -9.34634 0.199801 0.0897308 10.0152 0.0789543 -0.16753 -0.0771217
2003.84 -0.0766094 -0.191523 -9.34634 0.222532 0.187837 10.0032 0.0800233 -0.165239 -0.0754418
2003.86 -0.153219 -0.114914 -9.61448 0.177069 0.254835 10.002 0.0774271 -0.163101 -0.0757473
2003.87 -0.191523 -0.0383047 -9.38465 0.27996 0.37328 9.9996 0.0775799 -0.168446 -0.0821613
2003.89 -0.0766094 0.0 -9.26973 0.206979 0.358923 9.99601 0.073762 -0.162643 -0.0852157
2003.91 0.0383047 -0.229828 -9.46126 0.133998 0.323031 9.98883 0.0733038 -0.163559 -0.0807869
2003.92 -0.0766094 -0.114914 -9.46126 0.148355 0.212961 10.0056 0.0707076 -0.162032 -0.068875
2003.94 -0.0766094 -0.114914 -9.38465 0.254835 0.218943 10.0092 0.0717766 -0.166461 -0.0809396
2003.95 0.0766094 -0.191523 -9.76769 0.168694 0.199801 9.99003 0.0705549 -0.161421 -0.0864374
2003.97 0.191523 -0.306437 -9.42295 0.026321 0.0717846 9.99242 0.0714712 -0.163865 -0.0890336
2003.99 -0.153219 -0.268133 -9.46126 0.162712 0.0239282 9.99003 0.0713185 -0.167377 -0.0807869
2004.0 0.114914 -0.191523 -9.15482 0.197408 0.0717846 10.0116 0.074831 -0.164017 -0.0815505
2004.02 0.0383047 -0.0766094 -9.42295 0.125623 0.193819 10.0152 0.0763581 -0.165239 -0.0849102
2004.04 -0.0766094 -0.0383047 -9.38465 0.120837 0.317049 9.99482 0.0722348 -0.164781 -0.0885754
2004.05 -0.268133 -0.114914 -9.34634 0.319442 0.239282 9.97926 0.0705549 -0.166919 -0.0966694
2004.07 -0.191523 -0.229828 -9.23143 0.297906 0.189033 10.0032 0.0720821 -0.165697 -0.0926988
2004.09 0.0383047 -0.153219 -9.42295 0.18664 0.214158 9.97208 0.0707076 -0.162337 -0.0813978
2004.1 -0.0766094 -0.153219 -9.42295 0.178265 0.136391 9.9996 0.0693332 -0.162185 -0.0844521
2004.12 -0.191523 -0.229828 -9.38465 0.181854 0.0837488 9.98883 0.0687223 -0.163559 -0.0865901
2004.14 -0.0766094 -0.229828 -9.42295 0.0634098 -0.0167498 9.9996 0.0707076 -0.162032 -0.0788016
2004.15 0.0 -0.459656 -9.38465 -0.026321 -0.00717846 9.99003 0.0700968 -0.161116 -0.0655153
2004.17 0.0383047 -0.383047 -9.38465 0.00239282 -0.0323031 10.0044 0.0720821 -0.163559 -0.0720821
2004.19 0.0766094 -0.306437 -9.46126 0.0693918 -0.0849452 10.008 0.0723875 -0.16417 -0.0762054
2004.2 0.0383047 -0.306437 -9.34634 0.0849452 -0.0370887 9.98285 0.0778853 -0.165544 -0.078038
2004.22 0.0383047 -0.268133 -9.23143 0.108873 0.066999 10.008 0.078038 -0.166613 -0.0807869
2004.24 -0.0383047 -0.153219 -9.38465 0.15673 0.136391 9.95533 0.0798706 -0.168599 -0.0775799
2004.25 -0.153219 -0.153219 -9.46126 0.25005 0.117248 9.99721 0.0772744 -0.166613 -0.0818559
2004.27 -0.0766094 -0.268133 -9.11651 0.196211 0.107677 9.99601 0.0768163 -0.164781 -0.100945
2004.29 -0.0383047 -0.153219 -9.38465 0.159123 0.130409 9.99362 0.0766636 -0.16249 -0.103083
2004.3 0.0 -0.114914 -9.49956 0.157926 0.210568 10.0032 0.0800233 -0.167072 -0.0778853
2004.32 0.0766094 -0.191523 -9.38465 0.147159 0.200997 9.98405 0.0755945 -0.162643 -0.0693332
2004.34 0.0 -0.268133 -9.34634 0.122034 0.206979 10.002 0.0762054 -0.16417 -0.0948368
2004.35 -0.0383047 -0.191523 -9.46126 0.102891 0.211765 10.0056 0.0763581 -0.164475 -0.103389
2004.37 -0.0766094 -0.229828 -9.61448 0.026321 0.278764 9.99003 0.0772744 -0.164628 -0.0820086
2004.39 0.0 -0.268133 -9.49956 0.13998 0.102891 10.0391 0.0743728 -0.166766 -0.0569632
2004.4 0.0 -0.268133 -9.42295 0.122034 0.137587 10.014 0.0775799 -0.166766 -0.0630718
2004.42 0.153219 -0.153219 -9.19312 0.145962 0.270389 10.008 0.0768163 -0.165697 -0.0755945
2004.44 0.0 -0.153219 -9.34634 0.117248 0.214158 9.98883 0.0734565 -0.166613 -0.104916
2004.45 -0.0383047 -0.306437 -9.42295 0.100499 0.166301 10.0116 0.071624 -0.165239 -0.108429
2004.47 -0.0766094 -0.191523 -9.30804 0.106481 0.0442672 9.98644 0.0742201 -0.167377 -0.109803
2004.49 0.0383047 -0.191523 -9.30804 0.135194 0.230907 10.0104 0.0762054 -0.166003 -0.0855211
2004.5 -0.114914 -0.0766094 -9.34634 0.118445 0.284746 10.0271 0.0734565 -0.165392 -0.0714712
2004.52 -0.0766094 -0.191523 -9.38465 0.179462 0.181854 9.98883 0.0734565 -0.168751 -0.0795652
2004.53 -0.0766094 -0.114914 -9.07821 0.147159 0.246461 10.008 0.0745255 -0.165086 -0.0844521
2004.55 -0.0383047 -0.0383047 -9.42295 0.142373 0.346959 10.0116 0.0742201 -0.165697 -0.0804815
2004.57 0.0 -0.0766094 -9.11651 0.0957129 0.37328 10.0116 0.0704022 -0.164475 -0.0633773
2004.59 -0.114914 -0.0766094 -9.42295 0.107677 0.235693 9.98883 0.0691805 -0.167072 -0.0438296
2004.6 -0.114914 -0.268133 -9.46126 0.269192 0.0574277 9.99841 0.068875 -0.167835 -0.0830777
2004.62 -0.153219 -0.268133 -9.07821 0.240479 0.040678 10.0104 0.0696386 -0.167072 -0.10568
2004.64 -0.0383047 -0.306437 -9.46126 0.106481 0.0658026 10.0128 0.0673479 -0.162948 -0.105374
2004.65 -0.191523 -0.229828 -9.30804 0.178265 -0.0861416 9.99601 0.0693332 -0.166766 -0.0633773
2004.67 -0.191523 -0.344742 -9.34634 0.281157 -0.12323 9.98285 0.0739146 -0.167072 -0.0598648
2004.69 -0.0766094 -0.0766094 -9.38465 0.306281 -0.0346959 9.99003 0.0722348 -0.161268 -0.071013
2004.71 -0.114914 -0.0383047 -9.42295 0.218943 0.325424 9.97807 0.0763581 -0.161574 -0.0910189
2004.73 -0.153219 -0.153219 -9.34634 0.271585 0.330209 9.98285 0.074831 -0.164475 -0.0968221
2004.74 -0.114914 -0.153219 -9.49956 0.265603 0.206979 9.98524 0.0699441 -0.162185 -0.0933096
2004.76 -0.0766094 -0.268133 -9.30804 0.198604 0.131605 9.99123 0.0713185 -0.16081 -0.096364
2004.77 -0.191523 -0.191523 -9.46126 0.168694 0.159123 9.99242 0.0714712 -0.161116 -0.0881173
2004.79 0.114914 -0.191523 -9.46126 0.0981057 0.162712 9.99242 0.0733038 -0.161726 -0.0867428
2004.81 0.0383047 -0.191523 -9.23143 0.026321 0.0442672 9.9996 0.071013 -0.160047 -0.0897971
2004.82 0.0766094 -0.344742 -9.38465 -0.0119641 -0.0287139 9.98883 0.0717766 -0.161726 -0.0888809
2004.84 -0.114914 -0.497961 -9.26973 0.0490528 -0.0885344 10.0092 0.0743728 -0.164323 -0.0873537
2004.86 0.114914 -0.268133 -9.30804 0.0299103 -0.00598205 10.0247 0.0794125 -0.165544 -0.0772744
2004.88 0.153219 -0.344742 -9.23143 0.0490528 0.0909272 9.99003 0.0783434 -0.164323 -0.0867428
2004.89 0.0 -0.306437 -9.26973 0.0897308 0.0765703 9.97448 0.0759 -0.164475 -0.0948368
2004.91 0.0766094 -0.383047 -9.34634 0.11007 0.0502493 9.9996 0.0786489 -0.164017 -0.0810924
2004.93 0.0 -0.191523 -9.46126 0.0729811 0.212961 10.0175 0.0810924 -0.163406 -0.0630718
2004.94 -0.229828 0.0 -9.30804 0.0370887 0.358923 9.99482 0.0804815 -0.165086 -0.055436
2004.96 0.0383047 -0.0383047 -9.30804 0.0562313 0.422333 9.97567 0.0777326 -0.165392 -0.0557414
2004.98 -0.0383047 -0.229828 -9.72939 0.12323 0.241675 9.98764 0.0713185 -0.166308 -0.0713185
2004.99 0.0766094 -0.153219 -9.46126 0.116052 0.212961 10.0032 0.0745255 -0.166613 -0.0810924
2005.01 0.114914 -0.229828 -9.49956 0.0502493 0.196211 10.0211 0.0746782 -0.16585 -0.0760527
2005.02 -0.0766094 -0.191523 -9.19312 0.0275174 0.149551 9.99123 0.0713185 -0.164934 -0.0503964
2005.04 -0.0383047 -0.153219 -9.38465 0.0993021 0.211765 9.99242 0.0759 -0.170584 -0.0406225
2005.06 0.191523 -0.153219 -9.65278 0.117248 0.254835 9.99841 0.076969 -0.168904 -0.041997
2005.07 -0.0383047 -0.0383047 -9.42295 0.151944 0.303888 10.0175 0.0719294 -0.168446 -0.0571159
2005.09 0.153219 -0.153219 -9.19312 0.217747 0.229711 9.96012 0.0707076 -0.172417 -0.0739146
2005.11 -0.191523 -0.191523 -9.42295 0.26321 0.229711 9.99003 0.071013 -0.169057 -0.0653626
2005.12 -0.153219 -0.114914 -9.8443 0.317049 0.245264 10.0283 0.0720821 -0.170584 -0.0659734
2005.14 -0.0383047 -0.114914 -9.26973 0.287139 0.350548 9.96849 0.071013 -0.165544 -0.064599
2005.16 -0.0766094 -0.114914 -9.38465 0.197408 0.44985 10.0881 0.0694859 -0.165239 -0.0523817
2005.17 -0.114914 -0.0766094 -9.49956 0.210568 0.391226 10.0881 0.0676533 -0.166919 -0.0448986
2005.19 -0.153219 -0.191523 -9.69109 0.307478 0.247657 10.2221 0.0653626 -0.167072 -0.0300851
2005.21 -0.0383047 -0.153219 -9.65278 0.165105 0.246461 10.349 0.066737 -0.164017 -0.0190895
2005.22 0.0383047 -0.0383047 -10.189 0.0646062 0.300299 10.4638 0.0644463 -0.158825 -0.0074831
2005.24 0.114914 -0.0766094 -9.95922 0.154337 0.334995 10.7498 0.065668 -0.169515 0.00916297
2005.26 -0.153219 -0.191523 -10.0358 0.303888 0.148355 10.8179 0.0603229 -0.16417 0.00152716
2005.27 -0.306437 -0.383047 -9.72939 0.349352 0.00598205 10.5715 0.0584903 -0.162337 -0.0600175
2005.29 -0.191523 -0.459656 -9.806 0.277567 -0.226122 10.5655 0.0612392 -0.163712 -0.0864374
2005.31 0.0 -0.536266 -9.806 0.226122 -0.217747 10.5284 0.0664316 -0.163712 -0.116981
2005.32 0.0 -0.689484 -9.46126 0.345763 -0.224925 10.1779 0.0673479 -0.164934 -0.115148
2005.34 -0.114914 -0.536266 -9.0016 0.27996 -0.368495 9.67896 0.0668897 -0.161726 -0.115606
2005.35 -0.229828 -0.536266 -9.03991 0.196211 -0.214158 9.54616 0.0734565 -0.159589 -0.12874
2005.37 -0.114914 -0.459656 -9.0016 0.155533 -0.151944 9.52941 0.0728457 -0.160352 -0.136986
2005.38 0.191523 -0.344742 -8.88668 0.245264 0.0191426 9.47079 0.0746782 -0.161268 -0.158978
2005.4 -0.0383047 -0.421352 -8.96329 0.333799 0.020339 9.47557 0.074831 -0.163865 -0.164323
2005.42 0.191523 -0.114914 -9.38465 0.0107677 0.138784 9.73161 0.0778853 -0.158214 -0.151342
2005.43 0.268133 -0.114914 -9.53786 -0.09332 0.273978 9.9314 0.079107 -0.159283 -0.119424
2005.45 0.306437 0.0766094 -9.26973 -0.174676 0.396012 10.002 0.0774271 -0.162032 -0.0966694
2006.04 -0.191523 -0.65118 -9.72939 0.403191 -0.480957 10.5081 0.0919352 -0.164475 0.0697913
2006.06 -0.153219 -0.57457 -9.61448 0.300299 -0.217747 10.3789 0.0940732 -0.165086 -0.021533
2006.07 -0.0766094 -0.229828 -9.61448 0.407976 -0.0418744 10.3143 0.0936151 -0.167988 -0.113621
2006.09 -0.153219 -0.153219 -9.46126 0.265603 0.0981057 10.0989 0.0894917 -0.166613 -0.159894
2006.11 -0.191523 -0.0766094 -9.76769 0.391226 0.199801 10.014 0.0891863 -0.16753 -0.215483
2006.12 -0.268133 -0.229828 -9.53786 0.413958 0.0981057 10.0702 0.0859793 -0.166766 -0.262977
2006.14 -0.153219 -0.191523 -9.11651 0.318245 0.131605 10.0558 0.090408 -0.168599 -0.268628
2006.16 -0.229828 -0.0766094 -9.57617 0.417547 0.282353 10.0642 0.0896445 -0.165086 -0.245415
2006.17 -0.229828 -0.0766094 -9.53786 0.260818 0.427119 10.0032 0.0905607 -0.157909 -0.191506
2006.19 -0.114914 -0.153219 -9.38465 0.147159 0.382851 9.85484 0.0878119 -0.158061 -0.158672
2006.21 -0.0766094 -0.0383047 -8.84838 0.133998 0.355334 9.73759 0.0879646 -0.157756 -0.125533
2006.22 0.0383047 0.0 -9.07821 0.179462 0.471386 9.54018 0.0884227 -0.155007 -0.101404
2006.24 -0.0383047 0.0383047 -8.73347 0.230907 0.461814 9.44925 0.0849102 -0.153785 -0.101404
2006.26 0.0383047 -0.0766094 -8.88668 0.0634098 0.494118 9.4995 0.0821613 -0.153938 -0.111483
2006.27 0.0 -0.0766094 -9.15482 0.0646062 0.4666 9.5653 0.0755945 -0.153174 -0.117439
2006.29 0.114914 0.0 -8.92499 0.0215354 0.508475 9.49113 0.0752891 -0.155618 -0.143248
2006.31 -0.0383047 0.0 -8.81008 0.00957129 0.54676 9.45045 0.0760527 -0.158367 -0.150731
2006.32 -0.191523 0.0383047 -9.76769 0.0921237 0.601795 9.9326 0.0717766 -0.158061 -0.14844
2006.34 0.114914 -0.0383047 -9.49956 -0.0358923 0.538385 10.0905 0.0684169 -0.156076 -0.150731
2006.36 0.191523 -0.0383047 -9.57617 -0.149551 0.553938 10.0606 0.067806 -0.160199 -0.150731
2006.37 0.0766094 -0.0766094 -9.38465 -0.187837 0.5001 9.99482 0.0629191 -0.16081 -0.148288
2006.39 0.114914 -0.0766094 -9.19312 0.026321 0.352941 9.9996 0.0615447 -0.165086 -0.140041
2006.41 0.114914 -0.153219 -9.38465 0.0622134 0.291924 10.0295 0.0601702 -0.164017 -0.138208
2006.42 0.0383047 -0.114914 -9.26973 0.00239282 0.257228 9.97926 0.0601702 -0.163101 -0.13439
2006.44 0.0383047 -0.114914 -9.26973 0.0574277 0.323031 9.99362 0.0583376 -0.164323 -0.122173
2006.46 0.191523 -0.191523 -9.46126 0.0490528 0.224925 10.0247 0.0552833 -0.161726 -0.120493
2006.47 0.268133 -0.0383047 -9.49956 -0.13998 0.217747 10.0152 0.0526871 -0.163254 -0.126755
2006.49 0.229828 -0.459656 -9.34634 -0.114855 -0.0981057 9.99601 0.053298 -0.16585 -0.120188
2006.51 0.0383047 -0.497961 -9.46126 -0.00239282 -0.122034 9.99601 0.0594066 -0.169668 -0.11469
2006.52 0.153219 -0.497961 -9.49956 -0.0358923 -0.265603 10.0367 0.0592539 -0.167072 -0.110108
2006.54 0.114914 -0.57457 -9.30804 -0.0394815 -0.334995 10.0259 0.0613919 -0.169057 -0.0560469
2006.56 0.153219 -0.804398 -9.49956 0.0777667 -0.361316 10.0032 0.0679587 -0.172569 -0.0305433
2006.57 0.0 -0.536266 -9.30804 0.144766 -0.295514 9.98405 0.0752891 -0.172722 -0.0271835
2006.59 -0.153219 -0.497961 -9.07821 0.247657 -0.0921237 9.9673 0.0745255 -0.171348 -0.0374155
2006.61 -0.191523 -0.306437 -9.30804 0.25005 -0.09332 10.0056 0.0762054 -0.172417 -0.0687223
2006.62 0.0383047 -0.497961 -9.19312 0.2668 -0.04666 10.0558 0.0746782 -0.169057 -0.0959058
2006.64 -0.153219 -0.344742 -9.46126 0.206979 -0.122034 10.0104 0.0739146 -0.171195 -0.111483
2006.65 -0.191523 -0.268133 -9.61448 0.315852 -0.0789631 9.89193 0.0772744 -0.1715 -0.122478
2006.67 -0.153219 -0.268133 -9.03991 0.270389 -0.0299103 9.92901 0.0775799 -0.166919 -0.124006
2006.69 -0.306437 -0.344742 -9.46126 0.39003 -0.0358923 9.98166 0.0806342 -0.173944 -0.122478
2006.7 -0.153219 -0.344742 -9.26973 0.388834 -0.040678 9.98644 0.0815505 -0.168141 -0.120035
2006.72 -0.268133 -0.268133 -9.38465 0.473779 0.113659 9.91466 0.0830777 -0.168446 -0.115148
2006.74 -0.114914 -0.268133 -9.07821 0.412762 0.0717846 9.85125 0.0797179 -0.162796 -0.109039
2006.75 -0.191523 -0.114914 -9.19312 0.275174 0.12323 9.68375 0.0841467 -0.161879 -0.107207
2006.77 -0.114914 -0.191523 -9.26973 0.291924 0.0681954 9.64188 0.0826195 -0.163406 -0.116523
2006.79 -0.114914 -0.229828 -9.0016 0.22014 -0.0239282 9.61795 0.0847575 -0.159741 -0.121409
2006.8 -0.0383047 -0.191523 -8.96329 0.153141 0.137587 9.53899 0.0870483 -0.15852 -0.124616
2006.82 -0.229828 -0.153219 -8.88668 0.197408 0.172283 9.54377 0.085063 -0.157909 -0.132252
2006.84 -0.0766094 -0.191523 -9.0016 0.235693 0.168694 9.54616 0.0853684 -0.15684 -0.129351
2006.85 -0.306437 -0.114914 -9.26973 0.197408 0.270389 9.65025 0.0849102 -0.155618 -0.128434
2006.87 -0.0383047 -0.114914 -9.23143 0.337388 0.240479 9.9015 0.0847575 -0.156381 -0.127671
2006.89 -0.153219 -0.191523 -9.26973 0.155533 0.468993 10.2688 0.0832304 -0.15348 -0.10064
2006.9 -0.0766094 -0.229828 -9.72939 0.256032 0.372084 10.343 0.0783434 -0.153174 -0.0879646
2006.92 -0.114914 0.0766094 -10.189 0.161515 0.471386 10.4877 0.0842994 -0.155007 -0.136834
2006.94 -0.114914 0.0 -10.0358 0.223729 0.502493 10.6277 0.0740674 -0.157603 -0.123395
2006.95 0.191523 0.114914 -9.99752 0.0574277 0.659222 10.6696 0.0720821 -0.153938 -0.149356
2006.97 0.306437 -0.0383047 -9.92091 -0.0598205 0.506082 10.7426 0.0670424 -0.155923 -0.164628
2006.99 0.344742 0.0383047 -9.53786 -0.244068 0.463011 10.1994 0.0670424 -0.156992 -0.160505
2007.0 0.383047 -0.0766094 -9.65278 -0.327816 0.478564 10.0259 0.0638354 -0.161268 -0.141873
2007.02 0.268133 -0.153219 -9.38465 -0.275174 0.2668 9.98405 0.0606284 -0.164017 -0.121562
2007.04 0.306437 -0.191523 -9.34634 -0.221336 0.0370887 9.95055 0.0621555 -0.166766 -0.0783434
2007.05 0.229828 -0.229828 -9.38465 -0.157926 0.040678 9.92662 0.0691805 -0.169057 -0.0638354
2007.07 0.0383047 -0.268133 -9.53786 -0.026321 0.0981057 9.98285 0.0691805 -0.169515 -0.0439823
2007.09 -0.0766094 -0.114914 -9.34634 0.144766 0.206979 10.0798 0.0707076 -0.170279 -0.0340557
2007.1 -0.114914 -0.114914 -9.8443 0.165105 0.149551 10.1803 0.0684169 -0.169515 -0.0210748
2007.12 -0.0766094 -0.114914 -9.42295 0.193819 0.288335 10.2676 0.0687223 -0.16921 -0.0290161
2007.14 -0.114914 -0.153219 -9.61448 0.240479 0.226122 10.3561 0.065668 -0.16753 -0.0276416
2007.15 0.0 -0.191523 -9.53786 0.151944 0.284746 10.4291 0.0681114 -0.167377 -0.0287107
2007.17 -0.0383047 -0.268133 -9.69109 0.154337 0.206979 10.349 0.0621555 -0.163712 -0.0160352
2007.19 0.153219 -0.268133 -9.806 0.0251246 -0.0550349 10.3047 0.0670424 -0.167835 -0.0137445
2007.2 0.191523 -0.306437 -9.46126 -0.154337 -0.0239282 10.2652 0.0620028 -0.164781 -0.00733038
2007.22 0.0766094 -0.57457 -9.46126 -0.0454636 -0.0945165 10.1133 0.0639881 -0.171195 -0.00259618
2007.24 0.0383047 -0.306437 -9.42295 -0.177069 -0.0849452 10.069 0.0676533 -0.171042 -0.00137445
2007.25 0.306437 -0.383047 -9.46126 0.0478564 -0.179462 9.9338 0.065668 -0.173333 -0.0177151
2007.27 -0.153219 -0.421352 -9.30804 0.352941 -0.189033 9.83689 0.0746782 -0.178373 -0.0468839
2007.29 -0.0383047 -0.306437 -9.46126 0.307478 -0.0586241 9.76869 0.0774271 -0.16982 -0.0681114
2007.3 -0.153219 -0.268133 -9.0016 0.306281 0.0658026 9.667 0.0795652 -0.171653 -0.0665843
2007.32 -0.229828 -0.421352 -9.38465 0.379262 -0.142373 9.53779 0.0781907 -0.171195 -0.0523817
2007.34 -0.153219 -0.268133 -8.88668 0.332602 0.0562313 9.42293 0.0801761 -0.169515 -0.0577268
2007.35 -0.383047 -0.229828 -9.03991 0.581456 0.142373 9.44207 0.0772744 -0.170126 -0.0569632
2007.37 -0.344742 -0.344742 -9.15482 0.366102 0.0861416 9.71844 0.0754418 -0.159436 -0.0719294
2007.39 -0.153219 -0.344742 -9.26973 0.374477 0.00239282 9.83809 0.0778853 -0.161116 -0.107054
2007.4 -0.229828 -0.0383047 -9.49956 0.392423 0.0658026 9.89312 0.0803288 -0.162032 -0.119577
2007.42 0.0 0.0 -9.38465 0.230907 0.532403 9.9673 0.0783434 -0.15684 -0.105222
2007.44 -0.191523 -0.153219 -9.61448 0.232104 0.355334 10.0546 0.0696386 -0.159436 -0.0810924
2007.45 -0.114914 -0.306437 -9.49956 0.320638 0.142373 10.1145 0.0687223 -0.157756 -0.095295
2007.47 -0.191523 -0.306437 -9.57617 0.240479 0.0550349 10.1587 0.0679587 -0.152105 -0.0991129
2007.49 -0.0383047 -0.229828 -9.46126 0.159123 0.0957129 10.1252 0.0739146 -0.152105 -0.0997237
2007.5 0.191523 -0.459656 -9.57617 -0.229711 -0.0311067 9.93739 0.0708604 -0.145233 -0.0711658
2007.52 0.114914 -0.421352 -9.34634 -0.314656 -0.108873 9.97926 0.0751364 -0.155312 -0.0704022
2007.54 -0.0383047 -0.383047 -9.46126 0.0418744 -0.0634098 10.0487 0.074831 -0.160658 -0.0702495
2007.55 0.0 -0.344742 -9.38465 0.113659 0.0215354 9.97807 0.0766636 -0.159741 -0.0662789
2007.57 0.153219 -0.421352 -9.76769 -0.0586241 -0.0311067 9.99482 0.0784962 -0.157298 -0.0739146
2007.59 0.229828 -0.229828 -9.42295 -0.0789631 0.061017 10.0235 0.0792598 -0.161268 -0.0815505
2007.6 0.0383047 -0.191523 -9.30804 0.16989 0.254835 10.0044 0.0800233 -0.166461 -0.118202
2007.62 -0.114914 -0.153219 -9.38465 0.20339 0.256032 9.97807 0.0755945 -0.164017 -0.130878
2007.64 0.0383047 -0.0766094 -9.34634 0.118445 0.200997 9.98166 0.0754418 -0.163101 -0.134543
2007.65 -0.114914 -0.191523 -9.34634 0.0598205 0.118445 10.002 0.0746782 -0.161879 -0.13943
2007.67 0.0383047 -0.229828 -9.61448 0.100499 0.200997 10.0391 0.0771217 -0.163254 -0.132863
2007.69 0.0766094 -0.229828 -9.26973 0.0526421 0.198604 10.0439 0.0774271 -0.164323 -0.0972803
2007.7 0.114914 -0.191523 -9.42295 -0.118445 0.144766 10.0175 0.0746782 -0.158672 -0.079107
2007.72 0.229828 -0.191523 -9.49956 -0.193819 0.0717846 10.0379 0.0760527 -0.162032 -0.067806
2007.73 0.306437 -0.229828 -9.61448 -0.22014 0.0729811 10.0032 0.0743728 -0.163101 -0.0652099
2007.75 0.0766094 -0.268133 -9.42295 -0.0729811 0.0969093 10.0738 0.0772744 -0.169057 -0.0806342
2007.77 0.0 -0.191523 -9.53786 0.0658026 0.0574277 10.1372 0.0803288 -0.172417 -0.0959058
2007.78 0.0766094 -0.229828 -9.61448 0.0574277 0.09332 10.1815 0.0815505 -0.170737 -0.11637
2007.8 0.0383047 -0.191523 -9.53786 0.180658 0.0825523 10.2197 0.0772744 -0.172264 -0.126296
2007.82 -0.153219 -0.268133 -9.57617 0.0837488 0.087338 10.1862 0.0768163 -0.172569 -0.154549
2007.83 0.0383047 -0.191523 -9.57617 0.132802 0.125623 10.1623 0.0781907 -0.175929 -0.18555
2007.85 0.0766094 -0.0766094 -9.88261 0.149551 0.0717846 10.1527 0.0762054 -0.173944 -0.196699
2007.87 -0.153219 -0.114914 -9.38465 0.215354 0.239282 9.98883 0.0783434 -0.175776 -0.225409
2007.88 -0.114914 -0.0766094 -9.03991 0.418744 0.407976 9.81655 0.0751364 -0.173944 -0.21533
2007.9 -0.0766094 -0.0766094 -9.23143 0.485743 0.338584 9.81655 0.0714712 -0.167682 -0.208763
2007.92 -0.0383047 -0.0766094 -9.34634 0.218943 0.320638 9.93978 0.0693332 -0.166003 -0.225257
2007.93 -0.191523 -0.114914 -9.26973 0.537189 0.357727 9.80818 0.0725402 -0.170889 -0.224798
2007.95 -0.268133 -0.229828 -9.23143 0.527617 0.478564 9.84885 0.066737 -0.167224 -0.217468
2007.97 -0.497961 -0.229828 -9.11651 0.65683 0.0801595 9.81176 0.064599 -0.162185 -0.200364
2007.98 0.0 -0.191523 -8.92499 0.198604 0.0275174 9.79502 0.068875 -0.153938 -0.156992
2008.0 -0.268133 -0.229828 -9.23143 0.113659 0.0741775 9.78185 0.0719294 -0.151647 -0.11805
2008.02 0.0383047 -0.306437 -9.42295 -0.0526421 0.0825523 9.88834 0.0719294 -0.154243 -0.100029
2008.03 0.114914 -0.268133 -9.38465 -0.130409 0.161515 10.0331 0.0742201 -0.156229 -0.105222
2008.05 0.153219 -0.0766094 -9.38465 -0.0921237 0.227318 9.9673 0.0757473 -0.165086 -0.132558
2008.07 -0.0766094 -0.383047 -9.30804 0.0239282 0.174676 10.057 0.0713185 -0.16417 -0.13439
2008.08 -0.114914 -0.268133 -9.30804 0.0861416 0.0418744 9.95294 0.0708604 -0.166003 -0.129503
2008.1 -0.229828 -0.383047 -9.34634 0.317049 0.0382852 10.0546 0.0739146 -0.165697 -0.120188
2008.12 -0.229828 -0.229828 -9.34634 0.348156 0.143569 9.96251 0.074831 -0.162796 -0.104611
2008.13 -0.229828 -0.153219 -9.26973 0.410369 0.155533 10.0128 0.0777326 -0.162337 -0.0939205
2008.15 -0.153219 -0.229828 -9.15482 0.331406 0.0538385 9.99601 0.0731511 -0.157145 -0.076969
2008.17 0.0 -0.268133 -9.34634 0.226122 0.124427 10.0128 0.0771217 -0.153785 -0.0690278
2008.18 -0.0766094 -0.306437 -9.46126 0.026321 0.149551 9.99123 0.0740674 -0.1518 -0.0644463
2008.2 0.306437 -0.191523 -9.57617 -0.066999 0.111266 9.98166 0.0736092 -0.154091 -0.0478002
2008.21 0.268133 -0.191523 -9.34634 -0.133998 0.0957129 10.0175 0.078038 -0.157909 -0.0383318
2008.23 0.344742 -0.191523 -9.53786 -0.265603 0.0538385 10.008 0.0766636 -0.157756 -0.0363465
2008.25 0.268133 -0.268133 -9.38465 -0.248853 0.105284 10.0187 0.0798706 -0.163559 -0.0352775
2008.26 0.153219 -0.191523 -9.57617 -0.0550349 0.0993021 10.0104 0.0778853 -0.166613 -0.0361938
2008.28 0.0766094 -0.191523 -9.34634 0.0681954 0.0981057 9.99003 0.0778853 -0.169057 -0.0323759
2008.3 -0.153219 -0.153219 -9.38465 0.275174 0.209372 10.0044 0.0797179 -0.168751 -0.020464
2008.31 -0.191523 -0.153219 -9.53786 0.375673 0.251246 9.96251 0.079107 -0.164628 -0.00809396
2008.33 -0.229828 -0.0383047 -9.38465 0.401994 0.289531 10.0008 0.0798706 -0.162948 -0.0135917
2008.35 -0.268133 -0.114914 -9.46126 0.358923 0.363709 9.95294 0.0759 -0.158214 -0.0135917
2008.36 -0.153219 -0.0383047 -9.26973 0.337388 0.361316 9.89193 0.0763581 -0.160047 0.00397062
2008.38 -0.229828 -0.191523 -9.34634 0.312263 0.342173 9.94457 0.0739146 -0.154854 0.0332921
2008.4 -0.0383047 0.0 -9.42295 0.18664 0.368495 9.93499 0.0700968 -0.148135 0.0493274
2008.41 0.153219 -0.153219 -9.57617 0.00478564 0.405583 10.0259 0.0745255 -0.152105 0.0728457
2008.43 0.306437 0.0383047 -9.42295 -0.0215354 0.409173 9.98046 0.074831 -0.15684 0.0873537
2008.45 0.0766094 -0.0383047 -9.30804 0.0107677 0.378066 9.97567 0.0713185 -0.155771 0.0954477
2008.46 -0.114914 -0.0766094 -9.53786 0.0107677 0.34337 10.0056 0.0661261 -0.154396 0.0853684
2008.48 0.114914 -0.0766094 -9.42295 -0.0538385 0.285942 10.081 0.066737 -0.15913 0.0693332
2008.5 0.153219 -0.114914 -9.65278 0.0765703 0.30987 10.0343 0.0676533 -0.158214 0.0859793
2008.51 -0.0766094 -0.114914 -9.46126 0.193819 0.278764 10.0008 0.0685696 -0.160047 0.111636
2008.53 -0.114914 -0.229828 -9.26973 0.2668 0.179462 9.98764 0.0644463 -0.156076 0.125227
2008.55 -0.0766094 -0.229828 -9.34634 0.306281 0.150748 10.0008 0.0676533 -0.157603 0.107665
2008.56 -0.268133 -0.229828 -9.38465 0.246461 0.18664 9.99003 0.0684169 -0.156992 0.0971275
2008.58 -0.114914 -0.0766094 -9.46126 0.208175 0.226122 9.99841 0.06353 -0.15348 0.081245
2008.6 0.0766094 -0.0766094 -9.42295 0.151944 0.189033 10.0092 0.0623082 -0.152869 0.0581849
2008.61 0.114914 -0.306437 -9.38465 0.0299103 0.0705882 10.008 0.0581849 -0.151189 0.043066
2008.63 0.153219 -0.229828 -9.42295 -0.0586241 0.0155533 9.99721 0.0649044 -0.157145 0.00962113
2008.65 0.191523 -0.383047 -9.38465 -0.09332 0.00598205 10.0068 0.0623082 -0.15745 -0.00733038
2008.66 0.191523 -0.344742 -9.42295 -0.100499 -0.0370887 10.0235 0.0610865 -0.154702 -0.00733038
2008.68 0.153219 -0.383047 -9.42295 -0.0705882 -0.12682 10.0187 0.0652099 -0.159283 -0.00412334
2008.69 0.0383047 -0.421352 -9.38465 -0.00957129 -0.09332 10.002 0.0696386 -0.16249 0.00458149
2008.71 0.0 -0.229828 -9.42295 0.0131605 -0.0622134 10.0104 0.0708604 -0.161726 0.0120646
2008.73 0.0766094 -0.344742 -9.61448 0.0502493 0.0251246 10.002 0.0714712 -0.163254 0.0129809
2008.74 -0.0766094 -0.344742 -9.34634 0.145962 -0.0299103 10.0128 0.0704022 -0.163865 0.00687223
2008.76 -0.0383047 -0.459656 -9.65278 0.187837 -0.0729811 9.97687 0.073762 -0.162032 -0.0065668
2008.78 -0.0383047 -0.306437 -9.34634 0.144766 -0.0574277 10.0223 0.0734565 -0.157909 -0.0065668
2008.79 0.0766094 -0.344742 -9.23143 0.0442672 -0.0969093 10.008 0.0759 -0.162337 -0.0109956
2008.81 -0.0383047 -0.459656 -9.42295 0.0514457 -0.189033 10.008 0.0775799 -0.162796 -0.00213803
2008.83 0.0766094 -0.421352 -9.53786 0.0251246 -0.212961 10.0104 0.0781907 -0.162337 -0.00213803
2008.84 -0.0766094 -0.383047 -9.34634 -0.0741775 -0.154337 10.0044 0.0781907 -0.159894 -0.00351247
2008.86 0.191523 -0.268133 -9.57617 -0.12682 0.0 10.0044 0.0824668 -0.165086 -0.0152716
2008.88 0.153219 -0.306437 -9.26973 -0.0909272 -0.0155533 10.002 0.0846048 -0.169057 -0.0325286
2008.89 0.0383047 -0.306437 -9.42295 0.0502493 -0.0107677 9.98644 0.0833831 -0.167682 -0.0375682
2008.91 0.114914 -0.306437 -9.23143 0.101695 0.120837 10.0152 0.086132 -0.168599 -0.0664316
2008.93 0.0383047 -0.191523 -9.34634 0.151944 0.17348 9.98644 0.0842994 -0.169668 -0.0800233
2008.94 -0.153219 -0.153219 -9.26973 0.22014 0.235693 10.002 0.0847575 -0.1715 -0.0800233
2008.96 0.0383047 -0.191523 -9.42295 0.305085 0.17348 9.99003 0.0795652 -0.166155 -0.0859793
2008.98 -0.229828 -0.114914 -9.38465 0.285942 0.254835 9.99123 0.0800233 -0.16585 -0.0868956
2008.99 -0.0383047 -0.153219 -9.30804 0.262014 0.271585 10.0044 0.0818559 -0.164323 -0.0887282
2009.01 -0.0383047 -0.191523 -9.42295 0.22014 0.238086 9.97328 0.076969 -0.161879 -0.0936151
2009.03 -0.114914 -0.153219 -9.57617 0.17348 0.198604 9.99841 0.0788016 -0.16249 -0.102778
2009.04 0.0383047 -0.191523 -9.23143 0.0945165 0.215354 9.99482 0.0775799 -0.159894 -0.105222
2009.06 0.268133 -0.0766094 -9.34634 0.0334995 0.278764 9.9996 0.0771217 -0.15913 -0.102778
2009.08 0.0 -0.114914 -9.49956 0.133998 0.272782 10.0068 0.0763581 -0.164017 -0.116523
2009.09 -0.0766094 -0.191523 -9.07821 0.166301 0.254835 9.96371 0.0762054 -0.163712 -0.120951
2009.11 -0.153219 -0.114914 -9.26973 0.183051 0.325424 10.0008 0.0749837 -0.162185 -0.115912
2009.13 -0.0766094 -0.0383047 -9.42295 0.149551 0.380459 9.98285 0.074831 -0.161726 -0.109498
2009.14 -0.229828 -0.114914 -9.65278 0.277567 0.32662 10.008 0.0699441 -0.16249 -0.108429
2009.16 -0.153219 -0.191523 -9.38465 0.291924 0.277567 9.98166 0.0707076 -0.162948 -0.11301
2009.18 0.229828 -0.0383047 -9.34634 0.17348 0.260818 9.96251 0.0705549 -0.158061 -0.108887
2009.19 0.0383047 -0.0383047 -9.49956 0.0299103 0.314656 10.002 0.0693332 -0.156687 -0.11469
2009.21 -0.0383047 -0.114914 -9.49956 0.00957129 0.293121 9.9673 0.0711658 -0.161268 -0.122326
2009.23 0.0383047 -0.191523 -9.46126 -0.0143569 0.211765 10.0283 0.0664316 -0.160505 -0.137139
2009.24 0.114914 -0.229828 -9.38465 -0.0729811 0.0957129 9.98166 0.0670424 -0.162796 -0.154091
2009.26 0.153219 -0.191523 -9.76769 -0.0777667 0.0921237 10.0128 0.0661261 -0.164017 -0.153633
2009.27 0.0383047 -0.153219 -9.38465 -0.0729811 0.0562313 10.008 0.066737 -0.165239 -0.15745
2009.29 0.0766094 -0.229828 -9.26973 -0.0753739 0.0370887 10.0044 0.0694859 -0.166766 -0.160199
2009.31 -0.114914 -0.114914 -9.806 -0.0777667 0.0897308 10.0068 0.0671951 -0.165697 -0.15516
2009.32 0.191523 -0.306437 -9.07821 0.0370887 0.0550349 10.008 0.0717766 -0.169973 -0.152105
2009.34 0.0 -0.153219 -9.42295 0.0143569 0.154337 10.0068 0.0720821 -0.167377 -0.127213
2009.36 0.0766094 -0.153219 -9.34634 -0.0358923 0.199801 10.0247 0.071624 -0.166919 -0.129503
2009.37 0.268133 -0.153219 -9.42295 -0.0239282 0.22014 9.98285 0.0694859 -0.166155 -0.139277
2009.39 0.0766094 -0.229828 -9.38465 0.0753739 0.183051 9.97687 0.0679587 -0.170279 -0.161879
2009.4 0.153219 -0.497961 -8.96329 0.111266 0.0777667 9.95055 0.0662789 -0.169973 -0.16982
2009.42 0.0 -0.459656 -9.26973 0.0909272 -0.11007 9.88475 0.0682642 -0.169515 -0.160658
2009.44 0.0383047 -0.383047 -9.30804 0.0789631 -0.130409 9.81894 0.0704022 -0.167988 -0.154396
2009.45 0.0 -0.421352 -9.15482 0.154337 -0.138784 9.68973 0.0742201 -0.170126 -0.152716
2009.47 -0.0766094 -0.459656 -9.26973 0.184247 -0.106481 9.64905 0.0751364 -0.16921 -0.152411
2009.49 -0.0383047 -0.344742 -9.19312 0.18664 -0.0538385 9.65743 0.0743728 -0.168293 -0.161116
2009.51 -0.153219 -0.268133 -9.26973 0.191426 0.020339 9.82971 0.0765108 -0.166155 -0.168141
2009.52 0.0383047 -0.229828 -9.19312 0.191426 0.0909272 9.82373 0.0768163 -0.167377 -0.186925
2009.54 -0.0766094 -0.153219 -9.26973 0.253639 0.209372 9.9003 0.0820086 -0.172417 -0.200669
2009.55 -0.114914 -0.114914 -9.26973 0.346959 0.181854 10.1025 0.0751364 -0.169057 -0.226478
2009.57 -0.229828 -0.306437 -9.65278 0.315852 0.108873 10.2389 0.0717766 -0.165544 -0.243582
2009.59 -0.153219 -0.229828 -9.95922 0.311067 0.0789631 10.5248 0.0734565 -0.162643 -0.243582
2009.6 -0.0383047 -0.268133 -9.72939 0.264407 0.16989 10.7629 0.0768163 -0.163101 -0.218842
2009.62 -0.153219 -0.268133 -9.46126 0.294317 0.142373 10.6433 0.0745255 -0.162337 -0.18387
2009.64 -0.0383047 -0.268133 -9.19312 0.230907 0.0215354 9.84885 0.0777326 -0.162643 -0.16921
2009.65 -0.153219 -0.153219 -9.30804 0.212961 0.154337 9.91824 0.0817032 -0.156687 -0.118355
2009.67 0.0 -0.0766094 -9.46126 0.107677 0.269192 10.0463 0.0818559 -0.155618 -0.079107
2009.69 -0.0383047 -0.0383047 -9.34634 0.00358923 0.398405 9.94815 0.0810924 -0.154854 -0.0751364
2009.7 -0.0383047 0.0 -9.46126 0.0526421 0.428315 10.0152 0.0783434 -0.16249 -0.0981966
2009.72 -0.229828 -0.0766094 -9.23143 0.0526421 0.348156 9.97448 0.0731511 -0.15852 -0.133169
2009.74 0.114914 -0.153219 -9.38465 0.0526421 0.273978 9.98524 0.0725402 -0.160047 -0.144317
