1819.33 0.0 -0.229828 -9.38465 0.119641 0.0813559 9.99482 0.0726929 -0.164934 -0.0809396
1819.35 0.306437 -0.229828 -9.53786 0.116052 0.100499 10.0044 0.0740674 -0.164323 -0.0809396
1819.36 0.0383047 -0.268133 -9.42295 0.108873 0.0825523 10.0008 0.0745255 -0.164323 -0.0809396
1819.38 -0.114914 -0.268133 -9.34634 0.117248 0.087338 9.99841 0.0719294 -0.162948 -0.0813978
1819.4 0.0766094 -0.229828 -9.30804 0.12682 0.0729811 9.99482 0.0739146 -0.162337 -0.0809396
1819.41 0.0 -0.229828 -9.30804 0.124427 0.066999 9.98883 0.0742201 -0.164934 -0.0829249
1819.43 0.0766094 -0.344742 -9.61448 0.12682 0.0777667 9.9996 0.0768163 -0.166308 -0.0829249
1819.45 -0.114914 -0.229828 -9.38465 0.137587 0.0837488 9.99482 0.0759 -0.165392 -0.081245
1819.46 0.0766094 -0.306437 -9.65278 0.159123 0.0789631 9.98644 0.0760527 -0.164934 -0.0830777
1819.48 -0.0766094 -0.229828 -9.38465 0.155533 0.0801595 10.0008 0.0751364 -0.163254 -0.0829249
1819.5 -0.421352 -0.229828 -9.26973 0.163908 0.101695 9.99721 0.0771217 -0.164323 -0.0846048
1819.51 0.0383047 -0.191523 -9.34634 0.184247 0.122034 9.99721 0.0763581 -0.164323 -0.0870483
1819.53 0.0383047 -0.229828 -9.49956 0.172283 0.136391 9.99362 0.0795652 -0.16753 -0.0864374
1819.55 0.0766094 -0.191523 -9.15482 0.165105 0.159123 9.9996 0.0763581 -0.163865 -0.0864374
1819.56 -0.0383047 -0.229828 -9.34634 0.181854 0.196211 9.99003 0.0768163 -0.164475 -0.0855211
1819.58 -0.114914 -0.114914 -9.34634 0.159123 0.199801 10.0068 0.0759 -0.165392 -0.0847575
1819.6 -0.0766094 -0.191523 -8.92499 0.161515 0.210568 9.99601 0.0760527 -0.162337 -0.0844521
1819.61 0.114914 -0.191523 -9.42295 0.13998 0.227318 9.99721 0.0743728 -0.162337 -0.0832304
1819.63 -0.0383047 -0.153219 -9.34634 0.145962 0.222532 10.002 0.0714712 -0.159283 -0.0810924
1819.64 -0.114914 -0.0766094 -9.46126 0.150748 0.230907 10.0008 0.0760527 -0.165544 -0.0827722
1819.66 -0.0383047 -0.229828 -9.49956 0.12682 0.224925 9.99601 0.0752891 -0.163559 -0.0824668
1819.68 0.0766094 -0.153219 -9.38465 0.141176 0.224925 9.98524 0.0762054 -0.164017 -0.0838412
1819.69 -0.0766094 -0.0766094 -9.53786 0.124427 0.227318 9.9996 0.0720821 -0.163559 -0.0815505
1819.71 -0.114914 -0.153219 -9.34634 0.0969093 0.211765 10.0032 0.0726929 -0.161421 -0.079107
1819.73 -0.191523 -0.229828 -9.26973 0.087338 0.212961 9.99601 0.0719294 -0.164934 -0.0788016
1819.74 0.0383047 -0.191523 -9.42295 0.108873 0.205783 9.9996 0.0696386 -0.163254 -0.0783434
1819.76 0.0383047 -0.268133 -8.81008 0.0765703 0.195015 10.0044 0.0731511 -0.164781 -0.0804815
1819.78 -0.0383047 -0.229828 -9.38465 0.0634098 0.189033 10.008 0.0694859 -0.164475 -0.0765108
1819.79 0.0383047 -0.153219 -9.76769 0.0837488 0.174676 10.008 0.0685696 -0.16249 -0.0752891
1819.81 0.0766094 -0.153219 -9.30804 0.0801595 0.161515 9.9996 0.0699441 -0.166613 -0.0788016
1819.83 -0.0766094 -0.229828 -9.30804 0.087338 0.136391 10.002 0.0694859 -0.165239 -0.0752891
1819.84 0.114914 -0.229828 -9.46126 0.0813559 0.124427 9.9996 0.0699441 -0.166155 -0.076969
1819.86 0.0766094 -0.268133 -9.42295 0.111266 0.0981057 10.0032 0.0722348 -0.168293 -0.0777326
1819.88 -0.0383047 -0.421352 -9.26973 0.130409 0.0861416 9.99362 0.071013 -0.165239 -0.0745255
1819.89 0.0 -0.191523 -9.46126 0.133998 0.0729811 10.0044 0.0711658 -0.166308 -0.0778853
1819.91 0.0 -0.268133 -9.42295 0.133998 0.0646062 10.002 0.0693332 -0.164323 -0.0768163
1819.93 -0.114914 -0.268133 -9.65278 0.162712 0.0586241 10.0056 0.0717766 -0.16585 -0.0771217
1819.94 0.0 -0.229828 -9.38465 0.147159 0.066999 10.0068 0.0726929 -0.166003 -0.0784962
1819.96 0.0766094 -0.306437 -9.49956 0.167498 0.0658026 9.99123 0.074831 -0.166461 -0.0803288
1819.98 -0.0383047 -0.306437 -9.34634 0.183051 0.0765703 10.0068 0.0714712 -0.165239 -0.0794125
1819.99 -0.0766094 -0.306437 -9.42295 0.187837 0.0789631 9.99362 0.0733038 -0.163559 -0.0818559
1820.01 0.0 -0.306437 -9.19312 0.179462 0.0813559 9.99841 0.0745255 -0.165697 -0.0817032
1820.02 -0.153219 -0.191523 -9.38465 0.215354 0.0849452 10.002 0.0746782 -0.163865 -0.0810924
1820.04 -0.114914 -0.268133 -9.26973 0.228514 0.100499 9.99242 0.0754418 -0.164475 -0.0847575
1820.06 0.0 -0.306437 -9.42295 0.206979 0.11007 10.0056 0.0760527 -0.162643 -0.0855211
1820.07 -0.0766094 -0.306437 -9.42295 0.205783 0.102891 9.99482 0.0751364 -0.162032 -0.0836885
1820.09 -0.0766094 -0.383047 -9.34634 0.204586 0.100499 9.99601 0.0766636 -0.163406 -0.0855211
1820.11 0.0 -0.191523 -9.30804 0.179462 0.105284 10.0032 0.0762054 -0.162032 -0.0844521
1820.12 -0.383047 -0.229828 -9.34634 0.181854 0.119641 10.014 0.0768163 -0.162643 -0.0853684
1820.14 0.0 -0.344742 -9.34634 0.15673 0.136391 10.0056 0.0755945 -0.160199 -0.0855211
1820.16 -0.0383047 -0.153219 -9.46126 0.159123 0.149551 9.99721 0.0768163 -0.163559 -0.0859793
1820.17 0.0766094 -0.421352 -9.46126 0.119641 0.17348 10.002 0.0743728 -0.159436 -0.0842994
1820.19 0.0383047 -0.229828 -9.49956 0.104088 0.199801 9.99601 0.0751364 -0.161574 -0.086132
1820.21 -0.0383047 -0.153219 -9.65278 0.100499 0.196211 10.0032 0.0760527 -0.159589 -0.0852157
1820.22 0.114914 -0.114914 -9.38465 0.104088 0.215354 9.99482 0.0723875 -0.15913 -0.083994
1820.24 0.0766094 -0.153219 -9.61448 0.0717846 0.21655 10.0068 0.0749837 -0.162337 -0.0838412
1820.26 0.0383047 -0.268133 -9.53786 0.0681954 0.212961 9.9996 0.073762 -0.163406 -0.0847575
1820.27 0.0383047 -0.268133 -9.38465 0.0885344 0.206979 9.98405 0.0728457 -0.160963 -0.081245
1820.29 -0.0766094 -0.153219 -9.38465 0.0717846 0.196211 9.9996 0.0719294 -0.161421 -0.0817032
1820.3 -0.0766094 -0.191523 -9.53786 0.0622134 0.184247 9.99721 0.071624 -0.162337 -0.078038
1820.32 0.114914 -0.191523 -9.38465 0.0634098 0.185444 9.99242 0.0723875 -0.164017 -0.0794125
1820.34 -0.0766094 -0.306437 -9.42295 0.0777667 0.162712 9.99242 0.0719294 -0.165086 -0.0795652
1820.35 0.0 -0.191523 -9.34634 0.0717846 0.166301 10.0008 0.0717766 -0.162796 -0.0772744
1820.37 0.153219 -0.153219 -9.57617 0.0765703 0.167498 10.0044 0.0729984 -0.164934 -0.076969
1820.39 0.0383047 -0.153219 -9.30804 0.0957129 0.193819 9.99841 0.0719294 -0.166155 -0.0774271
1820.4 0.0 -0.268133 -9.46126 0.105284 0.17348 9.99841 0.0717766 -0.166613 -0.0771217
1820.42 0.0766094 -0.191523 -9.38465 0.11007 0.161515 9.99601 0.071013 -0.165544 -0.078038
1820.44 -0.114914 -0.229828 -9.38465 0.153141 0.165105 9.99242 0.071013 -0.165392 -0.0759
1820.45 -0.114914 -0.268133 -9.49956 0.165105 0.168694 10.0008 0.0711658 -0.168141 -0.0752891
1820.47 0.0766094 -0.268133 -9.34634 0.175872 0.144766 10.0032 0.071624 -0.167072 -0.0752891
1820.49 -0.0766094 -0.344742 -9.76769 0.180658 0.129212 9.99482 0.0693332 -0.16417 -0.0740674
1820.5 -0.0383047 -0.191523 -9.53786 0.202193 0.107677 10.0008 0.0733038 -0.167988 -0.0783434
1820.52 -0.0766094 -0.229828 -9.15482 0.204586 0.09332 10.002 0.0729984 -0.16753 -0.0781907
1820.54 -0.229828 -0.268133 -9.46126 0.187837 0.0837488 9.9996 0.0702495 -0.164323 -0.0789543
1820.55 -0.114914 -0.306437 -9.42295 0.211765 0.061017 9.99123 0.0720821 -0.165086 -0.0794125
1820.57 0.0 -0.268133 -9.34634 0.206979 0.0705882 9.9996 0.0728457 -0.165392 -0.0820086
1820.59 -0.0766094 -0.268133 -9.38465 0.202193 0.0729811 10.0056 0.0733038 -0.16249 -0.0786489
1820.6 -0.0766094 -0.229828 -9.53786 0.178265 0.0897308 10.0044 0.074831 -0.166155 -0.0813978
1820.62 -0.0766094 -0.268133 -9.42295 0.180658 0.111266 9.99482 0.0745255 -0.162337 -0.0841467
1820.64 -0.0383047 -0.0766094 -9.42295 0.166301 0.100499 10.0044 0.0733038 -0.162796 -0.0832304
1820.65 0.0 -0.229828 -9.42295 0.171087 0.100499 9.99362 0.0752891 -0.165392 -0.0842994
1820.67 0.0383047 -0.306437 -9.19312 0.154337 0.124427 10.0056 0.0739146 -0.161116 -0.0795652
1820.69 -0.0383047 -0.229828 -9.53786 0.149551 0.0981057 9.99841 0.0755945 -0.162643 -0.0830777
1820.7 0.0383047 -0.268133 -9.34634 0.13998 0.0909272 9.99841 0.074831 -0.162643 -0.0855211
1820.72 -0.114914 -0.191523 -9.23143 0.113659 0.0646062 9.99482 0.0788016 -0.165086 -0.086132
1820.74 -0.114914 -0.229828 -9.42295 0.113659 0.0765703 9.9996 0.0763581 -0.164934 -0.0853684
1820.75 -0.114914 -0.229828 -9.26973 0.0957129 0.0945165 10.0044 0.0759 -0.16249 -0.085063
1820.77 0.0766094 -0.268133 -9.38465 0.0825523 0.101695 10.0008 0.0775799 -0.164628 -0.0878119
1820.79 0.0383047 -0.459656 -9.61448 0.0789631 0.111266 9.99601 0.0762054 -0.162032 -0.0878119
1820.8 -0.0383047 -0.229828 -9.46126 0.108873 0.15673 9.99362 0.0754418 -0.162796 -0.0859793
1820.82 0.0 -0.191523 -9.30804 0.0861416 0.180658 10.0008 0.0771217 -0.164017 -0.085063
1820.84 -0.0766094 -0.114914 -9.38465 0.0777667 0.217747 10.0056 0.0752891 -0.164323 -0.0870483
1820.85 0.0 -0.229828 -9.8443 0.0957129 0.222532 10.002 0.0751364 -0.164475 -0.0849102
1820.87 0.0766094 -0.114914 -9.26973 0.09332 0.232104 9.99601 0.0755945 -0.165239 -0.0836885
1820.89 0.0383047 -0.0766094 -9.38465 0.0801595 0.224925 10.0032 0.0743728 -0.165239 -0.0806342
1820.9 0.0383047 -0.114914 -9.19312 0.113659 0.235693 10.0044 0.0731511 -0.165086 -0.0792598
1820.92 0.0 -0.0766094 -9.34634 0.131605 0.202193 10.0044 0.073762 -0.166461 -0.0794125
1820.94 0.0 -0.229828 -9.34634 0.130409 0.183051 9.99123 0.0725402 -0.165544 -0.0783434
1820.95 0.0 -0.191523 -9.30804 0.15673 0.177069 10.0092 0.0754418 -0.16921 -0.0795652
1820.97 0.0 -0.153219 -9.49956 0.162712 0.189033 9.9996 0.0726929 -0.163865 -0.0801761
1820.99 -0.0383047 -0.153219 -9.30804 0.175872 0.18664 9.98285 0.0734565 -0.164781 -0.0792598
1821.0 -0.0766094 -0.114914 -9.30804 0.177069 0.171087 10.0092 0.073762 -0.167377 -0.0817032
1821.02 -0.0383047 -0.191523 -9.26973 0.178265 0.17348 10.0092 0.0728457 -0.164628 -0.0788016
1821.04 -0.0766094 -0.191523 -9.26973 0.185444 0.190229 10.0044 0.0708604 -0.163712 -0.0788016
1821.05 -0.0383047 -0.268133 -9.69109 0.174676 0.197408 10.0032 0.0726929 -0.165086 -0.0797179
1821.07 0.0766094 -0.153219 -9.38465 0.155533 0.181854 9.9996 0.0714712 -0.164017 -0.0778853
1821.09 -0.114914 -0.229828 -9.34634 0.150748 0.167498 9.99362 0.0713185 -0.165239 -0.0766636
1821.1 0.0766094 -0.153219 -9.30804 0.137587 0.153141 9.99242 0.0684169 -0.162032 -0.0766636
1821.12 0.0 -0.229828 -9.42295 0.133998 0.116052 10.0044 0.0664316 -0.161879 -0.0743728
1821.13 0.0766094 -0.268133 -9.46126 0.129212 0.0753739 9.9996 0.0707076 -0.166003 -0.0786489
1821.15 0.0 -0.306437 -9.19312 0.148355 0.0550349 10.0104 0.0731511 -0.165086 -0.0783434
1821.17 -0.0383047 -0.306437 -9.34634 0.143569 0.0346959 10.0032 0.0713185 -0.162032 -0.0781907
1821.18 -0.0383047 -0.306437 -9.61448 0.147159 0.0346959 9.99721 0.0728457 -0.163865 -0.0798706
1821.2 0.0 -0.229828 -9.34634 0.147159 0.0358923 10.0068 0.0755945 -0.166003 -0.0809396
1821.22 0.0383047 -0.229828 -9.57617 0.153141 0.0526421 9.99601 0.0768163 -0.16753 -0.0849102
1821.23 0.0766094 -0.229828 -9.34634 0.131605 0.0837488 9.99721 0.0733038 -0.161879 -0.0824668
1821.25 -0.0383047 -0.268133 -9.34634 0.12682 0.0885344 10.0164 0.0765108 -0.164934 -0.0829249
1821.27 -0.229828 -0.268133 -9.26973 0.122034 0.108873 9.99841 0.0731511 -0.162032 -0.0821613
1821.28 0.0383047 -0.229828 -9.38465 0.106481 0.12323 9.99482 0.0763581 -0.165086 -0.0835358
1821.3 -0.0766094 -0.191523 -9.38465 0.113659 0.119641 10.008 0.0745255 -0.164323 -0.0841467
1821.32 -0.153219 -0.229828 -9.30804 0.130409 0.114855 10.0068 0.0763581 -0.163712 -0.0826195
1821.33 -0.114914 -0.229828 -9.38465 0.142373 0.105284 10.0104 0.0733038 -0.165544 -0.0835358
1821.35 -0.0766094 -0.344742 -9.38465 0.135194 0.0969093 10.0056 0.0751364 -0.164475 -0.0820086
1821.36 -0.153219 -0.268133 -9.30804 0.145962 0.0921237 9.99003 0.0749837 -0.163101 -0.0829249
1821.38 -0.0383047 -0.191523 -8.88668 0.16989 0.106481 9.99242 0.078038 -0.165392 -0.0856738
1821.4 0.0383047 -0.268133 -9.53786 0.178265 0.119641 10.002 0.0771217 -0.164475 -0.0868956
1821.41 0.0 -0.268133 -9.46126 0.175872 0.131605 10.0008 0.0768163 -0.164017 -0.0868956
1821.43 -0.0766094 -0.0766094 -9.30804 0.181854 0.177069 10.0032 0.0766636 -0.164934 -0.0879646
1821.45 -0.114914 -0.191523 -9.38465 0.163908 0.210568 10.002 0.0751364 -0.161268 -0.0847575
1821.46 -0.0766094 -0.229828 -9.30804 0.160319 0.229711 9.99123 0.0751364 -0.161116 -0.0859793
1821.48 0.0 -0.229828 -9.46126 0.148355 0.259621 9.99123 0.0749837 -0.164628 -0.0844521
1821.5 -0.0383047 -0.191523 -9.42295 0.131605 0.260818 10.0056 0.0745255 -0.163254 -0.0829249
1821.51 -0.0383047 -0.114914 -9.34634 0.132802 0.248853 9.99601 0.0736092 -0.161879 -0.0800233
1821.53 0.0 -0.153219 -9.34634 0.138784 0.236889 9.99482 0.0702495 -0.160963 -0.0774271
1821.55 0.114914 -0.153219 -9.42295 0.120837 0.196211 10.008 0.0729984 -0.163712 -0.0800233
1821.56 -0.0766094 -0.229828 -9.23143 0.142373 0.189033 10.0104 0.0697913 -0.161726 -0.076969
1821.58 -0.0383047 -0.114914 -9.46126 0.112463 0.144766 10.0044 0.0696386 -0.162032 -0.0766636
1821.6 -0.0383047 -0.306437 -9.34634 0.12682 0.138784 9.99242 0.0739146 -0.165239 -0.081245
1821.61 0.0 -0.306437 -9.42295 0.12682 0.145962 10.0056 0.0723875 -0.163559 -0.0797179
1821.63 -0.0383047 -0.229828 -9.30804 0.111266 0.154337 9.99482 0.0722348 -0.165239 -0.0815505
1821.65 -0.153219 -0.153219 -9.26973 0.0825523 0.168694 9.99601 0.0720821 -0.163559 -0.0783434
1821.66 0.0 -0.191523 -9.42295 0.0921237 0.187837 10.008 0.0725402 -0.162948 -0.0778853
1821.68 0.153219 -0.229828 -9.38465 0.087338 0.18664 9.99123 0.0745255 -0.164781 -0.0786489
1821.7 0.0 -0.114914 -9.34634 0.0705882 0.187837 10.0044 0.0720821 -0.166003 -0.079107
1821.71 0.153219 -0.421352 -9.53786 0.0717846 0.165105 9.99362 0.0719294 -0.166308 -0.0760527
1821.73 0.0 -0.153219 -9.49956 0.0849452 0.153141 10.0056 0.0704022 -0.16753 -0.0766636
1821.75 0.0 -0.306437 -9.53786 0.106481 0.117248 10.0116 0.0668897 -0.161116 -0.0717766
1821.76 0.114914 -0.306437 -9.38465 0.124427 0.0705882 10.0056 0.071624 -0.166003 -0.0745255
1821.78 0.0766094 -0.229828 -9.34634 0.133998 0.0454636 10.002 0.0728457 -0.167224 -0.0759
1821.8 -0.268133 -0.421352 -9.38465 0.157926 0.0346959 10.014 0.0697913 -0.165086 -0.0752891
1821.81 -0.0766094 -0.268133 -9.38465 0.178265 0.020339 9.9996 0.0742201 -0.166003 -0.0797179
1821.83 -0.191523 -0.306437 -9.34634 0.195015 0.0442672 9.99362 0.0745255 -0.164475 -0.0797179
1821.85 -0.0766094 -0.268133 -9.38465 0.197408 0.04666 9.99362 0.0739146 -0.163712 -0.0823141
1821.86 -0.114914 -0.229828 -9.15482 0.204586 0.0801595 9.99242 0.078038 -0.166155 -0.0852157
1821.88 -0.153219 -0.268133 -9.46126 0.187837 0.105284 10.0044 0.0762054 -0.164323 -0.0846048
1821.9 0.0383047 -0.268133 -9.42295 0.190229 0.120837 9.99242 0.0754418 -0.163712 -0.0833831
1821.91 0.114914 -0.229828 -9.30804 0.16989 0.128016 9.99601 0.0743728 -0.16249 -0.0830777
1821.93 0.0 -0.229828 -9.34634 0.181854 0.141176 9.99123 0.0762054 -0.165239 -0.085063
1821.94 -0.0766094 -0.383047 -9.23143 0.161515 0.128016 9.9996 0.0742201 -0.161268 -0.0824668
1821.96 -0.0766094 -0.268133 -9.38465 0.167498 0.112463 9.99482 0.0740674 -0.161421 -0.0835358
1821.98 -0.114914 -0.229828 -9.42295 0.190229 0.113659 10.014 0.0752891 -0.163254 -0.0830777
1821.99 -0.229828 -0.268133 -9.46126 0.175872 0.107677 9.99362 0.0755945 -0.16249 -0.0849102
1822.01 -0.0383047 -0.306437 -9.46126 0.196211 0.0993021 10.0175 0.0778853 -0.163254 -0.0868956
1822.03 0.191523 -0.153219 -9.23143 0.16989 0.119641 9.98764 0.0763581 -0.162185 -0.0868956
1822.04 -0.0383047 -0.268133 -9.03991 0.15673 0.144766 10.008 0.076969 -0.161726 -0.0870483
1822.06 -0.0766094 -0.191523 -9.38465 0.144766 0.159123 9.99362 0.0768163 -0.161726 -0.0859793
1822.08 0.114914 -0.114914 -9.57617 0.102891 0.191426 10.0068 0.0746782 -0.159436 -0.085063
1822.09 0.0383047 -0.114914 -9.38465 0.0634098 0.224925 10.0008 0.076969 -0.162337 -0.0875064
1822.11 0.0766094 -0.191523 -9.72939 0.0753739 0.244068 9.99242 0.0760527 -0.165086 -0.0865901
1822.13 0.0 -0.114914 -9.38465 0.0502493 0.256032 10.0068 0.076969 -0.167224 -0.0841467
1822.14 0.0383047 -0.114914 -9.26973 0.0514457 0.254835 9.99123 0.0749837 -0.164781 -0.0795652
1822.16 0.0 -0.191523 -9.30804 0.0514457 0.232104 10.0068 0.0717766 -0.162796 -0.0804815
1822.18 0.0383047 -0.191523 -9.07821 0.0538385 0.205783 9.99362 0.0726929 -0.163406 -0.0797179
1822.19 -0.153219 -0.191523 -9.38465 0.0813559 0.187837 9.99721 0.0708604 -0.163406 -0.0762054
1822.21 0.0766094 -0.229828 -9.46126 0.11007 0.153141 10.0092 0.0717766 -0.166461 -0.0765108
1822.23 0.114914 -0.268133 -9.49956 0.118445 0.155533 10.0104 0.0713185 -0.165239 -0.0783434
1822.24 0.0 -0.229828 -9.30804 0.130409 0.136391 10.008 0.0731511 -0.166461 -0.0784962
1822.26 -0.153219 -0.191523 -9.15482 0.142373 0.151944 10.0044 0.0707076 -0.162948 -0.0768163
1822.28 0.0383047 -0.229828 -9.46126 0.151944 0.153141 10.0116 0.0746782 -0.166308 -0.0786489
1822.29 -0.0766094 -0.383047 -9.30804 0.138784 0.159123 9.99362 0.071013 -0.162948 -0.0763581
1822.31 0.0 -0.153219 -9.38465 0.136391 0.172283 10.0092 0.0740674 -0.166461 -0.081245
1822.33 -0.114914 -0.153219 -9.46126 0.12682 0.180658 9.99482 0.0699441 -0.164628 -0.0766636
1822.34 -0.0383047 -0.153219 -9.34634 0.138784 0.172283 10.014 0.0726929 -0.166613 -0.0786489
1822.36 -0.153219 -0.268133 -9.46126 0.154337 0.160319 10.002 0.0708604 -0.165392 -0.0745255
1822.38 -0.0766094 -0.306437 -9.34634 0.17348 0.128016 9.98883 0.0714712 -0.165697 -0.0745255
1822.39 -0.114914 -0.344742 -9.53786 0.183051 0.107677 10.0056 0.0731511 -0.165544 -0.0771217
1822.41 -0.0766094 -0.268133 -9.30804 0.202193 0.0729811 9.99601 0.0693332 -0.164323 -0.0763581
1822.43 -0.0766094 -0.268133 -9.19312 0.222532 0.0550349 9.99721 0.0734565 -0.164934 -0.0768163
1822.44 -0.383047 -0.344742 -9.34634 0.223729 0.0370887 9.9996 0.0722348 -0.164017 -0.0777326
1822.46 -0.0766094 -0.229828 -9.38465 0.236889 0.0370887 10.0092 0.0719294 -0.162643 -0.078038
1822.48 0.114914 -0.229828 -9.61448 0.208175 0.040678 9.99721 0.0729984 -0.162032 -0.0836885
1822.49 -0.114914 -0.191523 -9.38465 0.183051 0.0538385 9.99721 0.0746782 -0.16249 -0.0847575
1822.51 0.229828 -0.191523 -9.46126 0.16989 0.0789631 10.008 0.0742201 -0.161726 -0.0829249
1822.53 0.0 -0.191523 -9.42295 0.144766 0.116052 10.0032 0.0726929 -0.161421 -0.086132
1822.54 0.191523 -0.153219 -9.23143 0.113659 0.124427 9.99721 0.0759 -0.163254 -0.0868956
1822.56 0.114914 -0.229828 -9.38465 0.113659 0.13998 10.008 0.0757473 -0.162185 -0.0838412
1822.58 -0.0383047 -0.114914 -9.26973 0.113659 0.128016 10.0068 0.0734565 -0.161574 -0.0827722
1822.59 0.153219 -0.191523 -9.49956 0.106481 0.129212 9.99601 0.0754418 -0.162337 -0.0818559
1822.61 0.0383047 -0.229828 -9.42295 0.12682 0.116052 10.0068 0.0731511 -0.160505 -0.0826195
1822.63 0.0 -0.153219 -9.72939 0.145962 0.11007 10.0211 0.0740674 -0.160658 -0.0826195
1822.64 0.0 -0.229828 -9.38465 0.147159 0.0945165 9.99601 0.0736092 -0.160505 -0.0830777
1822.66 -0.0766094 -0.114914 -9.42295 0.137587 0.102891 10.0044 0.0746782 -0.162643 -0.0826195
1822.68 -0.0383047 -0.229828 -9.38465 0.138784 0.113659 9.99601 0.0783434 -0.163559 -0.0876591
1822.69 0.0 -0.153219 -9.07821 0.128016 0.150748 9.99362 0.0754418 -0.161879 -0.087201
1822.71 -0.0766094 -0.153219 -9.34634 0.0993021 0.183051 10.0068 0.0754418 -0.162185 -0.0862847
1822.73 0.0 -0.153219 -9.46126 0.0885344 0.211765 9.99601 0.0749837 -0.162185 -0.0865901
1822.74 -0.114914 -0.191523 -9.57617 0.0789631 0.248853 10.0032 0.0774271 -0.162796 -0.0852157
1822.76 0.0 -0.153219 -9.42295 0.0801595 0.259621 9.99242 0.0742201 -0.165086 -0.0844521
1822.77 -0.0383047 -0.191523 -9.42295 0.0885344 0.254835 9.98764 0.0739146 -0.163712 -0.0813978
1822.79 -0.0766094 -0.229828 -9.38465 0.0945165 0.240479 9.99721 0.0725402 -0.16417 -0.0800233
1822.81 0.0383047 -0.153219 -9.61448 0.111266 0.22014 9.9996 0.0729984 -0.164781 -0.0765108
1822.82 0.0383047 -0.191523 -9.38465 0.143569 0.198604 9.99003 0.0729984 -0.164017 -0.0778853
1822.84 -0.0383047 -0.229828 -9.34634 0.157926 0.17348 9.99123 0.0708604 -0.165086 -0.0768163
1822.86 0.153219 -0.153219 -9.30804 0.179462 0.159123 9.99123 0.0722348 -0.165239 -0.0757473
1822.87 -0.0766094 -0.306437 -9.42295 0.174676 0.143569 9.99242 0.0725402 -0.164475 -0.0777326
1822.89 0.0766094 -0.229828 -9.46126 0.172283 0.132802 9.99601 0.0707076 -0.163865 -0.0792598
1822.91 -0.0383047 -0.191523 -9.38465 0.157926 0.135194 9.98764 0.071013 -0.16417 -0.0789543
1822.92 -0.0766094 -0.191523 -9.26973 0.136391 0.157926 9.99123 0.0745255 -0.167072 -0.081245
1822.94 -0.114914 -0.191523 -9.49956 0.119641 0.159123 9.99721 0.0733038 -0.165544 -0.0801761
1822.96 0.0 -0.191523 -9.11651 0.114855 0.171087 10.0032 0.0708604 -0.163101 -0.078038
1822.97 -0.229828 -0.268133 -9.46126 0.112463 0.160319 9.98764 0.0733038 -0.166919 -0.0774271
1822.99 -0.0383047 -0.114914 -9.53786 0.130409 0.149551 9.99841 0.071013 -0.164781 -0.0777326
1823.01 0.0766094 -0.191523 -9.49956 0.124427 0.133998 9.99601 0.071624 -0.164934 -0.0762054
1823.02 -0.0383047 -0.268133 -9.34634 0.159123 0.102891 9.98764 0.0702495 -0.161574 -0.074831
1823.04 0.0383047 -0.306437 -9.15482 0.155533 0.0729811 9.99721 0.071013 -0.164781 -0.0766636
1823.06 -0.0383047 -0.268133 -9.38465 0.165105 0.0634098 9.99601 0.071624 -0.164628 -0.0766636
1823.07 -0.114914 -0.421352 -9.30804 0.175872 0.0167498 10.0032 0.0726929 -0.16585 -0.0789543
1823.09 0.0 -0.229828 -9.42295 0.163908 0.0215354 9.99841 0.0731511 -0.164017 -0.0817032
1823.11 -0.229828 -0.344742 -9.46126 0.168694 0.0227318 9.99841 0.074831 -0.163101 -0.0835358
1823.12 0.0 -0.306437 -9.34634 0.142373 0.0442672 9.9996 0.073762 -0.163559 -0.0832304
1823.14 -0.0766094 -0.229828 -9.57617 0.135194 0.066999 9.99482 0.0733038 -0.16249 -0.0852157
1823.16 0.0 -0.306437 -9.53786 0.12323 0.102891 10.0068 0.0771217 -0.164934 -0.0873537
1823.17 -0.0383047 -0.306437 -9.46126 0.118445 0.106481 9.99362 0.0760527 -0.163101 -0.0865901
1823.19 0.0766094 -0.153219 -9.42295 0.124427 0.141176 10.002 0.0781907 -0.164475 -0.0855211
1823.21 -0.114914 -0.268133 -9.38465 0.130409 0.150748 10.0068 0.0763581 -0.164017 -0.0855211
1823.22 -0.0383047 -0.268133 -9.23143 0.144766 0.148355 10.008 0.0766636 -0.164628 -0.0849102
1823.24 -0.0383047 -0.191523 -9.34634 0.145962 0.13998 9.99362 0.0784962 -0.166613 -0.0844521
1823.26 -0.153219 -0.344742 -9.19312 0.159123 0.128016 10.0008 0.0749837 -0.161879 -0.0820086
1823.27 -0.0766094 -0.229828 -9.42295 0.149551 0.125623 9.99841 0.0772744 -0.164323 -0.0838412
1823.29 -0.0383047 -0.268133 -9.23143 0.159123 0.131605 10.008 0.073762 -0.162643 -0.0856738
1823.31 0.114914 -0.114914 -9.23143 0.153141 0.129212 9.99721 0.0775799 -0.162948 -0.0855211
1823.32 -0.153219 -0.306437 -9.38465 0.143569 0.15673 10.0032 0.0768163 -0.162185 -0.0862847
1823.34 0.0 -0.229828 -9.34634 0.129212 0.183051 10.0068 0.0754418 -0.162796 -0.0852157
1823.36 0.0 -0.191523 -9.46126 0.124427 0.221336 9.99003 0.0754418 -0.162337 -0.0858265
1823.37 -0.0766094 -0.229828 -9.65278 0.100499 0.251246 9.99601 0.0768163 -0.165392 -0.0853684
1823.39 0.0383047 -0.114914 -9.42295 0.105284 0.260818 9.99123 0.0749837 -0.16417 -0.0835358
1823.41 0.0383047 -0.114914 -9.46126 0.116052 0.260818 10.0044 0.0722348 -0.162185 -0.0809396
1823.42 0.114914 -0.114914 -9.34634 0.0993021 0.258425 9.9996 0.0757473 -0.166766 -0.0807869
1823.44 0.0766094 -0.191523 -9.57617 0.117248 0.229711 10.0008 0.0699441 -0.160658 -0.0762054
1823.46 0.0 -0.229828 -9.34634 0.111266 0.214158 10.0008 0.0685696 -0.163254 -0.0768163
1823.47 0.0 -0.229828 -9.72939 0.116052 0.17348 10.0056 0.0714712 -0.165086 -0.0784962
1823.49 0.114914 -0.153219 -9.46126 0.138784 0.13998 9.99123 0.0705549 -0.163101 -0.0763581
1823.51 0.0383047 -0.191523 -9.15482 0.138784 0.136391 10.0056 0.0702495 -0.164323 -0.078038
1823.52 0.114914 -0.229828 -9.49956 0.125623 0.111266 9.99601 0.0711658 -0.163406 -0.0783434
1823.54 0.0 -0.229828 -9.34634 0.122034 0.113659 9.99123 0.0690278 -0.160199 -0.0760527
1823.56 0.191523 -0.268133 -9.53786 0.12682 0.124427 10.0032 0.0714712 -0.164475 -0.0771217
1823.57 -0.114914 -0.344742 -9.42295 0.122034 0.129212 10.0104 0.0731511 -0.166003 -0.0792598
1823.59 0.0766094 -0.229828 -9.38465 0.131605 0.150748 9.99601 0.0722348 -0.165086 -0.0789543
1823.6 -0.0383047 -0.191523 -9.49956 0.13998 0.147159 9.99003 0.0722348 -0.164781 -0.076969
1823.62 0.0383047 -0.268133 -9.42295 0.128016 0.138784 9.99601 0.0711658 -0.164934 -0.0766636
1823.63 -0.114914 -0.229828 -9.26973 0.12682 0.125623 10.0008 0.0719294 -0.164475 -0.0757473
1823.65 -0.0383047 -0.191523 -9.34634 0.128016 0.122034 10.002 0.0725402 -0.165544 -0.0766636
1823.67 0.114914 -0.306437 -9.34634 0.145962 0.0741775 10.008 0.071013 -0.164323 -0.0783434
1823.68 -0.0383047 -0.229828 -9.42295 0.165105 0.0622134 9.99242 0.071624 -0.164475 -0.078038
1823.7 -0.0766094 -0.268133 -9.34634 0.183051 0.0370887 10.0068 0.073762 -0.167224 -0.0794125
1823.71 -0.0766094 -0.344742 -9.38465 0.178265 0.0287139 10.008 0.0734565 -0.164628 -0.0789543
1823.73 -0.0383047 -0.268133 -9.34634 0.180658 0.0227318 10.0044 0.0743728 -0.164017 -0.0795652
1824.34 0.0383047 -0.306437 -9.07821 0.189033 0.0251246 10.0044 0.0734565 -0.162948 -0.0794125
1824.35 -0.0383047 -0.268133 -9.26973 0.192622 0.0287139 10.002 0.0736092 -0.163406 -0.0798706
1824.37 -0.191523 -0.229828 -9.34634 0.187837 0.0311067 9.99242 0.0762054 -0.165697 -0.0852157
1824.39 0.0766094 -0.268133 -9.46126 0.177069 0.0658026 10.0092 0.0746782 -0.162643 -0.0853684
1824.4 0.0383047 -0.191523 -9.42295 0.160319 0.0777667 10.0044 0.0745255 -0.162948 -0.0858265
1824.42 0.114914 -0.229828 -9.19312 0.148355 0.112463 10.008 0.0765108 -0.163559 -0.0859793
1824.44 -0.153219 -0.191523 -9.34634 0.142373 0.12682 10.0092 0.0752891 -0.161421 -0.0870483
1824.45 -0.153219 -0.191523 -9.57617 0.124427 0.144766 10.0068 0.0781907 -0.162948 -0.0867428
1824.47 0.153219 -0.229828 -9.38465 0.11007 0.138784 10.0056 0.0743728 -0.159741 -0.0858265
1824.49 -0.0383047 -0.191523 -9.53786 0.0957129 0.138784 10.0092 0.0752891 -0.160963 -0.0823141
1824.5 0.0766094 -0.229828 -9.38465 0.0993021 0.143569 9.99242 0.0746782 -0.162337 -0.0830777
1824.52 -0.0383047 -0.229828 -9.69109 0.0945165 0.136391 10.002 0.0733038 -0.160505 -0.0818559
1824.54 0.114914 -0.191523 -9.30804 0.0981057 0.138784 10.002 0.0774271 -0.163101 -0.0841467
1824.55 0.0 -0.229828 -9.34634 0.119641 0.132802 9.99242 0.0752891 -0.165239 -0.0836885
1824.57 -0.114914 -0.306437 -9.15482 0.108873 0.137587 10.0056 0.0755945 -0.16417 -0.085063
1824.59 0.0383047 -0.191523 -9.46126 0.124427 0.167498 9.99123 0.0745255 -0.161421 -0.0841467
1824.6 0.153219 -0.344742 -9.46126 0.108873 0.192622 9.9996 0.0751364 -0.163101 -0.0835358
1824.62 0.0 -0.114914 -9.34634 0.101695 0.221336 10.0056 0.0772744 -0.164934 -0.0847575
1824.64 -0.0383047 -0.153219 -9.19312 0.106481 0.247657 9.99721 0.0743728 -0.164628 -0.0852157
1824.65 0.0 -0.153219 -9.15482 0.087338 0.26321 9.99003 0.0760527 -0.166461 -0.0836885
1824.67 -0.0766094 -0.153219 -9.38465 0.0921237 0.262014 10.0104 0.0736092 -0.165086 -0.0801761
1824.69 0.0 -0.191523 -9.53786 0.0969093 0.245264 10.0032 0.0723875 -0.16249 -0.0775799
1824.7 0.0 -0.153219 -9.49956 0.101695 0.211765 10.0032 0.0713185 -0.16585 -0.0778853
1824.72 -0.114914 -0.306437 -9.49956 0.12682 0.179462 9.99601 0.0704022 -0.16249 -0.0754418
1824.73 -0.114914 -0.191523 -9.34634 0.148355 0.160319 10.0092 0.0707076 -0.164628 -0.0757473
1824.75 0.0383047 -0.229828 -9.42295 0.159123 0.133998 10.002 0.0694859 -0.163254 -0.0739146
1824.77 0.0383047 -0.268133 -9.19312 0.184247 0.120837 10.008 0.0717766 -0.16585 -0.0777326
1824.78 0.0383047 -0.191523 -9.26973 0.166301 0.128016 10.0056 0.0697913 -0.166155 -0.078038
1824.8 0.0 -0.268133 -9.30804 0.181854 0.12323 9.99242 0.0711658 -0.165392 -0.0792598
1824.82 -0.114914 -0.114914 -9.46126 0.163908 0.129212 10.0068 0.0731511 -0.165392 -0.0784962
1824.83 -0.0766094 -0.191523 -9.38465 0.15673 0.12323 9.99123 0.0720821 -0.164781 -0.0786489
1824.85 -0.0766094 -0.306437 -8.92499 0.144766 0.124427 10.0044 0.0728457 -0.163865 -0.0783434
1824.87 0.0383047 -0.306437 -9.46126 0.12682 0.12323 9.9996 0.0699441 -0.165392 -0.0801761
1824.88 0.0 -0.268133 -9.34634 0.118445 0.124427 10.0044 0.0723875 -0.16417 -0.0788016
1824.91 -0.0383047 -0.268133 -9.38465 0.129212 0.0897308 10.002 0.0717766 -0.163254 -0.0774271
1824.92 0.0 -0.268133 -9.46126 0.114855 0.0765703 9.99841 0.071013 -0.163406 -0.0781907
1824.94 -0.114914 -0.268133 -9.34634 0.144766 0.0418744 9.99362 0.0685696 -0.160505 -0.0765108
1824.96 0.153219 -0.306437 -9.30804 0.163908 0.0323031 9.99123 0.0726929 -0.163712 -0.0794125
1824.97 -0.0766094 -0.306437 -9.42295 0.171087 0.0382852 9.99721 0.0720821 -0.163254 -0.0803288
1824.99 -0.153219 -0.383047 -9.57617 0.171087 0.0215354 10.008 0.0752891 -0.164934 -0.0827722
1825.01 -0.229828 -0.268133 -9.34634 0.175872 0.040678 9.99841 0.0733038 -0.16249 -0.0829249
1825.02 -0.0383047 -0.268133 -9.42295 0.168694 0.0574277 9.99242 0.0762054 -0.162643 -0.0862847
1825.04 -0.114914 -0.268133 -9.65278 0.148355 0.0753739 10.0044 0.0757473 -0.163865 -0.086132
1825.06 -0.0383047 -0.229828 -9.34634 0.124427 0.122034 10.0032 0.078038 -0.162948 -0.0873537
1825.07 0.0 -0.229828 -9.46126 0.120837 0.144766 9.99841 0.0778853 -0.166461 -0.0876591
1825.09 0.0 -0.191523 -9.46126 0.104088 0.13998 10.0044 0.0752891 -0.16249 -0.0852157
1825.11 -0.0766094 -0.0766094 -9.15482 0.116052 0.17348 9.99123 0.0762054 -0.16249 -0.085063
1825.12 -0.114914 -0.306437 -9.38465 0.111266 0.178265 9.99841 0.0778853 -0.164017 -0.0853684
1825.14 -0.0766094 -0.191523 -9.46126 0.12682 0.167498 9.98285 0.0762054 -0.163559 -0.0833831
1825.15 0.0 -0.229828 -9.72939 0.13998 0.160319 9.99601 0.0740674 -0.164475 -0.0832304
1825.17 0.114914 -0.229828 -9.30804 0.155533 0.161515 9.9996 0.0739146 -0.163254 -0.0818559
1825.19 -0.0766094 -0.191523 -9.42295 0.15673 0.167498 9.99841 0.0755945 -0.163559 -0.0820086
1825.2 -0.0383047 -0.114914 -9.34634 0.157926 0.177069 9.99362 0.0783434 -0.167682 -0.0841467
1825.22 0.0 -0.153219 -9.38465 0.149551 0.198604 10.002 0.0766636 -0.164781 -0.0849102
1825.24 -0.114914 -0.114914 -9.88261 0.118445 0.230907 10.002 0.0742201 -0.164628 -0.085063
1825.25 0.0 -0.114914 -9.46126 0.119641 0.230907 9.99841 0.0746782 -0.164323 -0.083994
1825.27 -0.0383047 0.0 -9.806 0.104088 0.239282 10.0008 0.0740674 -0.163712 -0.0847575
1825.29 0.114914 -0.153219 -9.46126 0.09332 0.25005 9.99482 0.0751364 -0.165392 -0.081245
1825.3 0.0 -0.229828 -9.34634 0.102891 0.239282 10.008 0.0723875 -0.165239 -0.0803288
1825.32 0.0 -0.229828 -9.53786 0.104088 0.226122 10.0116 0.0719294 -0.164017 -0.0781907
1825.34 0.0383047 -0.153219 -9.30804 0.105284 0.18664 10.008 0.0714712 -0.164475 -0.0772744
1825.35 0.0 -0.114914 -9.92091 0.124427 0.165105 9.98524 0.071013 -0.164628 -0.0772744
1825.37 0.0383047 -0.191523 -9.42295 0.12323 0.148355 9.99482 0.0711658 -0.164475 -0.0765108
1825.39 0.0 -0.191523 -9.23143 0.145962 0.128016 10.0044 0.0675006 -0.164781 -0.0749837
1825.4 -0.114914 -0.344742 -9.38465 0.147159 0.105284 10.0128 0.0699441 -0.164323 -0.0755945
1825.42 -0.114914 -0.268133 -9.61448 0.168694 0.0993021 9.99123 0.0694859 -0.164017 -0.0751364
1825.44 -0.0383047 -0.306437 -9.53786 0.143569 0.0957129 10.0068 0.0691805 -0.165086 -0.0781907
1825.45 -0.114914 -0.268133 -9.42295 0.143569 0.0981057 9.99362 0.0714712 -0.16585 -0.0797179
1825.47 0.114914 -0.229828 -9.26973 0.12682 0.0981057 9.99721 0.0717766 -0.163865 -0.0789543
1825.49 -0.114914 -0.191523 -9.34634 0.124427 0.104088 9.99362 0.0740674 -0.165697 -0.0789543
1825.5 -0.114914 -0.383047 -9.61448 0.118445 0.113659 10.0092 0.0731511 -0.164017 -0.0794125
1825.52 -0.0383047 -0.191523 -9.34634 0.125623 0.106481 10.0068 0.0734565 -0.164781 -0.0789543
1825.54 0.0383047 -0.268133 -9.88261 0.12682 0.0921237 9.99721 0.0723875 -0.164628 -0.0783434
1825.55 0.114914 -0.421352 -9.46126 0.153141 0.0622134 9.99721 0.0729984 -0.165392 -0.0788016
1825.57 0.0 -0.153219 -9.38465 0.162712 0.0658026 9.99482 0.073762 -0.164323 -0.0781907
1825.59 0.0383047 -0.229828 -9.11651 0.180658 0.0334995 9.99841 0.073762 -0.165239 -0.0801761
1825.6 -0.114914 -0.306437 -9.34634 0.215354 0.0334995 9.98883 0.0731511 -0.16417 -0.0818559
1825.62 -0.0766094 -0.229828 -9.23143 0.20339 0.0287139 9.99242 0.0749837 -0.164475 -0.085063
1825.63 -0.268133 -0.229828 -9.53786 0.200997 0.0346959 9.99721 0.0765108 -0.163101 -0.0824668
1825.65 -0.0383047 -0.306437 -9.38465 0.197408 0.0777667 10.0092 0.0745255 -0.161116 -0.0842994
1825.67 0.0766094 -0.153219 -9.38465 0.15673 0.108873 10.0032 0.0757473 -0.161574 -0.0868956
1825.68 0.0 -0.229828 -9.42295 0.147159 0.113659 9.99482 0.0757473 -0.162185 -0.0885754
1825.7 -0.0383047 -0.229828 -9.46126 0.133998 0.141176 9.98883 0.0749837 -0.15852 -0.0859793
1825.72 0.0383047 -0.229828 -9.30804 0.122034 0.167498 9.98883 0.0788016 -0.164017 -0.086132
1825.73 -0.0383047 -0.268133 -9.38465 0.0993021 0.189033 9.99362 0.0759 -0.160963 -0.0836885
1825.75 -0.0766094 -0.268133 -9.15482 0.104088 0.191426 9.98883 0.0762054 -0.160963 -0.0835358
1825.77 -0.0766094 -0.114914 -9.34634 0.124427 0.193819 10.0008 0.0763581 -0.161879 -0.0818559
1825.78 0.114914 -0.229828 -9.69109 0.144766 0.189033 10.0044 0.0734565 -0.162948 -0.0824668
1825.8 0.0 -0.153219 -9.38465 0.150748 0.18664 9.99601 0.0774271 -0.162948 -0.0835358
1825.82 0.191523 -0.153219 -9.57617 0.161515 0.184247 9.98524 0.0740674 -0.160505 -0.0827722
1825.83 0.0766094 -0.229828 -9.42295 0.136391 0.181854 9.99601 0.0755945 -0.166308 -0.0852157
1825.85 0.153219 -0.229828 -9.46126 0.155533 0.191426 9.98405 0.0736092 -0.16081 -0.0820086
1825.87 -0.0383047 -0.191523 -9.38465 0.106481 0.199801 9.9996 0.0742201 -0.161268 -0.0833831
1825.88 0.114914 -0.153219 -9.03991 0.0765703 0.215354 10.0008 0.0752891 -0.163712 -0.0841467
1825.9 0.114914 -0.268133 -9.46126 0.0705882 0.221336 10.008 0.0720821 -0.162032 -0.0823141
1825.92 0.0383047 -0.153219 -9.46126 0.0753739 0.224925 9.98764 0.0725402 -0.163406 -0.079107
1825.93 0.153219 -0.153219 -9.30804 0.0646062 0.239282 9.99123 0.0740674 -0.166003 -0.0792598
1825.95 0.0 -0.153219 -9.38465 0.0969093 0.218943 9.98644 0.0720821 -0.165392 -0.0784962
1825.97 -0.0383047 -0.191523 -9.65278 0.108873 0.222532 10.0068 0.0729984 -0.167835 -0.076969
1825.98 0.0 -0.229828 -9.46126 0.12323 0.157926 10.0056 0.0728457 -0.168599 -0.0771217
1826.0 -0.0766094 -0.191523 -9.65278 0.145962 0.143569 10.0068 0.0726929 -0.169668 -0.0768163
1826.02 -0.153219 -0.306437 -9.46126 0.168694 0.125623 9.98764 0.0694859 -0.164475 -0.0736092
1826.03 -0.0383047 -0.306437 -9.26973 0.16989 0.108873 9.99601 0.0693332 -0.162796 -0.0759
1826.05 0.114914 -0.306437 -9.46126 0.167498 0.061017 9.99362 0.0719294 -0.16753 -0.0781907
1826.07 -0.0766094 -0.268133 -9.30804 0.17348 0.0693918 10.002 0.0708604 -0.164628 -0.0794125
1826.08 0.0383047 -0.268133 -9.49956 0.166301 0.0801595 10.0032 0.071624 -0.16417 -0.0797179
1826.1 -0.0766094 -0.153219 -9.38465 0.129212 0.0957129 10.0032 0.0699441 -0.160963 -0.0766636
1826.12 -0.0383047 -0.229828 -9.38465 0.118445 0.0969093 9.99362 0.0726929 -0.162796 -0.0810924
1826.13 0.0766094 -0.268133 -9.38465 0.131605 0.11007 10.0032 0.0725402 -0.161574 -0.0786489
1826.15 0.0 -0.229828 -9.42295 0.124427 0.119641 10.008 0.0742201 -0.164475 -0.0801761
1826.17 0.0383047 -0.306437 -9.23143 0.150748 0.119641 10.008 0.073762 -0.163559 -0.0792598
1826.18 -0.0766094 -0.268133 -9.30804 0.147159 0.114855 9.99482 0.0725402 -0.164475 -0.0788016
1826.2 -0.114914 -0.268133 -9.34634 0.175872 0.0849452 9.99601 0.0754418 -0.165697 -0.0807869
1826.22 0.0 -0.229828 -9.34634 0.196211 0.0658026 10.0032 0.0754418 -0.16585 -0.0823141
1826.23 -0.344742 -0.383047 -9.34634 0.21655 0.0514457 10.0068 0.0746782 -0.162643 -0.0806342
1826.25 -0.0766094 -0.344742 -9.38465 0.228514 0.040678 10.0164 0.0743728 -0.164934 -0.0815505
1826.27 -0.153219 -0.344742 -9.23143 0.204586 0.0442672 10.0056 0.0719294 -0.161116 -0.083994
1826.28 -0.229828 -0.268133 -9.42295 0.168694 0.0729811 10.0056 0.0763581 -0.163712 -0.0873537
1826.3 -0.0766094 -0.229828 -9.46126 0.160319 0.0825523 10.0092 0.0763581 -0.160352 -0.0881173
1826.32 0.0383047 -0.268133 -9.19312 0.119641 0.122034 9.99841 0.0784962 -0.162337 -0.0896445
1826.33 0.0766094 -0.268133 -9.46126 0.0849452 0.160319 10.0032 0.0772744 -0.162185 -0.0916298
1826.35 -0.0766094 -0.114914 -9.806 0.0837488 0.184247 10.0008 0.0775799 -0.163101 -0.0853684
1826.36 -0.0766094 -0.153219 -9.34634 0.087338 0.195015 9.99721 0.0752891 -0.162948 -0.0836885
1826.38 -0.0766094 -0.0766094 -9.38465 0.105284 0.21655 9.99841 0.0777326 -0.164781 -0.0833831
1826.4 -0.191523 -0.229828 -9.65278 0.129212 0.215354 9.99362 0.0754418 -0.163254 -0.0864374
1826.41 0.0383047 -0.191523 -9.46126 0.153141 0.198604 9.98764 0.0778853 -0.164934 -0.086132
1826.43 0.0 -0.191523 -9.03991 0.157926 0.167498 9.99601 0.0749837 -0.164017 -0.0804815
1826.45 -0.0766094 -0.191523 -9.38465 0.142373 0.162712 9.99601 0.0740674 -0.164323 -0.0807869
1826.46 0.114914 -0.114914 -9.69109 0.129212 0.160319 10.0056 0.0729984 -0.160505 -0.0797179
1826.48 0.0766094 -0.191523 -9.53786 0.117248 0.160319 10.0008 0.0713185 -0.160505 -0.0821613
1826.5 -0.0383047 -0.229828 -9.38465 0.0801595 0.179462 9.99362 0.0722348 -0.158825 -0.0797179
1826.51 -0.114914 -0.153219 -9.38465 0.0646062 0.189033 10.0044 0.0746782 -0.162337 -0.0830777
1826.53 -0.0766094 -0.191523 -9.38465 0.0514457 0.226122 9.99362 0.073762 -0.163559 -0.0817032
1826.55 0.229828 -0.0383047 -9.15482 0.0538385 0.251246 10.0128 0.0726929 -0.164475 -0.0795652
1826.56 0.114914 -0.191523 -9.42295 0.0741775 0.242871 9.9996 0.0736092 -0.167682 -0.079107
1826.58 -0.0383047 -0.191523 -9.34634 0.106481 0.236889 10.0116 0.0733038 -0.166308 -0.0757473
1826.6 -0.268133 -0.153219 -9.42295 0.137587 0.230907 9.9996 0.0722348 -0.16753 -0.0774271
1826.61 -0.0383047 -0.191523 -9.42295 0.157926 0.185444 10.008 0.0708604 -0.167835 -0.0749837
1826.63 -0.0766094 -0.153219 -9.46126 0.178265 0.160319 9.99841 0.0690278 -0.163712 -0.0739146
1826.65 -0.268133 -0.191523 -9.53786 0.197408 0.0993021 9.99482 0.0681114 -0.162032 -0.0742201
1826.66 -0.0766094 -0.306437 -9.30804 0.196211 0.0741775 9.99362 0.0705549 -0.165239 -0.0749837
1826.68 -0.0766094 -0.191523 -9.07821 0.193819 0.0562313 10.0056 0.0704022 -0.16417 -0.0768163
1826.69 -0.0383047 -0.268133 -9.38465 0.159123 0.0538385 10.0068 0.0691805 -0.162948 -0.076969
1826.71 -0.0383047 -0.306437 -9.23143 0.155533 0.0442672 10.0092 0.0726929 -0.165697 -0.0817032
1826.73 -0.114914 -0.268133 -9.46126 0.12682 0.0681954 9.99721 0.0713185 -0.163712 -0.0794125
1826.74 0.0 -0.229828 -9.38465 0.122034 0.0849452 9.99003 0.0714712 -0.16417 -0.0774271
1826.76 -0.114914 -0.268133 -9.15482 0.130409 0.112463 9.9996 0.0731511 -0.166308 -0.0803288
1826.78 -0.0766094 -0.268133 -9.34634 0.162712 0.104088 9.99123 0.0729984 -0.165544 -0.0809396
1826.79 0.114914 -0.153219 -9.38465 0.168694 0.111266 10.0068 0.0736092 -0.163559 -0.0810924
1826.81 0.0 -0.306437 -9.38465 0.191426 0.112463 10.0056 0.0719294 -0.163559 -0.0801761
1826.83 -0.0383047 -0.268133 -9.30804 0.202193 0.0765703 9.99242 0.0759 -0.164628 -0.0803288
1826.84 0.0383047 -0.306437 -9.49956 0.211765 0.061017 9.99242 0.0759 -0.164323 -0.0818559
1826.86 -0.114914 -0.229828 -9.38465 0.179462 0.026321 10.0056 0.0746782 -0.161421 -0.0820086
1826.88 0.0383047 -0.268133 -9.42295 0.168694 0.0239282 9.99721 0.0760527 -0.162643 -0.0838412
1826.89 0.0766094 -0.229828 -9.34634 0.148355 0.0299103 9.99003 0.0760527 -0.162337 -0.0832304
1826.91 0.0383047 -0.344742 -9.26973 0.11007 0.0502493 9.99482 0.0755945 -0.160963 -0.0859793
1826.93 0.191523 -0.306437 -9.30804 0.0909272 0.0885344 9.99721 0.0783434 -0.164017 -0.0902553
1826.94 0.0766094 -0.268133 -9.42295 0.0825523 0.124427 10.0008 0.0777326 -0.163254 -0.08827
1826.96 0.0 -0.0766094 -9.38465 0.087338 0.172283 10.0056 0.0783434 -0.163406 -0.089339
1826.98 -0.0766094 -0.153219 -9.53786 0.0957129 0.214158 9.99721 0.0784962 -0.165392 -0.0873537
1826.99 0.153219 -0.191523 -9.53786 0.106481 0.234497 9.99601 0.0781907 -0.164934 -0.0865901
1827.01 0.0383047 -0.191523 -9.42295 0.137587 0.244068 9.99362 0.0742201 -0.160963 -0.0847575
1827.02 -0.153219 -0.268133 -9.30804 0.159123 0.22014 9.98883 0.073762 -0.163254 -0.0829249
1827.04 -0.0383047 -0.153219 -9.42295 0.16989 0.206979 10.0104 0.0757473 -0.164475 -0.0818559
1827.06 0.0 -0.229828 -9.11651 0.155533 0.192622 9.98644 0.0752891 -0.164628 -0.0815505
1827.07 -0.0766094 -0.191523 -9.30804 0.136391 0.171087 9.99362 0.0739146 -0.16249 -0.0810924
1827.09 0.0 -0.229828 -9.19312 0.114855 0.137587 9.99003 0.0726929 -0.162185 -0.0806342
1827.11 -0.153219 -0.191523 -9.53786 0.0957129 0.159123 9.9996 0.073762 -0.165086 -0.0815505
1827.12 -0.0383047 -0.153219 -9.0016 0.0921237 0.183051 9.99362 0.0723875 -0.163712 -0.0821613
1827.14 -0.0383047 -0.153219 -9.26973 0.0921237 0.209372 9.99482 0.0723875 -0.163712 -0.0824668
1827.16 -0.0383047 -0.229828 -9.42295 0.0861416 0.224925 10.0044 0.0720821 -0.164475 -0.0809396
1827.17 -0.229828 -0.0383047 -9.19312 0.116052 0.246461 9.99721 0.0739146 -0.165544 -0.0803288
1827.19 0.0 -0.114914 -9.38465 0.128016 0.267996 9.99362 0.0726929 -0.166919 -0.0778853
1827.21 -0.0383047 -0.268133 -9.46126 0.138784 0.260818 9.99721 0.0711658 -0.163101 -0.0768163
1827.22 -0.114914 -0.229828 -9.30804 0.159123 0.217747 9.99482 0.0720821 -0.166003 -0.0766636
1827.24 0.0 -0.306437 -9.49956 0.181854 0.171087 9.99601 0.0682642 -0.163712 -0.0728457
1827.26 -0.0766094 -0.191523 -9.42295 0.166301 0.107677 9.99841 0.0713185 -0.164323 -0.0760527
1827.27 -0.0383047 -0.344742 -9.42295 0.155533 0.0777667 9.99601 0.0694859 -0.163712 -0.0745255
1827.29 0.114914 -0.344742 -9.57617 0.157926 0.0358923 10.0104 0.0711658 -0.166461 -0.0778853
1827.31 -0.0766094 -0.268133 -9.38465 0.151944 0.00717846 10.014 0.0711658 -0.164017 -0.078038
1827.32 -0.153219 -0.268133 -9.34634 0.130409 0.0167498 10.008 0.0729984 -0.163712 -0.0800233
1827.34 -0.114914 -0.268133 -9.26973 0.141176 0.0382852 10.0092 0.0714712 -0.163865 -0.0803288
1827.36 0.0 -0.229828 -9.15482 0.13998 0.0705882 9.99721 0.0731511 -0.16417 -0.0835358
1827.37 -0.114914 -0.229828 -9.38465 0.13998 0.0909272 10.0211 0.0745255 -0.164475 -0.0833831
1827.39 -0.114914 -0.114914 -9.38465 0.13998 0.116052 10.0044 0.0729984 -0.162643 -0.0801761
1827.41 -0.153219 -0.268133 -9.49956 0.162712 0.154337 10.0068 0.0754418 -0.165392 -0.0801761
1827.42 -0.114914 -0.191523 -9.42295 0.153141 0.141176 10.0092 0.073762 -0.162796 -0.0801761
1827.44 -0.344742 -0.383047 -9.26973 0.159123 0.142373 9.99482 0.0736092 -0.165239 -0.0813978
1827.46 -0.0383047 -0.114914 -9.42295 0.15673 0.106481 10.008 0.0759 -0.165392 -0.0818559
1827.47 -0.114914 -0.229828 -9.76769 0.159123 0.0741775 10.0056 0.0736092 -0.16249 -0.0800233
1827.49 0.0383047 -0.229828 -9.42295 0.149551 0.0502493 9.99362 0.0723875 -0.161268 -0.0823141
1827.51 -0.0766094 -0.268133 -9.42295 0.145962 0.0418744 9.99721 0.0731511 -0.162796 -0.0835358
1827.52 -0.153219 -0.268133 -9.42295 0.149551 0.0490528 10.0032 0.0765108 -0.165086 -0.0881173
1827.54 -0.0383047 -0.191523 -9.11651 0.157926 0.0693918 10.008 0.0775799 -0.162643 -0.0870483
1827.56 -0.0766094 -0.153219 -9.19312 0.137587 0.107677 9.9996 0.0775799 -0.162337 -0.087201
1827.57 -0.0383047 -0.191523 -9.38465 0.149551 0.160319 10.0092 0.0759 -0.162032 -0.0855211
1827.59 0.0 -0.153219 -8.84838 0.157926 0.209372 9.99601 0.0768163 -0.161879 -0.0873537
1827.61 -0.0383047 -0.114914 -9.23143 0.161515 0.222532 9.99482 0.0736092 -0.16081 -0.0835358
1827.62 0.153219 -0.114914 -9.38465 0.15673 0.239282 9.99482 0.0742201 -0.16417 -0.0846048
1827.64 0.0766094 -0.153219 -9.49956 0.149551 0.230907 10.002 0.0728457 -0.160963 -0.0826195
1827.66 0.0766094 -0.153219 -9.34634 0.147159 0.22014 10.0092 0.074831 -0.162796 -0.0838412
1827.67 0.114914 -0.153219 -9.38465 0.118445 0.204586 10.0092 0.0742201 -0.164781 -0.0826195
1827.69 -0.0383047 -0.268133 -9.38465 0.102891 0.167498 9.99841 0.0729984 -0.162948 -0.0786489
1827.71 0.0766094 -0.268133 -9.19312 0.117248 0.136391 9.99482 0.0728457 -0.162337 -0.0809396
1827.72 -0.114914 -0.268133 -9.30804 0.0849452 0.131605 10.014 0.0719294 -0.160199 -0.0801761
1827.74 -0.0383047 -0.191523 -9.0016 0.0921237 0.136391 9.99003 0.0723875 -0.164628 -0.0800233
1827.76 -0.114914 -0.153219 -9.46126 0.0813559 0.175872 10.002 0.0736092 -0.164017 -0.0807869
1827.77 0.0 -0.153219 -9.76769 0.107677 0.189033 10.0008 0.0751364 -0.164475 -0.081245
1827.79 0.0383047 -0.153219 -9.19312 0.108873 0.228514 10.0092 0.0740674 -0.163101 -0.081245
1827.81 0.0 -0.114914 -9.42295 0.118445 0.246461 9.99721 0.0708604 -0.163559 -0.0797179
1827.82 -0.0766094 -0.191523 -9.38465 0.117248 0.257228 10.0044 0.0693332 -0.16249 -0.0781907
1827.84 0.0383047 -0.114914 -9.46126 0.113659 0.232104 9.99601 0.0700968 -0.165544 -0.0775799
1827.86 0.0 -0.153219 -9.26973 0.100499 0.20339 9.99601 0.0704022 -0.166919 -0.078038
1827.87 -0.153219 -0.0766094 -9.46126 0.11007 0.161515 9.99242 0.068875 -0.164323 -0.0740674
1827.89 0.153219 -0.268133 -9.42295 0.111266 0.09332 9.99601 0.0699441 -0.166003 -0.0740674
1827.9 -0.0766094 -0.229828 -9.42295 0.114855 0.0454636 10.002 0.0691805 -0.165392 -0.0746782
1827.92 0.0 -0.306437 -9.34634 0.133998 0.0275174 10.0032 0.0711658 -0.164934 -0.074831
1827.94 -0.0383047 -0.344742 -9.42295 0.155533 0.00358923 10.0008 0.0736092 -0.166766 -0.0781907
1827.95 -0.0383047 -0.306437 -9.34634 0.178265 0.0191426 10.0044 0.0729984 -0.166155 -0.0795652
1827.97 -0.153219 -0.229828 -9.53786 0.205783 0.0478564 10.014 0.071624 -0.166155 -0.081245
1827.99 -0.114914 -0.306437 -9.34634 0.209372 0.0598205 10.0104 0.0719294 -0.164781 -0.0818559
1828.0 -0.191523 -0.344742 -9.57617 0.226122 0.0957129 9.99721 0.0754418 -0.166461 -0.0823141
1828.02 -0.0766094 -0.268133 -9.42295 0.18664 0.124427 9.9996 0.0746782 -0.164475 -0.0832304
1828.04 -0.229828 -0.306437 -9.30804 0.177069 0.124427 10.0008 0.0729984 -0.162948 -0.0847575
1828.05 -0.0383047 -0.229828 -9.38465 0.165105 0.117248 10.002 0.0742201 -0.163865 -0.0829249
1828.07 -0.153219 -0.229828 -9.34634 0.128016 0.114855 10.0008 0.074831 -0.163254 -0.0806342
1828.09 -0.229828 -0.306437 -9.26973 0.132802 0.0825523 9.98883 0.0745255 -0.162948 -0.0823141
1828.1 -0.0766094 -0.114914 -9.34634 0.12682 0.0646062 9.9996 0.0743728 -0.163101 -0.081245
1828.12 0.0 -0.229828 -9.806 0.122034 0.0490528 10.0056 0.0768163 -0.16417 -0.0836885
1828.14 0.0383047 -0.306437 -9.26973 0.142373 0.0526421 9.99362 0.0775799 -0.165544 -0.0865901
1828.15 -0.0383047 -0.229828 -9.38465 0.165105 0.0658026 9.99601 0.0765108 -0.163254 -0.0856738
1828.17 -0.0766094 -0.114914 -9.34634 0.178265 0.0945165 9.99123 0.0760527 -0.162643 -0.0852157
1828.19 -0.114914 -0.268133 -9.30804 0.178265 0.147159 9.98524 0.0765108 -0.163406 -0.0867428
1828.2 -0.0383047 -0.153219 -9.42295 0.151944 0.16989 10.0104 0.0771217 -0.161726 -0.0888809
1828.22 0.0 -0.153219 -9.0016 0.130409 0.217747 9.9996 0.0774271 -0.162185 -0.089339
1828.24 0.0 -0.114914 -9.49956 0.108873 0.239282 9.99362 0.0771217 -0.163406 -0.0875064
1828.25 0.0766094 -0.191523 -9.57617 0.0801595 0.238086 9.99721 0.073762 -0.16249 -0.0827722
1828.27 0.229828 -0.114914 -9.46126 0.0634098 0.242871 10.002 0.0726929 -0.158672 -0.081245
1828.29 0.114914 -0.153219 -9.42295 0.066999 0.236889 10.002 0.0729984 -0.161879 -0.0800233
1828.3 0.153219 -0.268133 -9.42295 0.066999 0.215354 9.99482 0.0728457 -0.163254 -0.0803288
1828.32 0.0383047 -0.191523 -9.34634 0.0861416 0.193819 10.0104 0.0725402 -0.164781 -0.079107
1828.34 -0.0383047 -0.191523 -9.26973 0.0909272 0.180658 10.0092 0.0720821 -0.164628 -0.0804815
1828.35 0.0383047 -0.114914 -9.34634 0.129212 0.167498 9.99123 0.0717766 -0.164017 -0.0771217
1828.37 0.191523 -0.191523 -9.23143 0.147159 0.178265 9.99841 0.0734565 -0.164781 -0.0810924
1828.39 0.0 -0.114914 -9.46126 0.145962 0.177069 10.0008 0.0720821 -0.16417 -0.0806342
1828.4 -0.0383047 -0.114914 -9.38465 0.160319 0.199801 9.99362 0.0720821 -0.164628 -0.0792598
1828.42 0.0 -0.229828 -9.34634 0.132802 0.209372 10.0008 0.0717766 -0.16417 -0.0792598
1828.44 -0.0383047 -0.0766094 -9.49956 0.135194 0.211765 10.0068 0.0731511 -0.165086 -0.0781907
1828.45 -0.153219 -0.153219 -9.38465 0.108873 0.204586 9.99601 0.0702495 -0.16417 -0.078038
1828.47 0.0383047 -0.191523 -9.46126 0.0981057 0.184247 9.99721 0.0705549 -0.164323 -0.0798706
1828.49 0.191523 -0.153219 -9.61448 0.0993021 0.167498 10.0068 0.071013 -0.166308 -0.0768163
1828.5 0.0 -0.229828 -9.42295 0.105284 0.136391 10.0044 0.0743728 -0.16753 -0.0760527
1828.52 -0.0766094 -0.268133 -9.15482 0.12682 0.106481 10.0044 0.0714712 -0.163406 -0.0717766
1828.54 -0.0383047 -0.268133 -9.46126 0.159123 0.0658026 10.002 0.0699441 -0.164781 -0.0749837
1828.55 0.191523 -0.344742 -9.806 0.18664 0.04666 10.014 0.0679587 -0.163559 -0.0768163
1828.57 0.0 -0.229828 -9.34634 0.206979 0.0179462 9.99721 0.071013 -0.163712 -0.0745255
1828.59 0.0383047 -0.306437 -9.61448 0.226122 0.0239282 9.99362 0.0714712 -0.163712 -0.0766636
1828.6 -0.0383047 -0.268133 -9.34634 0.221336 0.0323031 10.0044 0.0739146 -0.164781 -0.0807869
1828.62 0.0383047 -0.344742 -9.42295 0.200997 0.0454636 10.0056 0.0731511 -0.165086 -0.0849102
1828.64 0.0383047 -0.306437 -9.30804 0.172283 0.0646062 9.99482 0.0734565 -0.161268 -0.0829249
1828.65 0.0 -0.268133 -9.42295 0.150748 0.0741775 9.99841 0.0752891 -0.162337 -0.0818559
1828.67 0.0383047 -0.268133 -9.26973 0.124427 0.107677 9.99242 0.0778853 -0.165392 -0.0859793
1828.69 0.114914 -0.306437 -9.38465 0.101695 0.117248 9.9996 0.0746782 -0.162796 -0.085063
1828.7 0.0 -0.229828 -9.34634 0.0921237 0.105284 9.99841 0.0752891 -0.164781 -0.0847575
1828.72 0.0 -0.153219 -9.30804 0.118445 0.0957129 10.0116 0.076969 -0.163559 -0.0846048
1828.73 -0.0766094 -0.229828 -9.30804 0.132802 0.0957129 10.008 0.0768163 -0.166003 -0.0844521
1828.75 -0.0766094 -0.306437 -9.46126 0.153141 0.0825523 10.0092 0.074831 -0.163712 -0.0838412
1828.77 -0.0766094 -0.191523 -9.34634 0.166301 0.0765703 10.0068 0.0771217 -0.164781 -0.0867428
1828.78 0.0 -0.306437 -9.38465 0.198604 0.0765703 10.0044 0.0772744 -0.163712 -0.0849102
1828.8 -0.0383047 -0.229828 -9.53786 0.187837 0.116052 9.99123 0.078038 -0.163406 -0.0844521
1828.82 0.0 -0.191523 -9.38465 0.190229 0.136391 9.99721 0.0783434 -0.164781 -0.0875064
