1706.98 0.0 -0.344742 -9.57617 0.131605 -0.0993021 10.0845 0.0775799 -0.1799 -0.0810924
1707.0 -0.0383047 -0.306437 -9.19312 0.0311067 -0.20339 10.0463 0.0786489 -0.178525 -0.0792598
1707.01 0.0766094 -0.57457 -9.34634 -0.00598205 -0.247657 10.0534 0.0810924 -0.181274 -0.079107
1707.03 0.0766094 -0.497961 -9.69109 0.0586241 -0.22014 10.0211 0.0823141 -0.182496 -0.0800233
1707.05 -0.153219 -0.383047 -9.46126 0.248853 -0.0849452 10.0606 0.0807869 -0.181274 -0.0809396
1707.06 -0.153219 -0.459656 -9.30804 0.275174 -0.101695 10.0032 0.0789543 -0.179594 -0.079107
1707.08 -0.153219 -0.344742 -9.38465 0.229711 -0.137587 9.95533 0.0794125 -0.178067 -0.0821613
1707.1 -0.191523 -0.459656 -8.96329 0.331406 -0.0777667 9.92423 0.0826195 -0.181274 -0.0844521
1707.11 -0.344742 -0.383047 -9.38465 0.569491 0.0454636 10.0008 0.0823141 -0.179136 -0.0784962
1707.13 -0.191523 -0.306437 -9.38465 0.549153 0.104088 9.94218 0.0792598 -0.176387 -0.0774271
1707.15 -0.229828 -0.268133 -9.30804 0.478564 0.0323031 9.90509 0.0771217 -0.173791 -0.0798706
1707.16 -0.229828 -0.306437 -8.73347 0.410369 -0.0586241 9.89193 0.0765108 -0.173944 -0.0856738
1707.18 -0.191523 -0.268133 -9.34634 0.364905 -0.0574277 10.0211 0.0786489 -0.177304 -0.0795652
1707.2 -0.306437 -0.344742 -9.49956 0.421137 -0.0299103 10.0499 0.0786489 -0.173944 -0.0762054
1707.21 -0.229828 -0.459656 -9.46126 0.282353 -0.0957129 10.0463 0.0749837 -0.167072 -0.0800233
1707.23 0.0 -0.57457 -9.38465 0.0346959 -0.22014 10.002 0.0742201 -0.168599 -0.0896445
1707.25 0.0766094 -0.421352 -9.15482 0.0299103 -0.244068 10.0223 0.0759 -0.169362 -0.0876591
1707.26 -0.0766094 -0.459656 -9.42295 0.168694 -0.200997 10.0642 0.0774271 -0.171042 -0.0765108
1707.28 -0.0383047 -0.383047 -9.38465 0.235693 -0.0801595 10.0367 0.0800233 -0.172569 -0.0804815
1707.3 0.0 -0.383047 -9.30804 0.242871 -0.0478564 10.0905 0.0798706 -0.174249 -0.0902553
1707.31 -0.268133 -0.306437 -9.46126 0.351745 0.0227318 10.008 0.081245 -0.175166 -0.0908662
1707.33 -0.114914 -0.306437 -9.30804 0.484546 0.00717846 9.99482 0.0783434 -0.168904 -0.0806342
1707.35 -0.268133 -0.268133 -9.42295 0.470189 0.0634098 10.0008 0.0783434 -0.168293 -0.0786489
1707.36 -0.153219 -0.191523 -8.73347 0.409173 0.129212 9.95294 0.0762054 -0.16417 -0.0797179
1707.38 -0.229828 -0.306437 -9.26973 0.355334 0.0478564 9.94337 0.0746782 -0.166308 -0.0875064
1707.4 -0.0766094 -0.344742 -9.26973 0.208175 -0.0981057 9.90269 0.0739146 -0.164781 -0.0830777
1707.41 -0.114914 -0.421352 -9.23143 0.172283 -0.128016 9.95174 0.071013 -0.163406 -0.0759
1707.43 -0.268133 -0.344742 -9.23143 0.175872 -0.0741775 9.96969 0.0783434 -0.168599 -0.0809396
1707.45 -0.153219 -0.421352 -9.46126 0.166301 -0.0574277 10.0092 0.0755945 -0.168904 -0.083994
1707.46 0.0 -0.383047 -9.38465 0.171087 -0.0945165 10.0582 0.0749837 -0.168599 -0.0846048
1707.48 -0.153219 -0.421352 -9.65278 0.236889 -0.130409 10.0654 0.0794125 -0.172569 -0.0827722
1707.49 -0.0383047 -0.383047 -9.42295 0.161515 -0.0753739 10.0642 0.0760527 -0.167988 -0.0809396
1707.51 0.0766094 -0.344742 -9.34634 0.0969093 -0.0813559 10.0582 0.0760527 -0.166919 -0.0818559
1707.53 -0.191523 -0.383047 -9.30804 0.0658026 -0.0646062 9.99482 0.0800233 -0.173333 -0.0870483
1707.54 0.0383047 -0.421352 -9.38465 0.168694 -0.09332 9.99482 0.0766636 -0.173944 -0.0841467
1707.56 0.0 -0.497961 -8.92499 0.174676 -0.0394815 10.0056 0.0777326 -0.173486 -0.0795652
1707.58 -0.153219 -0.306437 -9.38465 0.2668 -0.00478564 10.0319 0.0745255 -0.171348 -0.0765108
1707.59 -0.229828 -0.383047 -8.96329 0.392423 0.0646062 10.0451 0.0775799 -0.173791 -0.0803288
1707.61 -0.0383047 -0.459656 -9.46126 0.293121 -0.0526421 9.99482 0.0734565 -0.167835 -0.0784962
1707.63 0.0 -0.344742 -9.38465 0.25005 -0.130409 9.9996 0.0685696 -0.163101 -0.0775799
1707.64 0.0766094 -0.459656 -9.34634 0.143569 -0.175872 10.0008 0.0739146 -0.166919 -0.0783434
1707.66 0.153219 -0.536266 -9.34634 0.0837488 -0.159123 9.92184 0.0733038 -0.167224 -0.0740674
1707.68 0.114914 -0.612875 -9.46126 0.0490528 -0.21655 9.94457 0.0736092 -0.168293 -0.0813978
1707.69 0.153219 -0.459656 -9.34634 0.0693918 -0.226122 10.008 0.0759 -0.171195 -0.0820086
1707.71 -0.191523 -0.497961 -9.26973 0.210568 -0.135194 10.014 0.0784962 -0.173333 -0.0841467
1707.72 -0.114914 -0.421352 -9.26973 0.275174 -0.0789631 10.0606 0.0777326 -0.171959 -0.0783434
1707.74 -0.114914 -0.344742 -9.34634 0.192622 -0.0993021 10.0546 0.0760527 -0.170584 -0.076969
1707.75 0.0 -0.344742 -9.38465 0.197408 -0.101695 10.0618 0.0749837 -0.1715 -0.0864374
1707.77 -0.153219 -0.497961 -9.46126 0.227318 -0.112463 10.0355 0.0749837 -0.170737 -0.0859793
1707.79 0.0383047 -0.383047 -9.38465 0.114855 -0.119641 10.057 0.0768163 -0.169668 -0.0795652
1707.8 -0.0766094 -0.383047 -9.34634 0.0765703 -0.144766 10.1025 0.0743728 -0.167377 -0.0757473
1707.82 0.191523 -0.383047 -9.30804 0.0526421 -0.202193 9.96849 0.0755945 -0.170584 -0.0788016
1707.83 0.0766094 -0.421352 -9.46126 0.0514457 -0.221336 10.0008 0.0771217 -0.172264 -0.0864374
1707.85 0.0383047 -0.421352 -9.46126 -0.020339 -0.221336 9.94935 0.0789543 -0.173333 -0.0836885
1709.9 -0.229828 -0.268133 -9.34634 0.495314 0.0897308 9.99362 0.0725402 -0.160963 -0.0803288
1709.92 -0.114914 -0.153219 -9.03991 0.399601 0.0681954 9.99362 0.0711658 -0.161574 -0.0778853
1709.93 -0.268133 -0.268133 -9.46126 0.36012 0.040678 10.0199 0.0700968 -0.161421 -0.0807869
1709.95 -0.153219 -0.383047 -9.38465 0.291924 -0.0143569 10.008 0.0687223 -0.160352 -0.0803288
1709.96 -0.114914 -0.344742 -9.42295 0.257228 -0.0394815 10.0116 0.0705549 -0.162796 -0.081245
1709.98 -0.114914 -0.268133 -9.49956 0.269192 -0.0717846 9.9996 0.0720821 -0.162796 -0.0781907
1710.0 -0.0766094 -0.229828 -9.03991 0.342173 -0.0478564 10.0247 0.0707076 -0.161421 -0.0772744
1710.01 -0.229828 -0.191523 -9.34634 0.363709 -0.00717846 9.99841 0.0693332 -0.161726 -0.0783434
1710.03 -0.191523 -0.344742 -9.72939 0.387637 -0.0167498 9.99123 0.0668897 -0.162032 -0.0795652
1710.05 -0.153219 -0.421352 -9.42295 0.424726 -0.0179462 10.0032 0.0713185 -0.16249 -0.079107
1710.06 -0.268133 -0.344742 -9.38465 0.40678 -0.0107677 10.002 0.0720821 -0.161574 -0.0788016
1710.08 -0.0766094 -0.344742 -9.34634 0.37328 -0.0346959 10.0044 0.0690278 -0.159436 -0.0804815
1710.1 -0.0383047 -0.344742 -9.34634 0.275174 -0.0490528 10.0092 0.0700968 -0.16081 -0.0824668
1710.11 -0.153219 -0.344742 -9.806 0.198604 -0.106481 10.0152 0.0705549 -0.158978 -0.0786489
1710.13 -0.0766094 -0.421352 -9.42295 0.114855 -0.136391 10.008 0.0700968 -0.160658 -0.0792598
1710.15 0.0383047 -0.459656 -9.11651 0.0981057 -0.15673 10.0223 0.0702495 -0.160352 -0.0772744
1710.16 -0.0766094 -0.497961 -9.19312 0.102891 -0.159123 10.0116 0.0751364 -0.166155 -0.0794125
1710.18 -0.0766094 -0.57457 -9.42295 0.184247 -0.155533 10.0175 0.0759 -0.169057 -0.0806342
1710.19 -0.0766094 -0.497961 -9.53786 0.214158 -0.155533 10.0152 0.0755945 -0.169668 -0.0815505
1710.21 -0.268133 -0.459656 -9.46126 0.297906 -0.112463 9.99003 0.0760527 -0.169362 -0.0803288
1710.23 -0.383047 -0.306437 -9.46126 0.403191 -0.0574277 10.008 0.0765108 -0.16982 -0.0800233
1710.24 -0.306437 -0.421352 -9.38465 0.451047 -0.0275174 9.99362 0.0772744 -0.168599 -0.081245
1710.26 -0.306437 -0.306437 -9.46126 0.479761 -0.0215354 9.9996 0.0752891 -0.166155 -0.0809396
1710.28 -0.191523 -0.344742 -9.61448 0.467797 0.00837488 10.0104 0.0740674 -0.163712 -0.0832304
1710.29 -0.191523 -0.268133 -9.26973 0.452243 0.0119641 10.0044 0.0763581 -0.165697 -0.0835358
1710.31 -0.153219 -0.421352 -9.19312 0.405583 -0.0167498 10.0104 0.0762054 -0.16585 -0.0824668
1710.33 -0.153219 -0.383047 -9.38465 0.354138 -0.0394815 9.99841 0.0765108 -0.163254 -0.0855211
1710.34 -0.191523 -0.306437 -9.38465 0.312263 -0.0334995 10.008 0.0760527 -0.164934 -0.085063
1710.36 -0.229828 -0.383047 -9.42295 0.327816 -0.0299103 9.9996 0.0749837 -0.165392 -0.0847575
1710.38 -0.191523 -0.229828 -9.806 0.35653 -0.0239282 9.9996 0.0751364 -0.165544 -0.0807869
1710.39 -0.0383047 -0.306437 -9.42295 0.394816 0.00239282 9.99841 0.0766636 -0.166461 -0.0846048
1710.41 -0.268133 -0.268133 -9.38465 0.441475 0.0155533 9.99242 0.074831 -0.164628 -0.083994
1710.43 -0.306437 -0.229828 -8.88668 0.503689 0.0478564 10.0152 0.0745255 -0.161421 -0.0821613
1710.44 -0.306437 -0.229828 -9.38465 0.504885 0.0490528 9.99721 0.0759 -0.162337 -0.0832304
1710.46 -0.344742 -0.229828 -9.76769 0.504885 0.0550349 9.99362 0.0743728 -0.160505 -0.0849102
1710.48 -0.229828 -0.229828 -9.30804 0.446261 0.0526421 9.99841 0.073762 -0.16081 -0.0855211
1710.49 -0.153219 -0.229828 -9.42295 0.368495 0.0215354 10.008 0.0711658 -0.157145 -0.0807869
1710.51 -0.344742 -0.229828 -9.65278 0.257228 -0.00837488 10.0068 0.073762 -0.159589 -0.0813978
1710.53 -0.114914 -0.344742 -9.34634 0.21655 -0.0215354 9.99003 0.0720821 -0.158367 -0.0823141
1710.54 -0.0766094 -0.421352 -9.19312 0.151944 -0.0442672 10.002 0.0742201 -0.162185 -0.0849102
1710.56 -0.191523 -0.306437 -9.38465 0.132802 -0.0717846 9.99242 0.074831 -0.163865 -0.0813978
1710.58 -0.0383047 -0.383047 -9.34634 0.130409 -0.0705882 10.0044 0.0746782 -0.165392 -0.0813978
1710.59 0.0383047 -0.344742 -9.34634 0.179462 -0.0574277 9.99482 0.0752891 -0.165697 -0.0804815
1710.61 -0.0766094 -0.344742 -9.34634 0.251246 -0.0490528 10.0187 0.0731511 -0.164323 -0.0794125
1710.63 -0.229828 -0.268133 -9.15482 0.27996 -0.0323031 10.0008 0.0742201 -0.167835 -0.0803288
1710.64 -0.153219 -0.421352 -9.38465 0.330209 -0.040678 10.0104 0.0751364 -0.168293 -0.0807869
1710.66 -0.191523 -0.344742 -9.8443 0.346959 -0.0227318 9.98764 0.0746782 -0.167224 -0.0815505
1710.68 -0.0383047 -0.268133 -9.61448 0.342173 -0.020339 9.99482 0.0714712 -0.162643 -0.0800233
1710.69 -0.191523 -0.344742 -9.30804 0.315852 -0.0346959 9.99482 0.0723875 -0.164475 -0.0797179
1710.71 -0.229828 -0.383047 -9.15482 0.284746 -0.0777667 10.014 0.0729984 -0.164628 -0.0788016
1710.73 -0.0383047 -0.497961 -9.42295 0.25005 -0.0729811 9.99601 0.073762 -0.166919 -0.0797179
1710.74 -0.153219 -0.383047 -9.26973 0.230907 -0.0825523 9.98764 0.0711658 -0.162185 -0.0777326
1710.76 -0.114914 -0.344742 -9.38465 0.254835 -0.0801595 10.0032 0.0743728 -0.166766 -0.0813978
1710.77 -0.153219 -0.497961 -9.49956 0.331406 -0.0693918 9.9996 0.0739146 -0.167988 -0.0803288
1710.79 -0.153219 -0.344742 -9.30804 0.36012 -0.0586241 10.0056 0.0742201 -0.169362 -0.0788016
1710.81 -0.191523 -0.344742 -9.61448 0.430708 -0.0275174 9.98524 0.0722348 -0.165392 -0.0775799
1710.82 -0.344742 -0.383047 -9.46126 0.509671 0.00358923 9.99841 0.0752891 -0.167682 -0.0794125
1710.84 -0.383047 -0.229828 -9.42295 0.555135 0.0131605 9.98166 0.0746782 -0.166003 -0.0804815
1710.86 -0.114914 -0.153219 -9.46126 0.547956 0.0107677 9.99123 0.0742201 -0.163712 -0.0810924
1710.87 -0.268133 -0.344742 -9.38465 0.541974 0.00837488 9.99362 0.0740674 -0.163101 -0.0817032
1710.89 -0.497961 -0.344742 -9.34634 0.471386 0.00239282 9.98285 0.071013 -0.161268 -0.081245
1710.91 -0.229828 -0.229828 -9.57617 0.434297 -0.0227318 9.97328 0.0746782 -0.162337 -0.0835358
1710.92 -0.153219 -0.344742 -9.38465 0.358923 -0.0442672 9.99721 0.0745255 -0.163254 -0.0847575
1710.94 -0.153219 -0.306437 -9.26973 0.300299 -0.0646062 9.99362 0.073762 -0.160352 -0.0842994
1710.96 -0.229828 -0.344742 -9.42295 0.295514 -0.0646062 10.0056 0.073762 -0.161726 -0.0833831
1710.97 -0.153219 -0.268133 -9.34634 0.283549 -0.0562313 10.0008 0.0772744 -0.163712 -0.085063
1710.99 -0.191523 -0.306437 -9.49956 0.306281 -0.0478564 10.0008 0.0733038 -0.161268 -0.0838412
1711.01 -0.114914 -0.306437 -9.34634 0.307478 -0.0239282 10.0116 0.0734565 -0.160505 -0.0824668
1711.02 -0.191523 -0.268133 -9.42295 0.357727 -0.0215354 10.0008 0.0714712 -0.161116 -0.0810924
1711.04 -0.268133 -0.306437 -9.30804 0.355334 -0.020339 9.99482 0.0759 -0.162643 -0.0838412
1711.05 -0.229828 -0.229828 -9.30804 0.354138 -0.0107677 9.98644 0.0754418 -0.163254 -0.0847575
1711.07 -0.0383047 -0.344742 -9.15482 0.334995 -0.0179462 10.0032 0.0743728 -0.161726 -0.0842994
1711.09 -0.191523 -0.306437 -9.42295 0.282353 -0.0382852 10.0068 0.0734565 -0.157909 -0.0823141
1711.1 -0.191523 -0.344742 -9.806 0.228514 -0.0538385 9.99841 0.0740674 -0.160658 -0.0835358
1711.12 -0.114914 -0.383047 -9.30804 0.189033 -0.0693918 9.98883 0.0726929 -0.161116 -0.0826195
1711.14 0.0766094 -0.383047 -9.19312 0.157926 -0.0729811 9.9996 0.0751364 -0.163865 -0.0826195
1711.15 0.0383047 -0.421352 -9.23143 0.16989 -0.0705882 9.98644 0.0762054 -0.164934 -0.0818559
1711.17 -0.114914 -0.268133 -9.46126 0.165105 -0.0646062 9.99841 0.0766636 -0.166766 -0.0838412
1711.19 -0.268133 -0.421352 -9.38465 0.234497 -0.0334995 9.99601 0.0772744 -0.169973 -0.0833831
1711.2 -0.229828 -0.268133 -9.42295 0.300299 0.00598205 10.0056 0.0743728 -0.169362 -0.0806342
1711.22 -0.191523 -0.344742 -9.34634 0.342173 0.0227318 9.99721 0.0728457 -0.167377 -0.081245
1711.24 -0.268133 -0.229828 -9.49956 0.412762 0.0323031 9.99242 0.0752891 -0.168446 -0.0798706
1711.25 -0.229828 -0.383047 -9.34634 0.446261 0.0323031 9.99601 0.0734565 -0.166461 -0.0795652
1711.27 -0.229828 -0.229828 -9.30804 0.457029 0.0382852 9.98883 0.0702495 -0.161726 -0.0777326
1711.28 -0.229828 -0.268133 -9.23143 0.442672 0.0131605 9.99601 0.0742201 -0.165544 -0.0810924
1711.3 -0.229828 -0.344742 -9.42295 0.399601 -0.0119641 9.99242 0.0704022 -0.163101 -0.076969
1711.32 0.153219 -0.421352 -9.53786 0.380459 -0.0215354 9.98285 0.0723875 -0.162948 -0.0795652
1711.34 -0.229828 -0.383047 -9.38465 0.34337 -0.0370887 10.0056 0.0740674 -0.165086 -0.0813978
1711.35 -0.344742 -0.344742 -9.38465 0.340977 -0.04666 10.0116 0.0723875 -0.163101 -0.0786489
1711.37 -0.268133 -0.383047 -9.38465 0.344566 -0.0430708 9.99841 0.0719294 -0.164323 -0.0806342
1711.38 -0.191523 -0.268133 -9.49956 0.368495 -0.0239282 9.98764 0.0754418 -0.166766 -0.0827722
1711.4 0.0383047 -0.421352 -9.57617 0.399601 -0.00717846 9.99721 0.0760527 -0.165544 -0.0829249
1711.42 -0.268133 -0.306437 -9.26973 0.439083 0.00957129 9.99601 0.0733038 -0.161879 -0.0807869
1711.43 -0.65118 -0.383047 -9.26973 0.447458 -0.0131605 10.0056 0.068875 -0.158978 -0.0783434
1711.45 -0.229828 -0.306437 -9.34634 0.451047 -0.0107677 9.99841 0.0705549 -0.158061 -0.0806342
1711.47 -0.268133 -0.306437 -9.34634 0.413958 -0.0370887 9.99362 0.0723875 -0.160963 -0.0803288
1711.49 -0.191523 -0.421352 -9.34634 0.346959 -0.0717846 10.0008 0.073762 -0.161268 -0.0807869
1711.51 -0.0766094 -0.421352 -9.42295 0.270389 -0.087338 10.0068 0.0729984 -0.160505 -0.0824668
1711.52 -0.0383047 -0.383047 -9.30804 0.246461 -0.105284 10.008 0.0729984 -0.161268 -0.0832304
1711.54 -0.0383047 -0.421352 -8.92499 0.191426 -0.120837 10.0044 0.0743728 -0.160199 -0.0824668
1711.56 -0.114914 -0.344742 -9.30804 0.17348 -0.107677 10.0032 0.0740674 -0.162032 -0.0815505
1711.57 -0.153219 -0.497961 -9.30804 0.199801 -0.105284 10.0056 0.0743728 -0.16249 -0.0826195
1711.59 -0.0383047 -0.383047 -9.34634 0.22014 -0.0789631 9.99242 0.0739146 -0.163865 -0.0821613
1711.61 -0.153219 -0.344742 -9.38465 0.281157 -0.061017 9.9996 0.0734565 -0.165544 -0.0813978
1711.62 -0.344742 -0.191523 -9.46126 0.297906 -0.0299103 9.98285 0.0757473 -0.165697 -0.0824668
1711.64 -0.229828 -0.306437 -9.42295 0.339781 -0.00239282 9.99242 0.0722348 -0.162643 -0.0797179
1711.66 0.0383047 -0.229828 -9.76769 0.351745 0.00239282 10.0008 0.0745255 -0.166308 -0.0826195
1711.67 -0.268133 -0.268133 -9.46126 0.350548 -0.00478564 10.0008 0.0766636 -0.165697 -0.0836885
1711.69 -0.0383047 -0.229828 -9.61448 0.362513 -0.0119641 10.0175 0.078038 -0.167224 -0.0849102
1711.71 -0.114914 -0.383047 -9.46126 0.30987 -0.0334995 9.99841 0.0729984 -0.163712 -0.0807869
1711.72 -0.114914 -0.383047 -9.53786 0.291924 -0.0311067 9.98644 0.0757473 -0.166766 -0.0835358
1711.74 -0.229828 -0.306437 -9.42295 0.299103 -0.0323031 10.0068 0.0760527 -0.166766 -0.0818559
1711.76 -0.153219 -0.344742 -9.38465 0.293121 -0.0275174 9.99841 0.0766636 -0.166613 -0.0830777
1711.77 0.0766094 -0.229828 -9.34634 0.327816 -0.00358923 9.99362 0.0771217 -0.169362 -0.0836885
1711.79 -0.191523 -0.268133 -9.30804 0.361316 0.0131605 9.9996 0.0733038 -0.164781 -0.0806342
1711.81 -0.229828 -0.268133 -9.38465 0.417547 0.040678 9.99841 0.0740674 -0.165086 -0.0817032
1711.82 -0.229828 -0.191523 -9.42295 0.463011 0.061017 9.98764 0.0736092 -0.166003 -0.0809396
1711.84 -0.306437 -0.229828 -9.53786 0.48335 0.061017 10.0104 0.0729984 -0.162796 -0.0786489
1711.86 -0.229828 -0.229828 -9.38465 0.490529 0.0574277 9.99362 0.073762 -0.163254 -0.0797179
1711.87 -0.268133 -0.306437 -9.07821 0.458225 0.04666 9.99242 0.0685696 -0.159283 -0.0786489
1711.89 -0.268133 -0.344742 -9.23143 0.404387 -0.00239282 10.0008 0.0728457 -0.161421 -0.0792598
1711.9 -0.153219 -0.306437 -9.38465 0.369691 -0.026321 9.98764 0.0717766 -0.160963 -0.0803288
1711.92 -0.114914 -0.344742 -9.61448 0.305085 -0.0622134 9.99362 0.0714712 -0.162185 -0.0813978
1711.94 -0.191523 -0.344742 -9.34634 0.265603 -0.0729811 9.99721 0.0731511 -0.162796 -0.0820086
1711.95 -0.153219 -0.383047 -9.38465 0.269192 -0.0981057 9.99841 0.0723875 -0.162948 -0.0815505
1711.97 -0.153219 -0.459656 -9.46126 0.2668 -0.0849452 10.0128 0.0704022 -0.161879 -0.079107
1711.99 -0.153219 -0.383047 -9.42295 0.278764 -0.0765703 9.98644 0.0714712 -0.163254 -0.081245
1712.0 -0.153219 -0.268133 -9.38465 0.303888 -0.0574277 10.0056 0.0714712 -0.164017 -0.0798706
1712.02 -0.229828 -0.229828 -9.07821 0.333799 -0.0490528 10.0164 0.073762 -0.165392 -0.0821613
1712.04 -0.268133 -0.383047 -9.57617 0.351745 -0.0502493 10.008 0.0725402 -0.164017 -0.0821613
1712.05 -0.114914 -0.306437 -9.42295 0.331406 -0.0538385 10.0044 0.0723875 -0.162643 -0.0797179
1712.07 -0.114914 -0.306437 -9.42295 0.333799 -0.0478564 9.99003 0.0723875 -0.162032 -0.0801761
1712.09 -0.114914 -0.268133 -9.03991 0.282353 -0.0717846 9.99482 0.074831 -0.163712 -0.0818559
1712.1 -0.0766094 -0.344742 -9.34634 0.244068 -0.0945165 10.0008 0.0726929 -0.164475 -0.0794125
1712.12 -0.0383047 -0.306437 -9.23143 0.240479 -0.107677 9.99362 0.0745255 -0.165544 -0.0818559
1712.14 0.0 -0.421352 -9.34634 0.239282 -0.111266 10.002 0.0751364 -0.165086 -0.0823141
1712.15 -0.114914 -0.344742 -9.76769 0.245264 -0.0897308 9.99841 0.0739146 -0.16585 -0.081245
1712.17 -0.114914 -0.383047 -9.26973 0.289531 -0.0957129 10.0199 0.0763581 -0.167682 -0.083994
1712.19 -0.153219 -0.306437 -9.42295 0.321834 -0.0430708 9.99362 0.0733038 -0.163865 -0.0817032
1712.2 -0.306437 -0.306437 -9.19312 0.378066 -0.0215354 9.98644 0.0784962 -0.166308 -0.0847575
1712.22 -0.306437 -0.268133 -9.38465 0.40678 0.0239282 10.002 0.0760527 -0.167835 -0.0824668
1712.23 -0.229828 -0.229828 -9.69109 0.431904 0.0275174 9.99601 0.0783434 -0.167224 -0.083994
1712.25 -0.191523 -0.268133 -9.26973 0.44985 0.040678 9.99242 0.0749837 -0.164475 -0.0830777
1712.27 -0.268133 -0.229828 -9.38465 0.416351 0.0299103 10.002 0.0746782 -0.165544 -0.0830777
1712.28 -0.0766094 -0.383047 -9.49956 0.411565 0.0358923 10.0068 0.0739146 -0.163406 -0.0823141
1712.3 -0.191523 -0.268133 -9.42295 0.381655 0.0155533 10.0044 0.0752891 -0.163406 -0.0824668
1712.32 -0.153219 -0.421352 -9.49956 0.34337 0.00358923 10.0044 0.0719294 -0.161574 -0.0818559
1712.34 -0.153219 -0.344742 -9.26973 0.331406 -0.00358923 9.99482 0.0731511 -0.163254 -0.0818559
1712.35 -0.153219 -0.383047 -8.96329 0.324227 -0.0215354 9.9996 0.0714712 -0.162032 -0.0784962
1712.37 -0.191523 -0.268133 -9.23143 0.331406 -0.0215354 9.99841 0.0729984 -0.161879 -0.0806342
1712.38 -0.229828 -0.344742 -9.42295 0.330209 -0.0179462 9.99242 0.0739146 -0.164475 -0.0806342
1712.4 -0.0383047 -0.344742 -9.49956 0.363709 0.00598205 10.0056 0.0731511 -0.165239 -0.0821613
1712.42 -0.229828 -0.268133 -9.42295 0.387637 0.0239282 9.98644 0.0734565 -0.164628 -0.0835358
1712.43 -0.191523 -0.268133 -9.07821 0.380459 0.0143569 10.0068 0.0734565 -0.162643 -0.0810924
1712.45 -0.114914 -0.268133 -9.38465 0.36012 0.0227318 10.0116 0.071624 -0.159741 -0.0795652
1712.47 -0.229828 -0.268133 -9.30804 0.331406 0.00478564 9.99003 0.071624 -0.161421 -0.0798706
1712.48 -0.114914 -0.306437 -9.26973 0.289531 -0.040678 10.0164 0.071624 -0.161726 -0.081245
1712.5 0.0 -0.306437 -9.42295 0.252443 -0.0562313 10.0068 0.0739146 -0.164934 -0.0815505
1712.52 -0.0766094 -0.268133 -9.38465 0.222532 -0.0861416 10.008 0.0711658 -0.161116 -0.0783434
1712.53 -0.0383047 -0.306437 -9.38465 0.214158 -0.100499 9.99841 0.0733038 -0.164781 -0.0809396
1712.55 0.0766094 -0.536266 -9.34634 0.21655 -0.114855 10.0056 0.0720821 -0.163406 -0.0789543
1712.57 -0.0766094 -0.421352 -9.38465 0.253639 -0.0957129 10.014 0.074831 -0.165544 -0.081245
1712.58 -0.229828 -0.344742 -9.30804 0.284746 -0.0921237 10.0044 0.0745255 -0.166766 -0.0797179
1712.6 -0.153219 -0.497961 -9.07821 0.311067 -0.0849452 10.0044 0.0751364 -0.16753 -0.0820086
1712.61 -0.268133 -0.344742 -9.26973 0.358923 -0.0526421 9.99123 0.0775799 -0.169973 -0.0832304
1712.63 -0.191523 -0.306437 -9.38465 0.384048 -0.0382852 9.9996 0.0739146 -0.166766 -0.0801761
1712.65 -0.268133 -0.268133 -9.92091 0.396012 -0.0358923 9.98644 0.0743728 -0.167072 -0.0829249
1712.66 -0.268133 -0.344742 -9.38465 0.381655 -0.0442672 9.99601 0.0705549 -0.161116 -0.0809396
1712.68 -0.153219 -0.268133 -9.46126 0.367298 -0.0370887 9.99123 0.0778853 -0.168599 -0.0835358
1712.7 -0.268133 -0.344742 -9.38465 0.367298 -0.0490528 10.0152 0.0742201 -0.164934 -0.0821613
1712.71 -0.344742 -0.344742 -9.07821 0.324227 -0.0538385 10.0044 0.0713185 -0.160658 -0.0794125
1712.73 -0.191523 -0.306437 -9.30804 0.337388 -0.0574277 9.99482 0.0749837 -0.165239 -0.0820086
1712.75 -0.229828 -0.383047 -9.0016 0.350548 -0.0514457 10.0008 0.0746782 -0.164323 -0.0810924
1712.76 -0.344742 -0.421352 -9.46126 0.349352 -0.0490528 9.99601 0.0766636 -0.166766 -0.0847575
1712.78 -0.268133 -0.306437 -9.42295 0.401994 -0.0311067 9.99003 0.0725402 -0.160963 -0.081245
1712.8 -0.268133 -0.421352 -9.26973 0.431904 -0.0155533 9.99362 0.0760527 -0.164934 -0.083994
1712.81 -0.229828 -0.306437 -9.26973 0.429512 -0.00119641 9.99721 0.0754418 -0.164628 -0.0830777
1712.83 -0.268133 -0.229828 -9.46126 0.428315 0.0251246 9.99841 0.0707076 -0.160047 -0.0820086
1712.85 -0.229828 -0.306437 -9.38465 0.399601 0.0275174 10.002 0.0720821 -0.159741 -0.0818559
1712.86 -0.153219 -0.383047 -9.42295 0.392423 0.0239282 10.002 0.0742201 -0.161421 -0.0844521
1712.88 -0.153219 -0.344742 -9.38465 0.350548 0.0131605 9.99242 0.0739146 -0.161268 -0.0832304
1712.9 -0.191523 -0.306437 -9.53786 0.295514 -0.00957129 10.008 0.0733038 -0.160505 -0.0820086
1712.91 -0.153219 -0.306437 -9.42295 0.260818 -0.0382852 10.0044 0.0720821 -0.160963 -0.0807869
1712.93 -0.153219 -0.268133 -9.34634 0.264407 -0.0299103 9.98644 0.071013 -0.160963 -0.0818559
1712.94 -0.114914 -0.306437 -9.23143 0.242871 -0.0299103 10.002 0.0726929 -0.162796 -0.0803288
1712.96 -0.0766094 -0.344742 -9.42295 0.258425 -0.0514457 10.0092 0.0734565 -0.161116 -0.0810924
1712.98 -0.114914 -0.421352 -9.38465 0.273978 -0.0382852 9.98883 0.0726929 -0.163101 -0.0810924
1712.99 -0.229828 -0.306437 -9.42295 0.29671 -0.0323031 9.99123 0.0722348 -0.165544 -0.0801761
1713.01 -0.229828 -0.344742 -9.19312 0.319442 -0.0215354 9.98644 0.0736092 -0.165544 -0.0797179
1713.03 -0.229828 -0.421352 -9.34634 0.331406 -0.0155533 9.99362 0.0739146 -0.164628 -0.0792598
1713.05 -0.306437 -0.306437 -9.30804 0.327816 -0.0251246 9.97926 0.0725402 -0.163559 -0.0801761
1713.06 -0.153219 -0.268133 -9.42295 0.308674 -0.0251246 10.0008 0.0726929 -0.163865 -0.0815505
1713.08 -0.229828 -0.383047 -9.46126 0.295514 -0.026321 10.0068 0.0734565 -0.164781 -0.0798706
1713.09 -0.344742 -0.421352 -9.61448 0.288335 -0.0334995 9.99721 0.0719294 -0.164934 -0.0795652
1713.11 -0.191523 -0.421352 -9.42295 0.283549 -0.0598205 9.98883 0.0734565 -0.165086 -0.0823141
1713.13 -0.229828 -0.268133 -9.30804 0.288335 -0.061017 9.99482 0.0752891 -0.16753 -0.0815505
1713.14 -0.191523 -0.344742 -9.46126 0.29671 -0.0538385 9.99242 0.0705549 -0.161116 -0.0766636
1713.16 -0.153219 -0.344742 -9.42295 0.330209 -0.0442672 10.002 0.0725402 -0.164628 -0.076969
1713.18 -0.229828 -0.344742 -9.49956 0.368495 -0.0323031 9.99123 0.0749837 -0.164628 -0.081245
1713.19 -0.114914 -0.421352 -9.34634 0.396012 -0.0430708 9.99721 0.0726929 -0.164934 -0.0795652
1713.21 -0.268133 -0.344742 -9.38465 0.418744 -0.0334995 9.9996 0.0757473 -0.16982 -0.0827722
1713.22 -0.229828 -0.229828 -9.38465 0.434297 -0.0323031 10.0008 0.0759 -0.167988 -0.0818559
1713.24 -0.229828 -0.383047 -9.57617 0.442672 -0.0131605 9.99362 0.0719294 -0.162796 -0.0781907
1713.26 -0.229828 -0.344742 -9.26973 0.425922 -0.0227318 9.99841 0.074831 -0.165544 -0.0842994
1713.27 -0.229828 -0.383047 -9.38465 0.407976 -0.020339 10.0092 0.0736092 -0.162643 -0.0826195
1713.29 -0.191523 -0.421352 -9.30804 0.369691 -0.0323031 9.98764 0.0717766 -0.161116 -0.0800233
1713.31 -0.421352 -0.344742 -9.57617 0.350548 -0.0442672 9.98644 0.0702495 -0.16081 -0.0817032
1713.32 -0.229828 -0.229828 -9.34634 0.317049 -0.0478564 10.0032 0.0723875 -0.162032 -0.0818559
1713.34 -0.153219 -0.459656 -9.03991 0.311067 -0.0550349 10.0008 0.0719294 -0.162185 -0.0823141
1713.36 -0.114914 -0.383047 -9.26973 0.314656 -0.0526421 10.0068 0.0751364 -0.164628 -0.0826195
1713.37 -0.191523 -0.497961 -9.34634 0.324227 -0.0382852 9.99482 0.0754418 -0.163712 -0.0820086
1713.39 -0.153219 -0.421352 -9.15482 0.340977 -0.0370887 10.008 0.0772744 -0.164323 -0.083994
1713.4 -0.153219 -0.306437 -9.42295 0.342173 -0.0418744 10.0032 0.0766636 -0.164781 -0.0842994
1713.42 -0.383047 -0.191523 -9.23143 0.351745 -0.0430708 10.0092 0.0746782 -0.165697 -0.0826195
1713.44 -0.191523 -0.306437 -9.34634 0.333799 -0.0526421 10.0068 0.0729984 -0.163254 -0.0821613
1713.45 -0.153219 -0.268133 -9.42295 0.329013 -0.0287139 9.97448 0.0728457 -0.162337 -0.0821613
1713.47 -0.114914 -0.344742 -9.49956 0.291924 -0.0418744 10.0068 0.0759 -0.163712 -0.0853684
1713.49 -0.0766094 -0.229828 -8.88668 0.272782 -0.0370887 10.0068 0.0752891 -0.162643 -0.0830777
1713.5 -0.191523 -0.383047 -9.38465 0.254835 -0.0478564 10.0104 0.0736092 -0.161726 -0.0823141
1713.52 -0.0383047 -0.344742 -9.57617 0.247657 -0.0275174 9.98764 0.0723875 -0.161268 -0.0809396
1713.54 -0.153219 -0.306437 -9.38465 0.247657 -0.0394815 9.98285 0.0743728 -0.164628 -0.0806342
1713.55 -0.153219 -0.383047 -9.30804 0.271585 -0.0311067 9.99003 0.0719294 -0.164323 -0.0800233
1713.57 -0.191523 -0.383047 -9.46126 0.284746 -0.0251246 9.98405 0.0729984 -0.165392 -0.0810924
1713.59 -0.153219 -0.344742 -9.42295 0.307478 -0.0239282 9.99242 0.0742201 -0.166308 -0.0810924
1713.6 -0.229828 -0.268133 -9.49956 0.32662 0.00358923 9.99721 0.0778853 -0.170279 -0.0833831
1713.62 -0.191523 -0.383047 -9.38465 0.380459 -0.0107677 10.002 0.0765108 -0.168141 -0.0817032
1713.63 -0.191523 -0.383047 -9.42295 0.382851 0.00239282 10.0056 0.0754418 -0.167377 -0.081245
1713.65 -0.383047 -0.229828 -9.38465 0.382851 0.0 9.99362 0.0717766 -0.163406 -0.0797179
1713.67 -0.191523 -0.344742 -9.34634 0.378066 0.00598205 9.98883 0.0757473 -0.165697 -0.0809396
1713.68 -0.229828 -0.383047 -9.03991 0.364905 -0.0119641 10.0056 0.0722348 -0.165544 -0.0806342
1713.7 -0.229828 -0.497961 -9.806 0.35653 -0.026321 9.98405 0.071624 -0.163254 -0.0807869
1713.72 -0.153219 -0.306437 -9.57617 0.344566 -0.0287139 9.98764 0.0743728 -0.166766 -0.0820086
1713.73 -0.229828 -0.383047 -9.42295 0.350548 -0.0323031 9.99242 0.0707076 -0.162948 -0.0797179
1713.75 -0.229828 -0.306437 -9.19312 0.338584 -0.020339 9.99601 0.0742201 -0.165697 -0.0815505
1713.77 -0.383047 -0.497961 -9.53786 0.363709 -0.0275174 9.98644 0.0711658 -0.160658 -0.0786489
1713.78 -0.306437 -0.268133 -9.30804 0.379262 -0.026321 9.99362 0.0722348 -0.163101 -0.0794125
1713.8 0.0 -0.268133 -9.53786 0.384048 -0.0275174 10.002 0.0713185 -0.161726 -0.0795652
1713.81 -0.191523 -0.344742 -9.38465 0.382851 -0.0346959 10.0056 0.0751364 -0.166766 -0.0810924
1713.83 -0.191523 -0.306437 -9.46126 0.379262 -0.0430708 10.0092 0.0733038 -0.163559 -0.0813978
1713.85 -0.191523 -0.459656 -9.57617 0.367298 -0.0502493 10.002 0.0763581 -0.165697 -0.0830777
1713.86 -0.153219 -0.344742 -9.42295 0.346959 -0.061017 9.9996 0.0762054 -0.164934 -0.0836885
1713.88 -0.0766094 -0.383047 -9.53786 0.314656 -0.066999 10.0044 0.0759 -0.162948 -0.0827722
1713.9 -0.114914 -0.306437 -9.30804 0.300299 -0.0717846 10.0032 0.0731511 -0.162185 -0.0810924
1713.91 -0.0766094 -0.383047 -9.19312 0.27996 -0.066999 10.0056 0.0696386 -0.159436 -0.0830777
1713.93 0.0 -0.306437 -9.46126 0.275174 -0.0777667 10.0128 0.0760527 -0.165239 -0.0856738
1713.95 -0.114914 -0.344742 -9.46126 0.299103 -0.0729811 9.9996 0.0731511 -0.164323 -0.0800233
1713.96 -0.268133 -0.497961 -9.26973 0.288335 -0.0646062 10.0008 0.0772744 -0.16585 -0.0824668
1713.98 -0.153219 -0.306437 -9.49956 0.300299 -0.0514457 9.9996 0.0726929 -0.163101 -0.0827722
1713.99 -0.306437 -0.421352 -9.61448 0.312263 -0.0334995 10.008 0.0719294 -0.161879 -0.0820086
1714.01 -0.114914 -0.421352 -9.49956 0.339781 -0.0454636 10.0044 0.0714712 -0.161574 -0.0806342
1714.02 -0.153219 -0.229828 -9.03991 0.336191 -0.0358923 10.0032 0.0740674 -0.163559 -0.0815505
1714.04 -0.191523 -0.229828 -9.57617 0.349352 -0.0346959 10.0104 0.0725402 -0.162032 -0.0823141
1714.06 -0.421352 -0.421352 -9.49956 0.338584 -0.0311067 9.98285 0.073762 -0.162032 -0.0809396
1714.07 -0.114914 -0.344742 -8.81008 0.342173 -0.0251246 9.98166 0.0739146 -0.162796 -0.0810924
1714.09 -0.191523 -0.383047 -9.19312 0.325424 -0.0299103 9.99482 0.0745255 -0.162032 -0.0827722
1714.1 -0.114914 -0.459656 -9.46126 0.337388 -0.040678 10.0032 0.0742201 -0.164475 -0.0821613
1714.12 -0.0383047 -0.306437 -9.26973 0.325424 -0.0143569 9.98524 0.0720821 -0.161726 -0.0797179
1714.7 -0.344742 -0.268133 -9.49956 0.319442 -0.0251246 9.99003 0.0743728 -0.165239 -0.0820086
1714.72 -0.153219 -0.306437 -9.34634 0.323031 -0.0239282 9.98764 0.0746782 -0.164934 -0.0824668
1714.74 -0.268133 -0.306437 -9.53786 0.323031 -0.0239282 9.97807 0.0739146 -0.162643 -0.0800233
1714.75 -0.229828 -0.306437 -9.38465 0.319442 -0.0179462 9.99362 0.0729984 -0.162796 -0.0815505
1714.77 -0.191523 -0.306437 -9.26973 0.333799 0.0131605 10.0032 0.0731511 -0.163254 -0.0826195
1714.78 -0.229828 -0.383047 -8.92499 0.339781 0.0167498 9.99362 0.0731511 -0.164628 -0.0826195
1714.8 -0.268133 -0.383047 -9.38465 0.331406 0.00957129 9.99601 0.0719294 -0.162185 -0.0795652
1714.82 -0.153219 -0.191523 -9.46126 0.329013 0.00358923 9.99242 0.0754418 -0.165239 -0.083994
1714.84 -0.268133 -0.306437 -9.34634 0.327816 -0.00957129 10.008 0.0723875 -0.164781 -0.0810924
1714.85 -0.0766094 -0.268133 -9.38465 0.308674 -0.0131605 10.0032 0.073762 -0.163865 -0.0821613
1714.87 -0.0766094 -0.306437 -9.42295 0.293121 -0.0358923 10.0032 0.0720821 -0.161574 -0.0795652
1714.88 -0.191523 -0.497961 -9.61448 0.291924 -0.0299103 10.0044 0.0726929 -0.162796 -0.0798706
1714.9 -0.229828 -0.383047 -9.42295 0.271585 -0.0442672 10.0032 0.0731511 -0.165086 -0.0806342
1714.92 -0.114914 -0.383047 -9.26973 0.284746 -0.0502493 10.0104 0.0731511 -0.162796 -0.0794125
1714.93 -0.191523 -0.344742 -9.26973 0.29671 -0.0514457 9.99242 0.0728457 -0.164475 -0.0784962
1714.95 -0.153219 -0.268133 -9.07821 0.314656 -0.0454636 10.0128 0.0726929 -0.166155 -0.0798706
1714.97 -0.0766094 -0.383047 -9.42295 0.351745 -0.0418744 10.0092 0.073762 -0.165697 -0.0818559
1714.98 -0.153219 -0.306437 -9.42295 0.349352 -0.040678 9.99003 0.0714712 -0.163406 -0.0778853
1715.0 -0.0766094 -0.383047 -9.30804 0.352941 -0.04666 10.0044 0.073762 -0.166766 -0.0784962
1715.02 -0.191523 -0.344742 -9.38465 0.376869 -0.0299103 9.99123 0.0729984 -0.164781 -0.0766636
1715.03 -0.344742 -0.421352 -9.30804 0.375673 -0.0311067 9.99123 0.0736092 -0.165544 -0.0815505
1715.05 -0.153219 -0.383047 -9.38465 0.368495 -0.061017 9.99601 0.0755945 -0.164628 -0.0806342
1715.07 -0.229828 -0.421352 -9.30804 0.357727 -0.0598205 9.99482 0.0717766 -0.161116 -0.0771217
1715.08 -0.229828 -0.383047 -9.26973 0.355334 -0.0658026 9.99003 0.0771217 -0.16585 -0.0844521
1715.1 -0.153219 -0.268133 -9.15482 0.367298 -0.0741775 9.99362 0.0734565 -0.164781 -0.0826195
1715.12 -0.153219 -0.306437 -9.30804 0.35653 -0.0717846 9.9996 0.0754418 -0.164475 -0.0830777
1715.13 -0.0766094 -0.268133 -9.61448 0.368495 -0.0574277 9.9996 0.0720821 -0.160963 -0.0801761
1715.15 -0.0383047 -0.344742 -9.26973 0.374477 -0.0526421 10.008 0.0740674 -0.164017 -0.0824668
1715.17 -0.268133 -0.306437 -9.46126 0.386441 -0.0478564 9.99482 0.0740674 -0.162643 -0.0815505
1715.18 -0.421352 -0.459656 -9.15482 0.375673 -0.0358923 9.98764 0.0717766 -0.160658 -0.0807869
1715.2 -0.306437 -0.383047 -9.42295 0.376869 -0.0334995 10.0008 0.0742201 -0.162185 -0.0832304
1715.22 -0.191523 -0.612875 -9.30804 0.35653 -0.0275174 9.98883 0.0729984 -0.159741 -0.0801761
1715.23 -0.153219 -0.344742 -9.46126 0.351745 -0.0251246 9.99601 0.0755945 -0.163101 -0.0829249
1715.25 -0.153219 -0.268133 -9.30804 0.324227 -0.0179462 9.99721 0.0751364 -0.163712 -0.0846048
1715.27 -0.153219 -0.344742 -9.46126 0.289531 -0.0358923 9.97807 0.0755945 -0.161879 -0.0838412
1715.28 -0.0766094 -0.306437 -9.26973 0.299103 -0.0287139 9.99601 0.0745255 -0.16249 -0.0846048
1715.3 -0.114914 -0.306437 -9.38465 0.278764 -0.0358923 9.98883 0.0708604 -0.160047 -0.0813978
1715.32 -0.383047 -0.459656 -9.38465 0.295514 -0.0346959 10.0044 0.0765108 -0.165086 -0.0855211
1715.33 -0.229828 -0.344742 -9.42295 0.283549 -0.0239282 9.98166 0.0739146 -0.16417 -0.0818559
1715.35 -0.153219 -0.344742 -9.42295 0.303888 -0.0143569 9.99362 0.0749837 -0.163254 -0.0826195
1715.37 0.0 -0.268133 -9.57617 0.297906 -0.00837488 9.99362 0.0771217 -0.167988 -0.0829249
1715.38 -0.229828 -0.344742 -9.38465 0.31346 0.0 9.99003 0.0719294 -0.163101 -0.0813978
1715.4 -0.153219 -0.344742 -9.42295 0.306281 0.0143569 10.0068 0.0734565 -0.16417 -0.0804815
1715.42 -0.229828 -0.306437 -9.34634 0.314656 0.0167498 10.0056 0.0742201 -0.16417 -0.0827722
1715.43 -0.153219 -0.383047 -9.03991 0.300299 0.00119641 9.99482 0.0729984 -0.166919 -0.0809396
1715.45 -0.153219 -0.306437 -9.42295 0.303888 0.0131605 10.014 0.0736092 -0.16585 -0.0800233
1715.47 -0.191523 -0.268133 -9.11651 0.301496 -0.00478564 10.002 0.074831 -0.163865 -0.0817032
1715.48 -0.268133 -0.306437 -9.42295 0.315852 -0.0215354 9.99123 0.0734565 -0.164475 -0.0806342
1715.5 -0.153219 -0.344742 -9.26973 0.312263 -0.0191426 9.9996 0.0740674 -0.16585 -0.0784962
1715.52 -0.114914 -0.344742 -9.69109 0.317049 -0.026321 9.99362 0.0705549 -0.163254 -0.0778853
1715.53 -0.229828 -0.383047 -9.42295 0.340977 -0.0299103 9.98764 0.0719294 -0.164475 -0.079107
1715.55 -0.0766094 -0.306437 -9.72939 0.35653 -0.0299103 9.99242 0.0728457 -0.166155 -0.0784962
1715.57 -0.306437 -0.421352 -9.53786 0.374477 -0.0275174 9.99482 0.0728457 -0.166003 -0.0798706
1715.58 -0.229828 -0.344742 -9.38465 0.374477 -0.0394815 9.99841 0.0739146 -0.166155 -0.0804815
1715.6 -0.268133 -0.383047 -9.69109 0.387637 -0.0179462 10.0008 0.0749837 -0.165392 -0.0804815
1715.61 -0.344742 -0.421352 -9.65278 0.384048 -0.0311067 9.99601 0.0725402 -0.164017 -0.0798706
1715.63 -0.0766094 -0.229828 -9.46126 0.379262 -0.040678 9.99003 0.0714712 -0.163406 -0.079107
1715.65 -0.191523 -0.306437 -9.30804 0.37328 -0.0502493 10.0128 0.071013 -0.162337 -0.0800233
1715.66 -0.191523 -0.229828 -9.61448 0.354138 -0.0562313 9.9996 0.0723875 -0.163101 -0.0801761
1715.68 -0.153219 -0.306437 -9.42295 0.346959 -0.0693918 9.99841 0.0728457 -0.161726 -0.0803288
1715.7 -0.191523 -0.344742 -9.19312 0.332602 -0.0825523 10.0056 0.0742201 -0.164628 -0.0823141
1715.71 -0.229828 -0.459656 -9.26973 0.334995 -0.0741775 9.99601 0.0740674 -0.162337 -0.0797179
1715.73 -0.229828 -0.268133 -9.34634 0.339781 -0.0681954 9.98524 0.0699441 -0.159283 -0.0778853
1715.75 -0.191523 -0.383047 -9.30804 0.35653 -0.0705882 10.0008 0.0757473 -0.164017 -0.0807869
1715.76 -0.191523 -0.268133 -9.34634 0.368495 -0.0658026 10.002 0.0725402 -0.162337 -0.0810924
1715.78 0.0383047 -0.344742 -9.34634 0.357727 -0.061017 10.0008 0.0725402 -0.160505 -0.0800233
1715.8 -0.191523 -0.383047 -9.38465 0.358923 -0.0478564 10.002 0.0731511 -0.160963 -0.0823141
1715.81 -0.268133 -0.421352 -9.42295 0.338584 -0.0478564 9.99841 0.0742201 -0.161879 -0.0826195
1715.83 -0.383047 -0.344742 -9.34634 0.339781 -0.0478564 10.0092 0.079107 -0.166613 -0.0876591
1715.85 -0.191523 -0.383047 -9.34634 0.320638 -0.0418744 10.0044 0.0760527 -0.16417 -0.085063
1715.86 -0.0383047 -0.306437 -9.53786 0.302692 -0.0358923 10.0056 0.0746782 -0.163406 -0.0838412
1715.88 -0.153219 -0.497961 -9.38465 0.289531 -0.0418744 10.002 0.0728457 -0.161421 -0.0826195
1715.9 -0.191523 -0.536266 -9.65278 0.293121 -0.026321 9.99123 0.073762 -0.161421 -0.0815505
1715.91 -0.153219 -0.306437 -9.34634 0.300299 -0.0275174 9.99601 0.0774271 -0.164628 -0.085063
1715.93 -0.0766094 -0.268133 -9.69109 0.300299 -0.0215354 9.99482 0.0731511 -0.162948 -0.0827722
1715.94 -0.268133 -0.306437 -9.34634 0.315852 -0.0107677 10.0032 0.0705549 -0.161574 -0.0792598
1715.96 -0.191523 -0.306437 -9.38465 0.340977 -0.00598205 10.002 0.0762054 -0.164934 -0.0815505
1715.98 -0.344742 -0.229828 -9.07821 0.342173 0.0107677 10.0044 0.0728457 -0.163712 -0.0821613
1715.99 -0.153219 -0.229828 -9.38465 0.348156 0.00717846 9.99362 0.076969 -0.165239 -0.0827722
1716.01 -0.0766094 -0.268133 -9.34634 0.339781 0.00598205 9.98883 0.0759 -0.164475 -0.0841467
1716.03 -0.191523 -0.229828 -9.26973 0.345763 0.0191426 10.0092 0.0736092 -0.165239 -0.0830777
1716.04 -0.153219 -0.268133 -9.46126 0.318245 0.0119641 10.0032 0.071624 -0.163865 -0.0792598
1716.06 -0.344742 -0.191523 -9.46126 0.329013 0.00478564 9.99841 0.0752891 -0.162185 -0.0798706
1716.08 -0.229828 -0.268133 -9.38465 0.317049 -0.00239282 9.99362 0.0742201 -0.16417 -0.0817032
1716.09 0.0766094 -0.421352 -9.42295 0.297906 -0.00837488 10.002 0.0726929 -0.162948 -0.0781907
1716.11 -0.191523 -0.268133 -9.42295 0.314656 0.00239282 10.008 0.0752891 -0.166461 -0.0809396
1716.13 -0.153219 -0.306437 -9.76769 0.325424 0.00239282 9.99841 0.0714712 -0.162185 -0.0774271
1716.14 -0.191523 -0.268133 -9.38465 0.34337 -0.0107677 9.99242 0.0723875 -0.164781 -0.079107
1716.16 -0.153219 -0.344742 -9.34634 0.349352 -0.0167498 9.98405 0.071013 -0.162032 -0.0778853
1716.18 -0.229828 -0.383047 -9.19312 0.36012 -0.026321 9.98524 0.071624 -0.162948 -0.0798706
1716.19 -0.268133 -0.421352 -9.34634 0.337388 -0.04666 10.0044 0.0723875 -0.164628 -0.0794125
1716.21 -0.268133 -0.383047 -9.49956 0.346959 -0.0370887 9.99841 0.0728457 -0.164323 -0.0813978
1716.23 -0.344742 -0.344742 -9.30804 0.334995 -0.066999 9.99362 0.0759 -0.165239 -0.0806342
1716.24 -0.229828 -0.344742 -9.34634 0.325424 -0.0526421 10.0044 0.0740674 -0.165239 -0.0801761
1716.26 -0.114914 -0.344742 -9.38465 0.318245 -0.0586241 10.008 0.0726929 -0.162032 -0.0784962
1716.27 -0.268133 -0.383047 -9.76769 0.306281 -0.0729811 9.9996 0.0743728 -0.163559 -0.0827722
1716.29 -0.191523 -0.268133 -9.23143 0.303888 -0.0658026 9.99841 0.0733038 -0.165239 -0.0823141
1716.31 -0.153219 -0.344742 -9.42295 0.311067 -0.0693918 9.9996 0.0736092 -0.166308 -0.0809396
1716.32 -0.268133 -0.459656 -9.72939 0.327816 -0.0634098 9.99841 0.0719294 -0.163254 -0.079107
1716.34 -0.191523 -0.459656 -9.49956 0.323031 -0.0538385 10.0032 0.0726929 -0.165086 -0.0801761
1716.36 -0.191523 -0.268133 -9.26973 0.329013 -0.0586241 10.0056 0.0759 -0.165697 -0.0820086
1716.37 -0.229828 -0.344742 -9.34634 0.358923 -0.0514457 10.008 0.0792598 -0.16921 -0.0858265
1716.39 -0.114914 -0.421352 -9.30804 0.376869 -0.0538385 10.0032 0.0751364 -0.165086 -0.0826195
1716.41 -0.191523 -0.383047 -9.34634 0.364905 -0.0478564 9.99362 0.0736092 -0.162032 -0.0809396
1716.42 -0.383047 -0.306437 -9.07821 0.351745 -0.0574277 9.99362 0.0757473 -0.164017 -0.0829249
1716.44 -0.229828 -0.268133 -9.30804 0.366102 -0.0502493 10.0128 0.0752891 -0.163712 -0.0827722
1716.45 -0.191523 -0.383047 -9.49956 0.351745 -0.0514457 10.0116 0.0755945 -0.162337 -0.0826195
1716.47 -0.191523 -0.383047 -9.34634 0.337388 -0.0334995 9.99482 0.0726929 -0.160505 -0.0813978
1716.49 -0.191523 -0.344742 -9.42295 0.332602 -0.0382852 9.99482 0.0731511 -0.16249 -0.0823141
1716.5 -0.229828 -0.306437 -9.34634 0.34337 -0.0311067 9.99003 0.0765108 -0.164475 -0.0847575
1716.52 -0.229828 -0.268133 -9.30804 0.342173 -0.0143569 9.99242 0.0754418 -0.16249 -0.0824668
1716.54 -0.191523 -0.306437 -9.38465 0.334995 -0.0131605 10.0032 0.074831 -0.163559 -0.0832304
1716.55 -0.229828 -0.268133 -9.34634 0.336191 0.00957129 9.9996 0.0745255 -0.162948 -0.0818559
1716.57 0.0 -0.306437 -9.65278 0.358923 0.00598205 10.008 0.0728457 -0.163406 -0.0813978
1716.59 -0.229828 -0.229828 -9.42295 0.350548 0.0131605 9.9996 0.074831 -0.163101 -0.0833831
1716.6 -0.191523 -0.344742 -9.30804 0.334995 0.00358923 9.99601 0.0765108 -0.163101 -0.0829249
1716.62 -0.306437 -0.306437 -9.34634 0.339781 0.0 9.99362 0.0768163 -0.16417 -0.0847575
1716.64 -0.114914 -0.344742 -9.30804 0.332602 -0.0215354 9.99123 0.0728457 -0.162032 -0.0836885
1716.65 -0.114914 -0.344742 -9.57617 0.308674 -0.0119641 9.99123 0.0725402 -0.163712 -0.0798706
1716.67 -0.114914 -0.306437 -9.38465 0.299103 -0.0215354 9.98166 0.0719294 -0.163559 -0.0810924
1716.69 -0.114914 -0.306437 -9.49956 0.301496 -0.020339 9.99003 0.0713185 -0.161116 -0.0789543
1716.7 -0.0766094 -0.383047 -9.38465 0.293121 -0.00717846 9.99362 0.0743728 -0.165086 -0.0815505
1716.72 -0.229828 -0.344742 -9.42295 0.29671 -0.0191426 9.99841 0.0728457 -0.164323 -0.0815505
1716.73 0.0766094 -0.268133 -9.53786 0.305085 -0.0167498 10.0008 0.0755945 -0.167377 -0.0826195
1716.75 -0.114914 -0.268133 -9.26973 0.307478 -0.0155533 9.97926 0.0720821 -0.162796 -0.0795652
1716.77 -0.191523 -0.229828 -9.42295 0.307478 -0.0215354 9.98285 0.0728457 -0.164017 -0.0786489
1716.78 -0.191523 -0.383047 -9.61448 0.338584 -0.0215354 9.99003 0.0722348 -0.164934 -0.0784962
1716.8 -0.153219 -0.344742 -9.42295 0.330209 -0.0358923 9.99242 0.074831 -0.166308 -0.079107
1716.82 -0.229828 -0.344742 -9.23143 0.327816 -0.0239282 10.0199 0.073762 -0.164934 -0.0792598
1716.83 -0.191523 -0.306437 -9.34634 0.329013 -0.0287139 9.98524 0.0755945 -0.167682 -0.0818559
1716.85 -0.229828 -0.268133 -8.92499 0.323031 -0.0538385 10.008 0.0745255 -0.167224 -0.0800233
1716.87 -0.421352 -0.306437 -9.49956 0.323031 -0.0622134 10.0104 0.0726929 -0.163865 -0.0810924
1716.88 -0.0766094 -0.344742 -9.30804 0.329013 -0.0502493 10.0008 0.0743728 -0.166461 -0.0804815
1716.9 -0.114914 -0.383047 -9.0016 0.340977 -0.0598205 9.99242 0.0722348 -0.165392 -0.0781907
1716.92 -0.114914 -0.306437 -9.34634 0.357727 -0.0526421 9.99601 0.0745255 -0.165697 -0.0804815
1716.93 -0.153219 -0.306437 -9.72939 0.362513 -0.0478564 10.0128 0.0736092 -0.166461 -0.0803288
1716.95 -0.229828 -0.344742 -9.42295 0.384048 -0.0454636 9.99721 0.0768163 -0.169668 -0.0833831
1716.97 -0.191523 -0.344742 -9.76769 0.385244 -0.0382852 10.0032 0.0734565 -0.165392 -0.0810924
1716.98 -0.229828 -0.421352 -9.30804 0.387637 -0.0490528 9.99841 0.0729984 -0.163865 -0.079107
1717.0 -0.191523 -0.306437 -9.07821 0.397208 -0.0562313 9.99721 0.0717766 -0.163101 -0.0807869
1717.02 -0.459656 -0.421352 -9.38465 0.398405 -0.0550349 9.99242 0.0734565 -0.163559 -0.0815505
1717.03 -0.268133 -0.306437 -9.34634 0.364905 -0.0646062 10.0044 0.0733038 -0.162948 -0.0815505
1717.05 -0.0383047 -0.459656 -9.49956 0.363709 -0.0729811 10.008 0.0726929 -0.160963 -0.0817032
1717.07 -0.268133 -0.306437 -9.42295 0.357727 -0.0562313 9.99003 0.0763581 -0.162948 -0.0827722
1717.08 -0.229828 -0.268133 -9.57617 0.34337 -0.0526421 9.99003 0.0739146 -0.163559 -0.0820086
1717.1 -0.191523 -0.306437 -9.42295 0.348156 -0.0693918 10.0116 0.0740674 -0.163865 -0.0842994
1717.12 -0.306437 -0.497961 -9.30804 0.332602 -0.040678 9.99362 0.0762054 -0.164781 -0.0849102
1717.13 -0.153219 -0.344742 -9.30804 0.32662 -0.0251246 9.98285 0.0749837 -0.163101 -0.0833831
1717.15 -0.191523 -0.344742 -9.34634 0.331406 -0.0323031 10.0092 0.0742201 -0.163865 -0.0836885
1717.17 -0.0766094 -0.268133 -9.30804 0.324227 -0.0287139 9.97807 0.0746782 -0.164628 -0.0833831
1717.18 -0.153219 -0.268133 -9.42295 0.315852 -0.0143569 9.99482 0.0733038 -0.162337 -0.0830777
1717.2 -0.0383047 -0.306437 -9.23143 0.312263 -0.00717846 9.98644 0.0746782 -0.162643 -0.0809396
1717.22 -0.0766094 -0.268133 -9.46126 0.285942 -0.0107677 10.0056 0.0731511 -0.161574 -0.0807869
1717.23 -0.191523 -0.421352 -9.76769 0.27996 -0.0311067 9.99362 0.0743728 -0.163559 -0.0829249
1717.25 -0.114914 -0.344742 -9.34634 0.283549 -0.0358923 10.0116 0.0752891 -0.16417 -0.0844521
1717.27 -0.153219 -0.229828 -9.65278 0.278764 -0.0275174 10.0008 0.0743728 -0.165544 -0.0818559
1717.28 -0.114914 -0.268133 -9.57617 0.284746 -0.0346959 10.0044 0.0757473 -0.164475 -0.0807869
1717.3 -0.191523 -0.229828 -9.34634 0.305085 -0.0275174 9.97687 0.0754418 -0.164017 -0.0824668
1717.32 -0.0383047 -0.153219 -9.30804 0.301496 -0.0191426 9.99841 0.0759 -0.166613 -0.083994
1717.33 -0.229828 -0.306437 -9.38465 0.31346 0.00598205 10.0211 0.0765108 -0.166613 -0.0826195
1717.35 -0.0766094 -0.306437 -9.38465 0.342173 0.020339 10.0068 0.0734565 -0.163712 -0.078038
1717.36 -0.153219 -0.344742 -9.42295 0.349352 0.0251246 9.98524 0.073762 -0.165392 -0.0792598
1717.38 -0.191523 -0.268133 -9.0016 0.361316 0.0311067 10.0199 0.0745255 -0.166766 -0.0818559
1717.4 -0.229828 -0.306437 -9.11651 0.358923 0.00717846 9.9996 0.0755945 -0.166613 -0.0809396
1717.41 -0.191523 -0.344742 -9.42295 0.36012 -0.00239282 9.99242 0.0717766 -0.162185 -0.0771217
1717.43 -0.153219 -0.344742 -9.34634 0.367298 -0.026321 9.97328 0.0739146 -0.166613 -0.0792598
1717.45 -0.229828 -0.344742 -9.34634 0.363709 -0.0239282 9.98764 0.0714712 -0.162948 -0.0795652
1717.46 -0.268133 -0.383047 -9.11651 0.363709 -0.0478564 10.0283 0.0725402 -0.163865 -0.0797179
1717.48 -0.268133 -0.383047 -9.26973 0.375673 -0.0442672 10.0128 0.0739146 -0.16585 -0.0781907
1717.5 -0.268133 -0.421352 -9.49956 0.385244 -0.0490528 10.0223 0.0725402 -0.163712 -0.0771217
1717.51 -0.114914 -0.306437 -9.46126 0.363709 -0.0323031 9.99721 0.0740674 -0.165392 -0.0795652
1717.53 -0.229828 -0.383047 -9.42295 0.372084 -0.0514457 10.0116 0.0723875 -0.162337 -0.081245
1717.55 -0.0383047 -0.383047 -9.34634 0.379262 -0.0538385 10.0068 0.0719294 -0.162337 -0.0781907
1717.56 -0.229828 -0.306437 -9.38465 0.399601 -0.0454636 10.0116 0.0739146 -0.164781 -0.0803288
1717.58 -0.268133 -0.383047 -9.53786 0.388834 -0.04666 9.99601 0.0734565 -0.161574 -0.0813978
1717.6 -0.229828 -0.421352 -9.38465 0.375673 -0.0574277 10.014 0.0746782 -0.16417 -0.0827722
1717.61 -0.383047 -0.421352 -9.53786 0.358923 -0.0765703 9.99123 0.0728457 -0.162337 -0.0806342
1717.63 -0.153219 -0.383047 -9.42295 0.325424 -0.0789631 9.99123 0.0752891 -0.16417 -0.0824668
1717.65 -0.229828 -0.497961 -9.07821 0.294317 -0.0849452 10.008 0.0733038 -0.16249 -0.0815505
1717.66 -0.268133 -0.497961 -9.42295 0.267996 -0.0969093 10.0056 0.0768163 -0.164934 -0.0858265
1717.69 -0.153219 -0.421352 -9.38465 0.283549 -0.0957129 10.008 0.0749837 -0.16417 -0.0818559
1717.7 -0.0383047 -0.383047 -9.42295 0.283549 -0.0945165 10.0092 0.0739146 -0.16417 -0.0823141
1717.72 -0.191523 -0.459656 -9.46126 0.305085 -0.0741775 9.99601 0.0762054 -0.164781 -0.0849102
1717.74 -0.191523 -0.306437 -9.46126 0.324227 -0.0478564 9.99721 0.0740674 -0.16249 -0.0817032
1717.75 0.0383047 -0.306437 -9.34634 0.339781 -0.0418744 10.0056 0.0746782 -0.162948 -0.0820086
1717.77 -0.153219 -0.306437 -9.53786 0.333799 -0.0370887 9.99721 0.0788016 -0.165239 -0.0852157
1717.79 -0.383047 -0.536266 -9.23143 0.325424 -0.00837488 9.99362 0.0778853 -0.163406 -0.0852157
1717.8 -0.0766094 -0.306437 -9.30804 0.323031 0.00239282 9.99123 0.0743728 -0.164781 -0.0829249
1717.82 0.0 -0.191523 -9.46126 0.305085 -0.0107677 9.9996 0.0754418 -0.165392 -0.086132
1717.84 -0.191523 -0.421352 -9.42295 0.287139 0.00837488 10.0008 0.0766636 -0.166003 -0.0849102
1717.85 -0.114914 -0.268133 -9.34634 0.293121 0.0 9.99003 0.0745255 -0.164323 -0.0836885
1717.87 -0.153219 -0.383047 -9.57617 0.287139 0.00957129 9.99721 0.0749837 -0.164628 -0.0835358
1717.89 -0.114914 -0.383047 -9.30804 0.308674 -0.00119641 9.9996 0.074831 -0.164323 -0.0807869
1717.9 -0.344742 -0.268133 -9.15482 0.337388 0.0227318 9.99721 0.0775799 -0.166003 -0.0849102
1717.92 -0.229828 -0.344742 -9.30804 0.351745 0.0191426 9.99242 0.0757473 -0.166155 -0.0820086
1717.94 -0.153219 -0.153219 -9.61448 0.386441 0.0311067 9.99003 0.0717766 -0.162185 -0.0786489
1717.95 -0.229828 -0.344742 -9.38465 0.382851 0.0251246 9.99841 0.0722348 -0.163712 -0.0786489
1717.97 -0.191523 -0.229828 -9.38465 0.386441 0.0346959 9.9996 0.0739146 -0.164781 -0.0804815
1717.99 -0.268133 -0.268133 -9.30804 0.405583 0.0370887 10.0044 0.0725402 -0.163865 -0.0800233
1718.0 -0.229828 -0.268133 -9.0016 0.368495 0.0215354 10.008 0.071624 -0.160963 -0.0807869
1718.02 -0.344742 -0.268133 -9.30804 0.357727 0.0287139 9.99362 0.0725402 -0.163406 -0.0788016
1718.04 -0.153219 -0.306437 -9.42295 0.337388 0.0119641 9.99601 0.0707076 -0.162643 -0.0774271
1718.05 -0.153219 -0.306437 -9.30804 0.342173 -0.0251246 9.98764 0.0702495 -0.163101 -0.0789543
1718.07 -0.229828 -0.383047 -9.34634 0.29671 -0.0394815 10.0044 0.071013 -0.160352 -0.0798706
1718.08 -0.191523 -0.383047 -9.38465 0.290728 -0.0346959 10.0092 0.0731511 -0.16249 -0.0777326
1718.1 -0.153219 -0.268133 -9.42295 0.358923 -0.0454636 10.0235 0.071624 -0.163559 -0.0736092
1718.12 -0.306437 -0.383047 -9.19312 0.412762 -0.0442672 9.97687 0.0723875 -0.163712 -0.0713185
1718.13 -0.191523 -0.459656 -9.38465 0.437886 -0.12323 10.0032 0.0714712 -0.163559 -0.0774271
1718.15 -0.191523 -0.344742 -9.69109 0.357727 -0.101695 10.0319 0.0719294 -0.160352 -0.0836885
1718.17 -0.344742 -0.306437 -9.38465 0.354138 -0.0442672 10.0487 0.0714712 -0.162185 -0.0745255
1718.18 -0.268133 -0.421352 -9.46126 0.392423 -0.0598205 10.0857 0.0714712 -0.162337 -0.066737
1718.2 -0.268133 -0.421352 -9.30804 0.470189 -0.171087 10.0187 0.0700968 -0.161879 -0.06353
1718.22 -0.229828 -0.459656 -9.30804 0.51685 -0.235693 10.0044 0.0736092 -0.163712 -0.0719294
1718.23 -0.344742 -0.459656 -9.19312 0.561117 -0.252443 10.0032 0.071624 -0.161116 -0.0728457
1718.25 -0.191523 -0.57457 -9.38465 0.555135 -0.259621 10.0199 0.0766636 -0.159894 -0.0704022
1718.27 -0.229828 -0.497961 -9.38465 0.492921 -0.245264 10.0164 0.0777326 -0.158825 -0.0733038
1718.28 -0.229828 -0.383047 -9.53786 0.477368 -0.247657 9.9661 0.0783434 -0.158214 -0.0788016
1718.3 -0.383047 -0.497961 -9.30804 0.547956 -0.288335 10.0104 0.0775799 -0.15684 -0.0815505
1718.32 -0.344742 -0.497961 -9.15482 0.477368 -0.282353 10.008 0.0807869 -0.153785 -0.0859793
1718.33 -0.229828 -0.536266 -9.30804 0.434297 -0.18664 10.014 0.081245 -0.152869 -0.0789543
1718.35 -0.268133 -0.459656 -9.69109 0.498903 -0.163908 10.0199 0.0824668 -0.154702 -0.0792598
1718.36 -0.114914 -0.612875 -9.42295 0.556331 -0.222532 10.014 0.0827722 -0.154091 -0.0817032
1718.38 -0.306437 -0.459656 -9.30804 0.553938 -0.272782 9.97567 0.0846048 -0.151953 -0.0881173
