2383.61 0.268133 -0.919312 -78.1032 0.0622134 1.29332 39.1992 0.0717766 -0.102167 1.84634
2383.62 -0.57457 -0.191523 -78.1032 0.480957 1.08993 39.1992 0.06353 -0.104305 1.87826
2383.64 -0.919312 -0.229828 -78.1032 0.376869 0.946361 39.1992 0.0665843 -0.0981966 1.91216
2383.65 -0.383047 -0.114914 -78.1032 0.376869 0.994217 39.1992 0.074831 -0.0980438 1.97981
2383.67 -1.76202 -0.57457 -78.1032 0.254835 0.862612 39.1992 0.0783434 -0.108276 2.0128
2383.69 -0.842703 -0.459656 -78.1032 0.34337 0.915254 39.1992 0.0977384 -0.121868 2.0716
2383.7 0.306437 -0.114914 -78.1032 0.0574277 1.16172 39.1992 0.103236 -0.146608 2.13268
2383.72 -0.497961 -0.536266 -78.1032 -0.379262 1.05165 39.1992 0.105069 -0.15684 2.15864
2383.74 -1.03423 -0.344742 -78.1032 0.550349 0.989432 39.1992 0.111788 -0.185856 2.20385
2383.75 -0.229828 0.153219 -78.1032 -0.0430708 1.27537 39.1992 0.119577 -0.191354 2.23363
2383.77 -0.153219 -0.766094 -78.1032 0.0729811 0.781256 39.1992 0.117897 -0.201433 2.26249
2383.79 -0.957617 -0.57457 -78.1032 -0.00837488 0.813559 39.1992 0.120799 -0.195477 2.27013
2383.8 -0.191523 -0.421352 -78.1032 -0.224925 1.08514 39.1992 0.127976 -0.186314 2.28021
2383.82 -0.344742 -0.727789 -78.1032 0.217747 1.07318 39.1992 0.11973 -0.172264 2.29136
2383.84 0.689484 -0.421352 -78.1032 0.0741775 1.0002 39.1992 0.127365 -0.170126 2.30296
2383.85 -0.0383047 -0.268133 -78.1032 -0.167498 0.808774 39.1992 0.125227 -0.142179 2.3054
2383.87 -0.114914 -1.07253 -78.1032 -0.15673 0.672383 39.1992 0.12538 -0.106291 2.30815
2383.89 0.344742 -0.459656 -78.1032 -0.265603 0.862612 39.1992 0.12538 -0.0894917 2.31533
2383.9 -0.421352 -0.57457 -78.1032 -0.0741775 0.769292 39.1992 0.129351 -0.074831 2.32434
2383.92 0.306437 -0.65118 -78.1032 -0.224925 0.672383 39.1992 0.114079 -0.0546724 2.33534
2383.94 -0.536266 -0.57457 -78.1032 -0.285942 1.09591 39.1992 0.112705 -0.0589485 2.36099
2383.95 -0.114914 -0.65118 -78.1032 -0.0550349 0.485743 39.1992 0.107818 -0.0607811 2.39688
2383.97 0.0383047 -0.497961 -78.1032 -0.681954 0.815952 39.1992 0.111177 -0.0728457 2.43307
2383.99 -0.459656 -0.612875 -78.1032 -0.506082 0.757328 39.1992 0.0989602 -0.110567 2.48469
2384.0 0.0766094 -0.612875 -78.1032 -0.532403 0.805184 39.1992 0.0945314 -0.123089 2.51233
2384.02 -0.229828 -0.421352 -78.1032 -0.738185 0.879362 39.1992 0.083994 -0.153938 2.55571
2384.04 -0.344742 -0.459656 -78.1032 -0.178265 0.942772 39.1992 0.0757473 -0.185398 2.59022
2384.05 0.689484 -0.689484 -78.1032 -0.338584 0.672383 39.1992 0.0821613 -0.187536 2.61252
2384.07 -0.459656 -0.344742 -78.1032 -0.277567 0.758524 39.1992 0.0891863 -0.192423 2.64398
2384.09 -0.153219 -1.30236 -78.1032 -0.253639 0.0981057 39.1992 0.0917825 -0.183565 2.65696
2384.1 0.0 -0.57457 -78.1032 -0.172283 0.642473 39.1992 0.112399 -0.145844 2.68155
2384.12 0.881008 -0.57457 -78.1032 -1.03609 0.37328 39.1992 0.120951 -0.126602 2.69758
2384.14 0.268133 -0.689484 -76.9541 -0.388834 0.258425 39.1992 0.137445 -0.111636 2.70949
2384.15 1.49388 -0.995922 -62.5132 -0.626919 -0.154337 39.1992 0.139125 -0.0890336 2.72767
2384.17 1.11084 -0.612875 -53.0137 -1.54217 0.381655 39.1992 0.142942 -0.0859793 2.73209
2384.19 1.34066 -0.919312 -39.722 -1.35434 -0.443868 39.1992 0.152105 -0.0962113 2.74889
2384.2 1.30236 -0.881008 -27.3112 -1.71924 -0.48335 28.9388 0.151495 -0.101862 2.79104
2384.22 1.99184 -0.995922 -17.6202 -1.62473 -0.465404 22.8945 0.153327 -0.117133 2.80372
2384.24 1.45558 -1.49388 -8.08229 -1.57328 -0.849452 10.9914 0.143248 -0.116064 2.82632
2384.25 1.87693 -1.6471 -1.22575 -1.98126 -1.21675 1.02054 0.138972 -0.121257 2.82372
2384.27 3.06437 -1.83862 4.97961 -2.47777 -1.86401 -2.90369 0.139125 -0.154854 2.81258
2384.29 2.68133 -1.49388 10.8402 -3.20279 -1.58524 -9.14297 0.157909 -0.161726 2.79715
2384.3 1.6471 -1.76202 10.8785 -1.66899 -1.27418 -11.7224 0.156381 -0.192728 2.78631
2384.32 5.32435 2.4898 17.7351 -1.92622 -1.57687 -11.5226 0.114843 -0.152105 2.77119
2384.34 3.33251 -0.57457 10.8785 -2.49691 -1.41176 -11.7332 0.0838412 -0.160505 2.76768
2384.35 2.29828 -2.52811 10.6104 -1.36989 -1.44407 -11.6961 0.0387899 -0.141873 2.72293
2384.37 2.94946 -0.727789 13.6748 -2.08056 -0.862612 -11.9701 0.0343612 -0.0633773 2.65787
2384.38 0.995922 -2.79624 7.43111 -2.18824 -1.6343 -12.3948 0.0488692 -0.0526871 2.67696
2384.4 2.29828 -0.957617 10.7253 -2.31505 -1.14257 -12.1735 0.106138 -0.034972 2.6875
2384.42 2.52811 -0.306437 12.7938 -2.34018 -1.10788 -12.4798 0.139888 -0.0375682 2.74981
2384.44 1.41727 -1.34066 10.8019 -1.67378 -0.66999 -12.3912 0.16081 -0.0827722 2.77379
2384.45 1.14914 -0.842703 11.7212 -2.46221 -1.01216 -12.944 0.175013 -0.0740674 2.77577
2384.47 0.995922 -1.6471 9.49956 -1.98843 -1.34716 -13.2263 0.171042 -0.119882 2.78845
2384.48 1.49388 -0.268133 12.8321 -1.97647 -1.04327 -13.3161 0.160963 -0.14447 2.79593
2384.5 2.14506 -0.804398 14.9771 -1.98963 -1.05882 -13.3866 0.13943 -0.143859 2.79135
2384.52 1.72371 -1.34066 7.43111 -1.74078 -0.59342 -12.9858 0.113468 -0.163101 2.78738
2384.53 1.87693 -0.383047 14.8239 -1.91186 -0.765703 -13.0253 0.0933096 -0.129198 2.75714
2384.55 2.22167 -1.18745 10.8019 -2.07817 -0.991825 -13.0301 0.0826195 -0.124158 2.75134
2384.57 1.26405 -1.03423 12.7172 -2.16311 -1.07797 -13.072 0.0844521 -0.120951 2.74065
2384.58 2.64302 -1.53219 13.7514 -2.37488 -1.40459 -12.8076 0.0922406 -0.104305 2.74187
2384.6 1.11084 -0.727789 13.5216 -2.07697 -0.285942 -13.0241 0.107054 -0.100182 2.73836
2384.62 1.72371 -1.34066 12.1043 -1.75155 -1.4321 -12.9846 0.117592 -0.0795652 2.73973
2384.63 1.91523 -0.881008 12.066 -1.45005 -0.958325 -12.7107 0.147677 -0.0815505 2.73408
2384.65 2.33659 -0.766094 13.7131 -1.85085 -1.61635 -12.8818 0.155923 -0.0641408 2.72736
2384.67 1.99184 -1.72371 12.7938 -1.69771 -0.535992 -13.0804 0.164475 -0.0642935 2.72644
2384.68 1.87693 -1.22575 11.7978 -2.22413 -0.927218 -12.8447 0.161116 -0.0916298 2.74172
2384.7 1.68541 -0.65118 12.3341 -1.85563 -0.790828 -12.6233 0.162948 -0.0859793 2.75745
2384.72 1.14914 -1.37897 11.2616 -1.98604 -0.991825 -12.5587 0.15516 -0.101404 2.75103
2384.73 1.91523 -0.919312 13.1768 -1.7001 -1.21675 -12.475 0.136376 -0.119577 2.75851
2384.75 2.10676 -0.881008 11.3382 -1.61396 -0.778863 -12.2835 0.108887 -0.163101 2.74614
2384.77 1.49388 -1.11084 11.7595 -2.18345 -1.10788 -12.2644 0.0949895 -0.170889 2.74004
2384.78 1.6088 -1.11084 12.7172 -1.40818 -0.943968 -12.7202 0.0723875 -0.147829 2.69117
2384.81 1.45558 -1.07253 11.6829 -1.94536 -1.08036 -12.5527 0.0659734 -0.133321 2.65665
2384.82 1.57049 -1.03423 11.3765 -1.62114 -1.32802 -12.274 0.0745255 -0.109345 2.64566
2384.84 0.995922 -1.68541 11.5297 -1.5996 -1.53739 -12.1986 0.0853684 -0.0824668 2.6313
2384.86 2.03015 -0.536266 11.6446 -1.56491 -0.626919 -12.3565 0.103694 -0.0762054 2.62657
2384.87 1.30236 -1.03423 12.6022 -1.27178 -0.863809 -12.0586 0.101709 -0.078038 2.6339
2384.89 1.53219 -1.49388 11.4914 -1.67498 -1.19641 -12.3781 0.11469 -0.0627664 2.65222
2384.91 1.87693 -0.766094 11.9128 -2.04706 -1.02652 -11.8421 0.138056 -0.096364 2.67864
2384.92 1.37897 -0.957617 10.7636 -1.71924 -0.777667 -12.0144 0.151495 -0.116523 2.70949
2384.94 1.22575 -1.18745 11.185 -1.87956 -1.24427 -12.1567 0.156687 -0.120188 2.71255
2384.96 2.10676 -0.995922 10.8785 -1.61994 -0.841077 -11.9438 0.143553 -0.165086 2.70094
2384.97 1.45558 -1.18745 12.2958 -1.97527 -0.97986 -12.055 0.142484 -0.178525 2.68246
2384.99 1.34066 -0.881008 11.6063 -1.30768 -0.844666 -11.7511 0.137445 -0.177914 2.67925
2385.01 1.91523 -1.11084 10.8402 -1.89033 -0.835095 -11.6985 0.126296 -0.161726 2.66795
2385.02 1.41727 -0.766094 11.7595 -1.33759 -0.824327 -11.9414 0.10965 -0.161116 2.62565
2385.04 1.76202 -1.07253 11.6063 -1.67378 -0.926022 -11.7129 0.0931569 -0.143553 2.60717
2385.06 1.49388 -0.842703 11.6829 -1.5996 -0.851844 -11.8552 0.0943787 -0.134848 2.5722
2385.07 1.76202 -0.497961 11.4148 -1.70608 -0.911665 -11.7966 0.100335 -0.0939205 2.55861
2385.09 1.80032 -0.995922 10.4955 -1.68933 -0.719043 -11.6183 0.109498 -0.0971275 2.55112
2385.11 1.83862 -0.727789 11.185 -1.66421 -0.882951 -11.7643 0.110872 -0.0665843 2.53387
2385.12 2.87285 -1.07253 12.2575 -1.92024 -1.14018 -11.0907 0.105069 -0.0700968 2.52791
2385.14 2.10676 -0.536266 10.8019 -2.05304 -0.835095 -11.4114 0.129045 -0.0566577 2.53173
2385.16 1.95354 -1.11084 11.4531 -1.18086 -0.959521 -11.2762 0.127213 -0.0587958 2.53784
2385.17 1.72371 -0.842703 10.6104 -1.89153 -0.599402 -11.3827 0.145844 -0.0762054 2.55494
2385.19 1.87693 -0.957617 11.2999 -1.29332 -0.963111 -11.3982 0.15348 -0.102931 2.57648
2385.2 1.68541 -0.919312 11.2616 -1.70489 -0.918843 -11.5322 0.160352 -0.109192 2.59419
2385.22 1.83862 -0.766094 11.8361 -1.67378 -0.863809 -11.3432 0.15852 -0.133779 2.61267
2385.24 1.6088 -1.45558 10.6487 -1.37109 -0.941576 -11.4951 0.149815 -0.160963 2.61099
2385.25 1.53219 -1.18745 10.7253 -1.58764 -0.959521 -11.3216 0.146149 -0.170584 2.60335
2385.27 1.14914 -0.881008 11.568 -1.334 -0.90329 -11.3252 0.136223 -0.175166 2.60305
2385.29 1.83862 -0.497961 10.6487 -1.37587 -0.71665 -11.0309 0.108734 -0.155618 2.57525
2385.3 1.87693 -0.727789 10.8019 -1.54935 -0.805184 -11.1589 0.0980438 -0.146302 2.5635
2385.32 1.30236 -0.881008 10.7636 -1.30768 -0.751346 -11.2116 0.0956004 -0.13607 2.52913
2385.33 1.6471 -1.26405 10.687 -1.69412 -0.833898 -11.0632 0.0897971 -0.108276 2.50302
2385.35 1.41727 -0.421352 9.99752 -1.16052 -0.339781 -10.9531 0.0972803 -0.112094 2.49569
2385.37 1.41727 -0.995922 10.7636 -1.75753 -1.24546 -10.5344 0.0965167 -0.100487 2.49416
2385.38 1.41727 -0.995922 9.69109 -1.5338 -1.11745 -10.2939 0.12034 -0.097433 2.48943
2385.4 1.80032 -1.14914 9.69109 -1.57448 -1.41894 -10.2831 0.128587 -0.0957531 2.48989
2385.42 1.41727 -0.689484 9.806 -1.53858 -0.545563 -9.99482 0.136223 -0.108734 2.50714
2385.43 1.68541 -0.957617 9.61448 -1.77188 -1.00618 -9.97089 0.112705 -0.112246 2.49829
2385.45 1.6088 -0.766094 9.88261 -1.55773 -0.392423 -10.0845 0.117439 -0.104763 2.49676
2385.46 1.99184 -0.804398 9.15482 -1.84128 -0.817148 -9.92423 0.104763 -0.126755 2.49065
2385.48 1.83862 -0.995922 11.185 -1.43928 -1.19402 -9.89791 0.0917825 -0.141415 2.49019
2385.5 1.22575 -0.57457 8.23551 -1.80419 -0.684347 -9.63829 0.0966694 -0.127213 2.49187
2385.51 1.68541 -1.11084 10.4572 -1.34237 -1.15573 -9.80219 0.0975857 -0.135612 2.51111
2385.53 1.41727 -0.383047 8.84838 -1.55174 -0.527617 -10.0032 0.118202 -0.137292 2.51906
2385.55 1.80032 -1.14914 8.92499 -1.31725 -1.1665 -9.41216 0.118813 -0.140499 2.49783
2385.57 1.68541 -0.612875 9.49956 -1.3986 -0.94995 -9.45284 0.142942 -0.131794 2.4879
2385.58 1.68541 -0.57457 8.77177 -1.51346 -0.747757 -9.78664 0.152258 -0.121257 2.48882
2385.6 1.6471 -0.957617 10.8019 -1.47996 -0.829113 -9.27816 0.148746 -0.138819 2.47171
2385.61 1.34066 -0.881008 10.189 -1.75035 -0.535992 -9.42173 0.148898 -0.13271 2.46469
2385.63 1.68541 -0.881008 9.8443 -1.34237 -0.939182 -9.29731 0.135612 -0.13943 2.44545
2385.65 1.18745 -0.689484 8.69516 -1.15932 -0.524028 -9.48395 0.115606 -0.138514 2.4288
2385.66 2.03015 -1.37897 8.46534 -1.59003 -0.887737 -9.47557 0.0992656 -0.133627 2.40971
2385.68 1.83862 -0.268133 8.81008 -1.54816 -0.64008 -9.3655 0.105527 -0.16417 2.40742
2385.7 1.72371 -1.11084 9.61448 -1.78505 -0.879362 -9.21715 0.087201 -0.162337 2.41765
2385.71 0.995922 -0.957617 8.73347 -1.22512 -0.720239 -8.99462 0.0948368 -0.18219 2.41796
2385.73 1.30236 -1.07253 8.84838 -1.65942 -1.15932 -8.95155 0.102473 -0.142026 2.39505
2385.75 1.18745 -1.03423 8.69516 -1.24307 -0.66999 -9.01256 0.128434 -0.135612 2.38695
2385.76 2.03015 -0.881008 9.0016 -1.37707 -0.906879 -8.91206 0.131336 -0.118202 2.36695
2385.78 1.30236 -1.22575 8.1589 -1.41057 -0.772881 -8.90249 0.158672 -0.12706 2.35672
2385.79 1.72371 -0.957617 8.42703 -1.69292 -0.83988 -8.82712 0.168446 -0.0939205 2.34878
2385.81 1.72371 -0.919312 8.92499 -1.52064 -0.854237 -8.76849 0.173944 -0.105222 2.3445
2385.83 1.53219 -1.03423 8.92499 -1.70369 -0.775274 -8.97906 0.173944 -0.102473 2.33595
2385.84 1.34066 -0.459656 8.46534 -1.20479 -0.43669 -9.16331 0.176082 -0.104 2.3248
2385.86 1.6088 -0.881008 8.92499 -1.49671 -0.722632 -9.09392 0.16417 -0.103694 2.31625
2385.88 1.34066 -0.612875 8.77177 -1.31486 -0.445065 -9.00658 0.153022 -0.104 2.30983
2385.89 1.22575 -1.34066 8.88668 -1.45364 -0.970289 -9.24706 0.128282 -0.10965 2.30357
2385.91 1.18745 -0.536266 8.61855 -1.43091 -0.65324 -9.1669 0.126907 -0.118813 2.30128
2385.93 1.11084 -0.766094 8.46534 -1.62951 -1.02532 -8.90488 0.102014 -0.113926 2.30449
2385.94 1.14914 -0.344742 9.46126 -1.24666 -0.595813 -9.43011 0.0870483 -0.127365 2.29899
2385.96 1.26405 -0.957617 9.57617 -1.31486 -0.845862 -9.47797 0.0722348 -0.125227 2.29762
2385.98 1.26405 -0.919312 9.23143 -1.2682 -0.54317 -9.51984 0.0687223 -0.120646 2.29456
2385.99 0.919312 -0.804398 8.92499 -1.19641 -0.673579 -9.54496 0.0653626 -0.118355 2.29762
2386.01 0.842703 -0.727789 10.2657 -0.943968 -0.80997 -9.6335 0.071624 -0.117744 2.30739
2386.03 1.14914 -0.842703 8.81008 -1.44048 -0.652044 -9.50908 0.0806342 -0.131641 2.30235
2386.04 1.34066 -0.727789 10.0358 -1.36032 -1.03968 -9.69691 0.102167 -0.13042 2.32312
2386.06 1.57049 -1.03423 9.806 -1.40219 -0.665205 -9.52582 0.124158 -0.144011 2.33152
2386.08 1.53219 -1.18745 8.65686 -1.22273 -0.674776 -9.15374 0.126755 -0.151495 2.33595
2386.09 1.72371 -0.459656 10.189 -1.24786 -0.454636 -9.32961 0.132863 -0.162337 2.33717
2386.11 1.14914 -1.11084 8.27381 -1.24786 -0.92004 -9.35354 0.126449 -0.170737 2.33121
2386.12 0.881008 -0.497961 9.03991 -1.04806 -0.563509 -9.32602 0.137445 -0.184329 2.32098
2386.14 1.68541 -0.65118 9.38465 -1.38544 -0.747757 -9.3667 0.13775 -0.169973 2.31335
2386.16 1.49388 -0.65118 9.69109 -1.2 -0.851844 -9.31406 0.133932 -0.173944 2.31029
2386.17 1.57049 -0.421352 9.69109 -1.00738 -0.622134 -9.16331 0.13042 -0.168141 2.29441
2386.19 1.76202 -0.919312 8.38873 -1.23111 -0.947557 -9.12144 0.111941 -0.153327 2.26692
2386.21 0.957617 -0.612875 8.00568 -1.07916 -0.380459 -9.25663 0.107665 -0.137903 2.25394
2386.22 0.995922 -0.57457 7.81416 -1.32084 -0.825523 -9.05204 0.0956004 -0.130725 2.24249
2386.24 1.03423 -1.11084 8.12059 -0.929611 -0.321834 -9.09153 0.0937678 -0.102167 2.22599
2386.26 0.842703 -0.57457 9.0016 -1.13779 -0.539581 -8.87617 0.0890336 -0.100793 2.22401
2386.27 0.995922 -0.65118 8.81008 -0.921237 -0.660419 -9.08913 0.0879646 -0.106443 2.22859
2386.29 0.689484 -0.919312 8.31211 -1.3998 -0.735793 -9.15972 0.096364 -0.11469 2.23149
2386.3 0.766094 -1.18745 8.1589 -1.45843 -0.815952 -9.04247 0.0994183 -0.133779 2.24936
2386.32 1.18745 -0.306437 8.65686 -1.10788 -0.428315 -9.05922 0.101556 -0.143401 2.25837
2386.34 0.65118 -1.22575 8.27381 -1.46082 -0.710668 -9.09392 0.0855211 -0.152105 2.27578
2386.35 1.03423 -0.536266 9.95922 -1.00259 -0.54676 -8.80439 0.0960585 -0.174555 2.27746
2386.37 0.995922 -0.57457 9.42295 -1.14616 -0.721436 -9.01854 0.0864374 -0.1715 2.27776
2386.38 1.03423 -0.268133 9.38465 -0.957129 -0.509671 -8.97308 0.0873537 -0.178373 2.26417
2386.4 1.22575 -0.842703 9.49956 -1.56132 -0.713061 -8.95035 0.089339 -0.160199 2.24539
2386.42 0.497961 -0.804398 8.1589 -1.03729 -0.85663 -8.57587 0.0951423 -0.170889 2.24401
2386.43 1.99184 -1.07253 9.57617 -1.40698 -0.592223 -8.76012 0.101862 -0.141873 2.23836
2386.45 1.14914 -1.03423 7.69924 -0.835095 -0.726221 -8.7673 0.106291 -0.151953 2.21637
2386.47 1.11084 -0.689484 7.62263 -1.08275 -0.770489 -8.49452 0.109345 -0.131641 2.20538
2386.48 0.727789 -0.842703 7.96737 -0.808774 -0.544367 -8.59502 0.10568 -0.121409 2.19071
2386.5 1.45558 -0.804398 8.38873 -1.45484 -0.76331 -8.72303 0.103542 -0.100029 2.18415
2386.52 1.49388 -0.957617 7.46941 -1.45484 -0.465404 -8.42513 0.120035 -0.109039 2.18583
2386.53 1.22575 -0.727789 9.03991 -0.905683 -0.841077 -8.56511 0.115148 -0.109498 2.18445
2386.55 1.07253 -0.0383047 8.73347 -0.984646 -0.338584 -8.58903 0.134543 -0.114232 2.18567
2386.57 1.14914 -0.842703 8.92499 -1.18205 -0.728614 -8.55075 0.130878 -0.115301 2.17605
2386.58 1.14914 -0.57457 8.23551 -1.04686 -0.591027 -8.43111 0.13439 -0.11805 2.18094
2386.6 1.6471 -0.497961 8.81008 -1.60798 -0.90329 -8.3007 0.123242 -0.126907 2.18552
2386.62 1.30236 -0.459656 8.77177 -0.866202 -0.413958 -8.24925 0.123853 -0.146455 2.18186
2386.63 0.995922 -0.995922 8.12059 -1.11745 -0.583848 -8.55553 0.115301 -0.148593 2.17636
2386.65 1.11084 -0.881008 7.66094 -1.12463 -0.54317 -8.18465 0.103542 -0.142332 2.17514
2386.67 0.881008 -0.881008 7.3545 -1.05523 -0.586241 -8.39641 0.0910189 -0.140957 2.15849
2386.68 1.18745 -0.689484 7.69924 -1.10548 -0.728614 -8.25643 0.090408 -0.134848 2.14444
2386.7 0.766094 -0.383047 8.35042 -1.17607 -0.616152 -8.25763 0.0813978 -0.129809 2.13497
2386.71 1.07253 -0.842703 8.46534 -1.18804 -0.538385 -8.23609 0.0835358 -0.121562 2.12291
2386.73 0.842703 -0.459656 8.88668 -1.23829 -0.607777 -8.14038 0.0853684 -0.110567 2.11115
2386.75 1.37897 -0.536266 8.04398 -0.999003 -0.564706 -8.31266 0.0867428 -0.108123 2.10519
2386.76 0.804398 -0.689484 8.92499 -0.932004 -0.741775 -8.13081 0.0917825 -0.104305 2.11497
2386.78 1.37897 -0.804398 8.1589 -1.13898 -0.525224 -8.2014 0.104611 -0.105374 2.11543
2386.8 0.804398 -0.957617 7.00976 -1.31844 -0.605384 -7.93579 0.105069 -0.107665 2.11558
2386.81 1.41727 -0.65118 8.04398 -1.12582 -0.465404 -7.95733 0.112399 -0.122326 2.11084
2386.83 0.842703 -0.727789 8.61855 -0.958325 -0.661615 -8.1332 0.117286 -0.128893 2.12367
2386.85 1.07253 -0.842703 8.31211 -1.26102 -0.295514 -8.00997 0.120799 -0.130878 2.12276
2386.86 0.804398 -0.612875 7.27789 -1.066 -0.434297 -8.17149 0.120493 -0.155007 2.12474
2386.88 0.766094 -1.18745 7.92907 -0.757328 -1.13898 -7.97408 0.115301 -0.140346 2.12551
2386.9 1.14914 -0.383047 7.3928 -1.08395 -0.441475 -8.08056 0.120188 -0.140346 2.12062
2386.91 1.41727 -1.30236 8.42703 -1.21077 -0.807577 -7.98485 0.102625 -0.153785 2.11191
2386.93 1.18745 -0.65118 7.3928 -1.07198 -0.224925 -7.72881 0.110719 -0.147829 2.09649
2386.95 1.07253 -1.03423 7.3928 -1.0672 -0.818345 -7.88076 0.090408 -0.138056 2.07496
2386.96 1.18745 -0.344742 7.77585 -1.27418 -0.167498 -7.88076 0.0936151 -0.131336 2.06961
2386.98 0.804398 -0.804398 8.1589 -0.908076 -0.885344 -7.86042 0.0697913 -0.128282 2.04716
2387.0 0.881008 -0.612875 7.50772 -1.11864 -0.585045 -7.73839 0.0760527 -0.10965 2.04029
2387.01 1.30236 -0.919312 6.97145 -1.08754 -0.599402 -7.84367 0.0711658 -0.100793 2.03204
2387.03 1.68541 -0.766094 6.01384 -1.18804 -0.522831 -7.7671 0.0795652 -0.0902553 2.02028
2387.04 1.14914 -0.881008 8.23551 -1.01934 -0.790828 -7.60439 0.0759 -0.0879646 2.01494
2387.06 0.919312 -0.497961 7.69924 -0.912862 -0.504885 -7.83051 0.0847575 -0.08827 2.01295
2387.08 1.30236 -0.842703 7.50772 -0.984646 -0.775274 -7.67617 0.0925461 -0.0777326 2.01982
2387.09 0.383047 -0.842703 6.5118 -0.807577 -0.55992 -7.48594 0.110719 -0.0865901 2.01982
2387.11 1.14914 -0.459656 7.31619 -0.821934 -0.626919 -7.67976 0.110719 -0.0894917 2.02242
2387.13 0.842703 -0.842703 6.74162 -1.11625 -0.735793 -7.5673 0.116523 -0.0972803 2.03113
2387.14 1.30236 -0.421352 8.08229 -1.0337 -0.4666 -7.63908 0.122478 -0.119271 2.04304
2387.16 1.22575 -1.14914 7.12467 -1.12582 -0.555135 -7.57089 0.12034 -0.126449 2.05327
2387.18 0.995922 -0.459656 7.62263 -0.977468 -0.468993 -7.40818 0.116675 -0.143706 2.05648
2387.19 1.26405 -0.727789 7.54602 -0.970289 -0.569491 -7.27896 0.104611 -0.157298 2.04854
2387.21 0.995922 -0.65118 7.69924 -0.768096 -0.693918 -7.42014 0.0998765 -0.171042 2.04548
2387.23 1.45558 -0.421352 7.08637 -0.861416 -0.451047 -7.46321 0.0956004 -0.165392 2.03846
2387.24 0.804398 -0.421352 7.50772 -0.855434 -0.405583 -7.38425 0.0844521 -0.169362 2.02792
2387.26 1.14914 -0.842703 6.97145 -0.9667 -0.923629 -7.37348 0.0693332 -0.162185 2.01616
2387.28 1.11084 -0.229828 7.20128 -0.495314 -0.302692 -7.33041 0.0745255 -0.157909 2.00929
2387.29 0.689484 -0.919312 6.89484 -0.945165 -0.451047 -7.32084 0.0641408 -0.14676 1.99341
2387.31 1.11084 -0.268133 7.31619 -1.18564 -0.342173 -7.19282 0.0760527 -0.13042 1.9931
2387.33 0.995922 -0.957617 8.00568 -1.10907 -0.855434 -7.14736 0.0742201 -0.13439 1.98898
2387.34 0.727789 -0.612875 6.77993 -0.812363 -0.136391 -7.23829 0.0969748 -0.130267 1.98974
2387.36 1.18745 -1.11084 6.35858 -1.15095 -0.647258 -7.18684 0.0922406 -0.123395 1.99692
2387.37 0.842703 -0.268133 7.16298 -0.714257 -0.0969093 -7.19043 0.110872 -0.122784 1.99875
2387.39 0.766094 -0.727789 7.23959 -1.12941 -0.917647 -6.99183 0.108276 -0.11637 2.00043
2387.41 0.842703 -0.65118 6.16705 -0.768096 -0.490529 -6.93679 0.126144 -0.119577 1.99799
2387.42 0.65118 -0.497961 6.66501 -1.02293 -0.813559 -7.04806 0.130114 -0.119271 1.99386
2387.44 0.842703 -0.804398 7.00976 -0.74656 -0.64008 -6.97508 0.126296 -0.125991 1.99402
2387.46 1.18745 -0.57457 7.46941 -1.02772 -0.258425 -7.24546 0.135765 -0.12706 1.98623
2387.47 1.14914 -0.919312 6.28197 -1.07557 -0.672383 -6.88894 0.130114 -0.132863 1.97813
2387.49 1.18745 -0.421352 6.85654 -0.881755 -0.339781 -7.12343 0.133932 -0.134085 1.97386
2387.51 1.18745 -0.919312 6.62671 -0.939182 -0.660419 -6.9679 0.119271 -0.135612 1.96653
2387.52 1.22575 -0.766094 6.32027 -0.909272 -0.585045 -6.84945 0.118508 -0.141263 1.9595
2387.54 0.727789 -0.191523 6.89484 -0.790828 -0.378066 -7.05882 0.112857 -0.140499 1.95859
2387.56 0.804398 -0.689484 6.81823 -0.833898 -0.707079 -7.00977 0.10232 -0.13271 1.95263
2387.57 1.03423 -0.497961 6.66501 -1.04327 -0.145962 -6.90329 0.106749 -0.130725 1.94148
2387.59 0.995922 -0.65118 7.12467 -0.893719 -0.460618 -6.99541 0.0966694 -0.135154 1.93308
2387.61 1.14914 -0.383047 6.97145 -0.837488 -0.366102 -6.91884 0.099571 -0.120646 1.9369
2387.62 0.306437 -0.536266 7.12467 -0.580259 -0.549153 -6.74058 0.104458 -0.131641 1.92988
2387.64 0.727789 -0.957617 6.12875 -0.652044 -0.281157 -6.7681 0.108123 -0.124311 1.94469
2387.66 1.07253 -0.766094 5.47757 -0.952343 -0.507278 -6.72144 0.106749 -0.126296 1.94958
2387.67 0.727789 -0.689484 6.81823 -0.784845 -0.567099 -6.68913 0.119882 -0.16081 1.97615
2387.69 0.804398 -0.383047 6.32027 -0.833898 -0.308674 -6.75015 0.120646 -0.170584 2.00684
2387.71 0.995922 -0.842703 6.47349 -1.24068 -0.619741 -6.82074 0.117592 -0.176235 1.9931
2387.72 0.689484 -0.268133 6.66501 -1.0337 -0.324227 -6.61017 0.119577 -0.194408 1.9873
2387.74 0.995922 -0.229828 7.08637 -0.891326 -0.350548 -6.57667 0.103389 -0.18219 1.9676
2387.76 0.421352 -0.497961 6.43519 -0.524028 -0.421137 -6.6652 0.0989602 -0.168599 1.95324
2387.77 0.957617 -0.191523 7.04806 -0.961914 -0.434297 -6.55633 0.0943787 -0.166308 1.94774
2387.79 0.804398 -0.804398 5.7074 -0.579063 -0.634098 -6.58505 0.0908662 -0.166613 1.94484
2387.81 1.03423 -0.344742 6.47349 -0.783649 -0.666401 -6.4678 0.105527 -0.148898 1.93247
2387.82 0.766094 -0.689484 6.74162 -0.579063 -0.124427 -6.44267 0.106749 -0.154396 1.92239
2387.84 0.957617 -0.727789 6.28197 -0.935593 -0.646062 -6.47139 0.109192 -0.144775 1.90223
2387.85 0.344742 -0.57457 6.66501 -0.707079 -0.5001 -6.31705 0.11469 -0.150273 1.89399
2387.87 1.03423 -0.842703 5.66909 -1.23589 -0.698704 -6.31226 0.116217 -0.140346 1.88834
2387.89 0.804398 -0.459656 6.62671 -0.492921 -0.246461 -6.41994 0.117286 -0.147982 1.8862
2387.9 0.612875 -0.689484 6.5501 -0.862612 -0.478564 -6.36371 0.110414 -0.133474 1.89261
2387.92 0.57457 -0.536266 6.24366 -0.489332 -0.325424 -6.4666 0.114843 -0.123853 1.88162
2387.94 0.995922 -1.03423 5.63079 -1.20837 -0.835095 -6.18544 0.108429 -0.11133 1.86757
2387.95 0.421352 -0.459656 5.93723 -0.641276 -0.460618 -6.35414 0.118355 -0.119424 1.85947
2387.97 0.804398 -0.727789 5.89892 -0.917647 -0.527617 -6.31107 0.105069 -0.105832 1.85581
2387.98 1.03423 -0.459656 6.62671 -0.557528 -0.44985 -6.31824 0.10568 -0.114385 1.85352
2388.0 1.22575 -0.497961 6.16705 -0.954736 -0.362513 -6.26201 0.102167 -0.113774 1.84985
2388.02 0.612875 -0.421352 6.77993 -0.886541 -0.538385 -6.06102 0.10232 -0.123547 1.85046
2388.03 0.612875 -0.957617 6.5501 -1.11864 -0.84347 -6.11964 0.0986547 -0.118508 1.85077
2388.05 0.766094 -0.383047 6.35858 -0.975075 -0.482154 -6.25484 0.0983493 -0.113926 1.85184
2388.07 0.957617 -0.689484 6.5118 -0.620937 -0.338584 -6.3015 0.0894917 -0.109345 1.84542
2388.08 0.881008 -0.268133 6.05214 -0.836291 -0.260818 -6.23689 0.0762054 -0.0940732 1.82924
2388.1 0.65118 -0.881008 5.66909 -0.601795 -0.616152 -6.16391 0.071624 -0.0943787 1.81427
2388.12 0.766094 -0.344742 6.24366 -0.93679 -0.452243 -6.08016 0.0789543 -0.0911716 1.81763
2388.13 0.497961 -0.536266 6.01384 -0.693918 -0.460618 -6.07896 0.0835358 -0.0975857 1.83046
2388.15 0.689484 -0.306437 6.05214 -0.626919 -0.320638 -6.04068 0.0991129 -0.110567 1.83763
2388.16 0.497961 -0.727789 5.97553 -0.666401 -0.637687 -6.02512 0.0997237 -0.110108 1.84374
2388.18 0.229828 -0.689484 5.40096 -0.634098 -0.361316 -5.9342 0.114995 -0.118813 1.85504
2388.2 1.07253 -0.306437 5.36266 -0.954736 -0.334995 -5.9342 0.115912 -0.135459 1.85993
2388.21 0.306437 -0.804398 5.43926 -0.54317 -0.480957 -6.06939 0.113774 -0.151342 1.85352
2388.23 1.18745 -0.612875 5.59248 -0.882951 -0.332602 -5.83489 0.111025 -0.151036 1.84848
2388.25 0.459656 -0.727789 5.28605 -0.405583 -0.503689 -6.07537 0.110261 -0.167835 1.83763
2388.26 0.65118 -0.65118 5.7457 -0.790828 -0.459422 -6.02991 0.10797 -0.166003 1.83763
2388.28 1.03423 -0.497961 4.78809 -0.612562 -0.687936 -5.66142 0.102625 -0.173333 1.8358
2388.3 0.995922 -0.612875 5.17113 -0.684347 -0.579063 -5.86122 0.091477 -0.178067 1.84771
2388.32 0.459656 -0.191523 6.05214 -0.452243 -0.0957129 -5.90429 0.0810924 -0.17654 1.84878
2388.33 0.459656 -0.65118 5.78401 -0.969093 -0.625723 -5.82891 0.0649044 -0.176693 1.84069
2388.35 0.881008 -0.459656 5.78401 -0.588634 -0.165105 -5.64347 0.0589485 -0.184023 1.81167
2388.36 1.03423 -0.57457 6.35858 -1.08514 -0.796809 -5.78225 0.0320704 -0.183565 1.80465
2388.38 0.306437 -0.306437 5.40096 -0.503689 -0.535992 -5.66381 0.0342084 -0.187077 1.80114
2388.4 0.766094 -0.536266 4.97961 -0.719043 -0.528814 -5.74636 0.0282525 -0.172875 1.79472
2388.41 0.344742 -0.459656 6.43519 -0.801595 -0.486939 -5.8002 0.0343612 -0.171959 1.76907
2388.43 0.804398 -0.65118 6.09044 -0.631705 -0.667597 -5.66142 0.0314596 -0.166155 1.75486
2388.44 0.459656 -0.881008 5.40096 -0.574277 -0.447458 -5.78823 0.0448986 -0.16585 1.74738
2388.46 0.804398 -0.536266 5.55418 -0.708275 -0.269192 -5.69372 0.0525344 -0.166003 1.75563
2388.48 0.957617 -0.344742 4.903 -0.924826 -0.398405 -5.71286 0.0592539 -0.160963 1.76693
2388.49 0.65118 -0.689484 5.28605 -0.512064 -0.485743 -5.63749 0.0795652 -0.159589 1.78877
2388.51 1.03423 -0.497961 5.97553 -0.452243 -0.661615 -5.56451 0.0933096 -0.14844 1.77578
2388.52 0.881008 -0.612875 5.55418 -0.531206 -0.284746 -5.4652 0.120035 -0.131489 1.76769
2388.54 1.03423 -0.383047 4.71148 -0.837488 -0.259621 -5.42213 0.135765 -0.11805 1.75532
2388.56 0.689484 -0.421352 5.63079 -0.62333 -0.482154 -5.63629 0.140652 -0.117133 1.74387
2388.57 0.766094 -0.459656 5.59248 -0.827916 -0.344566 -5.46281 0.15012 -0.106596 1.73959
2388.59 0.804398 -0.612875 5.36266 -0.70349 -0.675972 -5.37787 0.147371 -0.113774 1.72829
2388.61 0.727789 -0.268133 4.78809 -0.588634 0.0514457 -5.51545 0.149815 -0.106596 1.71546
2388.62 0.919312 -0.65118 5.7457 -0.762114 -0.586241 -5.40538 0.135001 -0.107207 1.70599
2388.64 0.995922 -0.57457 5.05622 -0.598205 -0.0514457 -5.39701 0.133779 -0.110567 1.69637
2388.66 0.842703 -0.536266 6.01384 -0.815952 -0.551545 -5.52861 0.113468 -0.107207 1.69469
2388.67 0.536266 -0.191523 5.17113 -0.707079 -0.12323 -5.27617 0.123395 -0.111025 1.69057
2388.69 0.65118 -0.536266 5.89892 -0.60658 -0.460618 -5.34556 0.105374 -0.118202 1.68339
2388.71 0.804398 -0.57457 5.97553 -0.673579 -0.349352 -5.24626 0.101098 -0.123395 1.68721
2388.72 0.497961 -0.57457 4.44334 -0.597009 -0.45344 -5.24267 0.0954477 -0.123089 1.68813
2388.74 0.689484 -0.727789 5.17113 -0.599402 -0.332602 -5.15533 0.0939205 -0.125991 1.6869
2388.75 0.497961 -0.65118 5.82231 -0.752542 -0.253639 -5.14337 0.0899499 -0.135001 1.67759
2388.77 0.689484 -0.612875 4.903 -0.561117 -0.387637 -5.38744 0.0902553 -0.140499 1.67087
2388.79 0.727789 -0.306437 5.05622 -0.904487 -0.275174 -5.24865 0.0878119 -0.136834 1.67346
2388.8 0.459656 -0.536266 4.48165 -0.7334 -0.218943 -5.27019 0.0792598 -0.15012 1.67423
2388.82 0.957617 -0.459656 5.40096 -0.752542 -0.305085 -5.1338 0.0800233 -0.140957 1.67774
2388.83 0.497961 -0.57457 4.97961 -0.598205 -0.37328 -5.02732 0.0803288 -0.153022 1.67408
2388.85 0.881008 -0.57457 4.71148 -0.625723 -0.187837 -5.20678 0.0838412 -0.148898 1.67652
2388.86 0.689484 -0.497961 4.82639 -0.496511 -0.472582 -5.04407 0.0844521 -0.152869 1.66965
2388.88 1.11084 -0.459656 5.20944 -0.581456 -0.410369 -5.26899 0.0910189 -0.144011 1.6669
2388.9 0.497961 -0.344742 5.05622 -0.401994 -0.199801 -5.01296 0.0939205 -0.149662 1.66522
2388.91 0.689484 -0.65118 4.63487 -0.740578 -0.459422 -5.07278 0.0928515 -0.135612 1.65987
2389.53 0.459656 -0.536266 3.63894 -0.452243 -0.239282 -4.36929 0.162185 -0.19227 1.61727
2389.54 0.344742 -0.612875 4.51995 -0.471386 -0.427119 -4.39681 0.159589 -0.198073 1.61299
2389.56 0.459656 -0.268133 4.40504 -0.504885 -0.174676 -4.32981 0.15852 -0.200975 1.60856
2389.58 0.497961 -0.344742 4.36673 -0.463011 -0.175872 -4.41356 0.146455 -0.208763 1.59497
2389.59 0.344742 -0.459656 4.59656 -0.474975 -0.168694 -4.27956 0.131794 -0.209527 1.58519
2389.61 0.383047 -0.497961 3.56234 -0.528814 -0.187837 -4.41236 0.122631 -0.209679 1.58046
2389.63 0.57457 -0.57457 4.0603 -0.472582 -0.325424 -4.36092 0.107207 -0.206472 1.56488
2389.64 0.383047 -0.344742 4.13691 -0.472582 -0.254835 -4.2999 0.0945314 -0.203876 1.54717
2389.66 0.689484 -0.421352 4.0986 -0.600598 -0.330209 -4.30229 0.0859793 -0.198531 1.53907
2389.67 0.306437 -0.689484 3.71555 -0.34337 -0.236889 -4.32742 0.0759 -0.188757 1.51663
2389.69 0.497961 -0.497961 3.86877 -0.587438 -0.338584 -4.24846 0.0653626 -0.173333 1.49662
2389.71 0.689484 -0.306437 4.36673 -0.446261 -0.338584 -4.20419 0.0626137 -0.166919 1.48501
2389.72 0.536266 -0.306437 4.17521 -0.601795 -0.246461 -4.35613 0.0511599 -0.140957 1.46547
2389.74 0.268133 -0.344742 4.21351 -0.29671 -0.293121 -4.25563 0.0490219 -0.126755 1.45004
2389.76 0.57457 -0.689484 4.13691 -0.427119 -0.189033 -4.11446 0.0464257 -0.108429 1.44027
2389.77 0.57457 -0.536266 4.32843 -0.480957 -0.31346 -4.10369 0.0461203 -0.101862 1.43737
2389.79 0.497961 -0.344742 4.21351 -0.512064 -0.37328 -4.17547 0.0488692 -0.0896445 1.43126
2389.81 0.57457 -0.268133 4.51995 -0.396012 -0.21655 -4.2688 0.0594066 -0.086132 1.42805
2389.82 0.57457 -0.421352 3.79216 -0.582652 -0.398405 -4.09172 0.0641408 -0.0817032 1.42897
2389.84 0.727789 -0.191523 3.75386 -0.323031 -0.222532 -4.09412 0.0781907 -0.0804815 1.43217
2389.86 0.612875 -0.344742 4.51995 -0.601795 -0.327816 -4.15513 0.0842994 -0.0772744 1.44164
2389.87 0.306437 -0.497961 4.55826 -0.535992 -0.294317 -4.08096 0.0896445 -0.0807869 1.44668
2389.89 0.497961 -0.421352 3.90708 -0.547956 -0.0945165 -4.07258 0.104916 -0.0873537 1.46394
2389.91 0.306437 -0.612875 4.0603 -0.437886 -0.349352 -4.08574 0.111177 -0.100029 1.47112
2389.92 0.536266 -0.459656 3.94538 -0.497707 -0.297906 -4.02233 0.114385 -0.112705 1.48333
2389.94 0.344742 -0.536266 4.0603 -0.264407 -0.239282 -3.98524 0.120188 -0.116981 1.487
2389.96 0.383047 -0.229828 4.21351 -0.363709 -0.254835 -3.97567 0.11973 -0.131031 1.4928
2389.97 0.421352 -0.344742 3.90708 -0.4666 -0.101695 -3.95294 0.110719 -0.148746 1.50288
2389.99 0.459656 -0.344742 3.83047 -0.480957 -0.27996 -3.94935 0.10568 -0.161116 1.50227
2390.01 0.842703 -0.421352 4.13691 -0.550349 -0.270389 -3.95773 0.0936151 -0.174097 1.50746
2390.02 0.344742 -0.383047 4.13691 -0.251246 -0.0562313 -4.02951 0.0824668 -0.191964 1.50334
2390.04 0.689484 -0.459656 3.75386 -0.394816 -0.361316 -4.01515 0.0704022 -0.197004 1.50212
2390.06 0.191523 -0.344742 4.0986 -0.528814 -0.181854 -3.9326 0.0606284 -0.210748 1.4899
2390.07 0.459656 -0.65118 3.63894 -0.488136 -0.320638 -3.82253 0.0378736 -0.213803 1.4786
2390.09 0.383047 -0.268133 3.98369 -0.531206 -0.232104 -3.87757 0.030696 -0.221439 1.47203
2390.11 0.536266 -0.536266 3.94538 -0.531206 -0.379262 -3.78185 0.0235183 -0.21869 1.46837
2390.12 0.383047 -0.65118 3.44742 -0.305085 -0.206979 -3.83809 0.0186314 -0.225715 1.46073
2390.14 0.497961 -0.536266 3.33251 -0.354138 -0.244068 -3.79382 0.00916297 -0.214261 1.45432
2390.16 0.268133 -0.421352 3.75386 -0.351745 -0.184247 -3.80698 0.0109956 -0.215788 1.44577
2390.17 -0.0766094 -0.268133 3.75386 -0.556331 -0.318245 -3.79502 0.0116064 -0.199295 1.43935
2390.19 0.268133 -0.306437 3.40912 -0.251246 -0.236889 -3.78425 0.0209221 -0.190284 1.43385
2390.21 0.459656 -0.65118 3.63894 -0.361316 -0.2333 -3.79143 0.02474 -0.182496 1.4311
2390.22 0.114914 -0.459656 3.21759 -0.327816 -0.210568 -3.76511 0.043066 -0.172875 1.42515
2390.24 0.804398 -0.459656 3.60064 -0.585045 -0.288335 -3.73998 0.0561996 -0.159741 1.42087
2390.26 0.459656 -0.536266 3.10268 -0.287139 -0.31346 -3.78664 0.0662789 -0.153938 1.41934
2390.27 0.421352 -0.306437 3.37081 -0.461814 -0.334995 -3.69212 0.0859793 -0.140957 1.4166
2390.29 0.268133 -0.881008 3.33251 -0.224925 -0.486939 -3.76391 0.0986547 -0.131336 1.41797
2390.31 0.421352 -0.344742 3.63894 -0.391226 -0.350548 -3.67896 0.118508 -0.123089 1.41644
2390.32 0.65118 -0.842703 3.48573 -0.352941 -0.387637 -3.68495 0.12034 -0.124158 1.41583
2390.34 0.421352 -0.229828 3.83047 -0.473779 0.0287139 -3.65862 0.13607 -0.120951 1.41873
2390.36 0.536266 -0.421352 3.60064 -0.527617 -0.337388 -3.62752 0.134543 -0.123242 1.41934
2390.37 0.459656 -0.268133 3.48573 -0.458225 -0.135194 -3.55932 0.138972 -0.118966 1.42255
2390.39 0.383047 -0.344742 3.33251 -0.514457 -0.288335 -3.62513 0.144011 -0.125838 1.41293
2390.4 0.421352 -0.268133 3.86877 -0.327816 -0.312263 -3.61795 0.140957 -0.126755 1.4114
2390.42 0.612875 -0.153219 3.60064 -0.421137 -0.363709 -3.58325 0.137139 -0.129809 1.41079
2390.44 0.421352 -0.497961 3.44742 -0.336191 -0.25005 -3.49831 0.130572 -0.133779 1.40667
2390.45 0.497961 -0.268133 3.83047 -0.361316 -0.191426 -3.44447 0.116981 -0.136528 1.40499
2390.47 0.497961 -0.459656 3.33251 -0.386441 -0.232104 -3.48754 0.11133 -0.140499 1.40102
2390.49 0.459656 -0.344742 3.21759 -0.439083 -0.202193 -3.41336 0.0922406 -0.144317 1.3914
2390.5 0.459656 -0.383047 3.44742 -0.452243 -0.148355 -3.55932 0.076969 -0.153938 1.37399
2390.52 0.383047 -0.57457 3.40912 -0.484546 -0.37328 -3.50907 0.0623082 -0.152716 1.36834
2390.54 0.727789 -0.459656 3.52403 -0.36012 -0.195015 -3.40379 0.0514654 -0.161116 1.3636
2390.55 0.536266 -0.268133 3.2559 -0.525224 -0.125623 -3.47557 0.0345139 -0.158672 1.35536
2390.57 0.612875 -0.57457 3.48573 -0.295514 -0.323031 -3.41216 0.0203113 -0.162796 1.35368
2390.59 0.383047 -0.229828 3.37081 -0.281157 -0.0418744 -3.39302 0.0210748 -0.161726 1.352
2390.6 0.268133 -0.57457 3.2942 -0.273978 -0.27996 -3.42293 0.0119119 -0.159741 1.34848
2390.62 0.421352 -0.497961 3.40912 -0.460618 -0.337388 -3.33559 0.0184787 -0.152716 1.34558
2390.63 0.344742 -0.57457 3.2559 -0.332602 -0.224925 -3.38345 0.0241292 -0.152564 1.34482
2390.65 0.344742 -0.421352 3.71555 -0.42353 -0.289531 -3.38106 0.0242819 -0.147066 1.34604
2390.67 0.536266 -0.459656 3.2942 -0.370887 -0.362513 -3.35833 0.0273362 -0.144317 1.34497
2390.68 0.421352 -0.421352 3.52403 -0.378066 -0.221336 -3.3332 0.0326813 -0.140804 1.34512
2390.7 0.536266 -0.344742 2.75794 -0.332602 -0.284746 -3.35952 0.0432187 -0.14279 1.34619
2390.72 0.536266 -0.421352 3.17929 -0.405583 -0.337388 -3.2985 0.0496328 -0.139888 1.34665
2390.73 0.229828 -0.421352 3.06437 -0.288335 -0.229711 -3.3667 0.0514654 -0.137597 1.34986
2390.75 0.229828 -0.727789 2.91116 -0.303888 -0.345763 -3.40977 0.0609338 -0.136528 1.35016
2390.77 0.383047 -0.421352 3.2942 -0.256032 -0.184247 -3.32722 0.0708604 -0.13439 1.34864
2390.78 0.497961 -0.459656 3.44742 -0.385244 -0.374477 -3.23868 0.0717766 -0.1321 1.35246
2390.8 0.306437 -0.689484 2.98777 -0.252443 -0.290728 -3.28295 0.0846048 -0.13607 1.3465
2390.82 0.727789 -0.268133 2.98777 -0.490529 -0.317049 -3.17527 0.0859793 -0.131183 1.34375
2390.83 0.344742 -0.268133 3.14098 -0.311067 -0.290728 -3.27577 0.0931569 -0.131031 1.34299
2390.85 0.229828 -0.344742 3.21759 -0.519242 -0.307478 -3.24586 0.0888809 -0.129656 1.34192
2390.87 0.153219 -0.229828 3.2559 -0.297906 -0.108873 -3.2674 0.0943787 -0.135917 1.33703
2390.88 0.268133 -0.383047 2.87285 -0.407976 -0.241675 -3.16211 0.090408 -0.138208 1.33291
2390.9 0.727789 -0.459656 3.48573 -0.165105 -0.12323 -3.23629 0.0960585 -0.138819 1.33413
2390.91 0.459656 -0.536266 3.14098 -0.467797 -0.37328 -3.14417 0.089339 -0.141721 1.33657
2390.93 0.421352 -0.421352 3.02607 -0.413958 -0.20339 -3.08913 0.0942259 -0.148288 1.33749
2390.95 0.268133 -0.268133 3.06437 -0.417547 -0.145962 -3.19083 0.0934624 -0.151495 1.33657
2390.96 0.383047 -0.268133 2.91116 -0.457029 -0.277567 -3.1681 0.0907135 -0.153785 1.33413
2390.98 0.459656 -0.268133 3.10268 -0.130409 -0.199801 -3.11785 0.0916298 -0.162185 1.33123
2391.0 0.344742 -0.306437 2.83455 -0.265603 -0.104088 -3.11545 0.0908662 -0.15745 1.32985
2391.01 0.344742 -0.383047 3.10268 -0.303888 -0.291924 -3.08554 0.0859793 -0.162796 1.32634
2391.04 0.344742 -0.57457 2.68133 -0.43669 -0.11007 -3.11306 0.0856738 -0.164628 1.32069
2391.05 0.268133 -0.191523 3.14098 -0.222532 -0.229711 -3.07717 0.0890336 -0.166308 1.31932
2391.07 0.229828 -0.421352 3.40912 -0.270389 -0.209372 -3.01855 0.0858265 -0.168904 1.3158
2391.09 0.268133 -0.191523 2.75794 -0.386441 -0.197408 -3.07119 0.0879646 -0.165239 1.31397
2391.1 0.383047 -0.306437 2.60472 -0.350548 -0.184247 -3.00419 0.0859793 -0.166308 1.31199
2391.12 0.114914 -0.459656 3.06437 -0.246461 -0.0634098 -3.02812 0.0951423 -0.168446 1.30618
2391.14 0.344742 -0.383047 3.2942 -0.336191 -0.193819 -3.01495 0.0923933 -0.163254 1.30343
2391.15 0.536266 -0.268133 3.48573 -0.311067 -0.13998 -3.0664 0.0968221 -0.162948 1.30145
2391.17 0.459656 -0.344742 3.10268 -0.307478 -0.168694 -2.95035 0.100487 -0.159894 1.29564
2391.19 0.306437 -0.268133 2.56641 -0.461814 -0.227318 -2.95394 0.104305 -0.153785 1.2929
2391.2 0.497961 -0.383047 2.87285 -0.372084 -0.257228 -2.98983 0.106596 -0.154243 1.29061
2391.22 0.344742 -0.268133 2.94946 -0.503689 -0.147159 -2.89531 0.11133 -0.142637 1.2877
2391.24 0.383047 -0.344742 2.94946 -0.196211 -0.13998 -2.97428 0.117439 -0.149815 1.28083
2391.25 0.421352 -0.344742 2.64302 -0.375673 -0.0370887 -2.90967 0.117744 -0.139735 1.27518
2391.27 0.383047 -0.306437 2.79624 -0.200997 -0.13998 -2.91446 0.120646 -0.14111 1.26907
2391.29 0.191523 -0.344742 2.68133 -0.315852 -0.214158 -2.97667 0.124006 -0.135307 1.26296
2391.3 0.459656 -0.268133 2.98777 -0.241675 -0.209372 -2.89292 0.128893 -0.12874 1.25716
2391.32 0.383047 -0.306437 2.71963 -0.318245 -0.112463 -2.87617 0.13042 -0.129656 1.25212
2391.34 0.459656 -0.191523 2.98777 -0.273978 -0.114855 -2.8319 0.129656 -0.124616 1.25181
2391.35 0.383047 -0.268133 2.94946 -0.345763 -0.130409 -2.82712 0.132405 -0.125838 1.2512
2391.37 0.229828 -0.229828 2.56641 -0.31346 -0.0897308 -2.78405 0.133169 -0.125686 1.24968
2391.38 0.191523 -0.229828 2.75794 -0.32662 -0.144766 -2.80199 0.12874 -0.122937 1.24922
2391.4 0.306437 -0.306437 2.87285 -0.17348 -0.113659 -2.86062 0.130725 -0.126449 1.2454
2391.42 0.421352 -0.383047 2.71963 -0.396012 -0.100499 -2.8331 0.128587 -0.126296 1.24357
2391.44 0.229828 -0.0383047 2.60472 -0.195015 -0.119641 -2.83549 0.13042 -0.128129 1.24158
2391.45 0.344742 -0.383047 2.4898 -0.362513 -0.224925 -2.77448 0.125533 -0.125838 1.2396
2391.47 0.459656 -0.344742 2.41319 -0.264407 -0.0909272 -2.81396 0.122478 -0.125838 1.23639
2391.48 0.268133 -0.421352 2.71963 -0.364905 -0.160319 -2.80558 0.120951 -0.128434 1.23196
2391.5 0.344742 -0.459656 2.4898 -0.318245 0.00717846 -2.72662 0.120646 -0.129351 1.23181
2391.52 0.421352 -0.344742 2.79624 -0.391226 -0.177069 -2.72183 0.111941 -0.132863 1.22372
2391.53 0.268133 -0.306437 3.17929 -0.273978 -0.12323 -2.71226 0.109039 -0.130114 1.22265
2391.55 0.229828 -0.344742 2.68133 -0.417547 -0.246461 -2.76132 0.104153 -0.133627 1.21257
2391.57 0.344742 -0.191523 2.56641 -0.31346 -0.0550349 -2.64646 0.0994183 -0.133779 1.20921
2391.58 0.306437 -0.421352 2.64302 -0.361316 -0.119641 -2.72542 0.0965167 -0.133321 1.20264
2391.6 0.383047 -0.268133 2.22167 -0.230907 -0.108873 -2.68475 0.095295 -0.132558 1.20065
2391.62 0.459656 -0.306437 2.41319 -0.336191 -0.180658 -2.61416 0.0902553 -0.131947 1.19745
2391.63 0.306437 -0.383047 2.64302 -0.178265 -0.0729811 -2.7003 0.0908662 -0.133932 1.19668
2391.65 0.268133 -0.421352 2.4898 -0.370887 -0.087338 -2.70389 0.0910189 -0.131489 1.19974
2391.67 0.344742 -0.306437 2.52811 -0.30987 -0.132802 -2.62493 0.089339 -0.135765 1.20157
2391.68 0.421352 -0.229828 2.4898 -0.289531 -0.195015 -2.59621 0.0873537 -0.137445 1.20295
2391.7 0.344742 -0.229828 2.56641 -0.267996 -0.101695 -2.57468 0.0879646 -0.13943 1.20004
2391.72 0.383047 -0.383047 2.33659 -0.278764 -0.209372 -2.67039 0.0870483 -0.138972 1.20004
2391.73 0.268133 -0.421352 2.29828 -0.293121 -0.112463 -2.59741 0.0884227 -0.139735 1.19913
2391.75 0.612875 -0.153219 2.52811 -0.262014 -0.208175 -2.56391 0.0931569 -0.145997 1.19653
2391.77 0.536266 -0.421352 2.71963 -0.271585 -0.132802 -2.54477 0.0913243 -0.142026 1.19882
2391.78 0.191523 -0.268133 2.52811 -0.157926 -0.0538385 -2.57468 0.0986547 -0.146913 1.1973
2391.8 0.344742 -0.421352 2.4515 -0.303888 -0.181854 -2.5316 0.100335 -0.142637 1.19806
2391.82 0.229828 -0.268133 2.33659 -0.136391 -0.0430708 -2.48853 0.105832 -0.147371 1.19775
2391.83 0.0766094 -0.344742 1.99184 -0.338584 -0.212961 -2.54118 0.106596 -0.143706 1.19775
2391.85 0.229828 -0.344742 2.29828 -0.262014 -0.185444 -2.47059 0.110719 -0.147829 1.19592
2391.87 0.65118 -0.421352 2.4515 -0.380459 -0.205783 -2.534 0.109039 -0.144164 1.1973
2391.88 0.57457 -0.459656 2.33659 -0.222532 -0.0454636 -2.48853 0.114079 -0.147677 1.1973
2391.9 0.383047 -0.344742 2.64302 -0.22014 -0.0179462 -2.52323 0.118813 -0.151953 1.19607
2391.92 0.497961 -0.421352 2.41319 -0.211765 -0.040678 -2.52921 0.123395 -0.154243 1.19317
2391.93 0.268133 -0.229828 2.37489 -0.253639 -0.102891 -2.49332 0.119882 -0.152716 1.1918
2391.95 0.114914 -0.383047 2.33659 -0.400798 -0.230907 -2.48016 0.120799 -0.152105 1.18752
2391.97 0.268133 -0.344742 2.56641 -0.254835 -0.144766 -2.51366 0.121868 -0.154396 1.18294
2391.98 0.191523 -0.383047 2.22167 -0.331406 -0.240479 -2.44786 0.117897 -0.151953 1.18263
2392.0 0.191523 -0.268133 2.41319 -0.154337 0.0143569 -2.44427 0.124769 -0.153938 1.17469
2392.01 0.383047 -0.306437 2.22167 -0.306281 -0.135194 -2.42273 0.115912 -0.152258 1.17026
2392.03 0.421352 -0.268133 2.56641 -0.217747 0.0179462 -2.36889 0.117897 -0.155618 1.16477
2392.05 0.153219 -0.421352 2.25998 -0.147159 -0.0969093 -2.34018 0.113926 -0.154854 1.15835
2392.06 0.383047 -0.229828 2.60472 -0.26321 -0.116052 -2.40479 0.109345 -0.153022 1.15316
2392.08 0.153219 -0.229828 2.29828 -0.369691 -0.241675 -2.39522 0.108123 -0.155771 1.14873
2392.1 0.306437 -0.268133 2.03015 -0.143569 0.0215354 -2.34257 0.105222 -0.153785 1.14522
2392.11 0.383047 -0.229828 1.99184 -0.167498 -0.149551 -2.36889 0.102167 -0.157603 1.13819
2392.13 0.306437 -0.268133 2.10676 -0.167498 -0.0514457 -2.32223 0.101556 -0.15516 1.13728
2392.15 -0.0383047 -0.421352 2.14506 -0.238086 -0.166301 -2.30548 0.0925461 -0.151495 1.13514
2392.16 0.383047 -0.229828 2.06845 -0.305085 -0.102891 -2.3007 0.0926988 -0.157756 1.13331
2392.18 0.191523 -0.268133 2.18337 -0.319442 -0.199801 -2.30309 0.0899499 -0.165544 1.12918
2392.2 0.268133 -0.459656 2.14506 -0.151944 -0.0837488 -2.28873 0.087201 -0.163559 1.1272
2392.21 0.268133 -0.344742 2.18337 -0.252443 -0.0885344 -2.28275 0.0878119 -0.167835 1.12353
2392.23 0.229828 -0.459656 2.18337 -0.102891 -0.150748 -2.26481 0.0798706 -0.165239 1.12231
2392.25 0.344742 -0.229828 2.06845 -0.252443 0.0562313 -2.26361 0.0806342 -0.164017 1.12033
2392.26 0.344742 -0.191523 2.06845 -0.289531 -0.181854 -2.25284 0.0778853 -0.167072 1.11575
2392.28 0.114914 -0.306437 2.03015 -0.244068 -0.0478564 -2.27916 0.0733038 -0.167377 1.11468
2392.29 0.306437 -0.153219 1.76202 -0.248853 -0.234497 -2.24207 0.0736092 -0.165239 1.11101
2392.31 0.497961 -0.612875 2.29828 -0.0909272 -0.120837 -2.26241 0.0700968 -0.169057 1.1049
2392.33 0.383047 -0.306437 2.29828 -0.327816 -0.0370887 -2.12004 0.0693332 -0.166766 1.1046
2392.34 0.344742 -0.229828 1.83862 -0.0789631 -0.108873 -2.2002 0.0647517 -0.167682 1.10551
2392.36 0.497961 -0.536266 2.10676 -0.282353 -0.0993021 -2.16909 0.0630718 -0.162185 1.10246
2392.38 0.383047 -0.268133 2.25998 -0.0909272 -0.0514457 -2.18345 0.0642935 -0.170431 1.10154
2392.4 0.268133 -0.191523 2.37489 -0.264407 -0.0729811 -2.24327 0.0604756 -0.169057 1.09895
2392.41 0.536266 -0.268133 1.83862 -0.124427 -0.124427 -2.17627 0.0633773 -0.17318 1.09727
2392.43 0.191523 -0.306437 2.18337 -0.150748 -0.102891 -2.17149 0.0644463 -0.169057 1.0962
2392.44 0.114914 -0.421352 2.06845 -0.199801 -0.0837488 -2.14397 0.0636827 -0.170737 1.09498
2392.46 0.268133 -0.497961 2.06845 -0.163908 -0.0825523 -2.16431 0.0650571 -0.168293 1.09253
2392.48 0.344742 -0.344742 1.91523 -0.282353 -0.246461 -2.18225 0.0690278 -0.166003 1.08948
2392.49 0.383047 -0.383047 1.91523 -0.351745 -0.0658026 -2.15115 0.073762 -0.167224 1.08917
2392.51 0.268133 -0.383047 2.18337 -0.252443 -0.218943 -2.12243 0.0742201 -0.164323 1.0878
2392.53 0.306437 -0.191523 2.06845 -0.209372 -0.148355 -2.18824 0.0835358 -0.166919 1.08444
2392.54 0.229828 -0.306437 1.91523 -0.198604 -0.189033 -2.14995 0.0852157 -0.160658 1.08566
2392.56 -0.0383047 -0.191523 1.83862 -0.0693918 -0.0813559 -2.04945 0.0894917 -0.156992 1.08474
2392.58 0.459656 -0.344742 1.95354 -0.179462 -0.234497 -2.04586 0.0911716 -0.156992 1.0823
2392.59 0.153219 -0.421352 2.29828 -0.254835 -0.104088 -1.98724 0.0998765 -0.159589 1.07909
2392.61 0.306437 -0.268133 1.72371 -0.293121 -0.248853 -2.08175 0.101098 -0.160199 1.07589
2392.63 0.268133 -0.383047 1.53219 -0.226122 -0.153141 -2.09731 0.102014 -0.155312 1.07573
2392.64 0.344742 -0.497961 1.95354 -0.12682 -0.241675 -2.02193 0.0972803 -0.153633 1.06657
2392.66 0.344742 -0.383047 1.83862 -0.189033 -0.0239282 -2.03509 0.0966694 -0.15348 1.05725
2392.68 0.268133 -0.306437 2.10676 -0.190229 -0.136391 -2.11884 0.0905607 -0.151036 1.05252
2392.69 0.229828 -0.497961 1.87693 -0.327816 -0.212961 -2.03868 0.0875064 -0.147829 1.04473
2392.71 0.536266 -0.229828 2.10676 -0.330209 -0.0693918 -2.04826 0.0873537 -0.146913 1.03328
2392.73 0.268133 -0.306437 1.83862 -0.27996 -0.193819 -1.98843 0.0830777 -0.144928 1.02579
2392.74 0.344742 -0.191523 1.37897 -0.150748 -0.0430708 -2.00877 0.0771217 -0.141873 1.01755
2392.76 0.344742 -0.344742 1.99184 -0.107677 -0.00837488 -2.00758 0.0693332 -0.139125 1.0119
2392.78 0.191523 -0.191523 1.91523 -0.0813559 0.0717846 -1.98365 0.0668897 -0.131031 1.00411
2392.79 0.0766094 -0.0766094 1.72371 -0.11007 -0.0215354 -1.97049 0.0616974 -0.134085 1.00258
2392.81 0.344742 -0.344742 1.99184 -0.277567 -0.11007 -1.92263 0.0578795 -0.129045 1.00136
2392.83 0.0383047 -0.268133 1.30236 -0.295514 0.0191426 -1.98006 0.0534507 -0.132558 0.994489
2392.84 0.344742 -0.421352 1.87693 -0.312263 -0.0945165 -1.95852 0.0487165 -0.127671 0.987616
2392.86 0.421352 -0.57457 2.29828 -0.345763 -0.30987 -1.90469 0.0429133 -0.125227 0.982729
2392.87 0.344742 -0.689484 1.80032 -0.367298 -0.441475 -1.89153 0.047342 -0.128434 0.971734
2392.89 0.153219 -0.306437 1.49388 -0.0729811 -0.252443 -1.89153 0.0455095 -0.127518 0.971428
2392.91 0.229828 -0.383047 2.14506 -0.114855 -0.168694 -1.88195 0.0378736 -0.121409 0.954171
2392.92 0.229828 -0.114914 1.80032 -0.108873 0.0741775 -1.87956 0.0363465 -0.119119 0.946688
2392.94 0.0766094 -0.57457 1.72371 -0.565902 -0.183051 -1.95254 0.02474 -0.120188 0.940732
2392.96 0.268133 -0.229828 1.80032 -0.291924 -0.0346959 -1.85803 0.031765 -0.124922 0.935387
2392.97 0.306437 -0.344742 1.83862 -0.190229 -0.257228 -1.87956 0.0201585 -0.119882 0.937525
2392.99 0.229828 -0.497961 1.83862 -0.114855 -0.147159 -1.83769 0.0233656 -0.109192 0.925003
2393.01 0.268133 -0.114914 1.87693 -0.163908 -0.0167498 -1.84247 0.0235183 -0.107818 0.913549
2393.02 0.0766094 -0.421352 1.83862 -0.122034 -0.229711 -1.85444 0.0222966 -0.103847 0.894612
2393.04 0.268133 -0.344742 1.80032 -0.178265 -0.218943 -1.78385 0.0201585 -0.097433 0.894001
2393.06 0.229828 -0.229828 1.95354 -0.200997 -0.202193 -1.81496 0.0192422 -0.0965167 0.898277
2393.07 0.421352 -0.383047 1.80032 -0.242871 -0.198604 -1.79821 0.0180205 -0.0908662 0.887434
2393.09 0.344742 -0.459656 1.91523 -0.0801595 -0.0622134 -1.8341 0.0209221 -0.0891863 0.891863
2393.11 0.268133 -0.306437 1.6471 -0.241675 -0.13998 -1.79581 0.0192422 -0.0873537 0.892169
2393.12 0.229828 -0.344742 1.91523 -0.137587 -0.0801595 -1.77188 0.019395 -0.0870483 0.899499
2393.14 0.0766094 -0.268133 1.91523 -0.240479 -0.129212 -1.78983 0.0253509 -0.0885754 0.902706
2393.16 0.268133 -0.344742 1.6471 -0.20339 -0.0478564 -1.70369 0.0294742 -0.0949895 0.910189
2393.17 0.306437 -0.229828 1.45558 -0.190229 -0.167498 -1.6989 0.0280998 -0.0926988 0.915076
2393.19 0.114914 -0.153219 1.6471 -0.120837 -0.09332 -1.7659 0.0375682 -0.0988074 0.922101
2393.21 0.497961 -0.306437 1.68541 -0.178265 -0.0837488 -1.7336 0.0455095 -0.103236 0.932027
2393.22 0.344742 -0.268133 1.68541 -0.165105 -0.0646062 -1.70369 0.0435241 -0.104763 0.939511
