2333.16 0.191523 -0.268133 -9.23143 0.0837488 0.0957129 10.0116 0.0739146 -0.161879 -0.0844521
2333.18 0.0 -0.229828 -9.34634 0.09332 0.104088 9.99123 0.0719294 -0.161879 -0.0826195
2333.2 0.0766094 -0.306437 -9.07821 0.0717846 0.102891 10.0032 0.0745255 -0.16417 -0.0817032
2333.21 0.0766094 -0.191523 -9.42295 0.0837488 0.122034 10.0056 0.0754418 -0.163254 -0.0829249
2333.23 -0.114914 -0.191523 -9.65278 0.102891 0.117248 10.0152 0.0754418 -0.163101 -0.0827722
2333.25 -0.0383047 -0.229828 -9.42295 0.100499 0.128016 10.008 0.0722348 -0.162643 -0.081245
2333.26 0.0 -0.268133 -9.76769 0.101695 0.12323 10.0032 0.0734565 -0.166919 -0.0818559
2333.28 -0.0766094 -0.268133 -9.46126 0.104088 0.147159 9.99841 0.0736092 -0.166155 -0.0826195
2333.3 0.0 -0.153219 -9.38465 0.108873 0.153141 10.008 0.078038 -0.168904 -0.0855211
2333.32 0.0 -0.268133 -9.38465 0.113659 0.171087 10.0044 0.074831 -0.165697 -0.0820086
2333.33 0.0 -0.268133 -9.34634 0.12682 0.155533 10.002 0.0749837 -0.16585 -0.0820086
2333.35 0.153219 -0.153219 -9.46126 0.12323 0.162712 9.99841 0.0765108 -0.166155 -0.0846048
2333.36 -0.0383047 -0.153219 -9.42295 0.136391 0.171087 9.98405 0.0778853 -0.167988 -0.083994
2333.38 -0.153219 -0.229828 -9.38465 0.143569 0.178265 10.0032 0.0745255 -0.165697 -0.0838412
2333.4 -0.153219 -0.191523 -9.34634 0.141176 0.190229 9.9996 0.074831 -0.16585 -0.0838412
2333.41 -0.0383047 -0.191523 -8.92499 0.159123 0.197408 9.99601 0.0751364 -0.165544 -0.0824668
2333.43 -0.0383047 -0.114914 -9.42295 0.153141 0.20339 10.0068 0.0723875 -0.163559 -0.0810924
2333.45 -0.153219 -0.229828 -9.42295 0.160319 0.198604 9.98883 0.0745255 -0.162796 -0.0809396
2333.46 -0.0766094 -0.229828 -9.38465 0.142373 0.193819 10.0032 0.0726929 -0.164323 -0.0804815
2333.48 -0.0766094 -0.153219 -9.03991 0.13998 0.195015 10.0056 0.0734565 -0.164017 -0.0801761
2333.5 -0.0383047 -0.114914 -9.42295 0.124427 0.184247 10.0056 0.0734565 -0.164934 -0.0803288
2333.51 -0.0766094 -0.0766094 -9.53786 0.104088 0.189033 9.9996 0.0746782 -0.165697 -0.0817032
2333.53 0.0766094 -0.114914 -9.30804 0.107677 0.159123 10.0092 0.0733038 -0.162643 -0.0806342
2333.55 0.0 -0.268133 -9.38465 0.105284 0.160319 9.9996 0.0714712 -0.162796 -0.078038
2333.56 0.0383047 -0.0766094 -9.34634 0.106481 0.162712 9.99721 0.0717766 -0.16249 -0.0788016
2333.58 0.0383047 -0.114914 -9.38465 0.0801595 0.153141 10.0008 0.071013 -0.162948 -0.0774271
2333.6 -0.114914 -0.306437 -9.53786 0.0801595 0.148355 9.9996 0.0711658 -0.164628 -0.0786489
2333.61 -0.0383047 -0.306437 -9.42295 0.0861416 0.132802 9.98764 0.0717766 -0.164475 -0.0795652
2333.63 -0.0766094 -0.268133 -9.38465 0.0741775 0.130409 9.9996 0.0726929 -0.163865 -0.0786489
2333.65 0.0383047 -0.229828 -9.30804 0.0777667 0.135194 10.0056 0.0714712 -0.16417 -0.0783434
2333.66 0.153219 -0.153219 -9.38465 0.0634098 0.124427 10.008 0.0717766 -0.164017 -0.0777326
2333.68 0.0 -0.191523 -9.26973 0.0717846 0.116052 10.008 0.0722348 -0.165086 -0.0798706
2333.7 0.0766094 -0.229828 -9.38465 0.0789631 0.100499 9.99601 0.0705549 -0.163865 -0.0792598
2333.71 0.191523 -0.229828 -9.38465 0.087338 0.0993021 9.9996 0.0722348 -0.166003 -0.0786489
2333.73 0.0383047 -0.306437 -9.42295 0.0897308 0.0993021 10.0044 0.071013 -0.165392 -0.076969
2333.75 -0.153219 -0.229828 -9.30804 0.0981057 0.0981057 10.0068 0.071624 -0.164781 -0.0752891
2333.76 -0.0383047 -0.191523 -9.30804 0.106481 0.100499 9.99841 0.0733038 -0.166461 -0.0807869
2333.78 -0.0766094 -0.229828 -9.30804 0.105284 0.0969093 10.008 0.0743728 -0.166919 -0.0821613
2333.79 -0.114914 -0.383047 -9.53786 0.131605 0.113659 9.99242 0.071624 -0.162032 -0.0792598
2333.81 0.0383047 -0.191523 -9.34634 0.142373 0.114855 9.99841 0.073762 -0.166766 -0.0809396
2333.83 -0.0766094 -0.306437 -9.30804 0.149551 0.112463 10.014 0.0759 -0.167835 -0.0830777
2333.84 0.0 -0.191523 -9.03991 0.174676 0.125623 9.98285 0.0714712 -0.163712 -0.0795652
2333.86 -0.114914 -0.229828 -9.34634 0.165105 0.129212 9.99601 0.0749837 -0.164323 -0.0841467
2333.88 -0.0766094 -0.191523 -9.69109 0.180658 0.117248 10.0152 0.0752891 -0.166766 -0.0842994
2333.89 -0.114914 -0.191523 -9.34634 0.17348 0.137587 9.99242 0.0765108 -0.166155 -0.0853684
2333.91 -0.0383047 -0.191523 -9.65278 0.165105 0.144766 9.98285 0.0749837 -0.164781 -0.083994
2333.93 0.0383047 -0.191523 -9.42295 0.171087 0.157926 9.99721 0.0752891 -0.163254 -0.0824668
2333.94 -0.0383047 -0.229828 -9.34634 0.171087 0.151944 10.0008 0.0733038 -0.161574 -0.0818559
2333.96 0.0 -0.268133 -9.46126 0.148355 0.159123 10.0056 0.0733038 -0.164475 -0.0849102
2333.98 -0.0383047 -0.268133 -9.38465 0.13998 0.167498 9.99841 0.0743728 -0.163406 -0.0842994
2333.99 -0.0383047 -0.191523 -9.38465 0.136391 0.178265 10.002 0.0726929 -0.15913 -0.0833831
2334.01 -0.0383047 -0.268133 -9.42295 0.116052 0.180658 9.99601 0.0720821 -0.160199 -0.081245
2334.03 0.191523 -0.268133 -9.34634 0.100499 0.16989 10.0044 0.0749837 -0.163254 -0.0823141
2334.04 0.0 -0.153219 -9.38465 0.0969093 0.191426 9.99841 0.0765108 -0.165392 -0.0826195
2334.06 0.0383047 -0.268133 -9.38465 0.0825523 0.187837 10.0044 0.0751364 -0.163254 -0.0835358
2334.08 0.114914 -0.229828 -9.07821 0.066999 0.174676 10.0032 0.0736092 -0.163254 -0.0809396
2334.09 0.0 -0.153219 -9.38465 0.0634098 0.185444 10.0068 0.071013 -0.162796 -0.0798706
2334.11 -0.114914 -0.191523 -9.30804 0.0538385 0.184247 9.99123 0.0713185 -0.161268 -0.079107
2334.13 0.0383047 -0.229828 -9.38465 0.0323031 0.180658 9.99841 0.0717766 -0.16417 -0.0801761
2334.14 0.0383047 -0.268133 -9.46126 0.04666 0.185444 10.0056 0.0713185 -0.166003 -0.079107
2334.16 0.0766094 -0.306437 -9.42295 0.0430708 0.167498 10.0044 0.0694859 -0.163406 -0.0766636
2334.18 -0.0766094 -0.229828 -9.23143 0.0574277 0.157926 10.002 0.0704022 -0.164475 -0.0763581
2334.19 0.114914 -0.268133 -9.38465 0.0753739 0.159123 10.008 0.0720821 -0.167224 -0.078038
2334.21 0.0766094 -0.153219 -9.42295 0.0681954 0.15673 10.014 0.071013 -0.165239 -0.076969
2334.23 0.306437 -0.268133 -9.49956 0.0849452 0.137587 10.0044 0.071013 -0.164323 -0.0788016
2334.24 -0.0383047 -0.229828 -9.42295 0.107677 0.130409 10.0032 0.0713185 -0.165697 -0.078038
2334.26 -0.114914 -0.306437 -9.46126 0.122034 0.120837 10.0223 0.0726929 -0.166766 -0.0768163
2334.28 0.0766094 -0.229828 -9.46126 0.113659 0.129212 10.0068 0.0726929 -0.166766 -0.0781907
2334.29 0.114914 -0.459656 -9.76769 0.133998 0.105284 10.008 0.0704022 -0.164934 -0.0775799
2334.31 -0.0383047 -0.268133 -9.38465 0.13998 0.112463 10.008 0.0729984 -0.166155 -0.0801761
2334.33 -0.114914 -0.229828 -9.8443 0.155533 0.108873 9.99721 0.0722348 -0.164781 -0.0778853
2334.34 0.0766094 -0.191523 -9.38465 0.171087 0.113659 10.0008 0.0719294 -0.164781 -0.0789543
2334.36 0.0 -0.229828 -9.23143 0.180658 0.112463 10.0128 0.0739146 -0.165392 -0.0777326
2334.38 0.0766094 -0.153219 -9.49956 0.184247 0.11007 10.0104 0.0717766 -0.161574 -0.0801761
2334.39 -0.114914 -0.306437 -9.42295 0.175872 0.113659 10.002 0.0729984 -0.162796 -0.0804815
2334.41 -0.114914 -0.268133 -9.42295 0.174676 0.117248 9.99601 0.0729984 -0.163865 -0.081245
2334.42 0.0 -0.229828 -9.34634 0.190229 0.125623 10.0128 0.071624 -0.162185 -0.0807869
2334.44 0.0766094 -0.268133 -9.34634 0.179462 0.102891 9.99721 0.0742201 -0.162948 -0.0821613
2334.46 -0.0383047 -0.268133 -9.46126 0.166301 0.119641 9.99482 0.0739146 -0.16417 -0.0818559
2334.47 -0.114914 -0.344742 -9.30804 0.155533 0.125623 9.9996 0.0751364 -0.163406 -0.0823141
2334.49 -0.0766094 -0.268133 -9.42295 0.142373 0.133998 9.98764 0.0759 -0.162032 -0.0838412
2334.5 0.0766094 -0.268133 -9.38465 0.12682 0.122034 10.0128 0.0752891 -0.162337 -0.0855211
2334.52 0.0 -0.153219 -9.34634 0.117248 0.12323 9.99362 0.0754418 -0.161574 -0.0847575
2334.54 0.0383047 -0.153219 -9.69109 0.0885344 0.151944 9.99841 0.0762054 -0.163559 -0.0858265
2334.55 0.0383047 -0.268133 -9.23143 0.0777667 0.15673 9.99242 0.0740674 -0.163406 -0.0833831
2334.57 0.0383047 -0.268133 -9.38465 0.0753739 0.168694 9.99482 0.0760527 -0.161116 -0.0855211
2334.59 -0.0383047 -0.268133 -9.76769 0.0705882 0.179462 9.98883 0.0751364 -0.162948 -0.0859793
2334.61 0.153219 -0.229828 -9.42295 0.0586241 0.17348 10.0104 0.0746782 -0.164017 -0.0836885
2334.62 0.0383047 -0.191523 -9.38465 0.0801595 0.177069 9.99242 0.0752891 -0.163559 -0.0818559
2334.64 -0.0766094 -0.191523 -9.53786 0.0777667 0.172283 9.99362 0.0717766 -0.158978 -0.0788016
2334.65 0.0383047 -0.191523 -9.49956 0.0562313 0.183051 9.99721 0.0749837 -0.166461 -0.0821613
2334.67 0.0 -0.191523 -9.42295 0.0550349 0.17348 10.0092 0.0752891 -0.165239 -0.0818559
2334.69 -0.0383047 -0.191523 -9.42295 0.0550349 0.181854 9.99242 0.074831 -0.165544 -0.0817032
2334.7 0.191523 -0.153219 -9.15482 0.0634098 0.165105 9.99601 0.0722348 -0.163865 -0.0824668
2334.72 0.0 -0.191523 -9.42295 0.0658026 0.178265 9.99242 0.073762 -0.16585 -0.0813978
2334.74 -0.0383047 -0.229828 -9.15482 0.0622134 0.184247 10.0116 0.0745255 -0.167377 -0.0813978
2334.75 0.0 -0.268133 -9.42295 0.0777667 0.189033 10.002 0.0707076 -0.163101 -0.0788016
2334.77 0.0766094 -0.114914 -9.34634 0.0981057 0.178265 9.99601 0.071624 -0.166155 -0.0804815
2334.79 -0.114914 -0.191523 -9.42295 0.100499 0.177069 10.008 0.0705549 -0.164781 -0.0784962
2334.8 0.0 -0.229828 -9.23143 0.129212 0.172283 9.99721 0.0714712 -0.165697 -0.0763581
2334.82 0.0 -0.229828 -9.30804 0.137587 0.162712 9.9996 0.0739146 -0.166003 -0.078038
2334.83 -0.0383047 -0.191523 -9.61448 0.157926 0.165105 10.0092 0.0725402 -0.166003 -0.0760527
2334.85 0.0383047 -0.229828 -9.49956 0.161515 0.160319 10.0116 0.0700968 -0.163712 -0.0766636
2334.87 -0.0766094 -0.229828 -9.46126 0.144766 0.138784 9.99841 0.0725402 -0.165544 -0.0774271
2334.88 -0.0766094 -0.153219 -9.30804 0.151944 0.122034 9.99721 0.0713185 -0.16417 -0.0759
2334.9 -0.0383047 -0.153219 -9.42295 0.155533 0.12323 10.0044 0.0704022 -0.161726 -0.076969
2334.92 -0.0383047 -0.268133 -9.19312 0.133998 0.112463 9.9996 0.071624 -0.163712 -0.0794125
2334.93 -0.0766094 -0.268133 -9.46126 0.154337 0.119641 10.0116 0.0731511 -0.165697 -0.0810924
2334.95 0.0383047 -0.191523 -9.42295 0.157926 0.116052 10.0116 0.0722348 -0.163865 -0.0806342
2334.97 -0.153219 -0.153219 -9.19312 0.15673 0.113659 10.0032 0.0739146 -0.165239 -0.0823141
2334.98 -0.0766094 -0.153219 -9.42295 0.138784 0.117248 9.99841 0.0726929 -0.164017 -0.081245
2335.0 -0.114914 -0.344742 -9.23143 0.153141 0.131605 10.0128 0.0711658 -0.160658 -0.0810924
2335.02 0.0383047 -0.306437 -9.34634 0.136391 0.113659 10.0032 0.0723875 -0.163101 -0.0820086
2335.03 0.0 -0.191523 -9.11651 0.133998 0.117248 9.99841 0.0739146 -0.163101 -0.0810924
2335.05 -0.114914 -0.306437 -9.34634 0.12682 0.122034 9.99601 0.0739146 -0.162948 -0.081245
2335.07 0.0383047 -0.229828 -9.30804 0.118445 0.108873 9.98764 0.0743728 -0.164781 -0.081245
2335.08 0.306437 -0.268133 -9.57617 0.0981057 0.104088 10.0044 0.0725402 -0.161879 -0.0810924
2335.1 0.0 -0.191523 -9.38465 0.0885344 0.114855 9.99721 0.0745255 -0.162796 -0.0836885
2335.12 -0.0383047 -0.268133 -9.34634 0.0969093 0.102891 9.98883 0.0746782 -0.164934 -0.0841467
2335.13 -0.0766094 -0.306437 -9.03991 0.0969093 0.111266 10.0056 0.0739146 -0.162948 -0.0833831
2335.15 0.0766094 -0.229828 -9.38465 0.0993021 0.120837 9.99841 0.0739146 -0.162643 -0.0827722
2335.16 0.153219 -0.153219 -9.30804 0.0945165 0.138784 10.0044 0.0745255 -0.163559 -0.0855211
2335.18 -0.0383047 -0.153219 -9.30804 0.0957129 0.150748 10.0044 0.0755945 -0.161116 -0.0841467
2335.2 -0.0383047 -0.191523 -9.46126 0.087338 0.163908 10.0056 0.0757473 -0.164781 -0.0852157
2335.21 -0.0383047 -0.153219 -9.42295 0.0945165 0.160319 9.99362 0.0760527 -0.166461 -0.0847575
2335.23 0.0383047 -0.191523 -9.38465 0.09332 0.175872 9.99601 0.0723875 -0.162032 -0.0803288
2335.25 0.191523 -0.114914 -9.46126 0.100499 0.178265 10.0128 0.0751364 -0.163712 -0.0833831
2335.26 -0.0383047 -0.153219 -9.34634 0.0897308 0.195015 9.99601 0.0746782 -0.163254 -0.0815505
2335.28 -0.0766094 -0.191523 -8.92499 0.09332 0.166301 10.0068 0.0736092 -0.163254 -0.0807869
2335.3 0.0 -0.114914 -9.42295 0.0909272 0.177069 10.0044 0.0754418 -0.165544 -0.0815505
2335.31 0.0383047 -0.191523 -9.19312 0.0837488 0.168694 10.0008 0.0751364 -0.165544 -0.0794125
2335.33 0.0766094 -0.191523 -9.34634 0.0885344 0.17348 10.0032 0.0754418 -0.167682 -0.0804815
2335.35 -0.0766094 -0.191523 -9.19312 0.101695 0.17348 9.9996 0.0749837 -0.167224 -0.0815505
2335.36 0.0383047 -0.153219 -9.34634 0.118445 0.178265 9.9996 0.0740674 -0.167224 -0.0804815
2335.38 0.0766094 -0.268133 -9.38465 0.108873 0.16989 9.9996 0.0766636 -0.168446 -0.0823141
2335.4 -0.153219 -0.268133 -9.23143 0.124427 0.179462 9.99242 0.0742201 -0.168293 -0.0817032
2335.41 -0.0766094 -0.153219 -9.46126 0.124427 0.172283 10.0044 0.0705549 -0.164323 -0.079107
2335.43 -0.0766094 -0.268133 -9.49956 0.132802 0.193819 9.99242 0.0708604 -0.164934 -0.0788016
2335.45 0.0383047 -0.229828 -9.46126 0.12323 0.171087 9.99362 0.0705549 -0.163101 -0.0766636
2335.46 0.0 -0.268133 -9.34634 0.12323 0.161515 10.014 0.0704022 -0.166919 -0.0781907
2335.48 0.153219 -0.153219 -9.49956 0.101695 0.147159 9.99841 0.0691805 -0.162643 -0.0768163
2335.49 0.0 -0.229828 -9.42295 0.130409 0.149551 9.9996 0.0717766 -0.16585 -0.0772744
2335.51 0.0766094 -0.153219 -9.34634 0.132802 0.117248 10.002 0.0713185 -0.164934 -0.0755945
2335.53 -0.114914 -0.153219 -9.34634 0.144766 0.118445 9.99482 0.0719294 -0.162948 -0.0777326
2335.54 0.0 -0.191523 -9.72939 0.145962 0.111266 10.0152 0.0702495 -0.16417 -0.0786489
2335.56 -0.153219 -0.114914 -9.26973 0.150748 0.0897308 9.9996 0.0746782 -0.165392 -0.0809396
2335.58 -0.0383047 -0.191523 -9.42295 0.144766 0.09332 9.99721 0.0742201 -0.165086 -0.0809396
2335.59 0.0 -0.229828 -9.38465 0.147159 0.0969093 9.98524 0.0733038 -0.165544 -0.0813978
2335.61 -0.0383047 -0.306437 -9.34634 0.141176 0.0945165 10.0068 0.0731511 -0.162337 -0.0820086
2335.63 -0.0383047 -0.268133 -9.03991 0.12323 0.0957129 9.99841 0.0713185 -0.162032 -0.0815505
2335.65 0.0 -0.306437 -9.42295 0.143569 0.0909272 10.0044 0.0717766 -0.164017 -0.0801761
2335.66 -0.153219 -0.191523 -9.30804 0.119641 0.111266 10.0032 0.0705549 -0.161726 -0.0806342
2335.68 -0.114914 -0.191523 -9.38465 0.118445 0.113659 10.0092 0.0728457 -0.161116 -0.0797179
2335.69 -0.153219 -0.268133 -9.46126 0.122034 0.0993021 9.99362 0.0755945 -0.165697 -0.0827722
2335.71 -0.0383047 -0.268133 -9.34634 0.102891 0.101695 10.008 0.0751364 -0.164628 -0.0824668
2335.73 0.0383047 -0.229828 -9.65278 0.112463 0.105284 10.0068 0.0745255 -0.162796 -0.0832304
2335.74 0.0 -0.229828 -9.42295 0.0897308 0.11007 9.99123 0.0743728 -0.164934 -0.0826195
2335.76 0.0383047 -0.268133 -9.34634 0.112463 0.119641 10.014 0.0768163 -0.166155 -0.085063
2335.78 0.0383047 -0.153219 -9.49956 0.100499 0.130409 10.0008 0.0772744 -0.166155 -0.083994
2335.79 0.0383047 -0.191523 -9.42295 0.0849452 0.142373 9.99362 0.0755945 -0.162948 -0.0846048
2335.81 -0.114914 -0.114914 -9.61448 0.100499 0.147159 10.002 0.0768163 -0.16417 -0.0852157
2335.83 0.0383047 -0.306437 -9.30804 0.0897308 0.168694 10.0032 0.0771217 -0.164017 -0.086132
2335.84 0.0 -0.191523 -9.46126 0.087338 0.166301 9.99242 0.0777326 -0.16585 -0.0844521
2335.86 -0.0383047 -0.268133 -9.46126 0.0921237 0.18664 9.98524 0.0766636 -0.163712 -0.0833831
2335.87 -0.0766094 -0.229828 -9.49956 0.0849452 0.204586 9.99721 0.0759 -0.165392 -0.0833831
2335.89 0.0 -0.229828 -9.38465 0.0801595 0.197408 9.99482 0.0751364 -0.16417 -0.0820086
2335.9 0.0766094 -0.191523 -9.30804 0.0753739 0.209372 10.008 0.0749837 -0.165544 -0.0826195
2335.92 0.0 -0.191523 -9.34634 0.0777667 0.205783 10.0056 0.073762 -0.164934 -0.0810924
2335.94 -0.0383047 -0.191523 -9.42295 0.0837488 0.200997 10.0008 0.0759 -0.167224 -0.0818559
2335.95 0.0 -0.114914 -9.42295 0.105284 0.196211 10.0104 0.073762 -0.166003 -0.0797179
2335.97 0.0 -0.191523 -9.42295 0.0897308 0.192622 10.002 0.0757473 -0.166461 -0.0797179
2335.98 -0.0383047 -0.153219 -9.38465 0.116052 0.183051 10.0044 0.0733038 -0.164934 -0.0781907
2336.57 -0.0383047 -0.153219 -9.26973 0.120837 0.206979 10.0068 0.0719294 -0.164628 -0.0786489
2336.58 0.0766094 -0.191523 -9.65278 0.144766 0.200997 9.99841 0.0714712 -0.165239 -0.0784962
2336.6 -0.0383047 -0.344742 -9.34634 0.157926 0.184247 10.0164 0.0714712 -0.165544 -0.0774271
2336.62 -0.0383047 -0.306437 -9.34634 0.150748 0.179462 10.0056 0.0700968 -0.16417 -0.0772744
2336.63 0.153219 -0.229828 -9.38465 0.150748 0.177069 10.0032 0.0723875 -0.163254 -0.0792598
2336.65 -0.0383047 -0.191523 -9.72939 0.145962 0.15673 9.99601 0.0711658 -0.162643 -0.0763581
2336.67 0.0 -0.153219 -9.46126 0.136391 0.153141 9.99601 0.0742201 -0.166613 -0.0783434
2336.69 -0.0383047 -0.229828 -9.42295 0.132802 0.148355 9.99242 0.0684169 -0.160047 -0.0757473
2336.7 0.191523 -0.306437 -9.15482 0.131605 0.116052 9.99841 0.071013 -0.163101 -0.0783434
2336.72 0.153219 -0.306437 -9.34634 0.111266 0.117248 10.0044 0.068875 -0.161116 -0.0798706
2336.73 0.0766094 -0.383047 -9.69109 0.106481 0.11007 10.008 0.0725402 -0.165239 -0.0798706
2336.75 0.0 -0.229828 -9.38465 0.0969093 0.108873 10.0068 0.0720821 -0.163406 -0.0786489
2336.77 -0.114914 -0.383047 -9.69109 0.0885344 0.107677 9.9996 0.0711658 -0.16417 -0.0797179
2336.78 0.0 -0.229828 -9.26973 0.0993021 0.0897308 10.002 0.0719294 -0.161421 -0.0797179
2336.8 0.153219 -0.153219 -9.30804 0.102891 0.087338 9.99242 0.0713185 -0.163559 -0.0788016
2336.82 0.0383047 -0.268133 -9.38465 0.0945165 0.0765703 10.0008 0.0742201 -0.163559 -0.0800233
2336.83 -0.153219 -0.344742 -9.38465 0.0897308 0.0765703 9.99601 0.0743728 -0.163559 -0.0809396
2336.85 0.0766094 -0.229828 -9.38465 0.0885344 0.0861416 10.0044 0.0714712 -0.162796 -0.0781907
2336.87 0.153219 -0.229828 -9.30804 0.100499 0.0837488 10.0008 0.0740674 -0.163254 -0.0810924
2336.88 0.0 -0.344742 -9.38465 0.0909272 0.087338 10.0044 0.0754418 -0.164628 -0.0833831
2336.9 0.0 -0.153219 -9.30804 0.087338 0.0909272 10.0068 0.0729984 -0.162948 -0.0838412
2336.92 -0.153219 -0.191523 -9.46126 0.066999 0.113659 10.0008 0.0739146 -0.162796 -0.0830777
2336.94 0.0766094 -0.191523 -9.38465 0.0861416 0.125623 9.99003 0.0754418 -0.164323 -0.0829249
2336.95 0.0383047 -0.229828 -9.15482 0.0861416 0.130409 10.0032 0.0774271 -0.164934 -0.0818559
2336.97 -0.0383047 -0.153219 -9.42295 0.117248 0.154337 10.008 0.076969 -0.165086 -0.0855211
2336.98 -0.0766094 -0.114914 -9.34634 0.111266 0.165105 9.99003 0.0751364 -0.165697 -0.0841467
2337.0 -0.0766094 -0.229828 -9.38465 0.116052 0.162712 10.0104 0.0749837 -0.16585 -0.0829249
2337.02 -0.0383047 -0.191523 -9.8443 0.12682 0.17348 10.0008 0.0733038 -0.162643 -0.0797179
2337.03 -0.0383047 -0.191523 -9.42295 0.137587 0.178265 10.0092 0.0766636 -0.167377 -0.0835358
2337.05 -0.114914 -0.229828 -9.65278 0.153141 0.192622 9.99601 0.0736092 -0.163254 -0.0827722
2337.07 0.0383047 -0.153219 -9.42295 0.136391 0.202193 9.9996 0.0772744 -0.16753 -0.0847575
2337.08 0.114914 -0.229828 -9.23143 0.143569 0.202193 9.9996 0.0740674 -0.164323 -0.0797179
2337.1 -0.0766094 -0.191523 -9.38465 0.130409 0.199801 10.0008 0.0743728 -0.164628 -0.0817032
2337.12 -0.0383047 -0.191523 -9.42295 0.149551 0.217747 9.99242 0.0752891 -0.165392 -0.0821613
2337.13 0.0 -0.153219 -9.38465 0.124427 0.211765 10.0032 0.0696386 -0.162337 -0.079107
2337.15 0.0 -0.153219 -9.38465 0.129212 0.214158 9.99482 0.0725402 -0.164017 -0.0798706
2337.17 0.0383047 -0.191523 -9.42295 0.137587 0.200997 10.0044 0.0719294 -0.161879 -0.0801761
2337.19 0.0766094 -0.229828 -9.38465 0.135194 0.200997 9.98405 0.067806 -0.161574 -0.0765108
2337.2 0.0 -0.114914 -9.69109 0.12323 0.193819 9.9996 0.0722348 -0.162643 -0.0794125
2337.22 -0.114914 -0.229828 -9.38465 0.144766 0.185444 10.0164 0.0725402 -0.162948 -0.0777326
2337.23 -0.114914 -0.114914 -9.23143 0.128016 0.155533 10.0056 0.0696386 -0.162796 -0.0765108
2337.25 -0.0383047 -0.191523 -9.46126 0.129212 0.148355 10.0068 0.0704022 -0.162032 -0.0778853
2337.27 0.0 -0.268133 -9.49956 0.106481 0.142373 9.99123 0.0713185 -0.163865 -0.0774271
2337.28 0.0383047 -0.153219 -9.46126 0.100499 0.142373 9.99003 0.071624 -0.164017 -0.076969
2337.3 0.153219 -0.306437 -9.49956 0.0837488 0.112463 9.99601 0.0707076 -0.164628 -0.0795652
2337.32 0.0 -0.268133 -9.30804 0.0777667 0.111266 10.0068 0.0697913 -0.161726 -0.0783434
2337.33 0.0383047 -0.229828 -9.806 0.0825523 0.106481 9.98644 0.0711658 -0.162643 -0.0786489
2337.35 0.0 -0.153219 -9.46126 0.0693918 0.0885344 10.0044 0.0720821 -0.164934 -0.0792598
2337.37 0.0383047 -0.344742 -9.76769 0.0765703 0.0897308 9.9996 0.0734565 -0.166003 -0.0794125
2337.38 0.114914 -0.191523 -9.34634 0.0897308 0.0861416 9.98285 0.0736092 -0.165392 -0.0797179
2337.4 0.0383047 -0.306437 -9.26973 0.0729811 0.0837488 10.0044 0.0749837 -0.166461 -0.0794125
2337.42 0.0383047 -0.268133 -9.42295 0.104088 0.0885344 10.008 0.0749837 -0.165697 -0.081245
2337.43 0.0 -0.268133 -9.49956 0.112463 0.09332 10.0032 0.0751364 -0.166461 -0.0798706
2337.45 0.153219 -0.229828 -9.46126 0.104088 0.0957129 9.9996 0.0736092 -0.164781 -0.0777326
2337.47 0.0 -0.191523 -9.34634 0.105284 0.0981057 10.0068 0.0745255 -0.166155 -0.0804815
2337.48 0.0 -0.344742 -9.19312 0.119641 0.0945165 9.99123 0.0736092 -0.164323 -0.0807869
2337.5 -0.229828 -0.191523 -9.38465 0.12682 0.0993021 10.0008 0.0751364 -0.166461 -0.0824668
2337.52 0.0 -0.229828 -9.42295 0.117248 0.112463 10.002 0.0739146 -0.164628 -0.0810924
2337.53 0.191523 -0.153219 -9.34634 0.13998 0.12323 10.0032 0.0765108 -0.165239 -0.0844521
2337.55 -0.114914 -0.153219 -9.49956 0.133998 0.120837 9.99003 0.0762054 -0.163559 -0.0830777
2337.57 -0.114914 -0.268133 -9.53786 0.144766 0.145962 10.0008 0.074831 -0.162643 -0.0829249
2337.58 -0.0383047 -0.229828 -9.38465 0.13998 0.145962 10.0056 0.0765108 -0.163559 -0.0841467
2337.6 -0.0383047 -0.153219 -9.34634 0.148355 0.167498 10.002 0.0754418 -0.164781 -0.0835358
2337.62 -0.0766094 -0.191523 -9.42295 0.157926 0.180658 9.99003 0.076969 -0.166308 -0.0841467
2337.63 0.0383047 -0.153219 -9.30804 0.163908 0.202193 10.0068 0.073762 -0.162337 -0.0813978
2337.65 -0.0383047 -0.114914 -9.49956 0.157926 0.209372 10.0104 0.0743728 -0.163254 -0.0818559
2337.67 -0.153219 -0.191523 -9.07821 0.159123 0.198604 10.0032 0.0752891 -0.162337 -0.0829249
2337.68 -0.114914 -0.153219 -9.38465 0.137587 0.198604 9.99242 0.0720821 -0.161116 -0.0795652
2337.7 -0.0383047 -0.383047 -9.38465 0.130409 0.196211 9.99841 0.0729984 -0.160047 -0.0809396
2337.72 0.0 -0.191523 -9.30804 0.124427 0.20339 10.0032 0.0752891 -0.164628 -0.0815505
2337.73 0.0 -0.191523 -9.53786 0.113659 0.193819 10.0068 0.0755945 -0.16585 -0.0833831
2337.75 0.191523 -0.114914 -9.38465 0.0921237 0.191426 9.99242 0.0736092 -0.161268 -0.0806342
2337.77 0.0383047 -0.229828 -9.30804 0.0921237 0.195015 10.002 0.0736092 -0.162032 -0.0794125
2337.78 -0.114914 -0.0766094 -9.42295 0.0921237 0.178265 10.0092 0.0726929 -0.162796 -0.0786489
2337.8 -0.153219 -0.229828 -9.38465 0.0909272 0.16989 10.0008 0.0694859 -0.16249 -0.0795652
2337.82 0.114914 -0.229828 -9.53786 0.0777667 0.16989 10.0104 0.0752891 -0.165392 -0.0809396
2337.83 0.114914 -0.229828 -9.42295 0.0813559 0.179462 10.0032 0.0702495 -0.159894 -0.0765108
2337.85 0.191523 -0.114914 -9.42295 0.0753739 0.157926 9.99362 0.0697913 -0.159894 -0.0762054
2337.87 0.0383047 -0.229828 -9.42295 0.0789631 0.135194 9.99482 0.0740674 -0.164781 -0.0800233
2337.88 0.0 -0.421352 -9.34634 0.0777667 0.130409 9.99482 0.0707076 -0.163254 -0.0783434
2337.9 -0.0383047 -0.268133 -9.42295 0.0789631 0.132802 10.0044 0.0685696 -0.162796 -0.0739146
2337.92 0.0 -0.268133 -9.72939 0.0849452 0.112463 10.0164 0.0696386 -0.163712 -0.0759
2337.93 0.114914 -0.153219 -9.53786 0.0825523 0.112463 10.0032 0.0731511 -0.166155 -0.0788016
2337.95 0.0383047 -0.191523 -9.46126 0.0885344 0.104088 9.9996 0.0705549 -0.162185 -0.0778853
2337.97 0.0383047 -0.306437 -9.19312 0.0897308 0.0969093 9.99482 0.0739146 -0.165392 -0.0795652
2337.98 -0.0766094 -0.268133 -9.42295 0.108873 0.0861416 10.0104 0.0726929 -0.165392 -0.0777326
2338.0 0.306437 -0.191523 -9.61448 0.106481 0.0945165 10.0104 0.0729984 -0.167682 -0.0794125
2338.02 0.0 -0.229828 -9.42295 0.125623 0.108873 10.002 0.0726929 -0.165086 -0.0797179
2338.03 0.0766094 -0.306437 -9.53786 0.147159 0.104088 9.98883 0.0722348 -0.162337 -0.0810924
2338.05 -0.0766094 -0.229828 -9.34634 0.13998 0.101695 9.9996 0.0728457 -0.162337 -0.0821613
2338.07 -0.153219 -0.268133 -9.30804 0.163908 0.111266 10.0068 0.0740674 -0.166308 -0.0833831
2338.08 -0.0383047 -0.306437 -9.30804 0.167498 0.120837 9.9996 0.0745255 -0.163559 -0.081245
2338.1 -0.114914 -0.344742 -9.72939 0.159123 0.124427 10.0068 0.0739146 -0.163559 -0.0832304
2338.12 -0.114914 -0.229828 -9.46126 0.15673 0.132802 9.9996 0.0736092 -0.162948 -0.0821613
2338.13 0.0 -0.153219 -9.30804 0.141176 0.13998 10.0032 0.0713185 -0.160658 -0.0797179
2338.15 0.268133 -0.191523 -9.34634 0.148355 0.141176 9.99482 0.0731511 -0.163254 -0.0823141
2338.17 -0.114914 -0.229828 -9.46126 0.150748 0.149551 10.0092 0.0740674 -0.163254 -0.083994
2338.18 0.0383047 -0.191523 -9.38465 0.150748 0.161515 10.0068 0.0742201 -0.162185 -0.0832304
2338.2 -0.0383047 -0.268133 -9.88261 0.138784 0.16989 9.9996 0.0745255 -0.161574 -0.0810924
2338.21 0.114914 -0.191523 -9.53786 0.153141 0.177069 10.0044 0.0733038 -0.162337 -0.0842994
2338.23 -0.0766094 -0.114914 -9.38465 0.137587 0.171087 9.99123 0.0723875 -0.160047 -0.0821613
2338.25 0.0 -0.191523 -9.23143 0.112463 0.184247 9.99601 0.0749837 -0.162337 -0.081245
2338.27 0.0383047 -0.191523 -9.34634 0.111266 0.192622 10.0164 0.0777326 -0.164017 -0.0833831
2338.29 0.268133 -0.268133 -9.65278 0.104088 0.196211 9.99841 0.0740674 -0.164323 -0.0826195
2338.3 0.0766094 -0.153219 -9.49956 0.09332 0.180658 9.99003 0.0731511 -0.161574 -0.0813978
2338.32 0.0 -0.229828 -8.92499 0.0969093 0.179462 10.0164 0.073762 -0.162643 -0.0810924
2338.34 0.0383047 -0.191523 -9.46126 0.0825523 0.168694 9.99721 0.0733038 -0.163406 -0.0807869
2338.35 0.0 -0.153219 -9.34634 0.0622134 0.167498 10.0092 0.0734565 -0.163559 -0.0800233
2338.37 -0.0383047 -0.306437 -9.15482 0.0634098 0.17348 10.0187 0.0736092 -0.165392 -0.0797179
2338.39 0.0766094 -0.268133 -9.42295 0.0741775 0.162712 10.0175 0.0736092 -0.165697 -0.0800233
2338.4 0.0766094 -0.306437 -9.26973 0.0622134 0.148355 9.9996 0.074831 -0.164475 -0.0809396
2338.42 0.0383047 -0.191523 -9.46126 0.0849452 0.147159 10.0152 0.0714712 -0.162032 -0.0794125
2338.44 0.153219 -0.383047 -9.38465 0.09332 0.143569 10.0175 0.0694859 -0.162643 -0.0775799
2338.45 -0.0383047 -0.191523 -9.38465 0.0729811 0.136391 10.0044 0.0722348 -0.163406 -0.0781907
2338.47 -0.0383047 -0.344742 -9.57617 0.0885344 0.144766 10.0032 0.071624 -0.16585 -0.0786489
2338.49 0.0383047 -0.229828 -9.34634 0.0897308 0.138784 10.0068 0.0722348 -0.165086 -0.0784962
2338.5 0.0383047 -0.191523 -9.46126 0.108873 0.120837 10.0128 0.0708604 -0.164781 -0.076969
2338.52 -0.0766094 -0.191523 -9.42295 0.0909272 0.128016 9.99721 0.0746782 -0.165239 -0.078038
2338.54 0.0 -0.229828 -9.46126 0.114855 0.128016 10.0056 0.0731511 -0.166308 -0.0795652
2338.55 -0.0766094 -0.268133 -9.11651 0.116052 0.120837 10.0092 0.0719294 -0.164017 -0.0771217
2338.57 -0.0766094 -0.229828 -9.42295 0.107677 0.114855 9.99841 0.0728457 -0.166766 -0.0788016
2338.59 -0.114914 -0.229828 -9.46126 0.138784 0.12323 10.0068 0.0728457 -0.165544 -0.079107
2338.6 -0.0383047 -0.268133 -9.38465 0.143569 0.122034 10.008 0.0722348 -0.16417 -0.0786489
2338.62 0.0 -0.306437 -9.11651 0.145962 0.125623 9.99721 0.0736092 -0.164323 -0.0798706
2338.64 0.0383047 -0.268133 -9.53786 0.163908 0.136391 10.0008 0.0725402 -0.163712 -0.0792598
2338.65 -0.0766094 -0.229828 -9.42295 0.172283 0.12323 10.0008 0.0725402 -0.164934 -0.0809396
2338.67 -0.114914 -0.191523 -9.69109 0.162712 0.128016 10.008 0.0743728 -0.166766 -0.0810924
2338.69 0.0383047 -0.306437 -9.38465 0.180658 0.122034 10.0116 0.0722348 -0.164628 -0.0800233
2338.7 0.0766094 -0.114914 -9.23143 0.179462 0.135194 10.0187 0.0731511 -0.163712 -0.0804815
2338.72 0.0383047 -0.191523 -9.42295 0.162712 0.133998 9.99601 0.0736092 -0.162337 -0.0817032
2338.74 -0.0383047 -0.229828 -9.76769 0.159123 0.138784 10.0008 0.0749837 -0.164934 -0.083994
2338.75 -0.0383047 -0.306437 -9.34634 0.150748 0.133998 9.99482 0.0751364 -0.164628 -0.0836885
2338.77 -0.114914 -0.229828 -9.38465 0.141176 0.132802 10.0032 0.0705549 -0.160199 -0.0815505
2338.78 -0.0383047 -0.191523 -9.49956 0.12682 0.137587 10.0008 0.0749837 -0.162032 -0.0841467
2338.8 0.114914 -0.268133 -9.07821 0.144766 0.149551 9.99123 0.0733038 -0.162032 -0.0833831
2338.82 -0.0766094 -0.191523 -9.38465 0.116052 0.147159 10.002 0.0717766 -0.161268 -0.081245
2338.83 0.0383047 -0.153219 -9.34634 0.114855 0.147159 9.99601 0.074831 -0.164628 -0.083994
2338.85 0.191523 -0.191523 -9.34634 0.114855 0.150748 9.99721 0.0743728 -0.161574 -0.0824668
2338.87 -0.0383047 -0.0383047 -9.34634 0.101695 0.157926 9.97926 0.0752891 -0.163101 -0.0844521
2338.88 0.0383047 -0.229828 -9.23143 0.0849452 0.149551 10.0032 0.0752891 -0.163559 -0.083994
2338.9 -0.0383047 -0.268133 -9.30804 0.0885344 0.15673 9.99242 0.0740674 -0.162643 -0.081245
2338.91 0.0766094 -0.114914 -9.34634 0.0681954 0.165105 9.99362 0.0742201 -0.164323 -0.0813978
2338.93 0.0 -0.229828 -9.46126 0.0586241 0.167498 9.99721 0.0766636 -0.164781 -0.0829249
2338.95 0.153219 -0.153219 -9.42295 0.0658026 0.15673 9.99841 0.0739146 -0.163559 -0.0827722
2338.96 -0.114914 -0.229828 -9.61448 0.0418744 0.162712 9.99841 0.0723875 -0.161879 -0.0806342
2338.98 0.0 -0.229828 -9.38465 0.0454636 0.166301 9.99721 0.0725402 -0.163101 -0.0797179
2339.0 -0.0766094 -0.229828 -9.65278 0.0442672 0.171087 9.99721 0.0720821 -0.164781 -0.0783434
2339.01 0.114914 -0.191523 -9.30804 0.0490528 0.168694 9.99721 0.0726929 -0.16417 -0.0797179
2339.03 0.0383047 -0.229828 -9.65278 0.0681954 0.168694 9.99721 0.0722348 -0.163865 -0.0774271
2339.05 0.0383047 -0.229828 -9.42295 0.0813559 0.168694 9.99601 0.0731511 -0.165239 -0.0778853
2339.06 0.0383047 -0.268133 -9.11651 0.0861416 0.16989 10.002 0.073762 -0.166919 -0.0778853
2339.08 -0.0383047 -0.153219 -9.46126 0.11007 0.166301 10.002 0.071624 -0.166461 -0.0775799
2339.1 -0.0383047 -0.191523 -9.34634 0.108873 0.161515 9.99242 0.0720821 -0.165086 -0.079107
2339.11 0.0766094 -0.268133 -9.46126 0.119641 0.147159 9.99242 0.0726929 -0.166308 -0.0775799
2339.13 0.0383047 -0.114914 -9.42295 0.142373 0.144766 9.99003 0.071013 -0.165086 -0.0765108
2339.15 0.0383047 -0.0766094 -9.15482 0.13998 0.142373 9.99841 0.0722348 -0.16753 -0.0784962
2339.16 -0.0766094 -0.268133 -9.30804 0.150748 0.144766 10.0008 0.0723875 -0.166155 -0.0774271
2339.18 -0.114914 -0.153219 -9.57617 0.163908 0.137587 10.0032 0.0714712 -0.164934 -0.0786489
2339.19 -0.0766094 -0.229828 -9.30804 0.174676 0.132802 10.0032 0.0726929 -0.165239 -0.0806342
2339.21 -0.114914 -0.229828 -9.42295 0.190229 0.119641 10.0128 0.0717766 -0.164017 -0.0798706
2339.23 -0.306437 -0.191523 -9.53786 0.191426 0.12682 9.98883 0.0705549 -0.162185 -0.0783434
2339.24 -0.0766094 -0.114914 -9.38465 0.191426 0.131605 10.0008 0.0713185 -0.164475 -0.0786489
2339.26 0.0383047 -0.229828 -9.61448 0.180658 0.106481 10.0068 0.0728457 -0.163865 -0.0806342
2339.28 0.0 -0.153219 -9.38465 0.177069 0.128016 9.9996 0.0752891 -0.162796 -0.0833831
2339.29 0.0383047 -0.268133 -9.42295 0.168694 0.104088 10.0044 0.0717766 -0.161574 -0.0826195
2339.31 0.0 -0.229828 -9.49956 0.147159 0.09332 9.99841 0.0739146 -0.161268 -0.0823141
2339.33 -0.0383047 -0.229828 -9.23143 0.116052 0.105284 10.0032 0.0714712 -0.16081 -0.0809396
2339.34 -0.191523 -0.268133 -9.0016 0.107677 0.0957129 10.0044 0.0749837 -0.162796 -0.0838412
2339.36 0.0383047 -0.229828 -9.42295 0.087338 0.11007 9.99242 0.0733038 -0.160199 -0.0835358
2339.38 0.0383047 -0.306437 -9.38465 0.0861416 0.122034 10.0044 0.0734565 -0.161879 -0.0859793
2339.39 0.0766094 -0.229828 -9.42295 0.0705882 0.12323 10.014 0.0766636 -0.164017 -0.0858265
2339.41 0.344742 -0.268133 -9.42295 0.0622134 0.128016 10.0092 0.0722348 -0.160505 -0.0800233
2339.43 0.0383047 -0.229828 -9.42295 0.0574277 0.147159 9.9996 0.0745255 -0.163101 -0.0838412
2339.44 0.114914 -0.344742 -9.46126 0.0693918 0.153141 10.014 0.0731511 -0.162337 -0.0833831
2339.46 0.0766094 -0.229828 -9.42295 0.061017 0.151944 10.0068 0.0719294 -0.161268 -0.0832304
2339.48 0.0383047 -0.191523 -9.806 0.0693918 0.155533 10.008 0.0763581 -0.166766 -0.0842994
2339.49 0.191523 -0.191523 -9.42295 0.0789631 0.163908 10.008 0.0736092 -0.163712 -0.0797179
2339.51 0.0 -0.268133 -9.42295 0.0586241 0.160319 10.0056 0.0759 -0.165392 -0.0844521
2339.53 -0.191523 -0.306437 -9.42295 0.0526421 0.168694 10.0104 0.0713185 -0.160963 -0.0800233
2339.54 0.0383047 -0.191523 -9.46126 0.0705882 0.16989 9.99482 0.0743728 -0.16585 -0.081245
2339.56 -0.0766094 -0.229828 -9.42295 0.0765703 0.17348 10.0008 0.074831 -0.166613 -0.0827722
2339.58 0.0383047 -0.191523 -9.23143 0.0801595 0.171087 9.99362 0.0734565 -0.164628 -0.0801761
2339.59 0.0 -0.114914 -9.42295 0.105284 0.184247 9.99721 0.0757473 -0.168751 -0.0804815
2339.61 0.0766094 -0.153219 -9.38465 0.107677 0.179462 9.9996 0.0729984 -0.165392 -0.0789543
2339.62 0.0 -0.114914 -9.53786 0.125623 0.185444 9.99721 0.0723875 -0.166766 -0.0804815
2339.64 0.153219 -0.191523 -9.19312 0.141176 0.185444 9.99482 0.0726929 -0.16585 -0.0797179
2339.66 -0.0766094 -0.268133 -9.30804 0.160319 0.185444 9.98883 0.0742201 -0.167377 -0.0794125
2339.67 -0.0766094 -0.191523 -9.42295 0.167498 0.189033 10.0008 0.0755945 -0.165544 -0.0795652
2339.69 -0.0766094 -0.191523 -9.46126 0.154337 0.18664 9.9996 0.0743728 -0.167224 -0.0801761
2339.7 -0.383047 -0.229828 -9.30804 0.160319 0.180658 10.0008 0.0700968 -0.161421 -0.0771217
2339.72 -0.153219 -0.268133 -9.42295 0.150748 0.15673 10.0044 0.0720821 -0.162796 -0.0765108
2339.74 -0.114914 -0.344742 -9.46126 0.153141 0.151944 9.99362 0.0713185 -0.164017 -0.0777326
2339.75 0.0 -0.229828 -9.34634 0.153141 0.131605 9.99482 0.0736092 -0.164781 -0.0806342
2339.77 -0.0766094 -0.191523 -9.49956 0.151944 0.125623 9.99482 0.0719294 -0.163559 -0.0786489
2339.79 -0.0766094 -0.0766094 -9.69109 0.150748 0.131605 9.99721 0.0720821 -0.163406 -0.0788016
2339.8 -0.153219 -0.229828 -9.42295 0.135194 0.108873 10.0008 0.071013 -0.163865 -0.0810924
2339.82 0.114914 -0.229828 -9.53786 0.133998 0.114855 9.99841 0.0736092 -0.163712 -0.081245
2339.84 0.0 -0.229828 -9.34634 0.119641 0.112463 10.0032 0.071013 -0.160658 -0.0784962
2339.85 -0.153219 -0.0766094 -9.15482 0.143569 0.114855 10.0032 0.0739146 -0.163865 -0.0817032
2339.87 0.0383047 -0.229828 -9.38465 0.108873 0.114855 10.008 0.0745255 -0.162337 -0.0820086
2339.89 -0.0383047 -0.191523 -9.23143 0.102891 0.105284 10.0104 0.0733038 -0.162185 -0.0823141
2339.9 0.0766094 -0.191523 -9.61448 0.0993021 0.106481 9.99841 0.0743728 -0.162185 -0.0809396
2339.92 0.0 -0.268133 -9.38465 0.0801595 0.107677 10.0044 0.0714712 -0.160505 -0.0786489
2339.94 0.153219 -0.306437 -9.23143 0.0849452 0.104088 10.0056 0.0736092 -0.165239 -0.0829249
2339.95 0.0766094 -0.229828 -9.46126 0.0765703 0.0969093 9.99841 0.073762 -0.163406 -0.0826195
2339.97 0.0 -0.268133 -8.88668 0.0705882 0.0945165 9.99721 0.0734565 -0.162337 -0.0821613
2339.99 -0.0383047 -0.191523 -9.38465 0.0765703 0.108873 9.99003 0.0731511 -0.162337 -0.0797179
2340.0 -0.0383047 -0.306437 -9.65278 0.0825523 0.120837 10.0008 0.0752891 -0.166155 -0.0826195
2340.02 -0.0383047 -0.268133 -9.46126 0.0765703 0.11007 9.99721 0.0745255 -0.16585 -0.0835358
2340.04 -0.0766094 -0.191523 -9.8443 0.102891 0.13998 9.99721 0.0755945 -0.16585 -0.0847575
2340.05 0.0766094 -0.268133 -9.38465 0.0945165 0.149551 9.99841 0.0739146 -0.164017 -0.0832304
2340.07 -0.0766094 -0.268133 -9.42295 0.106481 0.157926 9.98883 0.0760527 -0.164628 -0.0835358
2340.08 0.0383047 -0.191523 -9.46126 0.106481 0.175872 9.99123 0.0739146 -0.162643 -0.0809396
2340.1 0.114914 -0.229828 -9.42295 0.0981057 0.177069 9.99482 0.0759 -0.166003 -0.0827722
2340.12 -0.0766094 -0.153219 -9.34634 0.11007 0.180658 9.99362 0.073762 -0.163406 -0.0801761
2340.13 -0.0383047 -0.114914 -9.30804 0.0993021 0.172283 10.0056 0.0763581 -0.168141 -0.0833831
2340.15 -0.0383047 -0.344742 -9.11651 0.108873 0.168694 10.002 0.0774271 -0.168293 -0.0813978
2340.17 0.114914 -0.229828 -9.30804 0.129212 0.177069 9.99721 0.0745255 -0.164017 -0.0804815
2340.19 0.0383047 -0.229828 -9.38465 0.135194 0.18664 10.008 0.0736092 -0.165239 -0.0809396
2340.2 0.0383047 -0.0766094 -9.46126 0.144766 0.191426 9.99601 0.0722348 -0.163254 -0.0797179
2340.22 -0.0766094 -0.268133 -9.30804 0.153141 0.171087 9.99003 0.073762 -0.165392 -0.0827722
2340.23 0.0 -0.306437 -9.38465 0.157926 0.18664 9.98644 0.0714712 -0.164934 -0.0798706
2340.25 -0.0383047 -0.114914 -9.46126 0.168694 0.183051 9.99601 0.0742201 -0.164017 -0.0820086
2340.27 -0.114914 -0.153219 -9.42295 0.13998 0.198604 9.98405 0.0720821 -0.165697 -0.0817032
2340.28 -0.0766094 -0.229828 -9.34634 0.138784 0.190229 10.0044 0.0722348 -0.163101 -0.0800233
2340.3 -0.114914 -0.114914 -9.19312 0.133998 0.174676 9.99123 0.0755945 -0.165086 -0.0824668
2340.32 -0.0383047 -0.191523 -9.38465 0.117248 0.171087 9.99601 0.0711658 -0.164628 -0.079107
2340.33 -0.0383047 -0.344742 -9.23143 0.114855 0.151944 10.0008 0.0707076 -0.162337 -0.0765108
2340.35 0.0766094 -0.229828 -9.38465 0.107677 0.141176 9.99721 0.0722348 -0.163101 -0.0778853
2340.37 -0.153219 -0.306437 -9.26973 0.112463 0.138784 10.0068 0.0717766 -0.164323 -0.0765108
2340.38 0.0 -0.268133 -9.38465 0.112463 0.114855 10.0092 0.0707076 -0.164475 -0.0784962
2340.4 -0.0383047 -0.191523 -9.34634 0.130409 0.112463 10.0175 0.0719294 -0.165239 -0.0800233
2340.42 0.0383047 -0.229828 -9.53786 0.114855 0.0885344 9.99841 0.0725402 -0.163865 -0.0797179
2340.43 0.0383047 -0.268133 -9.38465 0.113659 0.0993021 9.99601 0.0742201 -0.165544 -0.0803288
2340.45 0.114914 -0.268133 -9.34634 0.0969093 0.111266 9.99003 0.0731511 -0.163559 -0.0803288
2340.47 0.0 -0.191523 -9.42295 0.0957129 0.11007 9.99242 0.0719294 -0.16417 -0.079107
2340.48 0.114914 -0.306437 -9.53786 0.116052 0.101695 10.0152 0.071013 -0.163254 -0.0800233
2340.5 0.0 -0.191523 -9.38465 0.0897308 0.102891 10.008 0.0743728 -0.164934 -0.0835358
2340.52 -0.0766094 -0.344742 -9.53786 0.0777667 0.108873 10.0008 0.0746782 -0.164323 -0.0807869
2340.53 0.0 -0.268133 -9.38465 0.0957129 0.111266 10.0068 0.0745255 -0.164475 -0.0821613
2340.55 -0.0383047 -0.191523 -9.19312 0.0861416 0.113659 9.99482 0.0740674 -0.163559 -0.0809396
2340.57 -0.191523 -0.268133 -9.30804 0.0825523 0.116052 10.0164 0.076969 -0.165239 -0.083994
2340.58 -0.0766094 -0.268133 -9.38465 0.0957129 0.124427 9.9996 0.0757473 -0.163406 -0.0821613
2340.6 0.153219 -0.268133 -9.15482 0.100499 0.124427 9.99601 0.0733038 -0.163865 -0.0823141
2340.62 0.0383047 -0.229828 -9.49956 0.102891 0.128016 9.99721 0.0745255 -0.165392 -0.0826195
2340.63 0.0383047 -0.191523 -9.23143 0.12323 0.137587 10.008 0.0752891 -0.164781 -0.0810924
2340.65 -0.114914 -0.153219 -9.42295 0.132802 0.149551 10.0116 0.0755945 -0.166308 -0.0838412
2340.67 0.229828 -0.153219 -9.11651 0.128016 0.165105 10.0008 0.0759 -0.165086 -0.0832304
2340.68 -0.0383047 -0.268133 -9.38465 0.135194 0.166301 10.008 0.0774271 -0.166461 -0.085063
2340.7 -0.0766094 -0.153219 -9.38465 0.117248 0.166301 9.99362 0.0746782 -0.163865 -0.0832304
2340.72 -0.268133 -0.268133 -9.26973 0.116052 0.18664 10.0008 0.0729984 -0.164017 -0.0809396
2340.73 0.0 -0.153219 -9.34634 0.122034 0.197408 10.0056 0.0745255 -0.163559 -0.0813978
2340.75 -0.0383047 -0.153219 -9.34634 0.124427 0.184247 10.0092 0.0745255 -0.164323 -0.0813978
2340.77 0.0 -0.191523 -9.38465 0.145962 0.190229 9.99721 0.0726929 -0.163712 -0.0792598
2340.78 -0.153219 -0.229828 -9.23143 0.147159 0.193819 10.008 0.0725402 -0.164934 -0.0806342
2340.8 0.0 -0.153219 -9.46126 0.131605 0.181854 10.0068 0.0729984 -0.164475 -0.0792598
2340.82 0.229828 -0.191523 -9.38465 0.150748 0.167498 9.9996 0.0740674 -0.16585 -0.081245
2340.83 -0.0766094 -0.191523 -9.42295 0.157926 0.154337 9.99242 0.0713185 -0.162337 -0.0803288
2340.85 -0.0383047 -0.268133 -9.42295 0.162712 0.159123 10.0044 0.0723875 -0.163559 -0.0794125
2340.87 0.191523 -0.306437 -9.23143 0.135194 0.157926 9.99123 0.0743728 -0.164475 -0.0821613
2340.88 0.0383047 -0.229828 -9.34634 0.128016 0.148355 9.99242 0.0700968 -0.161879 -0.0797179
2340.9 -0.0766094 -0.191523 -9.53786 0.11007 0.151944 10.002 0.0719294 -0.163406 -0.0810924
2340.92 -0.0383047 -0.191523 -9.42295 0.105284 0.143569 10.0032 0.0726929 -0.164475 -0.0809396
2340.93 0.0766094 -0.191523 -9.03991 0.0969093 0.13998 9.99601 0.0720821 -0.163712 -0.0826195
2340.95 -0.0383047 -0.306437 -9.34634 0.0957129 0.138784 10.0211 0.0740674 -0.16417 -0.0800233
2340.96 -0.0766094 -0.268133 -9.69109 0.0813559 0.143569 9.9996 0.0731511 -0.164628 -0.0804815
2340.98 0.0766094 -0.344742 -9.15482 0.0813559 0.130409 9.99721 0.0719294 -0.163406 -0.079107
2340.99 0.0766094 -0.153219 -8.96329 0.0765703 0.117248 10.0175 0.0731511 -0.164934 -0.0794125
2341.01 0.0383047 -0.153219 -9.42295 0.0753739 0.118445 10.0092 0.0726929 -0.164628 -0.081245
2341.03 0.344742 -0.229828 -9.72939 0.0861416 0.111266 10.0044 0.0728457 -0.163101 -0.0803288
2341.04 0.0 -0.229828 -9.38465 0.0957129 0.100499 10.014 0.0731511 -0.164475 -0.0795652
2341.06 0.0766094 -0.306437 -9.30804 0.09332 0.107677 10.008 0.0746782 -0.163406 -0.0807869
2341.07 -0.191523 -0.229828 -9.30804 0.0945165 0.119641 9.99482 0.0720821 -0.163712 -0.0823141
2341.09 -0.0383047 -0.229828 -9.38465 0.0825523 0.108873 10.002 0.073762 -0.166308 -0.0824668
2341.7 0.0 -0.306437 -9.34634 0.153141 0.118445 10.0056 0.0733038 -0.16417 -0.0815505
2341.71 -0.191523 -0.191523 -9.61448 0.147159 0.12323 10.0044 0.073762 -0.166003 -0.0801761
2341.73 -0.0383047 -0.191523 -9.34634 0.166301 0.128016 10.0068 0.0719294 -0.165697 -0.0803288
2341.75 -0.0383047 -0.153219 -9.42295 0.175872 0.12682 9.9996 0.0734565 -0.16417 -0.0820086
2341.76 0.0 -0.229828 -9.26973 0.161515 0.147159 9.9996 0.0717766 -0.160352 -0.0797179
2341.78 -0.114914 -0.153219 -9.0016 0.162712 0.144766 10.002 0.074831 -0.166155 -0.0835358
2341.8 -0.114914 -0.191523 -9.49956 0.163908 0.150748 9.99721 0.0736092 -0.163254 -0.0810924
2341.82 -0.0383047 -0.229828 -9.30804 0.160319 0.163908 10.0068 0.0728457 -0.162337 -0.0809396
2341.83 0.191523 -0.153219 -9.38465 0.163908 0.155533 9.99841 0.073762 -0.163559 -0.0821613
2341.85 0.0766094 -0.268133 -9.30804 0.157926 0.145962 9.99003 0.0728457 -0.161879 -0.0804815
2341.86 -0.114914 -0.191523 -9.42295 0.131605 0.141176 9.99841 0.0743728 -0.163865 -0.0832304
2341.88 -0.0383047 -0.153219 -9.30804 0.137587 0.145962 9.99482 0.0740674 -0.16417 -0.0818559
2341.9 0.0383047 -0.191523 -9.57617 0.145962 0.137587 9.99242 0.0726929 -0.161879 -0.0804815
2341.91 0.0383047 -0.114914 -9.42295 0.102891 0.135194 10.008 0.0729984 -0.161116 -0.0806342
2341.93 -0.0383047 -0.306437 -9.46126 0.102891 0.13998 10.0104 0.0763581 -0.163101 -0.0829249
2341.94 0.191523 -0.306437 -9.30804 0.0861416 0.151944 10.0044 0.0743728 -0.163712 -0.0827722
2341.96 0.0383047 -0.191523 -9.34634 0.09332 0.144766 9.98644 0.0731511 -0.163712 -0.0821613
2341.98 0.0766094 -0.268133 -9.03991 0.0753739 0.15673 10.0068 0.0743728 -0.163406 -0.0833831
2341.99 0.0383047 -0.229828 -9.30804 0.0801595 0.166301 10.0044 0.0729984 -0.163101 -0.0810924
2342.01 0.0383047 -0.229828 -9.57617 0.0693918 0.153141 9.99841 0.071624 -0.16249 -0.0806342
2342.03 0.153219 -0.191523 -9.42295 0.0705882 0.160319 10.002 0.0722348 -0.162796 -0.0792598
2342.04 0.0383047 -0.153219 -9.42295 0.0765703 0.157926 9.99123 0.0736092 -0.163712 -0.0813978
2342.06 0.0766094 -0.229828 -9.65278 0.0598205 0.161515 9.99601 0.0694859 -0.161116 -0.0768163
2342.08 -0.0383047 -0.191523 -9.57617 0.0646062 0.145962 10.0116 0.073762 -0.165086 -0.0784962
2342.09 0.0 -0.153219 -9.42295 0.0681954 0.141176 9.99242 0.0726929 -0.167072 -0.0781907
2342.11 -0.0766094 -0.497961 -9.26973 0.0753739 0.138784 10.0008 0.0723875 -0.164934 -0.0786489
2342.12 0.153219 -0.229828 -9.49956 0.0825523 0.143569 9.99841 0.0722348 -0.163559 -0.0792598
2342.14 0.0383047 -0.229828 -9.23143 0.0981057 0.129212 10.0008 0.0746782 -0.166003 -0.0792598
2342.16 0.114914 -0.153219 -9.34634 0.0993021 0.128016 10.0032 0.0739146 -0.165392 -0.0784962
2342.17 0.0766094 -0.153219 -9.38465 0.101695 0.136391 9.99841 0.073762 -0.167072 -0.0789543
2342.19 0.268133 -0.191523 -9.23143 0.112463 0.162712 9.99003 0.0746782 -0.166155 -0.0809396
2342.21 -0.0383047 -0.191523 -9.46126 0.113659 0.167498 9.99721 0.0734565 -0.165392 -0.0806342
2342.22 0.0 -0.191523 -9.49956 0.144766 0.157926 10.002 0.0719294 -0.164628 -0.0784962
2342.24 0.0383047 -0.191523 -9.38465 0.153141 0.154337 9.99841 0.0729984 -0.165544 -0.0788016
2342.26 -0.191523 -0.0766094 -9.57617 0.160319 0.167498 10.0068 0.0731511 -0.16585 -0.0786489
2342.27 0.0766094 -0.229828 -9.38465 0.15673 0.15673 9.99003 0.0728457 -0.165239 -0.0784962
2342.29 0.0 -0.229828 -9.42295 0.160319 0.145962 9.9996 0.0740674 -0.164781 -0.079107
2342.31 -0.0383047 -0.114914 -9.34634 0.177069 0.122034 10.0068 0.0729984 -0.164781 -0.0806342
2342.32 0.0383047 -0.268133 -9.49956 0.157926 0.12682 9.99601 0.0740674 -0.16417 -0.0795652
2342.34 0.0 -0.153219 -9.38465 0.166301 0.12682 9.9996 0.0717766 -0.161574 -0.0768163
2342.36 -0.114914 -0.114914 -9.23143 0.160319 0.12323 9.98764 0.0740674 -0.161879 -0.0803288
2342.37 -0.0383047 -0.229828 -9.38465 0.147159 0.124427 9.99242 0.0729984 -0.16249 -0.0835358
2342.39 0.0 -0.153219 -9.0016 0.148355 0.12682 9.99242 0.0746782 -0.163559 -0.0833831
2342.41 -0.0383047 -0.229828 -9.38465 0.157926 0.132802 9.99841 0.0734565 -0.161726 -0.0818559
2342.42 0.0383047 -0.229828 -9.11651 0.131605 0.133998 9.99721 0.0728457 -0.16249 -0.0801761
2342.44 -0.0766094 -0.268133 -9.61448 0.130409 0.13998 9.99601 0.0743728 -0.16249 -0.0818559
2342.46 -0.0383047 -0.268133 -9.38465 0.105284 0.137587 10.0032 0.0707076 -0.162032 -0.0810924
2342.47 -0.229828 -0.344742 -9.46126 0.113659 0.138784 9.99482 0.0719294 -0.161879 -0.0846048
2342.49 0.0383047 -0.153219 -9.46126 0.107677 0.129212 9.99841 0.0731511 -0.162337 -0.0829249
2342.51 -0.0383047 -0.229828 -9.49956 0.0837488 0.128016 9.99601 0.0725402 -0.160352 -0.0801761
2342.52 0.114914 -0.191523 -9.38465 0.0717846 0.130409 10.0092 0.0742201 -0.161574 -0.0818559
2342.54 0.0383047 -0.306437 -9.34634 0.0490528 0.131605 10.0008 0.0739146 -0.160963 -0.0809396
2342.56 0.191523 -0.229828 -9.19312 0.04666 0.131605 10.002 0.073762 -0.161116 -0.0824668
2342.57 -0.0383047 -0.229828 -9.38465 0.0598205 0.130409 9.99601 0.0723875 -0.163559 -0.0824668
2342.59 -0.191523 -0.268133 -9.53786 0.040678 0.141176 9.9996 0.0762054 -0.165697 -0.0830777
2342.61 0.0383047 -0.229828 -9.42295 0.0538385 0.157926 10.0032 0.0729984 -0.162948 -0.0823141
2342.62 0.153219 -0.306437 -9.61448 0.0598205 0.166301 9.99482 0.0720821 -0.16249 -0.0798706
2342.64 0.114914 -0.191523 -9.38465 0.087338 0.189033 10.0056 0.0754418 -0.166919 -0.0823141
2342.66 0.0 -0.153219 -9.42295 0.0705882 0.174676 10.0068 0.0725402 -0.164628 -0.0797179
2342.67 -0.0383047 -0.229828 -9.34634 0.0813559 0.190229 10.0068 0.0762054 -0.169515 -0.0806342
2342.69 -0.0766094 -0.191523 -9.30804 0.0885344 0.191426 9.98883 0.073762 -0.167224 -0.0783434
2342.71 -0.0383047 -0.191523 -9.42295 0.0909272 0.183051 9.99123 0.071624 -0.164934 -0.0778853
2342.72 -0.114914 -0.0766094 -9.30804 0.114855 0.178265 9.98764 0.0733038 -0.168446 -0.0775799
2342.74 0.0383047 -0.114914 -9.46126 0.111266 0.162712 10.0044 0.0754418 -0.168446 -0.0781907
2342.76 0.0383047 -0.268133 -9.76769 0.12682 0.155533 9.99841 0.0754418 -0.168751 -0.0798706
2342.77 0.0383047 -0.191523 -9.46126 0.142373 0.150748 9.99721 0.073762 -0.167224 -0.0786489
2342.79 0.0 -0.191523 -9.42295 0.162712 0.143569 10.0008 0.0728457 -0.165392 -0.0788016
2342.81 -0.0766094 -0.191523 -9.57617 0.174676 0.157926 10.0008 0.0726929 -0.165086 -0.0798706
2342.82 -0.0383047 -0.153219 -9.42295 0.17348 0.161515 9.99003 0.0733038 -0.166155 -0.0824668
2342.84 -0.0383047 -0.229828 -9.46126 0.189033 0.155533 10.0175 0.0725402 -0.164934 -0.0777326
2342.86 -0.153219 -0.229828 -9.26973 0.178265 0.148355 9.9996 0.0719294 -0.164781 -0.0807869
2342.87 -0.0383047 -0.268133 -9.34634 0.183051 0.155533 9.99601 0.071013 -0.161268 -0.0777326
2342.89 0.153219 -0.268133 -9.15482 0.17348 0.155533 9.99721 0.0723875 -0.161421 -0.0807869
2342.91 -0.0383047 -0.229828 -9.34634 0.171087 0.130409 10.0152 0.0713185 -0.16081 -0.079107
2342.92 -0.153219 -0.344742 -9.11651 0.143569 0.112463 10.0056 0.0714712 -0.162032 -0.0801761
2342.94 -0.0766094 -0.229828 -9.46126 0.141176 0.104088 10.0104 0.0697913 -0.161879 -0.0781907
2342.96 -0.0383047 -0.383047 -9.49956 0.128016 0.108873 9.99721 0.071624 -0.161726 -0.0804815
2342.97 0.0 -0.306437 -9.38465 0.0957129 0.101695 10.0008 0.0746782 -0.160658 -0.0806342
2342.99 -0.114914 -0.229828 -9.23143 0.0993021 0.0981057 9.99721 0.073762 -0.162185 -0.0835358
2343.0 0.0 -0.268133 -9.42295 0.0897308 0.102891 9.99601 0.0751364 -0.163865 -0.0846048
2343.02 0.0 -0.229828 -9.46126 0.0765703 0.106481 9.99841 0.0754418 -0.165086 -0.0841467
2343.04 0.0383047 -0.191523 -9.30804 0.0717846 0.119641 9.99841 0.0739146 -0.161574 -0.0820086
2343.06 -0.0383047 -0.229828 -9.42295 0.0789631 0.135194 10.0164 0.0733038 -0.163101 -0.081245
2343.07 -0.191523 -0.229828 -9.30804 0.0550349 0.137587 10.0092 0.0746782 -0.161421 -0.081245
2343.09 -0.0766094 -0.153219 -9.38465 0.0574277 0.135194 9.99362 0.0752891 -0.165392 -0.0821613
2343.11 0.0383047 -0.191523 -9.57617 0.0598205 0.135194 10.0008 0.0731511 -0.162337 -0.0821613
2343.12 0.0766094 -0.268133 -9.38465 0.04666 0.132802 10.0008 0.0723875 -0.163254 -0.0813978
2343.14 0.153219 -0.229828 -8.92499 0.061017 0.132802 10.0056 0.0740674 -0.164017 -0.081245
2343.16 0.0 -0.229828 -9.38465 0.0586241 0.13998 10.0032 0.0739146 -0.164017 -0.0801761
2343.17 0.0 -0.268133 -9.42295 0.0825523 0.150748 10.0104 0.0734565 -0.165392 -0.0806342
2343.19 0.0383047 -0.268133 -9.34634 0.0885344 0.150748 9.99721 0.0734565 -0.165697 -0.0832304
2343.21 -0.0383047 -0.191523 -9.34634 0.117248 0.151944 10.0032 0.074831 -0.167224 -0.0829249
2343.22 -0.0383047 -0.191523 -9.42295 0.111266 0.155533 9.99841 0.0719294 -0.164781 -0.0803288
2343.24 0.0 -0.114914 -9.34634 0.150748 0.175872 10.0032 0.0757473 -0.167682 -0.0810924
