2120.25 -0.114914 -0.191523 -9.30804 0.135194 0.195015 10.0032 0.0728457 -0.161879 -0.0806342
2120.26 -0.0766094 -0.229828 -9.26973 0.138784 0.196211 10.0056 0.0726929 -0.161574 -0.0807869
2120.28 -0.229828 -0.229828 -9.15482 0.12323 0.195015 10.0008 0.071624 -0.161879 -0.0772744
2120.3 0.0766094 -0.191523 -9.42295 0.124427 0.183051 10.002 0.071624 -0.162643 -0.0798706
2120.32 -0.0383047 -0.153219 -9.15482 0.137587 0.151944 10.0104 0.0720821 -0.162032 -0.0788016
2120.33 -0.114914 -0.344742 -9.46126 0.141176 0.131605 10.0092 0.0711658 -0.162796 -0.0778853
2120.35 -0.0383047 -0.268133 -9.23143 0.155533 0.124427 10.014 0.0729984 -0.162643 -0.0795652
2120.36 -0.0383047 -0.268133 -9.42295 0.131605 0.12682 10.002 0.0733038 -0.163559 -0.0804815
2120.38 -0.114914 -0.191523 -9.23143 0.138784 0.129212 9.9996 0.0726929 -0.162948 -0.0792598
2120.4 -0.114914 -0.268133 -9.38465 0.119641 0.12323 10.0056 0.0731511 -0.163712 -0.0807869
2120.41 -0.229828 -0.229828 -9.49956 0.0981057 0.133998 10.0068 0.0733038 -0.161268 -0.0809396
2120.43 0.0 -0.153219 -9.42295 0.0921237 0.12682 10.0116 0.0743728 -0.163254 -0.0832304
2120.45 0.0383047 -0.114914 -9.38465 0.0693918 0.150748 10.0128 0.0725402 -0.161116 -0.0810924
2120.46 0.0766094 -0.229828 -9.46126 0.0478564 0.13998 10.0044 0.0751364 -0.164628 -0.0826195
2120.48 -0.114914 -0.268133 -9.46126 0.0358923 0.138784 10.002 0.0717766 -0.16249 -0.0806342
2120.5 -0.0766094 -0.229828 -9.38465 0.040678 0.132802 9.9996 0.0728457 -0.163101 -0.0794125
2120.51 0.0766094 -0.229828 -9.34634 0.0634098 0.120837 10.0008 0.0726929 -0.162948 -0.0792598
2120.53 0.0766094 -0.0766094 -9.38465 0.0861416 0.105284 9.98764 0.0726929 -0.166155 -0.0777326
2120.55 0.0383047 -0.191523 -9.0016 0.0909272 0.108873 10.0032 0.0725402 -0.164323 -0.0781907
2120.57 0.0 -0.229828 -9.19312 0.100499 0.111266 10.0128 0.0725402 -0.163254 -0.0768163
2120.58 0.0383047 -0.191523 -9.38465 0.119641 0.117248 10.0247 0.073762 -0.166919 -0.0795652
2120.6 0.0383047 -0.229828 -9.49956 0.117248 0.11007 10.0175 0.0739146 -0.164781 -0.0829249
2120.61 -0.0766094 -0.306437 -9.42295 0.117248 0.125623 10.0187 0.0702495 -0.161726 -0.0804815
2120.63 0.0766094 -0.268133 -9.0016 0.118445 0.133998 10.0008 0.0757473 -0.167072 -0.0838412
2120.65 0.0766094 -0.191523 -9.38465 0.116052 0.159123 10.002 0.0733038 -0.164475 -0.0797179
2120.66 0.0383047 -0.229828 -9.30804 0.120837 0.161515 10.0092 0.0763581 -0.167682 -0.0823141
2120.68 -0.0383047 -0.191523 -9.26973 0.12682 0.165105 9.99601 0.0746782 -0.167682 -0.0817032
2120.7 -0.191523 -0.191523 -9.53786 0.144766 0.163908 9.99482 0.0728457 -0.164628 -0.0804815
2120.71 0.0 -0.191523 -9.34634 0.160319 0.179462 10.0068 0.0745255 -0.16753 -0.0795652
2120.73 0.114914 -0.191523 -9.46126 0.16989 0.161515 9.99841 0.0739146 -0.164628 -0.0801761
2120.75 -0.0383047 -0.191523 -9.49956 0.187837 0.144766 10.0056 0.0733038 -0.165392 -0.0771217
2120.76 -0.153219 -0.191523 -9.38465 0.218943 0.150748 10.0223 0.0740674 -0.163559 -0.0809396
2120.78 0.0 -0.191523 -9.42295 0.195015 0.149551 10.0044 0.0711658 -0.161421 -0.0789543
2120.8 -0.0766094 -0.229828 -9.46126 0.189033 0.131605 9.99482 0.0733038 -0.162337 -0.0803288
2120.81 -0.153219 -0.191523 -9.34634 0.175872 0.129212 10.0128 0.0734565 -0.162948 -0.0847575
2120.83 0.0383047 -0.191523 -9.34634 0.160319 0.135194 10.0199 0.0705549 -0.15852 -0.081245
2120.85 -0.114914 -0.421352 -9.30804 0.113659 0.137587 9.99721 0.0742201 -0.162796 -0.0824668
2120.86 0.0383047 -0.229828 -9.46126 0.0861416 0.154337 9.9996 0.0736092 -0.162643 -0.0836885
2120.88 0.0383047 -0.268133 -9.26973 0.087338 0.150748 10.0068 0.0726929 -0.161116 -0.0829249
2120.9 -0.0383047 -0.229828 -9.38465 0.0490528 0.160319 10.0056 0.0720821 -0.160963 -0.0832304
2120.91 0.114914 -0.153219 -9.46126 0.04666 0.154337 10.0116 0.0757473 -0.165239 -0.0833831
2120.93 0.229828 -0.229828 -9.42295 0.0478564 0.154337 10.0032 0.0731511 -0.161116 -0.0800233
2120.95 0.0383047 -0.153219 -9.34634 0.0514457 0.157926 9.99601 0.073762 -0.163559 -0.0784962
2120.96 0.0 -0.191523 -9.46126 0.0681954 0.151944 10.0056 0.071624 -0.161879 -0.0781907
2120.98 0.0766094 -0.153219 -9.30804 0.0753739 0.144766 10.0259 0.071624 -0.161879 -0.0801761
2120.99 -0.0383047 -0.191523 -9.49956 0.0861416 0.117248 10.0116 0.0728457 -0.166155 -0.078038
2121.01 0.0 -0.268133 -9.42295 0.0825523 0.119641 10.0235 0.0734565 -0.163865 -0.079107
2121.02 0.114914 -0.229828 -9.38465 0.0753739 0.108873 10.0164 0.0736092 -0.164628 -0.0789543
2121.04 0.114914 -0.191523 -9.49956 0.0729811 0.102891 10.0092 0.0743728 -0.164934 -0.0804815
2121.05 0.0766094 -0.229828 -9.38465 0.0705882 0.101695 10.014 0.0731511 -0.164934 -0.0813978
2121.07 0.0383047 -0.229828 -9.38465 0.0849452 0.104088 10.0152 0.0733038 -0.16585 -0.0853684
2121.08 -0.0766094 -0.306437 -9.61448 0.0837488 0.112463 10.0032 0.0739146 -0.164781 -0.0809396
2121.1 0.114914 -0.344742 -9.806 0.0993021 0.128016 10.0152 0.0729984 -0.16249 -0.0806342
2121.69 0.0 -0.268133 -9.65278 0.101695 0.125623 10.0044 0.0742201 -0.165392 -0.081245
2121.71 0.0 -0.229828 -9.46126 0.107677 0.128016 10.0044 0.0754418 -0.166308 -0.0832304
2121.72 0.153219 -0.268133 -9.61448 0.135194 0.142373 10.0187 0.0726929 -0.165544 -0.0795652
2121.74 -0.0383047 -0.153219 -9.38465 0.130409 0.15673 10.0032 0.0752891 -0.166766 -0.0817032
2121.76 0.0 -0.306437 -9.57617 0.150748 0.167498 9.9996 0.0722348 -0.163406 -0.0817032
2121.77 -0.0383047 -0.153219 -9.34634 0.165105 0.192622 9.99003 0.0707076 -0.163254 -0.0789543
2121.79 -0.153219 -0.153219 -9.49956 0.175872 0.16989 9.99841 0.0726929 -0.165392 -0.0813978
2121.81 -0.153219 -0.229828 -9.46126 0.161515 0.168694 10.0116 0.0725402 -0.164475 -0.0806342
2121.82 0.0 -0.114914 -9.49956 0.190229 0.165105 10.014 0.0728457 -0.163712 -0.0766636
2121.84 0.0 -0.191523 -9.42295 0.16989 0.144766 10.0056 0.0719294 -0.162948 -0.0774271
2121.86 -0.0383047 -0.306437 -9.0016 0.172283 0.131605 10.0092 0.0725402 -0.163101 -0.0789543
2121.87 -0.153219 -0.229828 -9.34634 0.163908 0.108873 10.0104 0.0722348 -0.161268 -0.0801761
2121.89 -0.0766094 -0.344742 -9.0016 0.160319 0.105284 9.99721 0.0734565 -0.161879 -0.0809396
2121.91 -0.0383047 -0.344742 -9.46126 0.148355 0.0981057 10.0044 0.0722348 -0.161421 -0.0810924
2121.92 0.0 -0.114914 -9.42295 0.153141 0.113659 9.98764 0.073762 -0.162796 -0.0813978
2121.94 0.0766094 -0.268133 -9.38465 0.129212 0.107677 9.99482 0.0752891 -0.163712 -0.0853684
2121.96 -0.0383047 -0.306437 -9.38465 0.112463 0.131605 10.0056 0.0746782 -0.162032 -0.0849102
2121.97 0.268133 -0.268133 -9.61448 0.117248 0.142373 10.0175 0.0754418 -0.163865 -0.0853684
2121.99 0.114914 -0.153219 -9.42295 0.0717846 0.147159 10.0068 0.0755945 -0.161879 -0.0853684
2122.01 0.191523 -0.114914 -9.42295 0.0729811 0.153141 10.0116 0.0746782 -0.162948 -0.081245
2122.02 0.0383047 -0.191523 -9.38465 0.0681954 0.145962 10.0199 0.0745255 -0.164323 -0.0820086
2122.04 0.0383047 -0.153219 -9.23143 0.0502493 0.147159 10.0032 0.0713185 -0.159589 -0.0794125
2122.06 0.0 -0.268133 -9.42295 0.0490528 0.129212 10.008 0.0746782 -0.163865 -0.0806342
2122.07 0.229828 -0.229828 -9.38465 0.0514457 0.107677 10.0044 0.0736092 -0.164781 -0.0801761
2122.09 0.114914 -0.268133 -9.49956 0.0478564 0.100499 9.99601 0.0768163 -0.166613 -0.0810924
2122.11 0.0766094 -0.229828 -9.42295 0.061017 0.111266 10.0175 0.0762054 -0.166461 -0.0797179
2122.12 0.0766094 -0.191523 -9.34634 0.0777667 0.114855 10.0235 0.073762 -0.164017 -0.0807869
2122.14 0.0383047 -0.229828 -9.34634 0.0849452 0.122034 10.0056 0.0755945 -0.164628 -0.0836885
2122.16 -0.0383047 -0.191523 -9.57617 0.0897308 0.138784 10.0044 0.0731511 -0.164475 -0.0830777
2122.17 0.0 -0.268133 -9.30804 0.106481 0.165105 9.99721 0.0725402 -0.163865 -0.0813978
2122.19 0.0766094 -0.229828 -9.07821 0.112463 0.160319 9.99721 0.0760527 -0.164628 -0.081245
2122.21 -0.0766094 -0.0766094 -9.38465 0.114855 0.180658 9.99721 0.0734565 -0.163406 -0.0798706
2122.22 -0.0383047 -0.191523 -9.53786 0.116052 0.193819 10.0104 0.0726929 -0.163712 -0.0794125
2122.24 0.0766094 -0.153219 -9.34634 0.130409 0.18664 10.0104 0.0733038 -0.165392 -0.0813978
2122.26 -0.0383047 -0.268133 -9.46126 0.133998 0.183051 10.0032 0.0728457 -0.164475 -0.079107
2122.27 -0.191523 -0.191523 -9.38465 0.145962 0.175872 10.0008 0.0725402 -0.164781 -0.0774271
2122.29 -0.0383047 -0.153219 -9.53786 0.145962 0.144766 9.9996 0.0708604 -0.164323 -0.0768163
2122.31 -0.0383047 -0.191523 -9.30804 0.151944 0.147159 9.99601 0.0734565 -0.164017 -0.0789543
2122.32 -0.0383047 -0.229828 -9.34634 0.168694 0.131605 9.99362 0.0723875 -0.162796 -0.0772744
2122.34 0.0 -0.229828 -9.57617 0.177069 0.118445 10.0008 0.071624 -0.163406 -0.0804815
2122.36 -0.0383047 -0.229828 -9.38465 0.177069 0.12682 9.99721 0.0726929 -0.163559 -0.0801761
2122.37 -0.0766094 -0.229828 -9.72939 0.160319 0.13998 10.002 0.0729984 -0.162337 -0.0807869
2122.39 -0.0766094 -0.191523 -9.26973 0.154337 0.160319 10.0068 0.0733038 -0.161879 -0.0818559
2122.41 0.0 -0.229828 -9.38465 0.132802 0.148355 10.0008 0.071624 -0.161726 -0.0824668
2122.42 0.114914 -0.229828 -9.65278 0.12323 0.143569 9.9996 0.0723875 -0.162185 -0.0855211
2122.44 0.0383047 -0.191523 -9.46126 0.116052 0.150748 10.002 0.0726929 -0.162032 -0.0815505
2122.46 0.0383047 -0.191523 -9.03991 0.100499 0.149551 10.002 0.0722348 -0.162796 -0.0797179
2122.47 0.0 -0.268133 -9.34634 0.09332 0.135194 10.0056 0.0719294 -0.162643 -0.0771217
2122.49 0.191523 -0.114914 -9.34634 0.0717846 0.11007 10.0056 0.0705549 -0.162185 -0.079107
2122.5 0.0383047 -0.268133 -9.46126 0.0765703 0.0993021 9.99721 0.0731511 -0.161268 -0.0798706
2122.52 0.0383047 -0.229828 -9.42295 0.0753739 0.087338 9.99242 0.0739146 -0.164017 -0.0798706
2122.54 0.0766094 -0.268133 -9.07821 0.0705882 0.066999 10.0104 0.071624 -0.162032 -0.079107
2122.55 0.191523 -0.306437 -9.26973 0.0717846 0.0861416 10.0008 0.0746782 -0.166003 -0.0804815
2122.57 0.0383047 -0.229828 -9.42295 0.0681954 0.0813559 9.99721 0.0752891 -0.164017 -0.0824668
2122.59 -0.114914 -0.191523 -9.34634 0.0741775 0.108873 10.0092 0.0725402 -0.162643 -0.0821613
2122.6 0.153219 -0.114914 -9.53786 0.0705882 0.119641 10.0068 0.0763581 -0.164934 -0.0855211
2122.62 0.268133 -0.153219 -9.38465 0.0681954 0.122034 10.0044 0.0772744 -0.166919 -0.0852157
2122.64 0.0766094 -0.153219 -9.49956 0.0861416 0.148355 10.0032 0.0751364 -0.165544 -0.0841467
2122.65 -0.0766094 -0.229828 -9.34634 0.0729811 0.17348 10.002 0.0752891 -0.16585 -0.0824668
2122.67 0.114914 -0.153219 -9.42295 0.0897308 0.175872 10.0032 0.0726929 -0.164017 -0.0813978
2122.69 -0.114914 -0.229828 -9.46126 0.0909272 0.160319 10.0175 0.0736092 -0.165544 -0.0815505
2122.7 -0.114914 -0.229828 -9.42295 0.116052 0.155533 10.0092 0.0729984 -0.164017 -0.0800233
2122.72 -0.0766094 -0.153219 -9.53786 0.0957129 0.144766 10.0056 0.0740674 -0.166461 -0.0800233
2122.73 0.0383047 -0.114914 -9.46126 0.107677 0.147159 10.0008 0.0729984 -0.165697 -0.0786489
2122.75 -0.114914 -0.268133 -9.46126 0.129212 0.142373 9.98764 0.0733038 -0.163406 -0.0772744
2122.76 -0.114914 -0.153219 -9.34634 0.155533 0.141176 9.99721 0.0739146 -0.165239 -0.0806342
2122.78 0.0383047 -0.306437 -9.42295 0.166301 0.138784 9.99601 0.0746782 -0.16585 -0.0832304
2122.8 0.114914 -0.229828 -9.26973 0.154337 0.157926 9.99362 0.073762 -0.164781 -0.0856738
2122.81 0.0383047 -0.153219 -9.23143 0.172283 0.166301 9.99721 0.0740674 -0.164475 -0.0820086
2122.83 -0.0766094 -0.229828 -9.30804 0.150748 0.174676 9.99242 0.0768163 -0.165239 -0.0835358
2122.85 -0.153219 -0.268133 -9.53786 0.130409 0.208175 10.008 0.074831 -0.163406 -0.0810924
2122.86 -0.114914 -0.191523 -9.38465 0.138784 0.204586 9.98644 0.0708604 -0.161726 -0.0810924
2122.88 -0.0766094 -0.191523 -9.23143 0.12682 0.193819 9.99601 0.0729984 -0.163254 -0.0809396
2122.9 0.0 -0.191523 -9.38465 0.114855 0.166301 9.99841 0.0733038 -0.164628 -0.0824668
2122.91 0.114914 -0.191523 -9.42295 0.0957129 0.171087 9.99601 0.0725402 -0.162643 -0.0777326
2122.93 -0.153219 -0.153219 -9.61448 0.11007 0.167498 10.0104 0.0725402 -0.163254 -0.0762054
2122.94 -0.0383047 -0.268133 -9.42295 0.119641 0.130409 9.99601 0.0704022 -0.164323 -0.0772744
2122.96 0.153219 -0.229828 -9.03991 0.102891 0.12682 10.002 0.0720821 -0.164781 -0.0801761
2122.98 0.0383047 -0.229828 -9.42295 0.100499 0.107677 10.0056 0.071624 -0.163254 -0.0801761
2122.99 0.0383047 -0.229828 -9.38465 0.113659 0.0981057 9.99003 0.0722348 -0.164475 -0.0797179
2123.01 0.0766094 -0.229828 -9.19312 0.0921237 0.101695 10.0068 0.0719294 -0.163101 -0.0798706
2123.03 -0.0766094 -0.268133 -9.42295 0.0801595 0.107677 9.9996 0.0740674 -0.162337 -0.0818559
2123.04 0.114914 -0.344742 -9.49956 0.0801595 0.130409 9.9996 0.0723875 -0.161879 -0.0809396
2123.06 0.0383047 -0.191523 -9.42295 0.0789631 0.125623 10.0044 0.0734565 -0.165392 -0.0849102
2123.08 0.0 -0.153219 -9.15482 0.066999 0.120837 9.99003 0.0726929 -0.162948 -0.0807869
2123.09 0.0383047 -0.268133 -9.38465 0.066999 0.12323 9.99841 0.0723875 -0.163254 -0.0804815
2123.11 -0.114914 -0.229828 -9.34634 0.0837488 0.138784 10.0032 0.0729984 -0.163865 -0.0809396
2123.13 -0.0383047 -0.153219 -9.42295 0.0789631 0.135194 9.9996 0.0728457 -0.164628 -0.0817032
2123.14 -0.114914 -0.344742 -9.34634 0.100499 0.119641 10.0068 0.0743728 -0.166003 -0.0803288
2123.16 0.0383047 -0.306437 -9.46126 0.111266 0.0921237 10.0044 0.0757473 -0.167072 -0.081245
2123.18 0.0 -0.306437 -9.03991 0.117248 0.102891 10.0008 0.0746782 -0.164934 -0.0786489
2123.19 -0.229828 -0.0766094 -9.38465 0.119641 0.104088 10.002 0.0734565 -0.164628 -0.079107
2123.21 0.0383047 -0.268133 -9.38465 0.114855 0.105284 10.0044 0.0746782 -0.162796 -0.0821613
2123.23 0.114914 -0.344742 -9.15482 0.132802 0.105284 9.99123 0.0746782 -0.165086 -0.085063
2123.24 -0.0383047 -0.268133 -9.49956 0.11007 0.114855 9.99362 0.0765108 -0.165392 -0.0849102
2123.26 0.0 -0.114914 -9.23143 0.104088 0.142373 10.0068 0.073762 -0.163406 -0.0830777
2123.28 -0.0383047 -0.229828 -9.42295 0.0993021 0.180658 10.0116 0.0746782 -0.165392 -0.0829249
2123.29 -0.0766094 -0.191523 -8.84838 0.11007 0.183051 10.0056 0.0725402 -0.164781 -0.0818559
2123.31 -0.0766094 -0.153219 -9.30804 0.120837 0.198604 10.002 0.0743728 -0.164934 -0.0823141
2123.33 0.114914 -0.191523 -9.19312 0.117248 0.195015 10.0056 0.0723875 -0.163865 -0.0800233
2123.34 -0.0383047 -0.229828 -9.49956 0.131605 0.187837 10.0068 0.0736092 -0.163254 -0.0786489
2123.36 0.0383047 -0.153219 -9.46126 0.153141 0.196211 10.0056 0.071013 -0.161421 -0.0766636
2123.38 0.153219 -0.229828 -9.38465 0.129212 0.174676 10.0056 0.0722348 -0.162948 -0.0772744
2123.39 0.0766094 -0.268133 -9.30804 0.149551 0.16989 9.99123 0.0752891 -0.165544 -0.0800233
2123.41 0.114914 -0.421352 -9.69109 0.155533 0.157926 10.0104 0.0742201 -0.163865 -0.0818559
2123.43 0.0383047 -0.153219 -9.42295 0.141176 0.142373 9.99601 0.0739146 -0.161421 -0.081245
2123.44 -0.153219 -0.153219 -9.34634 0.131605 0.143569 10.0008 0.0725402 -0.163406 -0.0817032
2123.46 0.0 -0.114914 -9.30804 0.118445 0.150748 10.0092 0.0729984 -0.162948 -0.0810924
2123.48 0.0 -0.268133 -9.26973 0.111266 0.157926 10.0032 0.0739146 -0.163406 -0.0823141
2123.49 0.0 -0.191523 -9.61448 0.0993021 0.167498 10.0008 0.0705549 -0.162185 -0.0817032
2123.51 0.0766094 -0.191523 -9.42295 0.0885344 0.16989 10.0008 0.074831 -0.16417 -0.0832304
2123.53 0.0383047 -0.306437 -9.42295 0.0885344 0.162712 10.014 0.0743728 -0.164934 -0.0823141
2123.54 0.0383047 -0.153219 -9.34634 0.087338 0.17348 10.0068 0.0725402 -0.163712 -0.079107
2123.56 -0.153219 -0.268133 -9.19312 0.0861416 0.153141 9.99601 0.0733038 -0.163101 -0.0777326
2123.57 -0.0383047 -0.191523 -9.38465 0.0921237 0.149551 9.9996 0.0720821 -0.163101 -0.0755945
2123.59 0.0383047 -0.153219 -9.34634 0.108873 0.106481 10.0175 0.0723875 -0.164323 -0.0788016
2123.61 0.0 -0.268133 -9.19312 0.105284 0.0801595 10.002 0.073762 -0.165544 -0.0786489
2123.62 0.0 -0.268133 -9.38465 0.0957129 0.0777667 10.0116 0.0731511 -0.164781 -0.079107
2123.64 0.0 -0.344742 -9.38465 0.0849452 0.066999 10.0092 0.0731511 -0.165239 -0.0783434
2123.66 -0.0766094 -0.191523 -9.46126 0.087338 0.0729811 10.008 0.0749837 -0.165392 -0.0815505
2123.67 0.0766094 -0.191523 -9.42295 0.0861416 0.0861416 10.0211 0.0743728 -0.164628 -0.0836885
2123.69 -0.0383047 -0.191523 -9.26973 0.0765703 0.0957129 10.008 0.0755945 -0.165697 -0.0835358
2123.71 0.0766094 -0.153219 -9.38465 0.0921237 0.112463 10.0056 0.0757473 -0.167835 -0.0826195
2123.72 -0.191523 -0.153219 -9.15482 0.0957129 0.118445 10.0008 0.0757473 -0.165086 -0.0824668
2123.74 -0.0766094 -0.153219 -9.38465 0.11007 0.144766 10.0044 0.0768163 -0.165697 -0.0827722
2123.76 -0.0383047 -0.229828 -9.34634 0.119641 0.144766 10.0092 0.0757473 -0.166003 -0.0817032
2123.77 -0.0383047 -0.191523 -9.46126 0.133998 0.13998 10.0044 0.0746782 -0.166461 -0.0806342
2123.79 0.0383047 -0.268133 -9.46126 0.165105 0.141176 10.0116 0.0754418 -0.167072 -0.0807869
2123.81 -0.0383047 -0.268133 -9.46126 0.166301 0.13998 9.99482 0.0749837 -0.165697 -0.0800233
2123.82 -0.0383047 -0.153219 -9.11651 0.168694 0.12682 10.0008 0.0742201 -0.165697 -0.0795652
2123.84 -0.0383047 -0.306437 -9.26973 0.179462 0.112463 10.0211 0.0739146 -0.162796 -0.0804815
2123.86 -0.0383047 -0.191523 -9.38465 0.168694 0.101695 10.0044 0.0736092 -0.163559 -0.0818559
2123.87 0.0 -0.229828 -9.34634 0.148355 0.129212 10.0128 0.0731511 -0.163254 -0.0836885
2123.89 0.0 -0.306437 -9.38465 0.145962 0.130409 9.99242 0.0755945 -0.16417 -0.0856738
2123.91 -0.153219 -0.0766094 -9.34634 0.142373 0.154337 10.0056 0.0765108 -0.164628 -0.0852157
2123.92 0.0383047 -0.114914 -9.34634 0.13998 0.160319 10.0068 0.0760527 -0.164017 -0.0864374
2123.94 0.0766094 -0.0766094 -9.34634 0.129212 0.202193 10.0104 0.0733038 -0.162337 -0.0856738
2123.96 -0.0383047 -0.268133 -9.26973 0.133998 0.195015 10.014 0.0755945 -0.165544 -0.0859793
2123.97 -0.0383047 -0.191523 -9.46126 0.132802 0.196211 10.0032 0.0743728 -0.164934 -0.0830777
2123.99 0.153219 -0.153219 -9.38465 0.119641 0.192622 9.98524 0.0711658 -0.162643 -0.0801761
2124.0 -0.0383047 -0.191523 -9.34634 0.117248 0.189033 10.0116 0.0719294 -0.162185 -0.0803288
2124.02 0.0766094 -0.268133 -9.38465 0.108873 0.16989 9.9996 0.0728457 -0.162337 -0.0803288
2124.04 0.0766094 -0.114914 -9.46126 0.0789631 0.141176 9.9996 0.0696386 -0.161574 -0.0794125
2124.05 0.229828 -0.268133 -9.49956 0.0741775 0.131605 10.0056 0.0719294 -0.161726 -0.0794125
2124.07 0.0766094 -0.229828 -9.46126 0.0753739 0.128016 10.0199 0.0700968 -0.160352 -0.079107
2124.09 -0.0766094 -0.268133 -9.65278 0.04666 0.12682 9.99841 0.0717766 -0.163406 -0.081245
2124.11 0.0 -0.191523 -9.38465 0.0394815 0.128016 10.002 0.0722348 -0.164475 -0.0824668
2124.12 0.0766094 -0.268133 -9.65278 0.04666 0.137587 10.0092 0.0726929 -0.164017 -0.0826195
2124.14 0.0 -0.191523 -9.34634 0.0646062 0.157926 10.0032 0.0733038 -0.163254 -0.0820086
2124.15 0.114914 -0.306437 -8.84838 0.0574277 0.172283 10.0032 0.0740674 -0.165697 -0.0795652
2124.17 0.0766094 -0.229828 -9.49956 0.0825523 0.165105 10.014 0.0733038 -0.164781 -0.0794125
2124.19 -0.0383047 -0.191523 -9.38465 0.104088 0.155533 9.9996 0.074831 -0.167224 -0.0795652
2124.2 0.268133 -0.153219 -9.61448 0.124427 0.160319 10.0175 0.071624 -0.164475 -0.076969
2124.22 -0.0383047 -0.229828 -9.46126 0.114855 0.130409 10.0008 0.0728457 -0.164323 -0.0760527
2124.24 -0.114914 -0.153219 -9.34634 0.128016 0.104088 10.0187 0.0704022 -0.164934 -0.0723875
2124.25 0.0766094 -0.306437 -9.46126 0.131605 0.101695 10.0068 0.0734565 -0.16417 -0.074831
2124.27 -0.0766094 -0.229828 -9.34634 0.142373 0.0897308 10.0068 0.0734565 -0.166461 -0.0771217
2124.29 -0.0383047 -0.268133 -9.46126 0.125623 0.0897308 10.0104 0.0705549 -0.164475 -0.0781907
2124.3 -0.191523 -0.229828 -9.53786 0.145962 0.0681954 10.0032 0.0742201 -0.166308 -0.0829249
2124.32 0.0 -0.306437 -9.42295 0.163908 0.0789631 9.99841 0.0739146 -0.166308 -0.0817032
2124.34 -0.0383047 -0.344742 -9.30804 0.161515 0.101695 9.99362 0.0754418 -0.165544 -0.0833831
2124.36 0.0 -0.268133 -9.46126 0.160319 0.149551 10.0044 0.0743728 -0.165392 -0.0830777
2124.37 -0.114914 -0.191523 -9.65278 0.167498 0.154337 9.98883 0.0739146 -0.164323 -0.0849102
2124.39 -0.0766094 -0.191523 -9.34634 0.178265 0.149551 9.99841 0.0752891 -0.164323 -0.0858265
2124.4 0.0383047 -0.268133 -9.46126 0.162712 0.168694 10.0044 0.0729984 -0.161268 -0.0835358
2124.42 -0.0383047 -0.191523 -9.46126 0.149551 0.166301 10.0056 0.0731511 -0.161116 -0.0795652
2124.44 0.0 -0.191523 -9.46126 0.144766 0.142373 10.0044 0.0743728 -0.161879 -0.0774271
2124.45 0.0 -0.153219 -9.42295 0.155533 0.154337 10.0056 0.0719294 -0.160658 -0.0804815
2124.47 -0.0383047 -0.191523 -9.34634 0.137587 0.118445 10.002 0.0739146 -0.163406 -0.0844521
2124.49 -0.114914 -0.153219 -9.34634 0.113659 0.107677 10.002 0.0742201 -0.163101 -0.0826195
2124.5 0.0 -0.229828 -9.23143 0.119641 0.111266 10.0056 0.0731511 -0.162796 -0.0821613
2124.52 -0.114914 -0.268133 -9.07821 0.101695 0.111266 9.99841 0.0762054 -0.16585 -0.0832304
2124.54 -0.0383047 -0.268133 -9.38465 0.0957129 0.129212 10.0152 0.0752891 -0.161574 -0.0835358
2124.55 -0.0766094 -0.114914 -9.23143 0.105284 0.155533 10.0116 0.0757473 -0.163101 -0.0865901
2124.57 0.0766094 -0.191523 -9.34634 0.0777667 0.15673 9.99482 0.073762 -0.162032 -0.0867428
2124.59 -0.114914 -0.153219 -9.61448 0.0825523 0.184247 10.0044 0.0726929 -0.161421 -0.0826195
2124.6 0.153219 -0.114914 -9.42295 0.0765703 0.199801 10.0152 0.073762 -0.162796 -0.081245
2124.62 0.0766094 -0.191523 -9.30804 0.0741775 0.198604 10.0068 0.0746782 -0.162948 -0.0804815
2124.64 0.0766094 -0.0383047 -9.46126 0.0538385 0.181854 9.99242 0.0726929 -0.16417 -0.0804815
2124.65 0.0383047 -0.268133 -9.38465 0.0646062 0.159123 10.0068 0.0733038 -0.163559 -0.081245
2124.67 -0.0766094 -0.114914 -9.49956 0.0729811 0.149551 9.99362 0.0713185 -0.163865 -0.0789543
2124.69 0.0766094 -0.229828 -9.65278 0.0526421 0.13998 10.002 0.0696386 -0.160963 -0.0759
2124.7 -0.0766094 -0.268133 -9.49956 0.0777667 0.113659 10.0092 0.0725402 -0.166308 -0.076969
2124.72 0.114914 -0.229828 -9.42295 0.0885344 0.116052 10.0116 0.0723875 -0.165086 -0.0781907
2124.74 0.229828 -0.229828 -9.15482 0.0741775 0.117248 9.9996 0.0736092 -0.166613 -0.0798706
2124.75 -0.0383047 -0.306437 -9.38465 0.0945165 0.122034 10.0044 0.0722348 -0.164781 -0.0815505
2124.77 -0.0383047 -0.0766094 -9.30804 0.0969093 0.136391 10.0092 0.0743728 -0.165086 -0.0810924
2124.79 -0.0383047 -0.191523 -9.34634 0.105284 0.162712 10.0092 0.0733038 -0.166919 -0.0795652
2124.8 0.153219 -0.191523 -9.30804 0.124427 0.187837 9.99841 0.0717766 -0.164323 -0.0786489
2124.82 -0.0383047 -0.153219 -9.42295 0.137587 0.183051 10.0128 0.0740674 -0.166613 -0.0807869
2124.84 -0.191523 -0.268133 -9.42295 0.147159 0.168694 9.99721 0.071013 -0.164475 -0.0797179
2124.85 0.0383047 -0.191523 -9.42295 0.150748 0.165105 10.008 0.0714712 -0.165086 -0.0774271
2124.87 -0.0766094 -0.383047 -9.53786 0.149551 0.142373 10.0092 0.0707076 -0.163559 -0.076969
2124.89 -0.0383047 -0.114914 -9.46126 0.150748 0.128016 9.98883 0.0702495 -0.163254 -0.0743728
2124.9 0.0 -0.114914 -9.19312 0.157926 0.11007 10.0223 0.0733038 -0.165544 -0.0774271
2124.92 -0.0766094 -0.229828 -9.38465 0.172283 0.105284 10.0068 0.0723875 -0.163865 -0.0788016
2124.94 -0.191523 -0.268133 -9.38465 0.171087 0.087338 10.008 0.0726929 -0.162337 -0.0833831
2124.95 0.0383047 -0.229828 -9.30804 0.175872 0.0993021 10.0032 0.073762 -0.16249 -0.0824668
2124.97 -0.0766094 -0.268133 -9.07821 0.151944 0.119641 10.0044 0.0719294 -0.16081 -0.0806342
2124.99 -0.0766094 -0.191523 -9.30804 0.165105 0.136391 10.0056 0.0734565 -0.162948 -0.0830777
2125.0 0.0383047 -0.268133 -9.42295 0.148355 0.159123 10.0092 0.0740674 -0.162643 -0.0852157
2125.02 0.153219 -0.229828 -9.49956 0.143569 0.155533 10.0044 0.0739146 -0.160505 -0.083994
2125.04 -0.0383047 -0.229828 -9.46126 0.138784 0.161515 9.99841 0.0731511 -0.163559 -0.0836885
2125.05 0.0 -0.306437 -9.34634 0.111266 0.153141 10.0092 0.074831 -0.162185 -0.0806342
2125.07 -0.0383047 -0.229828 -9.46126 0.102891 0.135194 10.0044 0.073762 -0.161268 -0.0804815
2125.09 0.153219 -0.153219 -9.07821 0.0969093 0.143569 10.014 0.073762 -0.162337 -0.081245
2125.1 0.0766094 -0.191523 -9.34634 0.0849452 0.119641 10.0068 0.071624 -0.161574 -0.0797179
2125.12 0.114914 -0.229828 -9.15482 0.0825523 0.100499 10.0116 0.0745255 -0.162337 -0.0820086
2125.14 0.0766094 -0.191523 -9.42295 0.0885344 0.0909272 10.0235 0.0736092 -0.16081 -0.0803288
2125.15 -0.0383047 -0.306437 -9.76769 0.0837488 0.104088 10.0116 0.0752891 -0.164781 -0.0841467
2125.17 0.114914 -0.191523 -9.42295 0.0777667 0.124427 10.0104 0.0731511 -0.163406 -0.0820086
2125.19 -0.0766094 -0.191523 -9.26973 0.0825523 0.129212 10.0128 0.0729984 -0.16081 -0.0836885
2125.2 0.0766094 -0.229828 -9.38465 0.0502493 0.157926 10.0068 0.0762054 -0.165544 -0.086132
2125.22 0.0 -0.306437 -9.34634 0.0825523 0.17348 10.0187 0.0725402 -0.163101 -0.0842994
2125.24 -0.0383047 -0.191523 -9.42295 0.0777667 0.183051 10.0092 0.0745255 -0.16417 -0.0821613
2125.25 0.0383047 -0.153219 -9.19312 0.0598205 0.18664 10.0032 0.076969 -0.167224 -0.0836885
2125.27 0.0 -0.229828 -9.34634 0.0777667 0.198604 10.008 0.0713185 -0.163712 -0.079107
2125.29 0.0 -0.229828 -9.69109 0.0753739 0.181854 10.0092 0.074831 -0.167377 -0.0804815
2125.3 0.0766094 -0.191523 -9.38465 0.0825523 0.165105 9.99841 0.0729984 -0.16585 -0.0777326
2125.32 0.0383047 -0.268133 -9.34634 0.111266 0.159123 10.0032 0.0729984 -0.166155 -0.0768163
2125.34 -0.0383047 -0.229828 -9.34634 0.124427 0.149551 10.0068 0.0731511 -0.166766 -0.0783434
2125.35 0.0383047 -0.229828 -9.30804 0.131605 0.13998 9.99482 0.0726929 -0.167377 -0.0771217
2125.37 0.0 -0.268133 -9.69109 0.148355 0.141176 10.0008 0.0736092 -0.16417 -0.0772744
2125.39 -0.0766094 -0.229828 -9.49956 0.155533 0.142373 10.0008 0.0708604 -0.163865 -0.0803288
2125.4 -0.0766094 -0.306437 -9.69109 0.171087 0.159123 10.0044 0.071624 -0.164934 -0.0801761
2125.42 -0.153219 -0.229828 -9.42295 0.179462 0.153141 10.0068 0.0713185 -0.162948 -0.0810924
2125.44 0.0 -0.229828 -9.23143 0.172283 0.171087 9.99721 0.0722348 -0.162185 -0.0781907
2125.45 -0.0766094 -0.229828 -9.61448 0.179462 0.163908 10.0008 0.0733038 -0.163865 -0.0801761
2125.47 0.0383047 -0.153219 -9.34634 0.165105 0.180658 9.99841 0.0722348 -0.162796 -0.0818559
2125.49 -0.0766094 -0.191523 -9.69109 0.144766 0.166301 9.9996 0.0720821 -0.162948 -0.0801761
2125.5 0.0383047 -0.229828 -9.46126 0.141176 0.13998 9.9996 0.0723875 -0.162185 -0.0797179
2125.52 0.0766094 -0.153219 -9.46126 0.154337 0.142373 10.0068 0.0693332 -0.160352 -0.0772744
2125.54 -0.114914 -0.191523 -9.42295 0.143569 0.120837 9.99721 0.0708604 -0.16249 -0.078038
2125.55 -0.0383047 -0.306437 -9.30804 0.13998 0.105284 10.0152 0.0745255 -0.162643 -0.0784962
2125.57 0.0 -0.191523 -9.34634 0.124427 0.0945165 10.008 0.0720821 -0.16417 -0.081245
2125.59 -0.153219 -0.191523 -9.15482 0.113659 0.0729811 10.0056 0.0713185 -0.160047 -0.0810924
2125.6 -0.114914 -0.229828 -9.23143 0.111266 0.0897308 10.0128 0.0766636 -0.165392 -0.0835358
2125.62 0.0 -0.229828 -9.34634 0.107677 0.0921237 10.0008 0.074831 -0.163254 -0.0836885
2125.63 -0.0766094 -0.153219 -9.30804 0.0921237 0.107677 10.0199 0.0752891 -0.16417 -0.0844521
2125.65 0.0383047 -0.229828 -9.42295 0.0646062 0.113659 10.002 0.0722348 -0.161574 -0.0838412
2125.67 -0.0383047 -0.229828 -9.61448 0.0717846 0.113659 10.0032 0.0734565 -0.162185 -0.0858265
2125.69 0.0 -0.191523 -9.38465 0.0418744 0.141176 10.0056 0.0742201 -0.16249 -0.0818559
2125.7 0.0383047 -0.114914 -9.76769 0.0478564 0.145962 10.0044 0.0740674 -0.161879 -0.0810924
2125.72 0.114914 -0.191523 -9.42295 0.0323031 0.141176 10.0032 0.0733038 -0.161879 -0.0810924
2125.73 0.114914 -0.153219 -9.46126 0.0490528 0.141176 10.0152 0.0754418 -0.164475 -0.0826195
2125.75 0.114914 -0.191523 -9.46126 0.0658026 0.120837 10.0032 0.0751364 -0.165086 -0.0817032
2125.77 -0.114914 -0.153219 -9.53786 0.0801595 0.117248 10.0068 0.0734565 -0.165544 -0.0806342
2125.78 0.0 -0.229828 -9.42295 0.102891 0.117248 10.0152 0.0745255 -0.164934 -0.0784962
2125.8 0.153219 -0.191523 -9.72939 0.108873 0.125623 10.0068 0.073762 -0.163101 -0.0777326
2125.82 0.0766094 -0.191523 -9.23143 0.130409 0.130409 10.014 0.0763581 -0.167072 -0.0842994
2125.83 0.0383047 -0.229828 -9.42295 0.128016 0.144766 10.0068 0.0751364 -0.166003 -0.0852157
2125.85 0.191523 -0.344742 -9.76769 0.124427 0.157926 10.008 0.0755945 -0.16585 -0.0841467
2125.87 -0.0766094 -0.191523 -9.42295 0.132802 0.184247 10.0044 0.0765108 -0.167224 -0.0829249
2125.88 -0.191523 -0.229828 -9.34634 0.124427 0.205783 10.0032 0.0733038 -0.164475 -0.081245
2125.9 0.0383047 -0.153219 -9.49956 0.125623 0.209372 10.0032 0.0751364 -0.166766 -0.0813978
2125.92 -0.0766094 -0.191523 -9.49956 0.133998 0.199801 9.9996 0.0760527 -0.167682 -0.0835358
2125.93 0.114914 -0.229828 -9.19312 0.142373 0.200997 9.99841 0.0757473 -0.166919 -0.0821613
2125.95 0.0766094 -0.229828 -9.34634 0.157926 0.185444 10.0116 0.0714712 -0.163712 -0.0778853
2125.96 0.0 -0.153219 -9.38465 0.150748 0.180658 10.0092 0.0742201 -0.166003 -0.0783434
2125.98 -0.0383047 -0.229828 -9.23143 0.179462 0.151944 10.0068 0.0731511 -0.16417 -0.0768163
2126.0 -0.114914 -0.191523 -9.49956 0.177069 0.142373 10.0259 0.0733038 -0.163712 -0.079107
2126.01 -0.114914 -0.153219 -9.65278 0.166301 0.142373 9.99721 0.0720821 -0.16249 -0.0794125
2126.03 -0.0383047 -0.344742 -9.38465 0.172283 0.116052 10.0128 0.0726929 -0.161726 -0.0792598
2126.05 -0.114914 -0.191523 -9.61448 0.145962 0.122034 10.0044 0.0728457 -0.162032 -0.0806342
2126.07 0.0766094 -0.191523 -9.53786 0.141176 0.130409 10.0044 0.0723875 -0.162643 -0.0807869
2126.08 0.0383047 -0.229828 -9.61448 0.0993021 0.143569 9.99841 0.0714712 -0.159894 -0.0821613
2126.1 0.0 -0.153219 -9.38465 0.106481 0.138784 10.0199 0.0726929 -0.162032 -0.0832304
2126.11 0.0766094 -0.229828 -9.46126 0.0981057 0.142373 10.0187 0.0728457 -0.163712 -0.0823141
2126.13 0.114914 -0.229828 -9.30804 0.0777667 0.153141 10.0104 0.0736092 -0.163406 -0.0807869
2126.14 0.0766094 -0.153219 -9.38465 0.0717846 0.142373 10.0032 0.0733038 -0.163865 -0.0806342
2126.16 -0.0383047 -0.229828 -9.30804 0.0705882 0.124427 10.0008 0.074831 -0.16417 -0.0807869
2126.17 0.0383047 -0.114914 -9.42295 0.0825523 0.113659 10.014 0.0722348 -0.165544 -0.0798706
2126.19 -0.0766094 -0.229828 -9.53786 0.0789631 0.0981057 10.0056 0.0731511 -0.166766 -0.0794125
2126.2 0.0766094 -0.306437 -9.38465 0.0681954 0.0813559 9.99362 0.074831 -0.165544 -0.0797179
2126.22 -0.114914 -0.229828 -9.53786 0.0909272 0.0813559 10.0116 0.0762054 -0.167224 -0.0821613
2126.83 -0.0383047 -0.229828 -9.53786 0.107677 0.130409 10.0116 0.0736092 -0.164323 -0.0794125
2126.84 -0.0383047 -0.229828 -9.49956 0.117248 0.114855 10.0128 0.0723875 -0.164323 -0.0786489
2126.86 -0.0383047 -0.229828 -9.46126 0.130409 0.117248 10.0056 0.073762 -0.165544 -0.0763581
2126.88 0.0766094 -0.114914 -9.30804 0.132802 0.113659 10.0008 0.074831 -0.164628 -0.0775799
2126.89 0.0383047 -0.153219 -9.34634 0.13998 0.122034 9.99362 0.0772744 -0.167682 -0.0821613
2126.91 -0.306437 -0.344742 -9.49956 0.13998 0.120837 9.99123 0.0765108 -0.167682 -0.086132
2126.93 -0.0383047 -0.191523 -9.38465 0.151944 0.141176 10.0068 0.074831 -0.162796 -0.0824668
2126.94 -0.191523 -0.306437 -9.19312 0.163908 0.144766 10.0092 0.0762054 -0.165392 -0.0833831
2126.96 -0.0383047 -0.306437 -9.46126 0.157926 0.163908 9.99721 0.0749837 -0.164017 -0.0813978
2126.98 0.0 -0.229828 -9.57617 0.155533 0.197408 10.014 0.0736092 -0.164323 -0.0824668
2126.99 0.191523 -0.114914 -9.38465 0.160319 0.199801 10.0068 0.0731511 -0.165239 -0.0838412
2127.01 -0.0766094 -0.114914 -9.11651 0.154337 0.181854 10.0044 0.0740674 -0.163559 -0.0829249
2127.03 -0.114914 -0.229828 -9.42295 0.157926 0.179462 10.0116 0.073762 -0.164017 -0.0781907
2127.05 -0.153219 -0.153219 -9.34634 0.15673 0.16989 10.002 0.0734565 -0.163254 -0.0777326
2127.07 -0.153219 -0.229828 -9.57617 0.13998 0.151944 10.002 0.0742201 -0.163406 -0.0810924
2127.08 0.0 -0.153219 -9.53786 0.12682 0.141176 10.0068 0.0722348 -0.161879 -0.081245
2127.1 -0.0383047 -0.383047 -9.46126 0.130409 0.136391 10.008 0.0720821 -0.164017 -0.0820086
2127.12 0.0 -0.268133 -9.30804 0.120837 0.118445 10.008 0.0726929 -0.163254 -0.0806342
2127.13 -0.0383047 -0.268133 -9.38465 0.0957129 0.131605 10.0008 0.0723875 -0.161726 -0.0786489
2127.15 -0.114914 -0.191523 -9.34634 0.0897308 0.12323 10.0032 0.0731511 -0.162185 -0.0826195
2127.17 0.0383047 -0.153219 -9.38465 0.0897308 0.143569 10.014 0.0704022 -0.160505 -0.0824668
2127.18 -0.229828 -0.191523 -9.38465 0.0562313 0.15673 10.002 0.0746782 -0.165544 -0.0873537
2127.2 0.0766094 -0.191523 -9.38465 0.0514457 0.155533 10.0068 0.0726929 -0.163712 -0.0820086
2127.22 0.229828 -0.191523 -9.30804 0.0550349 0.163908 10.008 0.0731511 -0.164323 -0.0797179
2127.23 0.0766094 -0.191523 -9.30804 0.0586241 0.162712 10.0044 0.0717766 -0.161116 -0.0771217
2127.25 0.0 -0.497961 -9.57617 0.0574277 0.15673 9.99362 0.0728457 -0.163559 -0.079107
2127.27 0.153219 -0.153219 -9.38465 0.0717846 0.129212 9.99601 0.0740674 -0.164781 -0.0809396
2127.28 -0.0766094 -0.0383047 -9.38465 0.0658026 0.106481 10.0044 0.0740674 -0.16585 -0.0813978
2127.3 0.0 -0.229828 -9.30804 0.0909272 0.11007 10.002 0.0722348 -0.164628 -0.0766636
2127.32 0.0383047 -0.153219 -9.65278 0.0622134 0.102891 10.0056 0.0720821 -0.165392 -0.0768163
2127.33 0.114914 -0.268133 -9.49956 0.0957129 0.101695 10.0032 0.0739146 -0.166308 -0.0772744
2127.35 -0.0383047 -0.191523 -9.69109 0.105284 0.112463 10.002 0.0743728 -0.167988 -0.0820086
2127.37 -0.114914 -0.153219 -9.42295 0.122034 0.114855 10.0164 0.0755945 -0.167682 -0.0836885
2127.38 -0.0766094 -0.191523 -9.42295 0.113659 0.117248 10.0056 0.0751364 -0.167988 -0.0817032
2127.4 0.0766094 -0.153219 -9.53786 0.137587 0.138784 10.0116 0.074831 -0.167072 -0.079107
2127.42 -0.0766094 -0.191523 -9.34634 0.137587 0.154337 10.0032 0.0719294 -0.165086 -0.0792598
2127.43 0.0766094 -0.191523 -9.61448 0.162712 0.155533 9.99123 0.0734565 -0.164017 -0.0810924
2127.45 0.0 -0.268133 -9.42295 0.16989 0.150748 10.0044 0.0729984 -0.165544 -0.0824668
2127.47 -0.191523 -0.383047 -9.30804 0.17348 0.149551 9.99841 0.0731511 -0.164628 -0.0797179
2127.48 0.114914 -0.191523 -8.92499 0.198604 0.133998 9.98524 0.0740674 -0.165086 -0.0772744
2127.5 0.0383047 -0.0766094 -9.46126 0.196211 0.124427 10.0116 0.0740674 -0.16585 -0.0781907
2127.51 0.0 -0.229828 -9.34634 0.187837 0.122034 10.0008 0.0733038 -0.162337 -0.0800233
2127.53 -0.114914 -0.114914 -9.34634 0.200997 0.113659 10.0164 0.0740674 -0.161421 -0.0827722
2127.55 -0.0766094 -0.268133 -9.34634 0.163908 0.119641 10.0056 0.0736092 -0.161421 -0.0832304
2127.56 -0.153219 -0.306437 -9.15482 0.143569 0.128016 9.99242 0.0728457 -0.159436 -0.0830777
2127.58 -0.191523 -0.153219 -9.38465 0.151944 0.130409 10.0152 0.0746782 -0.160963 -0.0835358
2127.6 -0.0383047 -0.114914 -9.49956 0.116052 0.145962 9.9996 0.074831 -0.163101 -0.0838412
2127.61 -0.153219 -0.153219 -9.30804 0.112463 0.155533 10.0092 0.0723875 -0.158825 -0.0832304
2127.63 0.0383047 -0.0766094 -9.34634 0.100499 0.163908 10.0008 0.0734565 -0.161268 -0.0858265
2127.65 -0.0383047 -0.229828 -9.65278 0.113659 0.155533 10.0068 0.0762054 -0.164934 -0.0859793
2127.66 0.114914 -0.153219 -9.38465 0.0981057 0.166301 10.002 0.0734565 -0.162032 -0.0836885
2127.68 0.268133 -0.191523 -9.42295 0.0765703 0.162712 10.0104 0.0713185 -0.160352 -0.0801761
2127.7 0.0383047 -0.191523 -9.34634 0.0693918 0.147159 9.9996 0.071013 -0.160963 -0.0803288
2127.71 0.114914 -0.191523 -9.34634 0.0538385 0.13998 10.0044 0.0728457 -0.162643 -0.0807869
2127.73 0.0383047 -0.306437 -9.49956 0.04666 0.138784 10.0056 0.0720821 -0.162948 -0.0806342
2127.75 0.0 -0.306437 -9.30804 0.0346959 0.120837 9.99721 0.0733038 -0.163559 -0.079107
2127.76 0.191523 -0.229828 -9.15482 0.0430708 0.128016 10.0032 0.0723875 -0.16249 -0.0797179
2127.78 0.0383047 -0.191523 -9.30804 0.0598205 0.125623 10.002 0.0743728 -0.164781 -0.0826195
2127.8 0.114914 -0.153219 -9.30804 0.0693918 0.150748 10.0116 0.0743728 -0.164017 -0.0820086
2127.81 -0.0383047 -0.153219 -9.42295 0.0861416 0.150748 10.0092 0.0739146 -0.16417 -0.0827722
2127.83 0.0766094 -0.114914 -9.26973 0.0909272 0.161515 10.0104 0.0733038 -0.165544 -0.081245
2127.85 0.0 -0.191523 -9.49956 0.106481 0.172283 10.0008 0.0734565 -0.165392 -0.0798706
2127.86 -0.0766094 -0.229828 -9.46126 0.0957129 0.174676 10.0092 0.0725402 -0.163254 -0.0792598
2127.88 0.0766094 -0.191523 -9.30804 0.113659 0.181854 9.99362 0.0728457 -0.165239 -0.0800233
2127.9 0.0383047 -0.153219 -9.42295 0.122034 0.15673 10.002 0.0734565 -0.165544 -0.0777326
2127.91 0.0383047 -0.268133 -9.42295 0.129212 0.157926 10.0044 0.0726929 -0.166003 -0.0762054
2127.93 -0.0766094 -0.229828 -9.30804 0.125623 0.142373 10.002 0.0729984 -0.166155 -0.0777326
2127.95 -0.0383047 -0.229828 -9.57617 0.142373 0.119641 9.9996 0.0728457 -0.164323 -0.0763581
2127.96 -0.0766094 -0.191523 -9.34634 0.149551 0.117248 10.0104 0.0725402 -0.164781 -0.0781907
2127.98 -0.0383047 -0.153219 -9.61448 0.136391 0.113659 10.0044 0.0729984 -0.165392 -0.0789543
2128.0 -0.153219 -0.306437 -9.42295 0.155533 0.118445 9.99362 0.0739146 -0.164628 -0.0815505
2128.01 0.0 -0.268133 -9.61448 0.149551 0.116052 10.0032 0.0733038 -0.163559 -0.0804815
2128.03 -0.0766094 -0.229828 -9.38465 0.162712 0.125623 10.0092 0.0722348 -0.162796 -0.0809396
2128.04 -0.0766094 -0.229828 -9.46126 0.165105 0.137587 9.99003 0.0733038 -0.163101 -0.0804815
2128.06 -0.0383047 -0.229828 -9.42295 0.17348 0.149551 10.0152 0.0725402 -0.162796 -0.0817032
2128.08 0.0 -0.229828 -9.46126 0.15673 0.149551 9.99841 0.0725402 -0.161421 -0.0824668
2128.09 -0.114914 -0.114914 -9.8443 0.150748 0.141176 9.99721 0.0708604 -0.159436 -0.0798706
2128.11 -0.0383047 -0.153219 -9.46126 0.129212 0.149551 9.99601 0.0731511 -0.161268 -0.0804815
2128.13 0.0 -0.229828 -8.96329 0.129212 0.137587 10.0044 0.0717766 -0.162643 -0.0809396
2128.15 -0.0383047 -0.114914 -9.34634 0.131605 0.130409 9.99482 0.0725402 -0.162032 -0.0807869
2128.16 -0.0383047 -0.306437 -9.23143 0.0993021 0.100499 10.008 0.073762 -0.163865 -0.0833831
2128.18 0.114914 -0.153219 -9.42295 0.107677 0.0909272 10.002 0.0739146 -0.163101 -0.0849102
2128.19 -0.0383047 -0.191523 -9.38465 0.0945165 0.0957129 9.99482 0.0752891 -0.163712 -0.0836885
2128.21 0.0383047 -0.229828 -9.19312 0.105284 0.0897308 9.9996 0.0746782 -0.163712 -0.0818559
2128.23 0.153219 -0.268133 -9.19312 0.0957129 0.11007 10.0068 0.0768163 -0.162032 -0.085063
2128.24 0.0 -0.191523 -9.38465 0.0813559 0.118445 10.0008 0.0745255 -0.163254 -0.0856738
2128.26 0.191523 -0.306437 -9.38465 0.0945165 0.135194 9.98883 0.0752891 -0.163101 -0.0862847
2128.28 0.0 -0.229828 -9.34634 0.0741775 0.153141 9.99841 0.0746782 -0.16249 -0.083994
2128.29 0.0766094 -0.0383047 -9.23143 0.0897308 0.157926 10.0044 0.0746782 -0.164628 -0.0847575
2128.31 -0.0383047 -0.153219 -9.42295 0.0813559 0.172283 10.0104 0.0752891 -0.165544 -0.0829249
2128.33 0.114914 -0.191523 -9.26973 0.0717846 0.163908 10.0044 0.0739146 -0.162796 -0.081245
2128.34 0.0383047 -0.191523 -9.38465 0.0717846 0.168694 9.99362 0.0755945 -0.164475 -0.0830777
2128.36 0.0 -0.191523 -9.46126 0.0658026 0.148355 9.99601 0.0754418 -0.165544 -0.0823141
2128.38 0.0383047 -0.229828 -9.57617 0.0646062 0.148355 10.0008 0.0757473 -0.165697 -0.0813978
2128.39 0.0766094 -0.153219 -9.38465 0.0681954 0.143569 10.008 0.0728457 -0.163559 -0.0788016
2128.41 0.0383047 -0.383047 -9.61448 0.0634098 0.143569 9.98883 0.0733038 -0.163865 -0.0781907
2128.43 0.0 -0.191523 -9.38465 0.0969093 0.161515 10.0008 0.0752891 -0.167988 -0.0803288
2128.44 0.0 -0.268133 -9.07821 0.117248 0.153141 10.008 0.0740674 -0.166461 -0.0838412
2128.46 -0.0766094 -0.229828 -9.65278 0.100499 0.175872 9.99721 0.0740674 -0.163865 -0.0798706
2128.47 -0.0383047 -0.229828 -9.38465 0.125623 0.185444 9.99721 0.0739146 -0.166308 -0.0806342
2128.49 -0.0766094 -0.268133 -9.46126 0.142373 0.180658 10.0044 0.0717766 -0.164628 -0.0801761
2128.51 -0.344742 -0.153219 -9.38465 0.128016 0.190229 9.99242 0.0733038 -0.165239 -0.0800233
2128.52 -0.0383047 -0.114914 -9.26973 0.13998 0.172283 10.0104 0.0734565 -0.167377 -0.0821613
2128.54 0.0383047 -0.191523 -9.49956 0.131605 0.166301 10.0056 0.0707076 -0.162948 -0.0768163
2128.56 0.229828 -0.191523 -9.30804 0.131605 0.178265 9.99721 0.0720821 -0.165697 -0.0775799
2128.57 0.0 -0.191523 -9.34634 0.135194 0.137587 10.0032 0.0725402 -0.165392 -0.0768163
2128.59 0.0383047 -0.268133 -9.42295 0.135194 0.137587 10.0092 0.0739146 -0.165239 -0.0789543
2128.61 -0.0766094 -0.306437 -9.38465 0.15673 0.117248 9.99601 0.0725402 -0.164017 -0.0789543
2128.62 -0.0383047 -0.268133 -9.34634 0.143569 0.116052 10.0068 0.073762 -0.163712 -0.0803288
2128.64 -0.114914 -0.306437 -9.53786 0.142373 0.102891 10.002 0.0700968 -0.16249 -0.079107
2128.66 0.0 -0.268133 -9.42295 0.148355 0.118445 9.99721 0.0713185 -0.163254 -0.0803288
2128.67 0.0 -0.114914 -9.65278 0.157926 0.116052 10.0068 0.073762 -0.163254 -0.0821613
2128.69 -0.0766094 -0.191523 -9.42295 0.142373 0.120837 9.99601 0.0729984 -0.162032 -0.0801761
2128.71 0.0766094 -0.229828 -9.34634 0.130409 0.119641 10.0044 0.0720821 -0.160658 -0.0813978
2128.72 0.114914 -0.191523 -9.53786 0.122034 0.129212 10.002 0.0723875 -0.160047 -0.0847575
2128.74 0.114914 -0.306437 -9.42295 0.111266 0.124427 10.0116 0.0733038 -0.162643 -0.0813978
2128.75 0.114914 -0.268133 -9.38465 0.0765703 0.104088 10.0068 0.0722348 -0.163406 -0.0801761
2128.77 0.0 -0.191523 -9.49956 0.0777667 0.107677 9.99242 0.0745255 -0.163406 -0.0815505
2128.79 0.0383047 -0.191523 -9.19312 0.0717846 0.102891 9.99482 0.0759 -0.164781 -0.0821613
2128.8 -0.0383047 -0.153219 -9.42295 0.0658026 0.0993021 10.0008 0.0752891 -0.163712 -0.0829249
2128.82 0.191523 -0.191523 -9.19312 0.0681954 0.0981057 10.0032 0.0745255 -0.162643 -0.0821613
2128.84 0.0 -0.153219 -9.38465 0.0681954 0.102891 9.99721 0.0728457 -0.162643 -0.0803288
2128.86 0.0 -0.268133 -9.57617 0.0789631 0.116052 10.0128 0.0740674 -0.160963 -0.0820086
2128.87 0.0766094 -0.268133 -9.38465 0.0825523 0.142373 9.99841 0.0739146 -0.163865 -0.0830777
2128.89 0.0 -0.191523 -9.11651 0.0897308 0.131605 10.0164 0.0751364 -0.163712 -0.0847575
2128.9 -0.153219 -0.268133 -9.46126 0.0861416 0.151944 9.99721 0.0729984 -0.163254 -0.0833831
2128.92 0.0 -0.268133 -9.42295 0.0993021 0.165105 9.99721 0.0754418 -0.164934 -0.0858265
2128.94 0.0383047 -0.153219 -9.57617 0.0909272 0.178265 9.99841 0.0743728 -0.162796 -0.0829249
2128.95 0.114914 -0.229828 -9.34634 0.0957129 0.172283 9.99242 0.0726929 -0.162643 -0.0803288
2128.97 0.153219 -0.306437 -9.26973 0.11007 0.191426 9.99841 0.0733038 -0.165392 -0.0806342
2128.99 -0.0383047 -0.229828 -9.42295 0.112463 0.177069 10.002 0.073762 -0.166003 -0.0797179
2129.0 0.0766094 -0.191523 -9.46126 0.112463 0.179462 10.0152 0.0733038 -0.164781 -0.0807869
2129.02 0.0383047 -0.229828 -9.46126 0.124427 0.172283 9.99601 0.0739146 -0.166919 -0.0807869
2129.04 -0.0383047 -0.153219 -9.38465 0.141176 0.178265 9.99482 0.0742201 -0.163712 -0.079107
2129.05 -0.0383047 -0.268133 -9.19312 0.15673 0.163908 9.99601 0.0726929 -0.163406 -0.0786489
2129.07 -0.0383047 -0.153219 -9.38465 0.157926 0.16989 9.98524 0.0704022 -0.16249 -0.0789543
2129.09 -0.0766094 -0.153219 -9.53786 0.168694 0.172283 10.0032 0.0719294 -0.164017 -0.0797179
2129.1 -0.0383047 -0.153219 -9.38465 0.161515 0.165105 10.0032 0.0719294 -0.163101 -0.081245
2129.12 0.0766094 -0.229828 -9.26973 0.159123 0.177069 10.0044 0.0734565 -0.164781 -0.0801761
2129.14 0.114914 -0.191523 -9.49956 0.150748 0.16989 9.99601 0.0699441 -0.162032 -0.079107
2129.15 0.153219 -0.229828 -9.11651 0.124427 0.162712 9.99482 0.0700968 -0.160658 -0.0784962
2129.17 -0.114914 -0.229828 -9.38465 0.119641 0.148355 9.99482 0.0697913 -0.159436 -0.0777326
2129.19 0.0766094 -0.229828 -9.30804 0.117248 0.136391 9.9996 0.0742201 -0.164323 -0.0795652
2129.2 0.153219 -0.268133 -9.11651 0.118445 0.12323 9.99482 0.0729984 -0.164017 -0.0800233
2129.22 0.229828 -0.268133 -9.46126 0.106481 0.122034 9.99841 0.0722348 -0.164017 -0.0789543
2129.23 -0.0383047 -0.153219 -9.42295 0.117248 0.118445 10.0116 0.0719294 -0.16249 -0.0781907
2129.25 0.0 -0.114914 -9.72939 0.107677 0.0885344 9.9996 0.0728457 -0.163406 -0.0815505
2129.27 0.0 -0.229828 -9.42295 0.0945165 0.087338 10.0032 0.0725402 -0.163406 -0.0797179
2129.28 0.0 -0.229828 -9.53786 0.0969093 0.0885344 10.008 0.0731511 -0.163559 -0.0801761
2129.3 0.0766094 -0.268133 -9.34634 0.101695 0.0801595 10.0175 0.0726929 -0.161879 -0.0795652
2129.32 -0.0383047 -0.268133 -9.34634 0.0909272 0.0945165 9.9996 0.0746782 -0.16417 -0.0833831
2129.33 0.114914 -0.229828 -9.42295 0.0705882 0.106481 10.0092 0.0733038 -0.163559 -0.0824668
2129.35 -0.0766094 -0.268133 -9.42295 0.0646062 0.108873 10.0152 0.0726929 -0.161421 -0.0807869
2129.37 0.0 -0.229828 -9.53786 0.0526421 0.0981057 10.0068 0.0739146 -0.162948 -0.0809396
2129.38 0.0766094 -0.268133 -9.34634 0.0514457 0.111266 9.9996 0.0768163 -0.165697 -0.0835358
2129.4 0.0 -0.229828 -9.38465 0.0658026 0.133998 10.0247 0.0728457 -0.164934 -0.0810924
2129.42 0.0 -0.153219 -9.38465 0.0634098 0.13998 10.008 0.0728457 -0.164934 -0.0820086
2129.43 0.0383047 -0.229828 -9.72939 0.100499 0.138784 10.0068 0.0754418 -0.166919 -0.081245
2129.45 0.0766094 -0.268133 -9.07821 0.116052 0.136391 10.0092 0.0755945 -0.166155 -0.081245
2129.47 0.0 -0.268133 -9.49956 0.114855 0.143569 9.99841 0.0762054 -0.167682 -0.0817032
2129.48 -0.0383047 -0.229828 -9.53786 0.137587 0.13998 10.0128 0.0771217 -0.166613 -0.0818559
2129.5 0.153219 -0.153219 -9.03991 0.153141 0.144766 9.99721 0.0720821 -0.162796 -0.0794125
2129.51 -0.153219 -0.229828 -9.42295 0.160319 0.150748 10.0116 0.0736092 -0.164781 -0.0841467
2129.53 -0.0383047 -0.153219 -9.42295 0.159123 0.166301 10.008 0.0733038 -0.165544 -0.0827722
2129.55 -0.114914 -0.268133 -9.53786 0.153141 0.16989 9.9996 0.0722348 -0.16249 -0.0795652
2129.56 -0.114914 -0.268133 -9.72939 0.15673 0.165105 10.0068 0.0740674 -0.166003 -0.0826195
2129.58 -0.0383047 -0.229828 -9.46126 0.131605 0.179462 10.0092 0.0723875 -0.162032 -0.0821613
2129.6 0.0383047 -0.229828 -9.49956 0.137587 0.196211 9.99362 0.0728457 -0.16417 -0.0827722
2129.61 -0.0383047 -0.153219 -9.34634 0.138784 0.191426 10.0044 0.0725402 -0.162948 -0.0830777
2129.63 0.0383047 -0.153219 -9.30804 0.136391 0.181854 10.002 0.0740674 -0.164017 -0.0841467
2129.65 -0.0766094 -0.229828 -9.34634 0.142373 0.180658 10.002 0.0726929 -0.162948 -0.0784962
2129.66 0.306437 -0.114914 -9.53786 0.153141 0.16989 10.0104 0.0729984 -0.163712 -0.0801761
2129.68 -0.0383047 -0.153219 -9.42295 0.129212 0.177069 10.002 0.0717766 -0.162643 -0.0783434
2129.7 0.0 -0.229828 -9.42295 0.149551 0.154337 10.002 0.0729984 -0.162796 -0.079107
2129.71 0.191523 -0.229828 -9.46126 0.129212 0.136391 10.0068 0.0714712 -0.163101 -0.0804815
2129.73 0.0383047 -0.191523 -9.38465 0.120837 0.128016 10.002 0.0719294 -0.161726 -0.0804815
2129.75 0.0 -0.153219 -9.26973 0.0849452 0.122034 10.0044 0.071013 -0.161879 -0.0795652
2129.76 0.0766094 -0.268133 -9.46126 0.0765703 0.135194 10.0092 0.0717766 -0.162032 -0.0803288
2129.78 0.229828 -0.383047 -9.65278 0.0586241 0.125623 10.002 0.0726929 -0.161879 -0.0817032
2129.79 0.0383047 -0.153219 -9.34634 0.0430708 0.114855 10.0008 0.0717766 -0.162337 -0.0823141
2129.81 0.191523 -0.191523 -9.806 0.0370887 0.118445 10.0032 0.0728457 -0.164781 -0.0823141
2129.83 0.0766094 -0.153219 -9.34634 0.0526421 0.122034 10.0044 0.0749837 -0.164934 -0.0800233
2129.84 0.0383047 -0.191523 -8.96329 0.0646062 0.131605 9.98764 0.0729984 -0.164628 -0.0788016
2129.86 -0.153219 -0.229828 -9.23143 0.0825523 0.133998 10.0128 0.0728457 -0.162185 -0.0807869
2129.88 0.0383047 -0.229828 -9.42295 0.0825523 0.118445 10.0068 0.0742201 -0.16753 -0.0797179
2129.9 -0.191523 -0.268133 -8.65686 0.0981057 0.11007 9.99721 0.0736092 -0.165239 -0.078038
2129.91 -0.229828 -0.268133 -9.34634 0.112463 0.0945165 10.0008 0.0755945 -0.167072 -0.0786489
2129.93 -0.0383047 -0.153219 -9.69109 0.118445 0.0969093 10.002 0.0746782 -0.165239 -0.0789543
2129.94 0.114914 -0.306437 -9.49956 0.117248 0.101695 10.002 0.0742201 -0.165086 -0.0798706
2129.96 -0.114914 -0.153219 -9.46126 0.113659 0.0861416 9.99841 0.0734565 -0.164781 -0.0817032
2129.98 -0.0383047 -0.268133 -9.53786 0.112463 0.0957129 10.0032 0.0743728 -0.162337 -0.0832304
2129.99 -0.0383047 -0.191523 -9.38465 0.122034 0.11007 9.9996 0.0759 -0.164475 -0.0826195
2130.01 0.0766094 -0.229828 -9.38465 0.12323 0.120837 9.99482 0.0778853 -0.164628 -0.0835358
2130.03 -0.0766094 -0.153219 -9.42295 0.138784 0.143569 10.008 0.0766636 -0.167224 -0.0836885
2130.04 -0.153219 -0.0766094 -9.42295 0.147159 0.159123 9.99123 0.0745255 -0.164628 -0.0847575
2130.06 -0.153219 -0.114914 -9.34634 0.154337 0.172283 9.99721 0.0755945 -0.164934 -0.0826195
2130.08 -0.0383047 -0.229828 -9.03991 0.159123 0.18664 10.002 0.0775799 -0.167072 -0.0844521
2130.09 0.0383047 -0.153219 -9.42295 0.16989 0.187837 9.99721 0.0751364 -0.164781 -0.0821613
2130.11 -0.0383047 -0.229828 -9.19312 0.160319 0.187837 10.0008 0.0734565 -0.163254 -0.0817032
2130.13 0.0 -0.229828 -9.42295 0.162712 0.168694 9.99482 0.0766636 -0.165544 -0.083994
2130.14 -0.0383047 -0.191523 -9.61448 0.144766 0.163908 9.99721 0.073762 -0.162643 -0.0810924
2130.16 -0.229828 -0.229828 -9.53786 0.119641 0.155533 10.0044 0.0725402 -0.160505 -0.0821613
2130.18 0.0 -0.191523 -9.34634 0.108873 0.15673 10.002 0.0734565 -0.161421 -0.0830777
2130.19 0.0383047 -0.191523 -9.0016 0.101695 0.15673 9.99841 0.0733038 -0.161879 -0.0826195
2130.21 0.0 -0.229828 -9.34634 0.0801595 0.16989 10.0056 0.0736092 -0.162643 -0.0832304
2130.23 -0.114914 -0.191523 -9.88261 0.0825523 0.177069 10.0092 0.0733038 -0.163254 -0.0824668
2130.24 0.0383047 -0.153219 -9.69109 0.0861416 0.18664 9.99362 0.0733038 -0.16249 -0.0838412
2130.26 0.0383047 -0.229828 -9.30804 0.0705882 0.183051 9.9996 0.0740674 -0.162643 -0.0835358
2130.28 0.0 -0.268133 -9.30804 0.0825523 0.195015 10.0032 0.071624 -0.161116 -0.079107
2130.29 0.0 -0.153219 -9.46126 0.0801595 0.187837 10.0044 0.0726929 -0.162796 -0.0786489
2130.31 0.0766094 -0.268133 -9.23143 0.0945165 0.167498 10.0211 0.0705549 -0.162948 -0.0777326
2130.33 -0.0766094 -0.229828 -9.46126 0.0777667 0.133998 9.99721 0.0720821 -0.164475 -0.0788016
