266.575 -0.804398 0.268133 -9.38465 1.1342 0.835095 9.9015 0.0838412 -0.17486 -0.0832304
266.592 -0.766094 0.268133 -9.15482 1.09831 0.760917 9.89193 0.0784962 -0.169057 -0.0838412
266.608 -0.65118 0.0766094 -9.26973 1.02891 0.72981 9.91107 0.0778853 -0.171195 -0.0846048
266.625 -0.497961 0.0766094 -9.42295 1.07079 0.745364 9.11785 0.078038 -0.174402 -0.0821613
266.643 -0.306437 0.459656 -10.0741 1.16052 1.14257 10.4638 0.0517708 -0.17654 -0.107665
266.658 -1.07253 0.153219 -9.92091 1.2658 1.17846 10.7222 0.0468839 -0.180663 -0.0754418
266.675 -0.995922 0.0383047 -9.76769 1.35314 0.698704 10.2054 0.0503964 -0.178983 -0.0649044
266.691 -0.881008 0.0766094 -9.15482 1.21196 0.533599 9.77707 0.0594066 -0.174097 -0.0781907
266.708 -0.804398 0.0 -9.0016 1.12941 0.491725 9.5653 0.0642935 -0.163712 -0.0786489
266.725 -0.995922 0.0766094 -9.53786 1.21436 0.541974 9.66341 0.0650571 -0.157756 -0.0673479
266.74 -0.727789 0.229828 -9.38465 1.08754 0.628116 9.85962 0.0729984 -0.15745 -0.0826195
266.757 -0.689484 0.114914 -9.38465 1.05165 0.851844 9.99242 0.0714712 -0.161116 -0.0926988
266.774 -0.995922 0.153219 -9.42295 1.0349 0.802792 10.1168 0.0679587 -0.163865 -0.089339
266.79 -0.804398 0.0383047 -9.57617 1.09352 0.565902 10.1061 0.0714712 -0.16585 -0.073762
266.807 -0.804398 -0.114914 -9.15482 1.09711 0.506082 9.85244 0.0842994 -0.171806 -0.0826195
266.823 -0.995922 1.57049 -9.19312 1.95733 2.05783 9.62513 0.0859793 -0.167682 -0.0887282
266.84 -0.995922 0.229828 -9.26973 1.02054 0.760917 9.85723 0.0526871 -0.164628 -0.0865901
266.857 -0.727789 -0.114914 -9.34634 1.19641 0.354138 9.96251 0.0505491 -0.16249 -0.0859793
266.873 -0.881008 0.0766094 -9.26973 1.14018 0.443868 10.0068 0.0684169 -0.157603 -0.0856738
266.89 -0.689484 -0.0383047 -9.34634 1.04207 0.36012 9.90509 0.0728457 -0.156229 -0.0821613
266.906 -1.30236 -0.268133 -9.30804 1.01575 0.413958 9.90389 0.0925461 -0.156992 -0.0865901
266.923 -0.612875 0.0766094 -9.46126 0.82672 0.317049 9.94218 0.103236 -0.160352 -0.0894917
266.94 -0.766094 0.0766094 -8.92499 1.15693 0.659222 9.90269 0.10797 -0.162337 -0.0890336
266.956 -0.612875 0.344742 -9.19312 1.00379 0.741775 9.91227 0.111177 -0.163254 -0.0856738
266.973 -0.842703 0.268133 -9.49956 1.13779 0.933201 9.88953 0.106138 -0.166613 -0.0901026
266.989 -0.957617 0.383047 -9.30804 1.20479 0.972682 9.81057 0.101251 -0.164781 -0.0890336
267.006 -1.03423 0.344742 -9.26973 1.28136 1.0002 9.93859 0.087201 -0.161879 -0.0923933
267.023 -0.995922 0.229828 -9.46126 1.28973 0.911665 9.91705 0.0749837 -0.153938 -0.0943787
267.039 -0.804398 0.114914 -9.53786 1.20239 0.764507 9.93978 0.0714712 -0.14676 -0.0962113
267.056 -0.766094 0.191523 -9.26973 1.06002 0.770489 10.0953 0.074831 -0.147371 -0.0994183
267.072 -1.03423 0.0383047 -9.11651 1.0349 0.783649 9.90748 0.0743728 -0.149967 -0.11301
267.089 -0.689484 0.0766094 -9.19312 1.02293 0.625723 9.8333 0.0723875 -0.150578 -0.0962113
267.106 -0.57457 -0.0383047 -9.46126 0.908076 0.592223 9.82732 0.0743728 -0.150578 -0.0827722
267.122 -0.459656 0.153219 -9.42295 0.874577 0.574277 9.94815 0.0826195 -0.160199 -0.0835358
267.139 -0.689484 0.153219 -9.0016 0.855434 0.719043 9.86919 0.0896445 -0.168904 -0.0777326
267.155 -0.536266 0.421352 -9.03991 0.830309 0.774078 9.86441 0.0899499 -0.174707 -0.0768163
267.172 -0.612875 0.229828 -9.26973 0.874577 0.929611 9.88953 0.0846048 -0.18723 -0.0766636
267.189 -0.536266 0.153219 -9.42295 0.952343 0.844666 9.80818 0.0740674 -0.196088 -0.0774271
267.205 -0.727789 0.153219 -9.19312 1.08036 0.815952 9.80578 0.067806 -0.199295 -0.099571
267.222 -0.995922 0.153219 -9.38465 1.3005 0.678365 9.76869 0.065668 -0.195782 -0.118966
267.238 -1.07253 0.0766094 -9.38465 1.4656 0.714257 9.84048 0.0652099 -0.183107 -0.153327
267.255 -1.30236 0.268133 -9.61448 1.49791 0.82672 10.3537 0.0699441 -0.167682 -0.128282
267.272 -1.03423 0.268133 -9.88261 1.45962 0.849452 10.3167 0.0694859 -0.156992 -0.0899499
267.288 -0.995922 0.229828 -9.69109 1.3663 0.830309 10.3825 0.0743728 -0.148898 -0.0717766
267.305 -0.881008 0.153219 -9.57617 1.13659 0.784845 9.82134 0.0754418 -0.142332 -0.0965167
267.321 -0.727789 0.114914 -9.11651 1.06241 0.76331 9.70648 0.071013 -0.141263 -0.104458
267.338 -0.536266 0.0766094 -9.26973 1.02532 0.625723 9.5342 0.0652099 -0.141415 -0.101556
267.355 -0.727789 0.0383047 -9.23143 0.97986 0.501296 9.62154 0.0633773 -0.139277 -0.114995
267.371 -0.612875 -0.0383047 -9.26973 0.891326 0.400798 9.83809 0.0711658 -0.139735 -0.0740674
267.388 -0.421352 -0.153219 -9.61448 0.719043 0.339781 10.1934 0.0865901 -0.149204 -0.056505
267.404 -0.344742 0.0383047 -9.72939 0.642473 0.467797 10.4578 0.111636 -0.170126 -0.055436
267.421 -0.421352 0.153219 -9.15482 0.696311 0.750149 9.90269 0.129962 -0.199142 -0.0514654
267.438 -0.612875 0.306437 -9.03991 0.847059 0.866202 9.72203 0.129198 -0.209221 -0.0572686
267.454 -0.766094 0.383047 -9.26973 1.16411 1.18564 9.50788 0.113163 -0.21197 -0.0726929
267.472 -1.03423 0.459656 -9.26973 1.28255 1.25145 9.7986 0.0846048 -0.202196 -0.0707076
267.487 -1.18745 0.57457 -8.92499 1.42493 1.24427 9.79382 0.0600175 -0.190437 -0.0697913
267.504 -2.75794 -0.383047 -4.59656 2.28754 0.478564 7.44407 0.0507018 -0.176387 -0.0708604
267.521 -1.53219 0.268133 -12.7172 1.80897 0.678365 12.9703 0.0722348 -0.105985 -0.0697913
267.537 -0.957617 0.383047 -11.6446 1.48594 0.668794 12.3757 0.0922406 -0.106291 -0.0397062
267.554 -0.881008 0.268133 -9.15482 0.894915 0.922433 10.5009 0.131641 -0.13607 -0.0684169
267.569 -0.191523 0.306437 -7.66094 0.509671 1.0349 7.93579 0.124769 -0.161268 -0.128893
267.586 -0.421352 0.306437 -7.85246 0.678365 1.12343 7.66062 0.0453567 -0.143248 -0.0733038
267.602 -0.689484 0.153219 -9.0016 0.867398 0.769292 9.38824 0.0279471 -0.142179 -0.0905607
267.618 -1.18745 -0.0383047 -9.99752 1.60199 0.331406 10.343 0.0284052 -0.139277 -0.0884227
267.634 -1.03423 -0.0766094 -9.76769 1.54217 0.42353 10.8586 0.0690278 -0.129198 -0.099571
267.65 -0.881008 -0.114914 -9.88261 1.23709 0.433101 10.7581 0.0916298 -0.126449 -0.0870483
267.667 -0.344742 0.229828 -9.49956 0.774078 0.624527 9.93021 0.117286 -0.132405 -0.0821613
267.684 -0.383047 0.0766094 -8.31211 0.671186 0.614955 9.50668 0.116675 -0.141873 -0.0894917
267.7 -0.306437 0.114914 -8.84838 0.626919 0.777667 9.31525 0.111025 -0.14676 -0.0899499
267.717 -0.842703 0.191523 -8.65686 0.988235 0.942772 9.65982 0.10232 -0.160505 -0.0847575
267.733 -1.07253 0.229828 -9.57617 1.42373 0.961914 10.1013 0.0936151 -0.156687 -0.0881173
267.75 -0.919312 0.229828 -9.92091 1.41416 0.95354 10.6181 0.0911716 -0.149967 -0.0957531
267.767 -1.11084 0.229828 -9.65278 0.90329 0.960718 10.5464 0.0939205 -0.147524 -0.0755945
267.79 -0.536266 0.229828 -8.73347 0.823131 1.07079 9.58325 0.0936151 -0.164934 -0.0867428
267.807 -0.689484 0.114914 -9.38465 0.905683 0.823131 9.31166 0.0707076 -0.165697 -0.0847575
267.823 -0.57457 0.153219 -9.46126 1.03968 0.679561 9.88116 0.0607811 -0.161268 -0.0815505
267.84 -0.766094 0.114914 -9.57617 1.04686 0.696311 10.2293 0.0661261 -0.161879 -0.0862847
267.857 -0.57457 0.268133 -9.38465 1.00379 0.824327 10.1312 0.0700968 -0.164475 -0.0835358
267.873 -0.57457 0.191523 -9.07821 1.01456 0.900898 9.69093 0.0740674 -0.171653 -0.0862847
267.89 -0.727789 0.268133 -9.49956 1.06122 0.837488 9.90389 0.057574 -0.168293 -0.0786489
267.906 -0.689484 0.114914 -9.53786 1.02532 0.775274 10.0463 0.0568105 -0.166919 -0.0775799
267.923 -0.727789 0.229828 -9.38465 0.997807 0.878166 10.0391 0.0577268 -0.171653 -0.0821613
267.94 -1.03423 0.191523 -9.38465 1.15334 0.849452 9.88714 0.0591012 -0.176235 -0.0801761
267.956 -0.804398 0.114914 -9.38465 1.15334 0.766899 9.95653 0.0597121 -0.171653 -0.079107
267.973 -0.766094 0.191523 -9.49956 1.08514 0.719043 9.98285 0.0561996 -0.168904 -0.0775799
267.989 -0.689484 0.153219 -9.49956 1.04447 0.739382 9.90628 0.0626137 -0.170889 -0.0798706
268.006 -0.804398 0.114914 -9.19312 1.08993 0.704686 9.8668 0.0606284 -0.168293 -0.0784962
268.023 -0.919312 0.0766094 -9.11651 1.13539 0.673579 9.9661 0.0594066 -0.169515 -0.0798706
268.039 -0.65118 0.0383047 -9.26973 1.04686 0.667597 9.93978 0.0633773 -0.16585 -0.0827722
268.056 -0.842703 0.229828 -9.11651 1.13779 0.695115 9.77468 0.0682642 -0.166613 -0.0844521
268.072 -0.689484 0.114914 -9.19312 1.1677 0.70349 9.81296 0.0717766 -0.166613 -0.089339
268.089 -0.766094 0.114914 -9.30804 1.11625 0.707079 10.0499 0.068875 -0.159589 -0.0859793
268.106 -0.804398 0.153219 -9.23143 1.133 0.648455 9.98764 0.0742201 -0.157756 -0.0813978
268.122 -0.842703 0.0766094 -9.30804 1.12463 0.665205 9.92184 0.0775799 -0.155007 -0.0847575
268.139 -0.497961 0.114914 -9.34634 1.02891 0.731007 9.97807 0.0792598 -0.154396 -0.0827722
268.155 -0.612875 0.0383047 -9.26973 1.0337 0.685544 9.91944 0.0824668 -0.156992 -0.090408
268.172 -0.842703 0.0766094 -9.30804 1.04088 0.702293 9.89791 0.0835358 -0.156992 -0.0940732
268.189 -0.995922 0.114914 -9.806 1.06361 0.721436 9.9314 0.0853684 -0.155923 -0.0911716
268.205 -0.689484 0.114914 -9.26973 1.09113 0.731007 9.87518 0.0865901 -0.153938 -0.0867428
268.222 -0.65118 0.229828 -9.38465 0.978664 0.772881 9.92303 0.0887282 -0.156992 -0.0902553
268.238 -0.727789 0.114914 -9.49956 0.947557 0.711864 10.0104 0.0867428 -0.156687 -0.0888809
268.255 -0.689484 0.0766094 -9.53786 1.07198 0.768096 10.069 0.0928515 -0.163712 -0.0969748
268.272 -0.57457 0.229828 -9.38465 1.07677 0.808774 10.008 0.0957531 -0.164475 -0.0943787
268.288 -0.612875 0.153219 -9.26973 1.0672 0.726221 9.72802 0.0962113 -0.160352 -0.0859793
268.305 -0.689484 0.114914 -8.84838 1.00738 0.813559 9.6646 0.0923933 -0.162337 -0.0911716
268.32 -0.536266 0.0766094 -9.34634 1.1342 0.904487 9.68973 0.0833831 -0.160963 -0.0931569
268.337 -0.57457 0.57457 -8.61855 1.00499 0.857827 9.97208 0.0792598 -0.160963 -0.0948368
268.353 -0.727789 0.268133 -10.1124 1.05763 0.893719 10.6959 0.06353 -0.151953 -0.101709
268.37 -0.766094 0.153219 -9.46126 1.19282 0.837488 10.4722 0.0664316 -0.156992 -0.087201
268.386 -0.766094 0.153219 -9.8443 1.03848 0.786042 10.5236 0.0752891 -0.161726 -0.0783434
268.402 -0.612875 0.0766094 -9.03991 1.05882 0.673579 9.75793 0.0801761 -0.162948 -0.0762054
268.419 -0.766094 0.0766094 -8.96329 0.951147 0.70349 9.62034 0.0771217 -0.158367 -0.0768163
268.436 -0.65118 0.0766094 -9.23143 0.97986 0.76331 9.78305 0.0734565 -0.15913 -0.0792598
268.452 -0.536266 0.114914 -9.26973 0.995414 0.738185 9.88355 0.0729984 -0.161574 -0.0838412
268.469 -0.65118 0.153219 -9.34634 0.957129 0.726221 9.96132 0.076969 -0.166155 -0.0888809
268.485 -0.919312 0.191523 -9.23143 0.95354 0.768096 9.94457 0.079107 -0.170737 -0.0820086
268.502 -0.689484 0.153219 -9.42295 0.969093 0.76331 9.9673 0.0797179 -0.173638 -0.0797179
268.519 -0.65118 0.114914 -9.34634 0.978664 0.762114 9.98166 0.0778853 -0.175013 -0.0719294
268.535 -0.727789 0.191523 -9.42295 1.01336 0.817148 10.0068 0.078038 -0.179289 -0.0786489
268.552 -0.804398 0.268133 -9.42295 1.08156 0.833898 10.0152 0.0762054 -0.18158 -0.0784962
268.568 -0.766094 0.268133 -9.26973 1.12223 0.879362 10.0164 0.0781907 -0.185245 -0.0803288
268.585 -0.727789 0.114914 -9.23143 1.13898 0.818345 9.91944 0.0725402 -0.179594 -0.0786489
268.602 -0.881008 0.114914 -9.23143 1.13061 0.769292 9.84885 0.0705549 -0.173638 -0.073762
268.618 -0.919312 0.0766094 -9.26973 1.14736 0.768096 9.8333 0.0720821 -0.173791 -0.0714712
268.635 -0.766094 0.114914 -9.23143 1.12463 0.748953 9.91824 0.0647517 -0.166308 -0.0795652
268.651 -0.919312 0.153219 -9.23143 1.0995 0.739382 9.94576 0.0641408 -0.166613 -0.0856738
268.668 -0.919312 0.153219 -9.53786 1.08514 0.707079 9.93739 0.0673479 -0.167377 -0.085063
268.685 -0.766094 0.114914 -9.46126 1.10429 0.714257 9.98405 0.0705549 -0.166155 -0.0833831
268.701 -0.766094 0.0766094 -9.42295 1.08873 0.696311 9.94696 0.0711658 -0.162185 -0.0775799
268.718 -0.804398 0.191523 -9.38465 1.07198 0.673579 9.93021 0.0746782 -0.163254 -0.0824668
268.734 -0.804398 0.0766094 -9.19312 1.10907 0.685544 9.90748 0.0778853 -0.162796 -0.0853684
268.751 -1.07253 0.229828 -9.76769 1.03131 0.927218 10.1623 0.0844521 -0.158672 -0.0704022
268.768 -0.842703 0.114914 -9.38465 1.13898 0.87338 10.276 0.0771217 -0.15745 -0.0966694
268.784 -0.766094 0.153219 -9.30804 1.12463 0.726221 9.99242 0.0804815 -0.155923 -0.0836885
268.801 -0.766094 0.114914 -9.26973 1.0672 0.696311 9.68495 0.0830777 -0.151953 -0.0875064
268.817 -0.804398 0.114914 -9.65278 1.08873 0.754935 10.0128 0.0810924 -0.149356 -0.0867428
268.834 -0.689484 0.191523 -9.38465 1.14138 0.784845 10.0642 0.0830777 -0.151647 -0.0897971
268.851 -0.766094 0.153219 -9.38465 1.09352 0.79322 10.0415 0.087201 -0.153022 -0.0896445
268.866 -0.957617 0.306437 -9.19312 1.02772 0.757328 9.87518 0.0873537 -0.150273 -0.095295
268.883 -0.804398 0.191523 -9.30804 1.01336 0.753739 9.87757 0.0847575 -0.151036 -0.0954477
268.899 -0.65118 0.153219 -9.38465 1.03968 0.739382 9.9003 0.0894917 -0.154702 -0.0986547
268.916 -0.766094 0.114914 -9.34634 1.03131 0.768096 9.9015 0.0890336 -0.154549 -0.0978911
268.933 -0.881008 0.114914 -9.34634 1.0337 0.805184 9.92184 0.0890336 -0.156992 -0.0969748
268.948 -0.727789 0.268133 -9.11651 1.04447 0.841077 9.90509 0.0835358 -0.151647 -0.0949895
268.965 -0.804398 0.0766094 -9.42295 1.00857 0.80997 9.98644 0.0815505 -0.155923 -0.08827
268.982 -0.65118 0.153219 -9.34634 1.0014 0.812363 9.95892 0.0815505 -0.15684 -0.0818559
268.998 -0.536266 0.153219 -9.26973 0.954736 0.819541 9.99123 0.0798706 -0.159894 -0.0836885
269.015 -0.727789 0.153219 -9.26973 0.93679 0.836291 10.0068 0.0755945 -0.163559 -0.0842994
269.031 -0.536266 0.191523 -9.30804 0.988235 0.777667 9.89432 0.0739146 -0.16921 -0.0925461
269.048 -0.957617 0.153219 -8.92499 0.987039 0.76331 9.93499 0.0765108 -0.170431 -0.0926988
269.065 -0.65118 0.114914 -9.15482 1.01815 0.725025 9.80937 0.0794125 -0.170889 -0.0763581
269.081 -0.689484 0.153219 -9.42295 1.00379 0.756132 10.002 0.0821613 -0.174707 -0.0742201
269.098 -0.881008 0.306437 -9.03991 0.987039 0.76331 9.9996 0.0815505 -0.174097 -0.0752891
269.113 -0.804398 0.229828 -9.46126 1.0014 0.794417 9.91944 0.0826195 -0.179747 -0.0841467
269.13 -0.766094 0.191523 -9.46126 1.03131 0.777667 10.0367 0.0817032 -0.181427 -0.0830777
269.146 -0.842703 0.191523 -9.42295 1.06959 0.795613 9.97567 0.0855211 -0.183565 -0.0820086
269.161 -0.766094 0.0766094 -9.72939 1.04806 0.758524 9.81176 0.0817032 -0.179594 -0.0728457
269.178 -0.919312 0.153219 -9.46126 1.07318 0.753739 9.7998 0.0824668 -0.180663 -0.076969
269.194 -0.804398 0.153219 -9.34634 1.07797 0.768096 9.9003 0.0824668 -0.181885 -0.0841467
269.211 -0.689484 0.114914 -8.96329 1.12463 0.757328 9.98524 0.0842994 -0.180816 -0.08827
269.228 -0.804398 0.191523 -9.49956 1.17846 0.783649 10.0678 0.0846048 -0.174555 -0.0868956
269.244 -0.804398 0.114914 -9.38465 1.17727 0.821934 9.93739 0.0864374 -0.175624 -0.0897971
269.261 -0.727789 0.268133 -9.15482 1.12463 0.848255 9.92662 0.0835358 -0.171042 -0.0841467
269.277 -0.804398 0.229828 -9.34634 1.1342 0.865005 9.89552 0.0789543 -0.16921 -0.0804815
269.294 -0.689484 0.191523 -9.57617 1.12104 0.841077 9.97448 0.0775799 -0.166308 -0.0784962
269.311 -0.957617 0.191523 -9.42295 1.15334 0.820738 10.0104 0.0763581 -0.164934 -0.0824668
269.327 -0.804398 0.191523 -9.30804 1.16889 0.795613 9.95653 0.0784962 -0.163406 -0.0913243
269.344 -0.881008 0.114914 -9.61448 1.17488 0.759721 9.87637 0.0775799 -0.15913 -0.0896445
269.36 -0.804398 0.114914 -9.30804 1.18325 0.757328 9.84766 0.0762054 -0.154549 -0.0846048
269.377 -0.689484 0.229828 -9.34634 1.14497 0.762114 9.87039 0.0795652 -0.146913 -0.0809396
269.394 -0.842703 0.229828 -9.42295 1.11027 0.775274 9.92782 0.0803288 -0.148746 -0.0884227
269.41 -0.689484 0.114914 -9.65278 1.09711 0.753739 9.92184 0.0813978 -0.14844 -0.0910189
269.427 -0.536266 0.114914 -9.46126 1.10668 0.790828 9.84766 0.0784962 -0.141263 -0.0902553
269.443 -0.65118 0.306437 -9.46126 1.05643 0.848255 9.96132 0.0810924 -0.143095 -0.0862847
269.46 -0.0383047 -0.191523 -3.63894 1.08993 0.916451 9.88594 0.0745255 -0.141568 -0.0407752
269.477 -0.957617 0.306437 -9.92091 0.766899 0.89013 10.538 0.0700968 -0.14447 0.0615447
269.493 -1.03423 0.344742 -9.76769 1.24187 0.951147 10.4686 0.0580322 -0.144164 -0.0287107
269.51 -0.919312 0.229828 -9.23143 1.13659 0.80997 10.0367 0.0739146 -0.151189 -0.0316123
269.526 -0.689484 0.114914 -9.15482 1.07557 0.628116 9.86321 0.0743728 -0.147982 -0.0294742
269.541 -0.57457 0.0766094 -9.03991 0.955932 0.66999 9.64547 0.079107 -0.143859 -0.0566577
269.557 -0.536266 0.0383047 -9.23143 0.880558 0.683151 9.74237 0.0768163 -0.143859 -0.0346666
269.572 -0.459656 0.153219 -9.19312 0.845862 0.732203 9.91944 0.0809396 -0.151647 -0.041997
269.588 -0.57457 0.153219 -9.30804 0.946361 0.808774 9.95653 0.0803288 -0.161574 -0.100335
269.604 -0.65118 0.191523 -9.38465 0.999003 0.836291 9.96012 0.0801761 -0.162796 -0.105527
269.619 -0.804398 0.191523 -9.42295 1.00857 0.83988 9.95892 0.0784962 -0.166155 -0.0636827
269.635 -0.727789 0.191523 -9.30804 1.0325 0.82672 9.97089 0.0759 -0.166613 -0.0539089
269.65 -0.727789 0.229828 -9.34634 1.01695 0.838684 9.92543 0.0760527 -0.166003 -0.0520762
269.666 -0.804398 0.229828 -9.38465 1.03848 0.815952 9.90628 0.0743728 -0.168904 -0.0494801
269.682 -0.727789 0.153219 -9.34634 1.04207 0.805184 9.91466 0.0694859 -0.16585 -0.0270308
269.697 -1.34066 0.306437 -9.30804 0.817148 0.687936 9.96132 0.0661261 -0.166919 -0.0595593
271.829 -0.497961 0.268133 -9.72939 0.911665 0.947557 9.97687 0.062461 -0.147829 -0.126449
271.846 -0.536266 0.229828 -9.42295 0.760917 0.899701 10.0833 0.0503964 -0.149967 -0.143095
271.862 -0.421352 0.153219 -9.30804 0.717846 0.832702 9.91824 0.0494801 -0.16417 -0.166003
271.879 -0.65118 0.153219 -9.57617 0.698704 0.821934 9.88714 0.0464257 -0.168446 -0.161116
271.896 -0.383047 0.114914 -9.38465 0.705882 0.788435 9.87757 0.0406225 -0.174555 -0.140194
271.912 -0.344742 0.0766094 -8.77177 0.723829 0.79322 9.85723 0.0406225 -0.187536 -0.127518
271.929 -0.536266 0.0383047 -9.30804 0.792024 0.6999 9.90987 0.0401644 -0.189979 -0.115759
271.945 -0.536266 0.153219 -9.69109 0.866202 0.655633 9.93978 0.0406225 -0.198989 -0.104305
271.962 -0.421352 -0.0766094 -9.46126 0.884148 0.494118 10.0534 0.0433714 -0.202349 -0.0842994
271.979 -0.536266 -0.0766094 -9.49956 0.940379 0.417547 10.0786 0.057574 -0.202196 -0.0969748
271.995 -0.65118 -0.0766094 -9.11651 0.99661 0.277567 10.0391 0.066737 -0.199142 -0.12034
272.012 -0.65118 0.0 -9.38465 0.995414 0.345763 9.94576 0.0936151 -0.205709 -0.150273
272.028 -0.612875 -0.114914 -9.0016 0.941576 0.398405 9.85843 0.107054 -0.196393 -0.11973
272.045 -0.459656 0.0 -9.19312 0.942772 0.404387 9.87398 0.112705 -0.193797 -0.104916
272.062 -0.497961 0.0 -9.23143 0.893719 0.317049 9.97208 0.13042 -0.200211 -0.114537
272.078 -0.497961 0.0383047 -9.30804 0.943968 0.308674 9.98883 0.154854 -0.208152 -0.184176
272.095 -0.497961 -0.0383047 -9.34634 0.948754 0.378066 9.95055 0.168293 -0.211818 -0.268475
272.111 -0.689484 0.0 -9.26973 0.9667 0.54317 9.82971 0.193644 -0.21701 -0.279471
272.127 -0.727789 0.114914 -9.53786 1.06361 0.611366 9.83809 0.209679 -0.215635 -0.277485
272.143 -0.612875 0.153219 -9.15482 1.06241 0.649651 9.84407 0.213345 -0.211665 -0.304363
272.159 -0.804398 0.229828 -9.34634 1.11506 0.859023 9.94218 0.231212 -0.205556 -0.366214
272.176 -0.919312 0.229828 -9.38465 1.22034 1.07079 10.1456 0.239001 -0.192881 -0.382096
272.192 -0.881008 0.421352 -9.57617 1.24187 1.15095 10.2078 0.224951 -0.184329 -0.308945
272.209 -0.766094 0.57457 -9.34634 1.18325 1.32802 9.99482 0.212276 -0.17822 -0.244193
272.226 -0.842703 0.536266 -9.15482 0.952343 1.19043 9.77468 0.181885 -0.167682 -0.215941
272.242 -0.497961 0.459656 -9.23143 0.958325 1.15573 9.59163 0.166003 -0.167072 -0.321773
272.259 -0.57457 0.497961 -8.84838 1.01456 1.08275 9.63589 0.167224 -0.16982 -0.397673
272.275 -0.804398 0.421352 -9.26973 1.08634 1.15693 9.87518 0.168751 -0.161726 -0.537867
272.292 -0.689484 0.536266 -9.49956 1.01336 1.35434 10.0678 0.154243 -0.15852 -0.524733
272.309 -0.57457 0.727789 -9.19312 0.942772 1.41535 10.0714 0.143401 -0.15684 -0.490983
272.325 -0.57457 0.536266 -9.61448 0.947557 1.35793 10.0965 0.127213 -0.155923 -0.461356
272.342 -0.57457 0.497961 -9.65278 0.836291 1.32443 10.1539 0.115606 -0.163559 -0.414472
272.358 -0.536266 0.57457 -9.65278 1.01815 1.38305 10.1276 0.112705 -0.167682 -0.33338
272.375 -0.612875 0.497961 -9.34634 0.897308 1.33878 9.94337 0.0994183 -0.167072 -0.326202
272.392 -0.804398 0.65118 -8.96329 0.892523 1.28614 9.73161 0.0978911 -0.165697 -0.230449
272.408 -0.57457 0.459656 -9.26973 0.911665 1.22752 9.734 0.0868956 -0.166461 -0.17486
272.425 -0.689484 0.497961 -9.34634 1.02772 1.22632 10.0295 0.0823141 -0.172569 -0.206167
272.441 -0.842703 0.57457 -9.88261 1.02293 1.24187 10.1994 0.0809396 -0.178983 -0.262825
272.457 -0.689484 0.497961 -9.42295 1.01695 1.2012 10.0092 0.0788016 -0.1715 -0.192881
272.474 -0.536266 0.344742 -9.15482 1.02772 1.10548 9.91705 0.0766636 -0.168599 -0.160963
272.49 -0.766094 0.268133 -9.26973 1.04327 0.969093 9.85843 0.0775799 -0.169668 -0.217773
272.507 -0.727789 0.306437 -9.11651 1.03609 0.942772 9.80219 0.085063 -0.164017 -0.284969
272.524 -0.689484 0.306437 -9.34634 0.967896 0.970289 9.80339 0.085063 -0.15516 -0.270919
272.54 -0.689484 0.268133 -9.19312 0.982253 0.972682 9.82014 0.0902553 -0.15012 -0.169668
272.557 -0.306437 0.421352 -9.46126 0.977468 0.988235 9.84167 0.0957531 -0.1518 -0.057574
272.573 -0.497961 0.344742 -9.42295 0.9667 0.98345 9.91585 0.0988074 -0.162337 -0.125533
272.59 -0.536266 0.268133 -9.38465 0.969093 1.00259 10.0211 0.101098 -0.162185 -0.199906
272.607 -0.383047 0.344742 -9.30804 0.930808 1.06361 10.0391 0.112094 -0.154854 -0.365908
272.623 -0.842703 -0.459656 -9.03991 0.613759 0.963111 9.86201 0.1237 -0.14447 0.313374
272.64 -0.536266 0.57457 -9.23143 1.14855 1.22393 9.80219 0.129351 -0.13042 0.72189
272.655 -0.306437 0.65118 -9.11651 0.765703 1.066 9.67298 0.119119 -0.14844 0.125075
272.672 -0.421352 0.383047 -9.46126 0.753739 1.24187 9.9996 0.121715 -0.180969 -0.162643
272.689 -0.536266 0.57457 -9.38465 0.720239 1.25862 9.97687 0.119882 -0.1799 -0.0662789
272.705 -0.497961 0.612875 -9.23143 0.742971 1.47517 9.89193 0.111636 -0.181121 -0.0171042
272.722 -0.497961 0.536266 -9.38465 0.82672 1.36271 9.89911 0.103083 -0.190284 0.195935
272.738 -0.881008 0.689484 -9.42295 0.929611 1.34357 9.94098 0.100335 -0.194255 0.23106
272.755 -0.689484 0.65118 -9.23143 0.945165 1.38066 9.92782 0.0891863 -0.197462 0.152716
272.772 -0.497961 0.65118 -9.0016 0.955932 1.38305 9.89193 0.0781907 -0.197157 0.0774271
272.788 -0.57457 0.65118 -9.42295 0.990628 1.37348 9.90389 0.0647517 -0.198531 0.0177151
272.805 -0.727789 0.536266 -9.38465 1.06839 1.27896 9.92423 0.0609338 -0.198226 -0.00870483
272.821 -0.766094 0.497961 -9.15482 1.08275 1.19282 9.94098 0.0574213 -0.196393 -0.00274889
272.838 -0.881008 0.344742 -9.30804 1.09352 1.1653 9.96251 0.0584903 -0.191048 0.0377209
272.855 -0.881008 0.383047 -9.42295 1.1007 1.16052 9.90628 0.0607811 -0.189063 0.0891863
272.871 -0.612875 0.421352 -9.23143 1.08036 1.1318 9.87757 0.0609338 -0.179747 0.183107
272.888 -0.766094 0.421352 -9.30804 1.10788 1.11625 9.83689 0.0618501 -0.183107 0.16982
272.904 -1.07253 0.421352 -9.11651 1.12702 1.11027 9.84407 0.0594066 -0.178831 0.168904
272.921 -0.995922 0.306437 -9.34634 1.2012 1.09831 9.90868 0.0558941 -0.176998 0.199753
272.938 -0.766094 0.383047 -9.15482 1.15813 1.00857 9.97687 0.0591012 -0.17822 0.207847
272.954 -1.03423 0.306437 -9.34634 1.1665 0.984646 9.94935 0.0574213 -0.175013 0.099571
272.97 -0.804398 0.344742 -9.34634 1.17129 1.0014 9.93978 0.0612392 -0.171042 0.0661261
272.986 -0.995922 0.306437 -9.46126 1.19402 1.01934 9.91824 0.0690278 -0.166613 0.0549779
273.003 -1.41727 0.65118 -9.19312 1.35553 1.14497 9.92901 0.0693332 -0.162643 -0.0642935
273.02 -1.07253 0.344742 -9.26973 1.20239 1.08634 9.89671 0.0664316 -0.15852 -0.167682
273.036 -0.689484 0.459656 -9.30804 1.31007 1.04447 9.85484 0.0746782 -0.151953 -0.0754418
273.053 -0.919312 0.268133 -9.19312 1.2 1.09352 9.7663 0.0800233 -0.139125 -0.0804815
273.069 -0.957617 0.421352 -9.46126 1.18923 1.14257 9.84646 0.0827722 -0.135917 -0.0826195
273.087 -0.804398 0.306437 -9.38465 1.08156 1.12104 9.97089 0.0760527 -0.124616 -0.0591012
273.103 -0.689484 0.383047 -8.96329 1.07438 1.04088 9.99242 0.0778853 -0.1237 -0.0609338
273.119 -0.727789 0.306437 -9.11651 1.05643 1.05763 9.93739 0.0800233 -0.124922 -0.16249
273.136 -0.689484 0.383047 -9.30804 1.01097 1.15813 9.90389 0.0788016 -0.125838 -0.162337
273.152 -0.612875 0.344742 -9.30804 0.937986 1.15454 9.88235 0.078038 -0.125075 -0.0539089
273.169 -0.727789 0.421352 -9.34634 0.918843 1.12343 9.92662 0.0762054 -0.125075 0.0620028
273.185 -0.536266 0.344742 -9.30804 0.84347 1.13779 9.95055 0.0743728 -0.127824 0.0762054
273.201 -0.536266 0.344742 -9.46126 0.832702 1.05523 9.82732 0.0778853 -0.14508 -0.0276416
273.218 -0.536266 0.344742 -9.34634 0.82672 1.04207 9.76511 0.0801761 -0.155007 -0.14447
273.234 -0.612875 0.421352 -9.34634 0.881755 1.17607 9.78544 0.078038 -0.159894 -0.139583
273.251 -0.65118 0.57457 -9.30804 0.902094 1.20359 9.83809 0.0691805 -0.15852 -0.0497855
273.268 -0.727789 0.459656 -9.49956 0.954736 1.19761 10.0271 0.0653626 -0.162032 0.0496328
273.284 -0.497961 0.536266 -9.19312 0.94995 1.22991 10.1073 0.0621555 -0.164323 0.0992656
273.301 -0.421352 0.536266 -9.26973 0.978664 1.17846 10.0618 0.0630718 -0.1715 0.0745255
273.317 -0.727789 0.421352 -9.26973 1.04566 1.14497 9.85364 0.0621555 -0.177914 -0.0287107
273.334 -0.881008 0.268133 -9.07821 1.09831 1.14018 9.8345 0.0604756 -0.178067 -0.0675006
273.351 -0.842703 0.383047 -9.42295 1.10309 1.14616 9.86082 0.0516181 -0.172722 -0.0545197
273.367 -0.804398 0.421352 -9.07821 1.1318 1.08275 9.9314 0.0526871 -0.170584 -0.0668897
273.384 -0.766094 0.421352 -9.34634 1.14616 1.05763 9.9314 0.054367 -0.166461 -0.115454
273.4 -0.881008 0.229828 -9.30804 1.1653 1.09472 9.95174 0.0516181 -0.161726 -0.120493
273.417 -0.881008 0.383047 -9.8443 1.14138 1.06839 9.98166 0.0537561 -0.15348 -0.0569632
273.434 -0.881008 0.191523 -9.38465 1.12822 1.0325 10.0223 0.0598648 -0.149967 0.0174097
273.45 -0.842703 0.268133 -9.0016 1.0995 1.03011 10.0175 0.0626137 -0.150425 0.0458149
273.467 -0.57457 0.306437 -9.34634 1.07438 0.975075 9.89193 0.0655153 -0.147982 0.0158825
273.483 -0.919312 0.383047 -9.19312 1.06839 0.942772 9.7675 0.0682642 -0.149509 -0.0966694
273.5 -0.842703 0.383047 -9.19312 1.05045 0.972682 9.77229 0.068875 -0.149509 -0.131183
273.517 -0.842703 0.344742 -9.26973 1.11027 1.01456 9.86082 0.0691805 -0.147218 -0.142942
273.533 -0.881008 0.727789 -9.8443 1.09352 1.04327 10.0104 0.0659734 -0.138056 -0.0897971
273.55 -0.804398 0.306437 -9.30804 1.05165 1.06002 10.075 0.0745255 -0.134238 -0.020464
273.566 -0.65118 0.268133 -9.42295 0.985843 1.05404 10.069 0.0786489 -0.136681 0.00626137
273.582 -0.689484 0.306437 -9.15482 0.941576 1.00379 9.92543 0.0786489 -0.141263 0.000152716
273.599 -0.57457 0.268133 -9.23143 0.960718 0.995414 9.85244 0.0765108 -0.143401 -0.0864374
273.615 -0.65118 0.268133 -9.26973 0.916451 0.989432 9.74357 0.0797179 -0.147829 -0.119119
273.632 -0.459656 0.344742 -9.03991 0.902094 1.00857 9.85603 0.0786489 -0.148593 -0.0901026
273.649 -0.536266 0.306437 -9.38465 0.923629 0.978664 9.96969 0.0817032 -0.152411 -0.0609338
273.665 -0.536266 0.421352 -9.46126 0.929611 0.969093 9.95892 0.0823141 -0.155465 -0.0649044
273.682 -0.536266 0.268133 -9.38465 0.914058 0.995414 9.91227 0.0907135 -0.160199 -0.068875
273.698 -0.65118 0.383047 -9.42295 0.881755 1.07916 9.96849 0.0951423 -0.162337 -0.0552833
273.715 -0.497961 0.612875 -9.23143 0.906879 1.10309 9.99003 0.0937678 -0.163712 -0.0638354
273.732 -1.11084 0.0766094 -8.88668 1.1988 1.3675 9.92423 0.085063 -0.176387 -0.313068
273.748 -0.689484 0.497961 -9.46126 1.07557 1.13061 9.97089 0.0751364 -0.166766 -0.104611
273.765 -0.804398 0.306437 -9.30804 1.14975 1.22393 9.85484 0.0778853 -0.157756 -0.0817032
273.781 -0.689484 0.421352 -8.84838 1.04806 1.02173 9.84526 0.0754418 -0.155618 -0.118813
273.798 -0.881008 0.383047 -9.34634 1.00259 0.987039 9.76032 0.0736092 -0.152564 -0.0847575
273.815 -0.65118 0.229828 -9.15482 0.95354 1.0325 9.69212 0.0670424 -0.149204 -0.215025
273.831 -0.612875 0.268133 -9.23143 1.00977 1.07438 9.79023 0.0682642 -0.152869 -0.265726
273.848 -0.727789 0.344742 -9.38465 1.04447 1.14138 10.0295 0.0629191 -0.147218 -0.220522
273.864 -0.727789 0.497961 -9.30804 1.02173 1.1318 10.1228 0.0658207 -0.142026 -0.142637
273.881 -0.804398 0.421352 -9.57617 1.00259 1.09711 10.1025 0.0642935 -0.141873 -0.155007
273.898 -0.612875 0.306437 -9.30804 0.93679 1.04088 9.97926 0.0621555 -0.142332 -0.172111
273.914 -0.689484 0.268133 -9.23143 0.9667 1.04566 9.88594 0.0697913 -0.147218 -0.193492
273.931 -0.612875 0.383047 -9.30804 0.939182 1.06241 9.87278 0.0731511 -0.149967 -0.141415
273.947 -0.612875 0.306437 -9.34634 0.885344 1.05882 9.83569 0.074831 -0.147829 -0.116064
273.964 -0.536266 0.344742 -9.30804 0.850648 1.05284 9.85484 0.0714712 -0.150273 -0.111177
273.981 -0.497961 0.306437 -9.42295 0.879362 1.03609 9.95414 0.0714712 -0.160352 -0.165086
273.997 -0.536266 0.383047 -9.76769 0.857827 1.05643 9.9673 0.071624 -0.162032 -0.203418
274.013 -0.612875 0.306437 -9.26973 0.934397 1.12104 10.014 0.0697913 -0.164017 -0.213803
274.029 -0.57457 0.383047 -9.34634 0.927218 1.12463 9.93021 0.0665843 -0.164628 -0.148746
274.046 -0.536266 0.57457 -9.23143 0.937986 1.09711 9.8656 0.0639881 -0.164628 -0.122478
274.063 -0.497961 0.421352 -9.30804 0.918843 1.01456 9.86201 0.0615447 -0.164934 -0.151342
274.079 -0.306437 0.229828 -9.30804 0.827916 0.910469 9.92064 0.062461 -0.16753 -0.242361
274.096 -0.842703 0.344742 -9.42295 1.07916 1.07079 9.95294 0.0690278 -0.16753 -0.338419
274.112 -0.727789 0.306437 -9.46126 0.999003 1.13898 9.94098 0.0691805 -0.16753 -0.324827
274.129 -0.881008 0.268133 -9.34634 0.976271 1.1007 9.91107 0.0618501 -0.154091 -0.153174
274.146 -0.612875 0.268133 -9.38465 0.943968 1.0325 9.96371 0.0633773 -0.15348 -0.0520762
274.162 -0.57457 0.191523 -9.19312 0.916451 0.981057 9.95174 0.0699441 -0.155312 -0.0615447
274.179 -0.689484 0.344742 -9.38465 0.850648 1.05284 9.87278 0.071013 -0.15516 -0.0531453
274.195 -0.57457 0.306437 -9.26973 0.835095 1.04327 9.87757 0.0729984 -0.158367 -0.00885754
274.212 -0.57457 0.268133 -9.30804 0.853041 1.02413 9.89193 0.0696386 -0.158367 -0.00534507
274.229 -0.383047 0.306437 -9.34634 0.818345 1.03131 9.91585 0.0702495 -0.164017 -0.0384845
274.245 -0.804398 0.344742 -9.19312 0.823131 1.05284 9.91944 0.0725402 -0.167377 -0.0464257
274.262 -0.497961 0.306437 -9.53786 0.818345 1.04806 9.90748 0.0722348 -0.174707 -0.0734565
274.278 -0.497961 0.268133 -9.26973 0.863809 1.01336 9.89552 0.0668897 -0.175318 -0.0859793
274.295 -0.612875 0.497961 -9.34634 0.924826 1.01815 9.88714 0.0687223 -0.181274 -0.104458
274.312 -0.612875 0.268133 -9.26973 0.971486 1.0325 9.89432 0.0707076 -0.180358 -0.1321
274.328 -0.689484 0.306437 -9.03991 1.01695 1.04566 9.79143 0.0655153 -0.177304 -0.141568
274.345 -0.842703 0.459656 -9.07821 1.02652 1.03968 9.83809 0.0644463 -0.174402 -0.160505
274.361 -0.766094 0.383047 -9.30804 1.04327 1.06002 9.88235 0.0574213 -0.166003 -0.186619
274.378 -0.766094 0.306437 -9.42295 1.04327 1.06361 9.85723 0.0569632 -0.16585 -0.203265
274.395 -0.689484 0.383047 -9.19312 0.977468 1.11266 9.79263 0.0539089 -0.160047 -0.185398
274.411 -0.536266 0.497961 -8.88668 0.952343 1.14736 9.83928 0.0478002 -0.157145 -0.151189
274.428 -0.727789 0.383047 -9.30804 0.905683 1.14497 9.89312 0.0421497 -0.155312 -0.142026
274.444 -0.497961 0.383047 -9.49956 0.859023 1.10788 10.002 0.0348193 -0.155923 -0.1518
274.461 -0.497961 0.383047 -9.23143 0.838684 1.00618 10.0056 0.0380264 -0.165239 -0.162948
274.478 -0.57457 0.229828 -9.26973 0.854237 0.951147 9.92543 0.0413861 -0.167072 -0.211512
274.494 -0.57457 0.229828 -8.96329 0.875773 0.866202 9.75673 0.041997 -0.167224 -0.243582
274.511 -0.65118 0.191523 -9.15482 0.93679 0.892523 9.80339 0.0455095 -0.169057 -0.259312
274.527 -0.497961 0.229828 -9.30804 0.912862 0.947557 9.8321 0.0479529 -0.167377 -0.242666
274.544 -0.459656 0.383047 -9.61448 0.884148 0.971486 9.85723 0.0468839 -0.166003 -0.243735
274.561 -0.65118 0.383047 -9.46126 0.857827 1.04566 9.99242 0.0479529 -0.166766 -0.279013
274.577 -0.57457 0.344742 -9.8443 0.894915 0.984646 10.1408 0.0592539 -0.175776 -0.302073
274.594 -0.727789 0.229828 -9.42295 0.866202 0.898505 10.1563 0.0639881 -0.177609 -0.329867
274.61 -0.459656 0.114914 -9.38465 0.87338 0.74656 10.002 0.0754418 -0.184787 -0.360563
274.626 -0.65118 0.0766094 -9.30804 0.869791 0.739382 9.85962 0.0899499 -0.181121 -0.378736
274.642 -0.689484 0.153219 -9.23143 0.893719 0.806381 9.82014 0.0980438 -0.185398 -0.348346
274.657 -0.842703 0.114914 -9.38465 0.90329 0.789631 9.78664 0.103542 -0.18158 -0.19227
274.674 -0.536266 0.0766094 -9.34634 0.92004 0.726221 9.89193 0.108276 -0.177151 -0.142942
274.691 -0.612875 0.153219 -9.38465 0.957129 0.772881 9.94457 0.117286 -0.17654 -0.187841
274.707 -0.57457 0.268133 -9.38465 1.02532 0.893719 9.99362 0.139888 -0.175929 -0.307112
274.724 -0.766094 0.191523 -9.53786 1.05523 0.876969 10.0391 0.168599 -0.17654 -0.395688
274.74 -0.612875 0.497961 -9.69109 0.98345 1.03848 10.0822 0.159589 -0.167682 -0.326507
274.757 -0.804398 0.497961 -9.42295 1.01216 1.28255 10.0917 0.159436 -0.167224 -0.288481
274.774 -0.804398 0.459656 -8.92499 1.07318 1.26221 9.94935 0.15852 -0.159894 -0.252287
274.79 -0.727789 0.57457 -9.42295 1.08634 1.22991 9.94098 0.149204 -0.158367 -0.268475
274.807 -0.766094 0.727789 -9.38465 1.07677 1.38305 9.91466 0.13607 -0.151495 -0.269239
274.823 -0.842703 0.727789 -9.65278 1.066 1.52064 9.92423 0.117592 -0.140041 -0.26313
274.84 -0.65118 0.727789 -9.49956 0.94995 1.47398 9.9649 0.104 -0.128893 -0.188146
274.857 -0.65118 0.842703 -9.30804 0.967896 1.55174 10.0032 0.0960585 -0.125075 -0.165392
274.873 -0.766094 0.995922 -9.46126 0.960718 1.62592 10.069 0.0803288 -0.126602 -0.137292
274.89 -0.689484 0.842703 -9.42295 0.951147 1.55653 10.0175 0.0616974 -0.124006 -0.113468
274.906 -0.497961 0.727789 -9.23143 0.90329 1.51944 9.94696 0.0456622 -0.11805 -0.0534507
274.922 -0.459656 0.689484 -9.23143 0.771685 1.46201 9.80339 0.0273362 -0.117897 -0.0290161
274.939 -0.344742 0.57457 -9.42295 0.595813 1.35793 10.008 0.0148135 -0.117897 -0.00901026
274.955 -0.153219 0.57457 -9.34634 0.510867 1.45005 10.0199 0.00152716 -0.127671 0.0465785
274.972 -0.306437 0.459656 -9.34634 0.564706 1.17846 9.98524 0.00229074 -0.142179 0.0366519
274.988 -0.306437 0.344742 -9.65278 0.54676 1.05284 9.88475 -0.00259618 -0.157298 0.00137445
275.005 -0.306437 0.306437 -9.34634 0.552742 0.971486 9.87398 -0.00885754 -0.167224 -0.0117592
275.022 -0.268133 0.344742 -9.30804 0.51326 1.01456 10.0092 -0.00870483 -0.173028 -0.0152716
275.038 -0.344742 0.383047 -9.34634 0.573081 1.00379 9.89671 0.00442877 -0.191048 -0.0276416
275.055 -0.268133 0.344742 -9.34634 0.619741 0.932004 10.069 0.00839939 -0.202502 -0.0100793
275.071 -0.421352 0.306437 -9.46126 0.681954 1.00259 10.0032 0.00946841 -0.20861 -0.0322231
275.087 -0.459656 0.383047 -9.65278 0.829113 1.00259 9.88594 0.013439 -0.216857 -0.0412334
275.104 -0.497961 0.229828 -9.46126 0.870987 1.03729 9.98166 0.0108429 -0.21533 -0.0474948
275.12 -0.612875 0.306437 -9.38465 0.862612 0.971486 9.91705 0.00977384 -0.216246 -0.0401644
275.137 -0.57457 0.421352 -9.30804 0.930808 1.13898 9.96371 0.0148135 -0.220675 -0.054367
275.153 -0.612875 0.383047 -9.34634 0.987039 1.01097 9.94696 0.00962113 -0.21533 -0.0125227
275.17 -0.766094 0.383047 -9.34634 1.02413 1.0002 9.87877 -0.00213803 -0.211054 -0.0384845
275.187 -0.804398 0.268133 -9.23143 1.08993 0.95354 9.87278 -0.00458149 -0.206931 -0.0329867
275.203 -0.766094 0.191523 -9.49956 1.1318 1.02532 10.0331 -0.00381791 -0.193339 -0.0119119
275.22 -1.03423 0.191523 -9.53786 1.08754 0.98345 10.1276 -0.00290161 -0.185703 -0.0111483
275.235 -0.689484 0.344742 -9.42295 1.12343 0.940379 10.0319 -0.000152716 -0.184023 -0.0264199
275.252 -0.689484 0.114914 -9.34634 0.99661 0.808774 9.94098 0.00412334 -0.174555 -0.00442877
275.269 -0.536266 0.191523 -9.57617 0.947557 0.675972 9.9338 0.00534507 -0.168141 0.033903
275.285 -0.497961 0.0383047 -9.34634 0.910469 0.541974 9.99601 0.0122173 -0.168293 0.0415388
