286.857 -0.459656 -0.0766094 -9.38465 0.282353 0.394816 9.83569 0.233198 -0.120188 -0.222966
286.872 -0.268133 0.0383047 -9.57617 0.301496 0.515653 10.0738 0.239306 -0.119882 -0.121104
286.889 0.153219 0.191523 -9.8443 0.367298 0.74656 10.4363 0.246179 -0.12538 -0.0167988
286.905 -0.114914 0.191523 -9.53786 0.300299 0.847059 10.1456 0.240834 -0.127518 -0.111177
286.922 -0.0383047 0.114914 -9.30804 0.222532 0.838684 10.1037 0.236405 -0.130572 -0.24007
286.939 -0.114914 0.306437 -8.92499 0.190229 0.851844 9.64666 0.22602 -0.135765 -0.271835
286.955 -0.191523 0.344742 -9.07821 0.224925 1.08156 9.61436 0.219453 -0.143553 -0.28955
286.972 -0.0383047 0.497961 -9.23143 0.202193 1.20239 9.76989 0.207236 -0.154091 -0.316428
286.988 -0.114914 0.459656 -9.57617 0.107677 1.27777 10.1731 0.193339 -0.1518 -0.322384
287.005 -0.114914 0.306437 -9.72939 0.16989 1.19402 10.5057 0.170737 -0.159741 -0.287107
287.022 -0.306437 0.497961 -9.49956 0.259621 1.39262 9.89671 0.153174 -0.162796 -0.0959058
287.038 -0.0383047 0.804398 -9.0016 0.30987 1.5326 9.6 0.140041 -0.163101 -0.0329867
287.055 0.0 0.727789 -9.65278 0.21655 1.49073 9.74836 0.109956 -0.170737 -0.0536034
287.071 -0.114914 0.57457 -9.49956 0.181854 1.21436 10.118 0.0849102 -0.175624 -0.0679587
287.088 -0.153219 0.421352 -9.72939 0.247657 1.19282 10.1683 0.073762 -0.178067 -0.0536034
287.105 -0.0766094 0.612875 -9.11651 0.331406 1.13898 9.94815 0.0607811 -0.180969 -0.0397062
287.121 -0.268133 0.57457 -9.42295 0.403191 1.28375 9.91585 0.045204 -0.181885 0.00794125
287.137 -0.229828 0.612875 -9.30804 0.289531 1.37827 9.7005 0.0251982 -0.178983 0.0197004
287.154 -0.229828 0.65118 -9.38465 0.337388 1.35793 9.87159 0.0151189 -0.178678 -0.0212276
287.171 -0.0766094 0.459656 -9.61448 0.358923 1.17368 10.1456 -0.0111483 -0.176998 -0.104611
287.188 -0.268133 0.344742 -9.38465 0.348156 1.08754 10.2425 -0.0244346 -0.177304 -0.125227
287.204 -0.268133 0.268133 -9.34634 0.425922 0.906879 10.1384 -0.0340557 -0.170126 -0.119119
287.22 -0.306437 0.114914 -9.46126 0.455832 0.825523 9.75195 -0.0332921 -0.172722 -0.045204
287.236 -0.306437 0.191523 -9.23143 0.452243 0.693918 9.75314 -0.0303905 -0.167224 0.0516181
287.253 -0.229828 0.0 -9.42295 0.437886 0.622134 9.8321 -0.0337503 -0.15913 0.111177
287.27 -0.268133 0.0383047 -9.30804 0.42353 0.537189 10.0953 -0.0230602 -0.15913 0.195171
287.286 -0.306437 -0.0383047 -9.53786 0.434297 0.458225 10.1312 -0.0149662 -0.15516 0.237627
287.303 -0.191523 0.0 -9.38465 0.41994 0.448654 10.0187 -0.00870483 -0.151495 0.242666
287.319 -0.306437 -0.0383047 -9.57617 0.385244 0.465404 9.97089 0.00503964 -0.154702 0.216399
287.336 -0.191523 0.0 -9.34634 0.271585 0.472582 9.8333 0.0128282 -0.1518 0.134848
287.353 -0.191523 -0.114914 -9.38465 0.22014 0.491725 9.85244 0.0207694 -0.155771 0.0832304
287.369 -0.114914 -0.0766094 -9.30804 0.344566 0.454636 9.79741 0.0270308 -0.163254 0.0242819
287.386 -0.0383047 0.0766094 -9.57617 0.303888 0.476171 10.142 0.0390954 -0.170431 -0.134085
287.402 0.0383047 0.0383047 -9.65278 0.355334 0.484546 10.185 0.0458149 -0.175318 -0.275806
287.419 -0.268133 0.0383047 -9.42295 0.391226 0.504885 10.0451 0.0514654 -0.177914 -0.28451
287.436 -0.229828 0.0383047 -9.19312 0.428315 0.535992 9.88714 0.054367 -0.176082 -0.167072
287.452 -0.344742 0.0383047 -9.30804 0.445065 0.57667 9.8333 0.0618501 -0.171348 -0.0169515
287.469 -0.306437 0.0383047 -9.19312 0.463011 0.57667 9.87159 0.0659734 -0.16585 0.0807869
287.485 -0.268133 0.114914 -9.72939 0.422333 0.595813 10.0104 0.0694859 -0.164323 0.11469
287.502 -0.268133 0.0 -9.46126 0.431904 0.55992 10.1252 0.0700968 -0.159436 0.142637
287.519 -0.229828 -0.0766094 -9.46126 0.440279 0.532403 10.1671 0.071624 -0.155007 0.0925461
287.535 -0.268133 0.0383047 -9.30804 0.457029 0.508475 10.0582 0.0693332 -0.15012 0.0551306
287.552 -0.114914 -0.153219 -9.49956 0.422333 0.448654 9.93619 0.0829249 -0.153785 -0.0771217
287.568 -0.0766094 0.0383047 -9.38465 0.369691 0.392423 9.89073 0.0951423 -0.157145 -0.242361
287.585 -0.114914 -0.0383047 -9.30804 0.369691 0.410369 9.91705 0.101098 -0.155923 -0.313985
287.602 -0.229828 -0.0383047 -9.38465 0.305085 0.527617 10.0164 0.106749 -0.153174 -0.36148
287.618 -0.344742 -0.0383047 -9.42295 0.367298 0.568295 10.0534 0.113926 -0.157603 -0.251829
287.635 -0.229828 0.0 -9.15482 0.370887 0.564706 10.0175 0.118966 -0.160963 -0.112246
287.651 -0.153219 0.0 -9.34634 0.433101 0.494118 9.9338 0.122631 -0.155923 -0.0594066
287.668 -0.268133 0.0 -9.38465 0.492921 0.490529 9.94815 0.130267 -0.153327 0.00717767
287.685 -0.421352 0.153219 -9.26973 0.515653 0.521635 9.96849 0.137903 -0.146149 0.0340557
287.701 -0.191523 0.0766094 -9.42295 0.486939 0.637687 10.0128 0.140346 -0.144622 0.0271835
287.718 -0.153219 0.191523 -9.61448 0.45344 0.695115 9.96251 0.145844 -0.140041 -0.0403171
287.734 -0.153219 0.229828 -9.23143 0.355334 0.782453 9.96132 0.143095 -0.13439 -0.123547
287.751 -0.114914 0.229828 -9.42295 0.336191 0.812363 9.9649 0.146455 -0.137597 -0.157909
287.769 -0.0383047 0.153219 -9.42295 0.275174 0.884148 9.99841 0.138666 -0.132405 -0.195171
287.784 -0.0766094 0.191523 -9.46126 0.270389 0.849452 10.0223 0.134238 -0.136986 -0.176845
287.801 -0.191523 0.114914 -9.15482 0.277567 0.837488 10.0032 0.133474 -0.139735 -0.155923
287.817 -0.0383047 0.229828 -9.26973 0.315852 0.870987 9.92303 0.125686 -0.142179 -0.108123
287.833 -0.268133 0.268133 -9.38465 0.358923 0.914058 9.9338 0.118355 -0.138819 -0.0798706
287.85 -0.191523 0.229828 -9.34634 0.336191 0.905683 10.002 0.113163 -0.14279 -0.0743728
287.866 -0.229828 0.191523 -9.49956 0.370887 0.898505 10.0295 0.111025 -0.142637 -0.0841467
287.883 -0.191523 0.344742 -9.72939 0.385244 0.917647 10.0235 0.102014 -0.136223 -0.125533
287.899 -0.153219 0.268133 -9.38465 0.374477 0.942772 10.0044 0.0962113 -0.133627 -0.145997
287.916 -0.153219 0.191523 -9.46126 0.361316 0.948754 9.94098 0.0881173 -0.128587 -0.140346
287.933 0.0 0.344742 -9.42295 0.346959 0.951147 9.90628 0.0878119 -0.131031 -0.131489
287.949 -0.229828 0.191523 -9.49956 0.315852 0.991825 9.96012 0.0794125 -0.12706 -0.121257
287.966 -0.191523 0.344742 -9.46126 0.281157 1.01216 9.99123 0.0740674 -0.126449 -0.11133
287.982 -0.0383047 0.268133 -9.806 0.234497 1.0014 10.0319 0.0658207 -0.12706 -0.0862847
287.999 -0.153219 0.229828 -9.46126 0.209372 0.977468 10.0307 0.0528398 -0.125227 -0.068875
288.016 0.153219 0.268133 -9.42295 0.196211 0.961914 9.99601 0.0470366 -0.13042 -0.0671951
288.032 -0.0383047 0.191523 -9.34634 0.151944 0.900898 9.90269 0.0433714 -0.131641 -0.0673479
288.049 -0.114914 0.191523 -9.53786 0.160319 0.879362 9.92543 0.0383318 -0.138056 -0.0650571
288.066 -0.191523 0.229828 -9.38465 0.192622 0.859023 10.008 0.0348193 -0.140652 -0.068875
288.082 -0.0383047 0.0766094 -9.34634 0.174676 0.84347 10.0295 0.0294742 -0.138208 -0.0729984
288.099 0.0383047 0.153219 -9.34634 0.178265 0.803988 10.0427 0.029627 -0.144928 -0.083994
288.115 -0.0383047 0.191523 -9.34634 0.172283 0.786042 9.98405 0.0251982 -0.145386 -0.0847575
288.132 -0.0383047 0.153219 -9.03991 0.149551 0.768096 9.95294 0.0232129 -0.147829 -0.078038
288.148 -0.114914 0.191523 -9.49956 0.145962 0.728614 9.93619 0.0216857 -0.150731 -0.0704022
288.163 -0.153219 0.0766094 -9.03991 0.12323 0.725025 9.95174 0.021533 -0.159589 -0.0723875
288.179 -0.0383047 0.153219 -9.61448 0.117248 0.70349 9.9649 0.0239765 -0.166308 -0.0789543
288.194 -0.0766094 0.114914 -9.38465 0.128016 0.689133 9.98883 0.0206167 -0.168904 -0.10568
288.21 0.0 0.114914 -9.49956 0.13998 0.695115 9.9661 0.0206167 -0.172722 -0.116523
288.226 0.268133 0.229828 -9.42295 0.187837 0.665205 9.99841 0.0209221 -0.177304 -0.129198
288.241 -0.229828 0.153219 -9.11651 0.20339 0.646062 9.99123 0.0222966 -0.179594 -0.129503
288.256 -0.153219 0.114914 -9.65278 0.217747 0.612562 9.97089 0.0224493 -0.179442 -0.124158
288.272 0.0 -0.0766094 -9.11651 0.105284 0.598205 10.002 0.0245873 -0.18158 -0.098502
288.287 0.114914 0.153219 -9.69109 0.119641 0.553938 10.0223 0.0293215 -0.185703 -0.0888809
288.303 0.0 0.0383047 -9.46126 0.22014 0.532403 9.99841 0.0316123 -0.187841 -0.0714712
288.921 0.0 -0.0383047 -9.46126 0.340977 0.563509 10.0678 0.0826195 -0.140499 -0.103542
288.938 0.0 -0.0383047 -9.38465 0.202193 0.507278 9.99841 0.0899499 -0.140652 -0.116675
288.954 -0.0383047 0.0 -9.30804 0.137587 0.54317 9.9673 0.0948368 -0.144011 -0.114537
288.971 -0.0383047 0.0766094 -9.03991 0.149551 0.571884 9.97926 0.101404 -0.148135 -0.105832
288.987 0.153219 0.114914 -9.23143 0.167498 0.591027 9.97567 0.0994183 -0.150425 -0.0679587
289.004 0.0 0.0383047 -9.38465 0.16989 0.591027 9.94337 0.100335 -0.159589 -0.0491747
289.021 0.0 0.0 -9.49956 0.157926 0.580259 9.98166 0.102778 -0.165697 -0.0496328
289.037 -0.0383047 -0.0383047 -9.38465 0.192622 0.591027 10.0307 0.102473 -0.173944 -0.0699441
289.054 -0.0766094 0.0766094 -9.42295 0.208175 0.643669 9.99123 0.104153 -0.177456 -0.107512
289.07 -0.153219 0.0766094 -9.57617 0.202193 0.648455 9.90987 0.107054 -0.176998 -0.12874
289.087 -0.0766094 0.191523 -9.34634 0.246461 0.675972 9.94457 0.106901 -0.175471 -0.129656
289.104 -0.268133 0.114914 -9.61448 0.308674 0.727418 10.0164 0.107818 -0.173638 -0.135154
289.12 -0.268133 0.114914 -9.57617 0.340977 0.741775 10.0965 0.116217 -0.170584 -0.127518
289.137 -0.229828 0.153219 -9.42295 0.37328 0.740578 10.0929 0.117286 -0.169057 -0.120035
289.153 -0.306437 0.229828 -9.38465 0.361316 0.705882 9.9673 0.111788 -0.161116 -0.0962113
289.17 -0.153219 0.114914 -9.34634 0.361316 0.732203 9.95414 0.103847 -0.156229 -0.0655153
289.187 -0.383047 0.114914 -9.49956 0.350548 0.742971 10.0044 0.104305 -0.157909 -0.0598648
289.203 -0.191523 0.153219 -9.46126 0.355334 0.775274 10.0283 0.0980438 -0.158061 -0.0629191
289.22 -0.153219 0.191523 -9.26973 0.357727 0.800399 9.89193 0.097433 -0.158978 -0.0842994
289.236 -0.306437 0.191523 -9.07821 0.327816 0.80997 9.85244 0.102473 -0.149662 -0.0998765
289.253 -0.153219 0.153219 -9.42295 0.349352 0.80997 10.0211 0.0972803 -0.138056 -0.0954477
289.27 -0.306437 0.153219 -9.53786 0.412762 0.697508 10.1671 0.10232 -0.129503 -0.0945314
289.286 -0.153219 0.191523 -9.46126 0.315852 0.854237 10.0331 0.0926988 -0.125227 -0.089339
289.303 -0.114914 0.153219 -9.53786 0.314656 0.844666 10.0319 0.0949895 -0.117286 -0.0975857
289.319 0.0 0.114914 -9.19312 0.407976 0.739382 9.73639 0.106901 -0.0998765 -0.110414
289.336 -0.114914 0.0766094 -9.30804 0.388834 0.70349 9.83689 0.113926 -0.0888809 -0.112399
289.353 -0.114914 0.191523 -8.35042 0.403191 0.675972 9.88953 0.11637 -0.0795652 -0.135459
289.369 -0.153219 0.153219 -9.53786 0.259621 0.721436 9.47438 0.12202 -0.067806 -0.125227
289.386 0.0383047 0.383047 -10.5338 0.142373 1.06241 10.8849 0.117439 -0.0778853 -0.0395535
289.402 0.0383047 0.268133 -9.76769 0.108873 0.995414 10.6038 0.0936151 -0.0890336 -0.0497855
289.419 0.0383047 0.191523 -9.99752 0.0993021 1.02054 10.386 0.0835358 -0.0972803 -0.0406225
289.436 0.114914 0.191523 -9.07821 0.0658026 0.909272 9.74237 0.047342 -0.109345 -0.0232129
289.452 0.153219 0.268133 -8.84838 -0.0741775 0.859023 9.33918 0.0198531 -0.131947 0.0209221
289.469 0.191523 0.191523 -9.19312 -0.0837488 0.832702 9.52582 0.0177151 -0.144011 0.0233656
289.485 0.268133 0.114914 -9.46126 -0.174676 0.731007 9.87877 0.0216857 -0.18158 -0.0485638
289.502 0.268133 0.229828 -9.30804 -0.336191 0.725025 10.0654 0.019395 -0.216857 -0.201585
289.519 0.383047 0.153219 -9.38465 -0.342173 0.778863 10.1468 0.00412334 -0.226478 -0.301004
289.535 0.191523 0.0766094 -9.61448 -0.193819 0.829113 10.2508 -0.00381791 -0.226173 -0.310625
289.552 0.229828 0.114914 -9.26973 -0.112463 0.842273 10.0534 -0.00351247 -0.243124 -0.249386
289.568 0.191523 0.114914 -9.26973 -0.116052 0.807577 9.82851 0.00855211 -0.253356 -0.109039
289.585 -0.153219 0.0766094 -9.23143 -0.0574277 0.689133 9.75554 0.0142026 -0.253051 -0.0447459
289.602 0.114914 0.153219 -9.34634 0.0777667 0.625723 9.82971 0.0180205 -0.248164 0.0183259
289.619 0.0 0.114914 -9.61448 0.226122 0.648455 10.0678 0.0256563 -0.243582 -0.0394008
289.635 -0.0383047 0.114914 -9.61448 0.31346 0.642473 10.1025 0.0305433 -0.241139 -0.100945
289.651 -0.229828 0.114914 -9.53786 0.468993 0.614955 10.0977 0.0410807 -0.224646 -0.21029
289.668 -0.344742 0.0 -9.46126 0.540778 0.632901 10.0786 0.0488692 -0.212276 -0.251218
289.685 -0.306437 0.0 -9.26973 0.561117 0.620937 10.0893 0.0508545 -0.205251 -0.24572
289.701 -0.344742 0.0383047 -9.34634 0.626919 0.581456 9.99242 0.0487165 -0.185245 -0.183565
289.718 -0.306437 0.0766094 -9.23143 0.661615 0.521635 9.86919 0.0481056 -0.16982 -0.0694859
289.734 -0.383047 0.0 -9.23143 0.646062 0.498903 9.89671 0.0484111 -0.158061 0.0213803
289.751 -0.344742 -0.0383047 -9.49956 0.608973 0.464207 9.93021 0.0493274 -0.152869 0.0432187
289.768 -0.306437 -0.0383047 -9.26973 0.405583 0.467797 10.0259 0.0505491 -0.144317 0.0398589
289.784 -0.153219 0.0 -9.53786 0.211765 0.42353 10.0223 0.0558941 -0.149356 -0.020464
289.801 0.114914 0.0766094 -9.23143 0.257228 0.415155 9.9661 0.0534507 -0.152105 -0.0609338
289.817 0.114914 -0.0766094 -9.26973 0.12682 0.445065 9.89073 0.0604756 -0.161879 -0.12202
289.834 0.0383047 0.0 -8.84838 0.107677 0.496511 9.98644 0.0670424 -0.165697 -0.133321
289.851 -0.0766094 0.0383047 -9.0016 0.160319 0.480957 9.98285 0.0713185 -0.170431 -0.118661
289.867 0.0766094 -0.0383047 -9.49956 0.18664 0.515653 9.99362 0.0797179 -0.172875 -0.0766636
289.884 -0.0383047 0.0 -9.76769 0.209372 0.555135 10.0857 0.0885754 -0.168141 -0.0445931
289.9 -0.153219 0.0383047 -9.42295 0.277567 0.549153 10.1097 0.0946841 -0.164323 -0.0555887
289.917 -0.153219 0.114914 -9.42295 0.323031 0.557528 10.0391 0.100182 -0.160352 -0.0717766
289.934 -0.229828 0.0383047 -9.34634 0.375673 0.557528 9.95892 0.106443 -0.153022 -0.107665
289.95 -0.229828 0.0766094 -9.38465 0.40678 0.565902 9.96132 0.109803 -0.141873 -0.136223
289.967 -0.191523 0.114914 -9.806 0.401994 0.580259 9.98524 0.10736 -0.135765 -0.142332
289.983 -0.153219 0.0766094 -9.34634 0.398405 0.617348 10.0223 0.11301 -0.134848 -0.139277
289.999 -0.229828 0.0383047 -9.46126 0.358923 0.662812 9.9996 0.113315 -0.131641 -0.115454
290.016 -0.344742 0.191523 -9.34634 0.329013 0.668794 10.0283 0.10965 -0.131336 -0.0962113
290.032 -0.153219 0.114914 -9.42295 0.271585 0.661615 10.0283 0.102014 -0.126755 -0.0626137
290.049 -0.0766094 0.0766094 -9.30804 0.234497 0.672383 9.94815 0.0978911 -0.130114 -0.0461203
290.066 -0.229828 0.114914 -9.11651 0.229711 0.701097 9.93859 0.0960585 -0.129656 -0.0447459
290.082 0.0766094 0.0766094 -9.42295 0.136391 0.687936 9.9314 0.0936151 -0.129198 -0.0517708
290.098 0.114914 0.153219 -9.42295 0.0490528 0.701097 9.96969 0.0957531 -0.138361 -0.0916298
290.113 0.153219 0.114914 -9.26973 0.0287139 0.689133 9.94457 0.0960585 -0.143248 -0.109956
290.13 0.114914 0.153219 -9.53786 0.0131605 0.714257 9.95414 0.0916298 -0.15348 -0.120646
290.147 0.0383047 0.114914 -9.42295 0.0622134 0.710668 9.99123 0.0897971 -0.164781 -0.105832
290.163 0.153219 0.191523 -9.23143 0.102891 0.713061 10.0152 0.0852157 -0.17318 -0.0823141
290.18 -0.0383047 0.0766094 -9.49956 0.161515 0.704686 10.0068 0.0813978 -0.1715 -0.0707076
290.196 -0.153219 0.153219 -9.69109 0.257228 0.714257 9.98644 0.0821613 -0.175013 -0.0714712
290.213 -0.0766094 0.114914 -9.38465 0.242871 0.719043 9.94935 0.0801761 -0.173944 -0.0855211
290.23 -0.153219 0.0766094 -9.38465 0.252443 0.715454 9.98166 0.0792598 -0.171195 -0.0922406
290.246 -0.229828 0.0 -9.42295 0.265603 0.6999 10.0211 0.0795652 -0.171042 -0.112857
290.263 -0.191523 0.0766094 -9.46126 0.264407 0.668794 9.99482 0.0792598 -0.169668 -0.120646
290.279 -0.114914 0.0766094 -9.30804 0.246461 0.677169 10.0403 0.0778853 -0.168599 -0.114385
290.296 -0.306437 0.114914 -9.26973 0.252443 0.666401 10.0499 0.074831 -0.164628 -0.0940732
290.313 -0.0383047 0.191523 -9.38465 0.246461 0.644866 9.95055 0.0734565 -0.164781 -0.0784962
290.329 0.0383047 0.229828 -9.15482 0.242871 0.634098 9.91944 0.0749837 -0.164017 -0.0711658
290.346 -0.0383047 0.0383047 -9.38465 0.224925 0.622134 9.97208 0.0772744 -0.160047 -0.0751364
290.362 -0.0383047 0.0766094 -9.03991 0.238086 0.658026 9.96251 0.086132 -0.163712 -0.0972803
290.379 -0.191523 0.191523 -9.26973 0.29671 0.701097 9.99601 0.0858265 -0.159283 -0.0951423
290.396 -0.229828 0.0383047 -9.42295 0.299103 0.710668 9.94098 0.0849102 -0.15516 -0.0910189
290.412 -0.268133 0.153219 -9.42295 0.324227 0.666401 10.0439 0.0847575 -0.151495 -0.0856738
290.428 -0.0766094 0.0766094 -9.34634 0.32662 0.683151 10.0223 0.0829249 -0.144164 -0.0800233
290.444 -0.0383047 0.0766094 -9.38465 0.252443 0.690329 9.98046 0.0855211 -0.147982 -0.0784962
290.461 0.0766094 0.0766094 -9.30804 0.163908 0.714257 9.96251 0.0823141 -0.143401 -0.0670424
290.478 -0.0766094 0.0766094 -9.26973 0.118445 0.678365 9.9326 0.0832304 -0.144775 -0.0798706
290.494 0.0766094 0.114914 -9.57617 0.118445 0.681954 9.93499 0.0844521 -0.147371 -0.095295
290.511 0.114914 0.0766094 -9.42295 0.12682 0.680758 9.9996 0.0824668 -0.147524 -0.11301
290.527 -0.114914 0.114914 -9.38465 0.187837 0.662812 10.0343 0.0829249 -0.148288 -0.112705
290.544 -0.191523 0.306437 -9.03991 0.221336 0.683151 10.0104 0.0862847 -0.148593 -0.098502
290.561 -0.153219 0.0766094 -9.38465 0.2668 0.659222 9.95892 0.0891863 -0.149967 -0.0911716
290.577 -0.114914 0.114914 -9.19312 0.291924 0.675972 9.98644 0.0879646 -0.148593 -0.081245
290.594 -0.153219 0.229828 -9.61448 0.27996 0.705882 10.0044 0.0856738 -0.145844 -0.0801761
290.61 -0.0766094 0.153219 -9.34634 0.276371 0.701097 9.98764 0.0858265 -0.145844 -0.0838412
290.627 -0.229828 0.0766094 -9.42295 0.230907 0.710668 9.99003 0.0815505 -0.142484 -0.0833831
290.644 -0.0766094 0.0766094 -9.42295 0.187837 0.723829 9.99003 0.0775799 -0.145233 -0.0806342
290.66 0.229828 0.191523 -9.42295 0.185444 0.709472 9.97807 0.0755945 -0.141263 -0.0798706
290.677 -0.0766094 0.114914 -9.38465 0.184247 0.723829 9.96251 0.0795652 -0.142179 -0.0777326
290.693 -0.0383047 0.191523 -9.46126 0.163908 0.711864 9.98046 0.079107 -0.143248 -0.0775799
290.71 -0.0383047 0.229828 -9.42295 0.125623 0.720239 9.96251 0.0757473 -0.142026 -0.0849102
290.727 -0.0383047 0.114914 -9.38465 0.135194 0.720239 9.97448 0.0726929 -0.142484 -0.0853684
290.743 0.0 0.0766094 -9.07821 0.132802 0.70349 9.96371 0.0717766 -0.145539 -0.0836885
290.76 -0.0383047 0.153219 -9.34634 0.13998 0.693918 9.98883 0.0726929 -0.149356 -0.0847575
290.776 0.0 0.114914 -9.53786 0.149551 0.66999 9.99721 0.0754418 -0.14844 -0.0891863
290.793 0.0 0.229828 -9.26973 0.102891 0.677169 10.0451 0.0725402 -0.149356 -0.087201
290.81 0.0383047 0.0766094 -9.38465 0.0490528 0.71665 9.99362 0.0754418 -0.151495 -0.0824668
290.826 0.0383047 0.153219 -9.42295 0.0681954 0.715454 9.96969 0.0704022 -0.148135 -0.0759
290.843 0.0766094 0.0383047 -9.53786 0.0514457 0.727418 9.96371 0.079107 -0.154396 -0.0725402
290.859 0.114914 0.114914 -9.42295 0.0191426 0.717846 9.97448 0.079107 -0.159894 -0.0696386
290.876 0.153219 0.0383047 -9.03991 0.0418744 0.70349 9.95294 0.0740674 -0.165239 -0.0827722
290.893 0.0 0.114914 -9.38465 0.0622134 0.697508 9.94576 0.0696386 -0.166766 -0.0926988
290.909 0.0383047 0.0766094 -9.19312 0.066999 0.693918 10.0008 0.0725402 -0.180358 -0.11805
290.926 0.0766094 0.153219 -9.30804 0.0753739 0.708275 10.014 0.0682642 -0.184329 -0.122173
290.941 -0.0383047 0.114914 -9.42295 0.0646062 0.711864 10.0295 0.0671951 -0.186619 -0.115454
290.957 0.0 0.153219 -9.46126 0.13998 0.684347 9.99123 0.0668897 -0.191201 -0.0865901
290.974 0.114914 0.114914 -9.69109 0.187837 0.66999 9.96969 0.0685696 -0.190895 -0.0664316
290.99 -0.114914 0.0383047 -9.34634 0.234497 0.674776 9.95294 0.0681114 -0.187841 -0.067806
291.007 -0.0383047 0.153219 -9.30804 0.287139 0.624527 9.96251 0.0693332 -0.1799 -0.0759
291.024 -0.114914 0.0766094 -9.42295 0.299103 0.643669 10.0092 0.076969 -0.17822 -0.0997237
291.04 -0.114914 0.0 -9.34634 0.260818 0.650847 10.002 0.0734565 -0.172264 -0.106443
291.057 -0.0383047 0.0766094 -9.30804 0.275174 0.65324 10.0199 0.0772744 -0.16982 -0.116217
291.073 -0.0766094 0.0 -9.49956 0.270389 0.665205 10.0128 0.0760527 -0.164934 -0.0897971
291.09 -0.0383047 0.153219 -9.23143 0.239282 0.658026 9.98764 0.0742201 -0.161421 -0.0595593
291.107 0.0 0.0766094 -9.46126 0.241675 0.677169 9.97687 0.0766636 -0.160658 -0.0545197
291.123 -0.153219 0.0 -9.34634 0.245264 0.646062 9.99242 0.0751364 -0.15852 -0.0655153
291.14 0.0766094 0.0766094 -9.42295 0.305085 0.637687 9.9649 0.076969 -0.156534 -0.0746782
291.155 -0.114914 0.114914 -9.30804 0.192622 0.668794 9.96251 0.0801761 -0.154243 -0.0775799
291.172 0.153219 0.0383047 -9.23143 -0.0562313 0.655633 9.98046 0.078038 -0.155923 -0.0910189
291.189 0.114914 0.0383047 -9.46126 -0.16989 0.717846 9.99362 0.0833831 -0.170737 -0.105069
291.205 -0.0383047 0.153219 -9.34634 -0.0179462 0.685544 9.99482 0.083994 -0.180358 -0.106901
291.222 -0.0383047 0.0766094 -9.34634 0.100499 0.661615 9.97926 0.079107 -0.183412 -0.0977384
291.237 -0.0383047 0.191523 -9.23143 0.0969093 0.667597 9.98046 0.0820086 -0.19227 -0.0917825
291.254 -0.153219 0.0 -9.42295 0.132802 0.678365 10.0008 0.0813978 -0.195324 -0.0888809
291.271 -0.153219 0.0766094 -9.42295 0.167498 0.698704 9.99003 0.0836885 -0.200364 -0.085063
291.287 0.0766094 0.114914 -9.26973 0.217747 0.728614 9.91466 0.0807869 -0.198226 -0.0801761
291.304 -0.153219 0.153219 -9.42295 0.257228 0.750149 9.9326 0.0795652 -0.195019 -0.0736092
291.32 -0.114914 0.229828 -9.53786 0.380459 0.727418 10.0331 0.0810924 -0.193033 -0.064599
291.337 -0.114914 0.153219 -9.19312 0.32662 0.751346 10.0487 0.076969 -0.181274 -0.0743728
291.354 -0.0766094 0.153219 -9.46126 0.303888 0.732203 10.0307 0.0765108 -0.180663 -0.0867428
291.37 -0.268133 0.0383047 -9.61448 0.248853 0.735793 9.99482 0.0731511 -0.177762 -0.089339
291.387 -0.114914 0.0766094 -9.34634 0.181854 0.709472 9.96012 0.0679587 -0.177304 -0.0923933
291.403 -0.0383047 0.229828 -9.46126 0.163908 0.702293 9.94218 0.0665843 -0.182038 -0.097433
291.42 -0.0766094 0.114914 -9.19312 0.133998 0.719043 9.92901 0.0687223 -0.187536 -0.100182
291.437 0.0383047 0.114914 -9.26973 0.12323 0.732203 9.94337 0.0583376 -0.186925 -0.0859793
291.453 -0.114914 0.0766094 -9.53786 0.197408 0.739382 10.0211 0.0594066 -0.197309 -0.0681114
291.47 -0.191523 0.0766094 -9.38465 0.214158 0.72981 10.0487 0.0589485 -0.198378 -0.0652099
291.486 -0.191523 0.114914 -9.65278 0.21655 0.714257 10.0499 0.0566577 -0.1996 -0.0574213
291.503 0.0 0.0383047 -9.15482 0.159123 0.719043 9.98644 0.0536034 -0.197157 -0.0676533
291.52 0.0 0.0766094 -9.42295 0.167498 0.685544 9.98046 0.0510072 -0.19624 -0.0801761
291.536 -0.0766094 0.306437 -9.76769 0.288335 0.679561 9.91944 0.0528398 -0.202044 -0.114232
291.553 -0.153219 0.153219 -9.38465 0.34337 0.713061 9.90269 0.0508545 -0.200211 -0.131794
291.569 -0.191523 0.153219 -9.30804 0.332602 0.723829 9.96371 0.0485638 -0.195019 -0.109039
291.586 -0.383047 0.153219 -9.26973 0.324227 0.765703 10.0822 0.0474948 -0.19624 -0.0916298
291.603 -0.114914 0.0766094 -9.30804 0.323031 0.735793 10.0786 0.0404698 -0.194408 -0.0719294
291.626 0.0 0.114914 -9.03991 0.354138 0.698704 9.94815 0.0340557 -0.190437 -0.0774271
291.643 -0.268133 0.114914 -9.42295 0.425922 0.714257 9.88594 0.034972 -0.192575 -0.0774271
291.659 -0.229828 0.114914 -9.38465 0.472582 0.7334 10.0367 0.0271835 -0.183412 -0.0708604
291.676 -0.344742 0.153219 -9.26973 0.504885 0.719043 10.1061 0.0221439 -0.169515 -0.0832304
291.692 -0.306437 0.0383047 -9.46126 0.502493 0.692722 10.1755 0.0189368 -0.167682 -0.095295
291.709 -0.268133 0.0383047 -9.07821 0.4666 0.638883 10.209 0.0128282 -0.158978 -0.128893
291.726 -0.306437 0.114914 -9.49956 0.498903 0.62333 10.1025 0.00931569 -0.148746 -0.148898
291.742 -0.383047 0.0 -9.38465 0.51326 0.555135 9.99003 0.013439 -0.148135 -0.146913
291.759 -0.344742 0.0 -9.30804 0.537189 0.556331 9.91466 0.0100793 -0.140499 -0.104458
291.775 -0.268133 -0.0383047 -9.46126 0.479761 0.534796 9.93859 0.0105374 -0.130267 -0.0332921
291.792 -0.153219 -0.0383047 -9.15482 0.455832 0.520439 9.92543 0.0114537 -0.125686 -0.00458149
291.809 -0.306437 -0.0766094 -8.84838 0.379262 0.460618 9.72921 0.0103847 -0.118355 0.0300851
291.825 -0.229828 -0.0766094 -9.03991 0.285942 0.409173 9.78784 0.0131336 -0.110261 0.0390954
291.842 -0.114914 -0.0383047 -9.23143 0.2333 0.397208 9.85962 0.0172569 -0.108276 0.0345139
291.857 0.0766094 -0.0383047 -9.53786 0.193819 0.384048 10.0738 0.0288634 -0.117744 -0.00687223
291.874 0.0766094 0.0383047 -9.46126 0.180658 0.385244 10.1623 0.0337503 -0.113774 -0.0526871
291.89 -0.0383047 -0.0766094 -9.42295 0.166301 0.36012 10.1276 0.0354302 -0.112857 -0.076969
291.905 -0.0383047 -0.0383047 -9.42295 0.154337 0.264407 10.008 0.0403171 -0.115606 -0.129045
291.922 0.0766094 -0.191523 -9.15482 0.174676 0.192622 9.89791 0.0534507 -0.121715 -0.16921
291.939 -0.0766094 -0.153219 -9.30804 0.143569 0.181854 9.88235 0.0626137 -0.123547 -0.178678
291.955 0.0383047 -0.268133 -9.23143 0.137587 0.209372 9.90628 0.0768163 -0.129198 -0.167835
291.972 0.0 -0.114914 -9.46126 0.106481 0.256032 10.0056 0.0867428 -0.133321 -0.142179
291.988 0.0 -0.153219 -9.42295 0.119641 0.29671 10.0546 0.0981966 -0.137292 -0.119424
292.005 -0.191523 -0.0766094 -9.46126 0.100499 0.366102 10.0905 0.0978911 -0.135307 -0.104
292.022 -0.153219 -0.0766094 -9.53786 0.108873 0.42353 10.0499 0.106291 -0.143401 -0.0858265
292.038 0.0 -0.0383047 -9.42295 0.132802 0.430708 10.0175 0.111025 -0.145997 -0.0813978
292.055 0.191523 0.0 -9.15482 0.145962 0.565902 9.99242 0.108429 -0.144775 -0.090408
292.07 0.0766094 0.0383047 -9.15482 0.148355 0.642473 9.94696 0.10568 -0.150731 -0.146608
292.086 0.0 0.0383047 -9.38465 0.116052 0.65683 9.92303 0.100945 -0.152564 -0.18387
292.103 0.0766094 0.114914 -9.57617 0.0119641 0.666401 9.92184 0.0948368 -0.151342 -0.180663
292.119 0.191523 0.0 -9.38465 -0.0478564 0.631705 10.0152 0.0885754 -0.160199 -0.133779
292.136 0.0766094 0.114914 -9.46126 -0.0490528 0.646062 10.0989 0.0829249 -0.173638 -0.0641408
292.152 0.114914 0.0383047 -9.34634 -0.0550349 0.625723 10.0678 0.0792598 -0.178678 -0.0465785
292.169 0.153219 0.0383047 -9.34634 -0.0658026 0.599402 9.95653 0.0762054 -0.192575 -0.0519235
292.186 0.153219 0.191523 -9.26973 -0.101695 0.632901 9.88355 0.0702495 -0.204029 -0.0986547
292.202 0.191523 0.153219 -8.81008 -0.0897308 0.683151 9.84646 0.0664316 -0.210138 -0.138056
292.219 -0.0766094 0.0383047 -9.34634 0.161515 0.738185 9.92662 0.0587958 -0.222202 -0.170584
292.235 -0.268133 0.0766094 -9.57617 0.474975 0.693918 10.057 0.0464257 -0.222508 -0.101862
292.251 -0.306437 0.0 -9.65278 0.570688 0.632901 10.0869 0.0406225 -0.217926 -0.0479529
292.268 -0.536266 -0.191523 -9.42295 0.753739 0.409173 10.0774 0.0308487 -0.194561 0.0603229
292.284 -0.497961 -0.114914 -9.38465 0.783649 0.338584 9.98883 0.0406225 -0.175624 0.111941
292.301 -0.268133 0.0 -9.26973 0.776471 0.348156 9.93499 0.0426078 -0.160199 0.103542
292.317 -0.306437 0.0 -9.46126 0.654437 0.30987 9.9649 0.0510072 -0.135459 0.0302378
292.333 -0.0383047 0.0 -9.49956 0.369691 0.338584 10.1396 0.0597121 -0.116981 -0.0875064
292.35 -0.114914 -0.0766094 -9.61448 0.349352 0.396012 10.2018 0.064599 -0.111025 -0.195477
292.365 -0.153219 0.0 -9.72939 0.346959 0.446261 10.0953 0.0681114 -0.103389 -0.213803
292.382 -0.153219 0.0 -9.26973 0.272782 0.467797 9.8321 0.0681114 -0.0949895 -0.156687
292.398 -0.114914 0.0 -9.11651 0.248853 0.45344 9.76391 0.0670424 -0.0930042 -0.104611
292.413 0.0 -0.0383047 -9.30804 0.0897308 0.428315 9.80459 0.068875 -0.0937678 0.00458149
292.43 -0.114914 0.0383047 -9.11651 0.0239282 0.416351 10.0152 0.0708604 -0.0992656 0.0810924
292.446 0.0 0.0 -9.42295 -0.0239282 0.393619 10.0762 0.0694859 -0.100335 0.0966694
292.463 0.306437 -0.0766094 -9.53786 -0.22014 0.363709 10.142 0.0752891 -0.113621 0.0745255
292.48 0.229828 -0.0766094 -9.57617 -0.0849452 0.29671 10.057 0.0794125 -0.130267 0.00977384
292.496 0.191523 -0.114914 -9.42295 -0.0502493 0.300299 10.0211 0.0852157 -0.136376 -0.0334449
292.513 0.191523 0.0766094 -9.19312 -0.0693918 0.342173 9.94815 0.0942259 -0.146149 -0.0539089
292.529 0.229828 -0.0383047 -9.38465 -0.0526421 0.434297 9.98166 0.0998765 -0.158367 -0.0942259
292.546 0.0766094 -0.0383047 -9.46126 0.0442672 0.4666 10.0247 0.0997237 -0.166919 -0.105985
292.563 0.306437 -0.0766094 -9.19312 -0.020339 0.526421 9.97328 0.0998765 -0.166461 -0.0905607
292.578 0.268133 0.0383047 -9.42295 -0.180658 0.54317 9.92423 0.0975857 -0.173638 -0.0361938
292.595 0.0 0.0383047 -9.34634 -0.0825523 0.503689 9.98524 0.0948368 -0.186008 0.0151189
292.611 0.0383047 -0.153219 -9.88261 0.180658 0.403191 10.0223 0.0971275 -0.190895 0.020464
292.628 -0.191523 -0.114914 -9.49956 0.386441 0.339781 10.0857 0.101404 -0.191048 -0.00534507
292.645 0.114914 -0.0766094 -9.53786 0.349352 0.379262 10.0271 0.109039 -0.178831 -0.0580322
292.661 -0.229828 0.0766094 -9.49956 0.340977 0.41994 10.0128 0.107818 -0.167835 -0.0763581
292.677 -0.153219 0.0 -9.42295 0.334995 0.464207 9.99123 0.118508 -0.166003 -0.11301
292.692 -0.153219 0.0383047 -9.38465 0.323031 0.476171 9.95294 0.121562 -0.153174 -0.13271
292.708 -0.114914 -0.0383047 -9.30804 0.306281 0.498903 9.95294 0.124464 -0.149051 -0.139888
292.724 -0.114914 0.114914 -9.46126 0.281157 0.526421 9.98046 0.122937 -0.136528 -0.134238
292.739 -0.191523 0.0766094 -9.38465 0.217747 0.592223 10.0175 0.123395 -0.135765 -0.12034
292.755 -0.153219 0.0766094 -9.42295 0.238086 0.601795 9.98405 0.119882 -0.133169 -0.0888809
292.77 -0.114914 0.0766094 -9.34634 0.238086 0.613759 9.96969 0.113926 -0.131183 -0.0642935
292.785 -0.0383047 0.0383047 -9.38465 0.145962 0.608973 9.99123 0.114079 -0.132558 -0.0597121
292.801 0.0383047 0.0383047 -9.38465 0.0909272 0.632901 10.0187 0.110567 -0.132252 -0.0558941
292.816 0.0383047 0.153219 -9.42295 0.0658026 0.62333 9.95773 0.10965 -0.134238 -0.0581849
292.832 0.114914 0.114914 -9.42295 -0.0179462 0.617348 9.93499 0.108276 -0.13943 -0.0760527
293.443 -0.229828 0.0383047 -9.38465 0.415155 0.528814 9.94218 0.0901026 -0.189674 -0.0726929
293.46 -0.268133 0.0 -9.61448 0.525224 0.540778 10.0295 0.0919352 -0.184634 -0.0788016
293.477 -0.153219 0.0383047 -9.76769 0.51326 0.558724 10.1037 0.0876591 -0.16417 -0.0983493
293.493 -0.191523 0.0383047 -9.38465 0.440279 0.598205 10.063 0.0829249 -0.1518 -0.119424
293.51 -0.114914 0.0766094 -9.0016 0.358923 0.635294 9.99003 0.0813978 -0.145691 -0.126907
293.525 -0.191523 -0.0383047 -9.49956 0.357727 0.671186 9.86082 0.0749837 -0.135917 -0.128129
293.541 -0.0766094 0.114914 -9.30804 0.385244 0.646062 9.87039 0.0681114 -0.126296 -0.11301
293.557 -0.114914 0.153219 -9.38465 0.289531 0.679561 10.002 0.0610865 -0.117744 -0.107054
293.573 -0.114914 0.153219 -9.42295 0.214158 0.674776 10.0845 0.0578795 -0.117592 -0.132405
293.59 -0.114914 0.0766094 -9.57617 0.136391 0.667597 10.0738 0.0459676 -0.114537 -0.177304
293.607 0.153219 0.0766094 -9.42295 -0.0454636 0.607777 9.98285 0.0375682 -0.114843 -0.196088
293.623 0.191523 0.0 -9.38465 -0.120837 0.544367 9.90748 0.0357356 -0.129503 -0.237779
293.64 0.0383047 -0.0383047 -9.42295 -0.0646062 0.464207 9.90628 0.0270308 -0.139735 -0.228464
293.656 0.114914 -0.0766094 -9.30804 -0.066999 0.439083 9.95653 0.0308487 -0.146608 -0.205862
293.673 0.0766094 0.0 -9.30804 0.0370887 0.35653 9.9996 0.0346666 -0.154243 -0.166461
293.69 0.114914 -0.268133 -9.19312 0.0418744 0.0275174 9.89312 0.0381791 -0.155007 -0.128282
293.706 0.191523 -0.153219 -9.42295 -0.00598205 0.0538385 10.0044 0.0427606 -0.156229 -0.192575
293.723 -0.114914 -0.191523 -9.49956 0.142373 0.26321 10.0439 0.0629191 -0.15684 -0.192575
293.739 0.0 -0.114914 -9.46126 0.171087 0.321834 10.0379 0.0723875 -0.154091 -0.141415
293.756 -0.0383047 -0.0383047 -9.34634 0.161515 0.345763 10.0259 0.0794125 -0.1518 -0.0945314
293.773 0.0766094 -0.0383047 -9.38465 0.137587 0.391226 9.96371 0.0815505 -0.148593 -0.0789543
293.789 -0.0766094 -0.114914 -9.38465 0.174676 0.380459 9.95533 0.0865901 -0.150578 -0.0632245
293.806 -0.191523 0.0383047 -9.42295 0.172283 0.524028 9.98046 0.0868956 -0.146302 -0.0534507
293.822 0.153219 0.0 -9.07821 0.108873 0.562313 9.98764 0.0827722 -0.141568 -0.0534507
293.839 0.0383047 0.114914 -9.23143 -0.0526421 0.547956 9.9649 0.0824668 -0.144164 -0.0959058
293.856 0.0766094 0.0383047 -9.42295 -0.119641 0.470189 9.92064 0.0751364 -0.149815 -0.147829
293.872 0.306437 0.0383047 -9.72939 -0.198604 0.418744 9.95892 0.0763581 -0.161268 -0.163712
293.889 0.344742 -0.0383047 -9.49956 -0.342173 0.442672 9.9996 0.078038 -0.170279 -0.14279
293.905 0.229828 -0.191523 -9.61448 -0.232104 0.433101 9.97328 0.0778853 -0.191201 -0.0407752
293.922 0.153219 -0.0383047 -9.38465 -0.107677 0.381655 9.97687 0.0754418 -0.203265 0.0481056
293.939 0.0766094 -0.0766094 -9.42295 0.0358923 0.303888 9.9996 0.0778853 -0.207389 0.0584903
293.955 0.0766094 -0.153219 -9.11651 0.0693918 0.308674 9.98644 0.0792598 -0.214566 0.0337503
293.972 0.0766094 -0.0383047 -9.46126 0.0370887 0.325424 10.0116 0.0870483 -0.219301 -0.00809396
293.989 0.153219 -0.0383047 -9.57617 0.0993021 0.31346 10.0427 0.0896445 -0.219606 -0.0284052
294.006 -0.0766094 -0.114914 -9.38465 0.153141 0.361316 10.0606 0.0962113 -0.218842 -0.0539089
294.023 -0.229828 -0.0383047 -9.65278 0.272782 0.368495 9.99362 0.105527 -0.217163 -0.0491747
294.039 -0.0766094 0.0 -9.34634 0.264407 0.394816 9.95773 0.112705 -0.208152 -0.0310014
294.056 -0.114914 0.0 -9.42295 0.218943 0.51326 9.97567 0.113163 -0.206778 -0.00946841
294.072 -0.0766094 0.0383047 -9.26973 0.387637 0.531206 10.0534 0.109345 -0.203113 0.0319177
294.089 -0.306437 0.0 -9.34634 0.48335 0.479761 10.0355 0.108887 -0.195782 0.0329867
294.106 -0.383047 0.0383047 -9.46126 0.568295 0.431904 10.0259 0.105222 -0.186161 0.021533
294.122 -0.153219 -0.0383047 -9.42295 0.416351 0.479761 9.97448 0.104763 -0.168293 -0.0142026
294.139 -0.114914 0.0 -9.19312 0.330209 0.527617 10.008 0.104 -0.161726 -0.0484111
294.155 -0.268133 -0.153219 -9.34634 0.290728 0.558724 10.0247 0.104611 -0.159741 -0.0676533
294.172 0.0 0.0383047 -9.38465 0.18664 0.54317 9.93978 0.104 -0.156992 -0.0722348
294.189 0.0383047 0.0766094 -8.96329 0.133998 0.497707 9.99242 0.104916 -0.156229 -0.0729984
294.205 -0.114914 -0.0383047 -9.38465 0.178265 0.491725 10.0331 0.103389 -0.153785 -0.08827
294.222 -0.229828 0.0383047 -9.46126 0.295514 0.451047 10.0439 0.103542 -0.154243 -0.0969748
294.238 -0.268133 0.0 -9.46126 0.400798 0.467797 9.94815 0.10797 -0.150425 -0.110261
294.255 -0.268133 0.0 -9.46126 0.369691 0.417547 9.95294 0.106749 -0.14279 -0.116523
294.272 -0.153219 0.0766094 -9.38465 0.21655 0.392423 9.99482 0.10797 -0.138514 -0.128129
294.288 0.153219 0.0383047 -9.57617 -0.113659 0.512064 10.0953 0.115148 -0.140346 -0.137139
294.305 0.114914 0.0383047 -9.19312 -0.04666 0.636491 10.0546 0.117744 -0.149204 -0.11133
294.321 0.0 0.191523 -9.42295 0.0693918 0.7334 10.0164 0.118355 -0.161116 -0.0763581
294.338 0.153219 0.153219 -9.34634 0.0239282 0.82672 9.94696 0.114537 -0.164017 -0.078038
294.354 0.153219 0.153219 -9.15482 -0.0849452 0.942772 9.85843 0.0962113 -0.166308 -0.083994
294.37 0.114914 0.268133 -9.26973 -0.087338 0.960718 9.83809 0.0788016 -0.176998 -0.0439823
294.387 -0.114914 0.229828 -9.69109 0.133998 0.929611 9.94457 0.071013 -0.183107 -0.0116064
294.403 -0.191523 0.229828 -9.65278 0.429512 0.80997 10.136 0.0536034 -0.185092 0.0340557
294.42 -0.306437 0.114914 -9.57617 0.674776 0.684347 10.2185 0.03711 -0.173333 0.00687223
294.437 -0.421352 0.0383047 -9.806 0.756132 0.671186 10.1456 0.0290161 -0.163254 -0.0206167
294.453 -0.383047 -0.0766094 -9.38465 0.726221 0.544367 9.95773 0.0197004 -0.138514 -0.0829249
294.47 -0.306437 0.0 -9.806 0.437886 0.479761 9.97328 0.0230602 -0.115301 -0.131489
294.486 -0.0766094 0.0 -9.34634 0.27996 0.484546 9.97208 0.0267254 -0.108734 -0.146913
294.503 0.0 -0.0383047 -9.38465 0.0765703 0.489332 9.95653 0.0279471 -0.0981966 -0.140346
294.52 0.0 0.0383047 -9.15482 0.0526421 0.478564 9.92543 0.0372628 -0.101709 -0.0731511
294.536 0.0383047 -0.0766094 -9.30804 0.0478564 0.492921 9.92662 0.0384845 -0.102167 0.0262672
294.553 0.0 0.0383047 -9.38465 0.020339 0.563509 9.96969 0.0424551 -0.102778 0.0594066
294.569 0.0766094 0.153219 -9.65278 0.151944 0.643669 10.008 0.0354302 -0.105985 0.0942259
294.586 -0.0383047 0.0766094 -9.46126 0.18664 0.628116 10.0475 0.0248928 -0.10736 0.0694859
294.603 0.191523 0.0383047 -9.34634 0.191426 0.573081 10.0463 0.0197004 -0.106443 0.0259618
294.619 0.0383047 0.0 -9.30804 0.175872 0.509671 9.92901 0.0132863 -0.104611 -0.0752891
294.636 0.0 0.0383047 -9.19312 0.0969093 0.507278 9.89552 0.00992656 -0.100945 -0.126449
294.652 -0.0383047 0.0 -9.34634 0.0622134 0.501296 9.90628 0.0111483 -0.102778 -0.128893
294.669 0.0766094 -0.0383047 -9.34634 -0.0586241 0.455832 9.96251 0.0106901 -0.0986547 -0.0948368
294.686 -0.114914 0.0383047 -9.49956 -0.102891 0.457029 10.057 0.0129809 -0.103236 -0.0671951
294.702 0.191523 -0.0766094 -9.42295 -0.09332 0.362513 10.0606 0.0149662 -0.103236 -0.0510072
294.719 0.459656 -0.114914 -9.34634 -0.18664 0.312263 10.0211 0.0161879 -0.108123 -0.0456622
294.735 0.306437 -0.229828 -9.34634 -0.283549 0.189033 10.002 0.0175624 -0.119271 -0.066737
294.752 0.229828 -0.114914 -9.34634 -0.293121 0.183051 9.94576 0.023671 -0.138666 -0.0991129
294.769 0.0383047 -0.229828 -9.61448 -0.276371 0.187837 9.94337 0.029627 -0.149356 -0.0948368
294.785 0.153219 -0.114914 -9.42295 -0.208175 0.198604 9.98046 0.0394008 -0.16585 -0.0494801
294.802 0.229828 -0.229828 -9.53786 -0.0693918 0.232104 9.9996 0.0468839 -0.172569 0.00427606
294.818 0.0383047 -0.229828 -9.38465 -0.0227318 0.25005 9.99601 0.0516181 -0.175471 0.0245873
294.835 -0.0383047 -0.191523 -9.38465 0.100499 0.223729 10.0056 0.0600175 -0.173638 0.041997
294.852 -0.191523 -0.191523 -9.42295 0.185444 0.161515 10.075 0.066737 -0.165239 -0.0163406
294.868 0.0383047 -0.153219 -9.49956 0.161515 0.16989 10.069 0.0760527 -0.15684 -0.101709
294.885 0.153219 -0.268133 -9.38465 -0.0227318 0.180658 9.97926 0.0778853 -0.151495 -0.127671
294.901 0.153219 -0.191523 -9.38465 -0.163908 0.18664 9.91107 0.0907135 -0.159436 -0.143706
294.918 0.344742 -0.153219 -9.38465 -0.177069 0.21655 9.91585 0.0992656 -0.169362 -0.116064
294.935 0.268133 -0.114914 -9.46126 -0.295514 0.211765 9.9661 0.0992656 -0.17318 -0.100793
294.951 0.306437 -0.0383047 -9.49956 -0.301496 0.20339 10.0283 0.109192 -0.192423 -0.0844521
294.968 0.0766094 -0.114914 -9.34634 -0.13998 0.180658 10.0403 0.115759 -0.208458 -0.113774
294.984 0.191523 -0.114914 -9.42295 -0.0693918 0.190229 10.0235 0.119271 -0.21197 -0.141415
295.001 0.229828 -0.114914 -9.42295 -0.0993021 0.234497 9.95055 0.128282 -0.217468 -0.180358
295.018 0.344742 -0.114914 -9.23143 0.0179462 0.2668 9.94576 0.135001 -0.221286 -0.173486
295.034 -0.0383047 -0.153219 -9.42295 0.0945165 0.265603 9.96251 0.139277 -0.222966 -0.116981
295.051 -0.383047 -0.0766094 -9.46126 0.308674 0.350548 10.0654 0.146913 -0.215941 -0.073762
295.067 -0.191523 -0.0383047 -9.53786 0.410369 0.4666 10.0606 0.150731 -0.205403 -0.00595593
295.084 -0.229828 0.0383047 -9.49956 0.380459 0.524028 10.0475 0.150884 -0.189979 0.00351247
295.101 -0.0383047 0.0383047 -9.26973 0.367298 0.545563 9.99362 0.147524 -0.183412 -0.00931569
295.117 -0.191523 -0.0383047 -9.38465 0.37328 0.534796 9.96371 0.141721 -0.167682 -0.0641408
295.133 -0.0766094 0.0383047 -9.34634 0.329013 0.563509 9.98046 0.139735 -0.157756 -0.120799
295.149 -0.114914 0.0383047 -9.03991 0.288335 0.598205 9.94218 0.138819 -0.153938 -0.132252
295.166 -0.0383047 0.0766094 -9.38465 0.227318 0.569491 9.95533 0.130114 -0.143553 -0.115454
295.183 0.0 -0.0766094 -9.38465 0.0562313 0.528814 9.95533 0.127671 -0.136681 -0.0725402
295.199 0.229828 0.0 -9.46126 -0.0981057 0.479761 9.98644 0.127365 -0.136528 -0.0571159
295.215 0.383047 -0.0383047 -9.53786 -0.312263 0.400798 10.051 0.129962 -0.144928 -0.0897971
295.232 0.344742 -0.0766094 -9.42295 -0.334995 0.392423 10.0056 0.138361 -0.167377 -0.15684
295.247 0.344742 0.0 -9.26973 -0.348156 0.421137 9.96132 0.14279 -0.17822 -0.170584
295.264 0.229828 0.0 -9.30804 -0.332602 0.61017 9.91585 0.146913 -0.198378 -0.141263
295.28 0.191523 0.153219 -9.49956 -0.187837 0.757328 10.0068 0.142942 -0.218384 -0.0923933
295.297 -0.229828 0.0383047 -9.46126 0.00598205 0.754935 10.0881 0.137903 -0.228005 -0.067806
295.314 -0.268133 0.153219 -9.34634 0.397208 0.812363 10.0738 0.129198 -0.233656 -0.033903
295.33 -0.306437 0.268133 -9.23143 0.647258 0.921237 10.0534 0.113468 -0.21869 -0.0135917
295.347 -0.421352 0.229828 -9.53786 0.709472 0.958325 10.0307 0.0954477 -0.192575 -0.0222966
295.363 -0.421352 0.229828 -9.38465 0.821934 0.888933 10.0032 0.086132 -0.174707 -0.046273
295.38 -0.536266 0.0383047 -9.46126 0.672383 0.727418 9.93859 0.0762054 -0.139888 -0.111636
295.397 -0.191523 0.153219 -9.49956 0.570688 0.666401 9.94935 0.0731511 -0.111788 -0.145233
295.413 -0.0383047 0.0766094 -8.92499 0.340977 0.591027 9.98524 0.0702495 -0.0981966 -0.137903
295.43 0.0383047 0.0766094 -9.42295 0.0981057 0.520439 10.0283 0.0751364 -0.0922406 -0.111636
295.445 0.229828 0.0383047 -9.53786 -0.0143569 0.51326 10.0128 0.079107 -0.0945314 -0.0919352
295.461 0.153219 -0.0383047 -9.26973 -0.0454636 0.541974 9.95414 0.0786489 -0.0975857 -0.0865901
295.477 0.0766094 0.0766094 -9.30804 0.0622134 0.622134 9.91824 0.079107 -0.107665 -0.0806342
295.492 -0.0383047 0.0 -9.23143 0.128016 0.638883 9.89552 0.0751364 -0.111636 -0.0719294
295.509 -0.344742 0.0383047 -9.42295 0.306281 0.599402 9.95055 0.0725402 -0.11133 -0.0607811
295.525 -0.153219 0.0 -9.49956 0.37328 0.512064 10.1145 0.0722348 -0.0991129 -0.030696
295.542 0.0766094 0.0 -9.806 0.265603 0.445065 10.2317 0.0771217 -0.0852157 -0.0832304
295.559 0.114914 0.114914 -9.69109 -0.226122 0.473779 10.3155 0.0820086 -0.0830777 -0.182801
295.575 0.612875 0.0383047 -9.26973 -0.5001 0.522831 9.91585 0.0884227 -0.0940732 -0.418137
295.592 0.57457 0.0766094 -9.15482 -0.636491 0.54317 9.54018 0.0937678 -0.116217 -0.554971
295.608 0.536266 0.114914 -9.03991 -0.658026 0.555135 9.52582 0.0951423 -0.129809 -0.583223
295.625 0.421352 0.0 -9.07821 -0.665205 0.575474 9.75195 0.104611 -0.168446 -0.518319
295.642 0.344742 0.0 -9.806 -0.577866 0.59342 10.1791 0.101709 -0.196546 -0.319941
295.658 0.421352 0.0766094 -9.69109 -0.510867 0.583848 10.3274 0.099571 -0.210901 -0.199753
295.675 0.344742 0.0 -9.42295 -0.447458 0.571884 10.2245 0.0949895 -0.235794 0.0111483
295.691 0.344742 -0.0383047 -9.42295 -0.314656 0.526421 10.0092 0.0957531 -0.25809 0.0994183
295.708 0.268133 0.114914 -9.34634 -0.248853 0.496511 9.86321 0.0989602 -0.273057 0.0314596
295.725 0.536266 0.114914 -9.34634 -0.100499 0.568295 9.75195 0.101404 -0.275347 -0.0392481
295.741 0.114914 0.114914 -9.23143 0.0275174 0.612562 9.8333 0.110719 -0.283289 -0.210596
295.758 0.0 0.0 -9.30804 0.153141 0.61017 10.0295 0.116981 -0.283136 -0.340099
295.774 -0.153219 0.0 -9.53786 0.223729 0.644866 10.1133 0.115912 -0.279471 -0.371864
295.791 -0.344742 0.153219 -9.53786 0.333799 0.690329 10.1432 0.113315 -0.269544 -0.354302
295.808 -0.344742 0.0766094 -9.42295 0.455832 0.666401 9.99601 0.113315 -0.262672 -0.243582
295.824 -0.344742 0.0766094 -9.30804 0.503689 0.726221 10.0128 0.106138 -0.252745 -0.0546724
295.841 -0.344742 0.0 -9.15482 0.465404 0.643669 9.94218 0.104916 -0.241903 0.0299324
295.857 -0.153219 0.0766094 -9.34634 0.400798 0.64008 9.90748 0.10568 -0.228769 0.124464
295.874 -0.114914 0.153219 -9.34634 0.357727 0.629312 9.95892 0.10736 -0.218232 0.114537
295.891 -0.0383047 0.0766094 -9.30804 0.244068 0.731007 9.96849 0.106596 -0.212734 0.0714712
295.907 -0.0383047 0.114914 -9.15482 0.271585 0.637687 10.0451 0.112246 -0.208763 -0.0717766
295.924 -0.191523 0.0766094 -9.19312 0.321834 0.652044 9.99242 0.114995 -0.200975 -0.221591
295.941 -0.153219 0.0383047 -9.34634 0.287139 0.723829 9.90628 0.115912 -0.198073 -0.259007
295.957 -0.191523 0.0383047 -8.88668 0.297906 0.789631 9.89791 0.113926 -0.191659 -0.232129
295.974 -0.153219 0.114914 -9.42295 0.318245 0.798006 9.98285 0.110567 -0.187994 -0.10965
295.99 -0.153219 0.0766094 -9.19312 0.334995 0.78006 10.0403 0.108429 -0.18555 0.00671952
296.007 -0.153219 0.114914 -9.46126 0.354138 0.803988 10.1192 0.103389 -0.188146 0.0442877
296.024 -0.191523 0.268133 -9.38465 0.380459 0.865005 9.97926 0.0934624 -0.183718 0.0775799
296.04 -0.0766094 0.306437 -9.0016 0.396012 0.859023 9.92782 0.0842994 -0.1799 0.0282525
296.057 -0.114914 0.191523 -9.34634 0.367298 0.823131 9.84287 0.079107 -0.173486 -0.0114537
296.073 -0.229828 0.114914 -9.42295 0.413958 0.748953 9.96371 0.0771217 -0.168141 -0.11637
296.09 -0.0383047 0.153219 -9.61448 0.508475 0.777667 10.0546 0.0798706 -0.158367 -0.191964
296.107 -0.268133 0.0766094 -9.42295 0.53001 0.782453 10.0319 0.0786489 -0.15012 -0.197309
296.122 -0.344742 0.114914 -9.38465 0.585045 0.739382 10.0965 0.0778853 -0.13271 -0.177609
296.139 -0.191523 0.306437 -9.38465 0.547956 0.754935 10.0558 0.0763581 -0.115759 -0.0965167
296.155 -0.306437 0.114914 -9.38465 0.527617 0.756132 10.0199 0.0743728 -0.107665 -0.0508545
296.172 -0.191523 0.153219 -9.23143 0.431904 0.789631 9.91466 0.0729984 -0.0972803 0.0160352
296.189 -0.191523 0.229828 -9.46126 0.27996 0.850648 9.88714 0.0711658 -0.0894917 0.0380264
296.205 -0.0383047 0.229828 -9.42295 0.214158 0.875773 9.94337 0.0661261 -0.0859793 0.0348193
296.222 -0.191523 0.153219 -9.23143 0.135194 0.897308 10.0307 0.0612392 -0.0888809 -0.00137445
296.238 0.0383047 0.191523 -9.42295 0.102891 0.881755 10.014 0.0520762 -0.086132 -0.0464257
296.255 0.0766094 0.229828 -9.49956 0.102891 0.850648 9.99242 0.0459676 -0.0902553 -0.0835358
296.271 0.229828 0.229828 -9.11651 -0.0705882 0.818345 9.96251 0.0438296 -0.0933096 -0.0951423
296.288 0.344742 0.114914 -9.30804 -0.229711 0.783649 9.91227 0.0383318 -0.0981966 -0.100487
296.305 0.383047 0.114914 -9.65278 -0.258425 0.750149 9.90269 0.0354302 -0.117592 -0.0923933
296.32 0.421352 0.153219 -9.38465 -0.245264 0.723829 9.91466 0.0311541 -0.125075 -0.0852157
296.337 0.229828 0.153219 -9.42295 -0.193819 0.655633 10.0164 0.0320704 -0.142179 -0.0818559
296.354 0.268133 0.114914 -9.65278 -0.218943 0.643669 10.0439 0.0340557 -0.16081 -0.0988074
296.37 0.191523 0.0383047 -9.38465 -0.189033 0.607777 10.0451 0.0342084 -0.167988 -0.11133
296.387 0.306437 0.0383047 -9.26973 -0.190229 0.619741 9.94935 0.0358883 -0.182038 -0.118813
296.403 0.191523 0.268133 -9.23143 -0.221336 0.601795 9.90509 0.0398589 -0.193492 -0.113621
296.42 0.344742 0.0383047 -9.38465 -0.241675 0.58983 9.89791 0.0426078 -0.202349 -0.107512
296.437 0.153219 0.0383047 -9.72939 -0.174676 0.595813 9.98883 0.0487165 -0.220217 -0.0981966
296.453 0.114914 0.0766094 -9.30804 -0.113659 0.62333 10.0319 0.0499382 -0.231671 -0.0807869
296.47 0.191523 0.0 -9.38465 -0.16989 0.64008 10.0355 0.0481056 -0.24343 -0.0754418
296.486 0.229828 0.114914 -9.72939 -0.187837 0.644866 9.98764 0.0445931 -0.250607 -0.079107
296.502 0.153219 0.0 -9.57617 0.0107677 0.614955 10.0092 0.0424551 -0.269697 -0.0943787
296.518 -0.153219 0.0383047 -9.38465 0.149551 0.577866 10.0223 0.0429133 -0.281151 -0.109498
296.534 -0.153219 -0.0383047 -9.61448 0.344566 0.561117 10.014 0.0401644 -0.279013 -0.103847
296.551 -0.268133 -0.0383047 -9.38465 0.440279 0.573081 9.98046 0.0390954 -0.276111 -0.079107
296.567 -0.268133 0.0766094 -9.46126 0.396012 0.611366 10.0451 0.0398589 -0.266032 -0.0542143
296.584 -0.114914 0.0383047 -9.61448 0.41994 0.65683 10.0678 0.0426078 -0.263283 -0.0445931
296.601 -0.229828 0.0383047 -9.30804 0.446261 0.648455 9.97926 0.0409279 -0.25412 -0.029627
296.617 -0.306437 0.0383047 -9.03991 0.552742 0.649651 9.78185 0.041997 -0.243888 -0.0222966
296.634 -0.344742 0.0383047 -9.34634 0.613759 0.660419 9.77707 0.0423024 -0.234572 -0.0143553
296.65 -0.306437 0.0766094 -9.49956 0.684347 0.620937 9.99123 0.0458149 -0.208458 -0.0125227
296.667 -0.421352 0.0383047 -9.65278 0.667597 0.618545 10.2485 0.0510072 -0.178983 -0.0474948
296.684 -0.383047 0.153219 -9.46126 0.692722 0.591027 10.2604 0.0528398 -0.163712 -0.0765108
296.7 -0.497961 0.0 -9.11651 0.771685 0.473779 9.79382 0.0529926 -0.137139 -0.140499
296.717 -0.306437 -0.153219 -9.57617 0.735793 0.354138 10.0546 0.0583376 -0.119119 -0.168293
296.732 -0.383047 0.0 -9.26973 0.646062 0.376869 10.0714 0.0609338 -0.113163 -0.154854
296.749 -0.229828 -0.0383047 -9.34634 0.506082 0.385244 10.069 0.0679587 -0.104611 -0.119577
