2230.97 0.0 -0.153219 -9.26973 0.150748 0.130409 9.99841 0.0734565 -0.163406 -0.0827722
2230.99 -0.0766094 -0.191523 -9.46126 0.144766 0.142373 10.0056 0.0751364 -0.164781 -0.083994
2231.0 -0.306437 -0.191523 -9.42295 0.159123 0.144766 10.0164 0.0749837 -0.163254 -0.0833831
2231.02 0.0383047 -0.191523 -9.30804 0.147159 0.162712 10.0092 0.0731511 -0.161268 -0.0800233
2231.03 0.191523 -0.191523 -9.72939 0.124427 0.171087 10.0068 0.0725402 -0.160047 -0.0807869
2231.05 -0.153219 -0.191523 -9.42295 0.118445 0.157926 9.99721 0.0729984 -0.163101 -0.0841467
2231.07 0.114914 -0.191523 -9.49956 0.113659 0.160319 10.002 0.0771217 -0.164934 -0.0842994
2231.08 0.191523 -0.153219 -9.34634 0.0981057 0.163908 10.0092 0.0726929 -0.161268 -0.0801761
2231.1 0.0 -0.114914 -9.0016 0.0981057 0.163908 10.0116 0.0740674 -0.163865 -0.0795652
2231.12 0.0 -0.268133 -9.26973 0.0777667 0.155533 10.0032 0.0723875 -0.163865 -0.0804815
2231.13 -0.0383047 -0.114914 -9.46126 0.0693918 0.144766 10.0032 0.0726929 -0.160199 -0.0794125
2231.15 -0.0383047 -0.114914 -9.19312 0.0789631 0.154337 10.0068 0.0733038 -0.164628 -0.0809396
2231.17 0.0383047 -0.229828 -9.46126 0.0622134 0.15673 9.99841 0.0734565 -0.162948 -0.0815505
2231.19 -0.229828 -0.114914 -9.38465 0.0717846 0.163908 9.99721 0.0711658 -0.162796 -0.0813978
2231.2 0.0383047 -0.153219 -9.42295 0.0825523 0.159123 10.014 0.0719294 -0.163559 -0.0804815
2231.22 0.0383047 -0.191523 -8.88668 0.0658026 0.163908 10.0199 0.0725402 -0.163712 -0.0806342
2231.23 -0.0383047 -0.229828 -9.38465 0.0634098 0.15673 10.0008 0.0746782 -0.167682 -0.0815505
2231.25 0.0383047 -0.191523 -9.34634 0.0789631 0.157926 10.0092 0.0760527 -0.167377 -0.0813978
2231.27 0.153219 -0.229828 -9.30804 0.0789631 0.149551 10.0044 0.0722348 -0.16753 -0.0792598
2231.28 0.0 -0.191523 -9.46126 0.0969093 0.144766 10.0116 0.0705549 -0.164781 -0.0772744
2231.3 0.0383047 -0.114914 -9.46126 0.0909272 0.13998 10.0032 0.071013 -0.163101 -0.0765108
2231.32 -0.0383047 -0.229828 -9.38465 0.118445 0.129212 9.99601 0.0733038 -0.167072 -0.0792598
2231.33 -0.0766094 -0.229828 -9.38465 0.117248 0.112463 10.0116 0.0714712 -0.165086 -0.0763581
2231.35 0.153219 -0.191523 -9.49956 0.131605 0.118445 10.0044 0.0751364 -0.16753 -0.0797179
2231.37 -0.0766094 -0.191523 -9.42295 0.153141 0.118445 10.0068 0.0752891 -0.166155 -0.0788016
2231.38 0.0383047 -0.268133 -9.07821 0.153141 0.112463 10.0092 0.0740674 -0.166308 -0.0813978
2231.4 0.0766094 -0.191523 -9.42295 0.153141 0.111266 10.0092 0.0740674 -0.165697 -0.0820086
2231.42 0.0383047 -0.268133 -9.42295 0.150748 0.12323 10.0056 0.0742201 -0.163254 -0.0801761
2231.43 0.114914 -0.191523 -9.53786 0.161515 0.137587 9.99362 0.0729984 -0.163254 -0.0792598
2231.45 0.0 -0.153219 -9.38465 0.145962 0.135194 9.9996 0.0728457 -0.16249 -0.0797179
2231.46 0.114914 -0.229828 -9.30804 0.13998 0.136391 10.002 0.0734565 -0.163712 -0.0804815
2231.48 -0.0383047 -0.191523 -9.42295 0.135194 0.135194 9.99601 0.074831 -0.164628 -0.0826195
2231.5 -0.114914 -0.306437 -9.8443 0.144766 0.13998 10.0092 0.074831 -0.16585 -0.0821613
2231.51 0.0 -0.268133 -9.34634 0.136391 0.138784 10.0104 0.0751364 -0.164017 -0.0817032
2231.53 0.0 -0.229828 -9.42295 0.124427 0.133998 10.0068 0.0734565 -0.163101 -0.0807869
2231.55 -0.0766094 -0.229828 -9.42295 0.12323 0.132802 10.0092 0.0746782 -0.163712 -0.0815505
2231.57 -0.0766094 -0.191523 -9.38465 0.124427 0.137587 10.0104 0.0740674 -0.162643 -0.0835358
2231.58 0.0383047 -0.306437 -9.15482 0.116052 0.136391 10.0092 0.0745255 -0.16417 -0.0823141
2231.6 0.0 -0.229828 -9.53786 0.104088 0.13998 10.0175 0.0746782 -0.162948 -0.0832304
2231.61 0.0 -0.229828 -9.38465 0.0957129 0.138784 10.0116 0.073762 -0.163712 -0.0838412
2231.63 0.0383047 -0.191523 -9.46126 0.0789631 0.157926 10.002 0.0740674 -0.163101 -0.0835358
2231.65 0.0 -0.153219 -9.53786 0.0957129 0.160319 10.0032 0.0733038 -0.163254 -0.0832304
2231.66 0.0766094 -0.114914 -9.42295 0.0753739 0.157926 10.0056 0.0766636 -0.166003 -0.0847575
2231.68 0.0766094 -0.191523 -9.72939 0.0753739 0.167498 10.0104 0.0725402 -0.161116 -0.0809396
2231.7 0.0766094 -0.268133 -9.57617 0.0753739 0.153141 10.0056 0.0736092 -0.165697 -0.0817032
2231.71 0.0383047 -0.0383047 -9.38465 0.0789631 0.161515 10.0128 0.0731511 -0.163865 -0.0801761
2231.73 -0.153219 -0.268133 -9.03991 0.0885344 0.142373 10.0032 0.0760527 -0.16417 -0.0803288
2231.74 -0.153219 -0.306437 -9.23143 0.0837488 0.15673 10.0068 0.0746782 -0.164475 -0.0807869
2231.76 0.0 -0.191523 -9.46126 0.09332 0.145962 9.99841 0.0729984 -0.163712 -0.0806342
2231.77 -0.0766094 -0.229828 -9.69109 0.0765703 0.13998 10.0092 0.0726929 -0.164017 -0.081245
2231.79 0.0383047 -0.229828 -9.42295 0.0909272 0.143569 9.9996 0.0725402 -0.164323 -0.0794125
2231.81 0.0 -0.153219 -9.46126 0.0969093 0.131605 10.0092 0.0743728 -0.165086 -0.0798706
2231.82 0.0 -0.229828 -9.38465 0.0897308 0.138784 9.99123 0.0720821 -0.164475 -0.079107
2231.84 0.0 -0.229828 -9.38465 0.120837 0.150748 10.0116 0.0726929 -0.162643 -0.0798706
2231.85 0.0383047 -0.268133 -9.26973 0.102891 0.137587 10.0008 0.0726929 -0.163865 -0.0789543
2233.95 0.0 -0.191523 -9.49956 0.145962 0.104088 9.9996 0.0734565 -0.163865 -0.0800233
2233.96 0.0383047 -0.191523 -9.46126 0.148355 0.107677 9.99482 0.0726929 -0.163865 -0.0815505
2233.98 0.0 -0.229828 -9.38465 0.135194 0.111266 10.0068 0.0725402 -0.164017 -0.0813978
2234.0 -0.0766094 -0.344742 -9.72939 0.128016 0.118445 10.0032 0.0746782 -0.164781 -0.0803288
2234.01 -0.114914 -0.191523 -9.49956 0.125623 0.12682 10.008 0.0734565 -0.16417 -0.0813978
2234.03 0.153219 -0.114914 -9.34634 0.11007 0.135194 9.9996 0.0733038 -0.163712 -0.0804815
2234.05 0.0 -0.153219 -9.42295 0.112463 0.13998 10.0068 0.0745255 -0.165086 -0.0820086
2234.07 -0.0766094 -0.306437 -9.46126 0.108873 0.132802 9.99601 0.0723875 -0.164323 -0.0826195
2234.08 -0.0766094 -0.268133 -9.38465 0.108873 0.144766 9.99721 0.0719294 -0.161421 -0.0800233
2234.1 0.0766094 -0.229828 -9.38465 0.128016 0.145962 10.0223 0.0754418 -0.163406 -0.0794125
2234.11 -0.191523 -0.229828 -9.03991 0.130409 0.13998 9.99841 0.0726929 -0.160963 -0.0789543
2234.13 -0.0383047 -0.229828 -9.38465 0.132802 0.148355 10.002 0.0754418 -0.16249 -0.0824668
2234.15 0.0 -0.229828 -8.84838 0.130409 0.142373 10.0056 0.0733038 -0.163559 -0.0815505
2234.16 0.0 -0.153219 -9.46126 0.128016 0.148355 9.9996 0.0771217 -0.166766 -0.0846048
2234.18 0.0766094 -0.191523 -9.57617 0.111266 0.148355 9.99362 0.0719294 -0.163865 -0.0806342
2234.2 -0.0383047 -0.191523 -9.34634 0.0969093 0.153141 9.99721 0.0736092 -0.163712 -0.0817032
2234.21 0.0383047 -0.344742 -9.23143 0.0825523 0.159123 10.008 0.0749837 -0.164934 -0.0821613
2234.23 0.0383047 -0.229828 -9.34634 0.09332 0.160319 10.0032 0.0762054 -0.165697 -0.0847575
2234.25 0.0383047 -0.153219 -9.42295 0.0705882 0.159123 10.0032 0.0733038 -0.163406 -0.0800233
2234.26 0.153219 -0.268133 -9.38465 0.0753739 0.150748 10.0008 0.0696386 -0.162032 -0.0800233
2234.28 0.0 -0.229828 -9.42295 0.106481 0.15673 10.0164 0.074831 -0.164934 -0.0813978
2234.3 -0.0766094 -0.229828 -9.19312 0.108873 0.171087 9.98883 0.0742201 -0.166919 -0.081245
2234.31 -0.0766094 -0.191523 -9.42295 0.107677 0.163908 9.99003 0.0736092 -0.164017 -0.0820086
2234.33 -0.153219 -0.344742 -9.53786 0.113659 0.154337 10.002 0.0731511 -0.163865 -0.0813978
2234.35 -0.0766094 -0.153219 -9.34634 0.124427 0.153141 9.99482 0.0726929 -0.16417 -0.0795652
2234.36 -0.0766094 -0.344742 -9.23143 0.12323 0.143569 10.0128 0.0749837 -0.165239 -0.0809396
2234.38 -0.191523 -0.153219 -9.0016 0.108873 0.149551 9.9996 0.0729984 -0.16249 -0.0794125
2234.4 0.0383047 -0.153219 -9.26973 0.087338 0.160319 10.0056 0.0739146 -0.165086 -0.0794125
2234.42 0.0 -0.229828 -9.42295 0.0849452 0.150748 10.0056 0.0705549 -0.161726 -0.0795652
2234.44 -0.153219 -0.268133 -9.26973 0.0897308 0.137587 9.99362 0.0760527 -0.166919 -0.0832304
2234.45 0.0766094 -0.229828 -9.38465 0.0801595 0.151944 9.99841 0.0725402 -0.166308 -0.0797179
2234.47 -0.191523 -0.229828 -9.49956 0.0885344 0.145962 10.008 0.0723875 -0.164628 -0.0789543
2234.49 0.0383047 -0.153219 -9.46126 0.11007 0.154337 10.0092 0.0725402 -0.165086 -0.079107
2234.5 0.0 -0.268133 -9.65278 0.124427 0.15673 10.014 0.0731511 -0.163865 -0.0795652
2234.52 -0.0383047 -0.191523 -9.38465 0.124427 0.157926 10.0008 0.0733038 -0.165697 -0.0797179
2234.53 -0.0766094 -0.229828 -9.42295 0.13998 0.145962 10.0068 0.071013 -0.163712 -0.0775799
2234.55 0.0766094 -0.191523 -9.57617 0.142373 0.148355 10.0104 0.0707076 -0.163406 -0.076969
2234.57 -0.114914 -0.229828 -9.38465 0.130409 0.13998 10.0032 0.0707076 -0.161879 -0.0772744
2234.59 0.114914 -0.306437 -8.88668 0.138784 0.129212 10.0056 0.0711658 -0.164323 -0.0789543
2234.6 -0.0766094 -0.229828 -9.34634 0.124427 0.120837 10.0008 0.0728457 -0.164017 -0.0784962
2234.62 0.0 -0.153219 -9.30804 0.11007 0.119641 10.014 0.0740674 -0.164017 -0.0800233
2234.63 0.0 -0.229828 -9.38465 0.125623 0.107677 10.0128 0.0736092 -0.165392 -0.0806342
2234.65 -0.153219 -0.114914 -9.11651 0.118445 0.12323 10.0128 0.0740674 -0.166308 -0.0832304
2234.67 0.114914 -0.229828 -9.46126 0.100499 0.119641 9.99482 0.0768163 -0.166155 -0.0830777
2234.69 0.0 -0.229828 -9.34634 0.111266 0.133998 9.99482 0.073762 -0.164628 -0.0809396
2234.7 0.0383047 -0.229828 -9.15482 0.113659 0.132802 10.002 0.0755945 -0.164475 -0.0830777
2234.72 -0.0766094 -0.229828 -9.49956 0.131605 0.12682 10.0056 0.0728457 -0.162337 -0.0817032
2234.73 -0.114914 -0.306437 -9.11651 0.13998 0.135194 10.0008 0.0731511 -0.162948 -0.081245
2234.75 0.0 -0.268133 -9.42295 0.150748 0.129212 9.9996 0.0763581 -0.165544 -0.0824668
2234.77 -0.0766094 -0.229828 -9.30804 0.131605 0.125623 10.0068 0.071624 -0.163559 -0.0815505
2234.78 0.0766094 -0.229828 -9.30804 0.12323 0.13998 9.9996 0.0731511 -0.162032 -0.0807869
2234.8 -0.268133 -0.191523 -9.23143 0.116052 0.122034 10.0211 0.0740674 -0.163101 -0.0818559
2234.82 -0.0766094 -0.153219 -9.42295 0.100499 0.12682 10.0056 0.0728457 -0.161726 -0.0795652
2234.83 0.0383047 -0.229828 -9.806 0.0909272 0.143569 9.99482 0.073762 -0.16249 -0.0821613
2234.85 0.0766094 -0.306437 -9.34634 0.0717846 0.135194 9.99123 0.0745255 -0.163406 -0.0818559
2234.87 0.0383047 -0.229828 -9.34634 0.0813559 0.15673 10.0008 0.0736092 -0.164017 -0.0826195
2234.88 0.0766094 -0.229828 -9.11651 0.0921237 0.165105 10.008 0.073762 -0.163254 -0.0817032
2234.9 0.0 -0.153219 -9.34634 0.0945165 0.168694 10.008 0.0739146 -0.164323 -0.0800233
2234.92 0.0383047 -0.191523 -9.23143 0.0909272 0.165105 9.9996 0.0757473 -0.165392 -0.0818559
2234.93 0.0766094 -0.229828 -9.49956 0.105284 0.175872 10.0056 0.0736092 -0.164323 -0.0801761
2234.95 -0.0383047 -0.191523 -9.57617 0.12323 0.174676 10.0092 0.0708604 -0.162948 -0.0798706
2234.97 -0.0766094 -0.153219 -9.38465 0.128016 0.163908 10.0152 0.0757473 -0.167072 -0.0794125
2234.98 -0.0383047 -0.191523 -9.26973 0.114855 0.150748 10.0044 0.0743728 -0.166613 -0.0821613
2235.0 0.268133 -0.229828 -9.46126 0.0945165 0.157926 9.99123 0.073762 -0.166003 -0.0807869
2235.02 0.0766094 -0.153219 -9.38465 0.0921237 0.149551 9.99721 0.0749837 -0.167072 -0.0827722
2235.03 0.114914 -0.229828 -9.23143 0.0801595 0.13998 9.99482 0.0707076 -0.162337 -0.0807869
2235.05 -0.0766094 -0.191523 -9.46126 0.0777667 0.141176 10.0008 0.0699441 -0.161116 -0.0788016
2235.07 0.0 -0.153219 -9.42295 0.0825523 0.143569 10.0032 0.0725402 -0.163406 -0.0807869
2235.08 0.191523 -0.344742 -9.42295 0.108873 0.154337 10.0008 0.0733038 -0.164628 -0.0809396
2235.1 -0.114914 -0.191523 -9.19312 0.124427 0.151944 9.9996 0.0772744 -0.167988 -0.0813978
2235.11 0.0 -0.268133 -9.42295 0.145962 0.163908 10.014 0.0749837 -0.16585 -0.0813978
2235.13 -0.0383047 -0.153219 -9.38465 0.153141 0.155533 10.008 0.0729984 -0.166461 -0.0781907
2235.15 -0.114914 -0.229828 -9.15482 0.15673 0.144766 9.98405 0.0726929 -0.16249 -0.0772744
2235.16 -0.0766094 -0.229828 -9.49956 0.167498 0.153141 10.002 0.0733038 -0.163406 -0.0789543
2235.18 -0.0766094 -0.383047 -9.46126 0.136391 0.144766 9.99721 0.0708604 -0.163254 -0.0795652
2235.2 0.0 -0.268133 -9.30804 0.12682 0.12323 10.0044 0.0708604 -0.162032 -0.0794125
2235.21 0.0383047 -0.191523 -9.19312 0.132802 0.108873 10.0068 0.0722348 -0.164017 -0.0823141
2235.23 -0.114914 -0.229828 -9.38465 0.0993021 0.112463 9.99841 0.0731511 -0.16249 -0.0829249
2235.25 0.0383047 -0.268133 -9.46126 0.0861416 0.12682 9.99841 0.0719294 -0.163559 -0.0794125
2235.26 0.0766094 -0.268133 -8.88668 0.0969093 0.118445 9.9996 0.0736092 -0.163712 -0.0801761
2235.28 -0.0383047 -0.153219 -9.46126 0.102891 0.130409 9.9996 0.0728457 -0.161421 -0.0818559
2235.3 -0.0383047 -0.344742 -9.46126 0.118445 0.143569 10.0008 0.0749837 -0.165086 -0.0838412
2235.31 0.0 -0.153219 -9.42295 0.124427 0.142373 9.99601 0.0736092 -0.165544 -0.0820086
2235.33 -0.114914 -0.191523 -9.03991 0.118445 0.145962 10.0008 0.0739146 -0.166003 -0.0804815
2235.34 -0.0766094 -0.229828 -9.30804 0.13998 0.155533 9.99841 0.0707076 -0.162185 -0.079107
2235.36 -0.0766094 -0.191523 -9.46126 0.12323 0.148355 9.9996 0.0708604 -0.161726 -0.0788016
2235.38 0.191523 -0.191523 -9.30804 0.12682 0.135194 9.99841 0.0734565 -0.16585 -0.0813978
2235.4 -0.0383047 -0.268133 -9.38465 0.100499 0.130409 9.99601 0.0745255 -0.166003 -0.0817032
2235.41 0.0383047 -0.268133 -8.88668 0.0945165 0.101695 10.0008 0.0723875 -0.161574 -0.0817032
2235.43 0.344742 -0.229828 -9.23143 0.0634098 0.12682 9.99841 0.0745255 -0.162337 -0.0833831
2235.44 0.0383047 -0.229828 -9.38465 0.0753739 0.125623 10.002 0.0742201 -0.16417 -0.0827722
2235.46 0.114914 -0.344742 -9.61448 0.0813559 0.13998 10.0032 0.0742201 -0.163101 -0.0820086
2235.48 -0.0383047 -0.268133 -9.38465 0.0885344 0.15673 10.0032 0.0743728 -0.166003 -0.083994
2235.49 0.0 -0.229828 -9.0016 0.0945165 0.144766 10.0032 0.0726929 -0.164934 -0.0823141
2235.51 -0.0766094 -0.191523 -9.34634 0.0957129 0.168694 10.0068 0.0755945 -0.16585 -0.0827722
2235.53 0.0 -0.191523 -9.34634 0.117248 0.174676 10.0008 0.0743728 -0.164628 -0.0806342
2235.54 -0.0766094 -0.229828 -9.38465 0.105284 0.174676 10.002 0.0746782 -0.165239 -0.0807869
2235.56 -0.229828 -0.229828 -9.0016 0.129212 0.174676 9.99721 0.0722348 -0.164781 -0.0804815
2235.57 -0.153219 -0.0766094 -9.42295 0.12682 0.160319 10.0068 0.0743728 -0.164934 -0.0795652
2235.59 -0.114914 -0.191523 -9.46126 0.117248 0.162712 9.99601 0.0743728 -0.16585 -0.0806342
2235.61 -0.153219 -0.153219 -9.42295 0.101695 0.148355 10.002 0.0736092 -0.162643 -0.0795652
2235.62 -0.0766094 -0.229828 -9.38465 0.0837488 0.136391 9.99482 0.0733038 -0.163254 -0.079107
2235.64 0.191523 -0.306437 -9.49956 0.09332 0.137587 10.0152 0.071624 -0.164934 -0.0807869
2235.66 0.0 -0.153219 -9.38465 0.0849452 0.149551 10.0032 0.0743728 -0.164475 -0.0800233
2235.67 0.0383047 -0.306437 -9.30804 0.0969093 0.137587 10.0056 0.071624 -0.162796 -0.0801761
2235.69 -0.0383047 -0.191523 -9.49956 0.117248 0.148355 9.99003 0.0731511 -0.165086 -0.0807869
2235.71 -0.191523 -0.306437 -9.57617 0.129212 0.163908 9.9996 0.0736092 -0.163712 -0.0803288
2235.72 -0.114914 -0.229828 -9.34634 0.131605 0.171087 9.99841 0.0745255 -0.167682 -0.083994
2235.74 -0.0766094 -0.191523 -9.42295 0.150748 0.160319 10.0128 0.0711658 -0.164781 -0.0803288
2235.76 -0.0766094 -0.229828 -9.34634 0.137587 0.145962 10.0032 0.0699441 -0.161574 -0.0792598
2235.77 -0.0766094 -0.229828 -9.38465 0.138784 0.135194 10.0092 0.0740674 -0.162948 -0.0778853
2235.79 -0.114914 -0.306437 -9.30804 0.13998 0.129212 9.99841 0.0736092 -0.16417 -0.0786489
2235.8 0.0766094 -0.344742 -9.26973 0.130409 0.12323 10.002 0.0733038 -0.166003 -0.0795652
2235.82 0.0 -0.229828 -9.30804 0.107677 0.104088 10.002 0.0722348 -0.164628 -0.0804815
2235.84 -0.114914 -0.268133 -9.34634 0.117248 0.09332 9.99362 0.0717766 -0.163559 -0.0792598
2235.85 -0.0383047 -0.191523 -9.46126 0.101695 0.100499 10.0104 0.071624 -0.163559 -0.0803288
2235.87 -0.0383047 -0.229828 -9.42295 0.102891 0.114855 9.99482 0.0740674 -0.163254 -0.0817032
2235.89 0.0 -0.229828 -9.38465 0.106481 0.114855 10.0032 0.0725402 -0.16417 -0.0818559
2235.9 -0.191523 -0.268133 -9.49956 0.105284 0.116052 9.99721 0.0745255 -0.163712 -0.0838412
2235.92 0.0 -0.229828 -9.30804 0.128016 0.135194 10.0068 0.073762 -0.164781 -0.0838412
2235.94 0.0383047 -0.268133 -9.46126 0.117248 0.137587 10.0032 0.0742201 -0.163101 -0.0809396
2235.95 0.191523 -0.268133 -9.42295 0.12682 0.135194 9.98405 0.0760527 -0.16417 -0.0821613
2235.97 0.114914 -0.114914 -9.65278 0.111266 0.155533 10.0175 0.073762 -0.16417 -0.0820086
2235.98 -0.0766094 -0.191523 -9.42295 0.102891 0.148355 10.0044 0.071624 -0.162185 -0.0798706
2236.0 0.0 -0.114914 -9.46126 0.087338 0.13998 10.0056 0.0722348 -0.162796 -0.0803288
2236.02 -0.0766094 -0.153219 -9.34634 0.0849452 0.142373 9.99841 0.0759 -0.163865 -0.0827722
2236.03 0.0383047 -0.229828 -9.69109 0.0693918 0.136391 10.008 0.073762 -0.165086 -0.0804815
2236.05 -0.0383047 -0.268133 -9.49956 0.0765703 0.141176 10.0223 0.0745255 -0.164934 -0.0807869
2236.07 -0.0383047 -0.306437 -9.42295 0.061017 0.131605 10.0068 0.0759 -0.166155 -0.0821613
2236.08 -0.0766094 -0.114914 -9.23143 0.0861416 0.148355 9.98764 0.0736092 -0.165086 -0.0830777
2236.1 -0.0766094 -0.229828 -9.38465 0.104088 0.15673 10.0104 0.0723875 -0.164323 -0.0835358
2236.12 0.0 -0.191523 -9.38465 0.114855 0.166301 9.9996 0.0734565 -0.163559 -0.0830777
2236.13 0.0383047 -0.114914 -9.07821 0.114855 0.180658 9.99841 0.0736092 -0.164628 -0.0806342
2236.15 0.0 -0.153219 -9.42295 0.142373 0.187837 10.008 0.0742201 -0.165239 -0.0810924
2236.17 -0.0766094 -0.191523 -9.07821 0.119641 0.196211 10.0008 0.0704022 -0.161879 -0.0795652
2236.18 -0.153219 -0.191523 -9.30804 0.132802 0.189033 10.0032 0.0734565 -0.16585 -0.0810924
2236.2 0.0766094 -0.229828 -9.34634 0.135194 0.177069 10.0092 0.0723875 -0.164781 -0.0797179
2236.21 0.306437 -0.153219 -9.65278 0.111266 0.172283 10.0116 0.0714712 -0.161421 -0.0766636
2236.23 -0.0766094 -0.268133 -9.42295 0.108873 0.157926 10.0128 0.0723875 -0.164475 -0.0763581
2236.25 0.0383047 -0.153219 -9.03991 0.104088 0.13998 10.0092 0.0733038 -0.165544 -0.0778853
2236.26 0.0383047 -0.191523 -9.53786 0.120837 0.145962 10.0068 0.0728457 -0.16585 -0.0801761
2236.28 -0.0766094 -0.306437 -9.30804 0.130409 0.135194 10.0032 0.0722348 -0.164628 -0.0789543
2236.29 -0.153219 -0.191523 -9.07821 0.12682 0.136391 9.99721 0.0726929 -0.164628 -0.0797179
2236.31 0.0 -0.153219 -9.53786 0.150748 0.132802 9.99841 0.0720821 -0.163254 -0.0797179
2236.33 0.0766094 -0.191523 -9.30804 0.159123 0.138784 9.99721 0.0723875 -0.163865 -0.0818559
2236.34 0.0766094 -0.268133 -9.72939 0.15673 0.150748 10.0032 0.0733038 -0.164017 -0.0818559
2236.36 -0.0383047 -0.268133 -9.42295 0.145962 0.142373 10.0068 0.073762 -0.164934 -0.081245
2236.38 -0.306437 -0.0766094 -9.19312 0.133998 0.131605 10.0068 0.0719294 -0.163254 -0.0798706
2236.39 0.0 -0.268133 -9.34634 0.11007 0.135194 10.0008 0.0717766 -0.162948 -0.0803288
2236.41 0.114914 -0.306437 -9.57617 0.0993021 0.129212 10.0128 0.0720821 -0.161421 -0.0800233
2236.43 0.191523 -0.268133 -9.61448 0.0813559 0.114855 10.002 0.0708604 -0.163865 -0.0798706
2236.44 0.0383047 -0.229828 -9.38465 0.0741775 0.102891 10.0044 0.0743728 -0.164934 -0.0807869
2236.46 -0.114914 -0.229828 -9.23143 0.0885344 0.0957129 9.99362 0.0745255 -0.166003 -0.0815505
2236.48 0.0383047 -0.229828 -9.38465 0.0885344 0.0993021 10.0104 0.0720821 -0.163559 -0.0800233
2236.49 0.0 -0.306437 -9.42295 0.09332 0.101695 10.0116 0.0745255 -0.164475 -0.0826195
2236.51 0.0 -0.268133 -9.49956 0.111266 0.116052 10.0128 0.0734565 -0.166308 -0.0835358
2236.53 -0.0383047 -0.229828 -9.57617 0.120837 0.122034 10.0092 0.0739146 -0.16417 -0.0832304
2236.54 -0.0383047 -0.229828 -9.42295 0.122034 0.132802 9.99362 0.0742201 -0.165239 -0.0833831
2236.56 0.0 -0.306437 -9.19312 0.112463 0.136391 10.0008 0.0729984 -0.161879 -0.0823141
2236.58 0.0383047 -0.306437 -9.30804 0.107677 0.151944 10.008 0.0733038 -0.162185 -0.0817032
2236.59 0.0766094 -0.229828 -9.26973 0.09332 0.159123 9.99482 0.0745255 -0.166155 -0.0820086
2236.61 0.0383047 -0.268133 -9.38465 0.100499 0.15673 10.0068 0.0734565 -0.161726 -0.0810924
2236.62 -0.191523 -0.191523 -9.07821 0.0825523 0.154337 10.002 0.0749837 -0.16417 -0.0832304
2236.64 0.0766094 -0.229828 -9.61448 0.0921237 0.147159 10.0128 0.0734565 -0.164934 -0.0797179
2236.66 0.0766094 -0.191523 -9.49956 0.0741775 0.162712 10.008 0.0749837 -0.167835 -0.0804815
2236.67 0.0766094 -0.306437 -8.96329 0.0969093 0.163908 9.9996 0.0766636 -0.168141 -0.0810924
2236.69 -0.0766094 -0.229828 -9.30804 0.120837 0.157926 10.0152 0.0740674 -0.164934 -0.0797179
2236.71 -0.0383047 -0.268133 -9.72939 0.145962 0.159123 10.002 0.0733038 -0.16417 -0.0803288
2236.72 -0.0766094 -0.191523 -9.42295 0.142373 0.151944 9.99601 0.0714712 -0.164475 -0.0803288
2236.74 -0.0383047 -0.229828 -9.38465 0.159123 0.16989 9.9996 0.0729984 -0.163406 -0.081245
2236.76 -0.114914 -0.306437 -9.65278 0.13998 0.17348 10.0056 0.0740674 -0.166308 -0.0821613
2236.77 0.0 -0.268133 -9.38465 0.154337 0.175872 9.99721 0.071624 -0.16417 -0.0817032
2236.79 0.0383047 -0.191523 -9.30804 0.125623 0.179462 10.0068 0.0714712 -0.163101 -0.0804815
2236.81 -0.0383047 -0.153219 -9.46126 0.105284 0.178265 9.99841 0.0733038 -0.163101 -0.0820086
2236.82 0.0 -0.114914 -9.15482 0.100499 0.191426 9.99482 0.0717766 -0.162948 -0.0789543
2236.84 -0.0383047 -0.191523 -9.42295 0.0957129 0.168694 10.014 0.0722348 -0.163406 -0.0795652
2236.86 0.0 -0.229828 -9.07821 0.0993021 0.162712 10.0044 0.0713185 -0.16249 -0.0784962
2236.87 -0.0766094 -0.191523 -9.34634 0.0993021 0.15673 10.0092 0.0729984 -0.164781 -0.0797179
2236.89 -0.0766094 -0.268133 -9.38465 0.0969093 0.147159 9.99242 0.0743728 -0.165086 -0.0804815
2236.91 0.191523 -0.229828 -9.61448 0.124427 0.135194 10.002 0.0719294 -0.165086 -0.0788016
2236.92 0.0 -0.153219 -9.30804 0.129212 0.133998 10.0092 0.0726929 -0.164017 -0.0797179
2236.94 0.0383047 -0.306437 -9.38465 0.117248 0.128016 10.0008 0.0700968 -0.161268 -0.0788016
2236.96 0.0383047 -0.268133 -9.46126 0.125623 0.135194 9.99841 0.071624 -0.162796 -0.0807869
2236.97 -0.191523 -0.229828 -9.07821 0.113659 0.131605 10.0056 0.0728457 -0.165086 -0.0810924
2236.99 0.114914 -0.383047 -9.34634 0.101695 0.12323 10.0104 0.0717766 -0.163406 -0.0795652
2237.0 -0.0383047 -0.229828 -9.38465 0.0957129 0.124427 10.0032 0.0739146 -0.165544 -0.0824668
2237.02 -0.191523 -0.268133 -9.49956 0.0765703 0.137587 10.002 0.0725402 -0.163254 -0.0798706
2237.04 0.0383047 -0.268133 -9.46126 0.087338 0.128016 10.0295 0.073762 -0.163865 -0.0800233
2237.05 0.0383047 -0.306437 -9.806 0.0753739 0.129212 10.0068 0.0734565 -0.166003 -0.0804815
2237.07 0.0383047 -0.191523 -9.49956 0.0921237 0.113659 10.0008 0.0733038 -0.166308 -0.0826195
2237.09 0.0766094 -0.306437 -9.57617 0.114855 0.124427 10.0116 0.0729984 -0.163865 -0.0778853
2237.11 -0.0383047 -0.191523 -9.38465 0.112463 0.119641 10.002 0.0714712 -0.161726 -0.0778853
2237.12 0.0 -0.229828 -9.49956 0.129212 0.114855 10.002 0.0751364 -0.165544 -0.0804815
2237.14 0.153219 -0.191523 -9.19312 0.145962 0.119641 10.0056 0.0736092 -0.16417 -0.0815505
2237.15 0.0 -0.268133 -9.49956 0.142373 0.114855 9.99721 0.0723875 -0.163254 -0.0800233
2237.17 -0.0383047 -0.153219 -9.19312 0.148355 0.131605 10.0068 0.076969 -0.165239 -0.0838412
2237.19 -0.0383047 -0.114914 -9.30804 0.124427 0.136391 9.99482 0.0749837 -0.163101 -0.0821613
2237.2 0.0 -0.191523 -8.92499 0.128016 0.144766 10.0175 0.0749837 -0.165086 -0.0833831
2237.22 0.0 -0.268133 -9.34634 0.12323 0.155533 10.008 0.0717766 -0.162185 -0.0815505
2237.24 0.0383047 -0.191523 -8.84838 0.112463 0.159123 9.98764 0.0743728 -0.165239 -0.0835358
2237.25 -0.114914 -0.153219 -9.38465 0.0909272 0.172283 10.0056 0.0736092 -0.165392 -0.0809396
2237.27 0.0 -0.191523 -9.42295 0.108873 0.168694 9.99721 0.0719294 -0.163406 -0.0797179
2237.29 -0.153219 -0.114914 -9.11651 0.11007 0.171087 9.99601 0.073762 -0.163865 -0.0809396
2237.3 -0.0766094 -0.191523 -9.38465 0.129212 0.165105 9.99601 0.0711658 -0.162796 -0.0781907
2237.32 -0.153219 -0.229828 -9.26973 0.143569 0.172283 9.99242 0.0763581 -0.168599 -0.0803288
2237.34 -0.0766094 -0.229828 -9.38465 0.148355 0.161515 9.99601 0.0752891 -0.16585 -0.0813978
2237.35 -0.114914 -0.229828 -9.26973 0.142373 0.150748 10.0008 0.0731511 -0.162948 -0.0792598
2237.37 -0.153219 -0.191523 -9.57617 0.130409 0.15673 10.002 0.0720821 -0.162337 -0.0801761
2237.39 0.0383047 -0.191523 -9.34634 0.137587 0.147159 10.0187 0.0725402 -0.163101 -0.0803288
2237.4 -0.0383047 -0.268133 -9.38465 0.113659 0.155533 10.0175 0.0726929 -0.164628 -0.081245
2237.42 -0.0383047 -0.229828 -9.42295 0.0849452 0.141176 9.99123 0.0708604 -0.163406 -0.081245
2237.44 0.114914 -0.268133 -9.57617 0.0837488 0.155533 10.0044 0.0708604 -0.161879 -0.0795652
2237.45 0.0 -0.114914 -9.42295 0.0765703 0.161515 10.0032 0.0723875 -0.161726 -0.0786489
2237.47 0.421352 -0.153219 -9.49956 0.0717846 0.138784 9.99841 0.0719294 -0.164017 -0.078038
2237.49 0.0766094 -0.191523 -9.30804 0.087338 0.159123 10.0092 0.0729984 -0.165392 -0.0813978
2237.5 -0.0383047 -0.191523 -9.42295 0.112463 0.154337 10.0152 0.071013 -0.162032 -0.0801761
2237.52 -0.0383047 -0.191523 -9.65278 0.113659 0.147159 10.008 0.0731511 -0.165086 -0.0806342
2237.54 -0.0383047 -0.229828 -9.34634 0.131605 0.132802 10.0175 0.0729984 -0.164475 -0.079107
2237.55 0.0 -0.268133 -9.46126 0.131605 0.120837 10.0032 0.0729984 -0.163559 -0.0784962
2237.57 -0.153219 -0.153219 -9.53786 0.124427 0.11007 9.99242 0.0720821 -0.165086 -0.0794125
2237.58 -0.114914 -0.229828 -9.42295 0.124427 0.117248 10.0044 0.0726929 -0.164934 -0.0807869
2237.6 0.0766094 -0.0766094 -9.03991 0.104088 0.0957129 9.99841 0.0729984 -0.166919 -0.0813978
2237.62 0.114914 -0.191523 -9.46126 0.0993021 0.108873 10.0104 0.0714712 -0.163865 -0.0809396
2237.63 -0.0383047 -0.229828 -9.42295 0.0813559 0.119641 10.0068 0.0739146 -0.165544 -0.0820086
2237.65 0.0383047 -0.229828 -9.23143 0.0801595 0.132802 10.0128 0.074831 -0.163101 -0.0815505
2237.67 0.0383047 -0.191523 -9.34634 0.102891 0.131605 10.0104 0.0725402 -0.163559 -0.0806342
2237.68 0.0 -0.114914 -9.30804 0.101695 0.135194 10.0056 0.073762 -0.165392 -0.081245
2237.7 -0.153219 -0.153219 -9.26973 0.113659 0.141176 10.002 0.0728457 -0.163865 -0.0798706
2237.72 0.0383047 -0.153219 -9.30804 0.131605 0.153141 9.9996 0.0726929 -0.166155 -0.0784962
2237.73 -0.0766094 -0.229828 -9.49956 0.133998 0.151944 9.99482 0.0733038 -0.164781 -0.0797179
2237.75 -0.114914 -0.268133 -9.30804 0.143569 0.133998 9.99841 0.0733038 -0.164934 -0.0804815
2237.77 -0.0383047 -0.229828 -9.53786 0.145962 0.117248 10.0056 0.0754418 -0.165544 -0.0821613
2237.78 0.0 -0.229828 -9.69109 0.13998 0.129212 9.99841 0.0714712 -0.163865 -0.0801761
2237.8 -0.0383047 -0.268133 -9.30804 0.135194 0.12323 10.0044 0.0731511 -0.163254 -0.0810924
2237.82 -0.0766094 -0.268133 -9.53786 0.120837 0.129212 10.002 0.0719294 -0.161574 -0.0798706
2237.83 0.0 -0.153219 -9.46126 0.129212 0.147159 10.0056 0.0754418 -0.16249 -0.0823141
2237.85 0.0383047 -0.191523 -9.69109 0.12682 0.155533 10.0092 0.074831 -0.164323 -0.0829249
2237.87 0.0766094 -0.229828 -9.42295 0.111266 0.16989 10.002 0.0711658 -0.161268 -0.0817032
2237.88 -0.0383047 -0.114914 -9.03991 0.108873 0.174676 9.99242 0.0743728 -0.163406 -0.0835358
2237.9 -0.153219 -0.229828 -9.57617 0.119641 0.172283 10.0008 0.0728457 -0.162032 -0.0809396
2237.92 -0.0766094 -0.153219 -9.42295 0.116052 0.172283 9.99601 0.0766636 -0.16585 -0.0844521
2237.93 0.0 -0.268133 -9.34634 0.118445 0.166301 10.002 0.0751364 -0.163712 -0.0824668
2237.95 -0.0383047 -0.191523 -9.38465 0.108873 0.159123 9.99721 0.0749837 -0.16585 -0.0817032
2237.96 -0.114914 -0.191523 -9.38465 0.124427 0.15673 9.99841 0.0728457 -0.16585 -0.0804815
2237.98 0.0 -0.229828 -9.38465 0.105284 0.138784 9.9996 0.0722348 -0.16417 -0.0797179
2238.0 0.0 -0.191523 -9.34634 0.101695 0.148355 10.0056 0.0726929 -0.164323 -0.0794125
2238.01 -0.0383047 -0.191523 -9.806 0.0993021 0.142373 10.0116 0.0717766 -0.163101 -0.0813978
2238.03 0.0 -0.191523 -9.38465 0.0849452 0.148355 10.002 0.0728457 -0.164934 -0.081245
2238.05 0.0383047 -0.229828 -9.03991 0.0825523 0.145962 10.0056 0.0733038 -0.164781 -0.0798706
2238.06 -0.114914 -0.268133 -9.42295 0.0861416 0.151944 10.0008 0.0736092 -0.164628 -0.0801761
2238.08 0.114914 -0.191523 -9.61448 0.087338 0.141176 9.99482 0.0731511 -0.164017 -0.0783434
2238.1 0.153219 -0.229828 -9.38465 0.0837488 0.15673 9.9996 0.0722348 -0.162948 -0.0797179
2238.11 -0.0766094 -0.153219 -9.49956 0.101695 0.147159 10.0116 0.0729984 -0.164017 -0.0804815
2238.13 -0.114914 -0.191523 -9.65278 0.111266 0.15673 10.008 0.0734565 -0.165697 -0.0789543
2238.15 0.0383047 -0.191523 -9.34634 0.116052 0.135194 9.99362 0.0731511 -0.164323 -0.0795652
2238.16 -0.0766094 -0.0383047 -9.15482 0.120837 0.12682 10.0056 0.073762 -0.166461 -0.0795652
2238.18 0.0 -0.191523 -9.38465 0.125623 0.12323 10.0032 0.071013 -0.16249 -0.0777326
2238.2 0.0766094 -0.229828 -9.53786 0.124427 0.12682 10.0008 0.0711658 -0.162185 -0.0792598
2238.21 0.153219 -0.191523 -9.19312 0.116052 0.107677 10.0008 0.071624 -0.164475 -0.0788016
2238.23 -0.0383047 -0.229828 -9.46126 0.122034 0.108873 9.99482 0.0704022 -0.162337 -0.0777326
2238.24 -0.191523 -0.229828 -9.42295 0.119641 0.11007 10.008 0.0711658 -0.162643 -0.0797179
2238.26 -0.0383047 -0.153219 -9.38465 0.102891 0.113659 9.98764 0.0743728 -0.163559 -0.0788016
2238.27 0.0 -0.344742 -9.46126 0.117248 0.12682 10.0164 0.0731511 -0.163406 -0.0789543
2238.29 -0.0383047 -0.229828 -9.34634 0.128016 0.12682 10.0068 0.0723875 -0.164934 -0.0826195
2238.31 -0.0383047 -0.229828 -9.30804 0.105284 0.133998 10.0044 0.0736092 -0.163865 -0.0820086
2238.32 -0.0766094 -0.153219 -9.42295 0.136391 0.141176 9.99362 0.0726929 -0.163712 -0.0810924
2238.34 0.0 -0.229828 -9.34634 0.155533 0.153141 10.0128 0.0734565 -0.163406 -0.0809396
2238.35 -0.0766094 -0.191523 -9.42295 0.166301 0.150748 9.99482 0.0711658 -0.162032 -0.0794125
2238.37 -0.153219 -0.306437 -9.42295 0.165105 0.159123 9.99841 0.0723875 -0.163101 -0.0795652
2238.96 0.0 -0.229828 -9.38465 0.137587 0.128016 10.0044 0.0734565 -0.161726 -0.0804815
2238.98 0.191523 -0.191523 -9.30804 0.137587 0.129212 10.0128 0.0725402 -0.162337 -0.081245
2239.0 0.0766094 -0.153219 -9.38465 0.131605 0.143569 10.0044 0.0722348 -0.161726 -0.0813978
2239.01 -0.153219 -0.268133 -9.23143 0.11007 0.136391 9.98764 0.0739146 -0.163406 -0.0827722
2239.03 0.0766094 -0.268133 -9.46126 0.100499 0.12682 10.0068 0.0743728 -0.162337 -0.0821613
2239.05 -0.0383047 -0.229828 -9.49956 0.0801595 0.132802 10.0032 0.0722348 -0.162185 -0.0798706
2239.06 0.0 -0.153219 -9.38465 0.0717846 0.138784 10.002 0.073762 -0.164475 -0.0810924
2239.08 0.0 -0.153219 -9.19312 0.0753739 0.144766 10.0032 0.0734565 -0.164475 -0.0830777
2239.1 -0.0766094 -0.268133 -9.49956 0.0813559 0.145962 10.0104 0.0762054 -0.166308 -0.0833831
2239.11 -0.0383047 -0.306437 -9.34634 0.0765703 0.149551 9.9996 0.0740674 -0.163101 -0.0815505
2239.13 0.268133 -0.344742 -9.61448 0.0957129 0.15673 10.0068 0.074831 -0.163712 -0.0809396
2239.15 0.0383047 -0.268133 -9.42295 0.102891 0.163908 10.0008 0.073762 -0.163865 -0.0824668
2239.16 0.0 -0.191523 -9.49956 0.101695 0.17348 10.0068 0.0752891 -0.166919 -0.0829249
2239.18 0.0383047 -0.268133 -9.49956 0.0945165 0.179462 10.0044 0.0739146 -0.165544 -0.0827722
2239.2 0.0383047 -0.229828 -9.42295 0.111266 0.175872 10.0032 0.0728457 -0.16249 -0.0801761
2239.21 -0.0383047 -0.229828 -9.34634 0.0921237 0.180658 10.002 0.0742201 -0.167682 -0.0798706
2239.23 0.0 -0.114914 -9.30804 0.0981057 0.163908 9.99721 0.0711658 -0.163865 -0.076969
2239.25 0.0383047 -0.191523 -9.0016 0.113659 0.149551 9.98285 0.071624 -0.164628 -0.0789543
2239.26 -0.0383047 -0.191523 -9.34634 0.107677 0.13998 9.99601 0.0717766 -0.166003 -0.0786489
2239.28 0.0766094 -0.191523 -9.57617 0.118445 0.144766 10.0056 0.0708604 -0.163406 -0.0795652
2239.29 -0.0383047 -0.191523 -9.46126 0.147159 0.122034 9.99841 0.0742201 -0.165697 -0.0797179
2239.31 -0.114914 -0.229828 -9.23143 0.144766 0.124427 10.008 0.0762054 -0.167988 -0.0818559
2239.33 -0.191523 -0.229828 -9.26973 0.155533 0.132802 10.0044 0.0755945 -0.167224 -0.0820086
2239.34 -0.114914 -0.114914 -9.46126 0.159123 0.138784 9.99841 0.0714712 -0.163101 -0.0797179
2239.36 -0.268133 -0.306437 -9.806 0.154337 0.131605 9.99721 0.0743728 -0.165392 -0.0810924
2239.38 -0.0383047 -0.229828 -9.38465 0.161515 0.145962 9.99841 0.074831 -0.166003 -0.0824668
2239.39 0.0 -0.344742 -9.42295 0.145962 0.148355 9.99601 0.0742201 -0.165392 -0.0806342
2239.41 0.0 -0.191523 -9.07821 0.144766 0.148355 9.99003 0.0720821 -0.162948 -0.0797179
2239.43 0.0766094 -0.229828 -9.42295 0.117248 0.143569 10.0068 0.0722348 -0.162032 -0.0798706
2239.44 0.0 -0.191523 -9.46126 0.0909272 0.13998 9.99721 0.0733038 -0.162948 -0.0817032
2239.46 -0.0383047 -0.268133 -9.0016 0.0825523 0.145962 10.008 0.0729984 -0.163559 -0.0807869
2239.48 -0.0766094 -0.191523 -9.42295 0.0729811 0.124427 9.99601 0.0771217 -0.166919 -0.0830777
2239.49 0.0 -0.344742 -9.46126 0.087338 0.125623 10.0056 0.0731511 -0.16249 -0.0794125
2239.51 0.0 -0.153219 -9.30804 0.0777667 0.12323 10.0068 0.0740674 -0.162643 -0.0820086
2239.53 -0.114914 -0.306437 -9.72939 0.0981057 0.130409 10.0068 0.0734565 -0.163406 -0.0807869
2239.54 0.0 -0.229828 -9.42295 0.118445 0.128016 10.0056 0.0729984 -0.163254 -0.0807869
2239.56 -0.153219 -0.153219 -9.34634 0.122034 0.130409 9.99841 0.0746782 -0.165544 -0.0817032
2239.58 0.0 -0.268133 -9.34634 0.116052 0.137587 9.99482 0.0745255 -0.165239 -0.0813978
2239.59 0.114914 -0.191523 -9.30804 0.114855 0.130409 10.0068 0.0742201 -0.164934 -0.0838412
2239.61 0.0766094 -0.229828 -9.34634 0.09332 0.150748 10.0032 0.0728457 -0.164323 -0.0832304
2239.63 -0.0383047 -0.306437 -9.34634 0.0969093 0.136391 10.0187 0.0739146 -0.164934 -0.081245
2239.64 -0.0766094 -0.229828 -9.49956 0.0945165 0.128016 10.0044 0.0722348 -0.163406 -0.0792598
2239.66 0.0 -0.306437 -9.46126 0.0861416 0.133998 10.002 0.0734565 -0.163101 -0.0807869
2239.68 0.114914 -0.191523 -9.23143 0.0957129 0.148355 10.0128 0.0740674 -0.164475 -0.0820086
2239.69 0.0 -0.229828 -9.38465 0.100499 0.135194 10.0152 0.0752891 -0.166155 -0.0836885
2239.71 0.114914 -0.268133 -9.38465 0.12682 0.147159 10.0008 0.0734565 -0.164475 -0.0827722
2239.73 -0.0766094 -0.191523 -9.34634 0.125623 0.151944 10.0116 0.0754418 -0.16585 -0.081245
2239.74 0.0766094 -0.191523 -9.0016 0.112463 0.149551 10.0092 0.0740674 -0.162948 -0.0803288
2239.76 0.0 -0.114914 -9.34634 0.114855 0.163908 9.99242 0.0742201 -0.163712 -0.0815505
2239.78 -0.0383047 -0.153219 -9.99752 0.130409 0.163908 10.0056 0.0726929 -0.163101 -0.0803288
2239.79 0.0383047 -0.191523 -9.42295 0.113659 0.183051 10.0056 0.073762 -0.165544 -0.0815505
2239.81 0.0383047 -0.268133 -9.19312 0.104088 0.179462 10.0104 0.0719294 -0.162185 -0.0801761
2239.83 0.114914 -0.191523 -9.42295 0.101695 0.202193 10.0008 0.0705549 -0.162185 -0.0784962
2239.84 -0.0766094 -0.229828 -9.61448 0.100499 0.187837 10.014 0.0755945 -0.164628 -0.0821613
2239.86 -0.0766094 -0.229828 -9.19312 0.106481 0.192622 10.0056 0.0742201 -0.165086 -0.0810924
2239.88 0.0 -0.229828 -9.42295 0.111266 0.181854 10.0044 0.0733038 -0.165544 -0.0803288
2239.89 -0.153219 -0.229828 -9.38465 0.124427 0.16989 10.0068 0.0708604 -0.164628 -0.0746782
2239.91 -0.0383047 -0.306437 -9.38465 0.135194 0.154337 10.0032 0.0729984 -0.165544 -0.0786489
2239.92 0.0 -0.153219 -9.15482 0.132802 0.148355 9.99841 0.0726929 -0.165697 -0.0789543
2239.94 -0.0766094 -0.229828 -9.46126 0.155533 0.135194 9.99242 0.0707076 -0.161116 -0.078038
2239.96 -0.114914 -0.229828 -9.46126 0.149551 0.101695 9.99841 0.0714712 -0.163406 -0.0771217
2239.97 -0.0383047 -0.191523 -9.49956 0.161515 0.100499 9.98883 0.0722348 -0.165239 -0.0798706
2239.99 -0.0383047 -0.229828 -9.42295 0.15673 0.0909272 9.99721 0.0733038 -0.164934 -0.0797179
2240.01 -0.114914 -0.344742 -9.19312 0.12323 0.118445 10.0044 0.071013 -0.162948 -0.0797179
2240.02 0.0 -0.229828 -9.49956 0.122034 0.105284 9.99601 0.0743728 -0.164017 -0.0821613
2240.04 0.0 -0.344742 -9.53786 0.101695 0.0897308 10.0056 0.0749837 -0.167072 -0.0829249
2240.06 -0.0383047 -0.153219 -9.38465 0.0837488 0.12682 10.0068 0.0726929 -0.163254 -0.0817032
2240.07 0.0383047 -0.383047 -9.61448 0.0693918 0.116052 10.002 0.0752891 -0.165239 -0.0833831
2240.09 -0.0383047 -0.191523 -9.46126 0.0777667 0.129212 10.0056 0.074831 -0.16417 -0.0797179
2240.11 -0.0383047 -0.383047 -9.65278 0.0705882 0.125623 9.9996 0.0740674 -0.163865 -0.0813978
2240.12 0.0 -0.191523 -9.49956 0.0837488 0.122034 10.0092 0.0749837 -0.164934 -0.0807869
2240.14 0.0383047 -0.191523 -9.42295 0.105284 0.120837 10.0032 0.0722348 -0.163406 -0.0781907
2240.16 -0.0766094 -0.229828 -9.26973 0.105284 0.138784 10.0044 0.0726929 -0.163101 -0.0783434
2240.17 0.0383047 -0.153219 -9.42295 0.117248 0.13998 10.0068 0.0742201 -0.165697 -0.0820086
2240.19 0.0383047 -0.229828 -9.15482 0.105284 0.137587 9.99362 0.0743728 -0.16417 -0.0803288
2240.21 -0.0766094 -0.191523 -9.42295 0.119641 0.137587 10.0056 0.0759 -0.16585 -0.0841467
2240.22 0.0383047 -0.229828 -9.30804 0.102891 0.13998 9.99242 0.073762 -0.164781 -0.0820086
2240.24 0.0383047 -0.306437 -9.46126 0.0993021 0.138784 9.99362 0.0729984 -0.163712 -0.0827722
2240.26 0.191523 -0.268133 -8.92499 0.107677 0.137587 10.0092 0.0768163 -0.16753 -0.0853684
2240.27 0.0766094 -0.191523 -9.38465 0.0993021 0.137587 10.002 0.0742201 -0.166766 -0.0833831
2240.29 0.0766094 -0.229828 -9.19312 0.0945165 0.154337 9.99601 0.074831 -0.166766 -0.0833831
2240.31 -0.0383047 -0.153219 -9.42295 0.129212 0.148355 10.0068 0.0702495 -0.160963 -0.079107
2240.32 -0.114914 -0.229828 -9.53786 0.141176 0.161515 9.99721 0.0736092 -0.163712 -0.0801761
2240.34 -0.191523 -0.114914 -9.42295 0.149551 0.167498 10.0044 0.0745255 -0.166003 -0.0827722
2240.36 -0.0383047 -0.153219 -9.49956 0.163908 0.162712 9.98764 0.0743728 -0.166613 -0.0826195
2240.37 -0.0766094 -0.229828 -9.26973 0.159123 0.157926 9.99003 0.0763581 -0.167224 -0.0832304
2240.39 -0.0383047 -0.114914 -9.42295 0.151944 0.162712 9.99362 0.0736092 -0.163712 -0.0798706
2240.41 -0.0766094 -0.191523 -9.19312 0.143569 0.163908 10.0008 0.0704022 -0.163254 -0.0777326
2240.42 0.0 -0.229828 -9.42295 0.122034 0.16989 10.008 0.0762054 -0.167224 -0.0807869
2240.44 0.191523 -0.191523 -9.46126 0.0861416 0.16989 10.0056 0.0760527 -0.166003 -0.0821613
2240.46 0.0766094 -0.0766094 -9.38465 0.0813559 0.180658 10.008 0.0736092 -0.165544 -0.0820086
2240.47 -0.0766094 -0.191523 -9.38465 0.0717846 0.174676 10.0008 0.0719294 -0.164475 -0.0801761
2240.49 0.0383047 -0.191523 -9.49956 0.0813559 0.187837 10.0092 0.0717766 -0.164323 -0.0798706
2240.51 0.0 -0.153219 -9.19312 0.09332 0.184247 10.0008 0.0719294 -0.164323 -0.0783434
2240.52 0.153219 -0.229828 -9.53786 0.107677 0.172283 10.0044 0.0717766 -0.164475 -0.0797179
2240.54 0.0 -0.191523 -9.42295 0.113659 0.163908 10.008 0.0733038 -0.16417 -0.078038
2240.56 0.191523 -0.229828 -9.34634 0.116052 0.136391 10.0008 0.0704022 -0.16417 -0.0792598
2240.57 -0.0383047 -0.229828 -9.34634 0.120837 0.129212 10.0068 0.0708604 -0.163406 -0.078038
2240.59 0.0766094 -0.306437 -9.19312 0.122034 0.119641 10.0068 0.0707076 -0.161116 -0.076969
2240.61 -0.0383047 -0.153219 -9.46126 0.130409 0.0801595 10.0128 0.0740674 -0.165544 -0.0801761
2240.62 0.0383047 -0.229828 -9.23143 0.130409 0.0837488 10.0116 0.0734565 -0.165086 -0.081245
2240.65 -0.114914 -0.229828 -9.49956 0.111266 0.0681954 9.99721 0.0731511 -0.163559 -0.0803288
2240.66 0.0383047 -0.229828 -9.42295 0.124427 0.0729811 9.99601 0.0736092 -0.161879 -0.0813978
2240.68 -0.114914 -0.268133 -9.65278 0.118445 0.0765703 9.99721 0.0729984 -0.162337 -0.0801761
2240.7 0.0 -0.153219 -9.38465 0.120837 0.09332 9.98764 0.0778853 -0.166155 -0.0815505
2240.71 -0.0383047 -0.153219 -9.38465 0.118445 0.111266 9.9996 0.0755945 -0.165086 -0.0823141
2240.73 0.0 -0.153219 -9.23143 0.108873 0.117248 9.99482 0.0731511 -0.162643 -0.0803288
2240.75 0.0 -0.268133 -9.46126 0.100499 0.131605 9.99721 0.0755945 -0.163559 -0.081245
2240.76 0.0766094 -0.153219 -9.42295 0.0969093 0.12323 10.0008 0.0760527 -0.165392 -0.0823141
2240.78 0.0383047 -0.229828 -9.38465 0.104088 0.118445 10.0044 0.0752891 -0.164781 -0.0823141
2240.79 -0.0383047 -0.0766094 -9.23143 0.0921237 0.153141 9.99601 0.0740674 -0.16249 -0.0815505
2240.81 0.114914 -0.191523 -9.57617 0.0789631 0.154337 10.0008 0.0720821 -0.160352 -0.0809396
2240.83 -0.0766094 -0.191523 -9.30804 0.0885344 0.163908 10.008 0.0733038 -0.164323 -0.0821613
2240.84 0.0 -0.229828 -9.42295 0.0801595 0.168694 10.0092 0.0729984 -0.164781 -0.0830777
2240.86 0.0 -0.191523 -9.53786 0.0861416 0.175872 10.002 0.0736092 -0.164017 -0.0829249
2240.88 0.153219 -0.0766094 -9.42295 0.0813559 0.17348 9.99482 0.0755945 -0.166003 -0.0818559
2240.89 -0.0383047 -0.191523 -9.49956 0.0921237 0.180658 10.0104 0.0765108 -0.164323 -0.0821613
2240.91 -0.114914 -0.229828 -9.38465 0.105284 0.172283 9.9996 0.0757473 -0.165697 -0.0829249
2240.92 0.0383047 -0.229828 -9.26973 0.112463 0.178265 9.99601 0.0742201 -0.164628 -0.0807869
2240.94 -0.0766094 -0.191523 -9.46126 0.124427 0.184247 9.9996 0.0725402 -0.161421 -0.079107
2240.96 -0.114914 -0.268133 -9.11651 0.148355 0.178265 10.002 0.0746782 -0.165544 -0.079107
2240.97 -0.0383047 -0.114914 -9.806 0.149551 0.178265 10.0128 0.0729984 -0.164017 -0.079107
2240.99 -0.114914 -0.153219 -9.42295 0.15673 0.161515 10.0044 0.0733038 -0.164934 -0.0800233
2241.01 0.0 -0.229828 -9.72939 0.162712 0.159123 10.0152 0.0746782 -0.165239 -0.0815505
2241.02 0.0766094 -0.306437 -9.26973 0.160319 0.165105 10.0187 0.071624 -0.161268 -0.0786489
2241.04 -0.0766094 -0.191523 -9.38465 0.144766 0.148355 10.0056 0.0691805 -0.160199 -0.079107
2241.06 -0.0383047 -0.268133 -9.65278 0.143569 0.141176 10.0116 0.0733038 -0.163101 -0.0800233
2241.07 -0.0766094 -0.229828 -9.38465 0.100499 0.128016 10.008 0.0702495 -0.161726 -0.0788016
2241.09 0.114914 -0.191523 -9.38465 0.114855 0.137587 10.0128 0.0707076 -0.162948 -0.0795652
2241.11 0.0 -0.191523 -9.34634 0.09332 0.125623 10.0187 0.0720821 -0.163254 -0.0788016
2241.12 0.114914 -0.229828 -9.69109 0.0885344 0.132802 10.0128 0.073762 -0.164781 -0.0817032
2241.14 0.0 -0.229828 -9.30804 0.0813559 0.149551 10.008 0.0742201 -0.165086 -0.0800233
2241.16 0.0383047 -0.229828 -9.53786 0.0861416 0.159123 10.0104 0.0720821 -0.164475 -0.0795652
2241.17 -0.191523 -0.191523 -9.49956 0.09332 0.141176 9.99003 0.0728457 -0.165392 -0.0797179
2241.19 0.0 -0.229828 -9.38465 0.0957129 0.138784 10.0116 0.0733038 -0.164934 -0.0798706
2241.2 -0.153219 -0.229828 -9.19312 0.0861416 0.135194 10.002 0.071013 -0.162337 -0.0781907
2241.22 0.0766094 -0.191523 -9.46126 0.0993021 0.114855 9.99601 0.0723875 -0.164781 -0.0792598
2241.24 -0.0766094 -0.306437 -9.11651 0.100499 0.116052 9.99482 0.0729984 -0.163559 -0.079107
2241.25 0.0 -0.153219 -9.34634 0.102891 0.107677 10.0104 0.0707076 -0.162337 -0.0794125
2241.27 0.114914 -0.191523 -9.38465 0.104088 0.0909272 9.99721 0.0714712 -0.164781 -0.079107
2241.29 0.0766094 -0.268133 -9.46126 0.0981057 0.0825523 9.99362 0.0742201 -0.166919 -0.0820086
2241.3 -0.0766094 -0.229828 -9.34634 0.112463 0.0861416 9.99362 0.0733038 -0.166919 -0.0806342
2241.32 -0.114914 -0.229828 -9.49956 0.118445 0.0945165 9.99362 0.0766636 -0.165697 -0.0823141
2241.34 0.0383047 -0.229828 -9.38465 0.12323 0.118445 10.008 0.0733038 -0.162643 -0.081245
2241.36 -0.114914 -0.114914 -8.92499 0.122034 0.13998 9.98166 0.0751364 -0.16417 -0.0829249
2241.37 -0.0383047 -0.229828 -9.38465 0.143569 0.137587 10.0044 0.0749837 -0.16249 -0.0832304
2241.39 0.0383047 -0.191523 -9.11651 0.144766 0.155533 9.99841 0.0752891 -0.165697 -0.0827722
2241.4 0.0 -0.153219 -9.38465 0.154337 0.160319 10.0056 0.0746782 -0.164628 -0.0815505
2241.42 0.0383047 -0.191523 -9.65278 0.147159 0.155533 9.98524 0.0771217 -0.166613 -0.0829249
2241.44 -0.0766094 -0.191523 -9.38465 0.145962 0.150748 9.99841 0.0714712 -0.160963 -0.0788016
2241.45 -0.0383047 -0.153219 -9.38465 0.101695 0.136391 10.0068 0.0739146 -0.163101 -0.0818559
2241.47 0.114914 -0.229828 -9.11651 0.0957129 0.160319 9.9996 0.0731511 -0.163254 -0.081245
2241.49 0.114914 -0.229828 -9.38465 0.117248 0.157926 10.0128 0.0728457 -0.163254 -0.0821613
2241.5 -0.153219 -0.268133 -9.806 0.0897308 0.165105 10.0008 0.0729984 -0.162643 -0.0827722
2241.52 0.0 -0.153219 -9.49956 0.0969093 0.155533 10.0092 0.074831 -0.163254 -0.0829249
2241.54 0.0383047 -0.191523 -9.34634 0.0885344 0.18664 9.99362 0.0760527 -0.165544 -0.0842994
2241.55 0.0766094 -0.229828 -9.57617 0.0897308 0.206979 10.0092 0.074831 -0.166155 -0.0824668
2241.57 0.0383047 -0.191523 -9.38465 0.0957129 0.193819 10.0092 0.0746782 -0.165544 -0.0827722
2241.59 0.0383047 -0.153219 -9.57617 0.0849452 0.187837 9.99362 0.0743728 -0.164934 -0.0813978
2241.6 -0.0766094 -0.153219 -9.42295 0.111266 0.187837 10.0032 0.0700968 -0.162948 -0.0775799
2241.62 0.0766094 -0.229828 -9.76769 0.107677 0.161515 9.98883 0.0733038 -0.165392 -0.0784962
2241.64 -0.0383047 -0.191523 -9.30804 0.0993021 0.154337 9.99482 0.0711658 -0.165392 -0.078038
2241.65 0.0383047 -0.229828 -9.46126 0.113659 0.135194 9.99362 0.0736092 -0.167835 -0.0801761
2241.67 0.114914 -0.268133 -9.57617 0.0969093 0.120837 10.002 0.0713185 -0.163865 -0.0798706
2241.69 -0.0766094 -0.344742 -9.46126 0.112463 0.117248 10.008 0.071013 -0.162643 -0.0781907
2241.7 0.0383047 -0.268133 -9.46126 0.11007 0.108873 10.008 0.0717766 -0.163865 -0.0788016
2241.72 -0.0383047 -0.191523 -9.38465 0.0981057 0.108873 9.99841 0.0725402 -0.165544 -0.0784962
2241.74 0.0766094 -0.306437 -9.34634 0.12323 0.117248 10.002 0.0726929 -0.164934 -0.0813978
2241.75 -0.0383047 -0.229828 -9.49956 0.133998 0.116052 10.0068 0.0719294 -0.16417 -0.0794125
2241.77 0.0 -0.268133 -9.42295 0.128016 0.117248 10.0008 0.0731511 -0.16417 -0.0809396
2241.79 0.0 -0.191523 -9.42295 0.108873 0.124427 10.0044 0.0742201 -0.166461 -0.0818559
2241.8 0.114914 -0.153219 -9.49956 0.119641 0.138784 9.99841 0.0723875 -0.16417 -0.0795652
2241.82 -0.114914 -0.153219 -9.23143 0.117248 0.130409 10.0008 0.0723875 -0.163406 -0.0792598
2241.83 0.0 -0.191523 -9.42295 0.119641 0.132802 10.0152 0.0726929 -0.164475 -0.0798706
2241.85 0.0 -0.306437 -9.34634 0.111266 0.122034 9.99482 0.0743728 -0.163101 -0.0815505
2241.87 0.0 -0.268133 -9.30804 0.0957129 0.132802 9.99721 0.0742201 -0.165086 -0.0824668
2241.88 -0.0383047 -0.268133 -9.49956 0.11007 0.131605 10.0128 0.0736092 -0.164934 -0.081245
2241.9 -0.0383047 -0.268133 -9.42295 0.104088 0.122034 9.99242 0.0759 -0.167072 -0.0813978
2241.92 -0.0766094 -0.229828 -9.57617 0.107677 0.125623 10.0044 0.0726929 -0.165239 -0.0797179
2241.94 0.0 -0.191523 -9.42295 0.118445 0.132802 10.008 0.0739146 -0.164475 -0.0820086
2241.95 -0.268133 -0.229828 -9.23143 0.12682 0.132802 9.99362 0.0745255 -0.164017 -0.0820086
2241.97 -0.114914 -0.229828 -9.46126 0.135194 0.154337 9.99841 0.0772744 -0.166003 -0.0842994
2241.98 0.0766094 -0.268133 -9.30804 0.141176 0.149551 10.0092 0.0725402 -0.162643 -0.0821613
2242.0 0.153219 -0.229828 -9.15482 0.130409 0.151944 9.9996 0.0745255 -0.16417 -0.0835358
2242.02 -0.0383047 -0.229828 -9.46126 0.125623 0.166301 10.0044 0.0729984 -0.163254 -0.0835358
2242.03 -0.0383047 -0.306437 -9.23143 0.141176 0.151944 10.0175 0.0751364 -0.165697 -0.0836885
2242.05 -0.0383047 -0.191523 -9.30804 0.122034 0.148355 9.99242 0.0742201 -0.163712 -0.0821613
2242.07 -0.0383047 -0.306437 -9.34634 0.111266 0.155533 9.9996 0.0729984 -0.16417 -0.0817032
2242.08 0.114914 -0.229828 -9.34634 0.107677 0.149551 10.0008 0.0734565 -0.163865 -0.0815505
2242.1 0.0 -0.153219 -9.49956 0.116052 0.15673 10.0175 0.0766636 -0.164934 -0.0818559
2242.12 0.153219 -0.306437 -9.46126 0.11007 0.153141 10.0044 0.0751364 -0.165239 -0.0821613
2242.13 -0.0383047 -0.191523 -9.42295 0.09332 0.155533 9.99721 0.0726929 -0.162032 -0.0809396
2242.15 -0.0383047 -0.191523 -9.46126 0.0993021 0.151944 10.0092 0.074831 -0.16585 -0.0807869
2242.17 0.0 -0.114914 -9.38465 0.0825523 0.171087 10.008 0.0729984 -0.163865 -0.0815505
2242.18 -0.229828 -0.191523 -9.34634 0.0897308 0.168694 10.0092 0.073762 -0.163865 -0.0824668
2242.2 -0.0766094 -0.153219 -9.42295 0.0849452 0.166301 9.99242 0.0752891 -0.165239 -0.0827722
2242.22 -0.229828 -0.191523 -9.61448 0.0825523 0.179462 10.0056 0.0734565 -0.164475 -0.0806342
2242.23 -0.0383047 -0.153219 -9.38465 0.0789631 0.183051 10.0128 0.0725402 -0.164475 -0.0789543
2242.25 -0.0383047 -0.268133 -9.61448 0.0849452 0.174676 9.9996 0.0719294 -0.162948 -0.0777326
2242.27 0.0 -0.229828 -9.38465 0.0969093 0.159123 10.002 0.0728457 -0.16417 -0.0789543
2242.28 -0.0766094 -0.153219 -9.72939 0.0765703 0.159123 10.0044 0.0717766 -0.162948 -0.078038
2242.3 0.0383047 -0.268133 -9.53786 0.0765703 0.144766 9.9996 0.0708604 -0.162948 -0.076969
2242.32 0.0 -0.153219 -9.23143 0.104088 0.119641 10.0068 0.0699441 -0.164475 -0.0765108
2242.33 0.0383047 -0.306437 -9.65278 0.108873 0.125623 9.99482 0.0713185 -0.165544 -0.0778853
2242.35 0.0 -0.229828 -9.34634 0.106481 0.101695 10.0068 0.0728457 -0.165392 -0.0786489
2242.37 -0.0383047 -0.191523 -9.19312 0.136391 0.113659 10.0152 0.0734565 -0.166461 -0.0788016
2242.38 0.0 -0.268133 -9.38465 0.148355 0.106481 10.0116 0.0754418 -0.166308 -0.0809396
2242.4 -0.153219 -0.306437 -9.19312 0.163908 0.114855 10.0116 0.0746782 -0.164934 -0.0813978
2242.42 -0.114914 -0.191523 -9.46126 0.154337 0.114855 10.0056 0.0739146 -0.16585 -0.0801761
2242.43 -0.0383047 -0.153219 -8.96329 0.159123 0.130409 10.0092 0.0722348 -0.165239 -0.0813978
2242.45 0.0 -0.268133 -9.34634 0.138784 0.119641 10.0032 0.0743728 -0.164628 -0.0807869
2242.47 -0.0383047 -0.153219 -9.69109 0.136391 0.125623 10.0104 0.0745255 -0.163101 -0.0803288
2242.48 -0.191523 -0.268133 -9.38465 0.125623 0.13998 9.99601 0.0743728 -0.162337 -0.0797179
2242.5 -0.0383047 -0.191523 -9.34634 0.12682 0.133998 9.99601 0.071624 -0.161421 -0.078038
2242.52 -0.114914 -0.153219 -9.26973 0.113659 0.12323 9.99721 0.0742201 -0.163254 -0.0800233
