2221.39 0.0383047 -0.114914 -9.57617 0.100499 0.143569 10.0104 0.071624 -0.164781 -0.0781907
2221.41 0.0383047 -0.153219 -9.57617 0.0981057 0.147159 10.002 0.0711658 -0.163712 -0.0784962
2221.42 -0.0383047 -0.344742 -9.38465 0.11007 0.141176 10.002 0.071013 -0.164475 -0.0775799
2221.44 -0.229828 -0.268133 -9.38465 0.117248 0.135194 9.99721 0.0714712 -0.165392 -0.0783434
2221.46 0.0 -0.191523 -9.38465 0.114855 0.128016 9.99482 0.0699441 -0.163406 -0.076969
2221.47 0.0383047 -0.153219 -9.0016 0.104088 0.133998 10.008 0.071624 -0.166461 -0.0792598
2221.49 0.0383047 -0.191523 -9.34634 0.114855 0.120837 9.99362 0.0722348 -0.165239 -0.0778853
2221.51 0.0766094 -0.153219 -9.38465 0.12323 0.124427 10.0104 0.0713185 -0.164628 -0.0766636
2221.52 0.306437 -0.306437 -9.38465 0.124427 0.120837 10.0104 0.071624 -0.162796 -0.0771217
2221.54 -0.0766094 -0.229828 -9.30804 0.129212 0.117248 10.0008 0.0734565 -0.166003 -0.0789543
2221.56 0.0 -0.268133 -9.30804 0.133998 0.119641 10.0008 0.0740674 -0.166919 -0.0803288
2221.57 0.0383047 -0.191523 -9.42295 0.147159 0.12323 10.008 0.0691805 -0.161116 -0.0763581
2221.59 0.0 -0.229828 -9.53786 0.153141 0.113659 10.0068 0.0722348 -0.164934 -0.0783434
2221.61 -0.0766094 -0.229828 -9.42295 0.148355 0.114855 10.0128 0.073762 -0.165239 -0.0809396
2221.62 -0.114914 -0.191523 -9.26973 0.144766 0.102891 10.0104 0.0743728 -0.163712 -0.0806342
2221.64 -0.0383047 -0.268133 -9.19312 0.143569 0.105284 10.0116 0.0745255 -0.164781 -0.083994
2221.66 0.0383047 -0.268133 -9.38465 0.12682 0.131605 10.0008 0.0728457 -0.164781 -0.0829249
2221.67 0.0 -0.191523 -9.38465 0.12323 0.111266 9.99003 0.0743728 -0.162185 -0.0832304
2221.69 -0.0383047 -0.191523 -9.46126 0.118445 0.128016 10.0032 0.0713185 -0.161574 -0.0792598
2221.71 -0.229828 -0.344742 -9.65278 0.114855 0.130409 9.99242 0.0746782 -0.163101 -0.083994
2221.72 0.0766094 -0.191523 -9.46126 0.119641 0.135194 9.99482 0.0733038 -0.162643 -0.0830777
2221.74 -0.0766094 -0.153219 -9.61448 0.112463 0.136391 9.99601 0.0745255 -0.164781 -0.0820086
2221.76 0.0 -0.268133 -9.30804 0.11007 0.137587 10.0044 0.0733038 -0.162643 -0.0829249
2221.77 -0.0766094 -0.153219 -9.42295 0.11007 0.138784 9.9996 0.0755945 -0.164781 -0.0818559
2221.79 0.0383047 -0.229828 -9.38465 0.113659 0.137587 10.002 0.0757473 -0.164934 -0.0815505
2221.81 -0.114914 -0.229828 -9.34634 0.124427 0.155533 10.0056 0.0746782 -0.165239 -0.0820086
2221.82 0.0766094 -0.191523 -9.42295 0.112463 0.149551 10.0092 0.0760527 -0.165239 -0.0838412
2221.84 -0.191523 -0.229828 -9.30804 0.100499 0.150748 10.0056 0.0745255 -0.16417 -0.0830777
2221.86 -0.153219 -0.191523 -9.38465 0.0993021 0.137587 10.0068 0.0743728 -0.163406 -0.0833831
2221.87 0.0383047 -0.191523 -9.76769 0.0897308 0.157926 10.0068 0.074831 -0.16585 -0.0817032
2221.89 0.0766094 -0.153219 -9.65278 0.0753739 0.162712 10.0092 0.0717766 -0.162032 -0.079107
2221.9 0.0 -0.153219 -9.38465 0.0897308 0.17348 10.0104 0.0743728 -0.165086 -0.0827722
2221.92 0.0 -0.191523 -9.38465 0.0801595 0.168694 10.002 0.0713185 -0.162337 -0.0813978
2221.94 0.0383047 -0.153219 -9.46126 0.0813559 0.168694 10.0092 0.0760527 -0.167835 -0.0830777
2221.95 0.229828 -0.229828 -9.0016 0.0801595 0.185444 9.99721 0.0745255 -0.166308 -0.0792598
2221.97 0.0383047 -0.268133 -9.38465 0.102891 0.183051 10.0211 0.0714712 -0.16249 -0.0777326
2221.99 0.0766094 -0.191523 -9.53786 0.105284 0.178265 9.99841 0.0754418 -0.167682 -0.0804815
2222.0 0.0766094 -0.191523 -9.19312 0.113659 0.162712 10.0056 0.0734565 -0.165086 -0.0800233
2222.02 0.0 -0.229828 -9.46126 0.12682 0.151944 10.0104 0.0723875 -0.165544 -0.081245
2222.03 -0.0383047 -0.0383047 -9.57617 0.132802 0.136391 10.0152 0.0725402 -0.163865 -0.0810924
2222.05 -0.0383047 -0.229828 -9.42295 0.113659 0.149551 10.002 0.0729984 -0.163865 -0.0757473
2222.07 0.0383047 -0.229828 -9.07821 0.128016 0.136391 9.99721 0.0734565 -0.164475 -0.0771217
2222.08 -0.0766094 -0.153219 -9.34634 0.108873 0.133998 10.002 0.0743728 -0.166308 -0.0801761
2222.1 -0.0383047 -0.153219 -9.42295 0.119641 0.132802 9.99123 0.0708604 -0.164475 -0.0786489
2222.12 0.0383047 -0.191523 -9.49956 0.116052 0.132802 10.0068 0.0731511 -0.164781 -0.0786489
2222.13 -0.306437 -0.268133 -9.19312 0.12682 0.142373 10.0032 0.0746782 -0.164323 -0.0794125
2222.15 0.0 -0.268133 -9.38465 0.136391 0.138784 10.0032 0.0723875 -0.165392 -0.0772744
2222.17 0.0383047 -0.306437 -9.30804 0.132802 0.137587 10.0032 0.0734565 -0.163865 -0.079107
2222.18 -0.0766094 -0.229828 -9.42295 0.145962 0.120837 9.99841 0.073762 -0.164934 -0.0806342
2222.2 0.0383047 -0.191523 -9.46126 0.131605 0.130409 9.99721 0.0704022 -0.161879 -0.0771217
2222.22 0.0 -0.229828 -9.49956 0.154337 0.117248 10.0175 0.074831 -0.164323 -0.0803288
2222.23 -0.114914 -0.114914 -9.53786 0.154337 0.118445 10.0152 0.0736092 -0.163559 -0.0809396
2222.25 -0.0766094 -0.229828 -9.42295 0.131605 0.119641 9.99841 0.0751364 -0.164475 -0.0827722
2222.27 0.0766094 -0.191523 -9.46126 0.122034 0.111266 9.9996 0.0708604 -0.161421 -0.0797179
2222.28 0.0766094 -0.191523 -9.26973 0.108873 0.105284 10.0056 0.071624 -0.161726 -0.0815505
2222.3 0.0383047 -0.191523 -9.46126 0.0921237 0.114855 9.9996 0.0740674 -0.16417 -0.0842994
2222.32 0.268133 -0.344742 -9.46126 0.0921237 0.116052 10.0104 0.073762 -0.162032 -0.0817032
2222.33 -0.0766094 -0.191523 -9.38465 0.09332 0.136391 10.0092 0.0754418 -0.163101 -0.0830777
2222.35 0.0766094 -0.229828 -9.46126 0.105284 0.133998 10.0068 0.0739146 -0.165239 -0.0846048
2222.37 0.0766094 -0.191523 -9.34634 0.11007 0.141176 10.0104 0.0740674 -0.163406 -0.0853684
2222.38 0.153219 -0.229828 -9.23143 0.0993021 0.13998 10.002 0.0722348 -0.162796 -0.0824668
2222.4 0.0766094 -0.268133 -9.30804 0.108873 0.143569 9.99721 0.0749837 -0.163559 -0.0817032
2222.42 0.0 -0.153219 -9.57617 0.11007 0.144766 9.99123 0.0745255 -0.164781 -0.0824668
2222.44 -0.114914 -0.153219 -9.42295 0.117248 0.15673 10.0092 0.0740674 -0.163406 -0.0820086
2222.45 -0.114914 -0.421352 -9.42295 0.105284 0.150748 10.0056 0.0745255 -0.16249 -0.0817032
2222.47 -0.0766094 -0.229828 -9.38465 0.105284 0.147159 9.98644 0.0749837 -0.165544 -0.0817032
2222.48 0.0383047 -0.191523 -9.07821 0.0861416 0.150748 9.99721 0.0728457 -0.163712 -0.0803288
2222.5 0.0766094 -0.268133 -9.42295 0.0969093 0.150748 9.99841 0.0755945 -0.164475 -0.0817032
2222.52 0.153219 -0.229828 -9.30804 0.0909272 0.151944 9.9996 0.0749837 -0.163101 -0.0820086
2222.53 0.114914 -0.153219 -9.42295 0.09332 0.157926 10.0044 0.0757473 -0.164781 -0.0832304
2222.55 0.0 -0.268133 -9.34634 0.0813559 0.163908 9.99601 0.0749837 -0.166003 -0.0826195
2222.57 0.0383047 -0.191523 -9.42295 0.106481 0.175872 10.0056 0.0731511 -0.163254 -0.0804815
2222.58 -0.0766094 -0.268133 -9.19312 0.106481 0.172283 10.0068 0.0736092 -0.166308 -0.0804815
2222.6 0.0 -0.191523 -9.38465 0.12323 0.18664 9.98883 0.071624 -0.163406 -0.0788016
2222.62 0.0 -0.191523 -9.806 0.118445 0.171087 9.99123 0.0729984 -0.166613 -0.0801761
2222.63 0.0766094 -0.191523 -9.38465 0.124427 0.17348 9.99123 0.0734565 -0.164323 -0.0783434
2222.65 0.0766094 -0.229828 -9.42295 0.112463 0.168694 10.0056 0.0697913 -0.161879 -0.0772744
2222.67 -0.114914 -0.229828 -9.49956 0.114855 0.151944 10.0128 0.0746782 -0.16585 -0.0801761
2222.69 0.0383047 -0.191523 -9.38465 0.118445 0.135194 9.99482 0.0707076 -0.163865 -0.0763581
2222.7 0.114914 -0.344742 -9.23143 0.106481 0.133998 10.0044 0.068875 -0.163559 -0.078038
2222.72 0.0 -0.268133 -9.46126 0.120837 0.130409 10.0152 0.0740674 -0.165697 -0.0801761
2222.73 -0.0383047 -0.229828 -9.38465 0.114855 0.132802 10.0068 0.0702495 -0.162948 -0.0788016
2222.75 -0.0383047 -0.306437 -9.42295 0.120837 0.128016 10.0008 0.0713185 -0.164628 -0.0803288
2222.77 -0.0383047 -0.191523 -9.42295 0.129212 0.124427 10.0032 0.0719294 -0.163865 -0.0784962
2222.78 0.0383047 -0.191523 -9.38465 0.124427 0.124427 10.0056 0.0726929 -0.162796 -0.0794125
2222.8 -0.0383047 -0.344742 -9.30804 0.138784 0.124427 10.0068 0.0733038 -0.165544 -0.0806342
2222.82 -0.0383047 -0.306437 -9.34634 0.129212 0.119641 9.9996 0.0719294 -0.164017 -0.081245
2222.83 -0.0383047 -0.229828 -9.34634 0.122034 0.117248 10.0032 0.0720821 -0.162032 -0.0783434
2222.85 0.0766094 -0.229828 -9.42295 0.124427 0.119641 10.0044 0.0733038 -0.163559 -0.0804815
2222.87 -0.0383047 -0.268133 -9.11651 0.114855 0.106481 10.002 0.0755945 -0.166003 -0.0824668
2222.88 -0.0383047 -0.268133 -9.30804 0.118445 0.0921237 9.99721 0.0734565 -0.16417 -0.0824668
2222.9 -0.0383047 -0.229828 -9.806 0.0993021 0.105284 9.99841 0.073762 -0.162796 -0.0829249
2222.92 -0.0383047 -0.268133 -9.30804 0.11007 0.101695 9.9996 0.0757473 -0.165086 -0.0841467
2222.93 0.114914 -0.268133 -9.69109 0.101695 0.11007 10.0044 0.0733038 -0.165239 -0.0810924
2222.95 0.0383047 -0.153219 -9.26973 0.107677 0.119641 10.0175 0.0755945 -0.163559 -0.0849102
2222.97 -0.0383047 -0.229828 -9.38465 0.0993021 0.12323 10.0152 0.0733038 -0.164475 -0.0847575
2222.98 0.114914 -0.268133 -9.11651 0.120837 0.153141 10.0152 0.0733038 -0.160658 -0.0826195
2223.0 0.0 -0.229828 -9.34634 0.105284 0.148355 10.0032 0.0728457 -0.16081 -0.0817032
2223.01 0.0 -0.268133 -9.61448 0.106481 0.155533 10.008 0.0740674 -0.16417 -0.0824668
2223.03 0.0 -0.268133 -9.46126 0.0981057 0.166301 10.0032 0.071624 -0.162337 -0.0817032
2223.05 0.0383047 -0.114914 -9.38465 0.100499 0.171087 9.99721 0.074831 -0.164781 -0.0823141
2223.07 0.0 -0.191523 -9.46126 0.0993021 0.168694 10.0128 0.0723875 -0.16417 -0.0801761
2223.08 -0.0383047 -0.229828 -9.0016 0.107677 0.171087 9.9996 0.0751364 -0.166613 -0.081245
2223.1 0.0766094 -0.268133 -9.38465 0.0957129 0.163908 10.0008 0.0708604 -0.162032 -0.0778853
2223.11 -0.0766094 -0.191523 -9.76769 0.0969093 0.162712 9.99841 0.0740674 -0.164475 -0.0801761
2223.13 -0.114914 -0.114914 -9.42295 0.106481 0.154337 10.0008 0.0760527 -0.164628 -0.0807869
2223.15 -0.0383047 -0.191523 -9.46126 0.112463 0.157926 10.0044 0.0719294 -0.163559 -0.0777326
2223.16 0.0766094 -0.229828 -9.11651 0.125623 0.16989 10.008 0.0726929 -0.163559 -0.0809396
2223.18 0.0383047 -0.229828 -9.42295 0.135194 0.16989 10.0092 0.0742201 -0.166461 -0.0823141
2223.2 -0.0383047 -0.191523 -9.38465 0.133998 0.16989 10.002 0.076969 -0.170279 -0.0842994
2223.21 0.0766094 -0.153219 -9.57617 0.141176 0.166301 10.002 0.0722348 -0.162032 -0.0797179
2223.23 0.191523 -0.268133 -9.23143 0.149551 0.161515 9.99362 0.0725402 -0.162796 -0.0795652
2223.24 -0.0766094 -0.268133 -9.0016 0.148355 0.171087 9.99003 0.0723875 -0.160963 -0.0800233
2223.26 -0.0766094 -0.191523 -9.38465 0.130409 0.163908 10.002 0.0722348 -0.163406 -0.0778853
2223.27 -0.191523 -0.153219 -9.19312 0.120837 0.147159 10.0008 0.0708604 -0.16249 -0.0775799
2223.29 0.0383047 -0.114914 -9.15482 0.114855 0.143569 9.9996 0.0708604 -0.161726 -0.0781907
2223.31 0.0 -0.229828 -9.26973 0.11007 0.137587 9.99003 0.0717766 -0.163254 -0.0784962
2223.32 -0.0383047 -0.306437 -9.30804 0.0837488 0.133998 10.002 0.0734565 -0.16585 -0.0806342
2223.34 0.191523 -0.229828 -9.49956 0.0837488 0.12682 10.0068 0.0728457 -0.164628 -0.0801761
2223.35 0.0 -0.114914 -9.23143 0.0849452 0.113659 10.0008 0.0749837 -0.163865 -0.0797179
2223.95 0.0383047 -0.191523 -9.53786 0.0789631 0.128016 10.0068 0.0736092 -0.164934 -0.0797179
2223.96 -0.0383047 -0.229828 -9.38465 0.114855 0.112463 10.0128 0.073762 -0.164323 -0.0794125
2223.98 -0.0383047 -0.229828 -9.53786 0.105284 0.108873 10.0008 0.0726929 -0.163101 -0.0774271
2224.0 0.0383047 -0.268133 -9.42295 0.128016 0.11007 9.99362 0.0742201 -0.165392 -0.0788016
2224.01 0.191523 -0.229828 -9.0016 0.130409 0.106481 9.99362 0.0719294 -0.163559 -0.0789543
2224.03 -0.0766094 -0.268133 -9.46126 0.144766 0.118445 10.0044 0.0731511 -0.164323 -0.0800233
2224.05 0.0 -0.153219 -9.38465 0.132802 0.116052 9.99242 0.0743728 -0.163559 -0.0817032
2224.07 -0.114914 -0.229828 -9.38465 0.12682 0.111266 10.0092 0.0726929 -0.164781 -0.0821613
2224.08 0.0 -0.268133 -9.46126 0.106481 0.12323 10.0116 0.0726929 -0.164323 -0.0809396
2224.1 0.0383047 -0.268133 -9.23143 0.0969093 0.12323 9.99601 0.0751364 -0.165697 -0.0829249
2224.11 0.0 -0.191523 -9.38465 0.0837488 0.128016 10.0044 0.0734565 -0.164017 -0.0807869
2224.13 -0.0766094 -0.268133 -9.69109 0.0813559 0.136391 9.9996 0.0729984 -0.162643 -0.0804815
2224.15 0.0383047 -0.153219 -9.26973 0.0969093 0.138784 10.014 0.0734565 -0.165239 -0.0806342
2224.16 -0.0383047 -0.229828 -9.34634 0.105284 0.138784 9.99601 0.074831 -0.166613 -0.0824668
2224.18 -0.0766094 -0.153219 -9.26973 0.133998 0.148355 10.008 0.0751364 -0.164475 -0.0810924
2224.2 0.0383047 -0.191523 -9.46126 0.163908 0.149551 10.0068 0.074831 -0.164017 -0.0820086
2224.21 0.0766094 -0.153219 -9.07821 0.159123 0.144766 9.99362 0.0745255 -0.162948 -0.0817032
2224.23 0.0383047 -0.229828 -9.46126 0.159123 0.147159 10.0044 0.0734565 -0.163865 -0.0818559
2224.24 0.0 -0.229828 -9.42295 0.161515 0.148355 10.0092 0.0746782 -0.163865 -0.0841467
2224.26 0.0383047 -0.268133 -9.76769 0.138784 0.157926 10.002 0.0760527 -0.164323 -0.0842994
2224.28 -0.0766094 -0.229828 -9.34634 0.125623 0.155533 10.0044 0.0722348 -0.161268 -0.0809396
2224.29 0.0 -0.229828 -9.23143 0.12323 0.143569 10.0164 0.0726929 -0.162032 -0.0817032
2224.31 0.0 -0.229828 -9.34634 0.09332 0.150748 10.002 0.0739146 -0.163712 -0.0835358
2224.33 0.0 -0.229828 -9.49956 0.0825523 0.143569 9.99601 0.0720821 -0.161879 -0.081245
2224.34 -0.0766094 -0.191523 -9.38465 0.0813559 0.155533 10.0056 0.0736092 -0.162185 -0.0815505
2224.36 0.0383047 -0.229828 -9.49956 0.0945165 0.153141 9.99003 0.0752891 -0.167224 -0.0835358
2224.38 -0.114914 -0.306437 -9.61448 0.101695 0.163908 10.0008 0.073762 -0.164628 -0.0813978
2224.39 0.0383047 -0.153219 -9.38465 0.12323 0.159123 10.0056 0.0729984 -0.163406 -0.0815505
2224.41 -0.0383047 -0.268133 -9.0016 0.113659 0.160319 10.0056 0.0736092 -0.165544 -0.081245
2224.43 -0.0766094 -0.229828 -9.34634 0.129212 0.149551 10.0152 0.071624 -0.161726 -0.0794125
2224.44 -0.114914 -0.191523 -9.15482 0.119641 0.145962 9.99721 0.0720821 -0.165392 -0.0804815
2224.46 -0.0766094 -0.191523 -9.34634 0.106481 0.143569 9.9996 0.073762 -0.164017 -0.0797179
2224.48 -0.0383047 -0.191523 -9.26973 0.0861416 0.148355 10.0032 0.0705549 -0.161726 -0.0794125
2224.49 -0.0383047 -0.268133 -9.57617 0.0658026 0.125623 9.99841 0.0751364 -0.16585 -0.0820086
2224.51 0.0766094 -0.229828 -9.42295 0.0717846 0.133998 10.0128 0.0734565 -0.165239 -0.0817032
2224.53 0.0766094 -0.344742 -9.76769 0.0538385 0.144766 9.99841 0.0745255 -0.164781 -0.0818559
2224.54 0.0 -0.229828 -9.46126 0.0825523 0.143569 10.0104 0.0711658 -0.164017 -0.0781907
2224.56 -0.0383047 -0.229828 -9.34634 0.09332 0.145962 10.002 0.0731511 -0.163406 -0.0789543
2224.58 0.0766094 -0.153219 -9.42295 0.108873 0.145962 10.0164 0.0719294 -0.164017 -0.0800233
2224.59 0.0 -0.268133 -9.34634 0.137587 0.144766 10.0152 0.0729984 -0.165086 -0.079107
2224.61 0.0383047 -0.268133 -9.34634 0.145962 0.144766 10.0092 0.0711658 -0.164628 -0.0789543
2224.63 0.0766094 -0.229828 -9.26973 0.154337 0.147159 10.0068 0.0725402 -0.164781 -0.0792598
2224.64 -0.114914 -0.268133 -9.38465 0.155533 0.128016 10.002 0.0707076 -0.163101 -0.079107
2224.66 -0.153219 -0.268133 -9.49956 0.15673 0.132802 10.0056 0.0719294 -0.164781 -0.0792598
2224.68 -0.153219 -0.229828 -9.34634 0.120837 0.116052 10.008 0.0729984 -0.163712 -0.0794125
2224.7 -0.0766094 -0.229828 -8.96329 0.125623 0.106481 10.0032 0.0736092 -0.16417 -0.0806342
2224.71 -0.0383047 -0.229828 -9.15482 0.11007 0.122034 9.9996 0.0731511 -0.163406 -0.0815505
2224.73 0.0 -0.229828 -9.42295 0.0969093 0.125623 10.0044 0.0733038 -0.16417 -0.0821613
2224.75 0.0766094 -0.153219 -9.61448 0.104088 0.12323 10.0068 0.0749837 -0.164934 -0.0833831
2224.76 -0.153219 -0.306437 -9.30804 0.130409 0.142373 9.99482 0.0742201 -0.165086 -0.0838412
2224.78 -0.0766094 -0.153219 -9.38465 0.130409 0.148355 9.99841 0.0745255 -0.164628 -0.0838412
2224.8 0.0 -0.191523 -9.30804 0.141176 0.154337 9.99362 0.0719294 -0.161421 -0.0809396
2224.81 0.114914 -0.268133 -9.30804 0.147159 0.144766 10.0032 0.0720821 -0.16417 -0.0813978
2224.83 -0.0766094 -0.191523 -9.30804 0.15673 0.157926 10.014 0.0723875 -0.163865 -0.0798706
2224.85 0.153219 -0.191523 -9.23143 0.150748 0.154337 10.0116 0.0728457 -0.163101 -0.0818559
2224.86 0.0 -0.229828 -9.30804 0.102891 0.151944 9.99841 0.0734565 -0.162032 -0.0806342
2224.88 -0.0766094 -0.153219 -9.61448 0.11007 0.130409 10.0104 0.0740674 -0.162185 -0.081245
2224.9 0.0 -0.344742 -9.38465 0.0969093 0.125623 10.0128 0.0705549 -0.160505 -0.0800233
2224.91 0.0 -0.344742 -9.38465 0.0789631 0.130409 10.0187 0.0749837 -0.163712 -0.0815505
2224.93 -0.0766094 -0.114914 -9.15482 0.0574277 0.131605 10.0092 0.0740674 -0.16585 -0.0835358
2224.95 0.0 -0.153219 -9.42295 0.0658026 0.142373 10.0056 0.073762 -0.164475 -0.0817032
2224.96 0.0383047 -0.268133 -9.23143 0.0681954 0.149551 10.0008 0.0745255 -0.166919 -0.0813978
2224.98 0.0 -0.153219 -9.42295 0.09332 0.154337 10.002 0.0729984 -0.165239 -0.0797179
2225.0 -0.0766094 -0.229828 -9.03991 0.0813559 0.168694 10.002 0.073762 -0.165697 -0.0809396
2225.01 -0.114914 -0.191523 -9.42295 0.0957129 0.181854 10.0008 0.0725402 -0.164475 -0.0803288
2225.03 -0.114914 -0.191523 -9.42295 0.112463 0.171087 9.99003 0.0728457 -0.165086 -0.0804815
2225.04 -0.0766094 -0.153219 -9.8443 0.117248 0.157926 10.0068 0.0728457 -0.16417 -0.0797179
2225.06 0.0766094 -0.114914 -9.38465 0.118445 0.151944 10.0044 0.0705549 -0.162185 -0.0794125
2225.08 -0.0766094 -0.229828 -9.30804 0.107677 0.157926 10.0068 0.0707076 -0.161726 -0.078038
2225.09 0.0383047 -0.306437 -9.46126 0.113659 0.129212 9.99242 0.0729984 -0.163712 -0.0788016
2225.11 0.0766094 -0.268133 -9.26973 0.101695 0.125623 10.002 0.0754418 -0.16753 -0.0813978
2225.13 0.0 -0.306437 -9.38465 0.100499 0.12682 10.0008 0.0736092 -0.165239 -0.0806342
2225.14 0.153219 -0.229828 -9.03991 0.0969093 0.132802 10.0044 0.0720821 -0.163712 -0.0817032
2225.16 -0.0383047 -0.153219 -9.42295 0.0969093 0.125623 10.0056 0.0743728 -0.165697 -0.081245
2225.18 0.0 -0.114914 -9.11651 0.128016 0.141176 10.0104 0.0742201 -0.165544 -0.0807869
2225.19 -0.153219 -0.229828 -9.46126 0.130409 0.143569 9.99841 0.0722348 -0.163865 -0.0794125
2225.21 -0.0766094 -0.153219 -9.61448 0.151944 0.157926 9.99482 0.0725402 -0.165086 -0.0813978
2225.23 0.0 -0.268133 -9.42295 0.16989 0.144766 9.99721 0.0742201 -0.166919 -0.0813978
2225.24 -0.0383047 -0.191523 -9.15482 0.175872 0.144766 9.99601 0.0736092 -0.165086 -0.0788016
2225.26 -0.0766094 -0.153219 -9.46126 0.159123 0.151944 10.002 0.0713185 -0.162643 -0.079107
2225.28 0.0 -0.153219 -9.38465 0.12682 0.135194 10.0044 0.0722348 -0.162337 -0.0789543
2225.29 -0.153219 -0.306437 -9.19312 0.12682 0.119641 10.0175 0.071624 -0.162948 -0.0809396
2225.31 0.0383047 -0.268133 -9.42295 0.117248 0.108873 10.014 0.0740674 -0.162337 -0.0813978
2225.33 0.0383047 -0.268133 -9.49956 0.101695 0.105284 10.0116 0.0719294 -0.162032 -0.0792598
2225.34 0.0383047 -0.268133 -9.46126 0.0969093 0.111266 9.9996 0.0731511 -0.163559 -0.0817032
2225.36 -0.114914 -0.268133 -9.34634 0.087338 0.12682 9.99601 0.0757473 -0.164781 -0.0823141
2225.37 0.0766094 -0.153219 -9.42295 0.107677 0.116052 10.0044 0.071013 -0.160047 -0.0784962
2225.39 0.0766094 -0.153219 -9.11651 0.116052 0.135194 10.0068 0.0734565 -0.166155 -0.0827722
2225.41 -0.0766094 -0.153219 -9.34634 0.120837 0.13998 10.014 0.0734565 -0.165086 -0.0835358
2225.42 -0.0383047 -0.191523 -9.23143 0.11007 0.141176 10.0056 0.0725402 -0.162337 -0.0810924
2225.44 -0.191523 -0.229828 -9.34634 0.119641 0.148355 9.99362 0.0742201 -0.163406 -0.081245
2225.46 0.0383047 -0.153219 -9.38465 0.116052 0.147159 10.0056 0.0740674 -0.164017 -0.0813978
2225.47 0.153219 -0.229828 -9.26973 0.087338 0.136391 9.99841 0.0749837 -0.163712 -0.0823141
2225.49 0.0383047 -0.229828 -9.42295 0.0837488 0.145962 10.002 0.0729984 -0.16249 -0.0807869
2225.5 0.0383047 -0.268133 -9.42295 0.0478564 0.138784 10.002 0.0751364 -0.164017 -0.0807869
2225.52 0.0 -0.191523 -9.42295 0.0622134 0.128016 9.9996 0.0742201 -0.164323 -0.0807869
2225.54 0.0 -0.268133 -9.46126 0.0514457 0.136391 9.99721 0.0742201 -0.164323 -0.0823141
2225.56 0.0383047 -0.153219 -9.38465 0.0658026 0.132802 10.0056 0.0765108 -0.166155 -0.0821613
2225.57 0.0766094 -0.229828 -9.42295 0.0861416 0.133998 10.0116 0.073762 -0.163101 -0.0815505
2225.59 -0.0766094 -0.229828 -9.53786 0.0993021 0.144766 10.0032 0.0751364 -0.165086 -0.0818559
2225.6 0.0766094 -0.229828 -9.49956 0.111266 0.161515 10.0008 0.0759 -0.167224 -0.0795652
2225.62 -0.0383047 -0.153219 -9.34634 0.128016 0.181854 10.0056 0.0726929 -0.163254 -0.0794125
2225.64 0.0 -0.153219 -9.53786 0.142373 0.165105 10.0008 0.0763581 -0.166766 -0.0824668
2225.65 -0.0383047 -0.153219 -9.46126 0.120837 0.177069 10.0056 0.0754418 -0.167072 -0.0817032
2225.67 -0.153219 -0.229828 -9.19312 0.131605 0.16989 10.0175 0.0736092 -0.16417 -0.0807869
2225.69 0.0 -0.191523 -9.42295 0.12682 0.177069 9.9996 0.0708604 -0.164017 -0.0783434
2225.7 0.114914 -0.191523 -9.69109 0.11007 0.149551 10.008 0.0725402 -0.165697 -0.0788016
2225.72 -0.0383047 -0.268133 -9.38465 0.112463 0.159123 10.0199 0.0740674 -0.164017 -0.0815505
2225.74 -0.191523 -0.229828 -9.23143 0.106481 0.159123 10.008 0.0739146 -0.165544 -0.0823141
2225.75 -0.0766094 -0.229828 -9.65278 0.108873 0.137587 10.0068 0.073762 -0.165086 -0.0794125
2225.77 0.0 -0.306437 -9.46126 0.135194 0.142373 9.99362 0.0733038 -0.166155 -0.0804815
2225.79 0.0383047 -0.229828 -9.65278 0.149551 0.150748 10.0104 0.0719294 -0.164475 -0.0794125
2225.8 0.0 -0.229828 -9.46126 0.151944 0.167498 10.0056 0.0740674 -0.165544 -0.0795652
2225.82 -0.0383047 -0.268133 -9.11651 0.161515 0.147159 10.0008 0.0722348 -0.16417 -0.0804815
2225.84 -0.0766094 -0.114914 -9.38465 0.16989 0.151944 10.0056 0.0722348 -0.164628 -0.0823141
2225.85 0.0766094 -0.229828 -9.46126 0.161515 0.144766 10.0008 0.0728457 -0.164781 -0.081245
2225.87 -0.0383047 -0.191523 -9.38465 0.138784 0.120837 10.008 0.0734565 -0.163406 -0.0798706
2225.89 -0.306437 -0.153219 -9.65278 0.136391 0.133998 10.0008 0.071013 -0.161879 -0.0794125
2225.9 0.0 -0.191523 -9.46126 0.112463 0.125623 10.0164 0.0740674 -0.163101 -0.0820086
2225.92 0.0 -0.344742 -9.23143 0.0981057 0.106481 10.0068 0.0726929 -0.163406 -0.0823141
2225.94 0.0766094 -0.268133 -9.38465 0.0837488 0.108873 10.002 0.0736092 -0.163865 -0.0833831
2225.95 0.0383047 -0.268133 -8.84838 0.087338 0.101695 10.0116 0.073762 -0.162796 -0.0821613
2225.97 -0.0383047 -0.229828 -9.26973 0.0861416 0.114855 10.0008 0.073762 -0.163559 -0.0804815
2225.99 0.114914 -0.229828 -9.42295 0.105284 0.120837 9.99841 0.0731511 -0.165086 -0.0823141
2226.0 -0.114914 -0.153219 -9.8443 0.112463 0.128016 10.0152 0.0743728 -0.164781 -0.0815505
2226.02 -0.0383047 -0.153219 -9.42295 0.111266 0.131605 10.0032 0.0725402 -0.163101 -0.0804815
2226.04 0.0766094 -0.153219 -9.38465 0.106481 0.132802 9.99242 0.0746782 -0.164017 -0.0826195
2226.05 -0.0766094 -0.191523 -9.34634 0.0981057 0.136391 9.99721 0.0725402 -0.164017 -0.0818559
2226.07 0.114914 -0.153219 -9.23143 0.102891 0.143569 10.0128 0.0759 -0.165239 -0.0813978
2226.08 0.114914 -0.153219 -9.42295 0.0658026 0.142373 10.0056 0.0734565 -0.164323 -0.0809396
2226.1 0.0766094 -0.229828 -9.30804 0.0693918 0.133998 10.002 0.0762054 -0.166766 -0.0842994
2226.12 0.114914 -0.153219 -9.46126 0.0801595 0.150748 10.0032 0.0740674 -0.164323 -0.0803288
2226.13 0.0 -0.114914 -8.96329 0.0729811 0.149551 10.0032 0.0733038 -0.163865 -0.0781907
2226.15 0.0 -0.229828 -9.30804 0.0765703 0.150748 9.99721 0.0743728 -0.166461 -0.0788016
2226.17 0.0 -0.191523 -9.38465 0.0981057 0.160319 10.0032 0.0760527 -0.166461 -0.0809396
2226.19 -0.153219 -0.191523 -9.15482 0.11007 0.159123 10.002 0.0772744 -0.169668 -0.083994
2226.2 0.0 -0.114914 -9.30804 0.138784 0.172283 9.99482 0.0731511 -0.166155 -0.0801761
2226.22 0.114914 -0.153219 -9.34634 0.133998 0.17348 9.99123 0.0752891 -0.166003 -0.0806342
2226.23 -0.0383047 -0.191523 -9.49956 0.151944 0.165105 10.0008 0.074831 -0.166155 -0.0794125
2226.25 -0.153219 -0.0766094 -9.53786 0.155533 0.178265 10.0056 0.0717766 -0.162796 -0.0786489
2226.27 -0.191523 -0.0766094 -9.38465 0.159123 0.17348 9.99721 0.0728457 -0.164781 -0.0809396
2226.28 -0.114914 -0.229828 -9.38465 0.157926 0.171087 9.99362 0.074831 -0.16585 -0.0820086
2226.3 -0.268133 -0.191523 -9.49956 0.12682 0.149551 10.0008 0.0754418 -0.165697 -0.0813978
2226.32 -0.153219 -0.229828 -9.46126 0.12323 0.157926 10.0116 0.0713185 -0.163254 -0.0784962
2226.33 0.0766094 -0.268133 -9.53786 0.114855 0.13998 9.99721 0.0702495 -0.161574 -0.0768163
2226.35 0.0383047 -0.229828 -9.46126 0.106481 0.145962 9.99601 0.0725402 -0.164475 -0.0788016
2226.37 -0.114914 -0.153219 -9.23143 0.105284 0.135194 10.0032 0.0717766 -0.163254 -0.0804815
2226.38 0.0383047 -0.268133 -9.34634 0.113659 0.132802 9.99362 0.0731511 -0.164017 -0.0813978
2226.4 0.0383047 -0.229828 -9.30804 0.129212 0.138784 9.99482 0.0739146 -0.164475 -0.0817032
2226.42 -0.191523 -0.268133 -9.26973 0.129212 0.136391 10.0152 0.0717766 -0.163254 -0.0797179
2226.43 0.153219 -0.191523 -9.38465 0.130409 0.132802 10.0044 0.0742201 -0.163865 -0.0801761
2226.45 0.114914 -0.191523 -9.26973 0.12323 0.137587 10.008 0.0723875 -0.160658 -0.0789543
2226.47 -0.0766094 -0.229828 -9.26973 0.102891 0.128016 9.9996 0.0725402 -0.16249 -0.0804815
2226.48 0.0383047 -0.153219 -9.34634 0.0825523 0.12323 9.99721 0.0719294 -0.164475 -0.0813978
2226.5 0.0383047 -0.306437 -9.46126 0.0825523 0.128016 10.0116 0.0707076 -0.163101 -0.0800233
2226.52 0.0 -0.191523 -9.19312 0.0705882 0.12682 9.99601 0.0752891 -0.164323 -0.0807869
2226.53 0.114914 -0.153219 -9.42295 0.061017 0.114855 10.002 0.0729984 -0.164323 -0.0815505
2226.55 0.0 -0.268133 -9.38465 0.0550349 0.120837 10.0032 0.0733038 -0.164323 -0.0809396
2226.57 -0.191523 -0.153219 -9.38465 0.0777667 0.124427 10.0032 0.0752891 -0.16753 -0.0824668
2226.58 0.0 -0.191523 -9.46126 0.0861416 0.111266 9.99601 0.0719294 -0.164628 -0.0788016
2226.6 0.0 -0.229828 -9.38465 0.102891 0.120837 9.98285 0.0745255 -0.164628 -0.0806342
2226.62 0.0766094 -0.191523 -9.42295 0.114855 0.129212 9.99482 0.0759 -0.167072 -0.0809396
2226.63 0.0383047 -0.268133 -9.03991 0.125623 0.122034 10.0044 0.0763581 -0.167682 -0.083994
2226.65 -0.0766094 -0.268133 -9.34634 0.150748 0.130409 10.008 0.0745255 -0.165697 -0.0824668
2226.67 0.0 -0.306437 -9.19312 0.120837 0.130409 9.99242 0.073762 -0.16417 -0.0810924
2226.68 0.0383047 -0.229828 -9.42295 0.131605 0.145962 10.0032 0.0723875 -0.163559 -0.0784962
2226.7 -0.114914 -0.153219 -9.38465 0.133998 0.141176 10.0152 0.0726929 -0.162337 -0.0809396
2226.71 -0.191523 -0.191523 -9.11651 0.114855 0.13998 10.002 0.0711658 -0.165544 -0.0823141
2226.73 -0.0383047 -0.229828 -9.42295 0.108873 0.155533 10.0068 0.0734565 -0.164017 -0.0810924
2226.75 -0.306437 -0.268133 -9.15482 0.117248 0.150748 9.99721 0.0728457 -0.16417 -0.0813978
2226.76 -0.114914 -0.229828 -9.38465 0.124427 0.155533 10.0056 0.0736092 -0.165697 -0.0809396
2226.78 -0.0383047 -0.191523 -9.53786 0.133998 0.157926 10.0044 0.0723875 -0.163254 -0.0798706
2226.8 0.153219 -0.191523 -9.34634 0.136391 0.161515 9.9996 0.0754418 -0.165086 -0.0832304
2226.81 -0.0766094 -0.229828 -9.26973 0.128016 0.167498 10.0331 0.0733038 -0.163865 -0.0810924
2226.83 0.0383047 -0.191523 -9.34634 0.149551 0.160319 10.0068 0.0723875 -0.163865 -0.0823141
2226.85 -0.0383047 -0.153219 -9.42295 0.153141 0.162712 10.0152 0.0723875 -0.163254 -0.0792598
2226.86 0.0 -0.229828 -9.46126 0.132802 0.166301 10.002 0.0734565 -0.164475 -0.0813978
2226.88 0.0 -0.229828 -9.72939 0.116052 0.172283 10.0092 0.0719294 -0.162337 -0.0810924
2226.9 0.0383047 -0.153219 -9.42295 0.11007 0.165105 10.0104 0.071013 -0.161879 -0.0783434
2226.91 -0.0383047 -0.268133 -9.0016 0.101695 0.155533 10.0056 0.0739146 -0.163712 -0.0810924
2226.93 -0.153219 -0.229828 -9.49956 0.100499 0.154337 10.0187 0.0720821 -0.162796 -0.0803288
2226.95 0.0 -0.229828 -9.46126 0.0825523 0.149551 10.0056 0.0713185 -0.163406 -0.0789543
2226.96 0.0383047 -0.229828 -9.15482 0.0705882 0.154337 10.002 0.0713185 -0.160963 -0.0786489
2226.98 0.0766094 -0.153219 -9.46126 0.0801595 0.154337 10.0032 0.0733038 -0.163406 -0.081245
2227.0 0.0766094 -0.153219 -9.26973 0.11007 0.147159 10.0128 0.0702495 -0.161726 -0.0792598
2227.01 0.0383047 -0.229828 -9.38465 0.0957129 0.132802 10.0032 0.0720821 -0.163865 -0.0794125
2227.03 -0.0766094 -0.191523 -9.38465 0.107677 0.12682 9.99841 0.0723875 -0.165086 -0.079107
2227.04 -0.153219 -0.114914 -9.57617 0.117248 0.106481 9.99123 0.0723875 -0.163865 -0.0781907
2227.06 -0.114914 -0.268133 -9.38465 0.113659 0.106481 10.002 0.073762 -0.166461 -0.0810924
2227.08 0.114914 -0.191523 -9.65278 0.124427 0.117248 10.0175 0.0729984 -0.165086 -0.0827722
2227.09 0.0 -0.229828 -9.38465 0.11007 0.111266 10.008 0.0726929 -0.163559 -0.0784962
2227.11 -0.0766094 -0.268133 -9.46126 0.113659 0.112463 10.014 0.0725402 -0.166003 -0.0798706
2227.13 0.0383047 -0.191523 -9.34634 0.0957129 0.120837 10.008 0.073762 -0.165239 -0.0824668
2227.14 0.0383047 -0.229828 -9.38465 0.0909272 0.116052 9.99242 0.0719294 -0.163254 -0.0789543
2227.16 -0.0383047 -0.191523 -9.53786 0.0897308 0.124427 10.0044 0.0722348 -0.16417 -0.0804815
2227.18 -0.0766094 -0.229828 -9.38465 0.100499 0.12682 9.99601 0.0725402 -0.164781 -0.0815505
2227.19 0.0766094 -0.229828 -9.23143 0.113659 0.130409 10.0044 0.0739146 -0.165544 -0.0815505
2227.21 0.0383047 -0.191523 -9.30804 0.133998 0.143569 9.99841 0.073762 -0.164475 -0.0810924
2227.23 -0.0766094 -0.153219 -9.69109 0.133998 0.141176 10.0128 0.0722348 -0.164628 -0.0794125
2227.24 0.0 -0.229828 -9.42295 0.144766 0.143569 10.008 0.0743728 -0.165697 -0.0835358
2227.26 -0.153219 -0.344742 -9.30804 0.128016 0.147159 10.0032 0.071624 -0.162796 -0.0807869
2227.28 0.114914 -0.268133 -9.34634 0.133998 0.145962 9.99362 0.073762 -0.164017 -0.081245
2227.29 0.0383047 -0.153219 -9.46126 0.12682 0.149551 9.99123 0.0762054 -0.166766 -0.0824668
2227.31 -0.0383047 -0.114914 -9.38465 0.119641 0.155533 10.0008 0.0731511 -0.163712 -0.0804815
2227.33 -0.0766094 -0.497961 -9.53786 0.118445 0.149551 9.99841 0.0749837 -0.16585 -0.0820086
2227.34 -0.114914 -0.229828 -9.53786 0.104088 0.141176 10.002 0.0746782 -0.166766 -0.0842994
2227.36 -0.0383047 -0.191523 -9.53786 0.104088 0.150748 10.002 0.0728457 -0.163865 -0.0807869
2227.38 0.0766094 -0.153219 -9.38465 0.122034 0.141176 9.99123 0.0757473 -0.16417 -0.0838412
2227.39 -0.114914 -0.229828 -9.53786 0.125623 0.160319 10.0104 0.074831 -0.163254 -0.0817032
2227.41 -0.0766094 -0.229828 -9.53786 0.128016 0.168694 10.0032 0.0746782 -0.164781 -0.0801761
2227.43 0.0383047 -0.229828 -9.38465 0.135194 0.165105 10.008 0.0743728 -0.165239 -0.0809396
2227.44 -0.153219 -0.268133 -9.15482 0.131605 0.148355 9.99601 0.0752891 -0.164323 -0.0836885
2227.46 -0.0766094 -0.306437 -9.34634 0.129212 0.141176 9.99721 0.0708604 -0.161268 -0.0803288
2227.48 0.0766094 -0.191523 -9.53786 0.116052 0.135194 9.99242 0.073762 -0.161421 -0.0784962
2227.49 -0.0383047 -0.229828 -9.38465 0.11007 0.141176 10.0116 0.0760527 -0.165086 -0.0817032
2227.51 -0.0383047 -0.344742 -9.8443 0.0777667 0.124427 9.99841 0.0725402 -0.164628 -0.0794125
2227.53 0.0383047 -0.229828 -9.46126 0.0741775 0.136391 9.99601 0.0729984 -0.163865 -0.0824668
2227.54 0.0383047 -0.344742 -9.23143 0.0777667 0.13998 10.014 0.0739146 -0.163559 -0.0842994
2227.56 -0.0383047 -0.191523 -9.19312 0.0789631 0.136391 10.002 0.0704022 -0.16249 -0.0788016
2227.58 0.0383047 -0.383047 -9.88261 0.0969093 0.136391 10.0164 0.0743728 -0.165239 -0.0823141
2227.59 0.0 -0.191523 -9.49956 0.0658026 0.13998 10.0092 0.073762 -0.165239 -0.0798706
2227.61 0.114914 -0.421352 -9.46126 0.0921237 0.154337 10.0032 0.071624 -0.162796 -0.0801761
2227.63 -0.191523 -0.268133 -9.49956 0.105284 0.150748 10.0044 0.0742201 -0.166155 -0.0804815
2227.64 -0.114914 -0.268133 -9.8443 0.0957129 0.147159 9.99123 0.0728457 -0.163712 -0.0792598
2227.66 0.0383047 -0.153219 -9.0016 0.114855 0.138784 9.99242 0.0743728 -0.165697 -0.0797179
2227.67 0.0 -0.191523 -9.65278 0.0993021 0.141176 9.99601 0.0725402 -0.164323 -0.0789543
2227.69 -0.0766094 -0.153219 -9.34634 0.0921237 0.147159 10.0008 0.0704022 -0.161726 -0.0775799
2227.7 0.153219 -0.306437 -9.34634 0.102891 0.125623 9.99841 0.0734565 -0.166308 -0.0809396
2227.72 0.0383047 -0.153219 -9.34634 0.104088 0.125623 9.99721 0.0729984 -0.16417 -0.0809396
2227.74 -0.114914 -0.268133 -9.38465 0.106481 0.136391 10.0032 0.0742201 -0.16585 -0.0809396
2227.75 0.0383047 -0.229828 -9.42295 0.108873 0.128016 9.99482 0.0739146 -0.16585 -0.0810924
2227.77 0.0 -0.153219 -9.30804 0.12323 0.138784 9.99721 0.0757473 -0.166003 -0.0807869
2229.78 0.0 -0.191523 -9.34634 0.106481 0.143569 10.0008 0.0742201 -0.164934 -0.0798706
2229.79 -0.153219 -0.153219 -9.30804 0.122034 0.141176 9.99601 0.0760527 -0.164934 -0.0823141
2229.81 -0.306437 -0.191523 -9.38465 0.133998 0.148355 9.99482 0.0742201 -0.164017 -0.0829249
2229.83 -0.0766094 -0.153219 -9.42295 0.124427 0.150748 9.9996 0.0772744 -0.167377 -0.0836885
2229.84 -0.306437 -0.114914 -9.34634 0.125623 0.150748 10.0044 0.0743728 -0.166461 -0.0821613
2229.86 0.0 -0.191523 -9.38465 0.12682 0.159123 9.99242 0.0745255 -0.164628 -0.081245
2229.88 -0.0383047 -0.229828 -9.15482 0.125623 0.171087 10.0068 0.0754418 -0.164934 -0.0842994
2229.89 0.114914 -0.229828 -9.46126 0.125623 0.180658 10.0032 0.0754418 -0.165392 -0.0829249
2229.91 -0.0383047 -0.306437 -9.23143 0.117248 0.185444 9.9996 0.0739146 -0.16417 -0.0820086
2229.93 -0.114914 -0.114914 -9.38465 0.124427 0.185444 10.0044 0.076969 -0.168293 -0.0821613
2229.94 -0.0383047 -0.191523 -9.42295 0.130409 0.199801 10.002 0.0722348 -0.163406 -0.0781907
2229.96 -0.0766094 -0.229828 -9.72939 0.122034 0.193819 10.0044 0.0728457 -0.164475 -0.078038
2229.98 0.0383047 -0.191523 -9.42295 0.137587 0.177069 10.008 0.0717766 -0.162796 -0.0788016
2229.99 -0.114914 -0.229828 -9.42295 0.12323 0.171087 10.0128 0.0726929 -0.164323 -0.0810924
2230.01 -0.114914 -0.229828 -9.65278 0.138784 0.157926 10.0044 0.0708604 -0.161268 -0.0789543
2230.02 -0.0766094 -0.306437 -9.38465 0.122034 0.157926 9.99721 0.0725402 -0.164628 -0.0784962
2230.04 0.114914 -0.0766094 -9.42295 0.128016 0.148355 10.0056 0.0704022 -0.162032 -0.0772744
2230.06 0.0 -0.229828 -9.42295 0.116052 0.143569 10.0044 0.0722348 -0.164934 -0.0803288
2230.07 -0.0383047 -0.229828 -9.72939 0.112463 0.129212 10.0056 0.0723875 -0.164628 -0.0803288
2230.09 0.0 -0.191523 -9.49956 0.101695 0.125623 10.002 0.0729984 -0.16417 -0.0801761
2230.11 0.0 -0.153219 -9.42295 0.0945165 0.118445 9.99721 0.071624 -0.165086 -0.0789543
2230.12 -0.0383047 -0.191523 -9.53786 0.100499 0.120837 10.0044 0.0728457 -0.164017 -0.0810924
2230.14 -0.0383047 -0.191523 -9.34634 0.09332 0.119641 10.0116 0.0733038 -0.163559 -0.0803288
2230.16 0.114914 -0.268133 -9.19312 0.0957129 0.119641 10.0044 0.0740674 -0.165697 -0.081245
2230.17 0.0383047 -0.153219 -9.38465 0.102891 0.112463 10.0092 0.0729984 -0.16417 -0.0792598
2230.19 0.0 -0.268133 -9.69109 0.0969093 0.102891 10.002 0.0736092 -0.162796 -0.0788016
2230.21 -0.0383047 -0.229828 -9.38465 0.0957129 0.116052 9.99362 0.0739146 -0.166155 -0.0788016
2230.22 0.0 -0.191523 -9.57617 0.106481 0.105284 10.0128 0.074831 -0.165086 -0.0795652
2230.24 0.0383047 -0.229828 -9.38465 0.0885344 0.11007 9.99482 0.0731511 -0.165392 -0.0803288
2230.26 0.0 -0.268133 -9.65278 0.118445 0.0969093 9.99003 0.0728457 -0.163101 -0.0807869
2230.27 0.0766094 -0.191523 -9.42295 0.108873 0.101695 10.0092 0.074831 -0.16585 -0.0823141
2230.29 0.0 -0.191523 -9.49956 0.102891 0.108873 9.98405 0.0729984 -0.163254 -0.0806342
2230.31 0.114914 -0.383047 -9.69109 0.108873 0.12323 10.0128 0.073762 -0.163101 -0.0803288
2230.32 0.0 -0.153219 -9.34634 0.107677 0.129212 10.0104 0.0763581 -0.166613 -0.0844521
2230.34 -0.0766094 -0.306437 -9.34634 0.120837 0.135194 10.002 0.0752891 -0.163865 -0.0846048
2230.36 -0.0383047 -0.191523 -9.49956 0.124427 0.136391 9.99721 0.074831 -0.164934 -0.0838412
2230.37 -0.0766094 -0.114914 -9.38465 0.119641 0.163908 10.0056 0.0757473 -0.165239 -0.0813978
2230.39 0.0766094 -0.306437 -9.46126 0.12682 0.17348 10.0044 0.0746782 -0.165544 -0.0817032
2230.41 0.0 -0.229828 -9.38465 0.145962 0.174676 10.002 0.0740674 -0.166155 -0.0809396
2230.42 -0.114914 -0.229828 -9.34634 0.138784 0.178265 9.99003 0.0728457 -0.163254 -0.0817032
2230.44 -0.0383047 -0.153219 -9.34634 0.136391 0.172283 10.0068 0.0734565 -0.164934 -0.0827722
2230.46 -0.114914 -0.229828 -9.46126 0.128016 0.180658 10.002 0.0771217 -0.165697 -0.0806342
2230.47 -0.0766094 -0.191523 -9.34634 0.142373 0.166301 9.99721 0.0742201 -0.164475 -0.0815505
2230.49 0.0 -0.191523 -9.34634 0.13998 0.159123 10.002 0.0752891 -0.163712 -0.0821613
2230.5 0.0 -0.306437 -9.53786 0.132802 0.163908 10.0056 0.0717766 -0.163865 -0.0820086
2230.52 0.0 -0.268133 -9.34634 0.135194 0.159123 10.002 0.0717766 -0.162796 -0.0820086
2230.54 0.0 -0.191523 -9.38465 0.132802 0.154337 10.0056 0.0725402 -0.161879 -0.0788016
2230.55 0.0383047 -0.153219 -9.57617 0.12323 0.149551 10.0056 0.0723875 -0.162643 -0.0804815
2230.57 -0.0766094 -0.153219 -9.46126 0.128016 0.167498 10.0187 0.0704022 -0.161574 -0.0794125
2230.59 -0.191523 -0.268133 -9.57617 0.107677 0.168694 10.0068 0.073762 -0.163559 -0.0806342
2230.6 -0.0766094 -0.191523 -9.38465 0.101695 0.161515 9.9996 0.071624 -0.162948 -0.0795652
2230.62 -0.0383047 -0.153219 -9.23143 0.0981057 0.153141 10.0068 0.0699441 -0.163406 -0.0804815
2230.64 -0.0383047 -0.153219 -9.38465 0.0765703 0.148355 10.0068 0.0731511 -0.164017 -0.0800233
2230.65 0.0 -0.268133 -9.53786 0.0837488 0.136391 9.99482 0.0729984 -0.16417 -0.0788016
2230.67 -0.191523 -0.153219 -9.23143 0.0825523 0.143569 10.0044 0.0720821 -0.163712 -0.0786489
2230.69 0.0 -0.153219 -9.34634 0.0777667 0.129212 10.002 0.0700968 -0.163712 -0.0783434
2230.7 0.0383047 -0.229828 -9.42295 0.0789631 0.112463 9.99841 0.0723875 -0.165086 -0.0806342
2230.72 0.0 -0.191523 -9.38465 0.0789631 0.107677 9.99362 0.0720821 -0.165086 -0.079107
2230.74 0.0383047 -0.153219 -9.15482 0.0765703 0.101695 9.99721 0.0754418 -0.167224 -0.0792598
2230.75 0.0383047 -0.229828 -9.30804 0.0861416 0.119641 10.008 0.0729984 -0.164781 -0.0778853
2230.77 -0.0383047 -0.383047 -9.38465 0.0897308 0.124427 10.0008 0.0726929 -0.165086 -0.0800233
2230.79 -0.0383047 -0.191523 -9.42295 0.0957129 0.130409 9.99841 0.0746782 -0.166308 -0.0804815
2230.8 0.0766094 -0.229828 -9.38465 0.0945165 0.138784 10.0008 0.0723875 -0.163865 -0.0806342
2230.82 0.0383047 -0.153219 -9.49956 0.125623 0.122034 10.0223 0.0731511 -0.164934 -0.079107
2230.84 0.0766094 -0.229828 -9.46126 0.113659 0.130409 9.99601 0.0742201 -0.166766 -0.0789543
2230.85 -0.0766094 -0.0766094 -9.76769 0.132802 0.130409 10.0128 0.068875 -0.160352 -0.0765108
2230.87 0.0 -0.153219 -9.46126 0.133998 0.125623 10.008 0.0736092 -0.165392 -0.0818559
2230.89 0.229828 -0.153219 -9.30804 0.136391 0.124427 9.99721 0.074831 -0.165239 -0.0824668
2230.9 0.0383047 -0.229828 -9.42295 0.150748 0.122034 10.008 0.0736092 -0.165239 -0.0815505
2230.92 -0.153219 -0.268133 -9.65278 0.149551 0.125623 10.0068 0.076969 -0.166766 -0.0794125
2230.94 -0.0383047 -0.114914 -9.42295 0.166301 0.118445 10.0056 0.0739146 -0.165239 -0.0824668
2230.95 -0.0383047 -0.229828 -9.72939 0.167498 0.130409 10.008 0.0736092 -0.163101 -0.0820086
