681.055 -7.3545 -1.6471 -5.7457 7.52782 -1.27896 6.39003 0.0759 -0.165239 -0.251982
681.07 -7.31619 -1.37897 -5.40096 7.46321 -1.28495 6.07059 0.0789543 -0.167835 -0.231976
681.087 -7.23959 -1.41727 -5.47757 7.50269 -1.26102 6.09212 0.0777326 -0.162185 -0.231365
681.104 -7.20128 -1.6471 -5.59248 7.34357 -1.25384 6.37208 0.0789543 -0.163865 -0.24908
681.12 -7.04806 -1.53219 -6.32027 7.21914 -1.28016 6.71067 0.0763581 -0.163865 -0.276111
681.137 -7.16298 -1.37897 -6.47349 7.26102 -1.31366 7.0995 0.0824668 -0.166461 -0.269239
681.153 -7.12467 -1.57049 -6.47349 7.28973 -1.2682 7.1007 0.0820086 -0.169515 -0.245415
681.17 -7.27789 -1.41727 -6.05214 7.401 -1.12104 6.76211 0.0803288 -0.174555 -0.200364
681.187 -7.08637 -1.34066 -5.82231 7.41775 -1.06122 6.3338 0.0781907 -0.175166 -0.184634
681.203 -7.23959 -1.41727 -5.59248 7.44168 -1.08275 6.28834 0.0752891 -0.171348 -0.190743
681.22 -7.43111 -1.41727 -5.93723 7.47398 -1.15454 6.53001 0.0754418 -0.168141 -0.205403
681.236 -7.46941 -1.45558 -6.5118 7.43569 -1.1007 6.75135 0.0789543 -0.168904 -0.231212
681.253 -7.3545 -1.45558 -6.74162 7.45125 -1.14377 6.74776 0.0749837 -0.169973 -0.262367
681.27 -7.16298 -1.45558 -5.89892 7.54457 -1.06839 6.57787 0.0742201 -0.168446 -0.271224
681.286 -7.23959 -1.37897 -6.09044 7.47996 -1.11506 6.67956 0.0705549 -0.162948 -0.253509
681.303 -7.20128 -1.18745 -6.32027 7.3328 -1.05882 6.78604 0.0702495 -0.162337 -0.214414
681.319 -7.12467 -1.22575 -5.7457 7.28016 -1.00499 6.87577 0.068875 -0.163406 -0.201585
681.336 -7.3545 -1.45558 -5.86062 7.42493 -1.04566 6.22971 0.0691805 -0.167377 -0.204945
681.353 -7.23959 -1.30236 -5.59248 7.4321 -1.01934 6.35414 0.0681114 -0.159894 -0.22037
681.369 -7.23959 -1.18745 -6.12875 7.41536 -0.973878 6.68794 0.0704022 -0.160047 -0.230449
681.386 -7.46941 -1.18745 -6.47349 7.31127 -0.869791 6.72981 0.0733038 -0.161421 -0.241139
681.402 -7.27789 -1.18745 -6.28197 7.45005 -0.90329 6.95115 0.064599 -0.163712 -0.239612
681.419 -7.20128 -1.34066 -6.74162 7.45484 -0.967896 6.98225 0.0702495 -0.172722 -0.21197
681.436 -7.3545 -1.14914 -6.20536 7.41296 -0.82672 7.24068 0.0693332 -0.179442 -0.182038
681.452 -7.43111 -1.07253 -5.55418 7.66899 -0.831506 6.27278 0.0673479 -0.184787 -0.152716
681.469 -7.50772 -1.11084 -5.7074 7.46202 -0.836291 6.60778 0.0578795 -0.174249 -0.167072
681.485 -7.08637 -1.18745 -6.01384 7.33041 -0.875773 6.82911 0.0598648 -0.175776 -0.164017
681.502 -7.08637 -1.18745 -6.05214 7.46441 -0.872184 6.38883 0.0626137 -0.180511 -0.178067
681.519 -7.16298 -1.30236 -6.20536 7.38784 -0.887737 6.86381 0.071013 -0.16753 -0.178373
681.535 -7.23959 -1.22575 -6.05214 7.35194 -0.897308 6.70469 0.0728457 -0.166461 -0.159894
681.552 -7.58433 -1.30236 -6.05214 7.52423 -0.991825 6.54198 0.0682642 -0.166766 -0.145386
681.568 -7.31619 -1.18745 -5.89892 7.54576 -0.922433 6.42592 0.0719294 -0.167988 -0.145844
681.584 -7.20128 -1.18745 -6.16705 7.49073 -0.855434 6.46062 0.0733038 -0.170279 -0.170737
681.601 -7.08637 -0.957617 -6.24366 7.47398 -0.777667 6.65563 0.0687223 -0.167988 -0.186925
681.617 -7.27789 -0.995922 -6.12875 7.44048 -0.769292 6.70588 0.0681114 -0.16921 -0.181274
681.634 -7.31619 -0.842703 -5.66909 7.4656 -0.758524 6.59462 0.0685696 -0.168904 -0.156229
681.65 -7.31619 -1.03423 -5.86062 7.49312 -0.739382 6.56471 0.0661261 -0.166613 -0.146302
681.667 -7.3545 -1.03423 -5.97553 7.51705 -0.781256 6.55394 0.065668 -0.165239 -0.142026
681.684 -7.12467 -0.995922 -5.86062 7.5996 -0.788435 6.36132 0.0691805 -0.168293 -0.13943
681.7 -7.3928 -1.03423 -5.7457 7.67258 -0.786042 6.30389 0.0671951 -0.164017 -0.153022
681.717 -7.20128 -1.14914 -6.09044 7.52662 -0.815952 6.68913 0.0694859 -0.163101 -0.173028
681.733 -7.3545 -1.18745 -5.97553 7.54098 -0.943968 6.61615 0.071624 -0.169668 -0.166613
681.75 -7.3545 -1.14914 -5.86062 7.5661 -0.924826 6.64367 0.0719294 -0.165697 -0.170279
681.767 -7.50772 -1.14914 -6.12875 7.53619 -0.837488 6.53121 0.0690278 -0.160505 -0.168446
681.783 -7.31619 -1.03423 -5.97553 7.56849 -0.757328 6.54556 0.0717766 -0.161116 -0.149815
681.8 -7.58433 -0.995922 -6.01384 7.59362 -0.687936 6.55992 0.0717766 -0.161879 -0.113926
681.816 -7.43111 -0.995922 -5.78401 7.62951 -0.701097 6.50608 0.0700968 -0.159283 -0.107512
681.833 -7.23959 -1.07253 -5.82231 7.53739 -0.787238 6.58983 0.0719294 -0.161726 -0.126602
681.849 -7.20128 -1.18745 -6.09044 7.48355 -0.798006 6.64606 0.074831 -0.163559 -0.116675
681.864 -7.43111 -1.14914 -5.89892 7.53858 -0.862612 6.55514 0.071624 -0.161116 -0.10064
681.88 -7.43111 -1.18745 -5.66909 7.468 -0.802792 6.55633 0.073762 -0.161574 -0.0899499
681.897 -7.23959 -0.957617 -5.93723 7.45244 -0.715454 6.54676 0.0713185 -0.162643 -0.0867428
681.913 -7.20128 -0.842703 -5.82231 7.44766 -0.664008 6.54796 0.0687223 -0.160658 -0.085063
681.93 -7.20128 -1.07253 -5.89892 7.47158 -0.70349 6.53958 0.0714712 -0.161726 -0.0945314
681.946 -7.20128 -1.07253 -5.86062 7.48833 -0.740578 6.55035 0.0707076 -0.160963 -0.0975857
681.963 -7.43111 -0.995922 -5.7457 7.39382 -0.7334 6.55514 0.0736092 -0.166308 -0.0969748
681.98 -7.27789 -0.881008 -5.93723 7.44526 -0.723829 6.56351 0.0708604 -0.161574 -0.0729984
681.996 -7.54602 -0.689484 -5.89892 7.61037 -0.666401 6.57069 0.0739146 -0.163101 -0.0607811
682.013 -7.43111 -0.881008 -6.01384 7.65583 -0.630509 6.55274 0.071624 -0.160047 -0.0615447
682.029 -7.31619 -0.957617 -6.12875 7.54217 -0.62333 6.54556 0.068875 -0.160963 -0.0665843
682.046 -7.3545 -1.03423 -6.20536 7.46441 -0.704686 6.55514 0.0665843 -0.160963 -0.0626137
682.063 -7.31619 -1.11084 -5.93723 7.48594 -0.792024 6.56112 0.0711658 -0.162185 -0.0331394
682.079 -7.31619 -1.18745 -6.35858 7.46202 -0.862612 6.53839 0.071013 -0.158978 -0.0167988
682.096 -7.3545 -1.11084 -5.93723 7.5003 -0.795613 6.5324 0.0723875 -0.161879 -0.000916298
682.112 -7.3928 -1.11084 -5.7074 7.55773 -0.823131 6.54078 0.0725402 -0.162643 -0.00473421
682.129 -7.43111 -0.995922 -6.09044 7.63669 -0.76331 6.55035 0.0739146 -0.162796 -0.0108429
682.146 -7.43111 -1.07253 -5.97553 7.68455 -0.774078 6.56471 0.0731511 -0.16081 -0.0155771
682.162 -7.89076 -1.14914 -5.78401 7.75035 -0.803988 6.54556 0.0757473 -0.158061 -0.0108429
682.179 -7.58433 -1.11084 -5.82231 7.7324 -0.836291 6.54556 0.0720821 -0.15348 -0.00274889
682.195 -7.50772 -1.07253 -6.39688 7.66062 -0.872184 6.54915 0.0786489 -0.161116 0.01237
682.212 -7.3545 -1.30236 -5.55418 7.61755 -0.94995 6.55514 0.0733038 -0.152869 0.0343612
682.229 -7.31619 -1.07253 -5.89892 7.50269 -0.845862 6.55992 0.0739146 -0.1518 0.0397062
682.245 -7.23959 -1.07253 -6.01384 7.46321 -0.813559 6.56471 0.0772744 -0.15516 0.0400117
682.262 -7.20128 -1.26405 -5.7457 7.47398 -0.89013 6.58505 0.071624 -0.149662 0.0198531
682.278 -7.08637 -1.14914 -5.93723 7.44048 -0.90329 6.58385 0.0755945 -0.153633 -0.0210748
682.295 -7.3545 -1.03423 -5.97553 7.30169 -0.904487 6.57308 0.0713185 -0.151189 -0.030696
682.312 -7.00976 -1.14914 -5.89892 7.20598 -0.882951 6.55753 0.0694859 -0.152411 -0.0503964
682.328 -7.00976 -1.22575 -5.89892 7.2335 -0.960718 6.60538 0.0729984 -0.15684 -0.0507018
682.345 -7.08637 -1.11084 -5.97553 7.26939 -0.859023 6.5659 0.0720821 -0.15745 -0.0555887
682.361 -7.12467 -1.18745 -6.32027 7.28016 -0.869791 6.57787 0.0705549 -0.158978 -0.0682642
682.378 -7.00976 -1.30236 -6.20536 7.32562 -0.937986 6.58385 0.071013 -0.161421 -0.0855211
682.395 -7.04806 -1.22575 -5.86062 7.32562 -0.951147 6.58265 0.0711658 -0.162643 -0.109039
682.411 -7.27789 -1.22575 -6.12875 7.45125 -1.00379 6.57308 0.0696386 -0.164475 -0.121409
682.428 -7.23959 -1.41727 -5.93723 7.47877 -1.02413 6.57906 0.0700968 -0.162643 -0.137445
682.443 -7.16298 -1.26405 -5.89892 7.43928 -1.00379 6.59462 0.0722348 -0.163865 -0.107512
682.46 -7.08637 -1.11084 -5.59248 7.45962 -0.991825 6.61017 0.0754418 -0.163559 -0.0833831
682.477 -7.27789 -1.11084 -5.97553 7.48714 -0.862612 6.56949 0.0781907 -0.165239 -0.0520762
682.493 -7.3545 -1.49388 -6.20536 7.56132 -0.975075 6.57787 0.0740674 -0.16249 -0.0627664
682.51 -7.27789 -1.30236 -5.93723 7.55533 -0.990628 6.56949 0.0777326 -0.162948 -0.0899499
682.526 -7.3545 -1.37897 -5.89892 7.52303 -1.06481 6.55872 0.0736092 -0.161726 -0.135307
682.542 -7.31619 -1.30236 -5.86062 7.49432 -0.978664 6.5671 0.0749837 -0.162032 -0.16081
682.559 -7.27789 -1.26405 -5.93723 7.49432 -0.948754 6.57308 0.0700968 -0.155923 -0.151189
682.575 -7.16298 -1.22575 -6.01384 7.46202 -0.939182 6.57069 0.0772744 -0.162032 -0.129198
682.592 -7.3545 -1.14914 -5.93723 7.34596 -0.831506 6.56471 0.0772744 -0.161574 -0.106901
682.608 -7.20128 -1.34066 -6.01384 7.37109 -0.934397 6.56112 0.0792598 -0.163559 -0.110108
682.625 -7.23959 -1.11084 -5.86062 7.401 -0.757328 6.6006 0.0781907 -0.163101 -0.1321
682.642 -7.3928 -1.34066 -5.89892 7.46082 -0.847059 6.56351 0.0766636 -0.166461 -0.14676
682.658 -7.16298 -1.22575 -5.97553 7.43928 -0.830309 6.56351 0.0768163 -0.164017 -0.140499
682.675 -7.16298 -1.22575 -6.01384 7.36271 -0.924826 6.56351 0.0786489 -0.166919 -0.126907
682.691 -6.97145 -1.26405 -6.05214 7.30528 -0.987039 6.58026 0.0759 -0.163559 -0.0902553
682.707 -7.04806 -1.22575 -6.16705 7.3005 -0.954736 6.55274 0.0772744 -0.164475 -0.0740674
682.723 -7.00976 -1.41727 -5.93723 7.36032 -0.946361 6.58265 0.0797179 -0.165697 -0.073762
682.739 -7.08637 -1.22575 -6.01384 7.39741 -0.886541 6.57188 0.0813978 -0.167072 -0.0829249
682.755 -7.3928 -1.14914 -5.89892 7.3998 -0.926022 6.58146 0.0803288 -0.166155 -0.0849102
682.771 -7.46941 -1.14914 -5.97553 7.51705 -0.875773 6.57188 0.0789543 -0.168446 -0.0820086
682.787 -7.3545 -0.995922 -6.09044 7.45484 -0.786042 6.55514 0.0813978 -0.167072 -0.0829249
682.803 -7.27789 -1.07253 -5.93723 7.45244 -0.778863 6.57428 0.0800233 -0.166461 -0.0821613
682.819 -7.23959 -1.11084 -5.89892 7.45125 -0.823131 6.57188 0.0817032 -0.16982 -0.0881173
682.836 -7.46941 -1.11084 -6.01384 7.47757 -0.812363 6.57428 0.0794125 -0.166308 -0.0897971
682.853 -7.3545 -1.03423 -5.89892 7.48714 -0.814756 6.57188 0.0784962 -0.166308 -0.0899499
682.869 -7.43111 -0.957617 -6.32027 7.51825 -0.795613 6.56231 0.0823141 -0.170889 -0.0940732
682.886 -7.31619 -1.22575 -5.93723 7.5003 -0.827916 6.55633 0.0794125 -0.16753 -0.0934624
682.902 -7.20128 -1.03423 -5.55418 7.52184 -0.837488 6.56471 0.0810924 -0.16585 -0.0968221
682.919 -7.3928 -0.995922 -6.01384 7.58525 -0.847059 6.57069 0.0795652 -0.164781 -0.0962113
682.936 -7.50772 -0.995922 -5.89892 7.58883 -0.747757 6.5671 0.081245 -0.166766 -0.0954477
682.952 -7.58433 -0.957617 -6.32027 7.58046 -0.747757 6.55514 0.0800233 -0.165544 -0.0908662
682.968 -7.3545 -1.11084 -5.97553 7.59362 -0.744168 6.57428 0.078038 -0.165544 -0.0901026
682.983 -7.31619 -1.03423 -5.82231 7.55533 -0.740578 6.59342 0.0775799 -0.16249 -0.0844521
682.999 -7.3928 -0.919312 -5.93723 7.55892 -0.752542 6.57428 0.0801761 -0.164781 -0.0841467
683.015 -7.27789 -1.11084 -6.12875 7.54816 -0.710668 6.56112 0.0759 -0.16417 -0.0818559
683.03 -7.20128 -1.03423 -6.01384 7.54576 -0.725025 6.57188 0.0746782 -0.163559 -0.0798706
683.046 -7.27789 -0.995922 -6.09044 7.48953 -0.790828 6.55035 0.0794125 -0.16753 -0.0800233
683.062 -7.27789 -1.18745 -5.66909 7.42852 -0.875773 6.5659 0.0763581 -0.162643 -0.068875
683.077 -7.12467 -1.07253 -6.12875 7.44287 -0.872184 6.56231 0.078038 -0.164628 -0.0658207
683.093 -7.16298 -1.11084 -5.78401 7.39262 -0.866202 6.57547 0.0774271 -0.162948 -0.0627664
683.108 -7.16298 -1.22575 -6.01384 7.37827 -0.827916 6.5659 0.0794125 -0.16417 -0.0664316
683.124 -7.20128 -1.11084 -5.63079 7.41057 -0.911665 6.55992 0.0800233 -0.165086 -0.0668897
683.728 -7.12467 -0.881008 -5.86062 7.37707 -0.643669 6.51685 0.0856738 -0.156381 -0.435394
683.744 -7.27789 -0.919312 -6.01384 7.535 -0.582652 6.61735 0.0873537 -0.151953 -0.378431
683.768 -7.43111 -0.689484 -5.97553 7.42014 -0.294317 6.57308 0.0864374 -0.1518 -0.322079
683.784 -7.16298 -0.689484 -6.05214 7.35075 -0.35653 6.68913 0.081245 -0.141721 -0.194408
683.801 -7.04806 -0.881008 -5.82231 7.31486 -0.528814 6.69631 0.0853684 -0.148746 -0.0981966
683.817 -7.27789 -0.804398 -5.82231 7.44287 -0.642473 6.63051 0.0867428 -0.151036 -0.0888809
683.834 -6.85654 -0.727789 -6.01384 7.18086 -0.473779 6.55633 0.0823141 -0.154396 -0.144317
683.851 -6.47349 -0.612875 -5.89892 6.81236 -0.398405 6.44506 0.0784962 -0.164628 -0.23335
683.867 -6.58841 -0.727789 -5.66909 6.76092 -0.468993 6.40798 0.0768163 -0.168141 -0.263588
683.884 -6.74162 -1.03423 -5.97553 6.92243 -0.661615 6.61495 0.0798706 -0.172417 -0.284816
683.9 -7.00976 -0.842703 -5.89892 7.17368 -0.680758 6.65683 0.0847575 -0.177151 -0.226936
683.917 -7.04806 -0.919312 -5.97553 7.18684 -0.660419 6.5671 0.0842994 -0.177762 -0.187841
683.933 -6.89484 -0.612875 -5.7074 7.21316 -0.421137 6.4331 0.0864374 -0.179136 -0.135459
683.948 -7.12467 -0.383047 -6.20536 7.46202 -0.0993021 6.44746 0.0846048 -0.183718 -0.118813
683.965 -7.08637 -0.497961 -6.16705 7.83888 -0.00239282 6.5001 0.0833831 -0.183107 -0.119424
683.982 -8.04398 -0.344742 -6.01384 8.14157 -0.0885344 6.65444 0.0806342 -0.180053 -0.126755
683.999 -8.12059 -0.459656 -6.24366 8.19661 -0.0801595 6.61376 0.0751364 -0.171653 -0.102778
684.016 -7.77585 -0.153219 -5.93723 8.03749 0.0969093 6.62333 0.0687223 -0.164475 -0.0555887
684.032 -7.46941 -0.306437 -6.12875 7.9011 0.175872 6.53719 0.0681114 -0.163559 -0.0390954
684.049 -7.54602 -0.497961 -5.89892 7.7659 -0.0562313 6.6353 0.0664316 -0.159589 -0.0116064
684.066 -7.54602 -0.766094 -6.43519 7.54696 -0.537189 6.62453 0.0679587 -0.157909 -0.00244346
684.082 -7.27789 -0.995922 -6.01384 7.37228 -0.698704 6.64128 0.0655153 -0.154549 0.00855211
684.099 -6.81823 -0.919312 -6.01384 7.08993 -0.697508 6.61615 0.0699441 -0.160658 0.0325286
684.115 -6.81823 -0.842703 -6.09044 6.96191 -0.541974 6.59701 0.071624 -0.163712 0.0288634
684.132 -7.08637 -0.842703 -5.93723 7.10309 -0.510867 6.60419 0.0728457 -0.166308 -0.0348193
684.149 -7.92907 -0.842703 -5.97553 7.77547 -0.520439 6.58624 0.0751364 -0.170737 -0.0474948
684.165 -7.92907 -0.497961 -5.89892 8.14516 -0.31346 6.54317 0.0725402 -0.161879 -0.0018326
684.182 -7.66094 -0.383047 -6.09044 8.01476 -0.230907 6.48096 0.0679587 -0.160047 0.0282525
684.198 -7.69924 -0.229828 -5.97553 7.77428 0.129212 6.54915 0.068875 -0.165544 0.0183259
684.215 -7.00976 0.0 -5.86062 7.35194 0.527617 6.51685 0.0557414 -0.157756 -0.0478002
684.232 -7.08637 -0.727789 -5.66909 7.3352 -0.547956 6.64367 0.0436769 -0.15913 -0.110567
684.249 -6.89484 -1.22575 -6.01384 7.21795 -0.679561 6.39362 0.0461203 -0.160505 -0.11301
684.266 -6.28197 -1.53219 -5.78401 6.61855 -1.28255 6.53599 0.0520762 -0.161421 -0.0230602
684.282 -7.00976 -1.53219 -5.86062 7.25982 -1.27178 6.52164 0.066737 -0.174249 0.00167988
684.299 -7.73755 -0.995922 -6.12875 7.71565 -0.929611 6.5671 0.0726929 -0.171959 -0.0508545
684.315 -7.89076 -0.957617 -5.55418 7.90229 -0.581456 6.58146 0.0629191 -0.165392 -0.071624
684.331 -7.69924 -0.919312 -5.7457 7.77547 -0.601795 6.52164 0.064599 -0.167072 -0.0926988
684.348 -7.50772 -0.57457 -5.86062 7.63908 -0.340977 6.54556 0.0685696 -0.164781 -0.036041
684.364 -7.27789 -0.383047 -6.24366 7.40459 -0.00119641 6.55514 0.0658207 -0.165086 -0.0154243
684.381 -7.16298 -0.459656 -5.89892 7.28016 -0.235693 6.55514 0.0534507 -0.164628 -0.0148135
684.398 -7.27789 -0.727789 -6.01384 7.401 -0.362513 6.53121 0.0496328 -0.162948 -0.00702495
684.414 -7.12467 -1.07253 -5.86062 7.28853 -0.522831 6.56231 0.053298 -0.167377 -0.00442877
684.431 -7.12467 -1.18745 -5.93723 7.30768 -0.928415 6.54915 0.0508545 -0.167835 -0.000305433
684.447 -6.81823 -1.41727 -5.86062 7.34836 -1.11864 6.55394 0.0568105 -0.172111 -0.0216857
684.464 -7.20128 -1.37897 -6.05214 7.40459 -1.15813 6.57787 0.0616974 -0.172264 -0.0319177
684.481 -7.73755 -1.41727 -5.63079 7.67737 -1.16291 6.51565 0.0601702 -0.171042 -0.0577268
684.497 -7.66094 -1.07253 -5.89892 7.82931 -0.874577 6.55514 0.0621555 -0.166919 -0.064599
684.514 -7.69924 -0.881008 -5.63079 7.8676 -0.710668 6.51924 0.0671951 -0.168751 -0.0681114
684.53 -7.89076 -0.804398 -5.82231 7.84008 -0.550349 6.52642 0.0682642 -0.167224 -0.0711658
684.547 -7.3545 -0.842703 -5.86062 7.60439 -0.539581 6.53719 0.0653626 -0.164781 -0.0818559
684.564 -7.31619 -0.881008 -5.66909 7.46202 -0.552742 6.54198 0.0641408 -0.162185 -0.0835358
684.58 -7.20128 -0.842703 -5.97553 7.41296 -0.54317 6.55872 0.0642935 -0.163101 -0.0786489
684.597 -6.85654 -0.766094 -5.86062 7.32323 -0.53001 6.53958 0.0601702 -0.161116 -0.0641408
684.613 -7.20128 -0.919312 -5.86062 7.30169 -0.689133 6.54796 0.0607811 -0.166919 -0.0549779
684.63 -7.16298 -1.18745 -5.7457 7.37228 -0.782453 6.57069 0.0641408 -0.169515 -0.0525344
684.647 -7.31619 -1.14914 -5.89892 7.51825 -0.90329 6.55155 0.0655153 -0.16921 -0.056505
684.663 -7.43111 -1.11084 -5.86062 7.63669 -0.884148 6.53958 0.0661261 -0.168293 -0.0636827
684.681 -7.58433 -1.03423 -6.12875 7.66541 -0.868594 6.52642 0.066737 -0.164323 -0.0540616
684.696 -7.50772 -1.14914 -5.86062 7.68694 -0.885344 6.54437 0.0690278 -0.167224 -0.0520762
684.713 -7.62263 -1.26405 -5.93723 7.74556 -0.937986 6.53599 0.0691805 -0.162185 -0.0471893
684.73 -7.50772 -1.07253 -5.93723 7.82213 -0.792024 6.56231 0.0711658 -0.161116 -0.0505491
684.746 -7.46941 -0.842703 -5.93723 7.77188 -0.612562 6.54676 0.0723875 -0.158672 -0.0500909
684.763 -7.54602 -0.842703 -6.09044 7.63191 -0.488136 6.54556 0.0714712 -0.161421 -0.062461
684.779 -7.12467 -0.957617 -5.89892 7.37827 -0.585045 6.53719 0.064599 -0.160047 -0.0722348
684.796 -6.93315 -1.03423 -5.40096 7.24666 -0.641276 6.5348 0.0650571 -0.161421 -0.0708604
684.813 -6.93315 -0.842703 -6.01384 7.20838 -0.70349 6.56471 0.0626137 -0.159436 -0.0636827
684.829 -7.00976 -1.11084 -5.89892 7.30648 -0.821934 6.55514 0.064599 -0.16249 -0.0520762
684.846 -7.16298 -1.30236 -5.7457 7.36869 -0.875773 6.54317 0.0658207 -0.163712 -0.0583376
684.862 -7.3545 -1.26405 -5.86062 7.58644 -0.963111 6.55155 0.0659734 -0.163865 -0.066737
684.879 -7.62263 -1.41727 -5.89892 7.7324 -0.94995 6.55514 0.0675006 -0.162643 -0.0763581
684.896 -7.50772 -1.18745 -5.86062 7.69292 -0.92004 6.53121 0.071013 -0.163865 -0.0766636
684.912 -7.3928 -1.18745 -5.7074 7.61157 -0.916451 6.55035 0.0675006 -0.160658 -0.0745255
684.929 -7.3545 -1.22575 -5.78401 7.48355 -0.870987 6.5324 0.0719294 -0.162643 -0.0809396
684.945 -7.27789 -1.03423 -5.82231 7.48116 -0.845862 6.55394 0.0722348 -0.163559 -0.0887282
684.961 -7.20128 -1.14914 -5.97553 7.47877 -0.813559 6.55274 0.0746782 -0.163406 -0.089339
684.977 -7.16298 -0.957617 -5.86062 7.49432 -0.738185 6.54556 0.071013 -0.15684 -0.0757473
684.993 -7.23959 -1.03423 -6.09044 7.45364 -0.753739 6.54437 0.0722348 -0.160199 -0.0704022
685.01 -7.08637 -1.07253 -6.01384 7.3998 -0.794417 6.54796 0.0714712 -0.161116 -0.067806
685.026 -6.93315 -1.14914 -5.86062 7.3675 -0.865005 6.60419 0.0749837 -0.163712 -0.0711658
685.043 -6.66501 -1.22575 -6.20536 7.38903 -0.902094 6.53958 0.0736092 -0.165086 -0.0681114
685.06 -7.23959 -1.14914 -5.97553 7.44048 -0.886541 6.56112 0.0777326 -0.164781 -0.0655153
685.076 -7.12467 -1.22575 -5.63079 7.40578 -0.79322 6.55035 0.0765108 -0.165697 -0.0563523
685.093 -7.31619 -0.957617 -5.86062 7.46321 -0.7334 6.53599 0.0763581 -0.168904 -0.0331394
685.109 -6.97145 -1.07253 -5.93723 7.28255 -0.719043 6.56351 0.0771217 -0.167682 -0.02474
685.126 -7.12467 -0.957617 -5.78401 7.28136 -0.654437 6.53599 0.0742201 -0.169668 -0.0230602
685.143 -7.08637 -0.995922 -6.05214 7.31486 -0.702293 6.5671 0.0739146 -0.168599 -0.0232129
685.159 -7.12467 -0.919312 -6.05214 7.47637 -0.698704 6.53719 0.0728457 -0.170889 -0.0210748
685.176 -7.27789 -1.03423 -6.05214 7.51466 -0.687936 6.55394 0.0745255 -0.174402 -0.0216857
685.192 -7.54602 -0.957617 -6.35858 7.57089 -0.693918 6.55394 0.0699441 -0.171348 -0.0119119
685.209 -7.50772 -0.919312 -5.82231 7.67378 -0.731007 6.5324 0.0707076 -0.169973 -0.00733038
685.226 -7.31619 -1.22575 -6.09044 7.68694 -0.747757 6.53001 0.0711658 -0.168904 -0.0187841
685.242 -7.66094 -1.11084 -5.86062 7.78385 -0.866202 6.53121 0.0720821 -0.171042 -0.0297797
685.259 -7.81416 -1.18745 -5.86062 8.02313 -0.878166 6.53599 0.0684169 -0.164781 -0.056505
685.275 -8.04398 -1.18745 -6.32027 8.14636 -0.87338 6.52283 0.0693332 -0.159894 -0.101556
685.291 -8.00568 -1.22575 -5.93723 8.22532 -0.84347 6.52642 0.0655153 -0.154854 -0.119577
685.309 -7.81416 -1.26405 -5.86062 8.08654 -0.911665 6.50967 0.0687223 -0.152411 -0.149356
685.325 -7.81416 -1.53219 -5.86062 7.85205 -0.946361 6.54676 0.071013 -0.152411 -0.141721
685.342 -7.27789 -1.11084 -5.86062 7.68574 -0.940379 6.5336 0.0740674 -0.152411 -0.129045
685.358 -7.27789 -1.11084 -6.12875 7.41536 -0.79322 6.53121 0.0687223 -0.14279 -0.0879646
685.375 -6.97145 -0.804398 -5.93723 7.14736 -0.620937 6.5348 0.0719294 -0.148898 -0.0795652
685.392 -6.81823 -0.727789 -5.89892 7.08275 -0.558724 6.53599 0.0719294 -0.1518 -0.08827
685.408 -7.08637 -0.957617 -5.82231 7.11147 -0.488136 6.57308 0.0655153 -0.149662 -0.0907135
685.425 -7.08637 -0.842703 -5.86062 7.25384 -0.51326 6.56351 0.0675006 -0.15684 -0.102014
685.441 -7.3928 -0.881008 -5.59248 7.34237 -0.568295 6.53839 0.0641408 -0.15516 -0.0983493
685.458 -7.46941 -1.07253 -5.93723 7.62233 -0.796809 6.57069 0.0655153 -0.158978 -0.10232
685.474 -7.3928 -1.26405 -6.09044 7.6343 -0.92004 6.52642 0.0618501 -0.15348 -0.105069
685.49 -7.50772 -1.14914 -6.09044 7.66541 -0.85663 6.53599 0.0632245 -0.154702 -0.0981966
685.507 -7.3545 -1.07253 -5.93723 7.58883 -0.827916 6.55872 0.0661261 -0.156076 -0.095295
685.524 -7.04806 -1.07253 -5.7074 7.43809 -0.701097 6.55992 0.0595593 -0.151495 -0.0829249
685.54 -7.12467 -0.881008 -5.89892 7.33161 -0.680758 6.53839 0.0589485 -0.152105 -0.076969
685.557 -7.04806 -1.11084 -5.93723 7.27896 -0.6999 6.54796 0.0627664 -0.155465 -0.0729984
685.573 -7.04806 -1.07253 -5.59248 7.21436 -0.768096 6.55514 0.0586431 -0.154396 -0.0601702
685.59 -6.97145 -1.26405 -5.97553 7.2012 -0.854237 6.59462 0.0592539 -0.159589 -0.0649044
685.607 -7.04806 -1.26405 -5.51587 7.24666 -0.940379 6.5671 0.062461 -0.160047 -0.0768163
685.623 -7.20128 -1.41727 -6.01384 7.32682 -1.08873 6.58146 0.0633773 -0.161268 -0.0806342
685.64 -7.16298 -1.45558 -6.20536 7.47278 -1.17129 6.5683 0.0664316 -0.161268 -0.0728457
685.656 -7.08637 -1.37897 -5.66909 7.61874 -1.21436 6.54676 0.0699441 -0.162032 -0.0595593
685.673 -7.54602 -1.41727 -5.93723 7.66899 -1.18325 6.54676 0.0675006 -0.15913 -0.0523817
685.69 -7.54602 -1.41727 -5.82231 7.66899 -1.0325 6.56351 0.0720821 -0.159741 -0.0662789
685.706 -7.31619 -1.22575 -5.89892 7.63071 -0.963111 6.57906 0.0693332 -0.15745 -0.0907135
685.723 -7.23959 -1.03423 -5.40096 7.57807 -0.942772 6.56949 0.0733038 -0.160199 -0.0988074
685.739 -6.85654 -1.26405 -5.89892 7.39621 -0.924826 6.55035 0.0739146 -0.157145 -0.0991129
685.756 -7.08637 -1.22575 -6.05214 7.26221 -0.897308 6.58744 0.0720821 -0.159589 -0.0983493
685.773 -7.12467 -1.18745 -5.78401 7.26102 -0.917647 6.58863 0.0742201 -0.15852 -0.103083
685.789 -6.89484 -1.14914 -5.97553 7.25743 -0.957129 6.5683 0.0717766 -0.158367 -0.099571
685.806 -7.00976 -1.41727 -5.66909 7.2012 -1.02173 6.57069 0.0774271 -0.164475 -0.0922406
685.822 -6.81823 -1.11084 -5.93723 7.0983 -0.930808 6.58624 0.0765108 -0.166155 -0.0774271
685.839 -6.93315 -1.18745 -6.01384 7.14855 -0.90329 6.55274 0.0760527 -0.168446 -0.0766636
685.856 -7.08637 -0.995922 -5.82231 7.29093 -0.886541 6.57188 0.0797179 -0.172264 -0.0765108
685.872 -7.08637 -1.07253 -5.93723 7.3675 -0.789631 6.57428 0.078038 -0.171348 -0.0641408
685.889 -7.04806 -1.14914 -5.63079 7.42493 -0.78006 6.58026 0.0768163 -0.170431 -0.0610865
685.905 -7.04806 -1.11084 -5.86062 7.54935 -0.837488 6.55872 0.0754418 -0.168751 -0.067806
685.922 -7.43111 -1.07253 -5.89892 7.64865 -0.857827 6.55992 0.0768163 -0.170584 -0.0765108
685.939 -7.58433 -1.07253 -5.55418 7.73958 -0.829113 6.55992 0.0765108 -0.169057 -0.0777326
685.955 -7.85246 -1.34066 -5.93723 7.99681 -0.941576 6.54198 0.0760527 -0.165697 -0.0813978
685.972 -7.77585 -1.18745 -6.05214 8.02433 -0.874577 6.51326 0.0772744 -0.162032 -0.119424
685.988 -7.73755 -1.14914 -5.86062 7.90469 -0.759721 6.55035 0.0754418 -0.159589 -0.119882
686.005 -7.46941 -1.11084 -6.01384 7.63191 -0.881755 6.55753 0.0757473 -0.158672 -0.105374
686.022 -7.43111 -0.881008 -5.63079 7.50269 -0.671186 6.59701 0.0762054 -0.152411 -0.0638354
686.038 -7.58433 -1.18745 -5.86062 7.82572 -0.95354 6.44626 0.0781907 -0.153785 -0.0632245
686.054 -7.54602 -1.26405 -5.89892 7.71685 -1.02413 6.62572 0.0797179 -0.151953 -0.083994
686.07 -7.3928 -1.37897 -5.55418 7.65823 -1.11266 6.54078 0.0771217 -0.1518 -0.0934624
686.087 -7.27789 -1.22575 -5.63079 7.49791 -0.905683 6.55872 0.0847575 -0.152258 -0.0936151
686.104 -7.20128 -1.14914 -6.01384 7.47158 -0.898505 6.58505 0.0867428 -0.153174 -0.0923933
686.12 -7.04806 -1.14914 -5.63079 7.31007 -0.892523 6.5659 0.0801761 -0.15012 -0.0833831
686.137 -7.04806 -0.995922 -5.97553 7.36271 -0.705882 6.62692 0.0842994 -0.152716 -0.0630718
686.153 -7.04806 -0.804398 -5.97553 7.33041 -0.54317 6.57308 0.0856738 -0.15348 -0.0612392
686.17 -6.97145 -0.727789 -5.86062 7.20598 -0.58983 6.56949 0.0772744 -0.153327 -0.0673479
686.186 -7.12467 -0.804398 -6.01384 7.28853 -0.514457 6.58863 0.0807869 -0.159436 -0.0726929
686.202 -7.04806 -1.11084 -5.89892 7.267 -0.592223 6.59222 0.0760527 -0.15745 -0.0853684
686.219 -7.12467 -1.14914 -5.86062 7.24786 -0.751346 6.55872 0.0772744 -0.160199 -0.0885754
686.235 -7.00976 -1.11084 -5.93723 7.33041 -0.859023 6.57428 0.0728457 -0.160047 -0.0945314
686.252 -6.85654 -1.34066 -5.97553 7.267 -0.893719 6.58146 0.0729984 -0.163712 -0.0907135
686.269 -7.12467 -1.03423 -5.89892 7.30169 -0.874577 6.5683 0.0746782 -0.164628 -0.0865901
686.285 -7.16298 -1.14914 -6.32027 7.32921 -0.876969 6.58505 0.0751364 -0.165086 -0.0728457
686.302 -6.93315 -1.30236 -6.09044 7.38066 -0.970289 6.59103 0.0757473 -0.16753 -0.0661261
686.318 -7.23959 -1.37897 -5.86062 7.39502 -1.01456 6.59462 0.0775799 -0.16753 -0.0658207
686.335 -7.43111 -1.37897 -5.78401 7.42014 -1.0337 6.57787 0.0765108 -0.167224 -0.0627664
686.352 -7.16298 -1.30236 -6.01384 7.42134 -1.05045 6.57787 0.0800233 -0.168904 -0.0612392
686.368 -7.08637 -1.37897 -6.01384 7.40698 -1.03011 6.57069 0.0800233 -0.168446 -0.0659734
686.385 -7.04806 -1.22575 -6.39688 7.39382 -0.963111 6.58744 0.0789543 -0.166919 -0.0711658
686.4 -7.00976 -1.14914 -5.93723 7.31127 -0.859023 6.57188 0.0833831 -0.1715 -0.0864374
686.417 -7.04806 -1.11084 -6.12875 7.27777 -0.753739 6.59222 0.0806342 -0.171653 -0.0865901
686.434 -7.00976 -0.919312 -5.93723 7.27896 -0.671186 6.58624 0.0807869 -0.172569 -0.0835358
686.45 -7.12467 -0.995922 -5.89892 7.40937 -0.693918 6.58744 0.0800233 -0.171806 -0.067806
686.467 -7.20128 -0.957617 -5.86062 7.50987 -0.800399 6.56471 0.0795652 -0.175929 -0.0626137
686.483 -7.43111 -1.14914 -5.93723 7.51585 -0.89013 6.55872 0.078038 -0.173333 -0.0653626
686.5 -7.3928 -1.30236 -5.66909 7.5673 -1.04925 6.58983 0.0792598 -0.174249 -0.0855211
686.517 -7.58433 -1.45558 -5.93723 7.56849 -1.13898 6.56112 0.0813978 -0.16982 -0.0960585
686.533 -7.3928 -1.41727 -6.01384 7.57687 -1.10668 6.58026 0.0818559 -0.171653 -0.0957531
686.55 -7.16298 -1.34066 -6.05214 7.53141 -1.00857 6.57428 0.0836885 -0.170584 -0.0873537
686.566 -7.20128 -1.03423 -5.89892 7.44526 -0.805184 6.5671 0.0846048 -0.168446 -0.0763581
686.583 -7.23959 -0.957617 -5.86062 7.38664 -0.735793 6.57428 0.0835358 -0.171042 -0.0829249
686.6 -7.3928 -0.957617 -5.89892 7.30887 -0.786042 6.55872 0.0798706 -0.169057 -0.0847575
686.616 -7.04806 -1.26405 -6.01384 7.20957 -0.850648 6.58385 0.0842994 -0.172722 -0.0933096
686.633 -7.20128 -1.30236 -5.7457 7.20598 -0.847059 6.55394 0.0827722 -0.174555 -0.0865901
686.649 -6.89484 -1.14914 -5.97553 7.28734 -0.872184 6.5683 0.0867428 -0.17822 -0.079107
686.666 -7.3545 -1.18745 -6.12875 7.32802 -0.842273 6.58146 0.0842994 -0.175471 -0.0568105
686.683 -7.23959 -1.22575 -6.01384 7.49312 -0.940379 6.55514 0.0856738 -0.178525 -0.0448986
686.699 -7.43111 -1.34066 -5.93723 7.57089 -1.02532 6.54556 0.0867428 -0.178678 -0.0487165
686.716 -7.62263 -1.41727 -5.7457 7.71685 -1.08993 6.54796 0.0888809 -0.176082 -0.0655153
686.732 -7.58433 -1.26405 -5.82231 7.81376 -0.98345 6.54198 0.0867428 -0.173638 -0.0726929
686.749 -7.54602 -0.881008 -5.63079 7.81376 -0.881755 6.54078 0.086132 -0.170431 -0.0681114
686.766 -7.58433 -0.957617 -6.01384 7.70489 -0.72981 6.5683 0.0859793 -0.170126 -0.0604756
686.782 -7.62263 -1.11084 -5.93723 7.7659 -0.832702 6.55992 0.089339 -0.16921 -0.0595593
686.799 -7.3545 -1.14914 -5.97553 7.74078 -0.972682 6.52522 0.0891863 -0.164628 -0.0719294
686.816 -7.3545 -1.30236 -5.89892 7.65942 -1.00977 6.5336 0.0870483 -0.164628 -0.0823141
686.832 -7.16298 -1.14914 -6.12875 7.50748 -0.831506 6.55992 0.0884227 -0.164628 -0.0946841
686.848 -7.27789 -0.957617 -5.93723 7.42014 -0.744168 6.5659 0.0855211 -0.163865 -0.0922406
686.863 -7.00976 -1.03423 -5.86062 7.33041 -0.68674 6.54556 0.0858265 -0.165392 -0.0901026
686.879 -7.23959 -1.22575 -5.89892 7.42732 -0.905683 6.54676 0.0856738 -0.165392 -0.0945314
686.896 -7.20128 -1.22575 -5.86062 7.44407 -0.939182 6.55155 0.0870483 -0.168904 -0.101709
686.912 -7.20128 -1.11084 -6.12875 7.54217 -0.926022 6.55514 0.0841467 -0.166308 -0.0978911
686.929 -7.43111 -1.03423 -5.89892 7.59841 -0.783649 6.54676 0.0864374 -0.16417 -0.0742201
686.945 -7.27789 -1.03423 -6.16705 7.56969 -0.677169 6.55514 0.0878119 -0.164628 -0.0456622
686.962 -7.43111 -0.995922 -5.78401 7.61635 -0.740578 6.56949 0.0878119 -0.165697 -0.0404698
686.979 -7.3545 -1.18745 -5.86062 7.64865 -0.904487 6.52762 0.0890336 -0.165392 -0.0595593
686.995 -7.27789 -1.18745 -6.05214 7.64028 -0.879362 6.53839 0.0876591 -0.163101 -0.0980438
687.012 -7.54602 -1.03423 -5.97553 7.64387 -0.855434 6.56351 0.086132 -0.16249 -0.106901
687.028 -7.62263 -1.03423 -5.97553 7.63789 -0.677169 6.55514 0.0870483 -0.159741 -0.0945314
687.045 -7.54602 -0.995922 -6.01384 7.71206 -0.681954 6.55753 0.0858265 -0.156687 -0.062461
687.062 -7.58433 -1.26405 -5.82231 7.78744 -0.820738 6.59581 0.085063 -0.154702 -0.0487165
687.078 -7.46941 -1.26405 -5.86062 7.75035 -1.10309 6.52164 0.0856738 -0.153022 -0.0537561
687.095 -7.3545 -1.37897 -5.93723 7.5326 -1.13779 6.54676 0.0862847 -0.154243 -0.0754418
687.111 -6.93315 -1.07253 -5.86062 7.24427 -0.880558 6.56949 0.087201 -0.153938 -0.0891863
687.128 -6.81823 -0.957617 -5.82231 7.08514 -0.740578 6.56351 0.0894917 -0.156534 -0.0870483
687.145 -6.77993 -0.65118 -5.97553 6.97388 -0.448654 6.58265 0.0873537 -0.159589 -0.065668
687.161 -6.62671 -0.804398 -6.28197 6.95474 -0.412762 6.56351 0.0832304 -0.16249 -0.0334449
687.178 -6.89484 -0.842703 -5.89892 7.02652 -0.468993 6.57428 0.0813978 -0.165392 -0.0221439
687.194 -6.97145 -0.957617 -6.16705 7.20598 -0.635294 6.56112 0.0813978 -0.167835 -0.0065668
687.211 -7.23959 -1.14914 -5.86062 7.38903 -0.842273 6.55274 0.0774271 -0.16753 -0.0132863
687.228 -7.31619 -1.22575 -5.97553 7.4656 -0.95354 6.54198 0.0774271 -0.168904 -0.0386372
687.244 -7.27789 -1.30236 -5.89892 7.6678 -1.066 6.54796 0.0817032 -0.1715 -0.0534507
687.261 -7.46941 -1.30236 -5.93723 7.69771 -1.06481 6.55753 0.0810924 -0.169362 -0.0740674
687.277 -7.66094 -1.34066 -6.35858 7.69531 -1.01695 6.55155 0.0833831 -0.166766 -0.0760527
687.294 -7.23959 -1.11084 -5.89892 7.62592 -0.93679 6.55872 0.0832304 -0.164628 -0.0775799
687.311 -7.27789 -0.995922 -5.86062 7.43928 -0.687936 6.55872 0.0821613 -0.167835 -0.081245
687.327 -7.20128 -0.995922 -6.01384 7.31366 -0.604187 6.58983 0.0807869 -0.167072 -0.0705549
687.344 -7.08637 -0.842703 -5.97553 7.27896 -0.520439 6.54556 0.078038 -0.164475 -0.062461
687.36 -7.00976 -0.766094 -5.89892 7.29811 -0.549153 6.5683 0.0760527 -0.168751 -0.0494801
687.377 -7.00976 -0.995922 -5.89892 7.29212 -0.757328 6.47258 0.071013 -0.170584 -0.06353
687.394 -7.12467 -1.22575 -6.05214 7.33161 -0.853041 6.64128 0.0733038 -0.1715 -0.087201
687.41 -7.04806 -1.07253 -5.47757 7.70848 -0.899701 6.47498 0.0714712 -0.171042 -0.0894917
687.426 -7.69924 -1.80032 -5.97553 7.8341 -1.52303 6.57667 0.0705549 -0.170279 -0.0870483
687.441 -7.58433 -1.87693 -5.86062 7.75513 -1.86281 6.57547 0.0762054 -0.168751 -0.0867428
687.457 -7.50772 -1.34066 -5.93723 7.67258 -1.09352 6.51805 0.0865901 -0.167224 -0.0694859
687.474 -7.23959 -0.957617 -6.20536 7.47039 -0.672383 6.53121 0.0810924 -0.165697 -0.0690278
687.49 -7.3928 -0.957617 -5.86062 7.49312 -0.725025 6.55992 0.0803288 -0.167072 -0.0675006
687.507 -7.27789 -0.881008 -5.86062 7.50389 -0.602991 6.54556 0.0763581 -0.162185 -0.0664316
687.524 -7.46941 -1.18745 -5.7457 7.57807 -0.832702 6.57188 0.0742201 -0.162948 -0.0801761
687.54 -7.3545 -1.34066 -5.89892 7.58405 -0.947557 6.53958 0.0765108 -0.162032 -0.0725402
687.557 -7.12467 -1.26405 -5.89892 7.44646 -0.95354 6.58624 0.0751364 -0.161268 -0.0587958
687.573 -7.23959 -1.14914 -5.82231 7.43091 -0.887737 6.54676 0.079107 -0.162185 -0.0470366
687.59 -7.31619 -1.22575 -5.97553 7.40937 -0.957129 6.55992 0.073762 -0.157145 -0.0302378
687.607 -7.58433 -1.07253 -6.32027 7.3998 -0.905683 6.55753 0.0739146 -0.15852 -0.0142026
687.623 -7.16298 -1.45558 -5.89892 7.42732 -1.03968 6.55633 0.0777326 -0.161879 0.0172569
687.64 -7.23959 -1.37897 -5.51587 7.33998 -1.13539 6.57547 0.0800233 -0.16249 0.046273
687.656 -7.20128 -1.41727 -5.86062 7.34955 -1.07318 6.53958 0.0824668 -0.165392 0.0697913
687.673 -7.12467 -1.37897 -5.82231 7.31127 -1.14736 6.53121 0.0824668 -0.164934 0.0759
687.69 -7.3545 -1.34066 -6.16705 7.31007 -1.07916 6.54915 0.0846048 -0.166919 0.0788016
687.706 -7.00976 -1.41727 -5.89892 7.27896 -1.12822 6.56351 0.0841467 -0.169057 0.0675006
687.723 -7.23959 -1.11084 -5.97553 7.51107 -0.918843 6.53001 0.0867428 -0.170889 0.0584903
687.739 -7.12467 -1.34066 -5.93723 7.41416 -1.09591 6.58624 0.0835358 -0.168293 0.0652099
687.756 -7.12467 -1.22575 -5.51587 7.40698 -0.923629 6.49531 0.0853684 -0.169057 0.0574213
687.773 -7.23959 -1.14914 -6.16705 7.46321 -0.842273 6.54078 0.0870483 -0.173333 0.0502437
687.789 -7.04806 -1.34066 -5.97553 7.47637 -1.08036 6.58026 0.0795652 -0.170737 0.0427606
687.806 -7.16298 -1.41727 -5.59248 7.51705 -1.03011 6.55274 0.0823141 -0.169057 -0.0103847
687.822 -7.27789 -1.26405 -5.86062 7.55773 -1.04088 6.54915 0.079107 -0.16921 -0.0685696
687.839 -7.04806 -1.26405 -5.89892 7.31845 -1.11745 6.54437 0.0800233 -0.171348 -0.0978911
687.856 -6.85654 -1.18745 -5.78401 7.27178 -0.94995 6.55274 0.0733038 -0.169515 -0.123089
687.871 -6.97145 -1.22575 -5.66909 7.22752 -0.952343 6.55753 0.0745255 -0.170584 -0.115301
687.888 -7.16298 -1.34066 -5.93723 7.34237 -1.09711 6.57188 0.0720821 -0.169668 -0.0752891
687.904 -7.20128 -1.37897 -6.12875 7.58405 -1.11027 6.58385 0.0757473 -0.174555 -0.0394008
687.921 -7.3545 -1.26405 -6.01384 7.61157 -1.066 6.52522 0.0751364 -0.169515 -0.0407752
687.938 -7.43111 -1.30236 -5.93723 7.64865 -1.0349 6.53958 0.0733038 -0.16982 -0.0482583
687.954 -7.69924 -1.14914 -6.09044 7.51346 -1.06959 6.5324 0.0775799 -0.17318 -0.0673479
687.97 -7.04806 -1.34066 -5.89892 7.37348 -1.02532 6.55394 0.0722348 -0.170737 -0.0511599
687.986 -7.20128 -1.34066 -5.89892 7.34955 -1.0002 6.52881 0.0720821 -0.169668 -0.0375682
688.002 -7.43111 -1.34066 -5.86062 7.7001 -0.93679 6.52283 0.0707076 -0.165697 -0.00778853
688.019 -7.77585 -1.11084 -5.89892 7.81376 -1.07797 6.53719 0.0740674 -0.165544 0.00794125
688.035 -8.00568 -1.03423 -5.89892 8.18584 -0.811167 6.49292 0.0705549 -0.161879 0.00977384
688.052 -7.92907 -1.14914 -5.43926 8.04586 -0.831506 6.57787 0.0630718 -0.156534 0.032834
688.068 -7.85246 -1.76202 -5.89892 7.68455 -1.59242 6.49531 0.0685696 -0.153785 0.0273362
688.085 -7.3928 -1.6471 -5.97553 7.62592 -1.40818 6.55633 0.0679587 -0.148898 -0.00610865
688.102 -7.46941 -1.49388 -6.43519 7.60439 -1.17009 6.52522 0.0653626 -0.150731 -0.0704022
688.117 -7.16298 -1.45558 -6.09044 7.52303 -1.15454 6.54556 0.0668897 -0.150273 -0.131641
688.133 -7.50772 -1.45558 -5.86062 7.55414 -1.17248 6.55633 0.0708604 -0.153327 -0.145844
688.149 -7.54602 -1.37897 -5.86062 7.72164 -1.28973 6.54198 0.0647517 -0.148135 -0.151953
688.165 -7.31619 -1.49388 -5.82231 7.79222 -1.19521 6.51326 0.0670424 -0.145997 -0.199447
688.183 -7.43111 -1.37897 -5.82231 7.77428 -1.14138 6.51685 0.0685696 -0.149204 -0.227242
688.198 -7.20128 -1.6471 -5.86062 7.54098 -1.32921 6.54078 0.0644463 -0.147524 -0.264505
688.215 -7.31619 -1.57049 -5.89892 7.22513 -1.18445 6.53719 0.0684169 -0.150578 -0.284663
688.232 -6.97145 -1.41727 -5.93723 7.21316 -1.12822 6.57667 0.0655153 -0.149356 -0.278554
688.248 -6.81823 -1.11084 -5.66909 7.01097 -1.01216 6.53599 0.0638354 -0.150273 -0.258549
688.265 -6.85654 -1.07253 -5.82231 6.9679 -0.760917 6.56949 0.0690278 -0.155312 -0.232892
688.281 -6.74162 -0.957617 -6.01384 7.00259 -0.654437 6.57667 0.0618501 -0.159894 -0.189521
688.298 -6.66501 -1.11084 -6.05214 6.87218 -0.649651 6.5671 0.0583376 -0.157909 -0.162796
688.315 -6.81823 -0.995922 -6.01384 7.08514 -0.731007 6.57787 0.0571159 -0.163559 -0.112705
688.331 -7.08637 -1.22575 -6.43519 7.25025 -0.879362 6.58146 0.0583376 -0.166919 -0.083994
688.348 -7.04806 -1.30236 -5.89892 7.38305 -1.00259 6.53599 0.0586431 -0.163254 -0.0742201
688.364 -7.08637 -1.49388 -5.97553 7.25504 -1.22512 6.54437 0.0595593 -0.171959 -0.0591012
688.381 -7.08637 -1.57049 -5.93723 7.36271 -1.20837 6.58385 0.0607811 -0.16585 -0.0416915
688.398 -7.20128 -1.57049 -6.01384 7.39861 -1.26461 6.54915 0.0639881 -0.167072 -0.0403171
688.414 -7.3928 -1.6088 -6.05214 7.62951 -1.31605 6.56471 0.0627664 -0.165086 -0.0453567
688.431 -7.3928 -1.34066 -6.05214 7.5996 -1.12582 6.56949 0.0681114 -0.16417 -0.0519235
688.447 -7.43111 -1.37897 -5.82231 7.54576 -0.970289 6.53599 0.0668897 -0.162032 -0.0387899
688.464 -7.16298 -1.41727 -5.78401 7.58644 -1.09711 6.55633 0.0641408 -0.162032 -0.0326813
688.48 -7.00976 -1.53219 -6.01384 7.37228 -1.2012 6.54915 0.0664316 -0.163865 -0.0517708
688.495 -7.23959 -1.57049 -5.43926 7.39621 -1.27059 6.55872 0.068875 -0.169057 -0.0711658
688.511 -6.97145 -1.37897 -5.7457 7.35673 -1.21077 6.55514 0.0641408 -0.162337 -0.0905607
688.526 -7.20128 -1.22575 -5.51587 7.36869 -1.12343 6.58026 0.0682642 -0.167682 -0.089339
688.541 -7.16298 -1.30236 -6.12875 7.57208 -1.06361 6.55514 0.0664316 -0.165697 -0.0836885
688.557 -7.3545 -1.26405 -5.82231 7.6666 -1.02173 6.54915 0.0681114 -0.165392 -0.096364
688.572 -7.3928 -1.49388 -5.55418 7.53021 -1.12582 6.54796 0.0647517 -0.162643 -0.10232
688.588 -7.50772 -1.37897 -6.28197 7.68455 -1.19641 6.5659 0.0670424 -0.161726 -0.104305
688.604 -7.46941 -1.57049 -5.89892 7.61157 -1.2012 6.54556 0.0668897 -0.157298 -0.0969748
688.619 -7.23959 -1.45558 -5.86062 7.55175 -1.24187 6.55633 0.0682642 -0.15913 -0.0986547
688.635 -7.23959 -1.6471 -6.20536 7.3663 -1.15095 6.55753 0.0668897 -0.157756 -0.100029
689.266 -7.27789 -1.18745 -5.89892 7.39861 -0.867398 6.58026 0.0803288 -0.170584 -0.168904
689.282 -7.46941 -1.14914 -5.7074 7.63549 -0.912862 6.55633 0.0778853 -0.168446 -0.182954
689.298 -7.43111 -0.919312 -6.16705 7.70489 -0.872184 6.55394 0.0783434 -0.169057 -0.193492
689.315 -7.46941 -1.11084 -5.82231 7.69292 -0.792024 6.53958 0.0772744 -0.168751 -0.19563
689.331 -7.54602 -1.11084 -6.09044 7.77069 -0.851844 6.55992 0.0733038 -0.166919 -0.178067
689.348 -7.66094 -1.03423 -5.55418 7.65942 -0.774078 6.55514 0.0734565 -0.164323 -0.161879
689.363 -7.27789 -0.995922 -6.09044 7.64746 -0.727418 6.5671 0.0722348 -0.163406 -0.157756
689.379 -7.27789 -1.11084 -5.82231 7.48714 -0.777667 6.55992 0.0691805 -0.161726 -0.164323
689.395 -7.27789 -1.34066 -5.82231 7.50389 -0.902094 6.52403 0.0671951 -0.158978 -0.182801
689.41 -7.54602 -1.41727 -5.82231 7.55653 -1.08514 6.5683 0.0705549 -0.161421 -0.189826
689.426 -7.23959 -1.37897 -5.97553 7.48953 -1.12582 6.54437 0.0696386 -0.162337 -0.189674
689.442 -7.31619 -1.37897 -5.86062 7.52064 -1.07079 6.54796 0.0696386 -0.161726 -0.187077
689.459 -7.23959 -1.34066 -6.09044 7.58166 -0.887737 6.56351 0.0679587 -0.15852 -0.181274
689.476 -7.3545 -1.11084 -5.89892 7.57567 -0.824327 6.56351 0.0679587 -0.161421 -0.174402
689.491 -7.43111 -1.14914 -5.89892 7.57567 -0.803988 6.55633 0.0636827 -0.156992 -0.171348
689.508 -7.43111 -1.03423 -5.97553 7.56491 -0.835095 6.54556 0.0670424 -0.15745 -0.187383
689.524 -7.3928 -1.11084 -5.89892 7.55892 -0.85663 6.58624 0.0652099 -0.15684 -0.215788
689.541 -7.20128 -1.11084 -6.12875 7.58405 -0.848255 6.57308 0.0647517 -0.15745 -0.257632
689.558 -7.04806 -1.14914 -6.12875 7.49432 -0.908076 6.52881 0.0642935 -0.156229 -0.278249
689.574 -6.85654 -0.727789 -5.97553 7.11984 -0.565902 6.55992 0.0647517 -0.155465 -0.292604
689.591 -7.04806 -1.07253 -5.86062 7.23948 -0.776471 6.61735 0.0618501 -0.160505 -0.283289
689.607 -7.23959 -1.14914 -5.86062 7.401 -0.876969 6.54676 0.0607811 -0.160963 -0.248469
689.624 -7.16298 -1.07253 -5.93723 7.35075 -0.79322 6.59701 0.0620028 -0.159283 -0.171348
689.641 -7.08637 -1.18745 -5.93723 7.32443 -0.837488 6.55753 0.0642935 -0.161879 -0.130725
689.657 -7.16298 -1.22575 -6.28197 7.32203 -0.945165 6.55274 0.0642935 -0.162643 -0.121409
689.674 -7.08637 -1.22575 -5.93723 7.35434 -0.954736 6.57547 0.0639881 -0.16249 -0.104153
689.691 -7.12467 -1.14914 -5.89892 7.31725 -0.799202 6.58863 0.0690278 -0.165697 -0.100182
689.707 -6.85654 -1.07253 -5.7457 7.3328 -0.808774 6.58505 0.0681114 -0.166766 -0.0916298
689.724 -7.16298 -1.07253 -5.89892 7.34955 -0.855434 6.56231 0.0641408 -0.162185 -0.0836885
689.741 -7.3545 -1.30236 -6.01384 7.40219 -0.926022 6.58863 0.067806 -0.166766 -0.0702495
689.758 -7.3928 -1.22575 -5.93723 7.48714 -1.06122 6.56471 0.0696386 -0.166919 -0.0679587
689.774 -7.46941 -1.34066 -6.09044 7.5003 -1.05523 6.56231 0.0675006 -0.16417 -0.0734565
689.791 -7.31619 -1.22575 -5.89892 7.52303 -1.02532 6.57069 0.0684169 -0.165544 -0.0905607
689.808 -7.23959 -1.14914 -5.97553 7.47757 -0.899701 6.56471 0.0705549 -0.163712 -0.105222
689.824 -7.16298 -1.11084 -6.05214 7.48355 -0.860219 6.54198 0.0711658 -0.165392 -0.110414
689.841 -7.08637 -1.11084 -5.93723 7.47637 -0.84347 6.58385 0.0714712 -0.165086 -0.110567
689.857 -7.54602 -1.22575 -5.89892 7.45484 -0.813559 6.58505 0.0742201 -0.165697 -0.103236
689.874 -7.27789 -1.22575 -6.01384 7.47039 -0.787238 6.56471 0.0749837 -0.167224 -0.0879646
689.891 -7.3545 -1.30236 -5.97553 7.50508 -0.770489 6.56351 0.0717766 -0.164934 -0.0795652
689.907 -7.3928 -1.11084 -6.01384 7.52303 -0.813559 6.5683 0.0726929 -0.162948 -0.0734565
689.924 -7.3545 -1.07253 -5.97553 7.55892 -0.777667 6.57308 0.0726929 -0.164475 -0.0798706
689.941 -7.58433 -0.842703 -5.86062 8.17867 -0.514457 6.59821 0.0742201 -0.165086 -0.0925461
689.957 -7.20128 -0.995922 -6.01384 7.37587 -0.863809 6.57667 0.0728457 -0.16417 -0.097433
689.974 -7.16298 -1.22575 -6.28197 7.32323 -0.872184 6.5671 0.0700968 -0.161116 -0.108581
689.99 -7.16298 -1.11084 -5.93723 7.38903 -0.827916 6.54198 0.0742201 -0.164017 -0.115454
690.007 -7.20128 -1.14914 -5.63079 7.45603 -0.829113 6.54676 0.071624 -0.161421 -0.120951
690.031 -7.46941 -1.14914 -5.86062 7.67019 -0.798006 6.53599 0.0707076 -0.163865 -0.146149
690.048 -7.3545 -0.919312 -6.01384 7.65344 -0.79322 6.55274 0.0704022 -0.162337 -0.148135
690.065 -7.31619 -0.804398 -5.93723 7.53858 -0.677169 6.5683 0.0742201 -0.167377 -0.169057
690.081 -7.27789 -0.919312 -5.89892 7.53739 -0.707079 6.57308 0.0668897 -0.158825 -0.198378
690.098 -7.54602 -1.11084 -6.20536 7.55294 -0.717846 6.56471 0.071013 -0.161574 -0.191506
690.114 -7.66094 -0.995922 -5.93723 7.71924 -0.786042 6.5324 0.0707076 -0.160047 -0.165697
690.131 -7.54602 -0.919312 -6.01384 7.74796 -0.6999 6.57428 0.0749837 -0.163559 -0.116523
690.148 -7.66094 -0.995922 -5.59248 7.69292 -0.690329 6.57547 0.0723875 -0.15684 -0.12034
690.164 -7.54602 -0.919312 -6.01384 7.73599 -0.711864 6.55514 0.0719294 -0.156076 -0.145386
690.181 -7.62263 -0.957617 -5.82231 7.82572 -0.708275 6.55753 0.0671951 -0.152105 -0.214261
690.197 -7.50772 -0.842703 -5.97553 7.71685 -0.57667 6.56949 0.0676533 -0.150731 -0.279165
690.215 -7.23959 -0.881008 -5.78401 7.60798 -0.519242 6.5659 0.0693332 -0.152258 -0.309098
690.232 -7.20128 -0.689484 -5.97553 7.4656 -0.452243 6.57188 0.0704022 -0.152716 -0.300851
690.248 -7.3545 -0.804398 -5.89892 7.38186 -0.425922 6.59581 0.0658207 -0.14844 -0.24679
690.265 -7.12467 -0.804398 -6.05214 7.35793 -0.465404 6.56949 0.064599 -0.150273 -0.1799
690.281 -7.31619 -0.919312 -6.01384 7.49552 -0.528814 6.5659 0.0652099 -0.148288 -0.146913
690.298 -7.3928 -0.881008 -6.24366 7.54576 -0.675972 6.57188 0.065668 -0.149051 -0.0855211
690.315 -7.27789 -0.995922 -5.89892 7.49192 -0.727418 6.5683 0.0705549 -0.151495 -0.0649044
690.331 -7.27789 -0.957617 -5.66909 7.42134 -0.684347 6.57787 0.0687223 -0.150425 -0.067806
690.348 -7.31619 -0.727789 -5.89892 7.35793 -0.617348 6.60778 0.0711658 -0.152564 -0.08827
690.364 -7.12467 -0.804398 -5.89892 7.34955 -0.512064 6.57787 0.0679587 -0.152564 -0.105985
690.381 -7.04806 -0.766094 -5.78401 7.29691 -0.465404 6.58385 0.0693332 -0.157756 -0.107818
690.398 -7.00976 -0.804398 -6.01384 7.24068 -0.535992 6.61735 0.0664316 -0.156076 -0.100029
690.414 -6.89484 -0.766094 -5.82231 7.22513 -0.604187 6.58624 0.0675006 -0.155312 -0.0705549
690.431 -7.08637 -0.881008 -5.93723 7.27538 -0.667597 6.60897 0.0693332 -0.158214 -0.0485638
690.447 -7.08637 -0.995922 -5.78401 7.31366 -0.731007 6.59701 0.0690278 -0.159283 -0.0450513
690.464 -7.3545 -0.957617 -5.93723 7.44168 -0.756132 6.58505 0.0725402 -0.161574 -0.0552833
690.481 -7.23959 -0.881008 -5.89892 7.49432 -0.618545 6.57547 0.0700968 -0.162643 -0.0849102
690.497 -7.3545 -0.881008 -5.63079 7.48594 -0.587438 6.61256 0.0726929 -0.164017 -0.101404
690.514 -7.20128 -0.881008 -5.93723 7.45962 -0.583848 6.58146 0.0708604 -0.160658 -0.0949895
690.53 -7.3928 -0.995922 -6.09044 7.44885 -0.55992 6.58744 0.0728457 -0.163101 -0.0671951
690.547 -7.31619 -0.842703 -5.89892 7.48594 -0.567099 6.58505 0.0700968 -0.161116 -0.0569632
690.564 -7.31619 -0.995922 -5.89892 7.51585 -0.629312 6.58026 0.0734565 -0.163406 -0.0597121
690.58 -7.20128 -0.919312 -5.86062 7.48475 -0.683151 6.58744 0.0708604 -0.162185 -0.065668
690.597 -7.23959 -0.995922 -5.93723 7.45364 -0.774078 6.59821 0.0743728 -0.162185 -0.076969
690.613 -7.23959 -1.14914 -5.93723 7.46321 -0.808774 6.60778 0.0704022 -0.158978 -0.0803288
690.63 -7.27789 -0.957617 -5.82231 7.43928 -0.769292 6.57787 0.0728457 -0.160658 -0.0977384
690.647 -7.16298 -0.804398 -5.97553 7.34716 -0.573081 6.58863 0.0745255 -0.161421 -0.0942259
690.663 -7.00976 -0.804398 -6.01384 7.3675 -0.534796 6.59701 0.074831 -0.163254 -0.0832304
690.68 -7.16298 -0.919312 -5.93723 7.39861 -0.585045 6.60419 0.0752891 -0.163559 -0.0658207
690.696 -7.04806 -0.881008 -5.89892 7.36032 -0.595813 6.58863 0.0766636 -0.162643 -0.0676533
690.713 -5.17113 0.153219 -7.81416 7.12463 -0.574277 7.42971 0.074831 -0.176082 -0.708756
690.73 -7.54602 -1.80032 -7.20128 8.84746 -1.45843 7.8329 0.0591012 -0.188452 -1.95477
690.746 -6.39688 -2.03015 -5.89892 6.89252 -1.30169 6.58146 0.104763 -0.170737 -2.56426
690.763 -6.58841 -1.37897 -5.36266 6.5994 -0.876969 5.50349 0.153633 -0.170126 -3.00026
690.779 -6.89484 -0.421352 -3.98369 6.51206 0.340977 4.91964 0.153938 -0.174555 -2.75088
690.796 -5.01791 0.459656 -5.7074 4.60977 1.18804 5.98564 0.122784 -0.209069 -0.937831
690.813 -7.23959 1.72371 -7.00976 7.24666 2.69073 7.21197 0.107665 -0.220217 -0.0846048
690.829 -7.89076 1.30236 -6.24366 7.82572 2.40239 6.90927 0.0797179 -0.187994 0.147371
690.846 -8.81008 0.497961 -6.24366 9.11426 1.19163 6.47737 0.0729984 -0.176845 0.00167988
690.862 -9.15482 0.0 -5.86062 9.4337 0.504885 6.51685 0.0685696 -0.178678 -0.234572
690.88 -8.54194 -0.229828 -5.7074 9.16211 0.154337 6.33021 0.0722348 -0.169973 -0.340252
690.896 -7.77585 -0.191523 -5.82231 8.21575 0.124427 6.37208 0.0731511 -0.165392 -0.393245
690.912 -7.54602 0.0383047 -6.16705 7.4991 0.394816 6.59462 0.0759 -0.168141 -0.51557
690.929 -7.08637 0.153219 -6.12875 7.39382 0.65324 6.65563 0.0729984 -0.167224 -0.598037
690.945 -7.04806 0.421352 -5.82231 7.17248 1.00857 6.61974 0.0739146 -0.168293 -0.605062
690.962 -7.00976 0.421352 -5.97553 7.14616 1.22154 6.5659 0.0743728 -0.171348 -0.542601
690.979 -7.00976 0.421352 -6.01384 7.18923 1.1665 6.52403 0.0734565 -0.173028 -0.419512
690.994 -7.00976 0.383047 -5.51587 7.19282 1.14138 6.57308 0.0731511 -0.171959 -0.352775
691.01 -7.3545 0.497961 -5.66909 7.36271 1.17607 6.57547 0.0752891 -0.170584 -0.243582
691.025 -7.27789 0.497961 -6.20536 7.42493 1.2335 6.55035 0.074831 -0.171348 -0.156381
691.042 -7.3545 0.536266 -6.09044 7.51705 1.25982 6.54915 0.0781907 -0.172569 -0.126755
691.059 -7.46941 0.612875 -5.63079 7.56251 1.27537 6.53001 0.0803288 -0.172111 -0.0916298
691.075 -7.27789 0.766094 -6.05214 7.468 1.35673 6.5671 0.0784962 -0.169973 -0.095295
691.092 -7.23959 0.57457 -6.28197 7.4333 1.36989 6.55394 0.073762 -0.166613 -0.108276
691.108 -7.08637 0.689484 -5.78401 7.468 1.48235 6.56231 0.0752891 -0.169057 -0.140804
691.125 -7.31619 0.804398 -6.05214 7.45005 1.47876 6.5683 0.0725402 -0.170279 -0.139125
691.142 -7.12467 0.689484 -5.66909 7.48594 1.45364 6.58624 0.0700968 -0.168904 -0.116064
691.158 -7.23959 0.421352 -6.01384 7.49552 1.27059 6.55155 0.0664316 -0.164934 -0.104305
691.175 -7.16298 0.421352 -6.35858 7.49552 1.24427 6.54676 0.0684169 -0.169515 -0.112094
