831.458 4.74978 -5.24774 -6.39688 -4.68873 -5.135 6.73579 0.0810924 -0.163406 -0.105222
831.475 5.43926 -5.7457 -6.16705 -5.42931 -6.00598 6.98824 0.0833831 -0.16753 -0.676228
831.491 4.13691 -3.40912 -6.24366 -4.55832 -3.63111 6.44267 0.0766636 -0.194713 -1.54121
831.508 3.56234 -4.67317 -6.09044 -4.6349 -4.07856 6.98345 0.0407752 -0.191354 -1.08658
831.524 3.17929 -5.93723 -6.32027 -2.95274 -5.09312 6.83749 0.0485638 -0.175471 -0.551
831.541 3.79216 -5.78401 -5.66909 -3.91346 -5.64227 6.69751 0.0945314 -0.149815 -0.369726
831.558 3.83047 -5.28605 -6.35858 -5.13978 -5.07996 6.62692 0.0615447 -0.143859 -0.0332921
831.574 4.67317 -6.09044 -6.35858 -4.91246 -5.69731 6.81595 0.045204 -0.152564 0.193492
831.591 4.74978 -5.97553 -6.93315 -4.60977 -5.82413 6.83031 0.0629191 -0.160963 0.381485
831.607 5.13283 -5.7074 -6.09044 -4.99621 -5.73799 6.57069 0.0673479 -0.156076 0.216399
831.624 5.24774 -5.66909 -6.05214 -5.0991 -5.67577 6.57069 0.064599 -0.164475 -0.0852157
831.641 5.05622 -5.7457 -6.32027 -4.9005 -5.69013 6.77169 0.062461 -0.163865 -0.21197
831.657 4.71148 -5.66909 -6.24366 -4.69232 -5.50588 6.74417 0.0726929 -0.16753 -0.334143
831.674 4.25182 -5.82231 -6.28197 -4.51047 -5.57408 6.74297 0.0707076 -0.168751 -0.283747
831.691 4.13691 -5.82231 -6.35858 -4.15872 -5.77627 6.72144 0.0685696 -0.164934 -0.225867
831.707 4.17521 -5.93723 -6.24366 -4.14796 -5.74756 6.74536 0.0754418 -0.164781 -0.163559
831.724 4.55826 -5.66909 -6.32027 -4.465 -5.5322 6.72024 0.0759 -0.162337 -0.178831
831.74 4.63487 -5.78401 -6.24366 -4.52722 -5.58724 6.7346 0.0736092 -0.163712 -0.205709
831.757 4.63487 -5.93723 -6.32027 -4.55234 -5.61356 6.72263 0.0723875 -0.162796 -0.242361
831.774 4.48165 -6.01384 -6.39688 -4.4339 -5.67817 6.71426 0.0723875 -0.164781 -0.217926
831.79 4.0603 -5.93723 -6.43519 -4.27956 -5.64227 6.72861 0.0757473 -0.164934 -0.185398
831.806 4.21351 -6.12875 -5.82231 -4.17787 -5.75354 6.75733 0.0742201 -0.160505 -0.102014
831.822 4.36673 -5.97553 -6.43519 -4.31426 -5.82652 6.7322 0.0789543 -0.16249 -0.0647517
831.839 4.48165 -5.86062 -6.39688 -4.4016 -5.78823 6.73938 0.0781907 -0.161574 -0.083994
831.856 4.44334 -5.7457 -6.85654 -4.52842 -5.53579 6.71545 0.0804815 -0.161421 -0.147218
831.872 4.36673 -5.78401 -6.24366 -4.3346 -5.51186 6.72503 0.081245 -0.162643 -0.141568
831.889 4.63487 -5.89892 -6.12875 -4.37527 -5.5992 6.75733 0.0801761 -0.162032 -0.0719294
831.905 4.44334 -5.93723 -6.28197 -4.35254 -5.83968 6.74776 0.0798706 -0.162337 -0.0615447
831.922 4.17521 -5.7074 -5.97553 -4.18624 -5.68534 6.68315 0.0809396 -0.160658 -0.0801761
831.938 4.17521 -5.55418 -6.09044 -4.21496 -5.665 6.75972 0.0858265 -0.162337 -0.112399
831.953 3.94538 -5.7074 -6.32027 -3.88355 -5.20678 6.69153 0.0835358 -0.15852 -0.104763
831.969 4.40504 -5.43926 -5.82231 -4.66122 -5.28455 6.64487 0.086132 -0.157603 -0.0702495
831.983 4.48165 -5.7457 -6.12875 -4.74137 -5.61595 6.71067 0.0797179 -0.159894 -0.0658207
831.999 4.32843 -5.7074 -5.78401 -4.45902 -5.51545 6.76451 0.0772744 -0.159741 -0.0768163
832.015 4.40504 -5.40096 -6.09044 -4.23529 -5.32762 6.74656 0.0818559 -0.162185 -0.0650571
832.03 4.44334 -5.7457 -6.39688 -4.25085 -5.41017 6.74297 0.0795652 -0.160505 -0.0577268
832.046 4.903 -5.89892 -6.05214 -4.60738 -5.7655 6.74656 0.0771217 -0.15745 -0.0572686
832.062 4.59656 -5.93723 -6.28197 -4.67677 -5.87079 6.72503 0.0749837 -0.157298 -0.0836885
832.077 4.59656 -5.89892 -6.62671 -4.62652 -5.80499 6.70469 0.0809396 -0.163712 -0.154549
832.093 4.55826 -5.66909 -6.43519 -4.57747 -5.64467 6.72503 0.0818559 -0.161574 -0.147677
832.72 4.36673 -6.12875 -6.32027 -4.35972 -5.95334 6.77049 0.0743728 -0.171653 -0.531758
832.736 4.02199 -6.12875 -6.20536 -4.13001 -5.95573 6.72144 0.0771217 -0.172417 -0.556498
832.752 3.75386 -5.78401 -6.24366 -3.71845 -5.78584 6.73819 0.0699441 -0.166919 -0.508698
832.769 3.63894 -5.82231 -6.70332 -3.64546 -5.69133 6.86979 0.0762054 -0.170279 -0.542601
832.784 4.02199 -5.82231 -6.28197 -3.78066 -5.65184 6.76331 0.0745255 -0.167072 -0.599106
832.801 4.0603 -5.93723 -6.47349 -4.04865 -5.84327 6.68913 0.0719294 -0.168599 -0.710436
832.817 4.13691 -6.39688 -6.24366 -3.7005 -6.18784 6.71067 0.0675006 -0.168751 -0.701884
832.834 3.44742 -6.39688 -6.24366 -3.58923 -6.25484 6.76211 0.0676533 -0.166766 -0.652098
832.851 3.56234 -6.5118 -6.32027 -3.69691 -6.37448 6.78485 0.0694859 -0.163254 -0.461661
832.867 3.63894 -6.85654 -6.35858 -3.71007 -6.53001 6.77886 0.0725402 -0.163559 -0.255952
832.884 3.56234 -6.97145 -6.70332 -3.63709 -6.69511 6.76211 0.0821613 -0.164017 -0.117897
832.9 3.60064 -6.66501 -6.12875 -3.67537 -6.54796 6.63051 0.0856738 -0.161268 -0.100029
832.917 4.02199 -6.35858 -6.35858 -3.84048 -6.18186 6.76331 0.0865901 -0.16081 -0.0763581
832.934 3.90708 -6.09044 -6.66501 -3.8668 -5.98445 6.84347 0.0905607 -0.164475 -0.0280998
832.95 4.02199 -5.97553 -6.35858 -4.01874 -5.82652 6.79801 0.0905607 -0.165544 -0.0291688
832.967 3.83047 -6.28197 -5.86062 -3.801 -6.16032 6.67358 0.0836885 -0.169057 -0.0965167
832.983 3.83047 -6.39688 -6.35858 -3.71486 -6.25244 6.72981 0.0838412 -0.167835 -0.168904
833.0 3.90708 -6.28197 -6.24366 -3.7352 -6.21057 6.78126 0.087201 -0.165392 -0.175471
833.016 4.63487 -5.78401 -7.00976 -3.86082 -6.43789 6.91765 0.0901026 -0.170431 -0.168751
833.031 5.01791 -7.77585 -8.77177 -4.96271 -7.80778 7.70967 0.100487 -0.182496 -2.30174
833.048 4.63487 -3.94538 -5.01791 -4.79163 -5.40179 6.26321 0.0966694 -0.199447 -3.01569
833.065 3.48573 -4.9413 -6.28197 -4.04626 -4.33938 6.39841 0.0435241 -0.258549 -3.31959
833.081 3.14098 -5.09452 -5.89892 -2.13799 -4.4327 6.77288 0.0400117 -0.243888 -2.39031
833.098 0.995922 -5.7457 -6.58841 -2.2014 -4.85264 7.08514 0.0410807 -0.218537 -1.89215
833.114 1.11084 -5.59248 -6.20536 -1.6654 -4.92443 6.88894 0.0432187 -0.179442 -0.283136
833.131 2.18337 -6.5501 -6.62671 -2.34616 -6.34337 7.05045 0.0439823 -0.164628 0.729831
833.148 2.71963 -7.31619 -6.35858 -2.80319 -6.90329 6.97029 0.0389426 -0.169515 0.83154
833.164 2.71963 -7.96737 -6.5118 -2.01356 -7.85324 6.97986 0.0363465 -0.172111 0.646753
833.181 3.2942 -7.77585 -5.78401 -3.00778 -7.9011 6.38166 0.0294742 -0.183718 -0.513737
833.197 3.14098 -7.62263 -5.93723 -3.11426 -7.29332 6.10648 0.0239765 -0.204945 -1.009
833.214 1.99184 -7.16298 -6.12875 -2.46341 -7.04088 6.37567 0.0287107 -0.202502 -1.04794
833.231 1.87693 -6.70332 -6.28197 -1.96211 -6.55992 6.66401 0.0502437 -0.172875 -0.786489
833.247 2.10676 -7.12467 -6.20536 -2.35334 -6.9679 6.72861 0.0685696 -0.151036 -0.767094
833.264 2.52811 -6.77993 -6.35858 -2.45862 -6.74297 6.72263 0.0700968 -0.155923 -0.847423
833.279 2.06845 -6.74162 -6.20536 -2.23729 -6.62692 6.77049 0.0520762 -0.160352 -0.99571
833.296 1.72371 -6.81823 -6.47349 -1.84487 -6.66879 6.84826 0.0601702 -0.169515 -1.0713
833.313 1.6471 -7.16298 -6.28197 -1.80897 -6.88894 6.75494 0.0584903 -0.165086 -1.04992
833.329 1.45558 -7.62263 -6.62671 -1.64985 -7.20479 6.69751 0.0568105 -0.167377 -0.859335
833.346 1.45558 -7.58433 -6.35858 -1.67498 -7.34596 6.77288 0.0569632 -0.163101 -0.56505
833.362 1.45558 -7.3545 -6.39688 -1.66899 -7.24905 6.80877 0.0621555 -0.163559 -0.291841
833.379 1.41727 -7.08637 -6.01384 -1.61635 -7.05882 6.69033 0.0655153 -0.163101 -0.209221
833.396 1.49388 -7.20128 -6.24366 -1.5003 -7.15693 6.71186 0.0639881 -0.163254 -0.153938
833.412 1.99184 -7.46941 -6.47349 -1.12104 -7.28016 6.68913 0.0581849 -0.15012 -0.383318
833.429 1.80032 -7.04806 -6.24366 -1.78265 -7.02054 6.64367 0.0636827 -0.161726 -0.322079
833.445 1.57049 -7.20128 -6.12875 -1.52782 -7.30289 6.71545 0.0620028 -0.1715 -0.423329
833.462 1.45558 -7.20128 -6.16705 -1.53021 -7.10548 6.67597 0.0681114 -0.16753 -0.645684
833.479 1.57049 -7.20128 -6.16705 -1.67378 -6.97029 6.65563 0.0670424 -0.167072 -0.689972
833.495 1.49388 -7.3545 -6.43519 -1.28614 -7.14497 6.77408 0.0606284 -0.181732 -0.587194
833.512 0.881008 -7.50772 -6.24366 -0.783649 -7.51585 6.71306 0.0722348 -0.173333 -0.554054
833.528 1.03423 -7.54602 -6.09044 -0.940379 -7.5015 6.68195 0.0775799 -0.160963 -0.758236
833.545 1.30236 -7.27789 -6.20536 -1.31127 -7.1988 6.65683 0.0742201 -0.167835 -0.838871
833.562 0.842703 -6.93315 -6.24366 -1.05763 -6.97986 6.69272 0.0699441 -0.183412 -0.835663
833.578 0.881008 -7.3928 -6.32027 -0.792024 -7.27538 6.74297 0.0742201 -0.17486 -0.930806
833.595 1.11084 -7.3545 -5.7457 -1.06481 -7.15454 6.62811 0.0766636 -0.171195 -0.999223
833.611 1.18745 -7.23959 -6.16705 -1.11506 -6.99781 6.64008 0.0661261 -0.174707 -0.93386
833.628 0.383047 -7.20128 -6.32027 -0.372084 -6.98225 6.84826 0.0693332 -0.176082 -0.713796
833.645 0.383047 -7.00976 -6.12875 -0.295514 -6.97986 6.75135 0.0729984 -0.1715 -0.619417
833.661 0.459656 -7.20128 -6.16705 -0.524028 -7.18564 6.64845 0.0731511 -0.160199 -0.642172
833.678 0.727789 -7.3545 -5.7457 -0.66999 -7.16411 6.6676 0.06353 -0.162796 -0.613919
833.694 0.344742 -7.3545 -6.24366 -0.351745 -7.22153 6.71665 0.0650571 -0.16585 -0.589637
833.711 0.344742 -7.3545 -6.16705 -0.199801 -7.44766 6.6329 0.0702495 -0.162948 -0.682489
833.728 0.421352 -7.46941 -6.24366 -0.439083 -7.27657 6.63888 0.0647517 -0.162948 -0.877355
833.744 0.268133 -7.31619 -6.09044 -0.183051 -7.10309 6.74536 0.0629191 -0.1715 -0.769384
833.761 0.0 -7.31619 -6.39688 0.107677 -7.0995 6.79322 0.0644463 -0.166155 -0.636522
833.778 0.0383047 -7.46941 -6.24366 0.0777667 -7.21914 6.74297 0.0699441 -0.151189 -0.476322
833.795 0.114914 -7.54602 -6.35858 -0.0993021 -7.39502 6.65444 0.0644463 -0.151342 -0.433256
833.812 0.153219 -7.43111 -6.12875 -0.0538385 -7.401 6.65205 0.0685696 -0.158214 -0.485027
833.828 -0.153219 -7.20128 -6.12875 0.226122 -7.334 6.59581 0.0681114 -0.155312 -0.572075
833.845 0.114914 -7.20128 -5.97553 0.061017 -7.20838 6.54676 0.071624 -0.156687 -1.04259
833.861 0.0766094 -6.62671 -6.16705 -0.0526421 -6.85424 6.53839 0.0626137 -0.1715 -1.21318
833.878 0.229828 -7.04806 -6.39688 0.480957 -6.76331 6.74776 0.0589485 -0.17486 -1.22616
833.895 -0.497961 -6.97145 -6.20536 0.753739 -6.70708 6.83509 0.0598648 -0.166461 -1.13651
833.911 -0.689484 -7.16298 -6.05214 0.869791 -6.94636 6.71186 0.0536034 -0.162948 -0.891558
833.928 -1.11084 -7.20128 -6.12875 1.21436 -7.00259 6.68435 0.0490219 -0.160963 -0.715476
833.944 -0.727789 -7.73755 -5.97553 1.27657 -7.50628 6.74776 0.0499382 -0.148898 -0.644004
833.961 -0.689484 -7.89076 -6.16705 0.915254 -7.68216 6.59222 0.0525344 -0.145844 -0.628275
833.978 -0.612875 -8.00568 -6.43519 0.954736 -7.81256 6.60778 0.0586431 -0.151647 -0.630718
833.994 -0.536266 -7.96737 -6.12875 0.984646 -7.75035 6.62572 0.0574213 -0.148288 -0.634536
834.011 -0.421352 -7.50772 -6.01384 0.776471 -7.38903 6.67358 0.057574 -0.141568 -0.670272
834.027 -0.612875 -7.3545 -6.28197 0.885344 -7.12463 6.71785 0.0642935 -0.154549 -0.677144
834.044 -0.727789 -7.3545 -6.09044 1.03729 -7.2012 6.65444 0.0638354 -0.155923 -0.656986
834.061 -0.881008 -7.50772 -6.09044 1.18684 -7.31007 6.64008 0.0659734 -0.158672 -0.521984
834.077 -0.919312 -7.62263 -6.09044 1.23829 -7.37468 6.63649 0.0649044 -0.152258 -0.282678
834.094 -1.22575 -7.54602 -5.66909 1.34835 -7.44407 6.65922 0.0659734 -0.152869 -0.109803
834.11 -1.6088 -7.77585 -6.05214 1.81017 -7.54457 6.6987 0.0731511 -0.154549 -0.0902553
834.127 -1.72371 -7.69924 -6.05214 1.99561 -7.65344 6.63649 0.0781907 -0.151495 -0.144775
834.144 -1.57049 -7.73755 -6.28197 1.85683 -7.62592 6.67478 0.0821613 -0.140652 -0.184329
834.16 -0.881008 -7.46941 -6.24366 1.36989 -7.37946 6.64008 0.0868956 -0.143706 -0.16585
834.177 -0.919312 -7.50772 -6.20536 1.0672 -7.19043 6.64247 0.0832304 -0.140194 -0.0636827
834.193 -0.65118 -7.12467 -6.16705 0.940379 -7.03011 6.68913 0.0876591 -0.143095 0.0397062
834.21 -0.536266 -6.97145 -6.28197 0.959521 -6.94038 6.67717 0.0894917 -0.147218 0.0569632
834.227 -0.57457 -7.08637 -5.97553 1.14138 -6.8662 6.68435 0.083994 -0.150425 0.0138972
834.243 -0.612875 -6.93315 -6.24366 1.02891 -6.76929 6.67837 0.0804815 -0.150425 -0.0725402
834.26 -0.57457 -6.74162 -6.35858 0.932004 -6.73938 6.64726 0.0775799 -0.152105 -0.0795652
834.276 -0.957617 -7.00976 -6.16705 1.08754 -6.83509 6.68195 0.0751364 -0.155465 -0.0616974
834.293 -0.804398 -7.16298 -5.86062 1.27537 -7.11506 6.64367 0.0736092 -0.159283 -0.0326813
834.31 -0.995922 -7.46941 -6.24366 1.28734 -7.19761 6.67956 0.0719294 -0.15516 -0.0219911
834.326 -0.842703 -7.50772 -6.24366 1.24786 -7.3352 6.65563 0.0682642 -0.1518 -0.0279471
834.343 -0.536266 -7.43111 -6.43519 1.00738 -7.23829 6.68794 0.0766636 -0.156076 -0.0502437
834.359 -0.459656 -7.27789 -6.16705 0.748953 -7.12343 6.67119 0.0760527 -0.155465 -0.0355829
834.376 -0.57457 -7.20128 -5.86062 0.745364 -7.08754 6.66879 0.0719294 -0.157145 -0.0326813
834.393 -0.689484 -7.31619 -6.20536 0.969093 -7.11506 6.65803 0.0728457 -0.161879 -0.0383318
834.409 -0.766094 -7.20128 -6.16705 1.13898 -7.08036 6.66879 0.0736092 -0.163865 -0.0507018
834.426 -0.881008 -7.27789 -6.16705 1.17846 -7.08993 6.68554 0.0714712 -0.162337 -0.0555887
834.442 -0.804398 -7.31619 -6.05214 1.11864 -7.24068 6.68554 0.0725402 -0.16417 -0.0679587
834.459 -0.957617 -7.62263 -5.97553 0.963111 -7.37228 6.6664 0.0720821 -0.165697 -0.0423024
834.476 -0.57457 -7.50772 -6.09044 0.904487 -7.36869 6.66281 0.0742201 -0.164934 0.00763582
834.492 -0.842703 -7.3928 -6.24366 1.0337 -7.334 6.68435 0.0751364 -0.167682 0.0276416
834.509 -0.57457 -7.58433 -6.28197 1.25862 -7.29212 6.66401 0.0746782 -0.168599 0.046273
834.525 -0.881008 -7.3928 -6.20536 1.18804 -7.16291 6.68076 0.0784962 -0.168293 0.0659734
834.542 -0.766094 -7.3928 -5.97553 1.31366 -7.60678 6.59821 0.0781907 -0.167377 0.0937678
834.559 -0.65118 -7.62263 -6.12875 0.899701 -7.55892 6.69751 0.0804815 -0.16585 0.157298
834.575 -0.536266 -7.50772 -6.05214 0.908076 -7.3663 6.65444 0.0809396 -0.16982 0.179442
834.592 -0.497961 -7.43111 -6.16705 0.911665 -7.30289 6.65444 0.0852157 -0.171348 0.201585
834.608 -0.536266 -7.16298 -6.01384 0.89013 -7.08395 6.67358 0.0846048 -0.171653 0.210443
834.625 -0.881008 -7.16298 -6.12875 0.815952 -7.09352 6.6676 0.081245 -0.170431 0.245568
834.642 -0.536266 -7.23959 -6.20536 0.787238 -7.10429 6.68913 0.0820086 -0.17486 0.306043
834.658 -0.57457 -7.20128 -6.05214 0.614955 -7.01217 6.64367 0.0832304 -0.176693 0.342237
834.675 -0.689484 -7.3928 -6.24366 1.18086 -7.14377 6.71665 0.0795652 -0.173944 0.409585
834.691 -0.65118 -6.97145 -6.43519 1.0349 -6.68554 6.69272 0.0829249 -0.173791 0.466854
834.708 -0.612875 -7.62263 -5.89892 0.850648 -7.30169 6.67717 0.0794125 -0.171653 0.460745
834.725 -0.229828 -7.50772 -6.09044 0.501296 -7.45484 6.71545 0.0813978 -0.16982 0.475253
834.741 -0.0766094 -7.89076 -6.24366 0.2668 -7.71924 6.62572 0.0855211 -0.171959 0.501062
834.758 0.0766094 -7.58433 -6.32027 0.135194 -7.62712 6.6652 0.0838412 -0.170737 0.527177
834.774 -0.0766094 -7.3928 -6.20536 0.151944 -7.37228 6.67717 0.0884227 -0.177304 0.573908
834.791 0.0766094 -7.20128 -6.28197 0.133998 -7.16052 6.6987 0.0853684 -0.175013 0.585972
834.808 -0.0383047 -7.12467 -6.16705 0.117248 -7.11266 6.71306 0.0836885 -0.181274 0.543517
834.823 0.0766094 -7.27789 -6.32027 0.150748 -7.133 6.68315 0.083994 -0.181274 0.515265
834.839 0.0383047 -7.3928 -6.12875 0.141176 -7.19761 6.64487 0.0847575 -0.179442 0.450971
834.856 0.0383047 -7.50772 -6.20536 0.157926 -7.24666 6.65563 0.0879646 -0.18158 0.417068
834.871 -0.114914 -7.46941 -6.16705 -0.0131605 -7.38425 6.6652 0.0998765 -0.182496 0.419664
834.888 -0.0383047 -7.54602 -6.12875 0.151944 -7.38186 6.73938 0.0911716 -0.176845 0.555429
834.904 0.0766094 -7.81416 -6.01384 0.0358923 -7.51346 6.60897 0.0813978 -0.167988 0.622472
834.921 -0.0383047 -7.46941 -6.12875 0.151944 -7.46441 6.70947 0.0841467 -0.16585 0.692416
834.938 0.0383047 -7.43111 -6.58841 0.189033 -7.39502 6.74895 0.0942259 -0.166613 0.508087
834.954 0.0766094 -7.54602 -6.32027 -0.0382852 -7.37228 6.66162 0.0870483 -0.165697 0.343001
834.971 0.344742 -7.46941 -6.24366 -0.352941 -7.37946 6.67238 0.0835358 -0.167072 0.332922
834.987 0.344742 -7.16298 -6.43519 -0.317049 -7.03849 6.74656 0.0887282 -0.164475 0.399506
835.012 0.268133 -7.16298 -6.5118 -0.391226 -7.07557 6.6987 0.0899499 -0.16417 0.433103
835.028 0.421352 -7.12467 -6.24366 -0.429512 -7.10907 6.6987 0.0873537 -0.161421 0.440281
835.045 0.497961 -7.12467 -6.09044 -0.433101 -7.06481 6.7657 0.0878119 -0.164475 0.415083
835.062 0.57457 -7.3545 -6.12875 -0.675972 -7.15932 6.71545 0.0798706 -0.161726 0.401491
835.078 0.421352 -7.27789 -6.20536 -0.525224 -7.11147 6.69272 0.0798706 -0.160658 0.511141
835.095 0.459656 -7.08637 -6.32027 -0.43669 -7.03609 6.70947 0.0875064 -0.153174 0.597426
835.111 0.421352 -7.16298 -6.28197 -0.650847 -7.04686 6.72144 0.089339 -0.149815 0.606436
835.128 0.497961 -6.93315 -6.16705 -0.719043 -7.06959 6.72861 0.0890336 -0.153633 0.614989
835.145 1.07253 -7.31619 -6.16705 -0.988235 -7.21675 6.71545 0.0853684 -0.154091 0.541837
835.161 1.53219 -7.3545 -6.16705 -1.21795 -7.37587 6.68794 0.086132 -0.152105 0.406378
835.178 1.34066 -7.43111 -6.16705 -1.28853 -7.31725 6.70947 0.0846048 -0.15012 0.313679
835.194 1.11084 -7.16298 -6.28197 -1.32562 -7.05763 6.69511 0.0806342 -0.147982 0.273515
835.21 0.842703 -7.08637 -6.66501 -1.01815 -6.82433 6.72622 0.0852157 -0.148898 0.477849
835.227 0.957617 -6.97145 -6.39688 -0.971486 -6.80519 6.74297 0.0881173 -0.138056 0.6353
835.244 1.22575 -7.00976 -6.35858 -1.09831 -6.8997 6.73101 0.0878119 -0.136376 0.654237
835.26 1.41727 -7.00976 -6.24366 -1.37827 -6.91645 6.67717 0.0856738 -0.139735 0.597273
835.276 1.6471 -7.04806 -6.24366 -1.50389 -6.95354 6.69272 0.0838412 -0.140957 0.465479
835.294 1.83862 -7.04806 -6.24366 -1.61635 -7.00499 6.72263 0.0804815 -0.140346 0.413556
835.31 1.83862 -7.12467 -6.16705 -1.81854 -7.02652 6.69153 0.079107 -0.140652 0.331241
835.326 1.95354 -7.12467 -6.28197 -1.89033 -6.9667 6.74656 0.0827722 -0.141873 0.327729
835.342 2.03015 -7.27789 -6.47349 -1.86042 -6.95234 6.75374 0.0829249 -0.141568 0.3598
835.358 1.80032 -7.16298 -6.28197 -1.84247 -6.9667 6.72503 0.0847575 -0.138361 0.371101
835.375 1.99184 -6.93315 -6.47349 -1.98365 -6.93918 6.71067 0.083994 -0.141721 0.325591
835.392 1.91523 -7.08637 -6.28197 -1.9669 -6.91645 6.6999 0.0815505 -0.143706 0.296575
835.408 2.03015 -6.81823 -6.39688 -2.04826 -6.65563 6.70349 0.0815505 -0.143095 0.27886
835.425 2.25998 -6.89484 -6.39688 -1.97886 -6.61376 6.72144 0.0798706 -0.143553 0.339488
835.441 2.03015 -6.85654 -6.28197 -2.08056 -6.63769 6.72263 0.0806342 -0.138972 0.398131
835.458 2.33659 -6.81823 -6.09044 -2.2995 -6.69392 6.70588 0.0775799 -0.135917 0.438296
835.475 2.41319 -6.97145 -6.24366 -2.37368 -6.8662 6.74895 0.0801761 -0.142942 0.461661
835.491 2.52811 -7.00976 -6.24366 -2.4335 -6.90449 6.71186 0.0777326 -0.142484 0.39187
835.508 2.60472 -6.93315 -5.93723 -2.71585 -6.83629 6.70349 0.0786489 -0.146913 0.371711
835.524 2.56641 -6.89484 -6.35858 -2.62134 -6.77647 6.74656 0.0777326 -0.150731 0.504117
835.541 2.4515 -6.93315 -5.97553 -2.6333 -6.74776 6.72024 0.0777326 -0.148135 0.629802
835.558 2.4898 -6.81823 -6.28197 -2.68355 -6.71545 6.70947 0.0820086 -0.149967 0.668439
835.574 2.87285 -6.97145 -6.28197 -2.78883 -6.68195 6.70947 0.081245 -0.14844 0.698677
835.591 3.02607 -7.00976 -6.12875 -2.97069 -6.63769 6.72144 0.0807869 -0.149051 0.700662
835.607 3.2559 -6.77993 -6.12875 -3.07119 -6.6341 6.72622 0.0797179 -0.145386 0.692721
835.623 3.17929 -6.70332 -6.16705 -3.12502 -6.64606 6.69751 0.0806342 -0.149509 0.634078
835.64 3.17929 -6.66501 -6.66501 -3.16451 -6.57428 6.72622 0.0817032 -0.153785 0.53466
835.656 3.44742 -6.5118 -6.32027 -3.20997 -6.45583 6.71306 0.0818559 -0.155618 0.427606
835.673 3.48573 -6.28197 -6.28197 -3.37986 -6.28235 6.68913 0.0817032 -0.158672 0.392023
835.69 3.21759 -6.39688 -6.32027 -3.51386 -6.17348 6.70708 0.0821613 -0.161879 0.354913
835.706 3.56234 -6.24366 -6.28197 -3.54257 -6.17109 6.71665 0.0775799 -0.162796 0.316428
835.723 3.52403 -6.24366 -6.05214 -3.43968 -6.17467 6.72622 0.0766636 -0.16417 0.294437
835.739 3.48573 -6.35858 -6.20536 -3.35474 -6.15075 6.72024 0.0762054 -0.162643 0.252135
835.756 3.2942 -6.20536 -6.20536 -3.32243 -6.07777 6.72503 0.0752891 -0.165544 0.241444
835.773 3.52403 -6.35858 -6.16705 -3.28774 -6.12443 6.72024 0.074831 -0.165392 0.249844
835.789 3.37081 -6.32027 -6.35858 -3.30329 -6.20459 6.70947 0.074831 -0.166155 0.274126
835.806 3.37081 -6.39688 -5.78401 -3.32243 -6.2333 6.72383 0.0694859 -0.160505 0.270002
835.822 3.48573 -6.39688 -6.28197 -3.42173 -6.25125 6.72144 0.0723875 -0.163101 0.198989
835.839 3.63894 -6.43519 -6.5501 -3.49711 -6.28594 6.72024 0.0691805 -0.160658 0.152716
835.856 3.56234 -6.39688 -6.16705 -3.61196 -6.20937 6.73699 0.0728457 -0.163559 0.0690278
835.872 3.71555 -6.32027 -6.24366 -3.62273 -6.14836 6.70827 0.0726929 -0.161268 0.00335976
835.889 3.67725 -6.24366 -6.24366 -3.75793 -6.07896 6.73101 0.0700968 -0.159589 -0.0239765
835.904 3.75386 -6.12875 -6.39688 -3.83091 -5.99641 6.7011 0.0711658 -0.164934 -0.0733038
835.92 3.63894 -6.12875 -6.32027 -3.78305 -5.99402 6.71545 0.0659734 -0.165239 -0.100335
835.937 3.56234 -6.32027 -6.62671 -3.4325 -6.25603 6.69153 0.0681114 -0.169057 -0.12034
835.953 3.44742 -6.32027 -6.43519 -3.68614 -6.14955 6.71904 0.0708604 -0.169057 -0.150731
835.97 3.48573 -6.35858 -6.28197 -3.58684 -5.97966 6.76092 0.0685696 -0.168904 -0.141568
835.986 3.48573 -6.62671 -6.32027 -3.47318 -6.24646 6.77886 0.06353 -0.167682 -0.145691
836.003 3.52403 -6.5118 -6.32027 -3.51266 -6.31466 6.71306 0.0679587 -0.168599 -0.140346
836.02 3.56234 -6.35858 -6.20536 -3.52702 -6.27876 6.75494 0.0673479 -0.169057 -0.124158
836.036 3.75386 -6.39688 -6.5501 -3.52343 -6.25962 6.72144 0.0693332 -0.169973 -0.115148
836.052 3.48573 -6.47349 -5.7457 -3.48275 -6.30508 6.7011 0.0693332 -0.16921 -0.101556
836.068 3.44742 -6.32027 -6.24366 -3.2997 -6.27757 6.70827 0.0673479 -0.167682 -0.107512
836.085 3.2559 -6.39688 -6.28197 -3.25065 -6.28834 6.71186 0.0694859 -0.168751 -0.111636
836.102 3.33251 -6.5118 -6.16705 -3.2674 -6.33858 6.70708 0.0719294 -0.167224 -0.107207
836.118 3.33251 -6.47349 -6.20536 -3.37149 -6.29791 6.71785 0.0693332 -0.163101 -0.0868956
836.134 3.33251 -6.62671 -6.32027 -3.41815 -6.31824 6.7334 0.0699441 -0.163559 -0.0775799
836.15 3.33251 -6.32027 -6.24366 -3.41456 -6.30748 6.6999 0.0731511 -0.163254 -0.0630718
836.167 3.40912 -6.35858 -6.32027 -3.39302 -6.27159 6.68195 0.0707076 -0.161574 -0.0687223
836.184 3.60064 -6.39688 -6.28197 -3.4349 -6.27637 6.70229 0.0717766 -0.160658 -0.0905607
836.2 3.48573 -6.43519 -6.20536 -3.5318 -6.28235 6.70708 0.0708604 -0.157145 -0.0981966
836.217 3.33251 -6.58841 -6.09044 -3.55693 -6.3015 6.71785 0.0714712 -0.159436 -0.10064
836.233 3.48573 -6.47349 -6.28197 -3.55693 -6.31824 6.71545 0.0734565 -0.161726 -0.0911716
836.25 3.48573 -6.28197 -6.58841 -3.52582 -6.29192 6.70349 0.0702495 -0.159589 -0.0905607
836.267 3.40912 -6.47349 -6.39688 -3.45045 -6.20578 6.69511 0.0696386 -0.158825 -0.102473
836.283 3.44742 -6.32027 -6.28197 -3.51147 -6.14716 6.6987 0.0736092 -0.161268 -0.120188
836.3 3.71555 -6.5501 -6.35858 -3.54975 -6.17228 6.71426 0.0720821 -0.162643 -0.12706
836.316 3.67725 -6.47349 -6.28197 -3.62273 -6.35653 6.68076 0.071013 -0.161726 -0.136528
836.333 3.79216 -6.5118 -6.35858 -3.71366 -6.52403 6.70469 0.0726929 -0.162796 -0.147066
836.35 3.79216 -6.85654 -6.62671 -3.67298 -6.57667 6.69511 0.0754418 -0.164475 -0.160658
836.366 3.52403 -6.81823 -6.32027 -3.59402 -6.61376 6.69272 0.0774271 -0.168446 -0.166919
836.383 3.40912 -6.62671 -6.16705 -3.39302 -6.48455 6.69751 0.0772744 -0.165239 -0.17822
836.399 3.2559 -6.5501 -6.20536 -3.29013 -6.39362 6.71067 0.0781907 -0.16417 -0.193186
836.416 3.10268 -6.32027 -6.32027 -3.1346 -6.22851 6.72383 0.0797179 -0.166766 -0.197157
836.433 2.94946 -6.58841 -6.5118 -3.1322 -6.21416 6.7322 0.0797179 -0.162185 -0.189674
836.449 3.14098 -6.43519 -6.35858 -3.12622 -6.36491 6.70588 0.0792598 -0.164323 -0.166308
836.466 2.98777 -6.5501 -6.28197 -3.10229 -6.48574 6.70947 0.0807869 -0.162948 -0.153785
836.482 3.2942 -6.85654 -6.24366 -3.24108 -6.63649 6.70827 0.0817032 -0.159283 -0.142179
836.498 3.40912 -6.97145 -6.24366 -3.47916 -6.78843 6.72742 0.0833831 -0.155465 -0.152258
836.515 3.75386 -6.93315 -6.09044 -3.667 -6.81236 6.70349 0.0875064 -0.156992 -0.15745
836.531 3.94538 -6.81823 -6.24366 -3.91226 -6.67119 6.70827 0.0905607 -0.157145 -0.166766
836.548 3.79216 -6.66501 -6.43519 -3.79023 -6.30867 6.69631 0.0911716 -0.161574 -0.181121
836.565 3.48573 -5.97553 -6.20536 -3.68614 -6.0682 6.7011 0.0911716 -0.165697 -0.212734
836.581 3.37081 -5.66909 -6.28197 -3.34397 -5.58006 6.70229 0.0926988 -0.170431 -0.23839
836.598 3.52403 -5.24774 -6.35858 -3.11785 -5.22592 6.72503 0.0803288 -0.166155 -0.283747
836.614 2.91116 -5.51587 -6.24366 -2.93001 -5.33599 6.75254 0.0742201 -0.165544 -0.309098
836.631 3.02607 -5.82231 -6.66501 -2.79601 -5.54417 6.73819 0.068875 -0.160963 -0.304211
836.648 2.87285 -6.24366 -6.24366 -2.80558 -6.04666 6.71904 0.0630718 -0.158672 -0.277027
836.664 2.83455 -6.39688 -6.20536 -2.75414 -6.2656 6.6999 0.06353 -0.156992 -0.253509
836.681 2.71963 -6.5501 -6.43519 -2.75892 -6.28834 6.71067 0.0633773 -0.156534 -0.246026
836.697 2.75794 -6.47349 -6.32027 -2.83669 -6.3338 6.68674 0.0615447 -0.151647 -0.233961
836.714 2.94946 -6.85654 -6.43519 -3.02692 -6.52403 6.75135 0.0623082 -0.150273 -0.214566
836.731 3.10268 -7.04806 -6.16705 -3.09153 -6.66401 6.71904 0.0606284 -0.147218 -0.17654
836.747 3.48573 -6.89484 -6.32027 -3.37627 -6.74536 6.67238 0.0655153 -0.148593 -0.155312
836.764 3.79216 -6.47349 -6.58841 -3.54855 -6.44387 6.67119 0.06353 -0.151036 -0.0925461
836.78 3.48573 -6.24366 -6.28197 -3.47318 -6.27398 6.69153 0.0610865 -0.151189 -0.0490219
836.797 3.63894 -6.05214 -6.20536 -3.44447 -5.93659 6.65563 0.0604756 -0.155923 -0.0525344
836.813 3.37081 -5.97553 -6.66501 -3.30449 -5.83609 6.71545 0.0566577 -0.157756 -0.0972803
836.828 3.17929 -5.93723 -5.86062 -3.2674 -5.82293 6.67119 0.0552833 -0.157756 -0.133932
836.845 3.06437 -5.66909 -6.12875 -3.07119 -5.5657 6.66401 0.0488692 -0.159283 -0.131336
836.861 2.83455 -5.36266 -6.16705 -2.77926 -5.13619 6.6652 0.0351248 -0.157756 -0.111941
836.877 2.64302 -5.47757 -5.7074 -2.68953 -5.08594 6.65922 0.0305433 -0.157298 -0.105832
836.894 2.71963 -6.70332 -6.09044 -2.86181 -6.15434 6.72742 0.0143553 -0.149815 -0.110414
836.909 3.10268 -8.35042 -6.12875 -3.08913 -8.25404 6.64487 0.022602 -0.153174 -0.102167
836.926 3.79216 -9.03991 -6.32027 -3.38106 -8.81037 6.61376 0.0517708 -0.148593 -0.0829249
836.942 4.51995 -8.65686 -6.20536 -4.22572 -8.72902 6.59701 0.0644463 -0.143553 -0.0922406
836.959 4.86469 -8.35042 -6.35858 -4.75813 -8.2648 6.70229 0.0862847 -0.145386 -0.15852
836.976 4.82639 -8.00568 -6.09044 -4.64806 -7.7659 6.66162 0.0901026 -0.16585 -0.152258
836.992 4.0986 -7.23959 -6.20536 -4.17547 -7.42971 6.63769 0.0905607 -0.171653 -0.125686
837.009 3.67725 -6.77993 -6.12875 -3.56291 -6.7346 6.66281 0.0978911 -0.183718 -0.0920879
837.025 3.06437 -6.39688 -6.20536 -2.91206 -6.19621 6.67717 0.0945314 -0.188757 -0.121715
837.042 2.18337 -6.12875 -6.32027 -2.28275 -6.13759 6.72024 0.0896445 -0.186467 -0.146455
837.059 2.14506 -6.09044 -6.5118 -1.91904 -5.81934 6.71426 0.0925461 -0.180511 -0.202349
837.075 1.91523 -6.01384 -6.12875 -1.84965 -5.87916 6.56949 0.0853684 -0.174707 -0.239459
837.092 2.25998 -6.24366 -6.35858 -2.13918 -5.91984 6.64845 0.0823141 -0.16249 -0.182649
837.108 2.94946 -6.32027 -6.16705 -2.90369 -6.01077 6.71067 0.0847575 -0.161421 -0.128434
837.125 3.17929 -6.5118 -6.66501 -3.18485 -6.41037 6.71067 0.0768163 -0.160505 -0.0400117
837.142 3.40912 -6.70332 -6.24366 -3.1346 -6.44985 6.65085 0.0736092 -0.161268 0.00855211
837.158 2.87285 -6.77993 -6.20536 -2.96351 -6.61974 6.64008 0.071013 -0.15852 0.0140499
837.175 2.4515 -7.04806 -6.43519 -2.46102 -6.82553 6.69751 0.0673479 -0.158672 -0.00503964
837.191 2.03015 -7.16298 -6.05214 -1.96929 -7.04686 6.46421 0.0760527 -0.150731 -0.0520762
837.208 1.72371 -7.23959 -5.97553 -1.95135 -6.89133 6.48335 0.0751364 -0.137597 -0.0923933
837.225 1.37897 -7.92907 -5.89892 -1.50628 -7.63789 6.32064 0.0841467 -0.127976 -0.163406
837.241 1.11084 -8.08229 -6.32027 -1.07438 -7.95972 6.42831 0.10064 -0.111636 -0.1715
837.258 0.995922 -7.46941 -6.28197 -1.20837 -7.65344 6.5671 0.113315 -0.0913243 -0.125227
837.274 2.79624 -6.66501 -6.28197 -2.601 -6.65085 6.6987 0.106443 -0.0879646 -0.086132
837.291 3.17929 -5.89892 -6.58841 -3.77946 -5.81216 6.82672 0.100487 -0.101251 0.0299324
837.308 3.83047 -5.82231 -6.43519 -3.70528 -5.60877 6.80399 0.0949895 -0.11301 0.0752891
837.324 3.33251 -5.32435 -6.66501 -3.42652 -5.35274 6.88534 0.0954477 -0.10965 0.0574213
837.341 3.56234 -5.05622 -6.5501 -3.37627 -4.82752 6.99661 0.0894917 -0.101098 -0.0253509
837.357 3.63894 -5.40096 -6.47349 -3.68734 -5.19721 6.82433 0.081245 -0.115606 -0.0806342
837.373 3.44742 -6.12875 -6.01384 -3.5677 -5.52263 6.75613 0.0771217 -0.121104 -0.0788016
837.389 3.44742 -6.12875 -6.05214 -3.54377 -6.05862 6.68794 0.0700968 -0.120646 -0.0207694
837.404 3.86877 -5.82231 -6.16705 -3.84766 -5.97248 6.68794 0.0577268 -0.1237 0.0494801
837.42 3.94538 -5.55418 -6.62671 -4.13958 -5.44367 6.70708 0.0537561 -0.129809 0.096364
837.436 4.25182 -6.20536 -5.89892 -4.23888 -5.81695 6.61855 0.0459676 -0.139125 0.18158
837.451 4.32843 -7.08637 -5.89892 -3.94696 -6.46301 6.61615 0.0374155 -0.144317 0.193339
837.467 3.48573 -7.43111 -6.24366 -2.95633 -7.3651 6.58026 0.0262672 -0.157603 0.184787
837.482 2.83455 -7.12467 -6.58841 -2.69551 -7.30289 6.62094 0.0534507 -0.142484 0.203113
837.498 3.67725 -7.12467 -6.58841 -3.24108 -7.11147 6.69153 0.0719294 -0.127518 0.191354
837.514 4.51995 -6.97145 -6.35858 -4.46022 -6.8339 6.56471 0.0798706 -0.116064 0.121868
837.528 4.78809 -7.23959 -5.78401 -4.64447 -6.93081 6.62214 0.0856738 -0.131641 0.0726929
837.544 4.48165 -7.31619 -6.58841 -4.45902 -7.17966 6.56471 0.0820086 -0.143553 0.00595593
839.518 1.83862 -7.3545 -6.16705 -1.92622 -7.2012 6.68195 0.0714712 -0.158214 -0.289092
839.534 1.72371 -7.16298 -6.28197 -1.8652 -7.11506 6.76092 0.0746782 -0.164017 -0.182038
839.551 1.49388 -7.20128 -6.24366 -1.60558 -6.82911 6.64128 0.0720821 -0.163254 -0.150731
839.566 1.14914 -6.97145 -6.20536 -1.38664 -6.94158 6.69631 0.0731511 -0.162032 -0.0820086
839.582 1.07253 -7.3928 -6.28197 -1.0672 -7.25145 6.76092 0.0763581 -0.162643 -0.0308487
839.599 1.72371 -7.54602 -5.89892 -1.55055 -7.37827 6.7657 0.0768163 -0.15913 -0.0482583
839.615 1.87693 -7.16298 -6.35858 -1.94895 -7.04806 6.81954 0.0798706 -0.162796 -0.126296
839.632 1.57049 -7.04806 -5.7074 -1.51825 -6.80997 6.54317 0.0778853 -0.164934 -0.151036
839.649 1.34066 -7.16298 -6.47349 -1.38185 -6.8662 6.97866 0.0772744 -0.163101 -0.132558
839.665 1.45558 -7.50772 -6.24366 -1.4991 -7.30648 6.71186 0.0804815 -0.163712 -0.12874
839.682 1.6088 -7.31619 -6.09044 -1.62233 -7.1665 6.62453 0.0801761 -0.163712 -0.215941
839.698 1.80032 -7.20128 -6.20536 -1.87238 -7.34596 6.70827 0.0760527 -0.163865 -0.37049
839.715 1.26405 -6.77993 -5.82231 -1.49192 -6.6664 6.7681 0.0803288 -0.16921 -0.392328
839.732 1.14914 -7.04806 -6.28197 -1.22752 -6.70827 6.7992 0.0826195 -0.168599 -0.272904
839.748 1.18745 -7.3545 -6.5118 -1.21555 -7.08514 6.86501 0.0781907 -0.16585 -0.115454
839.765 1.11084 -6.89484 -6.16705 -1.27657 -6.89133 6.73819 0.0786489 -0.165697 -0.083994
839.781 1.57049 -6.93315 -6.35858 -1.48714 -6.65683 6.7669 0.078038 -0.16081 -0.102625
839.798 1.76202 -7.16298 -6.35858 -1.72642 -7.12582 6.76211 0.0729984 -0.163406 -0.193644
839.815 1.87693 -7.12467 -6.28197 -1.66301 -7.37946 6.78604 0.0734565 -0.168904 -0.275347
839.831 1.45558 -8.1589 -6.5501 -1.24905 -8.29831 6.78485 0.0719294 -0.166919 -1.07711
839.848 2.10676 -6.58841 -6.5501 -2.42154 -5.8995 6.94038 0.0755945 -0.187077 -1.14583
839.864 0.0383047 -6.97145 -6.12875 -0.433101 -6.14357 7.01814 0.0584903 -0.195019 -0.361174
839.881 1.18745 -6.81823 -6.28197 -0.861416 -7.01934 6.89372 0.0717766 -0.151495 -0.313374
839.898 1.18745 -7.12467 -6.09044 -1.50508 -6.86261 6.61495 0.0743728 -0.162185 -0.0143553
839.913 1.03423 -7.69924 -6.39688 -1.21795 -7.34237 6.68554 0.0693332 -0.178373 0.267406
839.93 1.22575 -7.23959 -6.12875 -0.997807 -7.56849 6.82313 0.0757473 -0.173638 0.234114
839.946 0.919312 -7.00976 -6.12875 -0.904487 -7.00499 6.6676 0.0762054 -0.166308 -0.0781907
839.963 1.11084 -6.89484 -6.47349 -0.824327 -6.82194 6.81117 0.0694859 -0.170584 -0.399964
839.98 1.45558 -7.3928 -6.32027 -1.22393 -7.04566 6.80519 0.068875 -0.170126 -0.477391
839.996 1.37897 -7.54602 -6.24366 -1.54576 -7.48236 6.74656 0.0734565 -0.172875 -0.502437
840.013 1.49388 -7.50772 -6.16705 -0.904487 -7.31007 6.75494 0.0728457 -0.173333 -0.473879
840.029 0.383047 -7.20128 -6.20536 -0.568295 -7.20718 6.75254 0.0728457 -0.173486 -0.483194
840.046 0.612875 -7.00976 -6.39688 -0.608973 -7.12463 6.80997 0.0752891 -0.167835 -0.577573
840.063 0.689484 -6.93315 -6.20536 -0.622134 -6.89731 6.75494 0.0777326 -0.168599 -0.745713
840.079 0.459656 -6.77993 -6.16705 -0.540778 -6.76092 6.71904 0.0743728 -0.169668 -0.939205
840.096 0.268133 -6.58841 -6.35858 -0.336191 -6.48574 6.7334 0.0697913 -0.167835 -1.02686
840.112 0.383047 -6.74162 -6.35858 -0.457029 -6.54198 6.72144 0.0629191 -0.168599 -1.13056
840.129 0.459656 -7.43111 -6.32027 -0.614955 -6.82433 6.78485 0.0581849 -0.167224 -0.891099
840.146 0.383047 -7.85246 -6.32027 -0.687936 -7.48116 6.78485 0.0589485 -0.169515 -0.690736
840.162 0.114914 -7.43111 -6.16705 -0.151944 -7.39502 6.77169 0.0681114 -0.173638 -0.366977
840.179 0.0766094 -6.97145 -6.32027 0.526421 -6.89731 6.67119 0.0638354 -0.166919 -0.225409
840.195 -0.229828 -7.08637 -6.32027 0.57667 -6.85184 6.75254 0.06353 -0.161879 -0.189063
840.212 0.153219 -7.54602 -6.32027 -0.09332 -7.31845 6.7669 0.0652099 -0.159436 -0.121104
840.229 0.383047 -7.54602 -6.20536 -0.394816 -7.44526 6.75733 0.0676533 -0.161116 -0.144775
840.245 0.459656 -7.62263 -6.05214 -0.491725 -7.54098 6.7346 0.0650571 -0.159283 -0.270613
840.262 0.536266 -8.27381 -6.5501 1.32682 -7.57926 6.7322 0.0704022 -0.159283 -0.551764
840.278 0.612875 -7.20128 -6.20536 -1.16291 -6.87218 6.6018 0.0729984 -0.165697 -1.39415
840.295 -0.497961 -7.58433 -6.12875 0.0514457 -6.70708 7.12702 0.0626137 -0.193492 -1.02854
840.312 0.306437 -7.27789 -6.32027 0.129212 -7.13659 6.58265 0.066737 -0.16417 -0.950812
840.328 0.306437 -6.97145 -6.20536 -0.440279 -6.62692 6.67478 0.0658207 -0.158061 -0.588416
840.345 0.114914 -6.89484 -6.16705 0.932004 -6.79322 6.72144 0.0620028 -0.177609 -0.121409
840.361 -0.612875 -7.20128 -6.39688 0.999003 -6.96072 6.77647 0.0636827 -0.166766 0.0166461
840.378 -0.421352 -7.66094 -6.32027 0.506082 -7.60798 6.68435 0.0704022 -0.160658 -0.00809396
840.395 -0.114914 -7.85246 -6.35858 0.276371 -7.7994 6.75135 0.0662789 -0.162643 -0.163254
840.411 -0.114914 -7.66094 -6.28197 0.240479 -7.70489 6.73699 0.0679587 -0.15852 -0.156992
840.427 -0.191523 -7.27789 -6.24366 0.416351 -7.26221 6.75015 0.0751364 -0.157909 -0.100029
840.442 -0.153219 -7.20128 -5.97553 0.384048 -7.05643 6.75374 0.074831 -0.155618 0.0253509
840.459 0.0 -7.27789 -6.20536 0.325424 -7.133 6.76929 0.0749837 -0.157603 0.0499382
840.476 -0.0766094 -7.31619 -6.43519 0.21655 -7.22991 6.7011 0.0739146 -0.156687 0.0322231
840.492 -0.0766094 -7.3928 -6.16705 0.2668 -7.34836 6.71545 0.0749837 -0.158214 -0.00931569
840.509 -0.114914 -7.50772 -5.86062 0.325424 -7.35673 6.71785 0.0733038 -0.159894 -0.057574
840.525 -0.306437 -7.50772 -6.09044 0.429512 -7.27178 6.73579 0.0762054 -0.159589 -0.0726929
840.542 -0.229828 -7.43111 -6.24366 0.374477 -7.29691 6.70708 0.0757473 -0.157909 -0.0545197
840.559 -0.153219 -7.31619 -6.24366 0.357727 -7.2323 6.75254 0.0757473 -0.156687 -0.00855211
840.575 -0.0766094 -7.46941 -6.32027 0.285942 -7.17009 6.82313 0.0746782 -0.15745 0.00213803
840.592 -0.0766094 -7.27789 -6.24366 0.232104 -7.12941 6.66162 0.0772744 -0.160199 -0.0242819
840.607 -0.0766094 -7.27789 -6.5501 0.144766 -7.16172 6.74297 0.0760527 -0.15852 -0.0613919
840.624 0.0 -7.3545 -6.20536 0.100499 -7.17607 6.70469 0.0749837 -0.158061 -0.0762054
840.641 0.0766094 -7.31619 -5.97553 0.171087 -7.12343 6.72622 0.0739146 -0.162337 -0.0905607
840.657 -0.114914 -7.16298 -6.16705 0.223729 -7.03131 6.72861 0.0736092 -0.160658 -0.0552833
840.674 -0.0766094 -7.12467 -6.24366 0.221336 -7.04686 6.75374 0.0731511 -0.161268 -0.043066
840.691 -0.229828 -7.31619 -6.39688 0.284746 -7.05045 6.72981 0.0714712 -0.161268 -0.043066
840.706 -0.153219 -7.46941 -6.47349 0.312263 -7.21555 6.7346 0.0694859 -0.160047 -0.0577268
840.722 -0.153219 -7.3545 -6.28197 0.337388 -7.25982 6.7346 0.0707076 -0.163101 -0.0655153
840.738 -0.191523 -7.50772 -6.32027 0.446261 -7.28255 6.73579 0.0736092 -0.161879 -0.0514654
840.755 -0.153219 -7.58433 -6.28197 0.484546 -7.42253 6.73101 0.0728457 -0.15913 -0.0343612
840.771 -0.268133 -7.43111 -6.28197 0.461814 -7.39262 6.72981 0.0731511 -0.15684 -0.0340557
840.787 -0.229828 -7.58433 -6.16705 0.364905 -7.37946 6.71785 0.0766636 -0.155007 -0.0416915
840.804 -0.191523 -7.31619 -5.86062 0.302692 -7.31366 6.73579 0.0734565 -0.149051 -0.0380264
840.82 0.0 -7.3545 -6.32027 0.240479 -7.2347 6.71545 0.0760527 -0.151953 -0.0335976
840.837 0.0 -7.04806 -6.28197 0.141176 -7.0983 6.74297 0.0797179 -0.157145 -0.0288634
840.854 0.0 -7.16298 -6.16705 0.0167498 -7.06241 6.73819 0.0754418 -0.153938 -0.0291688
840.87 0.0766094 -7.16298 -6.32027 -0.0251246 -7.07318 6.73938 0.0729984 -0.153785 -0.0523817
840.887 0.114914 -7.3928 -6.58841 -0.0490528 -7.10309 6.73101 0.0740674 -0.153785 -0.0616974
840.903 0.114914 -7.27789 -6.20536 -0.0311067 -7.15693 6.72981 0.0743728 -0.159589 -0.0687223
840.92 0.114914 -7.00976 -5.97553 0.0119641 -7.0983 6.72861 0.0717766 -0.159436 -0.0658207
840.937 0.153219 -7.31619 -6.20536 0.00239282 -7.12223 6.75613 0.071013 -0.15913 -0.0641408
840.953 0.0766094 -7.16298 -6.09044 0.0358923 -7.15454 6.71426 0.0717766 -0.161421 -0.0612392
840.97 -0.0383047 -7.31619 -6.58841 0.0454636 -7.22393 6.72622 0.0708604 -0.163712 -0.0520762
840.986 0.0 -7.3545 -6.28197 0.113659 -7.25264 6.73101 0.0728457 -0.165086 -0.046273
841.003 0.114914 -7.46941 -5.7457 0.189033 -7.3352 6.73819 0.071013 -0.164628 -0.0311541
841.02 -0.114914 -7.62263 -6.35858 0.260818 -7.40578 6.74297 0.0731511 -0.163406 -0.0233656
841.037 0.0 -7.58433 -6.05214 0.319442 -7.38544 6.70827 0.0731511 -0.162337 -0.00503964
841.054 -0.153219 -7.43111 -6.16705 0.34337 -7.35793 6.72383 0.0728457 -0.158978 0.00839939
841.069 -0.0766094 -7.3928 -6.09044 0.262014 -7.30648 6.71426 0.0766636 -0.161421 0.0313068
841.085 0.0 -7.16298 -6.24366 0.184247 -7.2993 6.71306 0.0788016 -0.157909 0.0548251
841.102 -0.153219 -7.3545 -6.24366 0.0634098 -7.26341 6.71904 0.0775799 -0.15913 0.0612392
841.118 0.153219 -7.46941 -6.32027 -0.00598205 -7.26939 6.72263 0.0789543 -0.160963 0.0671951
841.135 0.0766094 -7.27789 -6.20536 0.00957129 -7.16889 6.7346 0.0789543 -0.15913 0.068875
841.151 0.0766094 -7.31619 -6.35858 0.0849452 -7.11984 6.72622 0.076969 -0.160047 0.0700968
841.167 0.0383047 -7.23959 -6.32027 0.0693918 -7.01336 6.73938 0.0749837 -0.156992 0.0867428
841.184 0.191523 -7.12467 -6.16705 -0.00358923 -7.03849 6.72024 0.0765108 -0.160505 0.104153
841.199 0.268133 -7.16298 -6.05214 -0.0825523 -7.09591 6.75733 0.0755945 -0.160047 0.108581
841.216 0.0766094 -7.31619 -6.16705 -0.204586 -7.19043 6.73699 0.0746782 -0.159436 0.110261
841.232 0.268133 -7.43111 -6.24366 -0.183051 -7.19641 6.74297 0.0760527 -0.163712 0.120799
841.248 0.191523 -7.50772 -6.28197 -0.171087 -7.23589 6.72742 0.0729984 -0.161116 0.138056
841.264 0.153219 -7.43111 -6.24366 -0.148355 -7.21197 6.71186 0.0772744 -0.163865 0.181885
841.28 0.0 -7.54602 -6.16705 -0.142373 -7.25025 6.7346 0.0740674 -0.161116 0.231823
841.297 0.153219 -7.54602 -6.20536 -0.151944 -7.35553 6.7322 0.0781907 -0.163406 0.256105
841.314 0.57457 -7.43111 -5.86062 -0.239282 -7.38186 6.72503 0.0809396 -0.16081 0.293521
841.33 0.306437 -7.62263 -6.16705 -0.284746 -7.44885 6.71785 0.0768163 -0.160047 0.307876
841.347 0.459656 -7.50772 -5.97553 -0.443868 -7.40818 6.74417 0.0804815 -0.162032 0.301462
841.363 0.612875 -7.54602 -6.28197 -0.534796 -7.37228 6.71186 0.079107 -0.158672 0.276722
841.379 0.497961 -7.43111 -6.24366 -0.604187 -7.30648 6.75374 0.0821613 -0.15852 0.260534
841.397 0.459656 -7.23959 -6.16705 -0.568295 -7.2993 6.74178 0.0832304 -0.161116 0.259159
841.413 0.612875 -7.27789 -6.16705 -0.594616 -7.14497 6.72622 0.0829249 -0.161879 0.285427
841.429 0.689484 -7.3545 -6.24366 -0.642473 -7.16291 6.74297 0.083994 -0.163254 0.332769
841.445 0.612875 -7.3928 -5.97553 -0.720239 -7.18086 6.74656 0.083994 -0.162643 0.350636
841.461 0.57457 -7.3928 -5.93723 -0.731007 -7.21555 6.74895 0.0829249 -0.163254 0.35644
841.477 0.689484 -7.27789 -6.66501 -0.772881 -7.21675 6.75254 0.0862847 -0.164934 0.36545
841.492 0.65118 -7.46941 -6.39688 -0.854237 -7.17966 6.72622 0.0853684 -0.163712 0.381791
841.509 0.804398 -7.04806 -6.24366 -0.820738 -7.10429 6.74536 0.0858265 -0.163712 0.413861
841.525 0.65118 -7.27789 -6.12875 -0.892523 -7.0337 6.72024 0.0846048 -0.163406 0.393397
841.542 1.03423 -7.08637 -6.16705 -0.93679 -7.21555 6.78006 0.0853684 -0.16417 0.364076
841.559 1.07253 -7.08637 -6.70332 -1.14975 -7.11625 6.80877 0.0867428 -0.171959 0.311999
841.575 1.07253 -7.20128 -6.47349 -1.0325 -7.18205 6.73699 0.0852157 -0.170126 0.270002
841.592 1.11084 -7.08637 -6.28197 -1.08036 -7.13898 6.74178 0.0865901 -0.171042 0.24511
841.608 0.995922 -7.3545 -6.12875 -1.04806 -7.07797 6.66401 0.0842994 -0.169973 0.221591
841.625 1.11084 -7.12467 -6.32027 -1.16889 -6.92961 6.79202 0.083994 -0.16921 0.257022
841.642 1.18745 -6.93315 -6.24366 -1.14975 -6.83988 6.75853 0.0823141 -0.168904 0.266643
841.658 1.07253 -6.97145 -6.39688 -1.09831 -6.86859 6.78365 0.0841467 -0.172569 0.247248
841.675 0.842703 -7.12467 -6.24366 -0.880558 -7.02174 6.75374 0.0813978 -0.170279 0.208305
841.691 1.22575 -7.20128 -5.78401 -0.98345 -7.01456 6.74058 0.0788016 -0.165239 0.18723
841.708 1.11084 -7.20128 -6.28197 -1.11864 -7.05882 6.75613 0.0823141 -0.166766 0.18326
841.724 1.26405 -7.20128 -6.24366 -1.27059 -7.02652 6.73938 0.0783434 -0.16081 0.185856
