871.763 1.99184 -6.97145 -6.05214 -2.2337 -6.72742 6.73579 0.0789543 -0.157145 -0.0826195
871.779 2.22167 -6.93315 -6.35858 -2.23729 -6.74895 6.73699 0.0777326 -0.15516 -0.0826195
871.796 2.25998 -6.81823 -6.39688 -2.2337 -6.71306 6.72503 0.0800233 -0.160199 -0.0891863
871.813 2.41319 -6.93315 -6.20536 -2.24207 -6.69153 6.72383 0.0801761 -0.159894 -0.0829249
871.829 2.33659 -6.89484 -6.39688 -2.24686 -6.71426 6.73819 0.076969 -0.157756 -0.0783434
871.846 2.22167 -6.85654 -6.70332 -2.27557 -6.75613 6.74297 0.0739146 -0.156687 -0.0691805
871.862 2.18337 -6.97145 -6.20536 -2.2672 -6.85184 6.7334 0.0765108 -0.159436 -0.0665843
871.879 2.29828 -6.85654 -6.39688 -2.27677 -6.85304 6.73579 0.0749837 -0.158825 -0.071013
871.896 2.10676 -7.04806 -6.16705 -2.22652 -6.88295 6.71904 0.0755945 -0.161116 -0.0736092
871.911 2.14506 -7.08637 -6.32027 -2.08175 -6.89611 6.71904 0.0757473 -0.157756 -0.0704022
871.927 2.06845 -7.04806 -6.09044 -2.0662 -6.89252 6.71426 0.0771217 -0.15913 -0.0694859
871.942 2.06845 -7.12467 -6.28197 -2.01595 -6.92842 6.72742 0.0755945 -0.15745 -0.0536034
871.959 2.18337 -7.00976 -6.24366 -2.06979 -6.94397 6.72742 0.0784962 -0.156687 -0.0455095
871.976 2.18337 -7.08637 -6.20536 -2.12961 -6.95833 6.72383 0.0766636 -0.15348 -0.0448986
871.992 2.33659 -7.08637 -6.47349 -2.28634 -6.9655 6.74656 0.0801761 -0.150731 -0.0400117
872.009 2.33659 -7.08637 -6.12875 -2.52562 -7.00858 6.74536 0.0838412 -0.155465 -0.0245873
872.025 2.4515 -6.93315 -6.28197 -2.51127 -7.09233 6.77049 0.0873537 -0.157298 -0.0271835
872.042 2.52811 -6.97145 -6.43519 -2.5651 -6.77767 6.69153 0.0844521 -0.15745 -0.0358883
872.059 2.56641 -6.85654 -6.43519 -2.534 -6.79561 6.77408 0.0847575 -0.16249 -0.0427606
872.075 2.71963 -7.00976 -6.24366 -2.54955 -6.91047 6.72144 0.0855211 -0.165086 -0.0448986
872.092 2.4515 -7.08637 -6.12875 -2.33898 -6.91765 6.72981 0.0847575 -0.167224 -0.0647517
872.108 2.29828 -7.3545 -6.20536 -2.1679 -7.23948 6.77049 0.083994 -0.163406 -0.0930042
872.124 1.95354 -7.04806 -6.16705 -2.04227 -6.89133 6.69751 0.0888809 -0.166766 -0.117133
872.141 2.22167 -6.93315 -6.58841 -2.10688 -6.99541 6.72024 0.0876591 -0.165392 -0.10568
872.157 2.18337 -7.12467 -6.24366 -2.29232 -7.01934 6.6987 0.0902553 -0.16417 -0.0615447
872.174 2.25998 -7.08637 -6.32027 -2.24327 -6.97029 6.77767 0.0931569 -0.163254 -0.033903
872.191 2.22167 -6.93315 -6.24366 -2.21815 -6.95354 6.70469 0.0916298 -0.16249 -0.0361938
872.206 2.14506 -6.77993 -6.32027 -2.03868 -6.65803 6.74417 0.0928515 -0.163559 -0.0713185
872.224 1.83862 -6.70332 -6.32027 -1.80419 -6.50847 6.72742 0.0905607 -0.158367 -0.087201
872.24 2.22167 -6.85654 -6.28197 -2.01595 -6.5683 6.7346 0.0894917 -0.158672 -0.0731511
872.257 2.41319 -6.62671 -6.28197 -2.30548 -6.65683 6.73938 0.0926988 -0.161268 -0.0711658
872.274 2.41319 -6.81823 -6.28197 -2.52682 -6.5324 6.75613 0.0867428 -0.155923 -0.0717766
872.29 2.52811 -6.81823 -6.28197 -2.5675 -6.61376 6.76929 0.0859793 -0.158825 -0.0746782
872.306 2.4515 -6.77993 -6.58841 -2.33061 -6.67956 6.76092 0.0887282 -0.160352 -0.0794125
872.322 2.14506 -7.12467 -6.24366 -2.13559 -6.91286 6.74776 0.0853684 -0.160047 -0.0830777
872.339 2.10676 -6.97145 -5.97553 -2.12602 -6.83509 6.77408 0.0873537 -0.157298 -0.0751364
872.356 2.10676 -6.97145 -6.39688 -2.07099 -6.77169 6.76211 0.0887282 -0.157756 -0.0696386
872.372 1.41727 -6.32027 -6.28197 -1.49192 -5.9342 6.7011 0.0894917 -0.157298 -0.0539089
872.389 1.53219 -6.28197 -6.09044 -1.62831 -6.26919 6.77408 0.089339 -0.153327 -0.0421497
872.405 2.64302 -7.23959 -6.24366 -2.23968 -6.78843 6.7992 0.0894917 -0.149662 -0.0490219
872.422 3.02607 -7.89076 -6.66501 -2.95872 -7.56371 6.75972 0.0783434 -0.148135 -0.0673479
872.439 3.10268 -7.54602 -6.58841 -2.78524 -7.47637 6.76211 0.0847575 -0.152564 -0.0690278
872.455 2.18337 -6.89484 -6.28197 -2.46221 -7.05045 6.77886 0.0925461 -0.157909 -0.0777326
872.472 2.06845 -6.39688 -6.39688 -1.99322 -6.29671 6.75972 0.0902553 -0.155618 -0.0751364
872.488 2.22167 -6.47349 -6.28197 -2.28156 -6.28475 6.74776 0.0890336 -0.157909 -0.0704022
872.505 2.10676 -6.74162 -6.09044 -2.10449 -6.46421 6.7657 0.08827 -0.158978 -0.0815505
872.522 2.14506 -6.62671 -6.43519 -2.28036 -6.44626 6.73819 0.0830777 -0.15348 -0.0778853
872.538 2.33659 -6.74162 -6.28197 -2.34496 -6.52522 6.77886 0.0781907 -0.15516 -0.064599
872.555 2.22167 -6.89484 -6.24366 -2.39522 -6.68435 6.75135 0.0832304 -0.155465 -0.0476475
872.571 2.56641 -7.00976 -6.32027 -2.51246 -6.72263 6.74776 0.0815505 -0.155771 -0.0568105
872.588 2.94946 -6.66501 -6.24366 -2.71705 -6.70469 6.77527 0.0777326 -0.153938 -0.118813
872.605 2.91116 -6.58841 -6.28197 -2.86899 -6.46899 6.77288 0.0775799 -0.161726 -0.211512
872.621 2.87285 -6.5118 -6.24366 -2.79482 -6.43669 6.78365 0.0752891 -0.166613 -0.311388
872.638 2.68133 -6.5501 -6.5118 -2.59382 -6.53839 6.79202 0.0729984 -0.165392 -0.368504
872.654 2.22167 -6.5118 -6.32027 -2.24806 -6.58744 6.76929 0.0708604 -0.172569 -0.522595
872.671 2.06845 -6.35858 -6.47349 -1.98843 -6.41396 6.77767 0.0704022 -0.174402 -0.711658
872.688 1.72371 -6.24366 -6.24366 -1.68096 -6.23091 6.75972 0.0647517 -0.170584 -0.825737
872.704 1.57049 -6.5501 -6.24366 -1.52782 -6.38285 6.79202 0.0607811 -0.170737 -1.06886
872.721 1.83862 -6.74162 -6.24366 -1.58764 -6.59222 6.7669 0.0589485 -0.168599 -1.25212
872.737 1.72371 -6.74162 -6.28197 -1.7348 -6.59701 6.75853 0.0555887 -0.167377 -1.31229
872.754 2.29828 -6.74162 -6.28197 -1.88913 -6.37328 6.72024 0.0479529 -0.16982 -1.39369
872.771 2.10676 -6.74162 -6.24366 -2.1655 -6.54198 6.75254 0.0432187 -0.175776 -1.47524
872.787 1.49388 -7.04806 -6.24366 -1.75992 -6.65922 6.7657 0.0378736 -0.182343 -1.57954
872.803 1.37897 -6.81823 -6.20536 -1.41894 -6.85184 6.70469 0.0343612 -0.182038 -1.63406
872.819 0.65118 -6.58841 -6.24366 -0.738185 -6.47617 6.80519 0.0235183 -0.200517 -1.49341
872.836 0.536266 -7.54602 -6.01384 -0.494118 -6.55155 6.67597 0.0128282 -0.18723 -1.66797
872.853 0.536266 -8.1972 -6.24366 -1.16411 -7.8676 6.58983 0.01237 -0.174555 -1.89979
872.869 0.229828 -5.66909 -6.39688 -0.269192 -5.90907 6.84945 0.0583376 -0.217163 -1.58183
872.886 0.0 -7.3928 -5.86062 -0.0945165 -7.36869 6.72861 0.0404698 -0.215635 -1.79579
872.902 0.536266 -6.97145 -5.86062 0.0418744 -7.38305 6.55633 0.0310014 -0.203113 -1.74891
872.919 -0.306437 -8.04398 -6.05214 0.150748 -8.03988 6.71785 0.00870483 -0.195171 -1.79487
872.936 -0.612875 -6.97145 -6.28197 1.18804 -6.67358 6.77288 0.0479529 -0.210138 -1.13239
872.952 -1.53219 -7.3545 -6.28197 1.48714 -6.75494 6.79681 0.0470366 -0.196699 -0.701426
872.969 -0.919312 -7.85246 -6.12875 1.34477 -7.4656 6.61376 0.0320704 -0.171653 -0.460287
872.985 -0.995922 -7.96737 -6.16705 1.31486 -7.89631 6.68794 0.0478002 -0.170737 -0.0725402
873.002 -0.65118 -8.12059 -6.47349 1.17727 -8.07458 6.72263 0.0589485 -0.16753 -0.0262672
873.019 -0.421352 -8.35042 -6.09044 0.960718 -8.15354 6.69511 0.0595593 -0.163865 -0.155618
873.035 -0.383047 -8.84838 -6.09044 0.45344 -8.59382 6.6353 0.0650571 -0.167377 -0.753197
873.052 -0.229828 -7.23959 -6.05214 0.302692 -7.37109 6.62811 0.0742201 -0.182496 -1.04687
873.068 -0.459656 -7.81416 -6.20536 0.740578 -7.65942 6.75733 0.0650571 -0.184176 -1.30496
873.085 -0.804398 -6.81823 -6.32027 1.10189 -6.7011 6.64606 0.0734565 -0.189368 -1.31565
873.102 -0.881008 -7.43111 -5.82231 1.67019 -7.05763 6.72981 0.0658207 -0.19059 -1.10964
873.118 -2.18337 -6.93315 -6.12875 2.0662 -6.73938 6.61137 0.0661261 -0.183412 -0.761443
873.135 -2.06845 -7.46941 -5.93723 2.58425 -7.05045 6.67358 0.0662789 -0.159436 -0.173333
873.15 -1.49388 -7.46941 -5.97553 1.79462 -7.2658 6.62572 0.0774271 -0.144011 0.0592539
873.166 -1.03423 -7.3928 -6.12875 1.54816 -7.18923 6.67478 0.0830777 -0.148288 0.0908662
873.182 -0.842703 -7.50772 -6.16705 1.10668 -7.41416 6.65085 0.0733038 -0.148135 -0.01237
873.197 -0.612875 -7.31619 -6.05214 0.893719 -7.38305 6.72024 0.071624 -0.151647 -0.176845
873.213 -0.727789 -7.20128 -6.05214 0.942772 -7.15813 6.6652 0.0711658 -0.151953 -0.198837
873.229 -0.995922 -6.97145 -6.35858 1.19282 -6.86142 6.69631 0.0720821 -0.152411 -0.139277
873.244 -0.842703 -6.97145 -6.01384 1.17488 -6.8327 6.67717 0.0719294 -0.154549 -0.0960585
873.26 -0.804398 -6.74162 -6.09044 1.37228 -6.68913 6.66162 0.0746782 -0.155465 -0.109498
873.275 -0.459656 -7.69924 -6.12875 1.07557 -7.48594 6.71785 0.0720821 -0.163559 -0.541074
873.291 -0.57457 -7.08637 -6.16705 0.879362 -6.88415 6.61855 0.079107 -0.176387 -0.567341
873.307 -1.30236 -7.3928 -6.12875 1.37827 -7.29452 6.68554 0.0644463 -0.180663 -0.73258
873.321 -1.37897 -7.00976 -6.12875 1.52662 -6.91286 6.65205 0.0642935 -0.174097 -0.668744
873.942 -3.67725 -5.43926 -5.93723 3.93021 -5.2008 6.64487 0.0549779 -0.171806 -0.643546
873.959 -3.98369 -5.59248 -6.28197 4.11924 -5.20917 6.70947 0.0519235 -0.163865 -0.217315
873.976 -4.17521 -5.66909 -5.78401 4.27836 -5.23071 6.64965 0.0502437 -0.16081 -0.0482583
873.992 -4.40504 -5.97553 -6.09044 4.80598 -5.77388 6.6652 0.0496328 -0.161116 0.078038
874.009 -4.67317 -6.24366 -6.05214 4.97707 -6.15195 6.64247 0.0453567 -0.156534 0.0143553
874.025 -4.59656 -6.62671 -5.89892 4.81914 -6.42831 6.6329 0.0461203 -0.156229 -0.0404698
874.042 -4.17521 -6.77993 -6.32027 4.48774 -6.6018 6.6353 0.0455095 -0.148898 -0.0691805
874.059 -4.29012 -6.62671 -6.05214 4.41236 -6.45823 6.64606 0.0529926 -0.148288 -0.0291688
874.075 -4.02199 -6.39688 -5.93723 4.28315 -6.44028 6.6353 0.0516181 -0.14279 -0.0116064
874.092 -3.86877 -6.5501 -6.01384 4.10608 -6.38644 6.65085 0.0597121 -0.146913 -0.0128282
874.108 -3.52403 -6.47349 -5.7074 3.88355 -6.33141 6.65324 0.0548251 -0.14447 -0.0310014
874.125 -3.52403 -6.32027 -6.16705 3.82253 -6.27996 6.67597 0.0616974 -0.148288 -0.045204
874.142 -3.79216 -6.47349 -6.09044 3.97089 -6.18186 6.64487 0.0587958 -0.147066 -0.0528398
874.158 -3.86877 -6.01384 -6.24366 4.19701 -6.05384 6.52164 0.0598648 -0.149967 -0.0784962
874.175 -4.0603 -6.28197 -6.16705 4.29392 -6.02752 6.72263 0.0592539 -0.151189 -0.0774271
874.191 -3.90708 -6.20536 -6.47349 4.28195 -6.05503 6.59701 0.0626137 -0.150425 -0.0615447
874.208 -3.98369 -6.43519 -6.05214 4.26281 -6.28355 6.65085 0.0587958 -0.145233 -0.0285579
874.225 -3.86877 -6.47349 -5.59248 4.21376 -6.36371 6.64008 0.0662789 -0.148135 -0.022602
874.241 -3.86877 -6.58841 -5.89892 4.14915 -6.35534 6.6317 0.0649044 -0.143248 -0.0209221
874.259 -3.71555 -6.47349 -5.97553 4.13958 -6.37208 6.64965 0.0659734 -0.145539 -0.0242819
874.275 -3.90708 -6.58841 -5.93723 4.09053 -6.46062 6.63888 0.0675006 -0.143401 -0.0238237
874.292 -3.83047 -6.70332 -5.7457 4.07976 -6.51206 6.64367 0.0725402 -0.145691 -0.033903
874.309 -3.98369 -6.66501 -6.12875 4.12762 -6.5013 6.65444 0.0711658 -0.142942 -0.036041
874.325 -3.83047 -6.5501 -6.05214 4.14915 -6.37567 6.64606 0.0714712 -0.13943 -0.0456622
874.342 -3.90708 -6.47349 -6.28197 4.07498 -6.35175 6.63769 0.0763581 -0.141568 -0.0485638
874.358 -3.67725 -6.47349 -6.12875 3.98285 -6.36251 6.65324 0.0784962 -0.140041 -0.03711
874.375 -3.63894 -6.43519 -6.32027 3.80937 -6.32542 6.65922 0.0786489 -0.14111 -0.0340557
874.392 -3.52403 -6.47349 -6.01384 3.72203 -6.26441 6.66042 0.0803288 -0.145997 -0.0394008
874.408 -3.52403 -6.5118 -6.05214 3.71605 -6.19741 6.64726 0.0806342 -0.145386 -0.055436
874.425 -3.48573 -6.28197 -6.05214 3.71845 -6.12084 6.67478 0.0786489 -0.147677 -0.0633773
874.449 -3.44742 -6.16705 -6.24366 3.7328 -6.05384 6.65922 0.0797179 -0.149967 -0.0777326
874.466 -3.33251 -6.20536 -6.24366 3.68255 -6.0323 6.67717 0.0800233 -0.152411 -0.064599
874.482 -3.21759 -6.24366 -6.12875 3.61675 -5.99641 6.66879 0.0763581 -0.151647 -0.0555887
874.499 -3.2942 -6.16705 -5.93723 3.62393 -6.0323 6.67358 0.0749837 -0.15516 -0.052229
874.516 -3.60064 -6.28197 -6.12875 3.68136 -6.07537 6.6652 0.074831 -0.159436 -0.0618501
874.532 -3.56234 -6.43519 -6.05214 3.79382 -6.13759 6.66999 0.074831 -0.159436 -0.0700968
874.549 -3.52403 -6.35858 -6.35858 3.9326 -6.18186 6.67119 0.0752891 -0.158825 -0.0765108
874.566 -3.90708 -6.32027 -6.05214 4.07976 -6.21775 6.67837 0.0755945 -0.162337 -0.0720821
874.582 -3.67725 -6.47349 -6.16705 4.13838 -6.25005 6.67119 0.0749837 -0.161879 -0.0687223
874.599 -3.67725 -6.43519 -6.16705 3.98046 -6.29551 6.66999 0.0765108 -0.160352 -0.068875
874.615 -3.56234 -6.16705 -6.09044 3.99242 -6.07657 6.63769 0.0772744 -0.158825 -0.0516181
874.633 -3.48573 -6.47349 -6.09044 3.84407 -6.21535 6.6676 0.0763581 -0.15852 -0.0203113
874.649 -3.48573 -6.74162 -6.32027 3.70409 -6.30628 6.67956 0.0783434 -0.159741 -0.0131336
874.666 -3.2559 -6.58841 -6.12875 3.54138 -6.46899 6.6987 0.0786489 -0.161268 -0.0178678
874.683 -3.33251 -6.5501 -6.35858 3.54736 -6.30389 6.65444 0.0806342 -0.165544 -0.0507018
874.699 -3.33251 -6.35858 -6.16705 3.64307 -6.25484 6.69153 0.081245 -0.165239 -0.0639881
874.716 -3.44742 -6.39688 -6.20536 3.73759 -6.16152 6.65922 0.081245 -0.168904 -0.081245
874.732 -3.02607 -6.12875 -6.05214 3.97208 -6.12203 6.61855 0.0817032 -0.172875 -0.0775799
874.749 -3.17929 -6.01384 -6.09044 3.79023 -5.93539 6.64367 0.0795652 -0.171348 -0.0563523
874.766 -3.75386 -6.43519 -5.78401 4.11685 -6.18903 6.72383 0.0794125 -0.177304 -0.0331394
874.782 -3.94538 -6.20536 -5.97553 4.20897 -6.02034 6.62572 0.0829249 -0.170279 -0.0288634
874.799 -3.71555 -6.62671 -6.12875 3.86919 -6.4989 6.68554 0.0818559 -0.172875 -0.0334449
874.816 -3.75386 -6.28197 -6.12875 4.02712 -6.23689 6.66999 0.0786489 -0.172417 -0.0342084
874.832 -3.48573 -6.35858 -6.12875 3.77707 -6.19023 6.66281 0.0809396 -0.166766 -0.0368046
874.849 -3.75386 -6.16705 -6.20536 3.64307 -6.02034 6.67358 0.0842994 -0.174402 -0.0490219
874.865 -3.56234 -6.32027 -6.09044 3.75673 -6.08614 6.69392 0.0795652 -0.174402 -0.0491747
874.882 -3.56234 -6.32027 -6.20536 3.85484 -6.1328 6.67837 0.081245 -0.172569 -0.0610865
874.899 -3.94538 -6.39688 -6.09044 4.05344 -6.12562 6.65803 0.0778853 -0.171348 -0.0798706
874.915 -4.02199 -6.12875 -6.43519 4.18026 -6.134 6.66879 0.0760527 -0.172417 -0.087201
874.932 -3.86877 -6.09044 -5.82231 4.22333 -6.10409 6.64845 0.0786489 -0.170126 -0.0890336
874.948 -4.02199 -6.20536 -6.05214 4.26401 -6.06939 6.65324 0.0743728 -0.167072 -0.0946841
874.965 -3.86877 -6.16705 -6.20536 4.16351 -6.0335 6.65444 0.0760527 -0.166308 -0.111636
874.982 -3.79216 -6.35858 -6.05214 4.13121 -6.21416 6.68554 0.0755945 -0.16585 -0.119882
874.998 -3.63894 -6.89484 -5.7457 3.97448 -6.60419 6.68794 0.0766636 -0.16585 -0.137445
875.015 -3.2559 -6.89484 -6.09044 3.47318 -6.81595 6.65324 0.0771217 -0.164017 -0.150425
875.031 -3.40912 -6.62671 -6.09044 3.65504 -6.47139 6.59701 0.0786489 -0.163406 -0.134543
875.048 -3.60064 -6.05214 -6.70332 3.65504 -6.02752 6.72024 0.0809396 -0.164323 -0.102014
875.065 -3.90708 -5.89892 -6.09044 4.18624 -5.79183 6.66879 0.0818559 -0.169515 -0.0778853
875.081 -4.02199 -6.05214 -6.5501 4.27717 -5.77747 6.67238 0.0795652 -0.165392 -0.071013
875.098 -3.98369 -6.28197 -6.05214 4.34417 -6.00359 6.64008 0.0774271 -0.16249 -0.0717766
875.114 -4.13691 -6.24366 -5.97553 4.38604 -6.01675 6.67358 0.0745255 -0.161879 -0.065668
875.131 -4.0603 -5.86062 -6.09044 4.42552 -5.83848 6.65683 0.0743728 -0.156992 -0.0610865
875.148 -4.36673 -5.86062 -6.16705 4.50449 -5.71645 6.68913 0.0723875 -0.156229 -0.0652099
875.164 -4.40504 -5.78401 -5.63079 4.62652 -5.57288 6.6664 0.0649044 -0.147677 -0.0607811
875.181 -4.13691 -5.78401 -6.39688 4.40877 -5.67218 6.65324 0.0632245 -0.145844 -0.0583376
875.196 -3.67725 -6.01384 -5.97553 4.17906 -5.83011 6.68554 0.0609338 -0.147066 -0.0563523
875.212 -3.48573 -6.43519 -5.97553 3.85484 -6.09571 6.65803 0.0580322 -0.142332 -0.0546724
875.229 -3.21759 -6.62671 -6.09044 3.43848 -6.43669 6.69511 0.0578795 -0.143706 -0.0546724
875.245 -3.06437 -6.62671 -6.16705 3.41575 -6.47019 6.69272 0.0595593 -0.147982 -0.0572686
875.262 -3.2942 -6.58841 -6.09044 3.6323 -6.41875 6.68195 0.0591012 -0.148288 -0.0865901
875.279 -3.33251 -6.5501 -6.20536 3.94217 -6.35653 6.66042 0.062461 -0.153022 -0.130572
875.295 -3.79216 -6.47349 -6.12875 4.05823 -6.3661 6.65563 0.0601702 -0.152869 -0.142332
875.312 -3.71555 -6.39688 -6.20536 4.10369 -6.28714 6.6676 0.0613919 -0.15012 -0.137139
875.328 -3.75386 -6.20536 -6.12875 3.99362 -6.04786 6.62931 0.0600175 -0.147829 -0.113163
875.345 -3.56234 -6.16705 -6.05214 3.92542 -6.00598 6.64367 0.0610865 -0.150884 -0.103542
875.361 -3.2559 -6.5501 -5.86062 3.87757 -6.22971 6.67119 0.0630718 -0.151342 -0.101251
875.378 -3.56234 -6.5118 -5.97553 3.81177 -6.29791 6.67358 0.0642935 -0.147982 -0.0923933
875.395 -3.37081 -6.74162 -5.82231 3.77587 -6.5683 6.63649 0.0659734 -0.151342 -0.0675006
875.411 -3.33251 -6.97145 -5.97553 3.50189 -6.74536 6.67956 0.0670424 -0.155312 -0.0410807
875.428 -3.02607 -7.08637 -6.16705 3.42532 -6.83749 6.64247 0.0726929 -0.157603 -0.0332921
875.444 -3.06437 -7.23959 -5.78401 3.52582 -6.98225 6.68554 0.0722348 -0.160047 -0.0891863
875.461 -3.21759 -7.08637 -6.01384 3.54257 -7.02054 6.68913 0.0743728 -0.160047 -0.118355
875.478 -3.2942 -6.89484 -5.7457 3.58923 -6.78365 6.66401 0.0859793 -0.164323 -0.133932
875.494 -3.48573 -7.20128 -6.05214 3.57488 -6.95952 6.68794 0.0905607 -0.169515 -0.0858265
875.511 -3.56234 -7.12467 -6.12875 3.68495 -6.97866 6.69511 0.0998765 -0.169362 -0.0607811
875.527 -4.02199 -6.5501 -5.93723 3.93739 -6.55753 6.67837 0.103083 -0.170737 -0.0621555
875.544 -4.02199 -6.74162 -6.12875 4.26281 -6.59821 6.76451 0.10232 -0.167835 -0.0907135
875.561 -4.13691 -6.77993 -5.78401 4.39322 -6.45105 6.61615 0.107512 -0.163712 -0.113621
875.577 -4.21351 -6.93315 -6.01384 4.30828 -6.69272 6.67956 0.108429 -0.158978 -0.100793
875.594 -3.86877 -6.77993 -6.12875 4.15753 -6.63051 6.69272 0.111025 -0.157145 -0.0568105
875.61 -3.75386 -6.47349 -5.97553 4.04267 -6.40917 6.67597 0.113163 -0.155007 -0.0476475
875.627 -3.56234 -6.43519 -6.16705 3.91346 -6.2991 6.6664 0.11469 -0.155618 -0.0655153
875.644 -3.75386 -6.20536 -5.78401 2.99103 -6.14118 6.70469 0.112857 -0.152411 -0.121868
875.66 -3.02607 -6.24366 -5.97553 3.667 -6.07178 6.72263 0.113468 -0.157756 -0.172417
875.677 -3.48573 -6.28197 -6.20536 3.68973 -5.79422 6.69033 0.112399 -0.160047 -0.172417
875.693 -3.2559 -6.16705 -6.05214 3.57607 -5.88275 6.70588 0.110108 -0.162796 -0.149815
875.71 -3.33251 -6.01384 -6.20536 3.6323 -5.89711 6.72024 0.112094 -0.167224 -0.105069
875.727 -3.33251 -5.97553 -6.12875 3.53061 -5.866 6.7011 0.10797 -0.166766 -0.0928515
875.743 -3.10268 -5.86062 -6.12875 3.41934 -5.77508 6.70349 0.110414 -0.173028 -0.0994183
875.76 -3.06437 -5.93723 -5.47757 3.34875 -5.82054 6.72263 0.103542 -0.176998 -0.108429
875.776 -2.98777 -6.09044 -6.05214 3.29133 -5.87198 6.73819 0.103083 -0.180511 -0.115148
875.793 -3.10268 -5.97553 -6.24366 3.32602 -5.84925 6.72503 0.100487 -0.18158 -0.116981
875.81 -2.33659 -6.01384 -6.12875 3.14895 -5.88156 6.71904 0.0997237 -0.187383 -0.118355
875.826 -2.71963 -6.20536 -6.09044 3.05444 -5.92223 6.73819 0.0978911 -0.197615 -0.124006
875.842 -2.75794 -6.24366 -6.81823 3.09272 -5.8672 6.72742 0.0940732 -0.197462 -0.122478
875.858 -2.60472 -6.12875 -6.32027 3.41575 -5.96531 6.74297 0.0994183 -0.211207 -0.131489
875.875 -3.75386 -6.32027 -6.28197 3.94576 -6.08375 6.69272 0.0917825 -0.209679 -0.132558
875.892 -4.36673 -6.5501 -6.16705 4.41236 -6.21177 6.72861 0.0936151 -0.205251 -0.0988074
875.908 -4.32843 -6.66501 -6.09044 4.59661 -6.32782 6.67478 0.0980438 -0.207541 -0.0707076
875.925 -6.39688 -7.85246 -6.09044 6.70708 -7.77188 6.7011 0.100335 -0.195324 -0.0375682
875.941 -6.58841 -6.43519 -6.05214 6.64726 -6.29671 6.56112 0.115454 -0.168446 -0.0612392
875.958 -4.32843 -6.43519 -6.20536 4.45304 -6.15673 6.76331 0.104611 -0.17654 -0.113926
875.975 -4.82639 -6.39688 -6.58841 5.1015 -6.24048 6.78365 0.112246 -0.17318 -0.152716
875.991 -4.71148 -6.62671 -6.01384 4.61695 -6.27876 6.65324 0.119424 -0.145386 -0.0956004
876.008 -4.25182 -6.77993 -6.20536 4.43031 -6.51206 6.65324 0.110414 -0.152411 -0.0806342
876.024 -4.63487 -6.47349 -6.20536 4.81316 -6.33021 6.79801 0.122173 -0.164781 -0.106596
876.041 -3.75386 -6.43519 -6.32027 4.04148 -6.22732 6.69751 0.123547 -0.141263 -0.128893
876.058 -4.02199 -6.70332 -6.12875 4.07258 -6.4343 6.69751 0.118355 -0.149356 -0.143401
876.074 -4.36673 -6.66501 -6.16705 4.57866 -6.47617 6.79322 0.126144 -0.152411 -0.149815
876.091 -3.94538 -6.74162 -6.16705 4.17547 -6.58026 6.74656 0.131794 -0.140346 -0.10965
876.107 -4.02199 -6.70332 -6.39688 3.91466 -6.54437 6.77647 0.131183 -0.143248 -0.0707076
876.124 -4.0603 -6.77993 -6.20536 4.12762 -6.60658 6.80877 0.135765 -0.147982 -0.0574213
876.141 -3.86877 -6.47349 -6.5118 4.05344 -6.39601 6.77647 0.145844 -0.140957 0.00305432
876.156 -3.75386 -6.62671 -6.32027 4.02233 -6.40439 6.78126 0.145691 -0.140652 0.0308487
876.172 -4.13691 -6.12875 -6.05214 4.15872 -5.98804 6.78365 0.144928 -0.141873 0.0369573
876.189 -3.83047 -5.89892 -6.20536 4.19342 -5.78704 6.80758 0.146149 -0.140346 0.030696
876.204 -3.83047 -5.93723 -6.20536 4.1348 -5.72602 6.82074 0.143706 -0.138514 -0.00534507
876.221 -3.56234 -6.05214 -6.24366 4.22572 -5.74158 6.79202 0.138819 -0.137292 -0.0135917
876.237 -3.94538 -5.89892 -6.24366 4.2987 -5.76909 6.84826 0.139277 -0.133169 -0.000763581
876.254 -4.0603 -5.86062 -6.16705 4.25444 -5.57049 6.82553 0.138361 -0.133016 0.0151189
876.271 -3.94538 -5.82231 -6.35858 4.23649 -5.56929 6.85663 0.133016 -0.130114 0.0174097
876.287 -3.79216 -5.78401 -6.28197 4.15513 -5.66261 6.8339 0.136681 -0.132252 0.0222966
876.304 -3.90708 -5.89892 -6.05214 4.01396 -5.78584 6.86381 0.130572 -0.12538 0.0392481
876.32 -3.79216 -6.09044 -6.28197 4.02114 -5.88993 6.82313 0.125991 -0.123547 0.0505491
876.337 -3.79216 -6.16705 -6.05214 3.86321 -5.98086 6.89252 0.129045 -0.124616 0.0711658
876.354 -3.60064 -6.32027 -6.35858 3.81057 -6.20937 6.87458 0.128587 -0.1237 0.081245
876.37 -3.40912 -6.43519 -6.39688 3.74118 -6.33141 6.90808 0.133169 -0.128129 0.0743728
876.387 -3.37081 -6.81823 -6.43519 3.75195 -6.52642 6.91047 0.137292 -0.129656 0.0653626
876.403 -3.37081 -6.74162 -6.39688 3.71845 -6.59462 6.92842 0.138056 -0.127671 0.0551306
876.42 -3.40912 -6.85654 -6.70332 3.72562 -6.62811 6.92124 0.14111 -0.12538 0.0345139
876.437 -3.33251 -6.89484 -6.28197 3.67178 -6.65205 6.92842 0.143248 -0.125533 0.0137445
876.453 -3.33251 -6.97145 -6.35858 3.62034 -6.82074 6.94158 0.150273 -0.129045 -0.030696
876.47 -3.2559 -7.00976 -6.24366 3.60957 -6.89372 6.94277 0.154702 -0.129656 -0.0731511
876.486 -3.37081 -6.93315 -6.39688 3.63111 -6.82313 6.9667 0.160963 -0.132558 -0.0980438
876.502 -3.21759 -6.81823 -6.35858 3.59163 -6.75254 6.95713 0.165239 -0.130725 -0.14844
876.519 -3.21759 -6.5501 -6.32027 3.45284 -6.47976 6.96311 0.170584 -0.133627 -0.174707
876.534 -3.33251 -6.5118 -6.35858 3.46361 -6.34098 6.97149 0.170584 -0.132863 -0.176693
876.551 -3.33251 -6.43519 -6.35858 3.57727 -6.17109 7.00379 0.175166 -0.135917 -0.15852
876.567 -3.17929 -6.01384 -6.58841 3.72084 -5.91505 7.00618 0.178983 -0.136528 -0.126755
876.584 -3.52403 -5.97553 -6.47349 3.78066 -5.78225 7.02293 0.177914 -0.13607 -0.0815505
876.601 -3.48573 -5.55418 -6.85654 3.80698 -5.47119 7.01695 0.177609 -0.136376 -0.0592539
876.617 -3.37081 -5.55418 -6.16705 4.00319 -5.32403 7.05763 0.172111 -0.134543 -0.0363465
876.634 -3.94538 -5.20944 -6.5118 4.09172 -5.18764 7.02652 0.16982 -0.134696 -0.0503964
876.65 -3.94538 -5.24774 -6.35858 4.21376 -4.95912 7.08036 0.16417 -0.130267 -0.0641408
876.667 -3.86877 -5.09452 -6.5501 4.2341 -5.03569 7.06361 0.155465 -0.125991 -0.104
876.684 -4.02199 -5.17113 -6.39688 4.23649 -5.11226 7.09472 0.14844 -0.121562 -0.139888
876.7 -3.90708 -5.55418 -6.32027 4.17308 -5.24387 7.07438 0.147371 -0.121562 -0.136986
876.717 -3.79216 -5.93723 -6.58841 4.07498 -5.67338 7.11386 0.139277 -0.115759 -0.106291
876.733 -3.60064 -6.24366 -6.66501 3.98046 -6.07178 7.14018 0.14111 -0.112857 -0.0858265
876.75 -3.63894 -6.43519 -6.62671 3.85364 -6.19502 7.09113 0.146455 -0.111636 -0.0668897
876.766 -3.83047 -6.32027 -6.35858 4.06062 -6.16869 7.09711 0.148746 -0.111636 -0.00885754
876.782 -4.02199 -6.43519 -6.89484 4.25204 -6.21775 7.14377 0.151189 -0.108123 0.0241292
876.798 -3.67725 -6.39688 -6.89484 4.14437 -6.20578 7.15095 0.148898 -0.102014 0.0277944
876.814 -3.75386 -6.32027 -6.62671 3.8333 -6.22253 7.1665 0.153938 -0.0972803 0.0105374
876.83 -3.2942 -6.39688 -6.58841 3.59521 -6.26919 7.17846 0.15913 -0.100945 -0.011301
876.847 -2.98777 -6.47349 -6.5501 3.48036 -6.17228 7.20479 0.157298 -0.0972803 -0.0197004
876.863 -3.06437 -6.16705 -6.66501 3.37627 -6.08136 7.21197 0.162643 -0.0994183 -0.0285579
876.88 -2.94946 -6.01384 -6.58841 3.35115 -5.68534 7.18086 0.164628 -0.10568 -0.064599
876.897 -3.14098 -5.86062 -6.74162 3.32243 -5.44367 7.21795 0.163712 -0.104611 -0.0482583
876.913 -3.21759 -5.55418 -6.70332 3.44925 -5.41735 7.22393 0.164934 -0.106749 0.0178678
876.93 -3.33251 -5.47757 -6.89484 3.64905 -5.29292 7.25504 0.158367 -0.104916 0.0482583
876.946 -3.60064 -5.28605 -6.62671 3.72443 -5.18046 7.25264 0.154243 -0.102778 0.0901026
876.963 -3.67725 -5.24774 -6.70332 3.89073 -5.1984 7.27059 0.15516 -0.104763 0.109498
876.98 -3.86877 -5.86062 -6.70332 4.07378 -5.49392 7.30768 0.151189 -0.100487 0.138361
876.996 -3.90708 -6.66501 -6.70332 4.06421 -6.47617 7.38066 0.147982 -0.0969748 0.13607
877.013 -3.94538 -6.77993 -6.5118 4.27836 -6.44865 7.22153 0.149204 -0.0913243 0.127518
877.028 -4.0603 -7.12467 -6.97145 4.4674 -7.09711 7.29811 0.157298 -0.0862847 0.107512
877.045 -4.21351 -7.00976 -6.62671 4.54038 -6.91525 7.26221 0.170279 -0.0789543 0.047342
877.062 -3.52403 -7.00976 -6.74162 4.22213 -6.81117 7.38305 0.171959 -0.0723875 0.00473421
877.078 -3.2942 -6.70332 -6.74162 3.63709 -6.65563 7.3328 0.179442 -0.0665843 -0.0180205
877.095 -2.98777 -6.5501 -6.85654 3.1669 -6.4678 7.34118 0.186772 -0.062461 0.0329867
877.111 -2.98777 -6.62671 -6.93315 3.08195 -6.39003 7.33041 0.191201 -0.0668897 0.127213
877.128 -2.71963 -6.5501 -6.85654 2.97667 -6.31585 7.39621 0.195171 -0.0673479 0.177151
877.145 -2.94946 -6.43519 -6.93315 3.20758 -6.39841 7.36271 0.205098 -0.0717766 0.209374
877.161 -2.83455 -6.32027 -6.93315 3.25065 -6.17228 7.37827 0.21029 -0.0685696 0.176998
877.178 -2.87285 -6.09044 -7.27789 3.21954 -5.99641 7.37348 0.212734 -0.0700968 0.148746
877.194 -2.68133 -5.78401 -6.81823 2.97906 -5.68893 7.52423 0.209374 -0.0655153 0.0795652
877.211 -2.75794 -5.86062 -6.93315 3.07477 -5.65424 7.51466 0.209679 -0.0693332 0.00335976
877.228 -2.79624 -5.97553 -7.16298 3.19202 -5.74397 7.44407 0.211665 -0.0729984 -0.0319177
877.244 -2.98777 -5.93723 -6.97145 3.28654 -5.73918 7.48236 0.209832 -0.0685696 -0.0687223
877.261 -3.06437 -6.05214 -7.00976 3.17527 -5.65543 7.50748 0.208916 -0.0665843 -0.0862847
877.277 -2.91116 -6.05214 -6.97145 3.19083 -5.732 7.48116 0.211359 -0.0664316 -0.067806
877.294 -2.83455 -6.20536 -6.93315 3.10229 -5.97727 7.54217 0.209679 -0.0642935 -0.0383318
877.311 -2.71963 -6.16705 -6.81823 3.00179 -6.01316 7.54337 0.213803 -0.0615447 0.0270308
877.327 -2.68133 -6.01384 -6.93315 2.91446 -5.97488 7.57448 0.21869 -0.0650571 0.0705549
877.344 -2.60472 -6.12875 -6.81823 2.86421 -5.93061 7.55533 0.217621 -0.0610865 0.085063
877.36 -2.41319 -6.20536 -7.12467 2.77567 -6.02393 7.62353 0.225409 -0.0684169 0.0917825
877.377 -2.4515 -6.16705 -7.08637 2.73499 -6.09452 7.63549 0.226326 -0.0670424 0.100793
877.393 -2.41319 -6.20536 -6.62671 2.69791 -6.0682 7.63549 0.22938 -0.0650571 0.104
877.409 -2.4898 -6.28197 -7.08637 2.7326 -5.97847 7.64148 0.231976 -0.0687223 0.0972803
877.426 -2.41319 -6.12875 -7.00976 2.75414 -5.8995 7.68814 0.235794 -0.0693332 0.0700968
877.442 -2.64302 -6.43519 -6.58841 2.78285 -5.98564 7.68814 0.236405 -0.0696386 0.0487165
877.459 -2.56641 -6.24366 -6.97145 2.97428 -6.03828 7.69651 0.243124 -0.0728457 -0.0224493
877.476 -2.60472 -6.05214 -7.00976 3.02812 -5.9665 7.69771 0.243277 -0.067806 -0.0894917
877.492 -2.79624 -5.82231 -6.81823 3.0676 -5.94377 7.73121 0.247859 -0.0697913 -0.128893
877.509 -2.71963 -5.93723 -7.04806 2.92642 -5.67218 7.72642 0.251371 -0.0659734 -0.13439
877.525 -2.41319 -5.86062 -6.97145 2.73021 -5.65184 7.77787 0.250607 -0.0623082 -0.0992656
877.542 -2.25998 -5.78401 -7.20128 2.6333 -5.66022 7.77069 0.254731 -0.065668 -0.0403171
877.559 -2.29828 -5.78401 -7.12467 2.47777 -5.63509 7.81256 0.254273 -0.0650571 -0.0209221
877.575 -2.14506 -5.78401 -7.20128 2.33898 -5.67577 7.84247 0.258396 -0.068875 -0.00503964
877.592 -1.91523 -5.66909 -7.31619 2.18106 -5.55015 7.85085 0.261145 -0.0685696 -0.013439
877.608 -1.87693 -5.55418 -7.43111 2.16909 -5.44128 7.87358 0.262977 -0.0720821 -0.0253509
877.625 -1.95354 -5.43926 -7.31619 2.23011 -5.32642 7.88913 0.262214 -0.0772744 -0.065668
877.642 -1.99184 -5.47757 -7.12467 2.29472 -5.22114 7.90828 0.259312 -0.0771217 -0.103694
877.658 -2.06845 -5.28605 -7.23959 2.34736 -5.21396 7.92503 0.260839 -0.0803288 -0.119882
877.675 -1.99184 -5.20944 -7.3545 2.34377 -5.03569 7.9657 0.260381 -0.0800233 -0.133627
877.691 -2.06845 -5.43926 -7.85246 2.38804 -5.1673 7.96092 0.258701 -0.0807869 -0.121104
877.708 -2.14506 -5.40096 -7.50772 2.39163 -5.21037 7.92981 0.258701 -0.0833831 -0.103083
877.725 -2.29828 -5.43926 -7.66094 2.51844 -5.14457 8.0327 0.258549 -0.083994 -0.099571
877.741 -2.29828 -5.43926 -7.58433 2.62851 -5.18525 8.03151 0.258854 -0.0826195 -0.113468
877.758 -2.06845 -5.20944 -7.3545 2.467 -5.19003 8.03749 0.25748 -0.0813978 -0.12538
877.774 -2.29828 -5.28605 -7.58433 2.45623 -5.2319 8.04227 0.258854 -0.0817032 -0.123242
877.791 -2.03015 -5.40096 -7.58433 2.3677 -5.22951 8.08295 0.261298 -0.0838412 -0.101098
877.808 -1.95354 -5.32435 -7.3928 2.39043 -5.17208 8.11286 0.263436 -0.0833831 -0.0858265
877.824 -2.10676 -5.43926 -7.50772 2.41555 -5.18046 8.12722 0.263436 -0.0865901 -0.0896445
877.841 -2.18337 -4.86469 -7.69924 2.48853 -4.62413 8.19661 0.26145 -0.0826195 -0.100487
877.857 -2.33659 -5.05622 -7.3545 2.39163 -4.70189 8.12243 0.259923 -0.0821613 -0.0733038
877.874 -1.72371 -4.71148 -7.66094 2.17986 -4.65643 8.09013 0.260992 -0.0858265 -0.0294742
877.89 -1.6471 -5.17113 -7.46941 1.96211 -4.76291 8.2313 0.257632 -0.087201 -0.0325286
877.907 -1.72371 -5.13283 -7.50772 1.82572 -4.86221 8.19422 0.257174 -0.0907135 -0.065668
877.923 -1.49388 -5.13283 -7.69924 1.75155 -4.85863 8.22652 0.255494 -0.0965167 -0.0913243
877.94 -1.45558 -4.86469 -7.69924 1.7336 -4.69831 8.23609 0.254273 -0.0981966 -0.107207
877.955 -1.49388 -4.74978 -7.62263 1.64028 -4.50449 8.31625 0.254425 -0.104611 -0.142637
877.972 -1.30236 -4.48165 -7.62263 1.65583 -4.37288 8.30788 0.250913 -0.109498 -0.14111
877.987 -1.76202 -4.48165 -7.62263 1.98245 -4.29033 8.32343 0.251371 -0.112094 -0.125686
878.003 -1.80032 -4.55826 -7.77585 2.09252 -4.18505 8.333 0.246637 -0.114537 -0.0910189
878.02 -1.68541 -4.51995 -7.81416 2.03988 -4.21017 8.34975 0.242208 -0.119271 -0.0693332
878.037 -1.6471 -4.67317 -7.81416 1.91665 -4.39322 8.3665 0.240681 -0.121104 -0.0704022
878.053 -1.6088 -4.71148 -7.31619 1.96331 -4.5332 8.38205 0.237168 -0.122326 -0.08827
878.069 -1.99184 -4.82639 -7.85246 2.05424 -4.53679 8.42871 0.236252 -0.125075 -0.119882
878.086 -2.06845 -4.55826 -7.81416 2.23011 -4.42552 8.42273 0.237932 -0.127213 -0.143248
878.103 -1.87693 -4.71148 -7.69924 2.40359 -4.45424 8.43709 0.234419 -0.125991 -0.18723
878.119 -2.03015 -4.63487 -7.81416 2.39282 -4.38485 8.48255 0.229227 -0.125686 -0.217621
878.136 -2.14506 -4.32843 -7.73755 2.42513 -4.30828 8.45264 0.228922 -0.123547 -0.22037
878.152 -1.99184 -4.48165 -7.85246 2.27318 -4.11206 8.43948 0.228005 -0.128587 -0.228311
878.169 -2.41319 -4.903 -7.96737 2.66082 -4.57508 8.51964 0.224493 -0.124464 -0.206472
878.186 -2.33659 -4.13691 -7.73755 2.42393 -4.56311 8.48494 0.228616 -0.12202 -0.191812
878.202 -1.6088 -4.51995 -8.04398 1.7671 -4.21854 8.58305 0.223118 -0.124922 -0.158672
878.219 -1.03423 -4.29012 -7.96737 1.43091 -4.09292 8.49571 0.225409 -0.128587 -0.0534507
878.235 -0.881008 -4.02199 -8.04398 1.26221 -3.87278 8.42154 0.224035 -0.134085 0.0413861
878.252 -0.727789 -3.83047 -7.77585 1.22034 -3.61196 8.59861 0.219759 -0.138972 0.0664316
878.269 -0.804398 -3.33251 -8.08229 1.18804 -3.23509 8.5687 0.214414 -0.150425 0.0447459
878.285 -0.804398 -3.52403 -8.04398 1.11506 -3.32841 8.6668 0.202349 -0.15913 0.0167988
878.302 -0.689484 -3.90708 -7.69924 1.11625 -3.54975 8.54836 0.198531 -0.166308 0.0126754
878.318 -1.37897 -3.86877 -8.04398 1.58285 -3.62154 8.65842 0.19227 -0.174402 0.0128282
878.335 -1.87693 -4.71148 -7.85246 2.2002 -4.44826 8.68594 0.186772 -0.177304 -0.00794125
878.352 -1.87693 -4.903 -7.92907 2.23729 -4.69113 8.62971 0.189368 -0.181274 -0.0267254
878.368 -1.72371 -5.09452 -8.08229 2.2337 -4.91725 8.67757 0.190743 -0.181274 -0.0423024
878.385 -1.6088 -4.78809 -8.08229 2.10329 -4.72343 8.59621 0.196088 -0.18219 -0.137292
878.401 -1.80032 -4.74978 -8.00568 2.15115 -4.71745 8.64407 0.194866 -0.182954 -0.275806
878.418 -2.06845 -4.71148 -8.65686 2.34855 -4.58704 8.54596 0.197157 -0.185703 -0.335823
878.435 -1.83862 -4.67317 -7.96737 2.29113 -4.47218 8.78644 0.200517 -0.186314 -0.363006
878.451 -1.99184 -4.82639 -8.00568 2.32104 -4.57268 8.66201 0.200058 -0.183107 -0.317803
878.468 -2.33659 -4.0986 -7.89076 2.3677 -4.37408 8.68235 0.204487 -0.184481 -0.289703
878.484 -1.6471 -3.90708 -7.92907 2.01117 -3.54855 8.60818 0.203265 -0.18219 -0.253967
878.501 -1.57049 -3.10268 -8.54194 1.92622 -2.77807 8.80678 0.197004 -0.187536 -0.254578
878.518 -1.41727 -3.60064 -8.08229 2.28873 -3.08794 8.70748 0.189521 -0.187994 -0.272446
878.534 -2.64302 -3.86877 -8.04398 2.81037 -3.52463 8.668 0.184481 -0.185856 -0.256716
878.551 -2.60472 -3.67725 -7.77585 2.94556 -3.54496 8.68235 0.182496 -0.186314 -0.213345
878.567 -2.68133 -3.75386 -7.96737 2.9659 -3.45045 8.68594 0.178831 -0.18158 -0.150425
878.583 -2.60472 -3.44742 -8.1972 2.88335 -3.21356 8.74577 0.177914 -0.178373 -0.119882
878.6 -2.83455 -3.56234 -8.27381 3.32602 -3.20638 8.73978 0.170737 -0.173944 -0.0574213
878.616 -3.2942 -3.52403 -8.12059 3.53659 -3.16451 8.73739 0.162185 -0.166919 -0.0221439
878.633 -3.14098 -3.40912 -8.69516 3.48036 -3.16092 8.75055 0.158825 -0.160505 -0.0105374
878.649 -2.75794 -3.56234 -8.08229 3.04128 -3.27338 8.7649 0.156229 -0.156229 -0.0117592
878.666 -2.64302 -3.37081 -8.35042 2.92283 -3.06879 8.81994 0.147066 -0.149662 -0.0456622
878.683 -2.75794 -3.37081 -7.81416 2.79123 -3.04487 8.7996 0.144164 -0.149662 -0.073762
878.699 -2.4515 -3.37081 -8.1589 2.69432 -3.09033 8.76251 0.138972 -0.149509 -0.128282
878.716 -2.22167 -3.71555 -8.1589 2.4323 -3.24227 8.75773 0.129656 -0.149356 -0.150884
878.732 -2.18337 -3.44742 -8.42703 2.24686 -3.19442 8.79242 0.126144 -0.144622 -0.151953
878.749 -1.68541 -3.37081 -8.1589 1.93579 -3.07238 8.81396 0.118661 -0.147982 -0.145539
878.766 -1.57049 -3.21759 -8.00568 1.91426 -2.8678 8.83669 0.112094 -0.150425 -0.108734
878.782 -1.6471 -2.79624 -8.23551 1.92383 -2.80319 8.86421 0.105222 -0.155465 -0.0453567
878.799 -1.49388 -3.10268 -7.96737 1.90947 -2.79601 8.81635 0.101862 -0.157603 -0.0125227
878.816 -1.68541 -3.37081 -8.00568 1.89751 -3.01256 8.85942 0.0926988 -0.161879 0.0708604
878.832 -1.6088 -3.71555 -8.12059 1.9669 -3.40379 8.84148 0.0879646 -0.166461 0.117286
878.848 -1.72371 -4.0986 -8.23551 2.04227 -3.68375 8.84387 0.0859793 -0.166308 0.119882
878.864 -1.6088 -4.44334 -8.08229 1.9681 -4.19462 8.79242 0.08827 -0.173944 0.0905607
878.88 -1.53219 -4.67317 -8.31211 1.81137 -4.42313 8.86182 0.0842994 -0.174097 0.0465785
878.897 -1.45558 -4.78809 -8.69516 1.76471 -4.48654 8.86062 0.0875064 -0.179442 0.0200058
878.913 -1.34066 -5.01791 -8.12059 1.56969 -4.867 8.86182 0.0925461 -0.184481 -0.0142026
878.93 -1.30236 -5.01791 -8.27381 1.61157 -4.77248 8.85464 0.0977384 -0.191201 -0.0311541
878.946 -1.41727 -5.20944 -8.31211 1.63549 -4.77009 8.88335 0.10232 -0.194102 -0.0421497
878.963 -1.45558 -5.13283 -8.1589 1.6989 -4.92323 8.84866 0.108123 -0.199906 -0.0763581
878.98 -1.37897 -5.55418 -8.46534 1.68814 -5.29173 8.85225 0.11637 -0.206931 -0.117592
878.996 -1.22575 -6.12875 -8.46534 1.60558 -5.59561 8.82592 0.128893 -0.213955 -0.147218
879.013 -1.07253 -6.47349 -8.31211 1.4321 -6.18305 8.84148 0.139735 -0.217315 -0.176235
879.029 -1.26405 -6.5501 -8.35042 1.5338 -6.36491 8.85823 0.153785 -0.224493 -0.253204
879.046 -1.26405 -6.39688 -8.12059 1.56132 -6.29791 8.7996 0.17486 -0.233045 -0.320704
879.063 -1.30236 -6.20536 -8.12059 1.53619 -6.05743 8.78524 0.18219 -0.235336 -0.343459
879.078 -1.18745 -5.59248 -8.08229 1.74556 -5.54776 8.80319 0.200822 -0.244346 -0.374155
879.095 -1.53219 -5.05622 -8.1972 1.93938 -4.8 8.74337 0.211512 -0.24908 -0.32834
879.111 -2.37489 -4.59656 -8.23551 2.40239 -4.43509 8.75653 0.218842 -0.252898 -0.266337
879.128 -2.4515 -4.36673 -8.00568 3.12263 -4.06062 8.71107 0.229991 -0.249386 -0.128282
879.145 -2.98777 -4.36673 -8.08229 3.21595 -3.99123 8.77926 0.229074 -0.245262 -0.00106901
879.161 -3.2942 -4.51995 -8.12059 3.32124 -4.06421 8.86301 0.229227 -0.244041 0.0479529
879.178 -3.06437 -4.13691 -8.08229 3.42652 -4.07498 8.84028 0.232892 -0.235183 0.0824668
879.194 -2.64302 -3.21759 -8.12059 3.10708 -3.2004 8.69193 0.235489 -0.22938 -0.00595593
879.211 -2.33659 -2.56641 -7.92907 2.93599 -2.66321 8.73619 0.23503 -0.233809 -0.0890336
879.226 -1.72371 -1.6471 -8.12059 2.34018 -1.84487 8.82233 0.220675 -0.231365 -0.309709
879.241 -1.18745 -1.18745 -8.08229 2.02552 -0.927218 8.78644 0.202349 -0.235794 -0.55772
879.257 -1.41727 -1.07253 -8.12059 1.67139 -0.805184 8.88694 0.18891 -0.24007 -0.669661
879.273 -1.18745 -1.30236 -8.46534 1.34955 -0.863809 8.97547 0.165544 -0.245568 -0.777937
879.288 -1.11084 -1.26405 -8.08229 1.08275 -0.736989 8.9001 0.157756 -0.250607 -0.736398
879.304 -1.80032 -1.11084 -8.46534 1.65942 -0.759721 8.90129 0.141873 -0.264505 -0.480445
879.319 -2.14506 -1.49388 -8.23551 2.15474 -1.05523 8.93001 0.125227 -0.270766 -0.166461
879.335 -2.56641 -2.25998 -8.35042 2.79482 -1.81735 8.97547 0.117286 -0.268628 -0.0561996
879.351 -2.79624 -3.14098 -8.1972 3.19322 -2.70628 9.01615 0.103542 -0.264505 0.0299324
879.366 -3.21759 -3.94538 -8.61855 3.34038 -3.32602 8.96112 0.100793 -0.264657 0.0122173
879.983 -1.6471 -3.40912 -8.35042 1.73958 -3.80818 8.99103 0.0331394 -0.0868956 -0.100793
880.0 -1.30236 -3.44742 -8.31211 1.79821 -3.30329 8.93719 0.0311541 -0.0901026 -0.136528
880.017 -1.80032 -3.44742 -8.50364 1.86999 -3.21476 9.0341 0.0311541 -0.0925461 -0.21701
880.033 -1.76202 -3.60064 -7.81416 2.10568 -3.32483 8.90249 0.0253509 -0.100335 -0.167377
880.05 -1.83862 -3.86877 -8.31211 2.1009 -3.51864 9.02333 0.0230602 -0.0994183 -0.104153
880.066 -1.95354 -3.63894 -8.31211 2.16072 -3.42413 8.95155 0.0311541 -0.102931 -0.00290161
880.083 -1.80032 -3.83047 -8.54194 2.17388 -3.5677 8.99701 0.0265726 -0.104153 0.0471893
880.1 -1.91523 -3.71555 -8.35042 2.16072 -3.6 8.96231 0.0291688 -0.106749 0.022602
880.116 -2.14506 -3.60064 -8.31211 2.33181 -3.37747 8.99103 0.0282525 -0.10736 -0.00213803
880.133 -2.33659 -3.75386 -8.46534 2.63928 -3.48754 8.97906 0.02474 -0.10965 -0.0733038
880.149 -2.60472 -3.75386 -8.04398 2.75055 -3.54616 8.99222 0.0248928 -0.107818 -0.147218
880.166 -2.68133 -3.98369 -8.42703 2.92642 -3.61436 8.97189 0.0256563 -0.107054 -0.160352
880.183 -2.71963 -3.98369 -8.42703 2.9994 -3.74477 8.97189 0.0253509 -0.103236 -0.129198
880.199 -3.10268 -3.90708 -8.46534 3.08913 -3.7998 8.98265 0.0287107 -0.0966694 -0.0433714
880.216 -2.98777 -4.13691 -8.27381 3.23151 -3.86201 8.9671 0.0320704 -0.0951423 0.00167988
880.232 -3.06437 -4.44334 -8.1972 3.36909 -4.17547 8.97069 0.0325286 -0.0862847 0.0673479
880.249 -3.21759 -4.74978 -8.35042 3.41815 -4.40758 8.97069 0.0372628 -0.0798706 0.087201
880.266 -3.10268 -4.71148 -8.31211 3.40379 -4.49013 8.96112 0.0467312 -0.0704022 0.0810924
880.282 -2.98777 -4.903 -8.42703 3.42293 -4.65165 8.9659 0.052229 -0.0684169 0.0700968
880.299 -2.91116 -4.97961 -8.35042 3.33559 -4.70788 8.96112 0.0574213 -0.056505 0.0491747
880.316 -2.18337 -5.32435 -8.58025 2.81635 -5.17089 8.99821 0.0665843 -0.0514654 0.014508
880.332 -2.29828 -5.78401 -8.35042 2.35932 -5.70209 9.05204 0.0755945 -0.0517708 -0.0116064
880.349 -2.10676 -5.47757 -8.31211 2.48375 -5.38385 8.9348 0.0896445 -0.047342 -0.057574
880.365 -2.22167 -5.36266 -8.35042 2.5328 -5.24985 8.9348 0.100793 -0.0459676 -0.0685696
880.382 -2.56641 -5.17113 -8.42703 2.66919 -5.01176 9.00778 0.112246 -0.0499382 -0.0639881
880.399 -2.60472 -5.20944 -8.27381 2.67876 -4.90528 8.99701 0.117744 -0.0392481 -0.0464257
880.415 -2.22167 -5.09452 -8.38873 2.4993 -4.91366 8.98265 0.129351 -0.0378736 -0.0641408
880.432 -2.22167 -4.86469 -8.23551 2.44427 -4.84786 8.99701 0.140041 -0.0354302 -0.0775799
880.448 -1.80032 -4.82639 -8.27381 2.15234 -4.63729 8.99581 0.145386 -0.0355829 -0.0704022
880.465 -1.68541 -4.71148 -8.50364 1.86162 -4.46142 9.02692 0.151342 -0.0332921 -0.0335976
880.482 -1.6088 -4.59656 -8.65686 1.78385 -4.34656 9.02213 0.160352 -0.0364992 -0.00580322
880.497 -1.11084 -4.36673 -8.50364 1.58524 -4.2018 9.03649 0.164475 -0.0395535 -0.00641408
880.514 -1.37897 -4.36673 -8.46534 1.5015 -4.09771 9.04247 0.170279 -0.0439823 -0.021533
880.53 -1.37897 -3.98369 -8.84838 1.51825 -4.0008 9.05922 0.17318 -0.0490219 -0.0514654
880.547 -1.07253 -4.0986 -8.46534 1.45603 -3.86321 9.0317 0.173028 -0.0502437 -0.0693332
880.564 -0.804398 -3.90708 -8.38873 1.20239 -3.75673 9.10229 0.175013 -0.0548251 -0.0702495
880.58 -0.689484 -4.21351 -8.31211 1.09232 -3.92662 9.07478 0.178373 -0.0610865 -0.0548251
880.597 -0.612875 -4.21351 -8.54194 1.02173 -3.96491 9.07956 0.180816 -0.0658207 -0.0502437
880.613 -0.536266 -4.17521 -8.38873 0.946361 -4.02472 9.11905 0.184176 -0.0726929 -0.0494801
880.63 -0.57457 -4.40504 -8.61855 0.869791 -4.17188 9.11665 0.189063 -0.0817032 -0.0713185
880.647 -0.536266 -4.71148 -8.50364 0.837488 -4.29751 9.14656 0.192881 -0.0870483 -0.0826195
880.663 -0.65118 -4.903 -8.61855 0.917647 -4.61934 9.14776 0.195477 -0.0913243 -0.0878119
880.68 -0.842703 -4.903 -8.58025 1.0672 -4.64566 9.15254 0.208916 -0.0998765 -0.106596
880.696 -0.881008 -4.86469 -8.58025 1.20598 -4.63729 9.12981 0.217163 -0.105832 -0.13271
880.721 -1.37897 -4.55826 -8.61855 1.63549 -4.31067 9.17049 0.227242 -0.110567 -0.145844
880.737 -1.41727 -4.48165 -8.54194 1.69531 -4.24008 9.14536 0.234267 -0.114232 -0.122784
880.754 -1.41727 -4.36673 -8.50364 1.63669 -4.16471 9.15135 0.241139 -0.112552 -0.104611
880.771 -1.45558 -4.13691 -8.65686 1.87119 -3.86082 9.18245 0.246331 -0.115454 -0.112094
880.787 -1.68541 -3.83047 -8.42703 2.09372 -3.63111 9.14417 0.247859 -0.111941 -0.140041
880.804 -1.72371 -3.63894 -8.54194 2.13918 -3.399 9.18484 0.251524 -0.110719 -0.167988
880.82 -1.83862 -3.33251 -8.58025 2.17747 -3.21715 9.16451 0.253051 -0.110414 -0.170126
880.837 -1.76202 -3.33251 -8.84838 2.12483 -3.05444 9.18245 0.249997 -0.106443 -0.147829
880.854 -1.99184 -3.33251 -8.42703 2.08654 -3.08554 9.22911 0.250149 -0.103847 -0.122326
880.87 -1.87693 -3.37081 -8.58025 2.12722 -3.04726 9.21595 0.254425 -0.106749 -0.104305
880.886 -1.76202 -3.21759 -8.61855 1.99681 -3.00538 9.24228 0.250149 -0.100945 -0.0484111
880.902 -1.49388 -3.2559 -8.92499 1.71805 -3.11545 9.24108 0.249386 -0.0994183 -0.0120646
880.919 -1.34066 -3.48573 -8.69516 1.5984 -3.14656 9.29252 0.250913 -0.0998765 -0.010232
880.936 -1.18745 -3.40912 -8.61855 1.53141 -3.23509 9.23869 0.251218 -0.0994183 -0.0448986
880.952 -1.30236 -3.71555 -8.46534 1.57448 -3.40259 9.29132 0.253814 -0.104305 -0.113315
880.968 -1.34066 -3.56234 -8.81008 1.61874 -3.43609 9.28773 0.256411 -0.109039 -0.139583
880.984 -1.26405 -3.75386 -8.77177 1.55174 -3.52941 9.31166 0.25977 -0.107818 -0.133321
881.001 -1.49388 -3.79216 -9.26973 1.47996 -3.65145 9.31884 0.264352 -0.10736 -0.0835358
881.018 -1.18745 -3.90708 -8.73347 1.52901 -3.61795 9.30209 0.270613 -0.110719 -0.0519235
881.034 -1.14914 -3.79216 -8.46534 1.49671 -3.58445 9.28056 0.272751 -0.110414 -0.0502437
881.051 -0.995922 -3.63894 -8.73347 1.37109 -3.42173 9.33081 0.279013 -0.114232 -0.0673479
881.067 -0.919312 -3.63894 -8.61855 1.30409 -3.28534 9.32243 0.285579 -0.118966 -0.0930042
881.084 -0.995922 -3.48573 -8.88668 1.22154 -3.21236 9.34038 0.283441 -0.117286 -0.104458
881.101 -0.919312 -3.21759 -8.69516 1.20718 -2.96351 9.33679 0.289245 -0.121409 -0.142942
881.117 -0.957617 -2.98777 -8.73347 1.23589 -2.72782 9.34277 0.290772 -0.125991 -0.17654
881.133 -0.957617 -2.79624 -8.81008 1.267 -2.61176 9.36909 0.28955 -0.12874 -0.181885
881.149 -1.07253 -2.71963 -8.73347 1.37228 -2.41675 9.38345 0.289703 -0.130878 -0.18555
881.166 -1.22575 -2.41319 -8.73347 1.6319 -2.27318 9.41216 0.288481 -0.134238 -0.189063
881.183 -1.53219 -2.37489 -8.65686 1.69771 -2.21815 9.39541 0.288176 -0.135459 -0.186008
881.199 -1.57049 -2.33659 -8.69516 1.76471 -2.15234 9.41815 0.286343 -0.134085 -0.18219
881.216 -1.53219 -2.25998 -8.96329 1.89272 -2.05902 9.41216 0.281609 -0.134085 -0.171042
881.232 -1.76202 -2.29828 -8.84838 1.91186 -2.01715 9.42652 0.276722 -0.128282 -0.14676
881.249 -1.83862 -2.14506 -9.23143 2.10209 -1.93579 9.44088 0.276264 -0.127213 -0.139277
881.266 -2.10676 -2.25998 -8.84838 2.38923 -1.92502 9.47916 0.27214 -0.124158 -0.146913
881.282 -2.25998 -2.18337 -8.84838 2.6333 -2.00399 9.44686 0.267254 -0.116981 -0.143401
881.299 -2.29828 -2.41319 -9.0016 2.72064 -2.0662 9.43011 0.265115 -0.111636 -0.121257
881.316 -2.68133 -2.60472 -8.84838 2.84865 -2.23729 9.48275 0.263894 -0.103694 -0.0157298
881.332 -2.60472 -2.64302 -8.92499 3.04965 -2.26481 9.48993 0.26817 -0.0928515 0.108734
881.349 -2.98777 -2.4898 -8.81008 3.1322 -2.29232 9.5354 0.269086 -0.0884227 0.145997
881.364 -2.71963 -2.64302 -8.84838 3.05085 -2.34975 9.42891 0.266795 -0.0754418 0.150425
881.381 -2.4898 -2.4515 -8.73347 2.8008 -2.08893 9.50668 0.267712 -0.0673479 0.10064
881.398 -2.4898 -2.37489 -9.03991 2.6668 -2.01117 9.59163 0.268322 -0.06353 0.0670424
881.413 -1.87693 -2.18337 -8.92499 2.39163 -2.02672 9.39661 0.267254 -0.056505 -0.00931569
881.429 -1.45558 -2.18337 -8.92499 2.01715 -1.94417 9.57248 0.262977 -0.0487165 -0.067806
881.444 -1.30236 -1.99184 -8.92499 1.65942 -1.86999 9.51745 0.262672 -0.0503964 -0.0865901
881.461 -0.919312 -1.91523 -9.15482 1.27657 -1.73001 9.55573 0.260992 -0.0485638 -0.110567
881.477 -0.957617 -1.83862 -9.19312 1.1653 -1.68455 9.56052 0.256869 -0.0490219 -0.129809
881.493 -0.57457 -1.6471 -9.19312 0.999003 -1.3651 9.60718 0.256716 -0.0548251 -0.13607
881.509 -0.65118 -1.72371 -8.96329 1.00259 -1.41775 9.61675 0.251065 -0.0548251 -0.116217
881.525 -0.459656 -2.06845 -9.0016 0.738185 -1.67976 9.61795 0.24572 -0.0566577 -0.0400117
881.541 -0.612875 -2.10676 -9.23143 0.900898 -1.79462 9.57727 0.245568 -0.0584903 0.0074831
881.558 -0.842703 -1.99184 -8.73347 0.971486 -1.84726 9.68016 0.246484 -0.0629191 0.0714712
881.573 -0.612875 -2.03015 -9.11651 0.829113 -1.87119 9.64666 0.245873 -0.0627664 0.0835358
881.589 -0.421352 -1.91523 -9.07821 0.745364 -1.7336 9.63829 0.247553 -0.0700968 0.0583376
881.607 -0.306437 -1.80032 -9.42295 0.814756 -1.67258 9.65384 0.243124 -0.0754418 -0.0056505
881.622 -0.459656 -1.87693 -9.07821 0.87338 -1.64746 9.65623 0.243582 -0.0783434 -0.0381791
881.639 -0.842703 -1.87693 -9.03991 0.99661 -1.59242 9.6682 0.242666 -0.0815505 -0.0766636
881.655 -0.842703 -2.06845 -9.53786 1.01336 -1.69172 9.68375 0.240375 -0.0859793 -0.0673479
881.672 -0.727789 -2.03015 -9.11651 1.04686 -1.70608 9.7017 0.240834 -0.0879646 -0.0332921
881.689 -0.727789 -2.22167 -8.92499 1.09352 -1.84606 9.67896 0.240986 -0.0870483 -0.0158825
881.705 -0.727789 -2.37489 -9.07821 1.17248 -2.06501 9.6993 0.240681 -0.0875064 0.0122173
881.722 -1.18745 -2.25998 -9.03991 1.36869 -2.06381 9.67896 0.246026 -0.0896445 0.00442877
881.738 -1.34066 -2.33659 -8.65686 1.7683 -2.14756 9.68135 0.247706 -0.0891863 -0.0268781
881.755 -1.37897 -2.22167 -9.19312 1.62233 -1.98126 9.71007 0.251065 -0.0841467 -0.131031
881.772 -1.34066 -2.25998 -9.15482 1.67737 -2.08056 9.72921 0.251524 -0.081245 -0.194866
881.788 -1.57049 -2.25998 -9.15482 1.75633 -2.10329 9.7328 0.255036 -0.079107 -0.210138
881.805 -1.41727 -2.14506 -9.15482 1.79581 -1.92024 9.63948 0.258701 -0.0734565 -0.231365
881.82 -1.30236 -1.99184 -9.11651 1.60678 -1.69292 9.70887 0.258701 -0.0702495 -0.238696
881.836 -1.07253 -1.76202 -9.15482 1.49551 -1.62114 9.74836 0.261908 -0.0719294 -0.230143
881.853 -1.26405 -1.80032 -8.92499 1.26939 -1.52064 9.71486 0.265268 -0.0662789 -0.196699
881.869 -0.957617 -1.6471 -9.15482 1.21555 -1.3986 9.74477 0.26313 -0.0639881 -0.158367
881.885 -0.881008 -1.80032 -9.19312 1.19402 -1.45005 9.77588 0.26145 -0.0633773 -0.151189
881.901 -0.842703 -1.34066 -9.30804 1.12343 -1.2012 9.67657 0.264046 -0.0615447 -0.146608
881.917 -0.727789 -1.57049 -8.77177 1.08514 -1.11625 9.78544 0.262061 -0.0641408 -0.149509
881.934 -0.766094 -1.41727 -9.07821 1.08873 -1.14855 9.65982 0.259465 -0.062461 -0.149662
881.949 -0.65118 -1.14914 -9.23143 0.973878 -0.906879 9.78784 0.260076 -0.0603229 -0.138972
