135.805 -0.0766094 0.229828 -9.53786 0.295514 0.807577 10.1444 0.0876591 -0.109039 -0.0219911
135.821 -0.0766094 0.153219 -9.53786 0.211765 0.738185 10.1719 0.0832304 -0.110108 -0.0351248
135.838 -0.268133 0.0383047 -9.38465 0.226122 0.757328 10.1623 0.0810924 -0.109956 -0.0230602
135.855 0.0766094 0.0383047 -9.15482 0.107677 0.607777 9.91466 0.0830777 -0.118966 -0.00442877
135.871 0.153219 0.268133 -9.38465 0.107677 0.649651 10.0403 0.0784962 -0.128129 0.0517708
135.888 0.0383047 0.0766094 -9.46126 0.128016 0.537189 10.1133 0.0806342 -0.150731 0.0294742
135.904 0.114914 -0.0383047 -9.26973 0.0622134 0.479761 10.0056 0.0855211 -0.160505 0.0200058
135.921 -0.0766094 -0.153219 -9.15482 0.165105 0.275174 9.88594 0.0957531 -0.183107 -0.00229074
135.938 -0.114914 -0.0383047 -9.38465 0.163908 0.37328 9.89193 0.103389 -0.192423 -0.0277944
135.954 -0.191523 0.153219 -9.72939 0.323031 0.629312 10.1204 0.114232 -0.194866 -0.0584903
135.971 -0.268133 0.191523 -9.46126 0.372084 0.751346 10.1563 0.121257 -0.193797 -0.0546724
135.987 -0.114914 0.0766094 -9.42295 0.205783 0.709472 10.0977 0.119271 -0.191048 0.00595593
136.004 -0.153219 0.191523 -9.07821 0.27996 0.748953 9.8668 0.116981 -0.192117 0.0175624
136.021 -0.153219 0.114914 -9.11651 0.380459 0.774078 9.69691 0.113621 -0.19792 -0.0171042
136.037 -0.153219 0.191523 -9.23143 0.29671 0.823131 9.95174 0.100793 -0.196851 0.0100793
136.054 -0.0383047 0.383047 -9.07821 0.184247 1.00259 9.57368 0.0986547 -0.200058 -0.113621
136.07 -0.191523 0.306437 -9.57617 0.331406 1.11506 10.124 0.0771217 -0.201738 -0.177304
136.087 0.0383047 0.459656 -9.76769 0.396012 1.00618 10.3633 0.0555887 -0.206014 -0.140041
136.104 -0.191523 0.114914 -9.38465 0.443868 0.963111 10.2628 0.0481056 -0.203113 -0.11133
136.12 -0.229828 0.0 -9.46126 0.482154 0.758524 10.0798 0.043066 -0.199753 -0.123853
136.137 -0.344742 -0.0383047 -9.38465 0.527617 0.636491 9.96012 0.0331394 -0.192575 -0.142026
136.153 -0.268133 0.0383047 -9.26973 0.563509 0.397208 9.76032 0.036041 -0.187077 -0.120799
136.17 -0.114914 -0.0383047 -9.03991 0.604187 0.351745 9.73998 0.0418443 -0.181121 -0.118813
136.187 -0.229828 -0.191523 -9.26973 0.433101 0.224925 9.76152 0.0598648 -0.174555 -0.109345
136.203 -0.306437 -0.153219 -9.38465 0.441475 0.312263 9.88953 0.0774271 -0.174555 -0.107512
136.22 -0.268133 0.0 -9.49956 0.409173 0.351745 10.0391 0.0968221 -0.173486 -0.0702495
136.236 -0.306437 -0.0383047 -9.0016 0.418744 0.518046 10.1683 0.106138 -0.177762 -0.0616974
136.253 -0.191523 0.0766094 -9.46126 0.425922 0.628116 10.1085 0.110719 -0.177762 -0.0629191
136.27 -0.229828 0.229828 -9.19312 0.447458 0.64008 9.76032 0.121409 -0.18219 -0.101709
136.286 0.114914 0.153219 -9.07821 0.428315 0.768096 9.92901 0.11805 -0.183565 -0.132863
136.303 -0.268133 0.191523 -9.46126 0.447458 0.879362 10.0857 0.109345 -0.183718 -0.120951
136.319 -0.383047 0.0 -9.72939 0.518046 0.829113 10.1432 0.105527 -0.18387 -0.112857
136.336 -0.306437 0.114914 -9.38465 0.537189 0.78006 10.0642 0.100945 -0.180205 -0.111788
136.353 -0.306437 0.114914 -8.92499 0.53001 0.692722 9.90987 0.096364 -0.173638 -0.11133
136.369 -0.536266 0.0766094 -9.42295 0.558724 0.626919 10.0331 0.0928515 -0.165544 -0.114537
136.386 -0.306437 0.0766094 -9.26973 0.555135 0.637687 9.91944 0.100029 -0.166003 -0.119271
136.402 -0.191523 0.114914 -9.26973 0.485743 0.611366 9.82612 0.100182 -0.158978 -0.113468
136.419 -0.229828 0.0383047 -9.26973 0.470189 0.649651 9.84526 0.105374 -0.157909 -0.10797
136.436 -0.191523 0.191523 -9.38465 0.430708 0.7334 9.96849 0.101862 -0.153938 -0.0991129
136.452 -0.0766094 0.153219 -9.76769 0.41994 0.7334 10.0259 0.103389 -0.153022 -0.0997237
136.469 -0.191523 0.0766094 -9.57617 0.379262 0.782453 10.0917 0.102625 -0.155007 -0.0966694
136.485 -0.229828 0.191523 -8.92499 0.349352 0.821934 9.98285 0.103083 -0.15684 -0.0859793
136.502 -0.344742 0.229828 -9.49956 0.331406 0.83988 9.97687 0.102931 -0.163101 -0.0887282
136.519 -0.153219 0.268133 -9.34634 0.361316 0.84347 10.0128 0.0945314 -0.166308 -0.0907135
136.535 -0.114914 0.191523 -9.26973 0.405583 0.747757 9.95414 0.0881173 -0.166766 -0.0913243
136.552 -0.191523 0.114914 -9.30804 0.435494 0.728614 9.95533 0.0873537 -0.170737 -0.0965167
136.568 -0.114914 0.0766094 -9.38465 0.441475 0.690329 10.0439 0.0899499 -0.17318 -0.100945
136.585 -0.229828 0.153219 -9.23143 0.459422 0.714257 9.9338 0.090408 -0.171195 -0.0891863
136.602 -0.306437 0.0383047 -9.0016 0.476171 0.687936 9.92782 0.0919352 -0.166155 -0.0968221
136.618 -0.306437 0.114914 -9.42295 0.454636 0.677169 9.92543 0.0965167 -0.166613 -0.0957531
136.635 -0.306437 0.0766094 -9.46126 0.457029 0.649651 9.98644 0.0966694 -0.16081 -0.0920879
136.651 -0.153219 0.114914 -9.61448 0.48335 0.692722 10.0343 0.102473 -0.161574 -0.0948368
136.668 -0.268133 0.114914 -9.42295 0.490529 0.750149 10.0259 0.103389 -0.161421 -0.0997237
136.685 -0.0766094 0.229828 -9.30804 0.468993 0.789631 10.0116 0.103083 -0.156229 -0.106901
136.701 -0.191523 0.0766094 -9.26973 0.454636 0.756132 9.91227 0.097433 -0.151647 -0.0956004
136.718 -0.229828 0.153219 -9.26973 0.430708 0.745364 9.93739 0.0980438 -0.153633 -0.0925461
136.734 -0.153219 0.229828 -9.30804 0.421137 0.808774 10.1396 0.098502 -0.149051 -0.0868956
136.751 -0.114914 0.229828 -9.34634 0.40678 0.838684 10.0152 0.099571 -0.153785 -0.0907135
136.768 -0.0766094 0.268133 -9.11651 0.386441 0.859023 9.79023 0.0926988 -0.156076 -0.0931569
136.784 -0.229828 0.153219 -9.42295 0.358923 0.824327 9.85603 0.0948368 -0.163406 -0.0971275
136.801 -0.153219 0.191523 -9.15482 0.416351 0.76331 9.94696 0.0827722 -0.15852 -0.086132
136.817 -0.191523 0.153219 -9.46126 0.425922 0.796809 9.98046 0.0865901 -0.160199 -0.089339
136.834 -0.153219 0.268133 -9.57617 0.416351 0.848255 10.0427 0.0865901 -0.157145 -0.0865901
136.851 -0.191523 0.268133 -9.34634 0.454636 0.885344 10.0439 0.0856738 -0.156381 -0.0821613
136.867 -0.229828 0.191523 -9.30804 0.421137 0.818345 9.94815 0.0778853 -0.157145 -0.0781907
136.884 -0.114914 0.229828 -9.42295 0.396012 0.807577 10.0403 0.0783434 -0.15684 -0.0801761
136.899 -0.153219 0.114914 -9.38465 0.396012 0.812363 9.98166 0.0777326 -0.155007 -0.0795652
136.915 -0.229828 0.114914 -9.38465 0.368495 0.803988 9.88475 0.0830777 -0.162185 -0.0930042
136.932 -0.0766094 0.191523 -9.15482 0.397208 0.823131 9.81894 0.0807869 -0.159741 -0.0917825
136.948 -0.191523 0.114914 -9.34634 0.39003 0.776471 9.99362 0.0728457 -0.160047 -0.0862847
136.965 0.0 0.191523 -9.72939 0.357727 0.802792 10.0092 0.0705549 -0.159283 -0.0855211
136.982 -0.0766094 0.114914 -9.53786 0.374477 0.745364 9.97687 0.0746782 -0.161879 -0.0806342
136.998 -0.306437 0.0383047 -9.15482 0.351745 0.725025 10.1133 0.0771217 -0.164934 -0.0807869
137.015 -0.191523 0.114914 -9.49956 0.333799 0.664008 9.9314 0.0795652 -0.166308 -0.0807869
137.031 -0.114914 0.0766094 -8.84838 0.320638 0.652044 9.90748 0.0844521 -0.167835 -0.0788016
137.048 -0.114914 0.153219 -9.38465 0.334995 0.650847 9.95174 0.0867428 -0.170279 -0.0766636
137.065 -0.191523 0.191523 -9.42295 0.357727 0.692722 10.0558 0.0956004 -0.175471 -0.0762054
137.081 -0.421352 0.153219 -9.03991 0.385244 0.775274 10.0391 0.102167 -0.175624 -0.083994
137.098 -0.306437 0.191523 -9.49956 0.435494 0.84347 10.0116 0.10568 -0.180969 -0.090408
137.114 -0.421352 0.191523 -9.38465 0.465404 0.893719 9.99721 0.103083 -0.179594 -0.0925461
137.131 -0.229828 0.268133 -9.42295 0.427119 0.863809 9.91107 0.098502 -0.177914 -0.0937678
137.148 -0.268133 0.114914 -9.34634 0.40678 0.833898 9.9661 0.0897971 -0.174707 -0.0905607
137.164 -0.306437 0.268133 -9.49956 0.478564 0.836291 10.0594 0.0910189 -0.176693 -0.0916298
137.181 -0.268133 0.191523 -9.34634 0.5001 0.812363 9.96251 0.0897971 -0.174707 -0.0939205
137.196 -0.153219 0.191523 -9.30804 0.477368 0.79322 9.84766 0.0896445 -0.16921 -0.090408
137.214 -0.191523 0.0766094 -9.49956 0.415155 0.731007 9.87039 0.0852157 -0.166155 -0.0873537
137.231 -0.268133 0.0766094 -9.46126 0.482154 0.709472 10.0319 0.0902553 -0.168141 -0.0807869
137.246 -0.306437 0.153219 -9.61448 0.518046 0.744168 10.124 0.0994183 -0.16753 -0.0835358
137.263 -0.268133 0.0766094 -9.42295 0.496511 0.788435 10.0977 0.103847 -0.166003 -0.0890336
137.279 -0.191523 0.268133 -9.34634 0.430708 0.867398 9.99123 0.109345 -0.166308 -0.0954477
137.296 -0.306437 0.306437 -9.34634 0.473779 0.909272 9.89791 0.106443 -0.161879 -0.0908662
137.313 -0.268133 0.344742 -9.23143 0.45344 0.918843 9.87996 0.102625 -0.163101 -0.0894917
137.329 -0.114914 0.344742 -9.30804 0.445065 0.952343 9.87877 0.0988074 -0.161726 -0.086132
137.346 -0.0383047 0.306437 -9.23143 0.437886 1.01336 9.97328 0.091477 -0.163559 -0.0818559
137.362 -0.229828 0.383047 -9.34634 0.4666 1.04327 9.95174 0.0798706 -0.161268 -0.0827722
137.379 -0.268133 0.268133 -9.34634 0.474975 1.01575 9.83928 0.0746782 -0.158367 -0.0842994
137.396 -0.268133 0.229828 -9.19312 0.4666 0.924826 9.92303 0.0603229 -0.154091 -0.0838412
137.411 -0.268133 0.229828 -9.49956 0.448654 0.910469 10.2066 0.0525344 -0.151342 -0.0813978
137.429 -0.268133 0.344742 -9.38465 0.458225 0.92004 10.1515 0.0511599 -0.14844 -0.0777326
137.445 -0.306437 0.268133 -9.49956 0.417547 0.827916 10.1372 0.0563523 -0.150884 -0.0864374
137.461 -0.114914 0.153219 -9.46126 0.363709 0.738185 9.97687 0.0597121 -0.151647 -0.0894917
137.478 -0.268133 0.268133 -9.03991 0.324227 0.708275 9.95294 0.0587958 -0.149509 -0.0844521
137.494 -0.191523 0.0766094 -9.49956 0.387637 0.650847 9.97328 0.0681114 -0.157145 -0.0859793
137.511 0.0 0.0383047 -9.53786 0.429512 0.625723 9.97448 0.0765108 -0.158978 -0.0856738
137.527 -0.114914 0.0766094 -9.26973 0.424726 0.586241 9.93021 0.0783434 -0.156992 -0.0875064
137.544 -0.229828 0.0383047 -9.23143 0.358923 0.531206 9.89193 0.0949895 -0.160505 -0.0859793
137.561 -0.0383047 0.114914 -9.23143 0.300299 0.60658 9.89552 0.105832 -0.162948 -0.0833831
137.577 -0.191523 0.153219 -9.26973 0.308674 0.692722 9.9015 0.113468 -0.16753 -0.0876591
137.594 -0.153219 0.268133 -9.34634 0.37328 0.862612 10.014 0.11469 -0.168446 -0.0878119
137.61 -0.191523 0.306437 -9.26973 0.396012 1.05523 9.89911 0.118966 -0.174097 -0.0923933
137.627 -0.229828 0.459656 -9.26973 0.355334 1.066 10.0463 0.111788 -0.177151 -0.0804815
137.644 -0.114914 0.306437 -9.42295 0.382851 1.06241 10.0487 0.102014 -0.175624 -0.0763581
137.66 -0.229828 0.344742 -9.26973 0.417547 1.05284 9.89312 0.090408 -0.17822 -0.0827722
137.677 -0.268133 0.229828 -9.49956 0.425922 0.984646 10.0439 0.0766636 -0.173944 -0.0847575
137.693 -0.229828 0.229828 -9.34634 0.427119 0.95354 10.0666 0.0726929 -0.170431 -0.0855211
137.71 0.0383047 0.229828 -9.61448 0.439083 0.855434 10.0247 0.0745255 -0.174249 -0.0902553
137.727 -0.268133 0.306437 -9.38465 0.441475 0.772881 10.002 0.0734565 -0.171653 -0.0820086
137.742 -0.191523 0.268133 -9.38465 0.4666 0.819541 9.81535 0.0728457 -0.168141 -0.0807869
137.758 -0.229828 0.191523 -9.38465 0.485743 0.776471 9.86919 0.0736092 -0.168751 -0.0821613
137.774 -0.229828 0.229828 -9.38465 0.509671 0.934397 9.99482 0.0742201 -0.16585 -0.0864374
137.789 -0.268133 0.229828 -9.53786 0.519242 0.978664 10.1097 0.0765108 -0.166003 -0.0879646
137.805 -0.306437 0.229828 -9.42295 0.492921 0.990628 10.185 0.0733038 -0.160047 -0.086132
137.82 -0.191523 0.153219 -9.42295 0.452243 0.912862 10.0427 0.0690278 -0.155312 -0.0852157
137.836 -0.191523 0.229828 -9.26973 0.372084 0.814756 9.88834 0.071624 -0.16249 -0.0820086
137.851 -0.306437 0.191523 -9.23143 0.412762 0.836291 9.87996 0.0682642 -0.162643 -0.0829249
137.866 -0.191523 0.229828 -9.34634 0.454636 0.865005 9.93739 0.0668897 -0.163865 -0.0824668
137.882 -0.229828 0.0766094 -9.46126 0.39003 0.808774 10.0475 0.0661261 -0.15913 -0.0809396
138.501 -0.229828 0.0383047 -9.23143 0.394816 0.678365 9.95174 0.0505491 -0.138666 -0.0803288
138.518 -0.306437 0.114914 -9.38465 0.269192 0.680758 9.91585 0.0595593 -0.143706 -0.0775799
138.534 -0.0383047 0.0766094 -9.23143 0.258425 0.685544 9.95294 0.068875 -0.151342 -0.0823141
138.551 -0.344742 0.0766094 -9.34634 0.496511 0.65683 10.0307 0.0668897 -0.151342 -0.0826195
138.566 -0.268133 0.0766094 -9.23143 0.40678 0.607777 9.72084 0.0884227 -0.157298 -0.0933096
138.582 -0.191523 0.0383047 -9.34634 0.403191 0.490529 9.7675 0.0913243 -0.157298 -0.0838412
138.598 -0.191523 0.0766094 -9.57617 0.431904 0.65683 10.2102 0.0969748 -0.155771 -0.0813978
138.614 -0.0383047 0.306437 -9.19312 0.549153 0.93679 10.1157 0.111483 -0.156229 -0.0876591
138.631 -0.306437 0.383047 -9.26973 0.547956 0.999003 9.97926 0.112094 -0.154854 -0.0980438
138.648 -0.153219 0.536266 -9.26973 0.477368 1.14616 9.84646 0.104305 -0.149204 -0.100182
138.664 -0.191523 0.306437 -9.46126 0.2668 1.15573 9.95653 0.0852157 -0.147982 -0.0870483
138.681 -0.191523 0.268133 -9.42295 0.212961 1.05643 10.0343 0.0676533 -0.153785 -0.0849102
138.697 0.0383047 0.114914 -9.49956 0.190229 0.976271 10.0164 0.0687223 -0.162948 -0.0887282
138.714 -0.114914 0.114914 -9.38465 0.25005 0.850648 9.9649 0.0649044 -0.168751 -0.0830777
138.731 -0.344742 0.114914 -9.34634 0.369691 0.798006 9.94098 0.0681114 -0.17654 -0.0772744
138.747 -0.229828 0.114914 -9.38465 0.399601 0.775274 9.97089 0.0714712 -0.1799 -0.078038
138.764 -0.229828 0.191523 -9.65278 0.441475 0.855434 9.95174 0.0754418 -0.175929 -0.0752891
138.78 -0.153219 0.191523 -9.30804 0.437886 0.921237 9.95055 0.078038 -0.177456 -0.0792598
138.796 -0.229828 0.306437 -9.42295 0.441475 0.929611 9.96371 0.0729984 -0.175776 -0.0810924
138.812 -0.306437 0.191523 -9.61448 0.467797 0.865005 9.9661 0.0673479 -0.175471 -0.0789543
138.828 -1.6471 -1.26405 -9.53786 1.50269 -0.378066 10.2257 0.0717766 -0.169515 -0.0726929
138.845 -0.191523 0.114914 -9.30804 0.270389 0.985843 9.79502 0.0934624 -0.155618 -0.0789543
138.861 -0.191523 0.383047 -9.30804 0.388834 0.957129 9.95653 0.091477 -0.154396 -0.105985
138.878 -0.229828 0.268133 -9.26973 0.446261 0.928415 10.0175 0.0827722 -0.15913 -0.0846048
138.895 -0.153219 0.268133 -9.42295 0.478564 0.85663 10.0618 0.0815505 -0.156992 -0.0876591
138.911 -0.268133 0.191523 -9.38465 0.446261 0.882951 9.98405 0.0806342 -0.158061 -0.0865901
138.927 -0.268133 0.306437 -9.42295 0.4666 0.928415 9.92782 0.0838412 -0.154091 -0.0916298
138.942 -0.268133 0.114914 -9.53786 0.417547 0.85663 9.90868 0.0836885 -0.152411 -0.0873537
138.959 -0.229828 0.229828 -9.38465 0.382851 0.940379 9.96132 0.0781907 -0.147677 -0.0856738
138.976 -0.0766094 0.268133 -9.38465 0.241675 0.937986 9.99003 0.0820086 -0.15516 -0.0888809
138.992 0.114914 0.344742 -9.57617 0.210568 0.964307 9.99601 0.0749837 -0.162643 -0.0832304
139.009 -0.0383047 0.191523 -9.38465 0.230907 0.904487 9.99362 0.0726929 -0.164475 -0.0818559
139.025 -0.229828 0.229828 -9.46126 0.294317 0.876969 9.99482 0.0704022 -0.176235 -0.0795652
139.042 -0.191523 0.306437 -9.42295 0.331406 0.93679 9.96969 0.0733038 -0.183565 -0.0794125
139.059 -0.0383047 0.612875 -9.49956 -0.0813559 1.86042 10.0044 0.0650571 -0.183107 -0.0763581
139.075 -0.114914 0.268133 -9.46126 0.491725 1.00618 9.94218 0.043066 -0.194102 -0.073762
139.092 -0.306437 0.229828 -9.38465 0.601795 0.817148 10.0092 0.0387899 -0.188605 -0.0824668
139.108 -0.421352 0.0766094 -9.61448 0.624527 0.841077 9.9673 0.0415388 -0.179747 -0.0772744
139.125 -0.268133 0.0 -9.34634 0.592223 0.563509 9.97567 0.0491747 -0.177456 -0.0824668
139.142 -0.268133 0.0383047 -9.30804 0.525224 0.595813 9.98405 0.0587958 -0.169057 -0.0815505
139.158 -0.268133 0.268133 -9.42295 0.496511 0.619741 9.9996 0.0704022 -0.164934 -0.083994
139.175 -0.268133 0.114914 -9.42295 0.463011 0.705882 9.9996 0.0760527 -0.16585 -0.0835358
139.191 -0.229828 0.114914 -9.30804 0.549153 0.661615 9.97687 0.0800233 -0.163559 -0.0853684
139.208 -0.306437 0.153219 -9.34634 0.581456 0.687936 9.95533 0.0897971 -0.159894 -0.0870483
139.225 -0.344742 0.191523 -9.38465 0.570688 0.754935 9.93619 0.090408 -0.151953 -0.0846048
139.241 -0.153219 0.191523 -9.38465 0.471386 0.948754 9.93739 0.0916298 -0.149204 -0.0887282
139.258 -0.229828 0.344742 -9.19312 0.392423 1.05284 9.92064 0.0841467 -0.149204 -0.0922406
139.274 -0.229828 0.383047 -9.0016 0.421137 0.975075 9.9314 0.0768163 -0.149662 -0.086132
139.291 -0.268133 0.153219 -9.34634 0.460618 0.79322 9.98883 0.0757473 -0.151342 -0.0835358
139.308 -0.268133 0.153219 -9.11651 0.410369 0.728614 9.99242 0.0772744 -0.145539 -0.079107
139.324 -0.306437 0.153219 -9.03991 0.397208 0.782453 9.97208 0.0855211 -0.148593 -0.08827
139.341 -0.114914 0.229828 -9.42295 0.330209 0.850648 9.92662 0.0907135 -0.1518 -0.0890336
139.357 -0.153219 0.153219 -9.38465 0.284746 0.914058 9.95174 0.0826195 -0.153174 -0.086132
139.374 -0.153219 0.268133 -9.49956 0.289531 0.988235 9.98644 0.0809396 -0.164017 -0.0888809
139.391 -0.153219 0.229828 -9.30804 0.344566 0.958325 9.98524 0.0757473 -0.166155 -0.085063
139.407 -0.268133 0.268133 -9.34634 0.369691 1.00857 9.94457 0.0714712 -0.169973 -0.0849102
139.424 -0.229828 0.153219 -9.34634 0.454636 0.830309 9.94218 0.0653626 -0.171348 -0.0821613
139.441 -0.459656 0.0383047 -9.49956 0.5001 0.768096 9.95773 0.0616974 -0.165697 -0.078038
139.457 -0.229828 0.0383047 -9.42295 0.457029 0.671186 10.0235 0.0708604 -0.164628 -0.0792598
139.474 -0.268133 0.114914 -9.11651 0.376869 0.707079 9.95892 0.0846048 -0.163865 -0.0844521
139.49 -0.344742 0.229828 -9.38465 0.34337 0.814756 9.89911 0.0868956 -0.169057 -0.0931569
139.507 -0.153219 0.191523 -9.30804 0.340977 0.908076 9.93978 0.0867428 -0.172111 -0.091477
139.524 -0.459656 0.229828 -9.26973 0.429512 0.811167 9.98285 0.0817032 -0.17486 -0.0858265
139.54 -0.306437 0.153219 -9.42295 0.477368 0.847059 9.99123 0.081245 -0.174097 -0.0856738
139.557 -0.191523 0.191523 -9.34634 0.445065 0.847059 9.92184 0.0817032 -0.171653 -0.0849102
139.573 -0.229828 0.268133 -9.42295 0.385244 0.957129 9.89552 0.0824668 -0.1715 -0.0798706
139.59 -0.229828 0.344742 -9.38465 0.393619 1.066 9.9649 0.074831 -0.174707 -0.078038
139.607 -0.229828 0.383047 -9.42295 0.413958 1.01934 10.0152 0.0682642 -0.175166 -0.078038
139.623 -0.344742 0.229828 -9.53786 0.501296 0.906879 10.0355 0.0597121 -0.173638 -0.0775799
139.64 -0.306437 0.153219 -9.23143 0.565902 0.818345 9.93499 0.0638354 -0.170431 -0.0842994
139.656 -0.344742 0.153219 -9.38465 0.561117 0.751346 9.91824 0.0682642 -0.164475 -0.0873537
139.673 -0.306437 0.114914 -9.34634 0.45344 0.684347 9.9314 0.0719294 -0.162643 -0.0856738
139.69 0.114914 0.191523 -9.38465 0.311067 0.702293 9.97328 0.0755945 -0.162643 -0.0815505
139.706 -0.306437 0.191523 -9.34634 0.415155 0.872184 9.91944 0.0829249 -0.168904 -0.0827722
139.723 -0.229828 0.191523 -9.34634 0.4666 0.863809 9.92543 0.086132 -0.172264 -0.0847575
139.739 -0.306437 0.191523 -9.42295 0.434297 0.84347 9.98285 0.0832304 -0.171348 -0.0841467
139.756 -0.344742 0.268133 -9.53786 0.588634 0.928415 9.99123 0.0789543 -0.168599 -0.081245
139.772 -0.421352 0.229828 -9.49956 0.581456 0.93679 9.98046 0.076969 -0.165086 -0.0865901
139.788 -0.0383047 0.114914 -9.0016 0.490529 0.855434 9.91466 0.0733038 -0.159894 -0.0858265
139.805 -0.191523 0.344742 -9.46126 0.398405 0.884148 9.89312 0.0731511 -0.16081 -0.0859793
139.821 -0.114914 0.536266 -8.88668 0.451047 0.868594 9.94576 0.0691805 -0.158825 -0.0835358
139.837 -0.114914 0.191523 -9.49956 0.427119 0.892523 10.0068 0.0729984 -0.161268 -0.0803288
139.854 -0.344742 0.229828 -9.38465 0.556331 0.927218 10.0271 0.0693332 -0.161574 -0.0784962
139.87 -0.497961 0.268133 -9.30804 0.528814 0.905683 9.99242 0.0690278 -0.157909 -0.087201
139.887 -0.191523 0.153219 -9.30804 0.478564 0.83988 9.94935 0.0699441 -0.156076 -0.089339
139.903 -0.306437 0.191523 -9.69109 0.463011 0.76331 9.91466 0.0690278 -0.151036 -0.0817032
139.92 -0.306437 0.153219 -9.15482 0.407976 0.710668 9.91227 0.0760527 -0.153174 -0.0853684
139.937 -0.191523 0.0766094 -9.19312 0.48335 0.592223 9.93739 0.0804815 -0.154549 -0.0876591
139.953 -0.229828 0.0 -9.30804 0.490529 0.51326 9.95533 0.0923933 -0.150884 -0.0925461
139.97 -0.383047 -0.0766094 -9.38465 0.612562 0.273978 9.95773 0.113315 -0.142332 -0.0919352
139.985 -0.268133 -0.0383047 -9.23143 0.497707 0.42353 9.95892 0.129962 -0.140957 -0.0966694
140.001 -0.153219 0.114914 -9.34634 0.445065 0.723829 9.88116 0.147677 -0.139125 -0.095295
140.018 -0.114914 0.766094 -9.76769 0.364905 0.771685 9.97567 0.158672 -0.140652 -0.0783434
140.034 -0.114914 0.766094 -9.30804 0.145962 1.46919 9.95773 0.154702 -0.146455 -0.0856738
140.051 0.0766094 0.919312 -9.72939 0.0969093 1.81615 9.96012 0.114385 -0.158214 -0.0966694
140.067 -0.153219 0.804398 -9.53786 0.258425 1.60558 10.0259 0.066737 -0.168293 -0.089339
140.084 -0.191523 0.344742 -9.57617 0.34337 1.30768 10.0187 0.0499382 -0.16982 -0.0841467
140.101 -0.191523 -0.0383047 -9.26973 0.507278 0.742971 9.96132 0.03711 -0.168293 -0.0836885
140.117 -0.191523 -0.0383047 -9.30804 0.448654 0.489332 9.97208 0.052229 -0.165697 -0.0803288
140.134 0.0766094 -0.153219 -9.11651 0.331406 0.443868 9.97089 0.0729984 -0.165239 -0.0755945
140.15 -0.0383047 0.229828 -9.42295 0.287139 0.64008 9.93499 0.087201 -0.170126 -0.0763581
140.167 -0.0766094 0.421352 -9.46126 0.136391 0.881755 9.96371 0.095295 -0.177762 -0.0757473
140.184 0.0383047 0.268133 -9.19312 0.157926 0.973878 9.94337 0.0928515 -0.191048 -0.0800233
140.2 -0.229828 0.306437 -9.38465 0.234497 1.05882 9.95653 0.0896445 -0.19624 -0.0804815
140.217 -0.153219 0.0766094 -9.46126 0.434297 0.921237 9.94576 0.0806342 -0.203113 -0.0821613
140.233 -0.306437 0.191523 -9.26973 0.665205 0.766899 9.96969 0.0774271 -0.202654 -0.078038
140.25 -0.421352 0.153219 -9.42295 0.741775 0.74656 9.9326 0.0795652 -0.200364 -0.0784962
140.267 -0.57457 0.229828 -8.88668 0.802792 0.838684 9.93739 0.0887282 -0.180969 -0.083994
140.283 -0.383047 0.459656 -9.26973 0.638883 1.11266 9.96849 0.0844521 -0.165086 -0.0810924
140.3 -0.268133 0.536266 -9.15482 0.583848 1.2347 9.99601 0.0726929 -0.158672 -0.0876591
140.316 -0.383047 0.421352 -9.38465 0.495314 1.16291 9.9996 0.0700968 -0.16249 -0.0902553
140.333 -0.306437 0.344742 -9.49956 0.497707 0.989432 9.94337 0.0568105 -0.156534 -0.0873537
140.35 -0.383047 0.344742 -9.57617 0.534796 0.891326 9.93499 0.0528398 -0.152411 -0.0887282
140.366 -0.344742 0.114914 -9.34634 0.495314 0.736989 9.96969 0.055436 -0.1518 -0.0873537
140.383 -0.153219 0.229828 -9.34634 0.480957 0.671186 9.97328 0.066737 -0.150731 -0.0852157
140.399 -0.229828 0.191523 -9.19312 0.403191 0.685544 9.94218 0.0783434 -0.147524 -0.0847575
140.416 -0.191523 0.229828 -9.42295 0.415155 0.727418 9.92901 0.0800233 -0.146913 -0.0818559
140.433 -0.344742 0.306437 -9.8443 0.340977 0.821934 9.98166 0.0867428 -0.149967 -0.0836885
140.449 -0.153219 0.153219 -9.42295 0.329013 0.876969 10.0187 0.0878119 -0.155618 -0.0838412
140.466 -0.191523 0.229828 -9.65278 0.323031 0.861416 10.0211 0.0868956 -0.161421 -0.089339
140.482 -0.0766094 0.153219 -9.42295 0.362513 0.78006 9.96371 0.0849102 -0.162643 -0.0885754
140.498 -0.153219 0.153219 -9.34634 0.428315 0.734596 9.92662 0.0897971 -0.163559 -0.0853684
140.516 -0.344742 0.306437 -9.61448 0.447458 0.752542 9.91346 0.0989602 -0.165086 -0.0846048
140.532 -0.306437 0.229828 -9.42295 0.4666 0.92004 9.91824 0.102014 -0.164475 -0.0867428
140.548 -0.268133 0.344742 -9.30804 0.424726 1.12582 9.96969 0.0951423 -0.161116 -0.086132
140.565 -0.306437 0.57457 -9.34634 0.411565 1.20718 9.98285 0.0823141 -0.161574 -0.0864374
140.581 -0.229828 0.383047 -9.38465 0.40678 1.19163 10.002 0.0759 -0.163865 -0.085063
140.598 -0.191523 0.153219 -9.46126 0.44985 0.994217 9.99123 0.0616974 -0.164475 -0.0856738
140.614 -0.229828 0.114914 -9.23143 0.468993 0.752542 9.96371 0.0577268 -0.162643 -0.0833831
140.631 -0.306437 0.0766094 -9.42295 0.461814 0.695115 9.95773 0.0630718 -0.16249 -0.0821613
140.648 -0.114914 0.191523 -9.38465 0.351745 0.7334 9.92303 0.0722348 -0.158978 -0.0826195
140.664 -0.153219 0.191523 -9.34634 0.312263 0.887737 9.96132 0.0804815 -0.164323 -0.0794125
140.681 -0.229828 0.344742 -9.03991 0.314656 0.932004 9.99482 0.0800233 -0.171653 -0.0774271
140.697 -0.229828 0.268133 -9.38465 0.411565 0.916451 10.0032 0.0778853 -0.171806 -0.0789543
140.714 -0.344742 0.191523 -9.53786 0.564706 0.795613 9.96371 0.0781907 -0.172264 -0.081245
140.731 -0.191523 0.191523 -9.53786 0.612562 0.741775 9.95174 0.0838412 -0.168293 -0.0899499
140.747 -0.383047 0.191523 -9.38465 0.605384 0.719043 9.95294 0.0884227 -0.165239 -0.087201
140.764 -0.497961 0.229828 -9.65278 0.503689 0.788435 9.97089 0.0988074 -0.156381 -0.0836885
140.78 -0.229828 0.191523 -9.46126 0.391226 0.981057 9.96012 0.101709 -0.15348 -0.0827722
140.797 -0.114914 0.421352 -9.30804 0.334995 1.04207 9.95055 0.103083 -0.155312 -0.0846048
140.814 -0.191523 0.306437 -9.30804 0.319442 1.08395 9.93859 0.090408 -0.157603 -0.0818559
140.83 -0.229828 0.268133 -9.42295 0.417547 1.0002 9.98644 0.0849102 -0.166766 -0.0873537
140.847 -0.0383047 0.268133 -8.96329 0.439083 0.955932 9.97328 0.0771217 -0.164628 -0.0876591
140.863 -0.191523 0.153219 -9.38465 0.416351 0.905683 9.96849 0.0746782 -0.163101 -0.0859793
140.88 -0.153219 0.268133 -9.15482 0.403191 0.885344 9.9338 0.0751364 -0.165086 -0.0824668
140.897 -0.191523 0.306437 -9.38465 0.399601 0.904487 9.93619 0.078038 -0.168293 -0.0841467
140.913 -0.306437 0.306437 -9.76769 0.403191 0.918843 9.93978 0.078038 -0.166308 -0.081245
140.93 -0.0766094 0.268133 -9.49956 0.397208 0.965504 9.96132 0.0762054 -0.165544 -0.0798706
140.946 -0.268133 0.268133 -9.34634 0.411565 0.908076 9.97807 0.0772744 -0.16982 -0.0794125
140.963 -0.229828 0.114914 -9.69109 0.45344 0.866202 9.98405 0.076969 -0.171653 -0.0803288
140.98 -0.229828 0.114914 -9.30804 0.491725 0.796809 9.93499 0.0763581 -0.166919 -0.081245
140.996 -0.383047 0.0766094 -9.23143 0.497707 0.869791 9.89432 0.0888809 -0.16982 -0.0858265
141.013 -0.229828 0.191523 -9.26973 0.510867 0.939182 9.90269 0.0830777 -0.165086 -0.0817032
141.029 -0.229828 0.459656 -9.76769 0.495314 1.0325 9.94576 0.081245 -0.162948 -0.0806342
141.046 -0.306437 0.459656 -9.19312 0.4666 1.0325 9.98285 0.074831 -0.16249 -0.0832304
141.063 -0.268133 0.306437 -9.42295 0.443868 0.935593 9.98524 0.0697913 -0.160199 -0.0823141
141.08 -0.344742 0.344742 -9.23143 0.445065 0.896112 9.9326 0.0659734 -0.158061 -0.0849102
141.097 -0.306437 0.268133 -9.38465 0.470189 0.851844 9.88355 0.0693332 -0.162032 -0.0862847
141.113 -0.153219 0.344742 -9.38465 0.490529 0.851844 9.88116 0.0705549 -0.155312 -0.0806342
141.13 -0.191523 0.191523 -9.38465 0.509671 0.863809 9.89432 0.0743728 -0.155007 -0.0859793
141.147 -0.229828 0.229828 -9.65278 0.439083 0.896112 9.90868 0.0714712 -0.149356 -0.0826195
141.163 -0.114914 0.229828 -9.26973 0.334995 0.915254 9.93499 0.0786489 -0.154702 -0.086132
141.18 -0.114914 0.344742 -9.26973 0.324227 0.874577 9.9338 0.0760527 -0.156229 -0.0829249
141.196 -0.268133 0.191523 -9.42295 0.344566 0.842273 9.93739 0.0752891 -0.15852 -0.0824668
141.213 -0.229828 0.191523 -9.38465 0.451047 0.690329 9.97687 0.0841467 -0.167835 -0.0855211
141.23 -0.0383047 0.114914 -9.76769 0.478564 0.70349 9.98764 0.0908662 -0.161268 -0.08827
141.246 -0.229828 0.153219 -9.26973 0.431904 0.805184 9.93021 0.098502 -0.163559 -0.0919352
141.263 -0.229828 0.229828 -9.07821 0.36012 0.898505 9.91824 0.103847 -0.16417 -0.0923933
141.279 -0.344742 0.306437 -9.46126 0.333799 1.03011 9.91824 0.101098 -0.164781 -0.0881173
141.296 -0.306437 0.306437 -9.38465 0.342173 1.01575 9.93021 0.0975857 -0.171348 -0.0818559
141.313 -0.306437 0.268133 -9.34634 0.409173 1.02413 9.9649 0.0943787 -0.172417 -0.0788016
141.329 -0.191523 0.268133 -9.42295 0.409173 1.08275 9.97208 0.090408 -0.176235 -0.0772744
141.346 -0.229828 0.306437 -9.11651 0.396012 1.08156 9.95174 0.0818559 -0.176845 -0.0813978
141.37 -0.344742 0.421352 -9.42295 0.442672 1.04207 9.96012 0.0705549 -0.175318 -0.0875064
141.387 -0.191523 0.268133 -9.38465 0.457029 0.905683 9.98524 0.0662789 -0.176387 -0.0836885
141.403 -0.459656 0.229828 -9.0016 0.457029 0.867398 9.96969 0.0676533 -0.172417 -0.076969
141.42 -0.191523 0.153219 -9.38465 0.392423 0.820738 9.96012 0.0719294 -0.173028 -0.0783434
141.437 -0.114914 0.229828 -9.46126 0.429512 0.848255 9.95055 0.0804815 -0.178067 -0.0835358
141.453 -0.229828 0.306437 -9.34634 0.489332 0.845862 9.92303 0.0829249 -0.180205 -0.0830777
141.47 -0.229828 0.191523 -9.42295 0.525224 0.860219 9.92901 0.0867428 -0.178067 -0.0820086
141.486 -0.268133 0.306437 -9.34634 0.489332 1.01097 9.94098 0.0881173 -0.174097 -0.0783434
141.503 -0.229828 0.383047 -9.42295 0.489332 1.07916 9.95414 0.0852157 -0.17318 -0.0806342
141.52 -0.268133 0.306437 -9.53786 0.506082 1.05523 9.93978 0.078038 -0.170889 -0.0859793
141.536 -0.229828 0.229828 -9.38465 0.521635 0.981057 9.95533 0.0743728 -0.170889 -0.0879646
141.553 -0.383047 0.268133 -9.49956 0.510867 0.865005 9.93859 0.0685696 -0.16753 -0.0809396
141.569 -0.229828 0.0766094 -9.42295 0.501296 0.848255 9.93021 0.0728457 -0.164934 -0.0754418
141.586 -0.344742 0.229828 -9.42295 0.528814 0.795613 9.93619 0.0736092 -0.15913 -0.0757473
141.603 -0.191523 0.191523 -9.19312 0.532403 0.818345 9.94576 0.0810924 -0.158214 -0.0865901
141.619 -0.344742 0.306437 -9.38465 0.535992 0.879362 9.97687 0.0844521 -0.154854 -0.0887282
141.636 -0.306437 0.268133 -9.38465 0.51685 0.911665 9.98524 0.0879646 -0.155771 -0.090408
141.652 -0.114914 0.344742 -9.15482 0.488136 0.973878 9.95294 0.0897971 -0.15516 -0.0905607
141.669 -0.191523 0.268133 -9.42295 0.451047 0.977468 9.89312 0.0855211 -0.152258 -0.0887282
141.686 -0.114914 0.114914 -9.42295 0.442672 0.982253 9.89193 0.0852157 -0.153022 -0.0899499
141.702 -0.153219 0.191523 -9.38465 0.429512 0.957129 9.9338 0.0824668 -0.152105 -0.0875064
141.719 -0.229828 0.268133 -9.46126 0.378066 0.910469 9.99123 0.0803288 -0.149051 -0.0820086
141.735 -0.383047 0.268133 -9.61448 0.370887 0.897308 9.98644 0.0852157 -0.155312 -0.0849102
141.752 -0.191523 0.268133 -9.38465 0.363709 0.891326 9.96132 0.087201 -0.159283 -0.0884227
141.769 -0.114914 0.191523 -8.92499 0.411565 0.872184 9.89432 0.0873537 -0.160963 -0.0884227
141.785 -0.229828 0.268133 -9.26973 0.442672 0.912862 9.86919 0.0913243 -0.162185 -0.08827
141.802 -0.0766094 0.268133 -9.34634 0.416351 0.937986 9.89312 0.08827 -0.159589 -0.0846048
141.818 -0.268133 0.229828 -9.34634 0.381655 0.994217 9.96969 0.0910189 -0.162337 -0.0823141
141.835 -0.191523 0.383047 -9.26973 0.336191 1.02772 10.008 0.0875064 -0.164628 -0.0781907
141.852 -0.306437 0.191523 -9.65278 0.340977 1.01934 9.9996 0.086132 -0.169057 -0.0784962
141.868 -0.191523 0.306437 -9.42295 0.376869 1.03011 9.9996 0.0821613 -0.170889 -0.081245
141.885 -0.306437 0.459656 -9.15482 0.42353 1.01456 9.95653 0.0798706 -0.173028 -0.0792598
141.901 -0.306437 0.344742 -9.38465 0.412762 1.00857 9.93739 0.0801761 -0.17486 -0.073762
141.918 -0.536266 0.191523 -9.26973 0.418744 0.991825 9.91824 0.0786489 -0.174707 -0.0749837
141.935 -0.153219 0.306437 -9.30804 0.433101 0.937986 9.95055 0.0759 -0.176235 -0.0774271
141.951 -0.344742 0.191523 -9.34634 0.479761 0.885344 9.9314 0.074831 -0.17654 -0.0781907
141.968 -0.306437 0.191523 -9.30804 0.476171 0.874577 9.89911 0.0794125 -0.178067 -0.0794125
141.984 -0.153219 0.268133 -9.30804 0.473779 0.863809 9.92662 0.0783434 -0.175013 -0.0725402
142.001 -0.268133 0.421352 -9.53786 0.473779 0.898505 9.98166 0.086132 -0.175624 -0.0719294
142.018 -0.268133 0.191523 -9.34634 0.463011 0.892523 10.0044 0.0887282 -0.174249 -0.0815505
142.034 -0.268133 0.306437 -9.07821 0.504885 0.9667 9.93859 0.0878119 -0.174402 -0.0813978
142.052 -0.383047 0.306437 -9.26973 0.568295 0.98345 9.89671 0.0887282 -0.171653 -0.0765108
142.068 -0.268133 0.306437 -9.30804 0.622134 0.971486 9.9338 0.0905607 -0.168446 -0.0755945
142.085 -0.383047 0.153219 -9.46126 0.612562 0.964307 9.96371 0.0885754 -0.16417 -0.0760527
142.102 -0.383047 0.268133 -9.49956 0.601795 0.896112 9.98405 0.0879646 -0.156687 -0.0766636
142.118 -0.191523 0.153219 -9.07821 0.549153 0.874577 9.92782 0.0907135 -0.149815 -0.0777326
142.135 -0.229828 0.229828 -9.30804 0.514457 0.888933 9.9015 0.0946841 -0.148898 -0.0815505
142.151 -0.191523 0.306437 -9.42295 0.410369 0.95354 9.93021 0.0981966 -0.151342 -0.0830777
142.168 -0.153219 0.421352 -9.03991 0.35653 1.05643 9.97807 0.0951423 -0.151495 -0.0777326
142.185 -0.229828 0.229828 -9.38465 0.372084 1.04447 9.97328 0.0926988 -0.155771 -0.0826195
142.201 -0.153219 0.383047 -9.69109 0.379262 1.06481 9.93021 0.0928515 -0.159741 -0.0832304
142.218 -0.153219 0.306437 -9.30804 0.415155 1.03609 9.88953 0.0868956 -0.158214 -0.0772744
142.234 -0.191523 0.344742 -9.34634 0.461814 0.990628 9.90389 0.0813978 -0.160963 -0.0762054
142.251 -0.191523 0.229828 -9.42295 0.44985 0.940379 9.9338 0.0807869 -0.162643 -0.0763581
142.268 -0.153219 0.114914 -9.34634 0.394816 0.867398 9.95174 0.0817032 -0.160199 -0.0736092
142.284 -0.0766094 0.114914 -9.15482 0.31346 0.884148 9.92423 0.0884227 -0.16249 -0.0743728
142.301 -0.191523 0.229828 -9.38465 0.306281 0.894915 9.9314 0.0945314 -0.170889 -0.0806342
142.317 -0.0383047 0.306437 -9.23143 0.339781 0.921237 9.92662 0.0946841 -0.173944 -0.086132
142.334 -0.268133 0.344742 -9.42295 0.409173 0.976271 9.9649 0.0983493 -0.180969 -0.0873537
142.351 -0.268133 0.344742 -9.42295 0.435494 0.995414 10.0044 0.101251 -0.182038 -0.0813978
142.366 -0.344742 0.344742 -9.46126 0.484546 1.06481 9.94576 0.102625 -0.184329 -0.0836885
142.382 -0.344742 0.344742 -9.38465 0.45344 1.09352 9.9015 0.0986547 -0.179747 -0.0797179
142.397 -0.114914 0.383047 -9.42295 0.413958 1.11984 9.88834 0.0975857 -0.18158 -0.0768163
142.412 -0.268133 0.497961 -9.38465 0.372084 1.10788 9.92184 0.0894917 -0.17822 -0.0671951
142.428 -0.344742 0.421352 -9.42295 0.351745 1.12822 9.9661 0.0852157 -0.185092 -0.0662789
142.443 -0.114914 0.191523 -9.42295 0.393619 1.066 9.97567 0.0818559 -0.18555 -0.0652099
142.459 -0.0383047 0.306437 -9.42295 0.422333 1.00738 9.92543 0.0788016 -0.191964 -0.071013
142.475 -0.0766094 0.268133 -9.30804 0.474975 0.978664 9.90748 0.0803288 -0.195171 -0.0754418
142.49 -0.306437 0.344742 -9.26973 0.541974 0.960718 9.87518 0.083994 -0.197768 -0.0760527
142.506 -0.229828 0.306437 -9.30804 0.583848 0.978664 9.8656 0.0835358 -0.194255 -0.0699441
143.133 -0.421352 0.344742 -9.53786 0.646062 1.15693 10.0714 0.0675006 -0.168446 -0.0781907
143.149 -0.383047 0.459656 -9.53786 0.644866 1.05404 10.0451 0.0623082 -0.165239 -0.0704022
143.166 -0.344742 0.268133 -9.38465 0.705882 0.912862 9.90748 0.0664316 -0.164781 -0.0736092
143.183 -0.536266 0.229828 -9.72939 0.692722 0.836291 9.89073 0.0734565 -0.159741 -0.0792598
143.199 -0.421352 0.229828 -9.34634 0.678365 0.821934 9.90269 0.0817032 -0.151342 -0.0879646
143.216 -0.306437 0.191523 -9.38465 0.61017 0.85663 9.92901 0.0902553 -0.151189 -0.0934624
143.232 -0.306437 0.306437 -9.03991 0.532403 1.0002 9.87877 0.0946841 -0.14279 -0.0931569
143.249 -0.191523 0.459656 -9.38465 0.445065 1.16291 9.87278 0.0991129 -0.148898 -0.0875064
143.266 -0.344742 0.536266 -9.07821 0.401994 1.23829 9.91705 0.0933096 -0.146913 -0.0829249
143.282 -0.191523 0.57457 -9.46126 0.342173 1.31964 9.98046 0.091477 -0.161574 -0.0855211
143.299 -0.229828 0.612875 -9.76769 0.398405 1.267 9.97089 0.0762054 -0.1715 -0.0806342
143.316 -0.191523 0.459656 -9.30804 0.467797 1.21316 9.95055 0.0733038 -0.176235 -0.079107
143.332 -0.344742 0.191523 -9.38465 0.586241 1.08754 9.89911 0.066737 -0.179747 -0.0757473
143.349 -0.536266 0.306437 -9.65278 0.631705 0.94995 9.89193 0.0661261 -0.175929 -0.0729984
143.365 -0.306437 0.0766094 -9.30804 0.642473 0.921237 9.89552 0.0739146 -0.176082 -0.0743728
143.382 -0.421352 0.344742 -9.30804 0.64008 0.92004 9.89312 0.0768163 -0.175624 -0.0784962
143.399 -0.306437 0.191523 -9.26973 0.64008 0.993021 9.85723 0.0858265 -0.173028 -0.0888809
143.415 -0.306437 0.421352 -9.34634 0.568295 1.07916 9.90748 0.0859793 -0.16753 -0.0875064
143.432 -0.459656 0.459656 -8.96329 0.540778 1.09591 9.96969 0.0826195 -0.166308 -0.0836885
143.448 -0.268133 0.344742 -9.42295 0.545563 1.08036 10.0104 0.0829249 -0.16921 -0.0827722
143.465 -0.536266 0.306437 -9.30804 0.597009 1.02413 9.94576 0.0859793 -0.170431 -0.0833831
143.482 -0.268133 0.383047 -9.23143 0.562313 1.02413 9.90509 0.0852157 -0.169668 -0.0797179
143.498 -0.306437 0.344742 -9.46126 0.544367 1.01097 9.83569 0.08827 -0.171653 -0.0760527
143.514 -0.344742 0.344742 -9.42295 0.533599 1.05523 9.85962 0.0922406 -0.173944 -0.0806342
143.529 -0.344742 0.306437 -9.61448 0.531206 1.07677 9.92184 0.0923933 -0.176235 -0.0794125
143.547 -0.268133 0.344742 -9.53786 0.532403 1.02413 10.0116 0.0910189 -0.178983 -0.0714712
143.563 -0.268133 0.306437 -9.0016 0.532403 1.04806 10.0271 0.0949895 -0.183718 -0.0704022
143.579 -0.306437 0.459656 -9.46126 0.514457 1.0672 9.95414 0.098502 -0.185092 -0.0752891
143.596 -0.268133 0.344742 -9.30804 0.557528 1.09113 9.82732 0.0969748 -0.184023 -0.0765108
143.612 -0.268133 0.344742 -8.84838 0.650847 1.12822 9.8321 0.0965167 -0.186925 -0.0759
143.629 -0.306437 0.383047 -9.34634 0.61017 1.12941 9.87398 0.0971275 -0.187688 -0.0742201
143.646 -0.65118 0.344742 -9.49956 0.638883 1.13898 9.94815 0.0956004 -0.187536 -0.0751364
143.662 -0.421352 0.459656 -9.42295 0.685544 1.21795 9.92423 0.0930042 -0.184329 -0.0739146
143.679 -0.497961 0.421352 -9.46126 0.760917 1.20598 9.91585 0.0876591 -0.1799 -0.0771217
143.695 -0.689484 0.383047 -9.07821 0.783649 1.16052 9.90748 0.0844521 -0.179442 -0.0829249
143.712 -0.612875 0.383047 -9.42295 0.885344 1.14018 9.98405 0.0804815 -0.170584 -0.0864374
143.729 -0.383047 0.268133 -9.53786 0.836291 1.08634 9.94457 0.081245 -0.15745 -0.081245
143.745 -0.383047 0.344742 -9.19312 0.811167 1.05643 9.90868 0.0832304 -0.14844 -0.090408
143.762 -0.344742 0.383047 -9.26973 0.697508 1.08395 9.84048 0.0823141 -0.143095 -0.0926988
143.778 -0.421352 0.306437 -9.42295 0.65324 1.10668 9.85364 0.0853684 -0.14279 -0.0894917
143.795 -0.421352 0.306437 -9.30804 0.659222 1.1318 9.91107 0.0846048 -0.140652 -0.089339
143.812 -0.229828 0.536266 -9.49956 0.585045 1.15932 10.0104 0.0849102 -0.136986 -0.0856738
143.828 -0.229828 0.383047 -9.49956 0.54676 1.1988 10.0044 0.0833831 -0.140041 -0.0815505
143.845 -0.268133 0.383047 -9.42295 0.502493 1.1988 9.91107 0.0813978 -0.14508 -0.0829249
143.861 -0.383047 0.268133 -9.26973 0.496511 1.20837 9.87398 0.0772744 -0.145997 -0.0806342
143.878 -0.268133 0.421352 -9.26973 0.495314 1.15214 9.88355 0.0723875 -0.14844 -0.0763581
143.895 -0.459656 0.459656 -9.23143 0.64008 1.13539 9.9015 0.0699441 -0.151647 -0.0855211
143.911 -0.191523 0.344742 -9.26973 0.435494 1.07079 9.92184 0.0691805 -0.151495 -0.085063
143.928 -0.344742 0.306437 -9.38465 0.608973 1.05643 9.91466 0.0671951 -0.154091 -0.0820086
143.944 -0.268133 0.497961 -9.30804 0.503689 0.987039 9.97089 0.0731511 -0.160047 -0.0875064
143.961 -0.229828 0.306437 -9.38465 0.605384 0.982253 9.97328 0.0774271 -0.160352 -0.0873537
143.977 -0.268133 0.229828 -9.38465 0.522831 0.969093 9.95414 0.0794125 -0.158367 -0.0879646
143.992 -0.268133 0.306437 -9.42295 0.464207 0.967896 9.90389 0.0873537 -0.16081 -0.0827722
144.008 -0.229828 0.191523 -8.96329 0.433101 0.994217 9.8656 0.0905607 -0.166003 -0.0830777
144.024 -0.268133 0.459656 -9.46126 0.447458 1.05165 9.87039 0.0959058 -0.174707 -0.0847575
144.041 -0.344742 0.421352 -9.30804 0.541974 1.11745 9.9015 0.0978911 -0.180511 -0.0876591
144.058 -0.306437 0.497961 -9.15482 0.582652 1.16411 9.90509 0.099571 -0.180053 -0.0913243
144.074 -0.383047 0.536266 -9.42295 0.655633 1.22632 9.90987 0.101556 -0.182801 -0.0916298
144.091 -0.421352 0.497961 -9.34634 0.643669 1.27059 9.94218 0.0917825 -0.175929 -0.0853684
144.107 -0.306437 0.536266 -9.46126 0.624527 1.28734 9.9649 0.0875064 -0.175013 -0.0788016
144.124 -0.229828 0.57457 -9.42295 0.565902 1.24905 9.93859 0.0846048 -0.175776 -0.0745255
144.141 -0.306437 0.65118 -9.26973 0.484546 1.24427 9.95533 0.0795652 -0.179136 -0.0777326
144.157 -0.268133 0.459656 -9.34634 0.494118 1.19163 9.91585 0.0725402 -0.181732 -0.073762
144.174 -0.229828 0.306437 -9.57617 0.515653 1.15813 9.88594 0.0707076 -0.184481 -0.0729984
144.191 -0.344742 0.306437 -9.34634 0.611366 1.0672 9.9003 0.0682642 -0.193033 -0.0806342
144.207 -0.344742 0.268133 -9.34634 0.732203 0.997807 9.92303 0.0742201 -0.192423 -0.0868956
144.224 -0.383047 0.383047 -9.15482 0.782453 0.988235 9.93978 0.0788016 -0.184939 -0.0870483
144.24 -0.536266 0.344742 -9.49956 0.82672 1.02532 9.89671 0.0821613 -0.179594 -0.0835358
144.257 -0.497961 0.344742 -9.30804 0.82672 1.06002 9.84287 0.0911716 -0.171042 -0.0827722
144.274 -0.497961 0.459656 -9.26973 0.731007 1.09831 9.83928 0.0943787 -0.164323 -0.0846048
144.29 -0.497961 0.497961 -9.38465 0.799202 1.28734 9.88116 0.0908662 -0.159436 -0.0901026
