1198.79 -0.0766094 0.383047 -9.72939 0.692722 0.441475 9.90748 0.00122173 -0.0917825 0.0389426
1198.81 -0.191523 0.383047 -9.46126 0.7334 0.440279 9.9015 0.000763581 -0.0945314 0.0436769
1198.82 -0.191523 0.421352 -9.72939 0.766899 0.447458 9.91705 0.000763581 -0.0920879 0.0510072
1198.84 -0.191523 0.459656 -9.76769 0.759721 0.454636 9.90389 0.00198531 -0.0943787 0.0511599
1198.86 -0.0383047 0.459656 -9.72939 0.711864 0.454636 9.90868 0.0 -0.0916298 0.0439823
1198.87 -0.114914 0.459656 -9.92091 0.692722 0.465404 9.91585 -0.000458149 -0.091477 0.0322231
1198.89 -0.114914 0.497961 -10.1507 0.601795 0.476171 9.91107 -0.00244346 -0.0876591 0.0354302
1198.91 -0.0383047 0.421352 -9.72939 0.624527 0.458225 9.90868 -0.000305433 -0.0922406 0.0481056
1198.92 -0.0383047 0.421352 -9.69109 0.689133 0.457029 9.92064 -0.000763581 -0.0934624 0.0583376
1198.94 -0.0766094 0.459656 -9.69109 0.685544 0.447458 9.91705 0.00167988 -0.096364 0.0598648
1198.95 0.0383047 0.268133 -9.72939 0.664008 0.411565 9.89791 0.000458149 -0.0949895 0.0464257
1198.97 -0.114914 0.57457 -9.88261 0.611366 0.441475 9.92901 -0.00152716 -0.0945314 0.0351248
1198.99 0.0383047 0.383047 -9.61448 0.581456 0.392423 9.91944 -0.00397062 -0.0884227 0.0351248
1199.0 0.0766094 0.306437 -9.72939 0.537189 0.362513 9.91824 -0.00213803 -0.0933096 0.0496328
1199.02 0.0 0.306437 -9.806 0.565902 0.344566 9.92423 -0.00106901 -0.0959058 0.0595593
1199.04 0.153219 0.344742 -10.0741 0.564706 0.35653 9.91824 0.00320704 -0.102931 0.0491747
1199.05 0.0766094 0.421352 -9.76769 0.537189 0.380459 9.92662 0.00213803 -0.100793 0.0397062
1199.07 0.0383047 0.383047 -9.72939 0.561117 0.411565 9.92184 0.00259618 -0.104153 0.0259618
1199.09 0.0 0.421352 -9.49956 0.564706 0.421137 9.92543 0.00198531 -0.104305 0.0334449
1199.1 0.0766094 0.421352 -9.46126 0.494118 0.451047 9.91107 0.00229074 -0.10568 0.0381791
1199.12 0.114914 0.497961 -9.806 0.43669 0.478564 9.93021 0.00229074 -0.105832 0.0424551
1199.14 0.153219 0.383047 -9.72939 0.471386 0.473779 9.92423 0.00305432 -0.109345 0.0423024
1199.15 0.229828 0.497961 -9.88261 0.489332 0.467797 9.89193 0.000305433 -0.106291 0.0438296
1199.17 0.0766094 0.459656 -9.76769 0.486939 0.519242 9.90389 0.00290161 -0.114843 0.0516181
1199.19 0.0 0.536266 -9.72939 0.504885 0.55992 9.90987 0.00167988 -0.112552 0.0536034
1199.2 0.114914 0.497961 -9.69109 0.506082 0.561117 9.90748 -0.000610865 -0.114843 0.0537561
1199.22 -0.0383047 0.344742 -9.8443 0.533599 0.538385 9.90987 -0.000763581 -0.116675 0.056505
1199.24 -0.153219 0.421352 -9.88261 0.600598 0.488136 9.91107 -0.00244346 -0.117133 0.06353
1199.25 -0.191523 0.306437 -9.76769 0.654437 0.446261 9.89791 0.00167988 -0.122631 0.0618501
1199.27 0.0 0.421352 -9.806 0.644866 0.45344 9.90628 0.000152716 -0.123853 0.0539089
1199.29 -0.0383047 0.459656 -9.806 0.691525 0.484546 9.89911 -0.00244346 -0.124006 0.0311541
1199.3 -0.114914 0.459656 -9.76769 0.696311 0.58983 9.89671 -0.00122173 -0.124158 0.0120646
1199.32 -0.114914 0.459656 -9.61448 0.638883 0.61017 9.90628 -0.00335976 -0.122784 0.00809396
1199.34 0.0766094 0.536266 -9.65278 0.575474 0.617348 9.89911 -0.00458149 -0.123242 0.0129809
1199.35 -0.153219 0.727789 -9.8443 0.594616 0.635294 9.90509 -0.00442877 -0.129809 0.0265726
1199.37 -0.114914 0.65118 -9.65278 0.575474 0.629312 9.9015 -0.00458149 -0.130725 0.0496328
1199.39 -0.0766094 0.497961 -9.72939 0.641276 0.54317 9.90628 -0.00855211 -0.124922 0.0676533
1199.4 -0.229828 0.383047 -9.65278 0.776471 0.415155 9.90868 -0.00366519 -0.133779 0.0878119
1199.42 -0.191523 0.383047 -9.8443 0.861416 0.407976 9.90509 -0.00397062 -0.131947 0.0868956
1199.44 -0.383047 0.344742 -9.57617 0.926022 0.421137 9.89312 -0.00580322 -0.130267 0.0760527
1199.45 -0.344742 0.383047 -9.65278 0.991825 0.435494 9.90628 -0.00671952 -0.127824 0.0407752
1199.47 -0.229828 0.383047 -9.76769 0.814756 0.443868 9.89312 -0.00534507 -0.130267 0.01237
1199.49 -0.229828 0.57457 -9.72939 0.748953 0.464207 9.88953 -0.00626137 -0.131183 0.00427606
1199.5 -0.383047 0.421352 -9.65278 0.790828 0.562313 9.89552 -0.00885754 -0.129503 0.00641408
1199.52 -0.306437 0.459656 -9.806 0.849452 0.539581 9.89193 -0.0065668 -0.134696 0.0221439
1199.53 -0.344742 0.57457 -9.69109 1.00259 0.541974 9.88834 -0.00733038 -0.131031 0.0578795
1199.55 -0.57457 0.497961 -9.69109 1.12822 0.567099 9.88834 -0.00580322 -0.132252 0.0760527
1199.57 -0.536266 0.421352 -9.92091 1.28136 0.514457 9.89312 -0.0065668 -0.132558 0.0980438
1199.58 -0.497961 0.383047 -9.65278 1.34237 0.42353 9.87996 -0.00687223 -0.124464 0.0926988
1199.6 -0.612875 0.421352 -9.72939 1.35434 0.398405 9.87518 -0.00824668 -0.121868 0.0584903
1199.62 -0.57457 0.268133 -9.92091 1.31964 0.267996 9.88116 -0.00916297 -0.12202 0.0398589
1199.63 -0.57457 0.153219 -9.76769 1.36989 0.142373 9.89552 -0.00794125 -0.122173 0.0172569
1199.65 -0.689484 0.306437 -9.57617 1.35434 0.204586 9.88594 -0.00442877 -0.114232 0.0065668
1199.67 -0.459656 0.421352 -9.72939 1.17966 0.337388 9.87278 -0.00503964 -0.111941 -0.00152716
1199.68 -0.459656 0.306437 -10.0358 1.04925 0.283549 9.90987 -0.00458149 -0.11469 -0.0148135
1199.7 -0.344742 0.268133 -9.72939 1.04806 0.267996 9.88475 -0.00244346 -0.109039 0.0203113
1199.72 -0.306437 0.306437 -9.69109 0.945165 0.253639 9.92423 -0.00137445 -0.104916 0.0436769
1199.73 -0.229828 0.344742 -9.57617 0.910469 0.264407 9.89911 0.00229074 -0.108581 0.0842994
1199.75 -0.536266 0.0766094 -9.8443 1.23948 0.16989 9.86321 0.00290161 -0.11133 0.111025
1199.77 -0.459656 0.229828 -9.49956 1.2682 0.191426 9.88355 0.00610865 -0.103847 0.0969748
1199.78 -0.57457 0.344742 -9.69109 1.11506 0.312263 9.88714 0.00901026 -0.106138 0.0751364
1199.8 -0.497961 0.421352 -9.69109 1.22871 0.290728 9.88594 0.00519235 -0.109192 0.0268781
1199.82 -0.612875 0.459656 -9.95922 1.29093 0.277567 9.89911 0.00687223 -0.101251 0.00534507
1199.83 -0.459656 0.306437 -9.65278 1.133 0.358923 9.88594 0.00626137 -0.100029 0.00977384
1199.85 -0.421352 0.383047 -9.88261 1.11745 0.380459 9.88714 0.00962113 -0.105374 0.0248928
1199.87 -0.536266 0.497961 -9.65278 1.16411 0.411565 9.9003 0.0103847 -0.10232 0.0375682
1199.88 -0.306437 0.268133 -9.92091 1.08754 0.385244 9.88714 0.00885754 -0.0980438 0.0438296
1199.9 -0.268133 0.383047 -9.72939 0.985843 0.352941 9.90269 0.0103847 -0.099571 0.0448986
1199.92 -0.229828 0.383047 -9.76769 0.896112 0.388834 9.89073 0.0119119 -0.0989602 0.0253509
1199.93 -0.229828 0.497961 -9.53786 0.875773 0.399601 9.91227 0.0103847 -0.0969748 0.0122173
1199.95 -0.268133 0.344742 -9.95922 0.891326 0.342173 9.89671 0.00931569 -0.0946841 0.0155771
1199.97 -0.344742 0.306437 -9.65278 0.954736 0.355334 9.88594 0.0103847 -0.0945314 0.0387899
1199.98 -0.306437 0.344742 -9.69109 0.963111 0.393619 9.88355 0.0146608 -0.0981966 0.0702495
1200.0 -0.459656 0.344742 -9.34634 0.965504 0.384048 9.88235 0.0177151 -0.102014 0.0728457
1200.02 -0.383047 0.383047 -9.57617 1.09232 0.386441 9.89911 0.0161879 -0.100182 0.0571159
1200.03 -0.268133 0.497961 -9.69109 1.05643 0.478564 9.88235 0.0167988 -0.0991129 0.0268781
1200.05 -0.306437 0.536266 -9.72939 0.977468 0.479761 9.88834 0.0163406 -0.097433 0.0200058
1200.06 -0.229828 0.459656 -9.65278 0.926022 0.587438 9.89552 0.0154243 -0.0937678 0.019395
1200.08 -0.421352 0.57457 -9.61448 1.01456 0.768096 9.89312 0.0154243 -0.0998765 0.0135917
1200.1 -0.306437 0.65118 -9.88261 1.02293 0.819541 9.87996 0.0120646 -0.0978911 0.00916297
1200.11 -0.383047 0.57457 -9.76769 1.03131 0.757328 9.89312 0.0116064 -0.101251 0.0129809
1200.13 -0.421352 0.57457 -9.57617 1.1677 0.66999 9.8656 0.0108429 -0.0983493 0.0448986
1200.15 -0.383047 0.497961 -9.72939 1.23589 0.641276 9.85125 0.0119119 -0.0977384 0.0810924
1200.16 -0.383047 0.536266 -9.61448 1.19521 0.522831 9.88475 0.01237 -0.0951423 0.099571
1200.18 -0.383047 0.459656 -9.61448 1.12463 0.521635 9.87398 0.00931569 -0.0885754 0.081245
1200.2 -0.459656 0.421352 -9.65278 1.26939 0.525224 9.87996 0.0065668 -0.0943787 0.033903
1200.21 -0.536266 0.459656 -9.69109 1.25743 0.482154 9.88116 0.00671952 -0.0917825 0.0163406
1200.23 -0.383047 0.306437 -9.95922 1.14497 0.467797 9.90987 0.00626137 -0.0859793 0.0126754
1200.25 -0.306437 -0.0383047 -9.53786 0.892523 -0.0801595 9.80578 0.00290161 -0.0844521 0.0222966
1200.26 -0.191523 -0.153219 -9.806 0.829113 -0.259621 9.81296 0.00717767 -0.086132 0.0180205
1200.28 -0.114914 0.229828 -9.72939 0.847059 0.211765 9.95892 0.0212276 -0.0867428 0.0392481
1200.3 -0.306437 0.383047 -9.46126 1.02652 0.357727 9.88116 0.0230602 -0.0920879 0.097433
1200.31 -0.459656 0.268133 -9.76769 0.958325 0.202193 9.92184 0.0239765 -0.0856738 0.101098
1200.33 0.0383047 0.383047 -9.53786 0.695115 0.327816 9.85723 0.0248928 -0.0844521 0.0777326
1200.34 -0.191523 0.268133 -9.95922 0.83988 0.379262 9.89911 0.0248928 -0.0937678 0.0329867
1200.36 -0.114914 0.306437 -9.65278 0.923629 0.345763 9.87159 0.0264199 -0.0954477 0.0164934
1200.38 -0.229828 0.383047 -9.57617 0.918843 0.467797 9.87518 0.0267254 -0.0936151 0.0163406
1200.39 -0.191523 0.459656 -9.53786 1.0349 0.478564 9.87398 0.030696 -0.0980438 0.0316123
1200.41 -0.383047 0.65118 -9.72939 0.973878 0.611366 9.86441 0.0264199 -0.0913243 0.0313068
1200.43 -0.0766094 0.612875 -9.65278 0.832702 0.705882 9.91107 0.0297797 -0.0931569 0.0267254
1200.44 -0.344742 0.689484 -9.53786 0.815952 0.781256 9.868 0.025809 -0.0907135 0.0357356
1200.46 -0.421352 0.842703 -9.46126 0.971486 0.915254 9.88235 0.0267254 -0.0983493 0.036041
1200.48 -0.459656 0.881008 -9.69109 1.06839 1.02532 9.88116 0.0268781 -0.100029 0.0314596
1200.49 -0.421352 0.727789 -9.61448 1.27059 1.01216 9.84646 0.0195477 -0.0972803 0.03711
1200.51 -0.306437 0.804398 -9.806 1.12822 0.867398 9.868 0.0187841 -0.0925461 0.0409279
1200.53 -0.421352 0.727789 -9.42295 1.03848 0.884148 9.85843 0.0164934 -0.0946841 0.0364992
1200.54 -0.344742 0.881008 -9.65278 1.12582 0.893719 9.87996 0.01237 -0.0923933 0.0335976
1200.56 -0.383047 0.689484 -9.53786 1.13659 0.821934 9.87398 0.0109956 -0.0916298 0.0413861
1200.58 -0.459656 0.65118 -9.42295 1.08514 0.825523 9.87996 0.0111483 -0.0897971 0.0587958
1200.59 -0.459656 0.689484 -9.72939 1.15095 0.837488 9.86441 0.0103847 -0.0896445 0.0693332
1200.61 -0.536266 0.689484 -9.8443 1.20837 0.759721 9.88235 0.00778853 -0.0858265 0.0788016
1200.62 -0.612875 0.57457 -9.57617 1.15095 0.646062 9.87398 0.00641408 -0.0870483 0.0675006
1200.64 -0.344742 0.536266 -9.69109 1.10429 0.622134 9.85005 0.00595593 -0.0864374 0.0606284
1200.66 -0.344742 0.612875 -9.61448 1.01695 0.637687 9.88714 0.00366519 -0.0842994 0.0435241
1200.67 -0.306437 0.727789 -9.99752 0.985843 0.617348 9.87757 0.00534507 -0.0844521 0.0335976
1200.69 -0.344742 0.497961 -9.76769 0.940379 0.595813 9.87757 0.00610865 -0.0855211 0.0398589
1200.71 -0.229828 0.459656 -9.65278 0.927218 0.514457 9.88834 0.0056505 -0.0855211 0.0487165
1200.72 -0.268133 0.536266 -9.72939 0.961914 0.491725 9.87757 0.00671952 -0.0841467 0.0632245
1200.74 -0.306437 0.421352 -9.69109 0.970289 0.490529 9.88594 0.00794125 -0.0838412 0.0633773
1200.76 -0.459656 0.497961 -9.69109 0.985843 0.504885 9.87637 0.00885754 -0.0844521 0.0607811
1200.77 -0.268133 0.421352 -9.72939 1.06241 0.507278 9.8668 0.0129809 -0.0887282 0.0591012
1200.79 -0.383047 0.57457 -9.69109 1.07198 0.520439 9.87637 0.00931569 -0.0835358 0.0558941
1200.8 -0.383047 0.57457 -9.46126 1.04925 0.497707 9.88594 0.0103847 -0.0817032 0.0511599
1200.82 -0.306437 0.536266 -9.57617 1.02891 0.480957 9.87637 0.0132863 -0.0879646 0.0363465
1200.84 -0.421352 0.536266 -9.61448 0.99661 0.573081 9.88953 0.0135917 -0.086132 0.0273362
1200.85 -0.268133 0.421352 -9.65278 0.984646 0.556331 9.88475 0.0152716 -0.0849102 0.033903
1200.87 -0.153219 0.459656 -9.88261 0.948754 0.528814 9.87757 0.0135917 -0.0789543 0.0526871
1200.89 -0.344742 0.612875 -9.806 0.882951 0.666401 9.87757 0.0171042 -0.0832304 0.0612392
1200.9 -0.421352 0.57457 -9.76769 0.866202 0.685544 9.88953 0.0166461 -0.083994 0.0394008
1200.92 -0.191523 0.65118 -9.92091 0.734596 0.741775 9.88116 0.0143553 -0.0817032 0.0284052
1200.94 -0.344742 0.727789 -9.42295 0.943968 0.691525 9.88116 0.0125227 -0.0917825 0.0342084
1200.95 -0.344742 0.536266 -9.57617 0.985843 0.613759 9.88475 0.0119119 -0.0899499 0.0499382
1200.97 -0.459656 0.612875 -9.61448 0.880558 0.632901 9.84167 0.0129809 -0.0830777 0.0687223
1200.99 -0.383047 0.459656 -9.806 0.961914 0.547956 9.87757 0.0154243 -0.0891863 0.0723875
1201.0 -0.383047 0.421352 -9.76769 0.997807 0.476171 9.87518 0.0163406 -0.0873537 0.0714712
1201.02 -0.344742 0.383047 -9.88261 0.975075 0.471386 9.87757 0.0146608 -0.0836885 0.068875
1201.03 -0.459656 0.421352 -9.65278 1.05045 0.403191 9.87637 0.0161879 -0.0870483 0.0542143
1201.05 -0.459656 0.306437 -9.57617 1.06361 0.391226 9.86919 0.0187841 -0.0891863 0.0213803
1201.07 -0.421352 0.268133 -9.65278 1.09352 0.278764 9.86201 0.020464 -0.0884227 0.00381791
1201.08 -0.421352 0.114914 -9.46126 1.09113 0.278764 9.86441 0.0230602 -0.0865901 -0.00671952
1201.1 -0.459656 0.306437 -9.72939 1.05763 0.297906 9.8668 0.0273362 -0.0856738 0.0129809
1201.12 -0.268133 0.383047 -9.57617 1.01695 0.342173 9.86321 0.0294742 -0.083994 0.0305433
1201.13 -0.191523 0.459656 -9.8443 0.909272 0.460618 9.87877 0.0323759 -0.0838412 0.0508545
1201.15 -0.306437 0.421352 -9.806 0.924826 0.488136 9.87039 0.0348193 -0.0842994 0.0476475
1201.17 -0.383047 0.497961 -9.65278 0.945165 0.515653 9.87039 0.0361938 -0.0865901 0.0316123
1201.18 -0.383047 0.612875 -9.69109 1.02891 0.614955 9.85843 0.0397062 -0.0907135 0.0282525
1201.2 -0.421352 0.57457 -9.61448 1.1007 0.628116 9.85962 0.03711 -0.0875064 0.0248928
1201.22 -0.459656 0.459656 -9.72939 1.13539 0.625723 9.86321 0.0358883 -0.0817032 0.0323759
1201.23 -0.306437 0.536266 -9.72939 1.11027 0.661615 9.84885 0.0383318 -0.0847575 0.0313068
1201.25 -0.421352 0.65118 -9.57617 1.07557 0.649651 9.86082 0.0383318 -0.0841467 0.0357356
1201.27 -0.344742 0.612875 -9.72939 0.977468 0.713061 9.87159 0.0403171 -0.0807869 0.0378736
1201.28 -0.306437 0.689484 -9.69109 0.961914 0.717846 9.88116 0.0392481 -0.0806342 0.0392481
1201.3 -0.421352 0.57457 -9.61448 1.07318 0.674776 9.84646 0.0421497 -0.0844521 0.0375682
1201.32 -0.57457 0.57457 -9.92091 1.11266 0.696311 9.86441 0.0409279 -0.0801761 0.0392481
1201.33 -0.536266 0.497961 -9.38465 1.10788 0.636491 9.84646 0.0426078 -0.0788016 0.054367
1201.35 -0.536266 0.536266 -9.61448 0.978664 0.662812 9.86201 0.0444404 -0.0797179 0.0539089
1201.37 -0.306437 0.57457 -9.806 0.97986 0.671186 9.86321 0.0410807 -0.0781907 0.0484111
1201.38 -0.344742 0.612875 -9.30804 1.03131 0.655633 9.85603 0.0453567 -0.0789543 0.0310014
1201.4 -0.344742 0.57457 -9.72939 1.07198 0.74656 9.84646 0.0448986 -0.0771217 0.0271835
1201.41 -0.459656 0.57457 -9.61448 1.03131 0.744168 9.85364 0.045204 -0.0755945 0.0403171
1201.43 -0.383047 0.65118 -9.76769 1.07557 0.732203 9.8321 0.0455095 -0.0725402 0.0468839
1201.45 -0.421352 0.65118 -9.61448 1.11984 0.765703 9.85484 0.0476475 -0.0746782 0.0586431
1201.46 -0.383047 0.57457 -9.69109 1.08634 0.764507 9.84048 0.0467312 -0.0733038 0.0478002
1201.48 -0.306437 0.842703 -9.8443 1.0672 0.833898 9.84048 0.0493274 -0.0740674 0.034972
1201.49 -0.306437 0.804398 -9.34634 1.01456 0.975075 9.85364 0.0494801 -0.0734565 0.0303905
1201.51 -0.383047 0.804398 -9.61448 0.947557 0.948754 9.85843 0.0464257 -0.0745255 0.0352775
1201.53 -0.268133 0.842703 -9.69109 0.941576 0.972682 9.85843 0.047342 -0.0739146 0.046273
1201.54 -0.268133 0.804398 -9.42295 0.947557 0.965504 9.84526 0.046273 -0.0711658 0.0526871
1201.56 -0.268133 0.804398 -9.61448 0.876969 0.866202 9.85244 0.0438296 -0.0681114 0.0615447
1201.58 -0.268133 0.766094 -9.72939 0.845862 0.841077 9.84885 0.0459676 -0.071013 0.0548251
1201.59 -0.268133 0.689484 -9.65278 0.811167 0.885344 9.85125 0.0488692 -0.0765108 0.0479529
1201.61 -0.306437 0.727789 -9.76769 0.800399 0.87338 9.85364 0.0453567 -0.0734565 0.0406225
1201.63 -0.191523 0.766094 -9.69109 0.766899 0.888933 9.85125 0.0455095 -0.0711658 0.0455095
1201.64 -0.153219 0.881008 -9.76769 0.750149 0.960718 9.84167 0.0491747 -0.073762 0.0485638
1201.66 -0.114914 0.842703 -9.69109 0.754935 0.994217 9.85603 0.0491747 -0.0807869 0.0546724
1201.68 -0.0383047 0.881008 -9.65278 0.764507 1.0337 9.85603 0.045204 -0.0746782 0.0487165
1201.69 -0.191523 1.07253 -9.69109 0.751346 1.06002 9.84646 0.0456622 -0.078038 0.0352775
1201.71 -0.229828 0.957617 -9.53786 0.714257 1.07318 9.84287 0.0461203 -0.0813978 0.0322231
1201.73 -0.114914 0.919312 -9.65278 0.723829 1.04327 9.84766 0.0448986 -0.0815505 0.036041
1201.74 -0.0766094 1.07253 -9.61448 0.736989 1.04806 9.84407 0.045204 -0.0815505 0.0435241
1201.76 -0.153219 0.919312 -9.69109 0.735793 1.07797 9.84646 0.0448986 -0.0827722 0.0471893
1201.77 -0.0766094 0.957617 -9.76769 0.714257 1.09831 9.8333 0.0448986 -0.0842994 0.0516181
1201.79 -0.153219 1.07253 -9.53786 0.68674 1.13779 9.85005 0.0453567 -0.0836885 0.0516181
1201.81 -0.114914 1.07253 -9.57617 0.673579 1.13539 9.85244 0.0442877 -0.0878119 0.044135
1201.82 0.0 1.03423 -9.34634 0.655633 1.13061 9.84885 0.0424551 -0.0905607 0.0300851
1201.84 -0.0383047 1.07253 -9.49956 0.690329 1.15932 9.83928 0.0403171 -0.0907135 0.0300851
1201.86 -0.153219 1.14914 -9.57617 0.695115 1.14138 9.84167 0.0398589 -0.0911716 0.0421497
1201.87 -0.0383047 0.957617 -9.76769 0.727418 1.12582 9.85723 0.0398589 -0.0896445 0.047342
1201.89 -0.229828 0.919312 -9.57617 0.790828 1.12702 9.83809 0.0401644 -0.0956004 0.052229
1201.91 -0.421352 0.995922 -9.61448 0.821934 1.10788 9.8333 0.0369573 -0.0901026 0.0485638
1201.92 -0.153219 0.919312 -9.65278 0.768096 1.07438 9.84287 0.0394008 -0.0968221 0.0410807
1201.94 -0.191523 0.957617 -9.806 0.812363 1.09591 9.84287 0.0383318 -0.0960585 0.0407752
1201.96 -0.191523 1.03423 -9.65278 0.854237 1.09591 9.8345 0.0387899 -0.0981966 0.0481056
1201.97 -0.306437 0.919312 -9.61448 0.833898 1.08873 9.83689 0.0364992 -0.0920879 0.0551306
1201.99 -0.0766094 1.03423 -9.69109 0.823131 1.06122 9.84766 0.0372628 -0.0930042 0.0633773
1202.01 -0.268133 0.957617 -9.69109 0.880558 1.06839 9.84167 0.0378736 -0.0931569 0.0591012
1202.02 -0.114914 0.957617 -9.69109 0.874577 1.07198 9.8333 0.0369573 -0.0919352 0.0523817
1202.04 -0.306437 0.957617 -9.69109 0.841077 1.07198 9.82971 0.0384845 -0.0943787 0.0432187
1202.06 -0.344742 1.07253 -9.61448 0.841077 1.06002 9.84048 0.0363465 -0.0926988 0.0448986
1202.07 -0.306437 0.881008 -9.57617 0.863809 1.07438 9.84048 0.0374155 -0.0942259 0.047342
1202.09 -0.229828 1.03423 -9.61448 0.867398 1.11864 9.83091 0.03711 -0.0922406 0.047342
1202.11 -0.268133 1.11084 -9.57617 0.881755 1.14616 9.82851 0.041997 -0.100182 0.0435241
1202.12 -0.306437 1.03423 -9.57617 0.933201 1.14855 9.82612 0.0381791 -0.0940732 0.0464257
1202.14 -0.459656 0.995922 -9.72939 0.961914 1.16411 9.8321 0.0412334 -0.0971275 0.0456622
1202.15 -0.344742 1.07253 -9.65278 0.984646 1.20479 9.82732 0.0412334 -0.0977384 0.0493274
1202.17 -0.344742 1.07253 -9.61448 0.993021 1.27418 9.82134 0.0404698 -0.0959058 0.0444404
1202.19 -0.383047 1.11084 -9.72939 1.02652 1.29332 9.82014 0.0368046 -0.0931569 0.0426078
1202.2 -0.344742 1.22575 -9.8443 1.05045 1.29811 9.82732 0.0392481 -0.0975857 0.0406225
1202.22 -0.344742 1.11084 -9.65278 1.01097 1.3328 9.82373 0.034972 -0.0926988 0.0412334
1202.24 -0.306437 1.26405 -9.57617 0.971486 1.29811 9.8321 0.0374155 -0.0960585 0.0364992
1202.25 -0.536266 1.11084 -9.23143 1.08395 1.29332 9.82014 0.0342084 -0.0907135 0.0445931
1202.27 -0.344742 1.11084 -9.806 1.12223 1.29332 9.8333 0.0325286 -0.0881173 0.0545197
1202.29 -0.536266 1.11084 -9.53786 1.07677 1.27896 9.82732 0.0320704 -0.0862847 0.0569632
1202.3 -0.421352 1.37897 -9.42295 1.05045 1.31246 9.82492 0.0331394 -0.08827 0.0514654
1202.32 -0.459656 1.22575 -9.49956 1.11506 1.35075 9.82492 0.0319177 -0.0868956 0.0389426
1202.33 -0.383047 1.26405 -9.61448 1.06002 1.34596 9.8333 0.0314596 -0.0833831 0.0386372
1202.35 -0.344742 1.22575 -9.38465 1.01216 1.36271 9.82253 0.0320704 -0.085063 0.0427606
1202.37 -0.459656 1.30236 -9.61448 1.0672 1.41176 9.82492 0.0288634 -0.0818559 0.0545197
1202.38 -0.421352 1.34066 -9.49956 1.02652 1.45005 9.82253 0.0274889 -0.0838412 0.0531453
1202.4 -0.229828 1.45558 -9.65278 0.970289 1.48116 9.82014 0.0294742 -0.0849102 0.0517708
1202.42 -0.306437 1.41727 -9.53786 1.00379 1.51226 9.82492 0.0255036 -0.0841467 0.0464257
1202.43 -0.306437 1.34066 -9.57617 0.945165 1.51226 9.82971 0.0216857 -0.079107 0.0464257
1202.45 -0.383047 1.34066 -9.53786 0.888933 1.5003 9.82492 0.0232129 -0.0821613 0.0433714
1202.47 -0.344742 1.37897 -9.57617 0.893719 1.54696 9.82612 0.0195477 -0.0824668 0.0439823
1202.48 -0.229828 1.49388 -9.806 0.929611 1.56012 9.82492 0.0163406 -0.0804815 0.0487165
1202.5 -0.306437 1.30236 -9.65278 0.893719 1.54217 9.81894 0.0163406 -0.0810924 0.0620028
1202.52 -0.268133 1.34066 -9.61448 0.849452 1.52542 9.82612 0.0140499 -0.0810924 0.0636827
1202.53 -0.268133 1.37897 -9.65278 0.865005 1.5003 9.82373 0.0126754 -0.0820086 0.0526871
1202.55 -0.306437 1.37897 -9.46126 0.874577 1.49192 9.82492 0.00916297 -0.0800233 0.0461203
1202.57 -0.344742 1.22575 -9.57617 0.861416 1.44885 9.82612 0.00824668 -0.0807869 0.0455095
1202.58 -0.153219 1.26405 -9.806 0.815952 1.42851 9.82612 0.00885754 -0.0823141 0.0537561
1202.6 -0.114914 1.34066 -9.76769 0.824327 1.4333 9.82732 0.00763582 -0.0813978 0.0595593
1202.62 -0.268133 1.30236 -9.53786 0.837488 1.45843 9.81775 0.00839939 -0.0817032 0.0621555
1202.63 -0.153219 1.22575 -9.61448 0.789631 1.44407 9.83091 0.00671952 -0.0832304 0.0587958
1202.65 0.0383047 1.41727 -9.53786 0.757328 1.42971 9.81416 0.0056505 -0.0827722 0.0485638
1202.66 -0.191523 1.34066 -9.57617 0.758524 1.44646 9.82492 0.00458149 -0.0847575 0.0386372
1202.68 -0.114914 1.30236 -9.65278 0.70349 1.40339 9.82492 0.00244346 -0.0852157 0.0386372
1202.7 -0.114914 1.34066 -9.49956 0.720239 1.39382 9.82851 0.000610865 -0.0867428 0.0423024
1202.71 -0.191523 1.41727 -9.65278 0.739382 1.40698 9.82732 0.00320704 -0.0891863 0.0508545
1202.73 -0.229828 1.11084 -9.61448 0.747757 1.40698 9.82373 0.00229074 -0.0931569 0.0542143
1202.75 -0.153219 1.18745 -9.57617 0.72981 1.31844 9.82732 0.00335976 -0.0954477 0.0560469
1202.76 -0.191523 1.22575 -9.49956 0.784845 1.2658 9.82612 -0.000763581 -0.0891863 0.0583376
1202.78 -0.306437 1.07253 -9.61448 0.800399 1.21914 9.82612 -0.00244346 -0.08827 0.0603229
1202.8 -0.0383047 1.03423 -9.57617 0.802792 1.14855 9.82732 0.000152716 -0.0926988 0.0610865
1202.81 -0.114914 1.07253 -9.76769 0.805184 1.13779 9.82971 0.00106901 -0.0945314 0.0542143
1202.83 -0.268133 1.03423 -9.34634 0.811167 1.12463 9.82612 0.00229074 -0.0920879 0.0478002
1202.85 -0.268133 1.03423 -9.8443 0.847059 1.08156 9.82851 0.0018326 -0.0919352 0.0433714
1202.86 -0.268133 0.957617 -9.61448 0.867398 1.07916 9.82732 0.00381791 -0.0934624 0.0433714
1202.88 -0.229828 1.07253 -9.46126 0.879362 1.08514 9.82612 0.00717767 -0.0957531 0.0433714
1202.9 -0.191523 0.766094 -9.49956 0.881755 1.06481 9.82373 0.00870483 -0.0956004 0.0416915
1202.91 -0.191523 0.881008 -9.69109 0.926022 1.07557 9.82492 0.00717767 -0.0897971 0.0470366
1202.93 -0.153219 0.957617 -9.57617 0.946361 1.08156 9.82492 0.0116064 -0.095295 0.0482583
1202.95 -0.268133 0.995922 -9.65278 0.964307 1.09472 9.82492 0.011301 -0.0919352 0.0516181
1202.96 -0.459656 0.995922 -9.61448 1.01934 1.13898 9.81655 0.0142026 -0.0948368 0.0552833
1202.98 -0.344742 1.07253 -9.65278 1.07198 1.18325 9.82373 0.0166461 -0.0942259 0.0561996
1203.0 -0.306437 0.995922 -9.46126 1.0672 1.19282 9.82253 0.0178678 -0.0910189 0.0546724
1203.01 -0.344742 1.11084 -9.65278 1.07797 1.22034 9.82253 0.0216857 -0.0968221 0.0528398
1203.03 -0.306437 1.14914 -9.49956 1.11147 1.26102 9.82612 0.0183259 -0.0890336 0.0491747
1203.04 -0.536266 1.14914 -9.57617 1.0995 1.30887 9.7998 0.019395 -0.089339 0.0442877
1203.06 -0.383047 1.22575 -9.61448 1.0995 1.32323 9.82492 0.0181732 -0.0878119 0.0407752
1203.08 -0.229828 1.34066 -9.72939 1.07318 1.38305 9.82014 0.0172569 -0.0830777 0.0415388
1203.09 -0.306437 1.34066 -9.49956 1.05165 1.42253 9.81535 0.0161879 -0.0827722 0.045204
1203.11 -0.268133 1.41727 -9.65278 1.06361 1.42612 9.81535 0.0175624 -0.0827722 0.0474948
1203.13 -0.421352 1.30236 -9.61448 1.11147 1.44287 9.7998 0.0174097 -0.0813978 0.0569632
1203.14 -0.497961 1.26405 -9.69109 1.14497 1.40698 9.81775 0.0184787 -0.0821613 0.0572686
1203.16 -0.383047 1.30236 -9.61448 1.13061 1.41057 9.7998 0.0175624 -0.0772744 0.0493274
1203.18 -0.383047 1.41727 -9.61448 1.05643 1.50748 9.82492 0.0189368 -0.079107 0.0369573
1203.2 -0.459656 1.45558 -9.53786 1.00977 1.62951 9.81416 0.0114537 -0.0740674 0.0222966
1203.22 -0.459656 1.57049 -9.69109 1.0002 1.66421 9.7986 0.0116064 -0.0775799 0.0262672
1203.23 -0.306437 1.49388 -9.57617 0.972682 1.69053 9.81894 0.0103847 -0.0752891 0.0416915
1203.25 -0.421352 1.57049 -9.53786 0.958325 1.66062 9.801 0.00641408 -0.073762 0.0517708
1203.27 -0.383047 1.49388 -9.57617 0.963111 1.62951 9.80578 0.00778853 -0.0745255 0.0482583
1203.28 -0.497961 1.6088 -9.57617 0.942772 1.6331 9.81894 0.00702495 -0.0766636 0.0397062
1203.3 -0.306437 1.6088 -9.61448 0.917647 1.6678 9.82014 0.00152716 -0.0722348 0.032834
1203.32 -0.229828 1.6088 -9.65278 0.897308 1.73001 9.80698 -0.000305433 -0.0726929 0.0331394
1203.33 -0.229828 1.57049 -9.65278 0.899701 1.7671 9.80937 -0.00152716 -0.0697913 0.0364992
1203.35 -0.268133 1.6471 -9.806 0.937986 1.71087 9.81894 -0.00702495 -0.0697913 0.0529926
1203.37 -0.306437 1.68541 -9.65278 0.928415 1.67139 9.81416 -0.0065668 -0.0714712 0.0572686
1203.38 -0.229828 1.6088 -9.65278 0.869791 1.67976 9.801 -0.00839939 -0.067806 0.0508545
1203.4 -0.306437 1.49388 -9.57617 0.795613 1.66899 9.81535 -0.0129809 -0.0671951 0.031765
1203.42 -0.229828 1.53219 -9.53786 0.775274 1.6678 9.81176 -0.0146608 -0.0714712 0.0143553
1203.43 -0.0383047 1.57049 -9.53786 0.71665 1.70249 9.82253 -0.0163406 -0.0705549 0.0192422
1203.45 -0.191523 1.57049 -9.92091 0.637687 1.6331 9.84646 -0.0167988 -0.0717766 0.0244346
1203.47 -0.0766094 1.53219 -9.46126 0.690329 1.61037 9.7675 -0.0192422 -0.0723875 0.0358883
1203.48 -0.229828 1.30236 -9.69109 0.735793 1.54098 9.82612 -0.0203113 -0.0762054 0.0598648
1203.5 -0.0383047 1.26405 -9.65278 0.713061 1.40578 9.79023 -0.0238237 -0.0696386 0.068875
1203.51 -0.153219 1.11084 -9.69109 0.71665 1.32682 9.83569 -0.0219911 -0.0713185 0.0665843
1203.53 -0.0766094 1.03423 -9.49956 0.684347 1.23589 9.82373 -0.0233656 -0.0742201 0.0415388
1203.55 0.0 1.11084 -9.57617 0.629312 1.23589 9.80937 -0.0232129 -0.0742201 0.0294742
1203.56 -0.0383047 1.07253 -9.806 0.577866 1.29571 9.82851 -0.0178678 -0.0829249 0.0172569
1203.58 0.0383047 1.14914 -9.57617 0.568295 1.28973 9.82014 -0.0198531 -0.0809396 0.02474
1203.6 -0.0383047 1.14914 -9.57617 0.507278 1.28016 9.83091 -0.0189368 -0.0807869 0.0311541
1203.61 -0.0383047 1.07253 -9.92091 0.437886 1.26221 9.82612 -0.0198531 -0.0813978 0.0447459
1203.63 0.306437 1.07253 -9.57617 0.376869 1.21436 9.8333 -0.0169515 -0.087201 0.0455095
1203.65 0.229828 0.995922 -9.38465 0.357727 1.19521 9.82612 -0.0164934 -0.0890336 0.0421497
1203.66 0.191523 1.18745 -9.38465 0.349352 1.26461 9.82612 -0.0164934 -0.0899499 0.0377209
1203.68 0.153219 1.11084 -9.65278 0.384048 1.29571 9.82971 -0.0140499 -0.0989602 0.0476475
1203.7 0.153219 1.18745 -9.65278 0.387637 1.27418 9.82612 -0.0163406 -0.0948368 0.055436
1203.71 0.229828 1.26405 -9.65278 0.37328 1.27657 9.82851 -0.0151189 -0.100487 0.0595593
1203.73 0.306437 1.07253 -9.65278 0.378066 1.25743 9.82612 -0.0152716 -0.103236 0.052229
1203.74 0.191523 0.995922 -9.49956 0.398405 1.22991 9.81894 -0.0119119 -0.11133 0.0421497
1203.76 0.0766094 1.11084 -9.49956 0.445065 1.23709 9.82732 -0.0125227 -0.109956 0.0444404
1203.78 0.114914 1.03423 -9.57617 0.458225 1.26102 9.82612 -0.0132863 -0.10965 0.0511599
1203.79 0.114914 1.26405 -9.69109 0.4666 1.27657 9.82732 -0.00992656 -0.116523 0.0491747
1203.81 -0.114914 1.34066 -9.806 0.504885 1.31605 9.82612 -0.01237 -0.115759 0.0471893
1203.82 -0.114914 1.14914 -9.65278 0.57667 1.334 9.82612 -0.0128282 -0.116675 0.0470366
1203.84 0.0383047 1.18745 -9.61448 0.59342 1.34716 9.82971 -0.0116064 -0.121257 0.0458149
1203.86 0.153219 1.26405 -9.61448 0.648455 1.36869 9.82373 -0.0103847 -0.124158 0.0513127
1203.87 -0.191523 1.30236 -9.57617 0.692722 1.37109 9.82492 -0.0122173 -0.122326 0.0557414
1203.89 -0.153219 1.34066 -9.61448 0.713061 1.39023 9.82732 -0.0125227 -0.123242 0.0534507
1203.9 -0.153219 1.18745 -9.92091 0.741775 1.41775 9.82492 -0.014508 -0.121715 0.0514654
1203.92 -0.191523 1.34066 -9.76769 0.792024 1.42134 9.82492 -0.0137445 -0.126144 0.0467312
1203.93 -0.229828 1.34066 -9.65278 0.836291 1.45364 9.82014 -0.0138972 -0.129503 0.0490219
1203.95 -0.229828 1.18745 -9.65278 0.833898 1.468 9.82612 -0.0148135 -0.128282 0.0442877
1203.96 -0.268133 1.37897 -9.46126 0.845862 1.48116 9.81775 -0.0152716 -0.129045 0.041997
1203.98 -0.229828 1.26405 -9.69109 0.90329 1.49192 9.82373 -0.0183259 -0.129351 0.0387899
1204.59 -0.344742 1.18745 -9.61448 1.02173 1.32682 9.82612 -0.101404 -0.0951423 0.0514654
1204.61 -0.268133 1.14914 -9.69109 1.02173 1.29093 9.82612 -0.103083 -0.095295 0.052229
1204.62 -0.421352 0.995922 -9.76769 0.981057 1.22154 9.82851 -0.106596 -0.0891863 0.0406225
1204.64 -0.344742 1.03423 -9.806 0.969093 1.18205 9.82492 -0.105985 -0.097433 0.0238237
1204.66 -0.344742 0.919312 -9.57617 0.960718 1.11625 9.82971 -0.107665 -0.0954477 0.0219911
1204.67 -0.306437 0.842703 -9.65278 0.926022 0.957129 9.8321 -0.108734 -0.0977384 0.0251982
1204.69 -0.306437 0.689484 -9.65278 0.946361 0.857827 9.82851 -0.108581 -0.0968221 0.0418443
1204.71 -0.383047 0.689484 -9.46126 0.937986 0.823131 9.83091 -0.107207 -0.0971275 0.0589485
1204.72 -0.344742 0.65118 -9.61448 0.97986 0.7334 9.82851 -0.105527 -0.0989602 0.0613919
1204.74 -0.344742 0.57457 -9.69109 0.961914 0.650847 9.83091 -0.106138 -0.0978911 0.0581849
1204.76 -0.306437 0.344742 -9.49956 0.947557 0.538385 9.84646 -0.102931 -0.0998765 0.054367
1204.77 -0.383047 0.421352 -9.69109 0.943968 0.485743 9.83689 -0.101709 -0.102625 0.0507018
1204.79 -0.421352 0.421352 -9.69109 0.879362 0.44985 9.85364 -0.0992656 -0.102625 0.0413861
1204.81 -0.268133 0.421352 -9.65278 0.867398 0.388834 9.86201 -0.0951423 -0.106596 0.033903
1204.82 -0.421352 0.268133 -9.42295 0.876969 0.342173 9.84526 -0.0920879 -0.102778 0.0357356
1204.84 -0.191523 0.268133 -9.69109 0.894915 0.277567 9.86201 -0.0920879 -0.102625 0.0395535
1204.86 -0.191523 0.306437 -9.49956 0.845862 0.290728 9.85125 -0.0858265 -0.105527 0.0479529
1204.87 -0.114914 0.306437 -9.53786 0.783649 0.300299 9.85364 -0.0824668 -0.106443 0.0481056
1204.89 -0.0766094 0.383047 -9.806 0.687936 0.302692 9.85364 -0.0801761 -0.109803 0.0424551
1204.91 -0.0766094 0.344742 -9.72939 0.652044 0.332602 9.84646 -0.0784962 -0.108123 0.0392481
1204.92 -0.0383047 0.306437 -9.69109 0.744168 0.315852 9.85484 -0.073762 -0.112705 0.0525344
1204.94 -0.306437 0.344742 -9.61448 0.800399 0.295514 9.868 -0.068875 -0.115301 0.0612392
1204.96 -0.268133 0.344742 -9.95922 0.83988 0.29671 9.87039 -0.0691805 -0.113621 0.0792598
1204.97 -0.229828 0.421352 -9.69109 0.884148 0.345763 9.85005 -0.0639881 -0.120188 0.0725402
1204.99 -0.306437 0.459656 -9.65278 1.00977 0.424726 9.87996 -0.0613919 -0.125075 0.030696
1205.01 -0.727789 0.57457 -9.49956 1.3998 0.689133 9.81535 -0.0609338 -0.125075 0.0103847
1205.02 -0.766094 0.459656 -10.0741 1.43689 0.550349 9.87757 -0.0633773 -0.114537 0.0364992
1205.04 -0.497961 0.57457 -9.8443 1.3005 0.550349 9.84526 -0.0587958 -0.114537 0.0897971
1205.06 -0.57457 0.57457 -9.69109 1.32084 0.70349 9.82732 -0.0561996 -0.113315 0.101862
1205.07 -0.57457 0.57457 -9.61448 1.28375 0.754935 9.87518 -0.0598648 -0.113163 0.0813978
1205.09 -0.459656 0.612875 -9.8443 1.25384 0.592223 9.82732 -0.0626137 -0.113163 0.0222966
1205.11 -0.57457 0.421352 -9.42295 1.29093 0.528814 9.87159 -0.0609338 -0.112246 0.00931569
1205.12 -0.689484 0.421352 -9.53786 1.33519 0.457029 9.84287 -0.0572686 -0.113774 0.0227547
1205.14 -0.57457 0.383047 -9.61448 1.27178 0.324227 9.84646 -0.0580322 -0.108581 0.043066
1205.16 -0.536266 0.383047 -9.88261 1.23948 0.325424 9.85603 -0.0566577 -0.104763 0.0407752
1205.17 -0.421352 0.383047 -9.76769 1.24307 0.379262 9.85125 -0.0542143 -0.10965 0.0311541
1205.19 -0.536266 0.421352 -9.61448 1.28734 0.375673 9.85962 -0.0528398 -0.10797 0.020464
1205.2 -0.497961 0.383047 -9.69109 1.29452 0.366102 9.87637 -0.0505491 -0.106138 0.0238237
1205.22 -0.57457 0.268133 -9.61448 1.3328 0.368495 9.85484 -0.0519235 -0.101098 0.0337503
1205.24 -0.65118 0.344742 -9.65278 1.40937 0.340977 9.86441 -0.0510072 -0.0981966 0.0526871
1205.25 -0.57457 0.344742 -9.61448 1.39741 0.289531 9.86321 -0.0467312 -0.0992656 0.0569632
1205.27 -0.536266 0.229828 -9.76769 1.39741 0.275174 9.87278 -0.0445931 -0.0962113 0.0481056
1205.29 -0.727789 0.229828 -9.49956 1.45125 0.258425 9.85723 -0.0458149 -0.0942259 0.0412334
1205.3 -0.766094 0.344742 -9.65278 1.4656 0.238086 9.868 -0.0421497 -0.0945314 0.0274889
1205.32 -0.612875 0.344742 -9.69109 1.42851 0.257228 9.85364 -0.0380264 -0.0937678 0.025809
1205.34 -0.766094 0.421352 -9.46126 1.48714 0.318245 9.85723 -0.0392481 -0.0887282 0.0313068
1205.35 -0.804398 0.421352 -9.69109 1.55414 0.363709 9.86201 -0.0337503 -0.090408 0.0435241
1205.37 -0.65118 0.306437 -9.61448 1.57567 0.396012 9.85962 -0.034972 -0.0827722 0.0552833
1205.39 -0.766094 0.383047 -9.72939 1.58166 0.412762 9.85843 -0.0354302 -0.0801761 0.0561996
1205.4 -0.842703 0.344742 -9.65278 1.54337 0.429512 9.85125 -0.0331394 -0.0775799 0.0513127
1205.42 -0.804398 0.383047 -9.76769 1.53978 0.401994 9.85962 -0.034972 -0.073762 0.044135
1205.44 -0.957617 0.459656 -9.72939 1.5326 0.410369 9.83928 -0.0316123 -0.0722348 0.0413861
1205.45 -0.689484 0.459656 -9.95922 1.535 0.40678 9.87039 -0.0311541 -0.0704022 0.0416915
1205.47 -0.842703 0.421352 -9.65278 1.47637 0.400798 9.86082 -0.0334449 -0.0649044 0.0412334
1205.49 -0.65118 0.306437 -9.65278 1.4321 0.396012 9.87159 -0.0325286 -0.0641408 0.0332921
1205.5 -0.57457 0.421352 -9.69109 1.334 0.357727 9.868 -0.0325286 -0.0638354 0.029627
1205.52 -0.459656 0.459656 -9.65278 1.24427 0.375673 9.868 -0.0274889 -0.0642935 0.0210748
1205.53 -0.421352 0.459656 -9.53786 1.20957 0.37328 9.87039 -0.0305433 -0.0610865 0.0259618
1205.55 -0.57457 0.421352 -9.72939 1.19761 0.332602 9.87278 -0.0265726 -0.0641408 0.0288634
1205.57 -0.497961 0.383047 -9.72939 1.21555 0.32662 9.87757 -0.0288634 -0.0584903 0.0455095
1205.58 -0.612875 0.306437 -9.61448 1.21316 0.331406 9.87637 -0.02474 -0.0598648 0.0587958
1205.6 -0.497961 0.153219 -9.65278 1.20239 0.307478 9.88116 -0.0238237 -0.0612392 0.0580322
1205.62 -0.459656 0.344742 -9.76769 1.19641 0.306281 9.87757 -0.0227547 -0.0591012 0.0485638
1205.63 -0.306437 0.383047 -9.65278 1.21675 0.418744 9.87278 -0.0229074 -0.0580322 0.0387899
1205.65 -0.497961 0.459656 -9.806 1.21316 0.503689 9.87757 -0.022602 -0.0561996 0.0368046
1205.66 -0.612875 0.497961 -9.65278 1.17488 0.568295 9.88714 -0.0227547 -0.056505 0.0444404
1205.68 -0.306437 0.497961 -9.88261 1.0014 0.58983 9.87637 -0.0245873 -0.0534507 0.0455095
1205.7 -0.114914 0.421352 -9.38465 0.899701 0.507278 9.91585 -0.0265726 -0.053298 0.0363465
1205.71 -0.0766094 0.383047 -9.69109 0.648455 0.375673 9.8345 -0.0287107 -0.0487165 0.0126754
1205.73 -0.229828 0.344742 -9.76769 0.784845 0.346959 9.93978 -0.0256563 -0.0606284 0.0142026
1205.75 -0.153219 0.268133 -9.46126 0.897308 0.294317 9.91227 -0.0235183 -0.0591012 0.0607811
1205.76 -0.306437 0.268133 -9.72939 0.869791 0.295514 9.88475 -0.0218384 -0.0552833 0.0815505
1205.78 -0.153219 0.306437 -9.76769 0.776471 0.391226 9.90269 -0.0190895 -0.0591012 0.0890336
1205.8 -0.0766094 0.383047 -9.76769 0.644866 0.321834 9.87996 -0.021533 -0.0594066 0.0708604
1205.81 -0.0383047 0.383047 -9.69109 0.581456 0.357727 9.91944 -0.0172569 -0.0676533 0.0633773
1205.83 -0.421352 0.344742 -9.95922 1.04327 0.385244 9.90389 -0.0200058 -0.0713185 0.0500909
1205.85 -0.612875 0.383047 -9.76769 1.30887 0.451047 9.85962 -0.020464 -0.0647517 0.0294742
1205.86 -0.268133 0.306437 -9.76769 1.04447 0.392423 9.94218 -0.0206167 -0.0612392 0.0445931
1205.88 -0.229828 0.57457 -9.8443 0.754935 0.427119 9.89791 -0.0164934 -0.0673479 0.0505491
1205.9 -0.421352 0.995922 -9.76769 1.05643 1.07438 9.92901 -0.0143553 -0.0707076 0.0618501
1205.91 -0.229828 0.957617 -9.61448 0.754935 1.2335 9.81894 -0.0261145 -0.0612392 0.0412334
1205.93 0.0383047 0.459656 -9.806 0.369691 0.709472 9.98644 -0.0364992 -0.0655153 0.0171042
1205.95 -0.65118 0.344742 -9.53786 1.31007 0.385244 9.89791 -0.0329867 -0.0847575 0.0155771
1205.96 -0.804398 0.497961 -9.76769 1.47757 0.479761 9.95055 -0.0279471 -0.0685696 0.11637
1205.98 -0.497961 0.229828 -9.806 1.3005 0.345763 10.0798 -0.0288634 -0.0655153 0.15913
1206.0 -0.536266 0.153219 -9.8443 1.27298 0.167498 9.85843 -0.0253509 -0.0673479 0.155618
1206.01 -0.612875 0.344742 -9.88261 1.43689 0.448654 9.84646 -0.0285579 -0.062461 0.0572686
1206.03 -0.57457 0.459656 -9.806 1.40578 0.48335 9.98285 -0.0326813 -0.0603229 -0.0578795
1206.04 -0.268133 0.191523 -9.806 0.959521 0.264407 9.92064 -0.0387899 -0.0542143 -0.0896445
1206.06 -0.229828 0.306437 -9.806 0.939182 0.246461 9.95414 -0.0364992 -0.0586431 -0.087201
1206.08 -0.344742 0.536266 -9.76769 1.02772 0.428315 9.97687 -0.0285579 -0.0600175 -0.0288634
1206.09 -0.229828 0.727789 -9.69109 1.02652 0.735793 9.99841 -0.0282525 -0.0603229 -0.00442877
1206.11 -0.306437 0.536266 -9.34634 0.964307 0.619741 9.74836 -0.0366519 -0.0540616 0.0277944
1206.13 -0.344742 0.421352 -9.49956 1.04447 0.496511 10.0522 -0.034972 -0.0595593 0.0326813
1206.14 -0.306437 0.612875 -9.99752 0.927218 0.632901 10.1539 -0.0329867 -0.0531453 0.0250455
1206.16 -0.421352 0.57457 -9.76769 0.857827 0.782453 10.0451 -0.0401644 -0.0555887 0.0262672
1206.18 -0.344742 0.459656 -9.69109 0.976271 0.425922 9.96371 -0.0447459 -0.0583376 0.0406225
1206.19 -0.344742 0.344742 -9.88261 0.989432 0.424726 9.94815 -0.043066 -0.0586431 0.0203113
1206.21 -0.459656 0.421352 -9.92091 1.13659 0.374477 9.98764 -0.0474948 -0.0545197 -0.00412334
1206.23 -0.344742 0.306437 -9.99752 1.01934 0.287139 10.1372 -0.0485638 -0.0537561 -0.0206167
1206.24 -0.383047 0.114914 -9.88261 0.921237 0.218943 10.1934 -0.0474948 -0.0531453 -0.00259618
1206.26 -0.153219 0.114914 -9.88261 0.859023 0.120837 10.124 -0.0491747 -0.0520762 0.000152716
1206.28 -0.536266 0.459656 -9.65278 1.12463 0.451047 9.7352 -0.041997 -0.0610865 0.025809
1206.29 0.0766094 0.344742 -10.2273 0.491725 0.31346 10.331 -0.0461203 -0.0459676 0.11805
1206.31 0.153219 0.268133 -10.2657 0.457029 0.229711 10.5559 -0.0471893 -0.0507018 0.163101
1206.33 -0.497961 0.344742 -9.806 1.08395 0.208175 10.142 -0.0438296 -0.0616974 0.191659
1206.34 -0.536266 0.344742 -9.72939 0.697508 0.318245 9.93859 -0.047342 -0.0496328 0.157603
1206.36 0.0 0.0 -9.69109 0.369691 0.223729 10.0175 -0.0505491 -0.0525344 0.173486
1206.38 -0.229828 0.383047 -10.189 0.711864 0.180658 10.1886 -0.0523817 -0.0594066 0.175624
1206.39 0.0 0.459656 -10.2273 0.537189 0.510867 10.3848 -0.0540616 -0.0520762 0.166766
1206.41 -0.153219 0.383047 -10.3806 0.575474 0.40678 10.5045 -0.0615447 -0.0598648 0.155771
1206.43 -0.0766094 0.229828 -10.4572 0.725025 0.192622 10.4626 -0.0621555 -0.0589485 0.165697
1206.44 -0.0383047 0.114914 -10.2273 0.632901 0.0239282 10.4195 -0.0650571 -0.0545197 0.184787
1206.46 -0.191523 0.383047 -10.304 0.866202 0.294317 10.4363 -0.0671951 -0.0561996 0.133169
1206.48 -0.306437 0.229828 -10.0358 0.862612 0.198604 10.4291 -0.0687223 -0.0571159 0.109192
1206.49 -0.153219 0.268133 -10.1124 0.848255 0.339781 10.2126 -0.0702495 -0.0548251 0.102778
1206.51 -0.114914 0.229828 -10.0741 0.717846 0.22014 10.276 -0.0713185 -0.0563523 0.0986547
1206.52 -0.153219 0.229828 -10.1507 0.756132 0.222532 10.3346 -0.0746782 -0.0499382 0.0783434
1206.54 -0.268133 -0.0383047 -9.95922 0.994217 -0.00717846 10.2592 -0.0768163 -0.0574213 0.0319177
1206.56 -0.459656 0.0 -9.61448 0.946361 0.106481 9.95294 -0.0757473 -0.0525344 0.0149662
1206.57 -0.306437 0.229828 -9.42295 0.893719 0.197408 9.75075 -0.0757473 -0.0526871 0.0203113
1206.59 -0.421352 0.114914 -9.23143 1.04327 -0.0179462 9.42532 -0.0771217 -0.0536034 0.076969
1206.61 -0.57457 0.344742 -9.07821 1.20718 0.200997 9.3009 -0.0739146 -0.0478002 0.0977384
1206.62 -0.306437 0.191523 -9.03991 1.23709 0.136391 9.21117 -0.0754418 -0.0435241 0.0659734
1206.64 -0.114914 0.114914 -8.96329 0.869791 0.160319 9.03051 -0.0763581 -0.0392481 0.0568105
1206.66 -0.114914 -0.229828 -8.88668 0.820738 -0.129212 9.03529 -0.0806342 -0.0433714 0.0222966
1206.67 -0.268133 -0.114914 -9.07821 0.80997 -0.163908 9.04965 -0.0789543 -0.041997 -0.0157298
1206.69 0.0 -0.114914 -9.26973 0.647258 -0.0454636 9.15254 -0.079107 -0.0401644 -0.0221439
1206.7 -0.114914 -0.268133 -8.77177 0.649651 -0.18664 9.08195 -0.0809396 -0.0381791 -0.00901026
1206.72 -0.114914 0.0 -9.0016 0.824327 -0.0323031 9.11186 -0.0774271 -0.0429133 0.000152716
1206.74 0.0 -0.0383047 -9.15482 0.631705 -0.0239282 9.21954 -0.0778853 -0.0406225 0.00641408
1206.75 0.0383047 0.0 -9.34634 0.443868 -0.0789631 9.47198 -0.0740674 -0.0453567 0.0212276
1206.77 0.0766094 0.0383047 -9.46126 0.425922 0.00837488 9.65504 -0.0728457 -0.0476475 -0.00244346
1206.79 0.0766094 0.0 -9.53786 0.275174 -0.0239282 9.74596 -0.0754418 -0.0453567 -0.0111483
1206.8 0.306437 -0.191523 -9.8443 0.223729 -0.154337 10.0164 -0.0759 -0.0471893 0.01237
1206.82 0.306437 0.0383047 -10.1124 0.270389 0.00239282 10.3609 -0.0693332 -0.0511599 0.0772744
1206.84 0.306437 0.0383047 -10.3423 0.320638 -0.0777667 10.5763 -0.0687223 -0.0534507 0.113315
1206.85 0.306437 -0.268133 -10.4955 0.345763 -0.210568 10.6433 -0.0658207 -0.0546724 0.124311
1206.87 0.268133 -0.306437 -10.5338 0.285942 -0.357727 10.7641 -0.0638354 -0.0505491 0.166308
1206.89 0.191523 -0.306437 -10.304 0.339781 -0.405583 10.7976 -0.0578795 -0.0551306 0.195935
1206.9 0.191523 -0.191523 -10.5338 0.361316 -0.327816 10.8371 -0.0551306 -0.0555887 0.201127
1206.92 0.191523 -0.383047 -10.4572 0.551545 -0.632901 10.7892 -0.0507018 -0.0612392 0.180816
1206.93 0.191523 -0.383047 -10.4189 0.591027 -0.65324 10.6899 -0.047342 -0.0561996 0.125991
1206.95 -0.0383047 -0.383047 -10.1507 0.501296 -0.632901 10.5715 -0.0481056 -0.0525344 0.0896445
1206.97 0.0 -0.536266 -9.92091 0.467797 -0.586241 10.2413 -0.0423024 -0.0578795 0.00824668
1206.98 -0.229828 -0.536266 -9.61448 0.68674 -0.722632 9.95414 -0.0329867 -0.0616974 0.0111483
1207.0 0.0 -0.536266 -9.65278 0.654437 -0.757328 9.87637 -0.0303905 -0.056505 0.0395535
1207.02 -0.114914 -0.536266 -9.53786 0.727418 -0.726221 9.71007 -0.0187841 -0.0529926 0.11133
1207.03 -0.153219 -0.57457 -9.19312 0.832702 -0.786042 9.37866 -0.00702495 -0.0560469 0.142484
1207.05 -0.306437 -0.689484 -8.88668 0.76331 -0.814756 9.24467 0.0 -0.0545197 0.131641
1207.07 -0.191523 -0.57457 -8.73347 0.691525 -0.833898 9.11306 0.00488692 -0.0531453 0.12706
1207.08 0.0766094 -0.459656 -8.96329 0.482154 -0.620937 9.10828 0.0119119 -0.0508545 0.110719
1207.1 0.191523 -0.497961 -8.88668 0.344566 -0.613759 9.2016 0.0206167 -0.057574 0.0729984
1207.12 -0.0383047 -0.421352 -8.88668 0.573081 -0.634098 9.2339 0.0256563 -0.0591012 0.0561996
1207.13 0.0383047 -0.344742 -9.30804 0.524028 -0.470189 9.44686 0.0310014 -0.052229 0.0681114
1207.15 0.114914 -0.459656 -9.34634 0.350548 -0.582652 9.55573 0.0375682 -0.0561996 0.101098
1207.17 -0.153219 -0.383047 -9.61448 0.531206 -0.604187 9.60479 0.0384845 -0.0520762 0.108429
1207.18 -0.268133 -0.229828 -9.57617 0.787238 -0.2333 9.75554 0.0484111 -0.0578795 0.0708604
1207.2 0.114914 -0.306437 -9.72939 0.482154 -0.36012 10.0546 0.0503964 -0.0546724 0.0626137
1207.22 0.0383047 -0.306437 -9.806 0.297906 -0.421137 10.1456 0.0560469 -0.0557414 0.104
1207.23 -0.0766094 -0.268133 -10.1124 0.599402 -0.40678 10.1324 0.056505 -0.0542143 0.113163
1207.25 -0.229828 -0.0766094 -9.88261 0.74656 -0.211765 10.1336 0.0647517 -0.0610865 0.0989602
1207.26 0.0383047 -0.114914 -10.0358 0.658026 -0.179462 10.1659 0.0650571 -0.0536034 0.121562
1207.28 0.421352 -0.191523 -10.1124 0.212961 -0.142373 10.2975 0.0673479 -0.0526871 0.137903
1207.3 0.268133 -0.0766094 -9.95922 0.384048 -0.202193 10.1695 0.0705549 -0.0603229 0.14844
1207.31 0.153219 0.0 -9.95922 0.41994 -0.0299103 10.1109 0.0742201 -0.0626137 0.11805
1207.33 0.191523 -0.153219 -10.1124 0.495314 -0.13998 10.1539 0.0728457 -0.0627664 0.105374
1207.35 0.191523 -0.229828 -9.8443 0.195015 -0.131605 10.1767 0.0771217 -0.062461 0.0864374
1207.36 0.229828 -0.268133 -9.65278 0.238086 -0.277567 9.93619 0.0774271 -0.0644463 0.0536034
1207.38 0.153219 0.0383047 -9.26973 0.270389 -0.277567 9.79621 0.0853684 -0.0690278 0.0374155
1207.4 -0.0383047 0.153219 -9.53786 0.458225 0.172283 9.77109 0.0920879 -0.0742201 0.0807869
1207.41 0.0766094 0.191523 -9.65278 0.137587 0.141176 9.90269 0.0933096 -0.0687223 0.152869
1207.43 0.191523 0.114914 -9.806 0.204586 0.183051 9.88235 0.0968221 -0.071013 0.178831
1207.44 0.191523 -0.0766094 -9.26973 0.39003 -0.0239282 9.667 0.0992656 -0.0707076 0.215635
1207.46 0.268133 0.153219 -9.30804 0.258425 0.129212 9.67418 0.103847 -0.0707076 0.248775
1207.48 0.306437 0.0383047 -9.26973 0.172283 0.0765703 9.71844 0.105069 -0.0725402 0.253204
1207.49 0.383047 0.0766094 -9.57617 0.470189 0.0346959 9.74237 0.10797 -0.0789543 0.255189
1207.51 0.229828 0.153219 -9.46126 0.381655 0.0921237 9.63709 0.10965 -0.0772744 0.23671
1207.53 0.421352 0.344742 -9.15482 0.285942 0.245264 9.6682 0.109956 -0.0752891 0.180358
1207.54 0.383047 0.306437 -9.76769 0.232104 0.319442 9.84766 0.107207 -0.0824668 0.139125
1207.56 0.306437 0.191523 -9.57617 0.232104 0.151944 9.9003 0.103542 -0.0835358 0.0647517
1207.57 0.153219 0.306437 -9.76769 0.283549 0.130409 9.8668 0.102778 -0.0832304 0.0372628
1207.59 0.229828 0.114914 -9.806 0.31346 0.0945165 9.91944 0.100945 -0.0833831 0.0369573
1207.61 0.306437 0.306437 -9.72939 0.244068 0.258425 9.96251 0.106596 -0.0859793 0.0525344
1207.62 0.344742 0.344742 -9.92091 0.320638 0.323031 10.0558 0.105222 -0.0856738 0.0988074
1207.64 0.229828 0.268133 -10.0358 0.294317 0.230907 10.0463 0.107207 -0.0862847 0.12034
1207.66 0.383047 0.229828 -9.76769 0.145962 0.288335 10.0056 0.104611 -0.083994 0.152869
1207.67 0.306437 0.344742 -9.95922 0.2333 0.362513 10.0104 0.105374 -0.0885754 0.145997
1207.69 0.191523 0.57457 -9.806 0.300299 0.502493 9.99601 0.103542 -0.0864374 0.140346
1207.71 0.191523 0.421352 -9.61448 0.489332 0.424726 9.91346 0.0989602 -0.0864374 0.141721
1207.72 0.0383047 0.383047 -9.57617 0.477368 0.425922 9.82492 0.0981966 -0.089339 0.155618
1207.74 -0.0766094 0.612875 -9.46126 0.558724 0.515653 9.81296 0.098502 -0.0911716 0.163254
1207.76 -0.0766094 0.766094 -9.53786 0.675972 0.775274 9.88235 0.0986547 -0.0937678 0.153022
1207.77 -0.114914 0.536266 -9.65278 0.668794 0.769292 9.86919 0.0881173 -0.0864374 0.147829
1207.79 -0.0383047 0.497961 -9.57617 0.625723 0.679561 9.83928 0.0902553 -0.0916298 0.149051
1207.8 -0.153219 0.612875 -9.53786 0.747757 0.707079 9.79143 0.0849102 -0.0894917 0.127365
1207.82 -0.0383047 0.766094 -9.61448 0.753739 0.923629 9.8321 0.0801761 -0.0920879 0.0757473
1207.84 -0.153219 0.727789 -9.61448 0.745364 0.937986 9.85843 0.0752891 -0.0902553 0.0926988
1207.85 0.0 0.65118 -9.72939 0.60658 0.896112 9.85843 0.0740674 -0.0902553 0.119424
1207.87 -0.0766094 0.65118 -9.30804 0.57667 0.805184 9.82492 0.0733038 -0.0948368 0.15745
1207.89 0.0383047 0.957617 -9.72939 0.616152 0.911665 9.82612 0.0682642 -0.0925461 0.159894
1207.9 -0.0766094 1.03423 -9.72939 0.65324 1.14736 9.93499 0.0653626 -0.0930042 0.151647
1207.92 0.229828 0.995922 -9.8443 0.506082 1.10668 10.0726 0.0587958 -0.0925461 0.168904
1207.94 0.229828 0.919312 -9.8443 0.427119 1.00379 10.0618 0.0519235 -0.0942259 0.183107
1207.95 0.0 0.881008 -9.65278 0.537189 0.93679 9.9314 0.0470366 -0.0933096 0.171959
1207.97 -0.114914 0.919312 -9.95922 0.641276 1.05045 9.95653 0.0424551 -0.0986547 0.0968221
1207.99 0.0383047 0.957617 -9.76769 0.563509 0.99661 10.0128 0.0303905 -0.0928515 0.0534507
1208.0 -0.0383047 0.881008 -9.806 0.533599 0.95354 9.97328 0.0267254 -0.0897971 0.0566577
1208.02 -0.153219 0.689484 -9.57617 0.732203 0.879362 9.85364 0.0197004 -0.089339 0.0574213
1208.03 0.0383047 0.804398 -9.806 0.674776 0.933201 9.90628 0.0166461 -0.0894917 0.0581849
1208.05 0.0 0.919312 -10.189 0.612562 0.995414 9.90987 0.00809396 -0.0907135 0.0733038
1208.07 0.0383047 0.919312 -9.72939 0.613759 0.943968 9.87278 0.00610865 -0.0853684 0.0775799
1208.08 -0.153219 0.919312 -9.69109 0.705882 0.965504 9.8333 0.000458149 -0.0838412 0.0696386
1208.1 -0.0766094 0.804398 -9.46126 0.514457 0.946361 9.77348 -0.00534507 -0.0817032 0.0875064
1208.12 0.0383047 0.804398 -9.53786 0.473779 0.909272 9.72084 -0.0065668 -0.081245 0.104
1208.13 0.0766094 1.07253 -9.38465 0.696311 1.08873 9.6981 -0.0120646 -0.0807869 0.111788
1208.15 -0.153219 0.919312 -9.49956 0.742971 1.04806 9.72323 -0.0210748 -0.0777326 0.071013
1208.17 -0.114914 0.727789 -9.19312 0.664008 0.991825 9.69571 -0.025809 -0.071624 0.0534507
1208.18 0.0 0.766094 -9.34634 0.690329 0.884148 9.67298 -0.0284052 -0.0746782 0.0502437
1208.2 -0.191523 0.804398 -9.42295 0.648455 0.893719 9.71007 -0.036041 -0.0708604 0.0394008
1208.22 0.0383047 0.727789 -9.61448 0.608973 0.900898 9.78066 -0.0413861 -0.068875 0.0287107
1208.23 0.153219 0.612875 -9.72939 0.454636 0.829113 9.81655 -0.0453567 -0.0673479 0.0302378
1208.25 0.153219 0.689484 -9.57617 0.386441 0.723829 9.75673 -0.0516181 -0.0650571 0.0195477
1208.27 0.114914 0.57457 -9.61448 0.407976 0.707079 9.77468 -0.056505 -0.0659734 0.0119119
1208.28 -0.114914 0.727789 -9.65278 0.509671 0.736989 9.8321 -0.0584903 -0.0705549 0.0129809
1208.3 -0.153219 0.65118 -9.61448 0.442672 0.781256 9.94576 -0.0662789 -0.0627664 0.0433714
1208.32 0.0766094 0.57457 -9.72939 0.478564 0.692722 9.93021 -0.0711658 -0.0618501 0.0823141
1208.33 -0.0766094 0.57457 -9.65278 0.632901 0.677169 9.90628 -0.0713185 -0.0638354 0.112094
