1687.74 0.344742 -0.229828 -9.76769 0.290728 -0.348156 9.94218 -0.00488692 -0.0899499 0.0468839
1687.76 0.229828 -0.268133 -9.61448 0.305085 -0.330209 9.92303 -0.000152716 -0.0965167 0.0453567
1687.77 0.229828 -0.306437 -9.72939 0.330209 -0.330209 9.92303 -0.0065668 -0.0858265 0.047342
1687.79 0.344742 -0.229828 -9.76769 0.350548 -0.311067 9.92543 -0.00366519 -0.0916298 0.0459676
1687.81 0.153219 -0.268133 -9.88261 0.35653 -0.323031 9.95174 -0.00366519 -0.0907135 0.0448986
1687.82 0.268133 -0.306437 -9.69109 0.315852 -0.346959 9.9338 -0.00488692 -0.08827 0.0471893
1687.84 0.306437 -0.306437 -9.61448 0.278764 -0.35653 9.94098 -0.00519235 -0.0888809 0.0458149
1687.86 0.459656 -0.306437 -9.8443 0.246461 -0.387637 9.93739 -0.00549779 -0.0875064 0.0479529
1687.87 0.344742 -0.344742 -9.69109 0.206979 -0.398405 9.9326 -0.00503964 -0.0884227 0.0459676
1687.89 0.268133 -0.268133 -9.72939 0.202193 -0.398405 9.93499 -0.00427606 -0.0936151 0.0448986
1687.91 0.229828 -0.268133 -9.92091 0.202193 -0.399601 9.9338 -0.00244346 -0.0966694 0.0450513
1687.92 0.268133 -0.191523 -9.65278 0.230907 -0.391226 9.94337 -0.00641408 -0.0870483 0.0474948
1687.94 0.344742 -0.306437 -9.69109 0.271585 -0.375673 9.91346 -0.0065668 -0.0907135 0.0478002
1687.96 0.191523 -0.268133 -9.8443 0.302692 -0.362513 9.92543 -0.00397062 -0.0926988 0.0482583
1687.97 0.229828 -0.268133 -9.42295 0.314656 -0.378066 9.95773 -0.00488692 -0.0919352 0.0470366
1687.99 0.229828 -0.268133 -9.72939 0.332602 -0.367298 9.92303 -0.0018326 -0.0972803 0.0459676
1688.01 0.306437 -0.306437 -9.69109 0.334995 -0.39003 9.94218 -0.00442877 -0.0922406 0.0470366
1688.02 0.268133 -0.344742 -9.76769 0.303888 -0.396012 9.9338 -0.00519235 -0.089339 0.0456622
1688.04 0.153219 -0.191523 -9.53786 0.300299 -0.407976 9.93859 -0.00702495 -0.0844521 0.0456622
1688.06 0.229828 -0.344742 -9.72939 0.267996 -0.431904 9.9326 -0.00503964 -0.0890336 0.0474948
1688.07 0.268133 -0.306437 -9.53786 0.244068 -0.428315 9.92901 -0.00473421 -0.0917825 0.0455095
1688.09 0.344742 -0.191523 -9.61448 0.247657 -0.434297 9.92064 -0.00198531 -0.0910189 0.0445931
1688.11 0.344742 -0.344742 -9.95922 0.241675 -0.424726 9.94218 -0.000610865 -0.0937678 0.0432187
1688.12 0.268133 -0.229828 -9.72939 0.285942 -0.417547 9.93619 -0.00167988 -0.0942259 0.0447459
1688.14 0.268133 -0.306437 -9.72939 0.306281 -0.397208 9.92782 -0.00427606 -0.0908662 0.0445931
1688.16 0.153219 -0.344742 -9.69109 0.336191 -0.384048 9.93739 -0.00610865 -0.085063 0.0464257
1688.17 0.344742 -0.268133 -9.69109 0.348156 -0.36012 9.92184 -0.00274889 -0.0923933 0.0447459
1688.19 0.229828 -0.268133 -9.57617 0.349352 -0.368495 9.9338 -0.00366519 -0.0922406 0.043066
1688.2 0.153219 -0.268133 -9.69109 0.349352 -0.369691 9.91944 -0.00106901 -0.0948368 0.0444404
1688.22 0.191523 -0.306437 -9.69109 0.320638 -0.386441 9.92662 -0.000152716 -0.0945314 0.0444404
1688.24 0.421352 -0.268133 -9.92091 0.282353 -0.385244 9.92423 -0.00473421 -0.089339 0.0448986
1688.25 0.306437 -0.344742 -9.69109 0.278764 -0.394816 9.9326 -0.00259618 -0.0913243 0.0439823
1688.27 0.229828 -0.344742 -9.65278 0.247657 -0.405583 9.93739 -0.000152716 -0.0928515 0.0424551
1688.29 0.421352 -0.268133 -9.65278 0.217747 -0.401994 9.92782 -0.00519235 -0.0853684 0.0447459
1688.3 0.268133 -0.344742 -9.57617 0.226122 -0.374477 9.94098 -0.00198531 -0.0916298 0.0439823
1688.32 0.344742 -0.268133 -9.53786 0.251246 -0.382851 9.9326 -0.00671952 -0.0862847 0.047342
1688.34 0.383047 -0.306437 -9.57617 0.276371 -0.36012 9.94337 -0.00290161 -0.0919352 0.044135
1688.35 0.0766094 -0.344742 -9.53786 0.27996 -0.325424 9.93021 -0.00458149 -0.0899499 0.0467312
1688.37 0.306437 -0.306437 -9.61448 0.297906 -0.329013 9.92782 -0.00366519 -0.0901026 0.0470366
1688.39 0.229828 -0.191523 -9.92091 0.319442 -0.32662 9.94098 -0.00488692 -0.0891863 0.047342
1688.4 0.229828 -0.191523 -9.38465 0.297906 -0.333799 9.93859 -0.00687223 -0.0875064 0.0459676
1688.42 0.153219 -0.306437 -9.61448 0.282353 -0.338584 9.92662 -0.00595593 -0.0908662 0.0445931
1688.44 0.344742 -0.268133 -9.57617 0.271585 -0.363709 9.92901 -0.00366519 -0.0911716 0.0444404
1688.45 0.383047 -0.383047 -9.72939 0.238086 -0.372084 9.94218 -0.00549779 -0.0858265 0.0465785
1688.47 0.229828 -0.229828 -9.61448 0.242871 -0.388834 9.93978 -0.00534507 -0.0896445 0.0464257
1688.49 0.191523 -0.344742 -9.49956 0.229711 -0.394816 9.94098 -0.00335976 -0.0922406 0.0447459
1688.5 0.344742 -0.229828 -9.49956 0.246461 -0.392423 9.93619 -0.00519235 -0.0911716 0.0465785
1688.52 0.268133 -0.344742 -9.53786 0.264407 -0.385244 9.92901 -0.00610865 -0.0916298 0.0461203
1688.53 0.268133 -0.344742 -9.61448 0.285942 -0.384048 9.93499 -0.00290161 -0.0951423 0.0432187
1688.55 0.229828 -0.268133 -9.88261 0.305085 -0.361316 9.92064 -0.00488692 -0.0945314 0.0474948
1688.57 0.229828 -0.344742 -9.65278 0.334995 -0.351745 9.93739 -0.00259618 -0.0943787 0.0468839
1688.58 0.191523 -0.344742 -9.8443 0.340977 -0.35653 9.92423 -0.00687223 -0.0891863 0.0468839
1688.6 0.306437 -0.229828 -9.76769 0.334995 -0.368495 9.91466 -0.00213803 -0.0951423 0.0448986
1688.62 0.229828 -0.229828 -9.8443 0.315852 -0.376869 9.9314 -0.00549779 -0.0879646 0.0487165
1688.63 0.306437 -0.306437 -9.61448 0.30987 -0.39003 9.95533 -0.00519235 -0.0908662 0.0450513
1688.65 0.306437 -0.268133 -9.76769 0.284746 -0.416351 9.92303 -0.00381791 -0.0913243 0.0453567
1688.67 0.191523 -0.306437 -9.806 0.264407 -0.430708 9.93739 -0.00580322 -0.0876591 0.0471893
1688.68 0.268133 -0.306437 -9.65278 0.254835 -0.435494 9.93619 -0.00366519 -0.0923933 0.0471893
1688.7 0.191523 -0.306437 -9.46126 0.265603 -0.430708 9.94218 -0.00320704 -0.0922406 0.0450513
1688.72 0.229828 -0.229828 -10.0741 0.293121 -0.421137 9.93619 -0.00244346 -0.0901026 0.0456622
1688.73 0.191523 -0.229828 -9.61448 0.30987 -0.388834 9.9326 -0.00122173 -0.0971275 0.0421497
1688.75 0.153219 -0.268133 -9.69109 0.320638 -0.394816 9.92662 -0.00335976 -0.0919352 0.0448986
1688.77 0.153219 -0.229828 -9.46126 0.342173 -0.376869 9.92901 -0.00473421 -0.0887282 0.0448986
1688.78 0.229828 -0.229828 -9.72939 0.332602 -0.367298 9.91705 -0.00626137 -0.0879646 0.0444404
1688.8 0.229828 -0.268133 -9.76769 0.307478 -0.380459 9.94337 -0.00397062 -0.0870483 0.0456622
1688.82 0.268133 -0.306437 -9.65278 0.277567 -0.39003 9.92782 -0.00106901 -0.0945314 0.0429133
1688.83 0.306437 -0.344742 -9.69109 0.253639 -0.405583 9.92901 -0.00229074 -0.091477 0.0448986
1688.85 0.306437 -0.383047 -9.69109 0.2333 -0.39003 9.9314 -0.00167988 -0.0911716 0.0432187
1688.87 0.306437 -0.268133 -9.72939 0.221336 -0.404387 9.92543 -0.00351247 -0.0890336 0.0459676
1688.88 0.306437 -0.344742 -9.69109 0.226122 -0.393619 9.93739 -0.0074831 -0.0867428 0.0465785
1688.9 0.383047 -0.344742 -9.806 0.221336 -0.400798 9.9326 -0.000305433 -0.0945314 0.0445931
1688.92 0.306437 -0.191523 -9.76769 0.239282 -0.385244 9.9326 -0.00442877 -0.0890336 0.0448986
1688.93 0.268133 -0.306437 -9.69109 0.282353 -0.366102 9.9326 -0.00213803 -0.0937678 0.0435241
1688.95 0.229828 -0.306437 -9.57617 0.307478 -0.337388 9.93619 -0.000458149 -0.095295 0.0429133
1688.97 0.306437 -0.229828 -9.65278 0.305085 -0.339781 9.93619 -0.00137445 -0.0917825 0.0426078
1688.98 0.268133 -0.191523 -9.806 0.306281 -0.331406 9.92064 -0.00671952 -0.0878119 0.045204
1689.0 0.344742 -0.268133 -9.806 0.301496 -0.332602 9.93859 -0.0056505 -0.0908662 0.0436769
1689.02 0.306437 -0.268133 -9.88261 0.276371 -0.348156 9.94218 -0.00595593 -0.0878119 0.0479529
1689.03 0.229828 -0.268133 -9.76769 0.26321 -0.357727 9.93859 -0.00549779 -0.090408 0.0448986
1689.05 0.344742 -0.268133 -9.72939 0.228514 -0.368495 9.92662 -0.00626137 -0.0876591 0.0465785
1689.06 0.191523 -0.191523 -9.99752 0.224925 -0.366102 9.9314 -0.00381791 -0.0949895 0.0448986
1689.08 0.306437 -0.306437 -9.69109 0.223729 -0.369691 9.94457 -0.00305432 -0.0926988 0.046273
1689.1 0.229828 -0.268133 -9.72939 0.264407 -0.380459 9.9314 -0.00412334 -0.0930042 0.0474948
1689.11 0.306437 -0.229828 -9.57617 0.282353 -0.381655 9.92423 -0.00351247 -0.0948368 0.0455095
1689.13 0.153219 -0.421352 -9.46126 0.325424 -0.358923 9.9326 -0.00549779 -0.0913243 0.0485638
1689.15 0.191523 -0.268133 -9.76769 0.348156 -0.354138 9.94337 -0.00259618 -0.0925461 0.046273
1689.16 0.153219 -0.268133 -9.72939 0.333799 -0.355334 9.93021 -0.00885754 -0.0842994 0.0488692
1689.18 0.268133 -0.306437 -9.65278 0.336191 -0.370887 9.92303 -0.00274889 -0.0925461 0.0445931
1689.2 0.383047 -0.344742 -9.88261 0.30987 -0.367298 9.91944 -0.00641408 -0.0881173 0.0474948
1689.21 0.229828 -0.306437 -9.69109 0.291924 -0.380459 9.93859 -0.00519235 -0.0931569 0.0448986
1689.23 0.344742 -0.306437 -9.806 0.258425 -0.413958 9.9338 -0.00259618 -0.0920879 0.0448986
1689.25 0.229828 -0.344742 -9.53786 0.245264 -0.425922 9.94457 -0.00534507 -0.0930042 0.0432187
1689.26 0.306437 -0.344742 -9.806 0.258425 -0.42353 9.94218 -0.00717767 -0.0879646 0.046273
1689.28 0.344742 -0.306437 -9.69109 0.251246 -0.431904 9.94218 -0.00641408 -0.0905607 0.047342
1689.3 0.383047 -0.344742 -9.65278 0.272782 -0.421137 9.93619 -0.00458149 -0.0916298 0.0467312
1689.31 0.344742 -0.306437 -9.76769 0.284746 -0.430708 9.94576 -0.00305432 -0.0943787 0.045204
1689.33 0.306437 -0.344742 -9.69109 0.317049 -0.41994 9.9314 -0.00198531 -0.0930042 0.0450513
1689.35 0.229828 -0.383047 -9.65278 0.344566 -0.399601 9.93021 -0.000763581 -0.0931569 0.0432187
1689.36 0.306437 -0.383047 -9.95922 0.344566 -0.382851 9.9326 -0.00152716 -0.0942259 0.043066
1689.38 0.229828 -0.383047 -9.806 0.329013 -0.391226 9.93978 -0.00458149 -0.0873537 0.0450513
1689.4 0.306437 -0.383047 -9.69109 0.287139 -0.388834 9.92423 -0.00641408 -0.0859793 0.0450513
1689.41 0.268133 -0.229828 -9.72939 0.275174 -0.399601 9.92662 -0.00519235 -0.0870483 0.043066
1689.43 0.383047 -0.306437 -9.61448 0.227318 -0.399601 9.93021 -0.00274889 -0.0939205 0.0403171
1689.45 0.306437 -0.344742 -9.65278 0.235693 -0.410369 9.93859 -0.00305432 -0.0920879 0.0453567
1689.46 0.268133 -0.344742 -9.65278 0.214158 -0.407976 9.92543 -0.00290161 -0.0925461 0.0435241
1689.48 0.306437 -0.383047 -9.806 0.242871 -0.399601 9.93859 -0.000610865 -0.0926988 0.0438296
1689.49 0.344742 -0.229828 -9.72939 0.287139 -0.385244 9.9326 -0.00366519 -0.0905607 0.045204
1689.51 0.229828 -0.306437 -9.72939 0.302692 -0.37328 9.92901 -0.00397062 -0.091477 0.0458149
1689.53 0.191523 -0.153219 -9.38465 0.315852 -0.354138 9.92423 -0.00595593 -0.0827722 0.0479529
1689.54 0.268133 -0.344742 -9.65278 0.352941 -0.342173 9.93021 -0.00122173 -0.0933096 0.0424551
1689.56 0.383047 -0.268133 -9.76769 0.332602 -0.332602 9.93739 -0.00397062 -0.0901026 0.0426078
1689.58 0.344742 -0.306437 -9.8443 0.331406 -0.336191 9.94098 -0.00167988 -0.0939205 0.0438296
1689.59 0.229828 -0.268133 -9.8443 0.287139 -0.349352 9.94218 -0.00198531 -0.0936151 0.0406225
1689.61 0.306437 -0.229828 -9.69109 0.271585 -0.349352 9.9338 -0.00519235 -0.0879646 0.0467312
1689.63 0.306437 -0.306437 -9.69109 0.259621 -0.352941 9.94218 -0.00473421 -0.0930042 0.0445931
1689.64 0.306437 -0.229828 -9.95922 0.223729 -0.35653 9.92782 -0.00702495 -0.0841467 0.0470366
1689.66 0.383047 -0.344742 -9.92091 0.228514 -0.366102 9.92423 -0.00534507 -0.0908662 0.047342
1689.68 0.268133 -0.268133 -9.61448 0.251246 -0.358923 9.93859 -0.00626137 -0.0885754 0.0476475
1689.69 0.153219 -0.268133 -9.65278 0.258425 -0.364905 9.93619 -0.00137445 -0.0962113 0.0444404
1689.71 0.268133 -0.229828 -9.53786 0.283549 -0.362513 9.9338 -0.00549779 -0.0908662 0.0488692
1689.73 0.306437 -0.344742 -9.61448 0.318245 -0.36012 9.91824 -0.00671952 -0.0884227 0.0485638
1689.74 0.229828 -0.306437 -9.72939 0.334995 -0.363709 9.93978 -0.00351247 -0.0911716 0.047342
1689.76 0.229828 -0.344742 -9.65278 0.317049 -0.367298 9.93499 -0.00488692 -0.0887282 0.0464257
1689.78 0.229828 -0.344742 -9.95922 0.301496 -0.375673 9.95055 -0.0056505 -0.090408 0.0450513
1689.79 0.0766094 -0.344742 -9.72939 0.29671 -0.392423 9.9314 -0.00397062 -0.0920879 0.0467312
1689.81 0.344742 -0.383047 -9.69109 0.256032 -0.39003 9.93619 -0.00671952 -0.0884227 0.0485638
1689.82 0.344742 -0.306437 -9.65278 0.227318 -0.398405 9.93859 -0.00397062 -0.0930042 0.044135
1689.84 0.268133 -0.344742 -9.65278 0.234497 -0.415155 9.9338 -0.00824668 -0.08827 0.0476475
1689.86 0.268133 -0.344742 -9.42295 0.240479 -0.425922 9.93499 -0.00610865 -0.0931569 0.0465785
1689.87 0.344742 -0.268133 -9.69109 0.244068 -0.40678 9.9314 -0.00427606 -0.0916298 0.0471893
1689.89 0.268133 -0.383047 -9.61448 0.289531 -0.418744 9.9338 -0.00290161 -0.0934624 0.0464257
1689.91 0.191523 -0.344742 -9.61448 0.315852 -0.39003 9.92782 -0.00351247 -0.0926988 0.0464257
1689.92 0.114914 -0.229828 -9.95922 0.330209 -0.40678 9.92901 -0.00458149 -0.0905607 0.0476475
1689.94 0.268133 -0.268133 -9.65278 0.345763 -0.393619 9.9326 -0.00366519 -0.0931569 0.044135
1689.96 0.191523 -0.344742 -9.72939 0.340977 -0.401994 9.9326 -0.00244346 -0.0922406 0.045204
1689.97 0.191523 -0.344742 -9.88261 0.333799 -0.388834 9.93499 -0.00534507 -0.0875064 0.0447459
1689.99 0.268133 -0.268133 -9.95922 0.300299 -0.410369 9.91944 -0.00259618 -0.091477 0.0455095
1690.01 0.344742 -0.306437 -9.69109 0.273978 -0.41994 9.93739 -0.00458149 -0.0873537 0.0447459
1690.02 0.383047 -0.459656 -9.72939 0.258425 -0.40678 9.93499 -0.00259618 -0.08827 0.0432187
1690.04 0.306437 -0.268133 -9.53786 0.239282 -0.391226 9.92184 -0.00259618 -0.0928515 0.0435241
1690.06 0.306437 -0.383047 -9.49956 0.234497 -0.39003 9.92423 -0.00137445 -0.0928515 0.0427606
1690.07 0.306437 -0.306437 -9.72939 0.283549 -0.369691 9.9338 -0.00229074 -0.0899499 0.043066
1690.09 0.421352 -0.383047 -9.8443 0.290728 -0.358923 9.93499 -0.00290161 -0.0905607 0.0438296
1690.11 0.344742 -0.344742 -9.88261 0.315852 -0.350548 9.92423 -0.00397062 -0.0905607 0.0453567
1690.12 0.0766094 -0.229828 -10.0358 0.346959 -0.344566 9.93619 -0.00259618 -0.090408 0.0429133
1690.14 0.229828 -0.306437 -9.61448 0.345763 -0.342173 9.93739 -0.00290161 -0.0913243 0.0435241
1690.16 0.153219 -0.344742 -9.65278 0.315852 -0.35653 9.92184 -0.00198531 -0.0946841 0.0406225
1690.17 0.153219 -0.306437 -9.49956 0.278764 -0.362513 9.92662 -0.00229074 -0.0926988 0.0424551
1690.19 0.344742 -0.153219 -9.8443 0.270389 -0.369691 9.91705 -0.00381791 -0.089339 0.0459676
1690.21 0.344742 -0.306437 -9.61448 0.226122 -0.374477 9.95174 -0.00641408 -0.0867428 0.0453567
1690.22 0.383047 -0.268133 -9.65278 0.211765 -0.379262 9.93739 -0.00458149 -0.091477 0.0442877
1690.24 0.268133 -0.268133 -9.69109 0.212961 -0.380459 9.92782 -0.00305432 -0.0916298 0.0445931
1690.26 0.229828 -0.306437 -9.46126 0.223729 -0.367298 9.92662 -0.00213803 -0.0948368 0.0427606
1690.27 0.344742 -0.344742 -9.76769 0.256032 -0.355334 9.94576 -0.00549779 -0.0890336 0.0479529
1690.29 0.421352 -0.191523 -9.61448 0.273978 -0.350548 9.95653 -0.00320704 -0.0930042 0.0455095
1690.31 0.268133 -0.268133 -9.57617 0.311067 -0.342173 9.9326 -0.00381791 -0.0926988 0.0467312
1690.32 0.268133 -0.229828 -9.76769 0.329013 -0.342173 9.9326 -0.00824668 -0.0876591 0.0496328
1690.34 0.191523 -0.191523 -9.57617 0.333799 -0.346959 9.93619 -0.00717767 -0.0890336 0.0485638
1690.36 0.306437 -0.229828 -9.61448 0.314656 -0.368495 9.9338 -0.00503964 -0.0939205 0.0447459
1690.37 0.306437 -0.268133 -9.8443 0.305085 -0.392423 9.93619 -0.00137445 -0.0983493 0.0426078
1690.39 0.229828 -0.191523 -9.92091 0.290728 -0.400798 9.94457 -0.00198531 -0.0975857 0.0439823
1690.41 0.306437 -0.268133 -9.65278 0.253639 -0.404387 9.94218 -0.00397062 -0.0922406 0.0471893
1690.42 0.229828 -0.306437 -9.72939 0.235693 -0.410369 9.9338 -0.00763582 -0.0870483 0.0474948
1690.44 0.344742 -0.268133 -9.92091 0.241675 -0.411565 9.94696 -0.00534507 -0.0913243 0.0459676
1690.46 0.306437 -0.268133 -9.57617 0.278764 -0.415155 9.93859 -0.00427606 -0.0910189 0.0461203
1690.47 0.268133 -0.344742 -9.65278 0.289531 -0.396012 9.93739 -0.00519235 -0.0896445 0.0484111
1690.49 0.229828 -0.344742 -9.69109 0.331406 -0.381655 9.92423 -0.00259618 -0.0946841 0.045204
1690.51 0.0 -0.306437 -9.92091 0.358923 -0.369691 9.93619 -0.00290161 -0.0949895 0.0458149
1690.53 0.268133 -0.344742 -9.76769 0.348156 -0.37328 9.92662 -0.00503964 -0.0887282 0.0468839
1690.55 0.191523 -0.229828 -9.57617 0.355334 -0.394816 9.94218 -0.00213803 -0.0933096 0.0453567
1690.56 0.268133 -0.344742 -9.72939 0.30987 -0.405583 9.92543 -0.00503964 -0.0916298 0.0445931
1690.58 0.191523 -0.268133 -9.95922 0.27996 -0.425922 9.95055 -0.00412334 -0.0888809 0.0436769
1690.6 0.306437 -0.344742 -9.72939 0.267996 -0.427119 9.93499 -0.00229074 -0.0926988 0.0423024
1690.61 0.306437 -0.344742 -9.72939 0.245264 -0.435494 9.94098 -0.00198531 -0.0920879 0.0426078
1690.63 0.306437 -0.268133 -9.57617 0.254835 -0.41994 9.93859 -0.00351247 -0.0902553 0.0435241
1690.64 0.306437 -0.306437 -9.57617 0.239282 -0.405583 9.92782 -0.00381791 -0.0884227 0.0438296
1690.66 0.268133 -0.229828 -9.8443 0.271585 -0.401994 9.91944 -0.00167988 -0.0933096 0.0427606
1690.68 0.344742 -0.268133 -9.65278 0.287139 -0.39003 9.9338 -0.00381791 -0.0884227 0.0453567
1690.69 0.344742 -0.344742 -9.65278 0.294317 -0.366102 9.94457 -0.00381791 -0.0859793 0.0444404
1690.71 0.153219 -0.344742 -9.61448 0.321834 -0.346959 9.9338 -0.00351247 -0.0917825 0.0421497
1690.72 0.344742 -0.383047 -9.72939 0.311067 -0.344566 9.95055 -0.00458149 -0.0885754 0.0442877
1690.74 0.344742 -0.229828 -9.76769 0.303888 -0.36012 9.9314 -0.00458149 -0.0890336 0.0444404
1690.76 0.229828 -0.229828 -9.69109 0.27996 -0.376869 9.9326 -0.00106901 -0.0949895 0.0424551
1690.77 0.306437 -0.306437 -9.65278 0.262014 -0.369691 9.93978 -0.00381791 -0.0911716 0.0442877
1690.79 0.344742 -0.268133 -9.57617 0.234497 -0.387637 9.92543 -0.00198531 -0.0959058 0.0416915
1690.8 0.344742 -0.268133 -9.72939 0.212961 -0.392423 9.92543 -0.00610865 -0.0890336 0.043066
1690.82 0.383047 -0.344742 -9.65278 0.218943 -0.398405 9.92782 -0.00244346 -0.0962113 0.0424551
1690.83 0.306437 -0.306437 -9.69109 0.228514 -0.367298 9.93739 -0.00290161 -0.0923933 0.0439823
1690.85 0.153219 -0.344742 -10.1124 0.251246 -0.363709 9.94337 -0.00503964 -0.0870483 0.0470366
1691.44 0.153219 -0.306437 -9.806 0.273978 -0.37328 9.9338 -0.00381791 -0.0926988 0.0444404
1691.46 0.229828 -0.344742 -9.65278 0.295514 -0.358923 9.93619 -0.00641408 -0.0879646 0.0465785
1691.47 0.268133 -0.306437 -9.65278 0.319442 -0.342173 9.9314 -0.00229074 -0.0917825 0.0448986
1691.49 0.306437 -0.306437 -9.72939 0.333799 -0.334995 9.93619 -0.00427606 -0.0930042 0.0429133
1691.51 0.0766094 -0.306437 -9.65278 0.337388 -0.306281 9.92184 -0.00595593 -0.0873537 0.0471893
1691.52 0.229828 -0.229828 -9.88261 0.332602 -0.319442 9.94815 -0.00473421 -0.0908662 0.0453567
1691.54 0.0766094 -0.306437 -9.65278 0.244068 -0.324227 9.92901 -0.00427606 -0.0923933 0.0481056
1691.56 0.306437 -0.344742 -9.69109 0.2668 -0.388834 9.91466 -0.00519235 -0.0891863 0.0465785
1691.57 0.383047 -0.229828 -9.57617 0.230907 -0.396012 9.95174 -0.00366519 -0.0894917 0.0474948
1691.59 0.306437 -0.383047 -9.69109 0.236889 -0.39003 9.94576 -0.00534507 -0.0894917 0.0476475
1691.61 0.306437 -0.306437 -9.61448 0.232104 -0.404387 9.94218 -0.00488692 -0.0934624 0.0450513
1691.62 0.344742 -0.306437 -9.46126 0.238086 -0.416351 9.93978 -0.00305432 -0.0926988 0.046273
1691.64 0.268133 -0.383047 -9.76769 0.252443 -0.411565 9.92064 -0.00641408 -0.0881173 0.0478002
1691.65 0.268133 -0.306437 -9.57617 0.290728 -0.40678 9.94576 -0.00946841 -0.0868956 0.0484111
1691.67 0.191523 -0.306437 -9.61448 0.31346 -0.39003 9.92901 -0.00458149 -0.0922406 0.0467312
1691.69 0.229828 -0.344742 -9.61448 0.345763 -0.376869 9.93619 -0.00137445 -0.096364 0.0448986
1691.7 0.344742 -0.229828 -9.69109 0.323031 -0.375673 9.92303 -0.00824668 -0.0815505 0.0481056
1691.72 0.268133 -0.306437 -9.57617 0.32662 -0.392423 9.93021 -0.00503964 -0.0897971 0.0444404
1691.74 0.229828 -0.344742 -9.72939 0.327816 -0.376869 9.92901 -0.00366519 -0.0913243 0.0459676
1691.75 0.306437 -0.229828 -9.61448 0.273978 -0.39003 9.9338 -0.00351247 -0.0919352 0.044135
1691.77 0.344742 -0.344742 -9.46126 0.245264 -0.427119 9.93859 -0.00381791 -0.0928515 0.0445931
1691.79 0.383047 -0.306437 -9.38465 0.227318 -0.437886 9.9314 -0.00305432 -0.0936151 0.0436769
1691.8 0.344742 -0.306437 -9.61448 0.245264 -0.429512 9.93859 -0.00198531 -0.0940732 0.0455095
1691.82 0.306437 -0.268133 -9.65278 0.251246 -0.42353 9.96251 -0.00519235 -0.0890336 0.047342
1691.84 0.153219 -0.344742 -9.806 0.317049 -0.439083 9.93739 -0.00473421 -0.0887282 0.0470366
1691.85 0.268133 -0.268133 -9.61448 0.344566 -0.418744 9.95653 -0.00122173 -0.0943787 0.0432187
1691.87 0.153219 -0.306437 -9.72939 0.357727 -0.385244 9.93619 -0.00320704 -0.0891863 0.0439823
1691.89 0.153219 -0.191523 -9.72939 0.369691 -0.355334 9.9314 -0.00366519 -0.090408 0.0459676
1691.9 0.153219 -0.268133 -9.65278 0.361316 -0.364905 9.91227 -0.00412334 -0.0894917 0.041997
1691.92 0.229828 -0.306437 -9.53786 0.320638 -0.350548 9.92543 -0.00641408 -0.0862847 0.043066
1691.93 0.268133 -0.306437 -9.76769 0.307478 -0.36012 9.91944 -0.00534507 -0.0856738 0.0453567
1691.95 0.344742 -0.229828 -10.1124 0.270389 -0.370887 9.94576 -0.00244346 -0.091477 0.0444404
1691.97 0.306437 -0.306437 -9.46126 0.234497 -0.379262 9.9314 -0.00397062 -0.087201 0.0448986
1691.98 0.459656 -0.268133 -9.806 0.221336 -0.37328 9.9338 -0.00427606 -0.0876591 0.0439823
1692.0 0.344742 -0.344742 -9.65278 0.240479 -0.385244 9.94218 -0.00305432 -0.0911716 0.0436769
1692.02 0.306437 -0.344742 -9.65278 0.246461 -0.385244 9.92662 -0.00442877 -0.0881173 0.0455095
1692.03 0.344742 -0.191523 -9.72939 0.273978 -0.357727 9.92543 -0.00488692 -0.0875064 0.047342
1692.05 0.344742 -0.191523 -9.72939 0.294317 -0.352941 9.9338 -0.00259618 -0.0945314 0.0433714
1692.07 0.344742 -0.344742 -9.53786 0.330209 -0.351745 9.94696 -0.00167988 -0.095295 0.0421497
1692.08 0.344742 -0.306437 -9.95922 0.330209 -0.354138 9.9326 -0.00335976 -0.0902553 0.0455095
1692.1 0.306437 -0.306437 -9.72939 0.315852 -0.344566 9.92901 -0.00733038 -0.0841467 0.0490219
1692.12 0.306437 -0.268133 -9.69109 0.289531 -0.358923 9.93978 -0.00503964 -0.0873537 0.046273
1692.13 0.344742 -0.306437 -9.76769 0.288335 -0.35653 9.94457 -0.00626137 -0.087201 0.0464257
1692.15 0.268133 -0.114914 -9.69109 0.234497 -0.36012 9.92662 -0.00519235 -0.0916298 0.045204
1692.16 0.421352 -0.306437 -9.8443 0.228514 -0.374477 9.92064 -0.00473421 -0.0916298 0.046273
1692.18 0.229828 -0.229828 -9.69109 0.204586 -0.398405 9.94457 -0.00473421 -0.0907135 0.046273
1692.2 0.306437 -0.229828 -9.72939 0.217747 -0.380459 9.94337 -0.00290161 -0.0966694 0.0455095
1692.21 0.344742 -0.421352 -9.69109 0.232104 -0.430708 9.87996 -0.00733038 -0.0896445 0.0461203
1692.23 0.344742 -0.306437 -9.72939 0.276371 -0.374477 9.90987 -0.00351247 -0.0928515 0.045204
1692.25 0.268133 -0.306437 -9.69109 0.300299 -0.342173 9.93021 -0.00305432 -0.0943787 0.0502437
1692.26 0.229828 -0.268133 -9.72939 0.366102 -0.385244 9.93859 -0.0065668 -0.0910189 0.0479529
1692.28 0.114914 -0.306437 -9.72939 0.342173 -0.41994 9.91824 -0.00351247 -0.091477 0.0435241
1692.3 0.306437 -0.191523 -9.61448 0.385244 -0.385244 9.94098 -0.00229074 -0.0919352 0.0433714
1692.31 0.344742 -0.306437 -9.61448 0.318245 -0.37328 9.90987 -0.00381791 -0.0916298 0.0465785
1692.33 0.229828 -0.268133 -9.65278 0.302692 -0.399601 9.92423 -0.00503964 -0.0897971 0.0497855
1692.35 0.153219 -0.306437 -9.95922 0.29671 -0.43669 9.93619 -0.00839939 -0.0846048 0.0444404
1692.36 0.268133 -0.421352 -9.65278 0.251246 -0.418744 9.92184 -0.00198531 -0.0930042 0.0407752
1692.38 0.421352 -0.268133 -9.72939 0.2333 -0.39003 9.9326 -0.00335976 -0.0920879 0.0478002
1692.4 0.383047 -0.306437 -9.76769 0.222532 -0.411565 9.95653 -0.00259618 -0.0951423 0.0491747
1692.41 0.229828 -0.383047 -9.72939 0.284746 -0.400798 9.92543 -0.00473421 -0.0901026 0.0455095
1692.43 0.153219 -0.344742 -9.61448 0.289531 -0.411565 9.92782 -0.00503964 -0.0888809 0.0397062
1692.45 0.268133 -0.344742 -9.65278 0.301496 -0.387637 9.93021 -0.00122173 -0.0917825 0.0494801
1692.46 0.306437 -0.344742 -9.806 0.332602 -0.387637 9.94098 -0.00137445 -0.0923933 0.0497855
1692.48 0.153219 -0.344742 -9.72939 0.379262 -0.387637 9.94098 -0.000458149 -0.0937678 0.0424551
1692.5 0.153219 -0.344742 -9.76769 0.30987 -0.396012 9.91824 -0.00519235 -0.0870483 0.0401644
1692.51 0.191523 -0.306437 -9.72939 0.314656 -0.396012 9.93021 0.000916298 -0.0954477 0.0401644
1692.53 0.383047 -0.191523 -9.53786 0.278764 -0.397208 9.93021 -0.00320704 -0.0911716 0.0491747
1692.55 0.344742 -0.306437 -9.57617 0.244068 -0.396012 9.9338 -0.00305432 -0.0901026 0.0400117
1692.56 0.344742 -0.306437 -9.65278 0.221336 -0.400798 9.93859 -0.00442877 -0.090408 0.0381791
1692.58 0.306437 -0.306437 -9.46126 0.212961 -0.393619 9.94337 0.0 -0.095295 0.0409279
1692.59 0.191523 -0.268133 -9.57617 0.232104 -0.391226 9.92662 -0.00427606 -0.0901026 0.0484111
1692.61 0.383047 -0.229828 -9.69109 0.222532 -0.369691 9.94337 -0.00244346 -0.0908662 0.0427606
1692.63 0.344742 -0.306437 -9.57617 0.258425 -0.344566 9.92782 -0.00122173 -0.0945314 0.0398589
1692.64 0.383047 -0.191523 -9.76769 0.300299 -0.354138 9.93739 -0.00335976 -0.0933096 0.0433714
1692.66 0.191523 -0.229828 -9.69109 0.327816 -0.349352 9.92662 -0.00122173 -0.0926988 0.0465785
1692.68 0.191523 -0.268133 -9.76769 0.331406 -0.357727 9.93978 -0.00259618 -0.0910189 0.0458149
1692.69 0.268133 -0.306437 -9.57617 0.306281 -0.334995 9.92184 -0.0065668 -0.0873537 0.0453567
1692.71 0.306437 -0.268133 -9.76769 0.29671 -0.36012 9.93499 -0.00427606 -0.0899499 0.0456622
1692.73 0.306437 -0.306437 -9.65278 0.288335 -0.393619 9.93978 -0.00733038 -0.0878119 0.0470366
1692.74 0.344742 -0.306437 -9.69109 0.247657 -0.374477 9.93978 -0.00305432 -0.0917825 0.0468839
1692.76 0.421352 -0.383047 -9.806 0.229711 -0.358923 9.93619 -0.00503964 -0.089339 0.0456622
1692.78 0.229828 -0.344742 -9.65278 0.2333 -0.362513 9.94098 -0.00595593 -0.0916298 0.0453567
1692.79 0.0766094 -0.344742 -9.61448 0.222532 -0.378066 9.94576 -0.00366519 -0.0946841 0.0448986
1692.81 0.306437 -0.268133 -9.72939 0.267996 -0.367298 9.92184 -0.00106901 -0.0959058 0.0445931
1692.83 0.191523 -0.229828 -9.88261 0.290728 -0.340977 9.94337 -0.00595593 -0.0907135 0.0487165
1692.84 0.153219 -0.268133 -9.76769 0.323031 -0.346959 9.93021 -0.00580322 -0.0901026 0.0487165
1692.86 0.229828 -0.421352 -9.57617 0.352941 -0.380459 9.9314 -0.00534507 -0.0913243 0.0474948
1692.87 0.153219 -0.383047 -9.72939 0.357727 -0.376869 9.93499 -0.00397062 -0.0933096 0.0432187
1692.89 0.191523 -0.344742 -9.72939 0.34337 -0.372084 9.92423 -0.00733038 -0.087201 0.0488692
1692.91 0.344742 -0.229828 -9.72939 0.314656 -0.396012 9.93978 -0.00702495 -0.0873537 0.0478002
1692.92 0.229828 -0.306437 -9.72939 0.302692 -0.422333 9.93978 -0.00503964 -0.0931569 0.0453567
1692.94 0.306437 -0.344742 -9.69109 0.281157 -0.43669 9.94696 -0.00870483 -0.0865901 0.0447459
1692.96 0.268133 -0.344742 -9.53786 0.242871 -0.424726 9.92782 -0.00259618 -0.0925461 0.0426078
1692.97 0.383047 -0.383047 -9.65278 0.2333 -0.42353 9.93859 -0.00137445 -0.0942259 0.0459676
1692.99 0.191523 -0.344742 -9.65278 0.234497 -0.422333 9.92782 -0.00733038 -0.0876591 0.0490219
1693.01 0.268133 -0.344742 -9.69109 0.278764 -0.421137 9.93978 -0.00351247 -0.0922406 0.043066
1693.02 0.229828 -0.383047 -9.72939 0.287139 -0.400798 9.93499 -0.00290161 -0.0945314 0.0464257
1693.04 0.229828 -0.268133 -9.76769 0.312263 -0.380459 9.9326 -0.00244346 -0.0928515 0.0471893
1693.06 0.268133 -0.306437 -9.76769 0.331406 -0.378066 9.92901 -0.00534507 -0.089339 0.0479529
1693.07 0.344742 -0.383047 -9.72939 0.346959 -0.382851 9.93499 -0.00137445 -0.0934624 0.0409279
1693.09 0.268133 -0.268133 -9.65278 0.330209 -0.37328 9.92184 -0.00305432 -0.0917825 0.0432187
1693.11 0.268133 -0.306437 -9.61448 0.372084 -0.404387 9.91824 -0.00213803 -0.0928515 0.0447459
1693.12 0.114914 -0.268133 -9.92091 0.229711 -0.413958 9.92423 -0.00702495 -0.0836885 0.0468839
1693.14 0.306437 -0.306437 -9.69109 0.218943 -0.42353 9.92423 -0.00458149 -0.08827 0.0433714
1693.16 0.383047 -0.268133 -9.72939 0.217747 -0.41994 9.95773 -0.00717767 -0.0849102 0.0426078
1693.17 0.383047 -0.344742 -9.69109 0.218943 -0.403191 9.94815 -0.000763581 -0.0939205 0.045204
1693.19 0.344742 -0.383047 -9.53786 0.242871 -0.40678 9.93739 -0.00580322 -0.0870483 0.0464257
1693.2 0.344742 -0.306437 -9.65278 0.236889 -0.369691 9.9326 -0.00152716 -0.0926988 0.0403171
1693.22 0.268133 -0.229828 -9.57617 0.281157 -0.321834 9.92901 -0.00213803 -0.0928515 0.0435241
1693.24 0.229828 -0.268133 -9.61448 0.339781 -0.331406 9.92543 -0.00213803 -0.0925461 0.0478002
1693.25 0.421352 -0.306437 -9.806 0.340977 -0.324227 9.92543 -0.00274889 -0.0901026 0.0479529
1693.27 0.306437 -0.306437 -9.53786 0.325424 -0.317049 9.92184 -0.00305432 -0.0901026 0.045204
1693.29 0.344742 -0.306437 -9.69109 0.308674 -0.324227 9.93021 -0.00290161 -0.0922406 0.045204
1693.3 0.344742 -0.306437 -9.76769 0.271585 -0.382851 9.93021 -0.00366519 -0.0917825 0.047342
1693.32 0.153219 -0.306437 -9.65278 0.267996 -0.375673 9.9314 -0.00427606 -0.0911716 0.0461203
1693.34 0.191523 -0.153219 -9.61448 0.232104 -0.375673 9.93859 -0.00534507 -0.0864374 0.0461203
1693.35 0.268133 -0.268133 -9.65278 0.230907 -0.372084 9.94218 -0.00397062 -0.0916298 0.0458149
1693.37 0.191523 -0.344742 -9.69109 0.234497 -0.394816 9.92782 -0.00519235 -0.089339 0.0481056
1693.39 0.383047 -0.306437 -9.61448 0.256032 -0.384048 9.94576 -0.00397062 -0.0908662 0.0470366
1693.4 0.153219 -0.268133 -9.38465 0.302692 -0.349352 9.94218 -0.00824668 -0.0868956 0.0467312
1693.42 0.229828 -0.268133 -9.76769 0.303888 -0.330209 9.9314 -0.00305432 -0.0926988 0.0468839
1693.44 0.268133 -0.306437 -9.69109 0.323031 -0.34337 9.9338 -0.00580322 -0.0907135 0.0468839
1693.45 0.268133 -0.268133 -9.57617 0.329013 -0.355334 9.93021 -0.00626137 -0.091477 0.0476475
1693.47 0.306437 -0.229828 -9.38465 0.323031 -0.348156 9.92662 -0.00595593 -0.0890336 0.0470366
1693.49 0.229828 -0.229828 -9.65278 0.306281 -0.391226 9.94337 -0.00595593 -0.0896445 0.047342
1693.5 0.153219 -0.383047 -9.49956 0.300299 -0.400798 9.95773 -0.00870483 -0.0864374 0.0490219
1693.52 0.191523 -0.383047 -9.72939 0.404387 -0.465404 9.93859 -0.00320704 -0.0943787 0.0421497
1693.54 0.306437 -0.229828 -9.46126 0.135194 -0.401994 9.91944 -0.00503964 -0.0907135 0.0458149
1693.55 0.268133 -0.306437 -9.38465 0.0586241 -0.352941 9.94576 -0.00626137 -0.0853684 0.047342
1693.57 0.306437 -0.383047 -9.69109 0.275174 -0.518046 9.94576 -0.00167988 -0.0960585 0.0438296
1693.59 0.114914 -0.306437 -9.72939 0.238086 -0.421137 9.91585 -0.00290161 -0.0934624 0.0426078
1693.6 0.268133 -0.383047 -9.65278 0.239282 -0.386441 9.94098 -0.00305432 -0.0925461 0.0442877
1693.62 0.191523 -0.306437 -9.72939 0.314656 -0.376869 9.9326 -0.00290161 -0.096364 0.0439823
1693.64 0.268133 -0.268133 -9.69109 0.357727 -0.368495 9.9314 -0.00320704 -0.0930042 0.0433714
1693.65 0.229828 -0.306437 -9.92091 0.357727 -0.367298 9.94815 -0.0018326 -0.0922406 0.0444404
1693.67 0.0766094 -0.306437 -9.49956 0.338584 -0.369691 9.94337 -0.0056505 -0.0875064 0.0455095
1693.69 0.191523 -0.306437 -9.69109 0.303888 -0.386441 9.92662 -0.00412334 -0.0896445 0.0455095
1693.7 0.306437 -0.268133 -9.69109 0.267996 -0.41994 9.94576 -0.00534507 -0.0875064 0.0458149
1693.72 0.306437 -0.421352 -9.76769 0.254835 -0.422333 9.93021 -0.00320704 -0.0923933 0.0438296
1693.74 0.268133 -0.229828 -9.76769 0.241675 -0.382851 9.92543 -0.00213803 -0.0928515 0.0416915
1693.75 0.268133 -0.306437 -9.76769 0.232104 -0.392423 9.94218 -0.000916298 -0.0928515 0.0455095
1693.77 0.344742 -0.306437 -9.69109 0.25005 -0.422333 9.9338 -0.00366519 -0.0902553 0.045204
1693.78 0.268133 -0.306437 -9.76769 0.277567 -0.392423 9.92782 -0.00641408 -0.0881173 0.0435241
1693.8 0.229828 -0.268133 -9.72939 0.305085 -0.345763 9.94337 -0.00198531 -0.0937678 0.0416915
1693.82 0.344742 -0.229828 -9.76769 0.318245 -0.339781 9.93739 -0.00397062 -0.0910189 0.0484111
1693.83 0.229828 -0.306437 -9.61448 0.323031 -0.34337 9.94098 -0.00580322 -0.0875064 0.0481056
1693.85 0.268133 -0.306437 -9.61448 0.325424 -0.342173 9.92184 -0.00427606 -0.0888809 0.0413861
1693.87 0.306437 -0.268133 -9.49956 0.287139 -0.330209 9.92423 -0.00320704 -0.0926988 0.0444404
1693.88 0.229828 -0.229828 -9.42295 0.275174 -0.331406 9.9338 -0.00412334 -0.0931569 0.0458149
1693.9 0.306437 -0.268133 -9.57617 0.289531 -0.372084 9.84407 -0.00610865 -0.0881173 0.0493274
1693.92 0.344742 -0.306437 -9.69109 0.350548 -0.368495 9.96371 -0.00152716 -0.0959058 0.0424551
1693.93 0.383047 -0.306437 -9.61448 0.21655 -0.372084 9.92662 -0.0074831 -0.0868956 0.0461203
1693.95 0.0383047 -0.421352 -9.61448 0.259621 -0.39003 9.94815 -0.0065668 -0.0891863 0.0478002
1693.97 0.268133 -0.306437 -9.53786 0.242871 -0.407976 9.90868 -0.00519235 -0.0885754 0.0465785
1693.98 0.344742 -0.268133 -9.72939 0.241675 -0.344566 9.91227 -0.00534507 -0.0939205 0.0435241
1694.0 0.153219 -0.383047 -9.65278 0.301496 -0.351745 9.94098 -0.00503964 -0.0917825 0.0442877
1694.02 0.306437 -0.344742 -9.76769 0.30987 -0.391226 9.93619 -0.00427606 -0.0936151 0.0484111
1694.03 0.268133 -0.229828 -9.76769 0.315852 -0.379262 9.93739 -0.00320704 -0.0907135 0.0474948
1694.05 0.229828 -0.306437 -9.76769 0.30987 -0.342173 9.93739 -0.00244346 -0.0940732 0.0442877
1694.07 0.229828 -0.306437 -9.65278 0.306281 -0.348156 9.93619 -0.00778853 -0.0853684 0.0474948
1694.08 0.268133 -0.229828 -9.57617 0.293121 -0.392423 9.93859 -0.0074831 -0.0875064 0.047342
1694.1 0.306437 -0.383047 -9.57617 0.281157 -0.41994 9.92423 -0.00809396 -0.0835358 0.0497855
1694.11 0.153219 -0.383047 -9.92091 0.258425 -0.386441 9.93978 -0.00488692 -0.0925461 0.0438296
1694.13 0.153219 -0.268133 -9.65278 0.248853 -0.410369 9.9326 -0.00671952 -0.0891863 0.0468839
1694.15 0.229828 -0.306437 -9.8443 0.251246 -0.40678 9.91466 -0.00503964 -0.0916298 0.0439823
1694.16 0.229828 -0.306437 -9.69109 0.270389 -0.381655 9.95294 -0.00290161 -0.0946841 0.043066
1694.18 0.268133 -0.306437 -9.69109 0.285942 -0.403191 9.92184 -0.00687223 -0.090408 0.0491747
1694.2 0.268133 -0.344742 -9.69109 0.281157 -0.443868 9.91705 -0.00549779 -0.0905607 0.0471893
1694.21 0.229828 -0.153219 -9.65278 0.342173 -0.400798 9.92782 -0.00412334 -0.0901026 0.0448986
1694.23 0.229828 -0.229828 -9.72939 0.338584 -0.384048 9.95294 -0.00198531 -0.0931569 0.0432187
1694.25 0.191523 -0.344742 -9.72939 0.312263 -0.391226 9.91824 -0.00488692 -0.0887282 0.0491747
1694.26 0.268133 -0.383047 -9.76769 0.323031 -0.417547 9.93021 -0.00106901 -0.0977384 0.0421497
1694.28 0.344742 -0.268133 -9.69109 0.327816 -0.39003 9.93978 -0.00305432 -0.0902553 0.0432187
1694.3 0.306437 -0.306437 -9.76769 0.2333 -0.39003 9.92782 -0.00366519 -0.0888809 0.0438296
1694.31 0.344742 -0.306437 -9.57617 0.230907 -0.412762 9.92782 -0.00290161 -0.0931569 0.0453567
1694.33 0.306437 -0.306437 -9.72939 0.272782 -0.404387 9.91944 -0.00122173 -0.0962113 0.0423024
1694.35 0.306437 -0.344742 -9.8443 0.259621 -0.378066 9.93859 -0.00259618 -0.0917825 0.0404698
1694.36 0.421352 -0.421352 -9.76769 0.244068 -0.392423 9.9003 -0.00167988 -0.0926988 0.0433714
1694.38 0.459656 -0.306437 -9.8443 0.241675 -0.372084 9.92184 -0.00320704 -0.0905607 0.045204
1694.39 0.229828 -0.344742 -9.49956 0.321834 -0.37328 9.94815 -0.00335976 -0.0905607 0.0455095
1694.41 0.191523 -0.383047 -9.72939 0.320638 -0.376869 9.93859 -0.00274889 -0.0922406 0.0412334
1694.43 0.268133 -0.383047 -9.65278 0.267996 -0.385244 9.94337 -0.00122173 -0.0936151 0.0404698
1694.44 0.114914 -0.268133 -9.72939 0.307478 -0.362513 9.92064 -0.00290161 -0.0913243 0.0471893
1694.46 0.268133 -0.344742 -9.65278 0.30987 -0.372084 9.91107 -0.00259618 -0.0916298 0.0445931
1694.48 0.344742 -0.383047 -9.57617 0.301496 -0.381655 9.95414 -0.00290161 -0.0937678 0.0433714
1694.49 0.344742 -0.383047 -9.42295 0.26321 -0.379262 9.94098 -0.00213803 -0.091477 0.0416915
1694.51 0.306437 -0.344742 -9.72939 0.273978 -0.34337 9.94457 -0.00580322 -0.0885754 0.0456622
1694.53 0.306437 -0.268133 -9.57617 0.282353 -0.355334 9.94337 -0.00610865 -0.0884227 0.0455095
1694.54 0.497961 -0.306437 -9.57617 0.22014 -0.369691 9.91107 -0.00580322 -0.0885754 0.0448986
1694.56 0.306437 -0.383047 -9.34634 0.215354 -0.357727 9.91227 -0.00290161 -0.091477 0.0409279
1694.58 0.344742 -0.306437 -9.8443 0.211765 -0.350548 9.9338 -0.00290161 -0.0939205 0.0485638
1694.59 0.306437 -0.229828 -9.8443 0.324227 -0.331406 9.95892 -0.00717767 -0.0879646 0.0516181
1694.61 0.268133 -0.268133 -9.57617 0.270389 -0.376869 9.9015 -0.00381791 -0.0925461 0.0442877
1694.63 0.306437 -0.344742 -9.806 0.251246 -0.378066 9.91585 -0.00503964 -0.0911716 0.0421497
1694.64 0.344742 -0.268133 -9.69109 0.284746 -0.370887 9.93619 -0.00671952 -0.08827 0.0468839
1694.66 0.0 -0.306437 -9.57617 0.363709 -0.368495 9.94218 -0.00244346 -0.0946841 0.0513127
1694.67 0.268133 -0.344742 -9.72939 0.265603 -0.405583 9.91944 -0.00473421 -0.0931569 0.0418443
1694.69 0.306437 -0.306437 -9.92091 0.210568 -0.405583 9.89432 -0.00595593 -0.0894917 0.0377209
1694.71 0.229828 -0.268133 -9.53786 0.2668 -0.374477 9.95653 -0.00580322 -0.0888809 0.0436769
1694.72 0.191523 -0.191523 -9.88261 0.282353 -0.399601 9.99362 -0.00503964 -0.0890336 0.0542143
1694.74 0.268133 -0.344742 -9.69109 0.234497 -0.411565 9.98883 -0.00519235 -0.0884227 0.0445931
1694.76 0.344742 -0.306437 -9.76769 0.0837488 -0.45344 10.0355 -0.00610865 -0.0878119 0.0392481
1694.77 0.306437 -0.306437 -9.61448 0.0634098 -0.457029 9.87159 -0.0018326 -0.0930042 0.0366519
1694.79 0.497961 -0.306437 -9.76769 0.0430708 -0.451047 9.93021 -0.00274889 -0.0917825 0.054367
1694.81 0.536266 -0.383047 -9.69109 0.0299103 -0.435494 9.95414 -0.00397062 -0.0922406 0.0571159
1694.82 0.344742 -0.344742 -9.806 0.245264 -0.470189 9.98764 -0.00106901 -0.100182 0.047342
1694.84 0.229828 -0.306437 -9.57617 0.338584 -0.416351 9.95533 -0.000610865 -0.0962113 0.0432187
1694.86 0.268133 -0.383047 -9.65278 0.278764 -0.429512 9.99123 -0.000610865 -0.0975857 0.0427606
1694.87 0.383047 -0.191523 -9.8443 0.135194 -0.455832 10.0331 -0.00412334 -0.0934624 0.0525344
1694.89 0.306437 -0.344742 -9.76769 0.223729 -0.490529 9.95174 -0.00320704 -0.0946841 0.0465785
1694.91 0.421352 -0.497961 -9.95922 0.11007 -0.567099 9.97926 -0.00167988 -0.0945314 0.0372628
1694.92 0.421352 -0.383047 -10.1124 -0.0239282 -0.531206 10.0044 0.000763581 -0.0968221 0.0390954
1694.94 0.421352 -0.459656 -9.76769 -0.0394815 -0.527617 10.0235 0.000763581 -0.0994183 0.0471893
1694.96 0.383047 -0.497961 -9.69109 -0.130409 -0.583848 9.88834 0.00122173 -0.0994183 0.0450513
1694.97 0.57457 -0.421352 -9.806 -0.148355 -0.618545 9.88953 -0.000763581 -0.0954477 0.0427606
1694.99 0.497961 -0.421352 -9.49956 -0.0729811 -0.583848 9.84287 0.00305432 -0.109956 0.0384845
1695.01 0.57457 -0.306437 -9.53786 0.135194 -0.454636 9.78664 0.00809396 -0.113163 0.0511599
1695.02 0.153219 -0.229828 -9.72939 0.26321 -0.398405 9.89073 0.00687223 -0.116064 0.0496328
1695.04 -0.114914 -0.229828 -9.92091 0.740578 -0.26321 10.1695 0.0074831 -0.111177 0.0500909
1695.06 -0.153219 -0.0383047 -9.76769 0.842273 -0.133998 9.99123 0.00809396 -0.107818 0.043066
1695.07 0.344742 -0.191523 -9.8443 0.552742 -0.262014 9.97807 0.00335976 -0.0983493 0.0406225
1695.09 0.229828 -0.383047 -9.806 -0.0287139 -0.514457 9.99601 -0.00229074 -0.0960585 0.0436769
1695.1 0.383047 -0.497961 -9.46126 -0.0239282 -0.588634 9.90389 0.00290161 -0.105832 0.0354302
1695.12 0.344742 -0.459656 -9.57617 -0.0370887 -0.592223 9.9314 0.00610865 -0.106138 0.0403171
1695.14 0.65118 -0.383047 -10.0741 -0.192622 -0.53001 9.99362 0.00855211 -0.108887 0.0453567
1695.15 0.57457 -0.306437 -9.61448 -0.0490528 -0.48335 9.97448 0.0065668 -0.113315 0.0458149
1695.17 0.421352 -0.229828 -9.65278 0.166301 -0.412762 9.99123 0.00778853 -0.116828 0.0424551
1695.19 0.153219 -0.344742 -9.69109 0.251246 -0.378066 10.0463 0.00962113 -0.118202 0.0389426
1695.2 0.306437 -0.306437 -9.72939 0.244068 -0.317049 9.90269 0.0106901 -0.117286 0.0436769
1695.22 0.306437 -0.383047 -9.61448 0.159123 -0.323031 9.74596 0.0105374 -0.120799 0.0484111
1695.24 0.344742 -0.344742 -9.49956 0.192622 -0.362513 9.70768 0.00977384 -0.119577 0.047342
1695.25 -0.0383047 -0.229828 -9.53786 0.562313 -0.294317 9.82492 0.0103847 -0.127518 0.0470366
1695.27 -0.0766094 -0.153219 -9.46126 0.963111 -0.106481 9.95055 0.0117592 -0.126144 0.0508545
1695.28 -0.459656 0.0 -9.806 1.04806 -0.0454636 9.90509 0.0119119 -0.12202 0.0519235
1695.3 -0.0766094 0.0 -9.8443 0.782453 -0.0717846 9.9326 0.00595593 -0.111636 0.0510072
1695.32 -0.0383047 -0.268133 -9.8443 0.684347 -0.180658 10.1121 0.00106901 -0.108734 0.0384845
1695.33 -0.153219 -0.191523 -9.76769 0.696311 -0.314656 10.0092 -0.000610865 -0.104916 0.0366519
1695.35 0.229828 -0.268133 -9.99752 0.32662 -0.369691 9.91585 0.00320704 -0.104153 0.0364992
1695.37 0.459656 -0.421352 -9.806 -0.0945165 -0.470189 9.97687 0.00122173 -0.100182 0.0481056
1695.38 0.421352 -0.306437 -9.65278 -0.0299103 -0.418744 10.0164 0.00427606 -0.108581 0.0508545
1695.4 0.153219 -0.229828 -9.61448 0.495314 -0.300299 9.85603 0.00595593 -0.115454 0.0427606
1695.41 0.0 -0.229828 -9.806 0.485743 -0.27996 9.97567 0.00213803 -0.106749 0.0471893
1695.43 -0.0766094 -0.268133 -9.57617 0.461814 -0.210568 9.95653 0.00473421 -0.110567 0.0516181
1695.45 -0.268133 -0.0766094 -9.53786 0.853041 -0.0837488 9.81535 0.00549779 -0.113774 0.0557414
1695.46 -0.421352 -0.0766094 -9.46126 1.04925 -0.0861416 9.71246 0.00152716 -0.108429 0.0549779
1695.48 -0.344742 -0.229828 -9.42295 0.951147 -0.141176 9.74357 0.00137445 -0.103847 0.0423024
1695.5 -0.268133 -0.0766094 -9.61448 1.06361 -0.0945165 9.80219 0.000458149 -0.103847 0.0415388
1695.51 -0.497961 0.0 -9.8443 1.30528 -0.0311067 9.8333 0.000152716 -0.100182 0.0528398
1695.53 -0.421352 0.0 -9.92091 1.15454 -0.061017 9.84526 -0.00274889 -0.0901026 0.0507018
1695.55 -0.191523 -0.191523 -9.806 0.87338 -0.172283 9.87637 -0.00809396 -0.0789543 0.0470366
1695.56 0.0 -0.229828 -9.65278 0.484546 -0.317049 9.94457 -0.00931569 -0.0818559 0.0280998
1695.58 0.153219 -0.268133 -9.72939 0.494118 -0.32662 10.0116 -0.0065668 -0.0856738 0.0375682
1695.6 0.229828 -0.383047 -9.76769 0.440279 -0.366102 9.98405 -0.0065668 -0.0823141 0.0499382
1695.61 0.344742 -0.344742 -9.72939 0.148355 -0.400798 9.98405 -0.00763582 -0.0797179 0.0502437
1695.63 0.306437 -0.344742 -9.8443 0.226122 -0.312263 10.0343 -0.00473421 -0.0891863 0.0384845
1695.65 0.0 -0.191523 -9.65278 0.625723 -0.221336 9.94218 -0.00549779 -0.0897971 0.0432187
1695.66 -0.114914 -0.0766094 -9.92091 0.71665 -0.172283 9.96371 -0.0065668 -0.0867428 0.0510072
1695.68 -0.114914 -0.268133 -9.76769 0.512064 -0.221336 9.92543 -0.00580322 -0.0824668 0.0545197
1695.7 -0.153219 -0.0383047 -9.57617 0.744168 -0.151944 9.7663 -0.00641408 -0.0815505 0.0455095
1695.71 -0.153219 -0.153219 -9.92091 0.787238 -0.136391 9.75912 -0.00610865 -0.0841467 0.0442877
1695.73 -0.229828 -0.153219 -9.69109 0.599402 -0.300299 9.73639 -0.0106901 -0.0763581 0.0456622
1695.74 -0.0766094 -0.229828 -9.49956 0.637687 -0.256032 9.79023 -0.00794125 -0.0803288 0.0482583
1695.76 -0.191523 -0.153219 -9.30804 0.796809 -0.187837 9.81296 -0.00671952 -0.0798706 0.0455095
1695.78 -0.268133 -0.268133 -9.88261 0.625723 -0.168694 9.89312 -0.00824668 -0.078038 0.0424551
1695.79 0.153219 -0.268133 -9.65278 0.509671 -0.241675 9.96012 -0.00977384 -0.0772744 0.0426078
1695.81 0.191523 -0.268133 -9.72939 0.354138 -0.363709 9.9326 -0.0100793 -0.0771217 0.036041
1695.82 0.114914 -0.383047 -9.99752 0.323031 -0.378066 10.0295 -0.0106901 -0.0734565 0.0387899
1695.84 0.459656 -0.383047 -9.806 0.087338 -0.381655 10.0247 -0.00839939 -0.0766636 0.0407752
1695.85 0.536266 -0.306437 -9.76769 -0.00717846 -0.409173 10.0917 -0.00885754 -0.0786489 0.0448986
1695.87 0.383047 -0.306437 -9.53786 0.0370887 -0.42353 10.1336 -0.0138972 -0.0734565 0.0470366
1696.46 -0.0383047 -0.0383047 -9.69109 0.654437 -0.269192 9.95174 0.00671952 -0.113774 0.0497855
1696.48 -0.114914 -0.0383047 -9.76769 0.677169 -0.150748 9.88834 0.00595593 -0.111483 0.0487165
1696.49 -0.153219 -0.153219 -9.42295 0.824327 -0.151944 9.83689 0.00106901 -0.102167 0.0410807
1696.51 0.0 -0.153219 -9.69109 0.490529 -0.15673 9.82492 0.000458149 -0.0998765 0.0401644
1696.53 0.0383047 -0.229828 -9.42295 0.344566 -0.312263 9.85244 -0.000916298 -0.102473 0.045204
1696.54 0.268133 -0.229828 -9.72939 0.35653 -0.327816 9.86201 0.00167988 -0.109192 0.0488692
1696.56 0.306437 -0.191523 -9.8443 0.349352 -0.314656 9.92064 0.00137445 -0.104458 0.0459676
1696.57 0.306437 -0.153219 -9.76769 0.300299 -0.269192 10.0319 0.00305432 -0.10568 0.0442877
1696.59 0.229828 -0.306437 -9.806 0.36012 -0.367298 9.99003 0.000763581 -0.108429 0.0481056
1696.61 0.229828 -0.383047 -9.65278 0.247657 -0.42353 9.96969 0.000916298 -0.107665 0.0468839
1696.62 0.229828 -0.344742 -9.69109 0.258425 -0.470189 9.95294 0.00351247 -0.108429 0.0479529
1696.64 0.229828 -0.344742 -9.88261 0.411565 -0.349352 10.0379 0.00351247 -0.109192 0.0470366
1696.66 0.0 -0.229828 -9.65278 0.5001 -0.295514 9.97807 0.00458149 -0.110414 0.0478002
1696.67 0.0 -0.306437 -9.65278 0.51685 -0.320638 9.92782 0.00274889 -0.107207 0.0481056
1696.69 -0.0766094 -0.268133 -9.57617 0.54317 -0.340977 9.83689 0.00167988 -0.104763 0.0450513
1696.71 -0.344742 -0.191523 -9.42295 0.693918 -0.155533 9.84885 0.00366519 -0.107512 0.0464257
1696.72 -0.268133 -0.153219 -9.8443 0.832702 -0.167498 9.91705 0.00473421 -0.108887 0.0479529
1696.74 -0.459656 -0.114914 -9.49956 0.796809 -0.13998 9.85364 0.00229074 -0.104 0.0478002
1696.76 -0.114914 -0.191523 -9.57617 0.690329 -0.204586 9.82851 0.00198531 -0.100335 0.0407752
1696.77 -0.0383047 -0.229828 -9.61448 0.702293 -0.262014 9.82851 0.00106901 -0.100945 0.0439823
1696.79 -0.191523 -0.153219 -9.8443 0.715454 -0.239282 9.95294 0.00320704 -0.102931 0.047342
1696.81 -0.114914 -0.153219 -9.76769 0.613759 -0.245264 9.95055 -0.000610865 -0.0977384 0.0511599
1696.82 0.0766094 -0.306437 -9.72939 0.524028 -0.384048 9.9326 -0.0018326 -0.0959058 0.0413861
1696.84 0.229828 -0.344742 -9.72939 0.258425 -0.451047 9.92543 -0.000763581 -0.0956004 0.0357356
1696.86 0.191523 -0.421352 -9.92091 0.312263 -0.459422 9.91466 0.00290161 -0.101251 0.041997
1696.87 0.191523 -0.306437 -9.69109 0.43669 -0.351745 9.95533 0.00335976 -0.101709 0.0494801
1696.89 0.306437 -0.191523 -9.806 0.486939 -0.295514 9.95533 0.00381791 -0.103236 0.0413861
1696.91 -0.0766094 -0.229828 -9.76769 0.507278 -0.215354 9.93021 0.000610865 -0.100182 0.0355829
