1818.16 0.153219 -0.0383047 -9.69109 0.370887 -0.0646062 9.93739 -0.000916298 -0.0922406 0.043066
1818.18 0.153219 0.0383047 -9.806 0.388834 -0.0478564 9.92662 -0.00259618 -0.0881173 0.0450513
1818.2 0.0383047 -0.0766094 -9.92091 0.399601 -0.0741775 9.92901 -0.00229074 -0.0931569 0.0426078
1818.21 0.114914 -0.0766094 -9.72939 0.430708 -0.100499 9.93859 -0.000916298 -0.0951423 0.0403171
1818.23 0.0766094 -0.0766094 -9.76769 0.429512 -0.0921237 9.92662 -0.000305433 -0.089339 0.0439823
1818.25 0.114914 -0.114914 -9.69109 0.437886 -0.105284 9.93739 -0.00320704 -0.0858265 0.0455095
1818.26 0.191523 -0.0383047 -9.69109 0.42353 -0.106481 9.92901 -0.00122173 -0.0888809 0.0415388
1818.28 0.344742 -0.0766094 -9.65278 0.424726 -0.0861416 9.93619 -0.000305433 -0.0881173 0.0378736
1818.3 0.306437 -0.0766094 -9.806 0.403191 -0.0681954 9.92184 0.00213803 -0.0931569 0.0352775
1818.31 0.191523 -0.0383047 -9.72939 0.369691 -0.026321 9.91824 -0.00366519 -0.085063 0.0406225
1818.33 0.306437 0.0766094 -9.806 0.344566 0.00119641 9.9314 -0.000610865 -0.0916298 0.0398589
1818.35 0.191523 0.0383047 -9.65278 0.344566 0.00837488 9.92303 -0.00229074 -0.090408 0.0400117
1818.36 0.153219 0.0383047 -9.76769 0.332602 0.0275174 9.9338 -0.00442877 -0.08827 0.0432187
1818.38 0.153219 0.0 -9.8443 0.334995 0.026321 9.93619 -0.00335976 -0.0925461 0.0470366
1818.4 0.153219 0.153219 -9.76769 0.348156 0.0358923 9.91824 -0.00473421 -0.090408 0.0476475
1818.41 0.153219 0.114914 -9.8443 0.368495 -0.00717846 9.92543 -0.00778853 -0.0878119 0.0513127
1818.43 0.153219 0.0383047 -9.69109 0.376869 -0.0251246 9.91585 -0.00671952 -0.0926988 0.0491747
1818.45 0.153219 0.0 -9.72939 0.378066 -0.0526421 9.9326 -0.00626137 -0.087201 0.0505491
1818.46 0.114914 -0.114914 -9.53786 0.349352 -0.0454636 9.92184 -0.0074831 -0.0899499 0.0516181
1818.48 0.229828 -0.0766094 -9.72939 0.35653 -0.0574277 9.9326 -0.00366519 -0.0948368 0.0481056
1818.49 0.191523 0.0383047 -9.69109 0.34337 -0.0765703 9.92543 -0.0065668 -0.0913243 0.0464257
1818.51 0.153219 -0.0383047 -9.8443 0.345763 -0.0741775 9.92423 -0.00503964 -0.0925461 0.0490219
1818.53 0.268133 0.0383047 -9.69109 0.350548 -0.0681954 9.9314 -0.00794125 -0.08827 0.0488692
1818.54 0.268133 -0.0383047 -9.806 0.36012 -0.0514457 9.93619 -0.00733038 -0.0894917 0.0496328
1818.56 0.229828 -0.0383047 -9.53786 0.366102 -0.0526421 9.93859 -0.00717767 -0.0923933 0.0487165
1818.58 0.0766094 0.0383047 -9.72939 0.37328 -0.061017 9.93859 -0.00381791 -0.0978911 0.046273
1818.59 0.0766094 -0.191523 -9.76769 0.404387 -0.0825523 9.91944 -0.00885754 -0.087201 0.0525344
1818.61 0.153219 -0.0766094 -9.57617 0.41994 -0.114855 9.91585 -0.00503964 -0.0933096 0.0523817
1818.63 0.114914 -0.114914 -9.76769 0.435494 -0.128016 9.93021 -0.00473421 -0.0983493 0.0488692
1818.64 0.153219 -0.153219 -9.76769 0.45344 -0.15673 9.91346 -0.00901026 -0.087201 0.0507018
1818.66 -0.0383047 -0.229828 -9.57617 0.459422 -0.222532 9.92184 -0.00473421 -0.0930042 0.0479529
1818.68 0.229828 -0.191523 -9.69109 0.455832 -0.210568 9.9338 -0.00503964 -0.091477 0.0458149
1818.69 0.114914 -0.153219 -9.76769 0.457029 -0.206979 9.93021 -0.00366519 -0.0899499 0.0450513
1818.71 0.191523 -0.114914 -9.49956 0.446261 -0.199801 9.93499 -0.00106901 -0.091477 0.0432187
1818.73 0.191523 -0.153219 -9.69109 0.427119 -0.160319 9.92543 -0.00259618 -0.089339 0.0410807
1818.74 0.306437 -0.0383047 -9.57617 0.415155 -0.142373 9.93859 -0.00351247 -0.0846048 0.0407752
1818.76 0.229828 -0.0766094 -9.69109 0.407976 -0.09332 9.95055 0.000763581 -0.0943787 0.0394008
1818.78 0.153219 -0.0383047 -10.0358 0.388834 -0.0562313 9.93021 -0.00122173 -0.0885754 0.0423024
1818.79 0.191523 0.0 -9.72939 0.380459 -0.0550349 9.92303 -0.00259618 -0.0865901 0.0415388
1818.81 0.191523 0.153219 -9.72939 0.397208 -0.0562313 9.93978 -0.00412334 -0.0868956 0.0424551
1818.83 0.229828 -0.0383047 -9.72939 0.384048 -0.061017 9.92423 -0.000610865 -0.0911716 0.0415388
1818.84 0.0766094 -0.114914 -9.65278 0.380459 -0.0705882 9.92901 -0.00290161 -0.0897971 0.0438296
1818.86 0.191523 -0.0766094 -9.69109 0.387637 -0.0897308 9.92901 -0.00305432 -0.0875064 0.0433714
1818.88 0.153219 -0.153219 -9.65278 0.396012 -0.108873 9.94098 -0.00259618 -0.0862847 0.0432187
1818.89 0.344742 0.0 -9.72939 0.37328 -0.0825523 9.93739 -0.00274889 -0.0891863 0.0410807
1818.91 0.229828 0.0 -9.57617 0.368495 -0.0765703 9.93499 -0.00320704 -0.0868956 0.0423024
1818.93 0.306437 -0.0766094 -9.65278 0.36012 -0.0550349 9.92782 -0.00274889 -0.0862847 0.0410807
1818.94 0.191523 -0.0766094 -9.76769 0.367298 -0.0239282 9.91944 -0.000152716 -0.0917825 0.0369573
1818.96 0.344742 0.0766094 -9.65278 0.352941 -0.0167498 9.91466 -0.00595593 -0.0890336 0.041997
1818.98 0.268133 0.0 -9.69109 0.348156 0.0299103 9.92662 0.0 -0.0937678 0.0421497
1818.99 0.191523 0.0766094 -9.72939 0.345763 0.0251246 9.91227 -0.00229074 -0.0913243 0.0423024
1819.01 0.191523 0.153219 -9.57617 0.358923 0.0167498 9.93739 -0.00320704 -0.0939205 0.0464257
1819.03 0.191523 0.0766094 -9.53786 0.368495 0.0131605 9.93859 -0.00106901 -0.0977384 0.0459676
1819.04 0.306437 0.0383047 -9.69109 0.354138 -0.0239282 9.90987 -0.00580322 -0.0930042 0.0503964
1819.06 0.153219 0.0766094 -9.69109 0.380459 -0.0346959 9.93499 -0.00580322 -0.0926988 0.0500909
1819.07 0.191523 0.0 -9.53786 0.363709 -0.0586241 9.92782 -0.00687223 -0.0899499 0.0500909
1819.09 0.191523 -0.0766094 -9.8443 0.37328 -0.0801595 9.92064 -0.00824668 -0.0875064 0.0490219
1819.11 0.114914 0.0 -9.65278 0.386441 -0.0909272 9.91824 -0.00442877 -0.0948368 0.0500909
1819.12 0.229828 0.0 -9.72939 0.364905 -0.0885344 9.9314 -0.00351247 -0.0943787 0.0499382
1819.14 0.191523 -0.0383047 -9.72939 0.388834 -0.0646062 9.9338 -0.00901026 -0.0838412 0.0494801
1819.16 0.229828 0.0383047 -9.65278 0.385244 -0.0705882 9.92543 -0.00671952 -0.0908662 0.0482583
1819.17 0.0766094 0.0 -9.57617 0.380459 -0.0646062 9.92662 -0.0056505 -0.0908662 0.0484111
1819.19 0.153219 -0.153219 -9.61448 0.400798 -0.0430708 9.93739 -0.00610865 -0.0897971 0.0494801
1819.21 0.191523 0.153219 -9.806 0.400798 -0.0646062 9.91824 -0.00931569 -0.0894917 0.0485638
1819.22 0.153219 0.0383047 -9.65278 0.39003 -0.0753739 9.92543 -0.00809396 -0.0896445 0.0505491
1819.24 0.191523 -0.0766094 -9.38465 0.410369 -0.102891 9.92423 -0.00687223 -0.0926988 0.0503964
1819.26 0.114914 -0.153219 -9.8443 0.416351 -0.142373 9.92782 -0.00473421 -0.0930042 0.0488692
1819.27 0.191523 -0.114914 -9.8443 0.409173 -0.179462 9.93499 -0.00580322 -0.090408 0.0500909
1819.29 0.229828 -0.153219 -9.806 0.422333 -0.189033 9.9338 -0.00320704 -0.096364 0.047342
1819.31 0.229828 -0.191523 -9.8443 0.439083 -0.205783 9.93739 -0.00290161 -0.0931569 0.0461203
1819.32 0.0766094 -0.114914 -9.76769 0.440279 -0.206979 9.93499 -0.00244346 -0.0920879 0.0445931
1819.34 0.114914 -0.114914 -9.72939 0.418744 -0.18664 9.90868 -0.00335976 -0.0885754 0.0447459
1819.36 0.0383047 -0.153219 -9.72939 0.442672 -0.149551 9.92662 -0.00106901 -0.0928515 0.043066
1819.37 0.0 -0.191523 -10.0358 0.434297 -0.111266 9.92423 -0.00305432 -0.0873537 0.0397062
1819.39 0.191523 -0.0766094 -9.8443 0.404387 -0.0897308 9.9314 -0.00198531 -0.0896445 0.0416915
1819.41 0.0766094 -0.0766094 -9.806 0.410369 -0.0741775 9.94696 -0.00152716 -0.0873537 0.0413861
1819.42 0.191523 0.0383047 -9.69109 0.394816 -0.0538385 9.93619 -0.00152716 -0.0879646 0.0416915
1819.44 0.268133 -0.114914 -9.38465 0.382851 -0.0430708 9.92782 -0.00122173 -0.090408 0.041997
1819.45 0.268133 0.0383047 -9.76769 0.369691 -0.0514457 9.9338 -0.00198531 -0.090408 0.0435241
1819.47 0.306437 -0.0383047 -9.69109 0.379262 -0.0646062 9.9314 -0.00335976 -0.0847575 0.044135
1819.49 0.191523 -0.0766094 -9.46126 0.372084 -0.100499 9.92782 -0.000458149 -0.0913243 0.0432187
1819.5 0.0766094 -0.114914 -9.76769 0.37328 -0.0777667 9.94935 0.000763581 -0.0943787 0.0435241
1819.52 0.191523 0.0383047 -9.72939 0.385244 -0.0825523 9.92662 -0.00351247 -0.0879646 0.0418443
1819.54 0.114914 -0.0766094 -9.8443 0.401994 -0.0741775 9.92662 -0.00320704 -0.0868956 0.0410807
1819.55 0.153219 -0.0383047 -9.72939 0.381655 -0.0526421 9.91824 -0.00137445 -0.0928515 0.0389426
1819.57 0.268133 0.0 -9.72939 0.380459 -0.0275174 9.91107 0.000458149 -0.0916298 0.0397062
1819.59 0.268133 -0.0766094 -9.65278 0.355334 -0.0131605 9.93021 0.000305433 -0.0917825 0.0412334
1819.6 0.229828 0.0 -9.69109 0.367298 0.020339 9.93978 -0.00198531 -0.0928515 0.0412334
1819.62 0.191523 -0.0766094 -9.65278 0.346959 0.0239282 9.92662 0.000152716 -0.0951423 0.0424551
1819.64 0.191523 0.0 -9.65278 0.32662 0.0239282 9.9314 -0.00534507 -0.0925461 0.046273
1819.65 0.306437 0.0 -10.0741 0.340977 0.00598205 9.94576 -0.00733038 -0.0888809 0.0490219
1819.67 0.229828 -0.0383047 -9.61448 0.323031 -0.00239282 9.92064 -0.00763582 -0.0888809 0.0488692
1819.69 0.191523 -0.0383047 -9.76769 0.340977 -0.0275174 9.90868 -0.00534507 -0.0946841 0.0481056
1819.7 0.153219 -0.114914 -9.72939 0.367298 -0.0634098 9.93021 -0.0074831 -0.0926988 0.0496328
1819.72 0.114914 -0.153219 -9.61448 0.368495 -0.0693918 9.93859 -0.00641408 -0.0928515 0.0487165
1819.73 0.229828 -0.0383047 -9.72939 0.39003 -0.0861416 9.91466 -0.00274889 -0.0978911 0.0467312
1819.75 0.191523 -0.0383047 -9.69109 0.399601 -0.0945165 9.9314 -0.0056505 -0.0901026 0.0499382
1819.77 0.0766094 -0.0383047 -9.69109 0.409173 -0.0693918 9.91944 -0.00488692 -0.0940732 0.0482583
1819.78 0.0766094 -0.0766094 -9.8443 0.413958 -0.0658026 9.92303 -0.00839939 -0.0873537 0.0491747
1819.8 0.229828 -0.0766094 -9.61448 0.410369 -0.0538385 9.93619 -0.00381791 -0.0956004 0.0459676
1819.82 0.191523 0.0 -9.65278 0.393619 -0.0598205 9.92662 -0.00519235 -0.0930042 0.0485638
1819.83 0.191523 -0.0383047 -9.72939 0.372084 -0.0550349 9.92662 -0.00794125 -0.0862847 0.0500909
1819.85 0.191523 -0.0383047 -9.72939 0.387637 -0.0753739 9.9338 -0.00610865 -0.090408 0.0499382
1819.87 0.229828 0.0 -9.92091 0.387637 -0.104088 9.93739 -0.00519235 -0.0928515 0.0494801
1819.88 0.191523 -0.114914 -9.61448 0.386441 -0.12682 9.92303 -0.00488692 -0.0942259 0.0493274
1819.9 0.344742 -0.153219 -9.65278 0.405583 -0.163908 9.93619 -0.00763582 -0.087201 0.0514654
1819.92 0.153219 -0.191523 -9.72939 0.413958 -0.174676 9.92303 -0.00671952 -0.0910189 0.0499382
1819.93 0.153219 -0.0766094 -9.61448 0.430708 -0.184247 9.91346 -0.00442877 -0.0887282 0.0467312
1819.95 0.114914 -0.114914 -9.65278 0.448654 -0.183051 9.9314 -0.00580322 -0.0878119 0.0465785
1819.97 0.0766094 -0.229828 -9.72939 0.454636 -0.177069 9.92423 -0.00213803 -0.0911716 0.0432187
1819.98 0.229828 -0.0383047 -9.57617 0.448654 -0.150748 9.92184 -0.0018326 -0.0907135 0.0429133
1820.0 0.0766094 -0.0383047 -9.65278 0.442672 -0.131605 9.93978 -0.00290161 -0.0896445 0.0423024
1820.02 0.153219 0.0 -9.57617 0.41994 -0.100499 9.90987 0.0 -0.0936151 0.0390954
1820.03 0.0383047 0.0383047 -9.76769 0.388834 -0.0646062 9.93619 -0.00473421 -0.0849102 0.0421497
1820.05 0.268133 0.114914 -9.76769 0.386441 -0.066999 9.93859 -0.000305433 -0.0890336 0.0389426
1820.07 0.191523 0.0383047 -10.0741 0.363709 -0.0574277 9.93859 -0.00412334 -0.0820086 0.0421497
1820.08 0.229828 -0.114914 -9.42295 0.350548 -0.0550349 9.93859 -0.00274889 -0.0888809 0.0416915
1820.1 0.191523 -0.191523 -9.65278 0.36012 -0.0729811 9.92782 -0.00320704 -0.0897971 0.0435241
1820.12 0.191523 -0.114914 -9.76769 0.379262 -0.0681954 9.9314 -0.00213803 -0.0894917 0.0448986
1820.13 0.0383047 -0.0766094 -9.65278 0.388834 -0.0765703 9.92901 -0.00305432 -0.0901026 0.0448986
1820.15 0.191523 0.0 -9.69109 0.407976 -0.0622134 9.91705 0.000458149 -0.091477 0.0413861
1820.16 0.114914 0.0766094 -9.38465 0.405583 -0.0634098 9.92543 -0.00229074 -0.0907135 0.0416915
1820.18 0.114914 -0.0766094 -9.76769 0.407976 -0.040678 9.93619 -0.00458149 -0.0873537 0.0447459
1820.2 0.191523 0.0766094 -9.69109 0.379262 -0.0251246 9.91585 -0.00381791 -0.0867428 0.0409279
1820.21 0.306437 0.0383047 -10.0741 0.346959 -0.00717846 9.92543 -0.00167988 -0.0923933 0.0424551
1820.23 0.306437 0.0383047 -9.76769 0.346959 -0.00598205 9.91705 -0.00351247 -0.0885754 0.0445931
1820.25 0.268133 0.0766094 -9.76769 0.331406 0.00239282 9.92543 -0.00687223 -0.0859793 0.0471893
1820.26 0.191523 0.0 -9.8443 0.32662 0.0131605 9.94576 -0.00397062 -0.0887282 0.0447459
1820.28 0.153219 -0.0383047 -9.8443 0.330209 -0.00598205 9.94098 -0.00397062 -0.0916298 0.0467312
1820.3 0.191523 0.0 -9.65278 0.34337 -0.0179462 9.92423 -0.00259618 -0.0957531 0.0461203
1820.31 0.268133 0.0383047 -9.61448 0.358923 -0.026321 9.91466 -0.00458149 -0.0940732 0.0514654
1820.33 0.153219 -0.0766094 -9.8443 0.375673 -0.0382852 9.9326 -0.00427606 -0.0960585 0.0496328
1820.35 0.0766094 -0.0383047 -9.69109 0.388834 -0.0538385 9.92543 -0.00580322 -0.0897971 0.0499382
1820.36 0.191523 -0.153219 -9.69109 0.424726 -0.09332 9.93978 -0.00458149 -0.0956004 0.0479529
1820.38 0.114914 -0.0766094 -9.65278 0.409173 -0.0897308 9.93739 -0.00595593 -0.0942259 0.0482583
1820.4 0.268133 -0.191523 -9.88261 0.415155 -0.087338 9.93619 -0.00503964 -0.0942259 0.0487165
1820.41 0.114914 -0.153219 -9.57617 0.415155 -0.0777667 9.93978 -0.00381791 -0.0940732 0.0485638
1820.43 0.191523 -0.0383047 -9.61448 0.394816 -0.0729811 9.91705 -0.00824668 -0.0894917 0.0482583
1820.45 0.114914 -0.114914 -9.57617 0.37328 -0.0777667 9.91346 -0.00626137 -0.0928515 0.0476475
1820.46 0.0766094 -0.0383047 -9.72939 0.397208 -0.0837488 9.92901 -0.00427606 -0.0917825 0.0464257
1820.48 0.114914 -0.114914 -9.8443 0.376869 -0.100499 9.92303 -0.00610865 -0.0930042 0.0471893
1820.49 0.0766094 -0.0383047 -9.61448 0.374477 -0.0969093 9.92423 -0.00610865 -0.0931569 0.047342
1820.51 0.153219 -0.0766094 -9.69109 0.385244 -0.128016 9.92303 -0.00901026 -0.087201 0.0494801
1820.53 0.153219 -0.191523 -9.57617 0.416351 -0.159123 9.92423 -0.00397062 -0.0931569 0.0456622
1820.54 0.153219 -0.0766094 -9.53786 0.416351 -0.148355 9.93619 -0.00335976 -0.0931569 0.0479529
1820.56 0.0766094 -0.191523 -9.76769 0.421137 -0.171087 9.92303 -0.00473421 -0.0901026 0.0485638
1820.58 0.0766094 -0.153219 -9.806 0.45344 -0.16989 9.9326 -0.00122173 -0.0919352 0.0444404
1820.59 0.153219 -0.114914 -9.806 0.441475 -0.172283 9.9338 -0.00381791 -0.0901026 0.0445931
1820.61 0.153219 -0.0383047 -9.61448 0.435494 -0.165105 9.9326 0.000916298 -0.0981966 0.0397062
1820.63 0.268133 -0.0383047 -9.72939 0.410369 -0.133998 9.92662 -0.00259618 -0.0896445 0.0432187
1820.64 0.114914 -0.114914 -9.76769 0.404387 -0.105284 9.91466 -0.00213803 -0.0878119 0.0407752
1820.66 0.191523 -0.153219 -9.65278 0.384048 -0.0909272 9.92901 -0.00198531 -0.090408 0.0383318
1820.68 0.229828 -0.153219 -9.72939 0.376869 -0.0574277 9.93499 0.00320704 -0.0975857 0.0363465
1820.69 0.229828 -0.0383047 -9.8443 0.382851 -0.0502493 9.93859 -0.00366519 -0.0864374 0.0424551
1820.71 0.191523 -0.0383047 -9.806 0.351745 -0.0382852 9.92184 -0.000763581 -0.0916298 0.041997
1820.73 0.268133 0.0383047 -9.8443 0.35653 -0.0514457 9.92303 0.000458149 -0.0956004 0.0404698
1820.74 0.153219 0.0383047 -9.69109 0.387637 -0.0454636 9.94576 -0.00335976 -0.0865901 0.0439823
1820.76 0.0766094 -0.0766094 -10.1507 0.39003 -0.0490528 9.92543 -0.00366519 -0.0879646 0.0444404
1820.78 0.0766094 -0.0766094 -9.76769 0.398405 -0.0526421 9.93859 -0.00198531 -0.0942259 0.043066
1820.79 0.344742 0.0383047 -9.65278 0.397208 -0.0454636 9.92662 -0.00519235 -0.0873537 0.0439823
1820.81 0.306437 0.0383047 -9.46126 0.403191 -0.0287139 9.91705 -0.00290161 -0.0887282 0.0433714
1820.83 0.153219 -0.0383047 -9.72939 0.384048 -0.0358923 9.9314 -0.00167988 -0.0925461 0.0423024
1820.84 0.0383047 0.114914 -9.99752 0.358923 -0.0251246 9.91466 -0.00259618 -0.0923933 0.0410807
1820.86 0.268133 0.114914 -9.72939 0.32662 -0.0155533 9.92782 -0.00366519 -0.0888809 0.0433714
1820.87 0.229828 0.0766094 -9.57617 0.340977 -0.00358923 9.93021 -0.00381791 -0.0911716 0.0439823
1820.89 0.306437 0.0383047 -9.806 0.332602 -0.0179462 9.91585 -0.0065668 -0.0867428 0.0468839
1820.91 0.306437 0.114914 -9.92091 0.318245 0.00119641 9.9314 -0.00626137 -0.0911716 0.0493274
1820.92 0.229828 -0.0383047 -9.806 0.337388 -0.0155533 9.92543 -0.0056505 -0.0937678 0.0497855
1820.94 0.114914 0.0766094 -9.61448 0.362513 -0.0191426 9.92064 -0.00931569 -0.0894917 0.0516181
1820.96 0.306437 0.0 -9.806 0.403191 -0.0382852 9.93021 -0.00794125 -0.0902553 0.0519235
1820.97 0.268133 -0.114914 -9.69109 0.411565 -0.0634098 9.92423 -0.00580322 -0.0946841 0.0490219
1820.99 0.268133 0.0 -9.69109 0.405583 -0.0777667 9.9314 -0.00534507 -0.0959058 0.0485638
1821.01 0.191523 -0.0766094 -9.69109 0.407976 -0.101695 9.92901 -0.0065668 -0.0937678 0.0500909
1821.02 0.191523 -0.0383047 -9.8443 0.393619 -0.0993021 9.9326 -0.00595593 -0.0931569 0.0494801
1821.04 0.114914 -0.191523 -9.99752 0.416351 -0.105284 9.94815 -0.00626137 -0.0937678 0.0467312
1821.06 0.191523 -0.114914 -9.72939 0.391226 -0.0981057 9.9326 -0.00305432 -0.0960585 0.0459676
1821.07 0.153219 -0.153219 -9.72939 0.376869 -0.107677 9.92064 -0.00290161 -0.0956004 0.046273
1821.09 0.153219 -0.153219 -9.42295 0.397208 -0.102891 9.9338 -0.00671952 -0.0896445 0.0482583
1821.11 0.0766094 -0.0766094 -9.806 0.407976 -0.106481 9.92064 -0.00488692 -0.0894917 0.0478002
1821.12 0.191523 -0.114914 -9.69109 0.392423 -0.105284 9.93739 -0.00687223 -0.0859793 0.0481056
1821.14 0.153219 -0.191523 -9.65278 0.418744 -0.113659 9.92901 -0.00519235 -0.0885754 0.0481056
1821.16 0.229828 -0.0383047 -9.53786 0.421137 -0.142373 9.90628 -0.00473421 -0.0896445 0.047342
1821.17 0.229828 -0.229828 -9.806 0.446261 -0.147159 9.94457 -0.0018326 -0.095295 0.0458149
1821.19 0.153219 -0.153219 -9.65278 0.440279 -0.162712 9.93978 -0.00381791 -0.0911716 0.0450513
1821.21 0.153219 -0.114914 -9.65278 0.433101 -0.163908 9.9314 -0.00381791 -0.0930042 0.043066
1821.22 0.229828 -0.114914 -9.69109 0.443868 -0.160319 9.9314 -0.00320704 -0.0896445 0.043066
1821.24 0.153219 -0.0766094 -9.95922 0.416351 -0.148355 9.93739 -0.00458149 -0.0867428 0.0432187
1821.26 0.191523 -0.114914 -9.72939 0.39003 -0.129212 9.91824 -0.00305432 -0.0865901 0.0426078
1821.27 0.114914 -0.114914 -9.69109 0.380459 -0.106481 9.92303 -0.00213803 -0.0887282 0.0394008
1821.29 0.114914 -0.0766094 -9.72939 0.362513 -0.0777667 9.92662 0.000152716 -0.0922406 0.0397062
1821.31 0.268133 -0.0383047 -9.53786 0.36012 -0.0526421 9.93619 -0.000916298 -0.090408 0.0403171
1821.32 0.153219 0.0 -9.92091 0.363709 -0.0311067 9.93021 -0.00137445 -0.0876591 0.0415388
1821.34 0.268133 0.0383047 -9.806 0.382851 -0.0334995 9.93739 0.00198531 -0.0945314 0.0390954
1821.36 0.153219 0.0766094 -9.88261 0.379262 -0.0358923 9.91944 -0.00244346 -0.0907135 0.0413861
1821.37 0.191523 -0.0766094 -9.53786 0.39003 -0.0311067 9.92184 -0.00366519 -0.0897971 0.0436769
1821.39 0.114914 -0.114914 -10.1507 0.397208 -0.0418744 9.93021 -0.00458149 -0.0884227 0.0433714
1821.41 0.191523 0.191523 -9.806 0.396012 -0.0382852 9.93859 -0.00351247 -0.0864374 0.0450513
1821.42 0.229828 -0.0766094 -9.65278 0.368495 -0.0430708 9.93619 -0.00274889 -0.090408 0.0433714
1821.44 0.153219 0.0383047 -9.806 0.385244 -0.0323031 9.91227 -0.00412334 -0.0894917 0.044135
1821.46 0.191523 -0.0383047 -9.49956 0.369691 -0.026321 9.92184 -0.00473421 -0.0876591 0.0445931
1821.47 0.191523 0.0 -9.69109 0.35653 -0.0251246 9.91944 -0.00213803 -0.0911716 0.0444404
1821.49 0.191523 -0.0383047 -9.8443 0.345763 -0.0227318 9.91585 -0.00152716 -0.0945314 0.0436769
1821.51 0.344742 -0.0383047 -9.8443 0.349352 -0.0191426 9.91585 -0.00259618 -0.0946841 0.044135
1821.52 0.344742 0.153219 -9.76769 0.358923 -0.00598205 9.91466 -0.00259618 -0.0940732 0.0447459
1821.54 0.0 0.0 -9.57617 0.358923 -0.0167498 9.9326 -0.00458149 -0.0960585 0.0474948
1821.55 0.306437 0.0766094 -9.8443 0.380459 -0.0215354 9.91944 -0.00442877 -0.0937678 0.0499382
1821.57 0.114914 -0.0766094 -9.65278 0.392423 -0.0251246 9.92184 -0.00702495 -0.0905607 0.0499382
1821.59 0.153219 0.0383047 -9.65278 0.397208 -0.0502493 9.93619 -0.00870483 -0.0890336 0.0511599
1821.6 0.306437 -0.0766094 -9.26973 0.381655 -0.0658026 9.93021 -0.00610865 -0.0936151 0.0500909
1821.62 0.0766094 -0.0766094 -9.806 0.409173 -0.0957129 9.93619 -0.00626137 -0.0926988 0.0514654
1821.64 0.268133 0.0 -9.72939 0.396012 -0.116052 9.9326 -0.00855211 -0.089339 0.0503964
1821.65 0.0766094 -0.0766094 -9.53786 0.368495 -0.119641 9.93859 -0.0056505 -0.0930042 0.0487165
1821.67 0.0766094 -0.0383047 -9.65278 0.394816 -0.118445 9.93499 -0.00259618 -0.0992656 0.0447459
1821.69 0.344742 -0.114914 -9.34634 0.399601 -0.114855 9.94218 -0.00366519 -0.097433 0.045204
1821.7 0.229828 0.0 -9.76769 0.400798 -0.108873 9.92423 -0.00503964 -0.0919352 0.0485638
1821.72 0.191523 -0.0766094 -9.806 0.399601 -0.11007 9.9314 -0.00519235 -0.0908662 0.0478002
1821.74 0.229828 -0.0766094 -9.806 0.415155 -0.0849452 9.93859 -0.00549779 -0.0897971 0.0479529
1821.75 0.191523 -0.153219 -9.65278 0.388834 -0.0909272 9.92662 -0.00259618 -0.0939205 0.0453567
1821.77 0.229828 -0.153219 -9.69109 0.415155 -0.11007 9.9314 -0.00549779 -0.0881173 0.0468839
1821.78 0.114914 -0.0766094 -9.69109 0.417547 -0.12323 9.92901 -0.00641408 -0.0881173 0.0464257
1821.8 0.229828 -0.0766094 -9.72939 0.424726 -0.130409 9.9314 -0.00335976 -0.0940732 0.0461203
1821.81 0.153219 -0.191523 -9.69109 0.428315 -0.150748 9.93619 -0.00320704 -0.0920879 0.0445931
1821.83 -0.0383047 -0.114914 -9.72939 0.407976 -0.17348 9.9338 -0.000763581 -0.0943787 0.0438296
1821.85 0.268133 -0.153219 -9.88261 0.427119 -0.162712 9.9314 -0.00259618 -0.0884227 0.0447459
1821.86 0.191523 -0.191523 -9.8443 0.412762 -0.138784 9.93619 0.000610865 -0.0922406 0.0409279
1821.88 0.268133 -0.0383047 -9.65278 0.394816 -0.131605 9.93978 -0.00366519 -0.0878119 0.0432187
1821.9 0.114914 -0.114914 -9.65278 0.391226 -0.117248 9.93499 -0.00198531 -0.0888809 0.0403171
1821.91 0.191523 0.0 -9.88261 0.405583 -0.0801595 9.92901 -0.00152716 -0.0862847 0.0409279
1821.93 0.153219 -0.0766094 -9.57617 0.375673 -0.0526421 9.93499 0.00198531 -0.0959058 0.03711
1821.95 0.191523 0.0 -9.806 0.399601 -0.0287139 9.92303 -0.00122173 -0.0890336 0.0410807
1821.96 0.153219 0.0 -9.53786 0.386441 -0.0275174 9.91466 -0.00198531 -0.0887282 0.0401644
1821.98 0.191523 -0.114914 -9.72939 0.398405 -0.026321 9.91705 -0.00213803 -0.086132 0.0439823
1821.99 0.153219 0.0 -9.99752 0.376869 -0.0334995 9.92423 -0.0018326 -0.0928515 0.0429133
1822.01 0.153219 0.0 -9.57617 0.36012 -0.0311067 9.91227 -0.00320704 -0.0868956 0.0439823
1822.03 0.268133 0.0 -9.806 0.384048 -0.0334995 9.93021 -0.00427606 -0.0878119 0.0459676
1822.04 0.191523 0.0766094 -9.61448 0.367298 -0.0394815 9.94935 -0.00137445 -0.0922406 0.0415388
1822.06 0.153219 0.0383047 -9.76769 0.363709 -0.0574277 9.93739 -0.00442877 -0.0884227 0.0438296
1822.07 0.191523 0.0 -9.72939 0.348156 -0.0394815 9.93619 -0.00427606 -0.0878119 0.0450513
1822.09 0.191523 0.0383047 -10.0741 0.358923 -0.0299103 9.91705 -0.000152716 -0.0940732 0.0403171
1822.1 0.229828 0.0383047 -9.49956 0.363709 -0.0251246 9.91824 -0.00519235 -0.0881173 0.0455095
1822.12 0.153219 0.0766094 -9.8443 0.352941 -0.0239282 9.9015 -0.00412334 -0.0917825 0.0427606
1822.13 0.383047 0.0766094 -9.72939 0.363709 -0.0191426 9.92184 -0.00366519 -0.0911716 0.0464257
1822.7 0.306437 0.0 -9.69109 0.368495 -0.0370887 9.92662 -0.00274889 -0.0899499 0.043066
1822.71 0.229828 -0.153219 -9.72939 0.380459 -0.0334995 9.92662 -0.00397062 -0.0908662 0.0465785
1822.73 0.229828 -0.0383047 -9.65278 0.370887 -0.0227318 9.90987 -0.00702495 -0.0870483 0.0468839
1822.75 0.191523 0.0 -9.88261 0.366102 -0.0155533 9.91944 -0.00488692 -0.0917825 0.046273
1822.76 0.153219 0.0383047 -9.69109 0.35653 -0.00837488 9.92064 -0.00458149 -0.0891863 0.0458149
1822.78 0.114914 0.0 -9.72939 0.374477 -0.0131605 9.92303 -0.000763581 -0.0960585 0.0455095
1822.8 0.114914 0.0383047 -9.76769 0.37328 -0.0227318 9.91346 -0.00397062 -0.0951423 0.0456622
1822.81 0.191523 0.0383047 -9.57617 0.370887 -0.0299103 9.91346 -0.00687223 -0.0887282 0.0517708
1822.83 0.229828 0.0 -9.76769 0.369691 -0.0311067 9.92184 -0.00885754 -0.0925461 0.0505491
1822.85 0.229828 -0.0383047 -9.72939 0.385244 -0.0550349 9.95055 -0.00412334 -0.0988074 0.0488692
1822.86 0.229828 0.114914 -9.69109 0.393619 -0.0885344 9.93499 -0.00397062 -0.0931569 0.0481056
1822.88 0.114914 0.0 -9.49956 0.400798 -0.12323 9.92901 -0.00626137 -0.0897971 0.0517708
1822.9 0.0766094 -0.153219 -9.38465 0.43669 -0.12682 9.94218 -0.00381791 -0.0946841 0.0496328
1822.91 0.114914 -0.0766094 -9.61448 0.429512 -0.138784 9.92184 -0.00473421 -0.0943787 0.047342
1822.93 0.114914 -0.0383047 -9.61448 0.41994 -0.132802 9.92423 -0.00763582 -0.0873537 0.0482583
1822.95 0.153219 -0.191523 -10.1124 0.421137 -0.120837 9.92662 -0.00702495 -0.08827 0.0490219
1822.96 0.114914 0.0 -9.806 0.441475 -0.124427 9.93859 -0.00595593 -0.091477 0.0485638
1822.98 0.0383047 -0.0383047 -9.69109 0.421137 -0.0993021 9.93499 -0.00397062 -0.0943787 0.0435241
1823.0 0.153219 -0.0766094 -9.76769 0.418744 -0.120837 9.92901 -0.00534507 -0.090408 0.0459676
1823.01 0.421352 -0.0383047 -9.806 0.40678 -0.116052 9.92901 -0.00397062 -0.0919352 0.0445931
1823.03 0.153219 -0.0383047 -10.0358 0.401994 -0.13998 9.93021 -0.00519235 -0.087201 0.0476475
1823.05 0.0766094 -0.153219 -9.72939 0.385244 -0.125623 9.9338 -0.00458149 -0.0902553 0.0458149
1823.06 0.306437 -0.229828 -9.69109 0.397208 -0.13998 9.9326 -0.00687223 -0.0859793 0.0453567
1823.08 0.229828 -0.153219 -9.42295 0.396012 -0.149551 9.92543 -0.00290161 -0.0876591 0.0426078
1823.1 0.229828 -0.114914 -9.53786 0.403191 -0.151944 9.9338 -0.00229074 -0.0910189 0.0439823
1823.11 0.229828 -0.114914 -9.65278 0.401994 -0.13998 9.94337 -0.00320704 -0.089339 0.0435241
1823.13 0.153219 0.0 -9.76769 0.411565 -0.128016 9.93739 -0.00381791 -0.0894917 0.0426078
1823.15 0.229828 -0.191523 -9.72939 0.397208 -0.102891 9.92782 0.0 -0.0954477 0.0377209
1823.16 0.191523 -0.114914 -9.76769 0.407976 -0.0717846 9.93978 -0.000152716 -0.0919352 0.0395535
1823.18 0.191523 -0.0766094 -9.72939 0.40678 -0.0526421 9.94576 -0.000610865 -0.089339 0.0403171
1823.2 0.229828 0.0383047 -9.92091 0.387637 -0.0299103 9.91944 -0.00229074 -0.090408 0.0415388
1823.21 0.306437 0.0383047 -9.88261 0.364905 -0.0275174 9.91944 0.00122173 -0.0931569 0.0394008
1823.23 0.306437 0.0766094 -9.65278 0.340977 -0.0275174 9.90628 -0.00351247 -0.0896445 0.0426078
1823.24 0.229828 0.0 -9.8443 0.348156 -0.0251246 9.91466 -0.00274889 -0.0885754 0.0444404
1823.26 0.153219 -0.0383047 -9.806 0.355334 -0.0251246 9.91227 -0.00167988 -0.0939205 0.0432187
1823.28 0.153219 -0.0383047 -9.53786 0.369691 -0.0251246 9.91227 -0.00381791 -0.0907135 0.0455095
1823.29 0.229828 0.0383047 -9.72939 0.378066 -0.0323031 9.91944 -0.00106901 -0.0930042 0.0436769
1823.31 0.114914 0.0383047 -9.69109 0.384048 -0.0311067 9.92303 -0.00198531 -0.0943787 0.0447459
1823.33 0.153219 0.0383047 -9.76769 0.398405 -0.0275174 9.92064 -0.00595593 -0.0896445 0.0478002
1823.34 0.153219 -0.0383047 -9.92091 0.396012 -0.0251246 9.89791 -0.00534507 -0.0908662 0.0455095
1823.36 0.229828 -0.0383047 -9.72939 0.397208 -0.0275174 9.92303 -0.00305432 -0.0916298 0.0453567
1823.38 0.0383047 0.0 -9.65278 0.400798 -0.0251246 9.91705 -0.00351247 -0.0936151 0.045204
1823.39 0.229828 -0.0383047 -9.76769 0.391226 -0.0251246 9.9314 -0.00580322 -0.0930042 0.0461203
1823.41 0.229828 0.0383047 -9.34634 0.370887 -0.0239282 9.91705 -0.00855211 -0.0879646 0.0490219
1823.43 0.191523 -0.114914 -9.99752 0.357727 -0.0275174 9.90987 -0.0056505 -0.0908662 0.0468839
1823.44 0.191523 -0.0766094 -9.76769 0.372084 -0.0394815 9.93739 -0.00717767 -0.0917825 0.0497855
1823.46 0.114914 -0.0383047 -9.65278 0.375673 -0.0478564 9.94218 -0.00702495 -0.0934624 0.0500909
1823.48 0.229828 -0.0383047 -9.72939 0.387637 -0.0801595 9.92782 -0.00916297 -0.0865901 0.0510072
1823.49 0.191523 0.0 -9.61448 0.392423 -0.107677 9.9326 -0.00962113 -0.0894917 0.0507018
1823.51 0.229828 0.0383047 -9.69109 0.394816 -0.104088 9.93499 -0.00519235 -0.0913243 0.0485638
1823.53 -0.114914 -0.153219 -9.46126 0.421137 -0.120837 9.93859 -0.00626137 -0.0917825 0.0496328
1823.54 0.153219 -0.153219 -9.49956 0.428315 -0.13998 9.92662 -0.00488692 -0.0913243 0.0484111
1823.56 0.114914 -0.191523 -9.69109 0.429512 -0.143569 9.91466 -0.00351247 -0.0928515 0.0461203
1823.58 0.114914 -0.153219 -9.806 0.421137 -0.132802 9.9326 -0.00213803 -0.0972803 0.0429133
1823.59 0.229828 -0.0383047 -9.92091 0.398405 -0.124427 9.92423 -0.00442877 -0.0913243 0.0448986
1823.61 0.229828 -0.153219 -9.76769 0.392423 -0.12682 9.93978 -0.00687223 -0.0890336 0.0448986
1823.63 0.229828 -0.114914 -9.76769 0.39003 -0.120837 9.92901 -0.000610865 -0.0954477 0.0412334
1823.64 0.153219 -0.0766094 -9.99752 0.372084 -0.112463 9.91466 -0.00519235 -0.0885754 0.0450513
1823.66 0.191523 -0.0766094 -9.806 0.387637 -0.11007 9.93859 -0.00427606 -0.0876591 0.0455095
1823.68 0.0766094 -0.0766094 -9.76769 0.376869 -0.105284 9.93739 -0.00106901 -0.0930042 0.0435241
1823.69 0.191523 -0.153219 -9.65278 0.391226 -0.119641 9.95174 -0.00167988 -0.0946841 0.0436769
1823.71 0.268133 -0.0383047 -9.8443 0.400798 -0.117248 9.93499 -0.00595593 -0.0873537 0.0445931
1823.73 0.114914 -0.0766094 -9.8443 0.412762 -0.102891 9.93739 -0.00397062 -0.0897971 0.0444404
1823.74 0.0 -0.114914 -9.53786 0.440279 -0.106481 9.92901 0.00259618 -0.0975857 0.0409279
1823.76 0.0 -0.153219 -9.61448 0.437886 -0.102891 9.90628 -0.00366519 -0.0865901 0.0438296
1823.77 0.153219 0.0 -9.76769 0.428315 -0.0765703 9.92782 -0.000610865 -0.0922406 0.0412334
1823.79 0.229828 0.0 -9.69109 0.410369 -0.0634098 9.92782 -0.00290161 -0.0867428 0.0410807
1823.81 0.153219 0.0 -9.95922 0.394816 -0.0418744 9.94098 0.000152716 -0.0939205 0.0386372
1823.82 0.0766094 -0.0383047 -9.61448 0.370887 -0.0346959 9.91944 -0.00198531 -0.0923933 0.0400117
1823.84 0.229828 0.0766094 -9.76769 0.37328 -0.0287139 9.92782 0.0 -0.0943787 0.0386372
1823.86 0.229828 0.0766094 -9.72939 0.346959 -0.0251246 9.91346 -0.00442877 -0.0878119 0.0436769
1823.87 0.306437 0.0 -10.0741 0.349352 -0.0251246 9.91346 -0.00152716 -0.0890336 0.0432187
1823.89 0.0766094 0.0383047 -9.57617 0.358923 -0.026321 9.91824 -0.00366519 -0.091477 0.044135
1823.91 0.191523 0.0383047 -9.806 0.370887 -0.0251246 9.90389 -0.00427606 -0.0897971 0.0459676
1823.92 0.191523 0.0766094 -9.34634 0.39003 -0.026321 9.91944 -0.00595593 -0.0873537 0.0458149
1823.94 0.191523 0.0766094 -9.72939 0.407976 -0.0323031 9.92782 -0.00305432 -0.0943787 0.0465785
1823.95 0.153219 0.0 -9.53786 0.40678 -0.0346959 9.92184 -0.00626137 -0.0879646 0.0468839
1823.97 0.191523 -0.0383047 -9.69109 0.401994 -0.0394815 9.9314 -0.00671952 -0.0870483 0.0474948
1823.99 0.153219 -0.0383047 -9.69109 0.368495 -0.0442672 9.91944 -0.00549779 -0.0885754 0.0465785
1824.0 0.268133 -0.0383047 -9.61448 0.375673 -0.04666 9.93499 -0.00824668 -0.0862847 0.0464257
1824.02 0.114914 -0.0383047 -9.57617 0.349352 -0.0454636 9.92662 -0.00549779 -0.0888809 0.0465785
1824.04 0.306437 -0.0383047 -9.69109 0.337388 -0.0478564 9.93499 -0.00473421 -0.0910189 0.0461203
1824.06 0.191523 0.0 -9.72939 0.329013 -0.0514457 9.93619 -0.00412334 -0.0939205 0.0459676
1824.08 0.153219 -0.0766094 -9.88261 0.336191 -0.0646062 9.92303 -0.00794125 -0.0897971 0.0505491
1824.09 0.306437 -0.0766094 -10.189 0.362513 -0.0574277 9.93619 -0.0056505 -0.0931569 0.0493274
1824.11 0.344742 -0.0383047 -9.806 0.376869 -0.0681954 9.93021 -0.0100793 -0.0873537 0.052229
1824.13 0.0766094 0.0 -9.72939 0.400798 -0.09332 9.91944 -0.00778853 -0.0908662 0.0496328
1824.14 0.191523 -0.229828 -9.806 0.415155 -0.106481 9.93499 -0.0056505 -0.0942259 0.0476475
1824.16 0.0383047 -0.114914 -9.76769 0.439083 -0.12323 9.94337 -0.00381791 -0.0940732 0.0481056
1824.18 0.0766094 0.0 -9.72939 0.445065 -0.130409 9.93739 -0.00839939 -0.0868956 0.0496328
1824.19 0.191523 -0.0383047 -9.57617 0.443868 -0.129212 9.93619 -0.00595593 -0.0910189 0.0485638
1824.21 0.0383047 -0.153219 -9.72939 0.425922 -0.12682 9.92662 -0.0065668 -0.0885754 0.0474948
1824.22 0.114914 -0.191523 -9.65278 0.412762 -0.117248 9.94098 -0.00641408 -0.0868956 0.0474948
1824.24 0.229828 -0.114914 -9.72939 0.416351 -0.107677 9.93978 -0.00717767 -0.0888809 0.047342
1824.26 0.191523 -0.0383047 -9.65278 0.396012 -0.111266 9.93499 -0.00335976 -0.0911716 0.0458149
1824.27 0.191523 -0.0383047 -9.42295 0.396012 -0.101695 9.93739 -0.00442877 -0.0890336 0.0447459
1824.29 0.153219 -0.114914 -9.72939 0.391226 -0.09332 9.92303 -0.00442877 -0.089339 0.0470366
1824.3 0.114914 -0.0766094 -9.806 0.417547 -0.0777667 9.9314 -0.00733038 -0.0830777 0.047342
1824.32 0.0766094 -0.0383047 -9.61448 0.425922 -0.0849452 9.92423 -0.00519235 -0.0899499 0.046273
1824.34 0.268133 -0.0383047 -9.23143 0.434297 -0.0801595 9.92184 -0.00351247 -0.0894917 0.0433714
1824.35 0.191523 -0.153219 -9.69109 0.431904 -0.0969093 9.92423 -0.000305433 -0.0931569 0.0439823
1824.37 0.191523 -0.114914 -9.72939 0.434297 -0.106481 9.93499 -0.00167988 -0.0916298 0.0423024
1824.39 0.114914 -0.0383047 -9.92091 0.410369 -0.0993021 9.92782 -0.00427606 -0.0856738 0.044135
1824.4 0.229828 -0.0766094 -9.76769 0.399601 -0.102891 9.9326 -0.00427606 -0.0867428 0.0445931
1824.42 0.268133 0.0383047 -9.69109 0.378066 -0.0789631 9.93499 -0.00442877 -0.0870483 0.0416915
1824.44 0.344742 -0.0383047 -9.49956 0.345763 -0.0514457 9.93021 -0.00366519 -0.089339 0.0409279
1824.45 0.153219 0.0383047 -9.72939 0.337388 -0.0454636 9.93619 -0.00274889 -0.0885754 0.041997
1824.47 0.306437 -0.0383047 -9.72939 0.348156 -0.0323031 9.9314 -0.000458149 -0.0933096 0.0406225
1824.49 0.153219 0.0383047 -9.72939 0.338584 -0.0287139 9.90868 -0.00335976 -0.0890336 0.0421497
1824.5 0.0766094 0.0 -9.65278 0.350548 -0.0323031 9.92303 -0.00213803 -0.0925461 0.0435241
1824.52 0.229828 0.0766094 -9.72939 0.37328 -0.0275174 9.91705 -0.00305432 -0.0922406 0.0453567
1824.54 0.153219 -0.0766094 -9.57617 0.393619 -0.0275174 9.91466 -0.00167988 -0.0911716 0.0458149
1824.55 0.114914 0.114914 -9.72939 0.399601 -0.0430708 9.94337 -0.00458149 -0.0897971 0.0455095
1824.57 0.268133 0.0383047 -9.88261 0.388834 -0.0394815 9.93859 -0.000305433 -0.0972803 0.0439823
1824.59 0.268133 -0.0766094 -9.76769 0.384048 -0.0382852 9.93619 -0.00320704 -0.0923933 0.0467312
1824.6 0.153219 -0.0766094 -9.72939 0.349352 -0.04666 9.9314 -0.00290161 -0.0925461 0.0450513
1824.62 0.191523 -0.114914 -9.38465 0.369691 -0.0502493 9.94696 -0.00366519 -0.0891863 0.045204
1824.64 0.114914 -0.114914 -9.806 0.35653 -0.0394815 9.9326 -0.00305432 -0.0959058 0.0444404
1824.65 0.153219 0.0383047 -9.69109 0.362513 -0.0382852 9.92901 -0.00580322 -0.0911716 0.0481056
1824.67 0.153219 -0.114914 -9.72939 0.354138 -0.0394815 9.92662 -0.00534507 -0.0923933 0.0470366
1824.69 0.229828 0.0 -9.8443 0.368495 -0.0382852 9.94337 -0.00335976 -0.0922406 0.0479529
1824.7 0.306437 -0.0383047 -9.46126 0.39003 -0.0370887 9.92901 -0.00717767 -0.0907135 0.0493274
1824.72 0.0383047 0.0 -9.806 0.418744 -0.0370887 9.9314 -0.0056505 -0.0937678 0.0485638
1824.74 0.0766094 0.0766094 -9.69109 0.425922 -0.0442672 9.94457 -0.00671952 -0.0908662 0.0491747
1824.75 0.0766094 0.0383047 -9.57617 0.434297 -0.0801595 9.92662 -0.00855211 -0.0870483 0.0514654
1824.77 0.0383047 -0.114914 -9.49956 0.428315 -0.0921237 9.92662 -0.00427606 -0.0930042 0.0468839
1824.78 0.191523 -0.114914 -9.61448 0.428315 -0.114855 9.92423 -0.00855211 -0.0887282 0.0490219
1824.8 0.191523 -0.114914 -9.76769 0.417547 -0.137587 9.92662 -0.00977384 -0.083994 0.0494801
1824.82 0.153219 -0.153219 -9.69109 0.394816 -0.125623 9.92662 -0.00962113 -0.0859793 0.0490219
1824.83 0.0766094 -0.114914 -9.57617 0.386441 -0.136391 9.93619 -0.00717767 -0.0911716 0.0465785
1824.85 0.114914 -0.229828 -9.69109 0.396012 -0.145962 9.92782 -0.00763582 -0.0876591 0.0468839
1824.87 0.191523 -0.0766094 -9.69109 0.403191 -0.112463 9.93499 -0.00290161 -0.0951423 0.0429133
1824.88 0.191523 0.0383047 -9.72939 0.388834 -0.111266 9.92184 -0.00366519 -0.0919352 0.0447459
1824.9 0.153219 -0.153219 -9.69109 0.400798 -0.100499 9.92901 -0.00366519 -0.0907135 0.0455095
1824.92 0.153219 -0.0383047 -9.76769 0.41994 -0.101695 9.92782 -0.00427606 -0.0931569 0.0436769
1824.93 0.114914 -0.0383047 -9.72939 0.427119 -0.0957129 9.92423 -0.00580322 -0.0855211 0.0453567
1824.95 0.114914 -0.0383047 -9.46126 0.413958 -0.09332 9.93499 -0.00351247 -0.0901026 0.0445931
1824.97 0.229828 -0.0766094 -9.95922 0.411565 -0.106481 9.91585 -0.00351247 -0.0884227 0.0456622
1824.98 0.191523 -0.153219 -9.65278 0.39003 -0.0945165 9.92901 -0.00152716 -0.0937678 0.041997
1825.0 0.153219 -0.153219 -9.57617 0.379262 -0.101695 9.92543 -0.000305433 -0.0894917 0.0429133
1825.02 0.306437 -0.0766094 -9.61448 0.361316 -0.0909272 9.93978 -0.000763581 -0.0913243 0.0439823
1825.03 0.268133 0.0 -9.99752 0.330209 -0.0801595 9.92662 -0.00305432 -0.08827 0.044135
1825.05 0.268133 0.0383047 -9.76769 0.350548 -0.0442672 9.93859 -0.00274889 -0.0891863 0.0426078
1825.07 0.153219 0.0383047 -9.806 0.348156 -0.0382852 9.93978 -0.00335976 -0.0881173 0.0433714
1825.08 0.344742 -0.0383047 -9.72939 0.352941 -0.0251246 9.92423 -0.00351247 -0.087201 0.0426078
1825.1 0.0383047 0.0766094 -9.72939 0.380459 -0.0239282 9.91466 -0.00381791 -0.0930042 0.0439823
1825.12 0.153219 0.0383047 -9.8443 0.400798 -0.0191426 9.91585 -0.00290161 -0.0920879 0.0445931
1825.13 0.0766094 0.0383047 -9.806 0.400798 -0.020339 9.91944 -0.00519235 -0.0899499 0.0455095
1825.15 0.114914 -0.0383047 -9.57617 0.409173 -0.0287139 9.92184 -0.00366519 -0.0922406 0.044135
1825.17 0.114914 -0.0383047 -9.72939 0.407976 -0.0382852 9.93739 -0.00335976 -0.0899499 0.0478002
1825.18 0.0766094 0.0 -9.49956 0.40678 -0.0442672 9.93619 -0.0056505 -0.0908662 0.0471893
1825.2 0.0766094 -0.0383047 -9.57617 0.384048 -0.0550349 9.9326 -0.00442877 -0.0937678 0.0433714
1825.22 0.153219 0.0 -9.65278 0.374477 -0.0562313 9.9338 -0.00366519 -0.0991129 0.0448986
1825.23 0.114914 -0.0383047 -9.42295 0.37328 -0.0622134 9.92543 -0.00549779 -0.0910189 0.0468839
1825.25 0.229828 -0.0766094 -9.65278 0.358923 -0.0598205 9.93021 -0.00503964 -0.0926988 0.0467312
1825.27 0.268133 0.0 -9.76769 0.398405 -0.0454636 9.94098 -0.00519235 -0.0885754 0.0478002
1825.28 0.153219 -0.0383047 -9.69109 0.397208 -0.0394815 9.9326 -0.00534507 -0.0896445 0.0482583
1825.3 0.114914 0.0766094 -9.61448 0.394816 -0.0418744 9.91107 -0.00549779 -0.0923933 0.0479529
1825.32 0.114914 -0.0383047 -9.72939 0.405583 -0.0454636 9.92662 -0.00366519 -0.0946841 0.0470366
1825.33 0.114914 0.0383047 -9.806 0.418744 -0.040678 9.94815 -0.00412334 -0.089339 0.0500909
1825.35 0.229828 0.0 -9.69109 0.413958 -0.0550349 9.93739 -0.00534507 -0.0907135 0.0481056
1825.37 0.114914 0.0383047 -9.57617 0.410369 -0.0825523 9.93739 -0.00717767 -0.0907135 0.0488692
1825.38 0.268133 -0.0383047 -9.65278 0.387637 -0.112463 9.9326 -0.00794125 -0.0881173 0.0482583
1825.4 0.229828 -0.114914 -9.72939 0.379262 -0.135194 9.94098 -0.00488692 -0.0926988 0.0474948
1825.42 0.229828 -0.0766094 -9.72939 0.367298 -0.137587 9.94218 -0.00687223 -0.0885754 0.0476475
1825.43 0.268133 -0.153219 -9.72939 0.35653 -0.153141 9.95055 -0.00259618 -0.0923933 0.0445931
1825.45 0.268133 -0.229828 -9.88261 0.376869 -0.143569 9.93021 -0.00320704 -0.0930042 0.0459676
1825.46 0.268133 -0.0766094 -9.72939 0.381655 -0.137587 9.92543 -0.00610865 -0.0878119 0.047342
1825.48 0.229828 -0.0766094 -9.69109 0.387637 -0.105284 9.93859 -0.0018326 -0.0926988 0.0418443
1825.5 0.229828 -0.0766094 -9.76769 0.384048 -0.0897308 9.92543 -0.00137445 -0.0965167 0.0423024
1825.51 0.0766094 0.0383047 -9.76769 0.403191 -0.0765703 9.92782 0.000458149 -0.0926988 0.0439823
1825.53 0.153219 -0.0383047 -9.72939 0.411565 -0.0777667 9.92303 -0.0065668 -0.0865901 0.0464257
1825.55 0.0383047 -0.0766094 -9.806 0.427119 -0.0813559 9.9338 -0.00381791 -0.0905607 0.0445931
1825.56 0.229828 -0.114914 -9.76769 0.40678 -0.0837488 9.94098 -0.00335976 -0.0937678 0.0445931
1825.58 0.268133 -0.114914 -9.8443 0.407976 -0.105284 9.93021 -0.00229074 -0.0928515 0.0424551
1825.6 0.268133 -0.191523 -9.69109 0.400798 -0.116052 9.92423 -0.00397062 -0.0902553 0.0436769
1825.61 0.153219 -0.153219 -9.69109 0.398405 -0.117248 9.93021 -0.00442877 -0.0894917 0.0448986
1825.63 0.114914 -0.114914 -9.76769 0.393619 -0.102891 9.93499 -0.00152716 -0.0910189 0.0429133
1825.65 0.114914 0.0 -9.806 0.391226 -0.0789631 9.94935 -0.00366519 -0.0868956 0.0438296
1825.66 0.114914 0.0383047 -9.76769 0.399601 -0.0562313 9.93859 -0.00274889 -0.0884227 0.0424551
1825.68 0.191523 0.0 -9.76769 0.413958 -0.0490528 9.93739 -0.00351247 -0.0896445 0.0407752
1825.7 0.114914 0.0766094 -9.76769 0.412762 -0.0299103 9.92184 0.000152716 -0.091477 0.0400117
1825.71 0.344742 0.229828 -9.53786 0.401994 -0.020339 9.91227 -0.000610865 -0.0928515 0.0421497
1825.73 0.153219 0.0 -9.57617 0.396012 -0.0191426 9.92423 -0.00381791 -0.0899499 0.0435241
1825.75 0.153219 0.0383047 -9.72939 0.400798 -0.0155533 9.92303 -0.00305432 -0.0940732 0.044135
1825.76 0.229828 -0.0383047 -9.49956 0.381655 -0.0239282 9.90868 -0.0056505 -0.0879646 0.0461203
1825.78 0.0766094 -0.153219 -9.38465 0.372084 -0.0251246 9.91944 -0.0056505 -0.0865901 0.0468839
1825.79 0.191523 0.0 -9.69109 0.361316 -0.0454636 9.93859 -0.00671952 -0.0849102 0.0485638
1825.81 0.344742 -0.0766094 -9.65278 0.352941 -0.0550349 9.92662 -0.00305432 -0.0933096 0.0442877
1825.83 0.191523 0.0 -9.61448 0.351745 -0.0849452 9.93499 -0.00137445 -0.0920879 0.0445931
1825.84 0.153219 0.0 -9.76769 0.355334 -0.0957129 9.93978 -0.00229074 -0.0949895 0.0447459
1825.86 0.191523 0.0383047 -9.8443 0.382851 -0.0849452 9.93859 -0.00427606 -0.0901026 0.046273
1825.88 0.229828 -0.114914 -9.65278 0.388834 -0.0646062 9.92303 -0.00152716 -0.0942259 0.0445931
1825.89 0.153219 -0.0383047 -9.53786 0.385244 -0.0562313 9.92543 -0.0056505 -0.087201 0.0455095
1825.91 0.114914 0.0 -9.49956 0.398405 -0.0478564 9.94815 -0.00305432 -0.0943787 0.0458149
1825.93 0.306437 -0.0383047 -9.72939 0.394816 -0.0430708 9.93859 -0.0065668 -0.0881173 0.047342
1825.94 0.344742 -0.0766094 -9.72939 0.386441 -0.0394815 9.92782 -0.00626137 -0.091477 0.0484111
1825.96 0.268133 -0.191523 -9.92091 0.374477 -0.0454636 9.93499 -0.00946841 -0.0846048 0.0481056
1825.98 0.268133 0.0383047 -10.0741 0.37328 -0.066999 9.92303 -0.00534507 -0.0897971 0.0488692
1825.99 0.191523 -0.0383047 -9.69109 0.364905 -0.101695 9.92782 -0.00671952 -0.0908662 0.0482583
1826.01 0.229828 -0.153219 -9.72939 0.363709 -0.120837 9.93021 -0.00824668 -0.0908662 0.0482583
1826.02 0.191523 0.0 -9.49956 0.386441 -0.122034 9.93859 -0.00366519 -0.0945314 0.0470366
1826.04 0.229828 -0.0766094 -9.76769 0.409173 -0.143569 9.92901 -0.00641408 -0.0885754 0.0499382
1826.06 0.114914 -0.0766094 -9.76769 0.401994 -0.13998 9.94576 -0.00488692 -0.0873537 0.0474948
1826.07 0.153219 -0.153219 -9.72939 0.415155 -0.132802 9.9338 -0.0056505 -0.0905607 0.0476475
1826.09 0.0766094 -0.0766094 -9.49956 0.435494 -0.0993021 9.93021 -0.00305432 -0.0940732 0.0445931
1826.11 0.153219 -0.153219 -9.69109 0.440279 -0.104088 9.95174 -0.00305432 -0.0928515 0.0438296
1826.12 0.0766094 -0.0383047 -9.65278 0.435494 -0.0681954 9.92901 -0.00259618 -0.0945314 0.0426078
1826.14 0.191523 -0.114914 -9.49956 0.445065 -0.0753739 9.93859 -0.00320704 -0.0925461 0.0445931
1826.16 0.153219 0.0 -9.95922 0.417547 -0.0562313 9.9338 -0.00412334 -0.0899499 0.0450513
1826.17 0.153219 -0.0383047 -9.69109 0.40678 -0.0717846 9.91944 -0.00274889 -0.0919352 0.0432187
1826.19 0.191523 -0.0383047 -9.72939 0.393619 -0.0753739 9.92782 -0.00595593 -0.0864374 0.0459676
1826.21 0.191523 0.0 -9.46126 0.39003 -0.09332 9.94098 -0.00259618 -0.0917825 0.0433714
1826.22 0.114914 -0.153219 -9.49956 0.384048 -0.0993021 9.91944 -0.00244346 -0.091477 0.0438296
1826.24 0.114914 -0.0383047 -9.72939 0.384048 -0.0897308 9.94337 0.000763581 -0.0925461 0.0416915
1826.26 0.114914 -0.0383047 -9.76769 0.396012 -0.0957129 9.9314 -0.00244346 -0.0923933 0.0436769
1826.27 0.0766094 0.0766094 -9.42295 0.410369 -0.0729811 9.91705 -0.00229074 -0.0902553 0.043066
1826.29 0.0766094 -0.0383047 -9.95922 0.417547 -0.0693918 9.9314 -0.00106901 -0.0888809 0.0409279
1826.31 0.114914 0.0 -9.76769 0.394816 -0.0526421 9.92423 -0.00335976 -0.0897971 0.0426078
1826.32 0.191523 -0.0383047 -9.65278 0.391226 -0.0382852 9.92662 -0.00244346 -0.0894917 0.0432187
1826.34 0.191523 -0.0383047 -9.806 0.388834 -0.0299103 9.90987 -0.00473421 -0.0881173 0.0435241
1826.36 0.229828 0.0 -9.92091 0.361316 -0.026321 9.92064 -0.00259618 -0.0902553 0.0415388
1826.37 0.268133 0.114914 -9.72939 0.331406 -0.026321 9.91944 -0.00503964 -0.0899499 0.0448986
1826.39 0.114914 0.0383047 -9.61448 0.324227 -0.0299103 9.92184 -0.00534507 -0.0885754 0.0464257
1826.41 0.229828 0.0 -9.69109 0.314656 -0.0334995 9.91944 -0.00229074 -0.0957531 0.0435241
1826.42 0.229828 0.0383047 -9.88261 0.330209 -0.040678 9.93619 -0.00503964 -0.0916298 0.0471893
1826.44 0.268133 -0.0766094 -9.76769 0.367298 -0.0514457 9.94576 -0.00412334 -0.0933096 0.0479529
1826.46 0.229828 -0.0383047 -9.65278 0.35653 -0.0478564 9.92662 -0.00717767 -0.0876591 0.0507018
1826.47 0.268133 -0.0383047 -9.92091 0.392423 -0.0658026 9.93619 -0.00381791 -0.091477 0.0467312
1826.49 0.383047 0.0383047 -9.8443 0.415155 -0.0574277 9.9314 -0.0018326 -0.0945314 0.0447459
1826.51 0.114914 -0.0766094 -9.72939 0.424726 -0.0646062 9.95055 -0.00519235 -0.0934624 0.0456622
1826.52 0.191523 -0.0383047 -9.72939 0.407976 -0.0586241 9.9326 -0.0065668 -0.0890336 0.046273
1826.54 0.114914 0.0 -9.806 0.399601 -0.0478564 9.9326 -0.0074831 -0.0870483 0.0482583
1826.56 0.114914 0.0 -9.49956 0.40678 -0.0478564 9.94457 -0.00641408 -0.091477 0.0458149
1826.57 0.0383047 -0.0383047 -9.76769 0.393619 -0.04666 9.93859 -0.00855211 -0.0841467 0.0497855
1826.59 0.268133 -0.114914 -9.806 0.376869 -0.0729811 9.92064 -0.00855211 -0.0859793 0.0510072
1826.61 0.268133 -0.114914 -9.806 0.398405 -0.0861416 9.94337 -0.00519235 -0.0939205 0.0478002
1826.62 0.114914 -0.191523 -9.53786 0.37328 -0.0813559 9.92901 -0.00549779 -0.0901026 0.0487165
1826.64 0.191523 -0.0766094 -9.69109 0.412762 -0.101695 9.93739 -0.00320704 -0.0931569 0.0468839
1826.66 0.153219 -0.153219 -9.76769 0.440279 -0.12323 9.93739 -0.00488692 -0.0945314 0.0465785
1826.67 0.191523 -0.114914 -9.65278 0.433101 -0.12323 9.94098 -0.00244346 -0.0925461 0.0438296
1826.69 0.191523 -0.0766094 -9.49956 0.463011 -0.12682 9.94098 -0.00473421 -0.0888809 0.046273
1826.71 0.153219 0.0 -10.0358 0.458225 -0.131605 9.92184 -0.0065668 -0.0876591 0.0465785
1826.72 0.114914 -0.0383047 -9.69109 0.431904 -0.120837 9.92782 -0.00397062 -0.089339 0.0450513
1826.74 0.191523 0.0 -9.65278 0.431904 -0.122034 9.94815 -0.000305433 -0.0962113 0.0438296
1826.76 0.153219 -0.0766094 -9.76769 0.397208 -0.104088 9.92901 -0.00503964 -0.0862847 0.044135
1826.77 0.114914 -0.153219 -9.65278 0.374477 -0.0849452 9.9326 -0.00366519 -0.0862847 0.0433714
1826.79 0.153219 -0.114914 -9.69109 0.361316 -0.0981057 9.9338 -0.00290161 -0.0897971 0.041997
1826.81 0.153219 0.0 -9.65278 0.351745 -0.0909272 9.94218 0.0 -0.0934624 0.0410807
1826.82 0.229828 0.0383047 -9.72939 0.358923 -0.0861416 9.94218 -0.00274889 -0.0920879 0.0442877
1826.84 0.306437 -0.114914 -9.95922 0.37328 -0.0753739 9.9338 -0.00152716 -0.0937678 0.0412334
1826.86 0.191523 -0.0766094 -9.57617 0.37328 -0.0741775 9.94337 -0.00381791 -0.0894917 0.0429133
1826.87 0.153219 0.0 -9.65278 0.394816 -0.0813559 9.93021 -0.00381791 -0.0897971 0.0453567
1826.89 0.191523 -0.0766094 -9.72939 0.40678 -0.0765703 9.9326 -0.00106901 -0.0930042 0.0438296
1826.91 0.0766094 -0.0766094 -9.61448 0.401994 -0.0681954 9.9326 -0.00244346 -0.0922406 0.043066
1826.92 0.153219 0.0 -9.46126 0.407976 -0.0562313 9.93859 -0.0018326 -0.0925461 0.0400117
1826.94 0.153219 0.0766094 -9.806 0.362513 -0.040678 9.92184 -0.000610865 -0.0937678 0.0409279
1826.95 0.191523 0.0383047 -9.806 0.35653 -0.0370887 9.92901 -0.00366519 -0.0891863 0.0436769
1826.97 0.114914 -0.0766094 -9.76769 0.34337 -0.0251246 9.92782 -0.000152716 -0.0956004 0.0418443
1826.99 0.153219 0.0 -9.806 0.336191 -0.0239282 9.91944 -0.00335976 -0.0916298 0.0442877
1827.0 0.153219 0.0 -9.76769 0.342173 -0.0239282 9.91346 -0.00244346 -0.0928515 0.0442877
1827.02 0.229828 0.0 -9.49956 0.364905 -0.0251246 9.91824 -0.00442877 -0.0923933 0.0467312
1827.04 0.0766094 -0.0383047 -9.15482 0.388834 -0.0239282 9.91824 -0.00488692 -0.090408 0.0482583
1827.05 0.229828 -0.0383047 -9.806 0.397208 -0.0287139 9.92064 -0.00687223 -0.0885754 0.0471893
1827.07 0.153219 0.0766094 -9.69109 0.411565 -0.0323031 9.9015 -0.00610865 -0.0878119 0.0484111
1827.08 0.153219 -0.0766094 -9.806 0.428315 -0.0442672 9.92423 -0.00549779 -0.0911716 0.0478002
1827.1 0.153219 -0.0766094 -9.61448 0.41994 -0.061017 9.92782 -0.00488692 -0.0910189 0.0491747
1827.12 0.0766094 -0.0383047 -9.76769 0.441475 -0.0634098 9.91705 -0.00763582 -0.0849102 0.0505491
1827.13 0.0 -0.0383047 -9.72939 0.409173 -0.0777667 9.92543 -0.00381791 -0.0940732 0.0456622
1827.15 0.229828 0.0383047 -9.72939 0.404387 -0.0717846 9.95294 -0.00442877 -0.0901026 0.0470366
1827.16 0.191523 -0.153219 -9.38465 0.392423 -0.0801595 9.92782 -0.00931569 -0.0859793 0.0478002
1827.18 0.306437 0.0766094 -9.95922 0.367298 -0.0777667 9.91824 -0.00458149 -0.0940732 0.0458149
1827.19 0.191523 -0.0383047 -9.61448 0.37328 -0.087338 9.94098 -0.00641408 -0.0870483 0.047342
1827.21 0.191523 -0.114914 -9.806 0.376869 -0.0885344 9.93619 -0.00824668 -0.0867428 0.0481056
1827.8 0.153219 -0.0383047 -9.72939 0.355334 -0.0897308 9.93859 -0.00397062 -0.0919352 0.0465785
1827.82 0.191523 -0.0766094 -9.69109 0.368495 -0.0825523 9.94935 -0.00824668 -0.0879646 0.0490219
1827.83 0.191523 -0.114914 -9.76769 0.379262 -0.0777667 9.94218 -0.00198531 -0.0949895 0.046273
1827.85 0.191523 -0.0383047 -9.72939 0.388834 -0.0693918 9.92543 -0.00580322 -0.0878119 0.0476475
1827.87 0.0383047 -0.0383047 -9.76769 0.410369 -0.0693918 9.94098 -0.00610865 -0.0897971 0.0476475
1827.88 0.191523 -0.0383047 -9.92091 0.42353 -0.0789631 9.9338 -0.00534507 -0.0940732 0.0491747
1827.9 0.153219 -0.0383047 -9.69109 0.422333 -0.0969093 9.92423 -0.00366519 -0.0926988 0.0484111
1827.92 0.268133 -0.191523 -9.806 0.433101 -0.120837 9.94218 -0.00366519 -0.0916298 0.0464257
1827.93 0.268133 -0.0383047 -9.49956 0.446261 -0.122034 9.93859 -0.00213803 -0.0962113 0.0444404
1827.95 0.153219 -0.114914 -9.69109 0.428315 -0.138784 9.92064 -0.00137445 -0.0948368 0.0429133
1827.97 0.153219 -0.0766094 -9.65278 0.410369 -0.133998 9.93021 -0.00213803 -0.0934624 0.0433714
1827.98 0.0766094 -0.229828 -9.8443 0.401994 -0.135194 9.92901 -0.00198531 -0.0954477 0.0424551
1828.0 0.153219 0.0766094 -9.72939 0.428315 -0.111266 9.93499 -0.00580322 -0.0849102 0.0445931
1828.01 0.114914 -0.153219 -9.72939 0.431904 -0.0885344 9.9314 -0.00244346 -0.090408 0.0423024
1828.03 0.229828 -0.0383047 -9.8443 0.413958 -0.0681954 9.93499 -0.00412334 -0.0859793 0.044135
1828.05 0.153219 0.0 -9.72939 0.421137 -0.0478564 9.93499 -0.00274889 -0.086132 0.0435241
1828.06 0.0766094 -0.0383047 -9.8443 0.404387 -0.0538385 9.92901 -0.00213803 -0.091477 0.0424551
1828.08 0.0383047 0.0766094 -9.806 0.418744 -0.0478564 9.94098 -0.00305432 -0.0907135 0.043066
1828.1 0.229828 -0.0383047 -9.69109 0.396012 -0.0442672 9.92423 -0.00167988 -0.0930042 0.0416915
1828.11 0.0766094 0.0 -9.99752 0.391226 -0.0490528 9.9338 -0.0018326 -0.0923933 0.0426078
1828.13 0.268133 -0.0383047 -9.61448 0.380459 -0.0634098 9.91824 -0.00366519 -0.0884227 0.0421497
1828.15 0.153219 0.0 -9.8443 0.357727 -0.0777667 9.9314 -0.00366519 -0.0905607 0.0439823
