1667.77 -3.06437 0.65118 -9.30804 3.98405 0.570688 9.12502 -0.00671952 -0.0597121 0.030696
1667.79 -3.14098 0.766094 -8.96329 3.98644 0.812363 9.0999 -0.00488692 -0.0577268 0.0346666
1667.8 -3.14098 0.919312 -8.96329 4.01037 0.994217 9.09392 -0.00397062 -0.0587958 0.0248928
1667.82 -3.2942 1.11084 -8.81008 4.02233 1.09831 9.08076 -0.00488692 -0.0568105 0.0192422
1667.84 -3.17929 1.11084 -8.96329 4.00798 1.23589 9.04845 -0.00381791 -0.0623082 0.0140499
1667.85 -2.79624 1.18745 -8.84838 3.8333 1.35793 9.04247 -0.00412334 -0.0589485 0.0387899
1667.87 -2.94946 1.37897 -9.0016 3.86082 1.3986 9.07238 -0.00534507 -0.0603229 0.0435241
1667.89 -2.87285 1.22575 -9.0016 3.73161 1.34477 9.05324 -0.00901026 -0.0633773 0.0459676
1667.9 -3.02607 1.14914 -8.69516 3.93739 1.1677 8.95514 -0.0119119 -0.0679587 0.0369573
1667.92 -3.21759 0.957617 -8.96329 4.16949 1.19043 9.04606 -0.0148135 -0.071013 0.03711
1667.94 -3.63894 1.14914 -8.61855 4.35493 1.17727 9.04008 -0.00702495 -0.0728457 0.0410807
1667.95 -3.71555 1.07253 -8.96329 4.75932 1.24187 8.87138 -0.0105374 -0.0682642 0.0620028
1667.97 -3.56234 0.919312 -8.77177 4.43988 1.08275 9.04008 -0.0108429 -0.0641408 0.0589485
1667.99 -3.79216 1.03423 -9.0016 4.52124 1.01934 8.98146 -0.0125227 -0.0621555 0.0436769
1668.0 -4.0986 1.14914 -8.88668 4.90768 1.27059 9.03649 -0.00778853 -0.0699441 0.0245873
1668.02 -4.0986 1.22575 -8.88668 5.01416 1.33519 8.89412 -0.0164934 -0.0545197 -0.00442877
1668.03 -3.67725 0.766094 -8.96329 4.54636 1.00379 9.15852 -0.0222966 -0.0459676 -0.0368046
1668.05 -3.98369 1.18745 -8.65686 4.80239 1.27657 8.86182 -0.013439 -0.0517708 -0.0394008
1668.07 -3.63894 1.68541 -8.96329 4.65763 1.84606 8.9324 -0.00809396 -0.0423024 0.0323759
1668.08 -3.40912 1.91523 -8.81008 4.24606 2.03868 9.01735 -0.0105374 -0.041997 0.0632245
1668.1 -3.56234 1.80032 -8.96329 4.3011 2.02792 8.9994 -0.0187841 -0.0423024 0.111177
1668.12 -3.86877 1.80032 -8.88668 4.61575 2.0662 9.01137 -0.0239765 -0.0447459 0.125838
1668.13 -3.63894 1.76202 -9.03991 4.55952 2.00638 9.05324 -0.0294742 -0.0345139 0.138361
1668.15 -3.52403 1.30236 -9.19312 4.4004 1.45962 9.11426 -0.0351248 -0.0406225 0.135154
1668.16 -3.71555 0.689484 -9.07821 4.59661 0.777667 8.92881 -0.0416915 -0.0368046 0.0975857
1668.18 -3.67725 0.497961 -8.69516 4.57268 0.528814 8.88096 -0.0416915 -0.0348193 0.0589485
1668.2 -3.71555 0.383047 -8.88668 4.47697 0.404387 8.87378 -0.0377209 -0.0310014 0.00626137
1668.21 -3.98369 0.65118 -8.46534 4.64806 0.771685 8.82592 -0.0259618 -0.0319177 0.0210748
1668.23 -3.98369 0.804398 -8.73347 4.78445 0.945165 8.87617 -0.0256563 -0.030696 0.0453567
1668.25 -3.86877 1.26405 -9.0016 4.77248 1.30528 9.02931 -0.022602 -0.0238237 0.0514654
1668.26 -3.71555 1.68541 -9.0016 4.52124 1.77667 9.11785 -0.0261145 -0.0174097 0.030696
1668.28 -3.48573 1.72371 -8.96329 4.39681 1.88435 9.11905 -0.0378736 -0.0129809 -0.00335976
1668.3 -3.14098 1.72371 -9.0016 4.05942 1.9011 9.05563 -0.0397062 -0.0160352 -0.0074831
1668.31 -3.14098 1.34066 -9.07821 3.88714 1.56849 8.98864 -0.0474948 -0.0167988 0.0158825
1668.33 -2.98777 0.995922 -9.03991 3.85005 1.11864 9.07238 -0.0499382 -0.0155771 0.0571159
1668.35 -3.17929 0.766094 -8.92499 3.88834 0.9667 9.06401 -0.0491747 -0.0131336 0.0705549
1668.36 -3.44742 0.689484 -8.88668 4.13121 0.781256 9.08674 -0.044135 -0.0174097 0.0853684
1668.38 -3.67725 0.65118 -8.84838 4.49252 0.803988 9.16929 -0.0375682 -0.0200058 0.0849102
1668.4 -3.75386 0.689484 -9.23143 4.65404 0.814756 9.16451 -0.0384845 -0.0175624 0.0685696
1668.41 -3.67725 0.459656 -9.15482 4.65524 0.630509 9.24826 -0.0426078 -0.00580322 0.0607811
1668.43 -3.40912 0.306437 -9.03991 4.19821 0.350548 9.25902 -0.0403171 -0.00152716 0.0320704
1668.45 -2.68133 0.421352 -9.19312 3.89432 0.325424 9.22433 -0.0343612 0.00244346 0.010232
1668.46 -2.56641 0.536266 -8.81008 3.45404 0.611366 9.04247 -0.0320704 0.00488692 0.00290161
1668.48 -2.37489 0.919312 -8.92499 3.17886 1.00499 9.02333 -0.0262672 -0.00595593 0.0111483
1668.49 -2.41319 1.22575 -9.15482 3.21476 1.25025 9.15972 -0.0265726 -0.0169515 0.025809
1668.51 -2.4898 1.14914 -9.49956 3.27458 1.28375 9.31286 -0.0319177 -0.014508 0.0294742
1668.53 -2.4515 1.03423 -9.38465 3.28056 1.14975 9.52821 -0.0358883 -0.0160352 0.0244346
1668.54 -2.25998 0.689484 -9.34634 3.07238 0.853041 9.55573 -0.0369573 -0.0183259 0.0131336
1668.56 -1.99184 0.421352 -8.96329 2.95992 0.638883 9.42173 -0.0404698 -0.013439 0.00992656
1668.58 -1.95354 0.306437 -9.07821 2.79123 0.361316 9.15374 -0.0337503 -0.0255036 0.02474
1668.59 -1.87693 0.344742 -8.96329 2.74098 0.319442 9.16451 -0.0253509 -0.031765 0.0668897
1668.61 -2.18337 0.306437 -9.23143 2.85105 0.282353 9.27338 -0.0201585 -0.0432187 0.0896445
1668.63 -2.06845 0.0766094 -9.61448 2.85583 0.0969093 9.69093 -0.0160352 -0.0433714 0.095295
1668.64 -2.10676 0.421352 -9.38465 3.12383 0.346959 9.64427 -0.010232 -0.0478002 0.0662789
1668.66 -2.25998 0.497961 -9.26973 3.08794 0.459422 9.4684 -0.0125227 -0.0470366 0.0197004
1668.68 -2.06845 0.344742 -9.11651 2.81635 0.452243 9.32602 -0.013439 -0.0453567 0.000610865
1668.69 -1.76202 0.497961 -9.19312 2.37129 0.508475 9.25544 -0.00763582 -0.0485638 0.00626137
1668.71 -1.72371 0.65118 -9.03991 2.668 0.756132 9.15493 -0.00152716 -0.0694859 0.0410807
1668.73 -2.18337 0.919312 -9.11651 2.9001 0.940379 9.10947 0.000610865 -0.0743728 0.0442877
1668.74 -2.52811 1.57049 -8.92499 3.22792 1.41535 9.22792 0.00137445 -0.0789543 0.041997
1668.76 -3.06437 1.6471 -9.15482 3.87876 1.74796 9.23151 -0.00351247 -0.08827 0.0297797
1668.78 -2.91116 1.49388 -9.03991 4.16351 1.73599 9.21835 -0.0106901 -0.0868956 0.0410807
1668.79 -3.48573 1.18745 -9.30804 4.31067 1.38066 9.23988 -0.0128282 -0.0807869 0.0323759
1668.81 -3.48573 0.842703 -9.19312 4.12164 1.07198 9.3655 -0.0161879 -0.0722348 0.0507018
1668.83 -3.06437 0.689484 -9.07821 3.89192 0.825523 9.28176 -0.0172569 -0.0671951 0.0833831
1668.84 -3.2559 0.536266 -9.03991 3.7017 0.628116 9.20758 -0.0175624 -0.066737 0.0867428
1668.86 -2.71963 0.497961 -9.03991 3.46361 0.541974 9.27816 -0.0135917 -0.0659734 0.0647517
1668.88 -2.94946 0.689484 -9.23143 3.90628 0.799202 9.14177 -0.00855211 -0.078038 0.0183259
1668.89 -3.14098 1.11084 -8.96329 3.96251 1.05404 9.22792 -0.00855211 -0.0714712 0.0279471
1668.91 -3.14098 1.37897 -9.15482 3.99242 1.45125 9.31884 -0.00916297 -0.0725402 0.0253509
1668.93 -3.52403 1.41727 -9.03991 4.2317 1.52183 9.23749 -0.0154243 -0.0702495 0.020464
1668.94 -3.52403 1.14914 -9.03991 4.41835 1.54576 9.26022 -0.0287107 -0.0607811 -0.00916297
1668.96 -3.2942 0.842703 -9.26973 4.31904 1.0349 9.23869 -0.0314596 -0.0552833 -0.0259618
1668.97 -3.37081 0.881008 -8.77177 4.14796 1.07079 9.02094 -0.020464 -0.0557414 0.0277944
1668.99 -2.83455 1.07253 -8.81008 4.00678 1.27418 9.02213 -0.0152716 -0.0505491 0.0809396
1669.0 -2.75794 0.842703 -9.0016 3.66341 1.04806 9.08076 -0.0212276 -0.0510072 0.120035
1669.02 -2.75794 0.689484 -9.11651 3.68375 0.714257 9.22911 -0.0201585 -0.0595593 0.105069
1669.04 -2.98777 0.65118 -9.11651 3.71725 0.750149 9.27697 -0.0189368 -0.0551306 0.0842994
1669.05 -2.75794 0.65118 -9.23143 3.67418 0.999003 9.37747 -0.0175624 -0.0555887 0.0604756
1669.07 -2.79624 0.536266 -9.49956 3.5653 0.705882 9.45763 -0.0216857 -0.0571159 0.0546724
1669.09 -2.75794 0.421352 -9.23143 3.61316 0.4666 9.4026 -0.0192422 -0.056505 0.0410807
1669.1 -2.71963 0.497961 -9.15482 3.35713 0.478564 9.37986 -0.0189368 -0.0516181 0.0335976
1669.12 -2.25998 0.536266 -9.07821 3.01017 0.547956 9.31286 -0.0142026 -0.0555887 0.0151189
1669.14 -2.22167 0.344742 -8.81008 3.19801 0.533599 9.16092 -0.0137445 -0.0627664 0.0435241
1669.15 -2.56641 0.727789 -8.92499 3.48036 0.636491 9.33679 -0.010232 -0.0659734 0.0203113
1669.17 -2.64302 1.57049 -9.26973 3.4995 1.52423 9.47797 -0.000916298 -0.0638354 0.00442877
1669.19 -2.56641 1.6088 -9.26973 3.38824 1.77787 9.42173 -0.0138972 -0.0627664 0.0658207
1669.2 -2.4515 0.919312 -9.03991 3.40738 1.31366 9.48395 -0.0200058 -0.0627664 0.0736092
1669.22 -2.4515 0.421352 -9.26973 3.23151 0.66999 9.34517 -0.0273362 -0.0610865 0.0542143
1669.24 -2.29828 0.459656 -9.03991 2.94197 0.495314 9.29252 -0.0207694 -0.0665843 0.0160352
1669.25 -2.06845 0.459656 -8.92499 2.92522 0.492921 9.16092 -0.013439 -0.0743728 0.06353
1669.27 -2.06845 0.536266 -9.07821 2.82473 0.564706 9.25663 -0.0140499 -0.0722348 0.0734565
1669.29 -2.22167 0.497961 -9.26973 3.10469 0.594616 9.32243 -0.0105374 -0.0809396 0.0789543
1669.3 -2.64302 0.689484 -9.19312 3.39422 0.760917 9.44447 -0.00488692 -0.0894917 0.074831
1669.32 -2.60472 0.766094 -9.23143 3.4995 0.861416 9.45404 -0.0018326 -0.0919352 0.0552833
1669.34 -2.4898 1.03423 -9.26973 3.45284 1.14855 9.41456 -0.00519235 -0.0876591 0.054367
1669.35 -2.33659 0.919312 -9.34634 3.37747 1.13659 9.44686 -0.0100793 -0.0858265 0.0529926
1669.37 -2.56641 0.536266 -9.23143 3.33799 0.900898 9.48754 -0.0154243 -0.0881173 0.0523817
1669.39 -2.64302 0.344742 -9.26973 3.42293 0.421137 9.37388 -0.0171042 -0.0873537 0.0476475
1669.4 -2.4898 0.344742 -9.11651 3.34158 0.242871 9.37747 -0.0056505 -0.0923933 0.0320704
1669.42 -2.22167 0.536266 -9.03991 3.07119 0.518046 9.36909 -0.00274889 -0.0878119 0.0302378
1669.44 -2.14506 0.57457 -9.23143 2.99821 0.616152 9.4014 0.0018326 -0.0949895 0.0197004
1669.45 -2.14506 0.65118 -9.15482 3.12742 0.82672 9.36431 -0.00122173 -0.0994183 0.0308487
1669.47 -2.56641 0.689484 -9.11651 3.32602 0.819541 9.33081 -0.000152716 -0.102473 0.0436769
1669.49 -2.64302 0.65118 -9.11651 3.44327 0.708275 9.34397 0.0018326 -0.104 0.0407752
1669.5 -2.87285 0.766094 -9.15482 3.68016 0.742971 9.28773 0.00106901 -0.101404 0.0311541
1669.52 -3.02607 0.766094 -9.03991 3.84766 0.80997 9.20758 0.00351247 -0.103542 0.00412334
1669.53 -3.02607 0.727789 -9.07821 3.84167 0.904487 9.16211 0.00503964 -0.101404 0.0274889
1669.55 -3.21759 0.689484 -9.03991 3.84885 0.934397 9.18604 0.00824668 -0.105069 0.047342
1669.57 -3.48573 0.957617 -8.92499 4.16949 0.997807 9.03529 0.0065668 -0.101098 0.0841467
1669.58 -3.14098 0.919312 -9.03991 3.93021 1.02891 9.2004 0.00427606 -0.0928515 0.0496328
1669.6 -3.06437 0.881008 -9.26973 3.85484 1.05404 9.24347 0.00473421 -0.0948368 0.0352775
1669.62 -2.98777 1.11084 -9.30804 3.82971 1.18086 9.27338 0.0056505 -0.095295 0.0549779
1669.63 -2.98777 0.957617 -9.65278 3.87996 1.22034 9.23988 0.00641408 -0.0983493 0.0829249
1669.65 -2.98777 0.919312 -9.19312 3.81894 1.1677 9.39183 0.00213803 -0.0907135 0.078038
1669.67 -2.94946 1.18745 -9.26973 3.75434 1.20359 9.40618 0.00122173 -0.0916298 0.0604756
1669.68 -2.83455 1.37897 -9.30804 3.81416 1.44168 9.27577 -0.00290161 -0.0928515 0.0248928
1669.7 -3.02607 1.18745 -8.81008 3.8656 1.35673 9.20279 -0.010232 -0.0907135 0.0271835
1669.72 -3.06437 0.995922 -9.0016 4.04985 1.23709 9.18006 -0.0128282 -0.0858265 0.0400117
1669.73 -3.33251 0.957617 -8.92499 4.19342 1.08395 9.16331 -0.014508 -0.0798706 0.0552833
1669.75 -3.71555 0.995922 -9.03991 4.31426 1.11745 9.11067 -0.00977384 -0.0847575 0.0445931
1669.77 -3.56234 1.07253 -8.84838 4.38126 1.20239 9.10588 -0.0117592 -0.0781907 0.0308487
1669.78 -3.71555 1.07253 -8.88668 4.47697 1.28853 9.12263 -0.0167988 -0.0743728 0.0335976
1669.8 -3.44742 1.11084 -9.19312 4.27836 1.15573 9.22433 -0.020464 -0.0644463 0.0481056
1669.82 -3.14098 0.881008 -9.26973 3.78903 0.940379 9.35593 -0.0189368 -0.0584903 0.0612392
1669.83 -2.52811 0.766094 -9.49956 3.53659 0.904487 9.3655 -0.0189368 -0.0566577 0.0681114
1669.85 -2.37489 0.612875 -9.26973 2.94556 0.7334 9.4014 -0.0186314 -0.0600175 0.071013
1669.87 -1.87693 0.383047 -9.30804 2.601 0.384048 9.399 -0.0203113 -0.0650571 0.0436769
1669.88 -1.68541 0.306437 -9.26973 2.57228 0.241675 9.42173 -0.014508 -0.0768163 0.0280998
1669.9 -1.95354 0.229828 -9.61448 2.78524 0.198604 9.48634 -0.0114537 -0.0815505 0.0256563
1669.92 -1.80032 0.421352 -9.34634 2.85942 0.381655 9.60359 -0.000152716 -0.0853684 0.0655153
1669.93 -2.06845 0.612875 -9.34634 2.87498 0.551545 9.60479 -0.000152716 -0.0855211 0.068875
1669.95 -2.33659 0.459656 -9.34634 3.08076 0.647258 9.43848 -0.00488692 -0.0862847 0.0448986
1669.97 -2.41319 0.344742 -9.11651 3.2662 0.496511 9.27697 -0.00519235 -0.0966694 -0.0299324
1669.98 -2.37489 0.383047 -9.07821 3.3667 0.501296 9.10828 -0.00122173 -0.0943787 -0.0335976
1670.0 -2.71963 0.57457 -8.81008 3.466 0.592223 9.09512 0.00213803 -0.0981966 -0.0142026
1670.02 -2.94946 0.804398 -9.15482 3.72682 0.909272 9.0999 0.0132863 -0.106138 0.031765
1670.03 -2.83455 1.14914 -9.19312 3.68853 1.28973 9.35354 0.0126754 -0.10064 0.0671951
1670.05 -2.68133 1.30236 -9.03991 3.71486 1.42014 9.30449 0.0018326 -0.100182 0.00641408
1670.07 -2.79624 1.18745 -9.19312 3.72203 1.3663 9.34636 0.00244346 -0.0986547 0.0183259
1670.08 -2.4515 0.766094 -9.57617 3.45045 0.990628 9.35593 -0.00397062 -0.0933096 0.0432187
1670.1 -2.37489 0.612875 -9.23143 3.22433 0.695115 9.44925 -0.00503964 -0.0933096 0.0106901
1670.12 -2.25998 0.536266 -9.07821 3.29252 0.65324 9.35234 -0.00397062 -0.0966694 -0.0154243
1670.13 -2.33659 0.536266 -9.11651 3.21356 0.693918 9.37747 0.000458149 -0.100945 -0.0189368
1670.15 -2.37489 0.727789 -9.30804 3.23868 0.847059 9.45763 0.00244346 -0.102778 0.0181732
1670.17 -2.64302 0.804398 -9.07821 3.41575 0.914058 9.40379 0.00167988 -0.101098 0.0801761
1670.18 -2.79624 1.14914 -9.19312 3.71246 1.11864 9.37149 0.00641408 -0.101862 0.104763
1670.2 -2.71963 1.34066 -9.19312 3.60479 1.41775 9.34517 0.00412334 -0.096364 0.0836885
1670.22 -2.83455 1.49388 -9.23143 3.45404 1.43569 9.31166 -0.00320704 -0.102014 0.00946841
1670.23 -2.87285 1.14914 -8.92499 3.67418 1.42253 9.12383 -0.00641408 -0.106596 -0.0108429
1670.25 -3.21759 0.57457 -8.92499 3.87159 0.914058 8.9994 -0.0132863 -0.105527 -0.00259618
1670.27 -3.02607 0.421352 -8.96329 3.80818 0.413958 9.08315 -0.00870483 -0.103236 0.0279471
1670.28 -2.87285 0.536266 -9.07821 3.88475 0.434297 9.12861 -0.00320704 -0.102778 0.0459676
1670.3 -3.14098 0.727789 -8.77177 4.12044 0.7334 9.15015 0.00717767 -0.103847 0.0694859
1670.32 -3.14098 0.919312 -9.23143 3.81416 1.02772 9.29491 0.00778853 -0.0988074 0.0610865
1670.33 -2.79624 0.804398 -9.23143 3.70528 1.01575 9.39063 0.0018326 -0.0975857 0.0241292
1670.35 -2.83455 0.881008 -9.0016 3.67178 1.00977 9.35474 0.00137445 -0.0988074 0.0239765
1670.36 -2.41319 0.842703 -9.26973 3.29252 0.972682 9.47557 0.00167988 -0.0939205 0.0429133
1670.38 -2.33659 0.842703 -9.61448 3.14417 0.906879 9.51984 -0.000458149 -0.0936151 0.0358883
1670.4 -2.4515 0.881008 -9.0016 3.22433 0.943968 9.37268 0.000916298 -0.101862 0.0201585
1670.41 -2.4898 0.65118 -9.15482 3.48036 0.87338 9.31765 -0.00397062 -0.102473 0.000305433
1670.43 -2.87285 0.497961 -9.61448 3.67059 0.740578 9.31166 -0.000763581 -0.106749 0.0253509
1670.45 -3.2942 0.995922 -8.96329 3.87876 0.851844 9.29611 0.00458149 -0.105222 0.0517708
1670.46 -3.37081 1.11084 -9.15482 4.22094 1.16052 9.18006 0.0065668 -0.099571 0.104611
1670.48 -3.21759 1.14914 -9.15482 4.14078 1.34237 9.19442 0.00305432 -0.0948368 0.0878119
1670.5 -3.33251 1.26405 -9.11651 4.15154 1.37946 9.18484 0.0 -0.0925461 0.0383318
1670.51 -3.2942 1.07253 -8.88668 4.21376 1.30409 9.0652 -0.00503964 -0.0901026 0.0322231
1670.53 -2.98777 0.842703 -9.07821 3.88355 1.08395 9.11785 -0.00763582 -0.0847575 0.0442877
1670.55 -2.91116 0.995922 -9.0016 3.74357 0.984646 9.18724 -0.00671952 -0.0867428 0.0464257
1670.56 -2.4515 0.689484 -9.19312 3.47438 0.898505 9.2339 -0.00351247 -0.0865901 0.0580322
1670.58 -2.4515 0.881008 -9.0016 3.30209 1.04806 9.24706 -0.0018326 -0.0897971 0.0697913
1670.6 -2.37489 1.11084 -9.23143 3.22074 1.28255 9.32363 -0.00366519 -0.0891863 0.0777326
1670.61 -2.4898 1.14914 -9.49956 3.29013 1.32802 9.33679 -0.00412334 -0.0940732 0.0752891
1670.63 -2.71963 0.995922 -9.23143 3.46241 1.22512 9.42772 -0.00809396 -0.100487 0.0534507
1670.64 -2.68133 0.804398 -9.26973 3.64427 1.01934 9.47198 -0.014508 -0.0969748 0.0342084
1670.66 -2.94946 0.65118 -9.26973 3.68973 0.882951 9.44925 -0.0158825 -0.0948368 0.032834
1670.68 -2.87285 0.421352 -9.38465 3.72323 0.579063 9.34038 -0.0160352 -0.0910189 0.0378736
1670.69 -2.91116 0.421352 -9.19312 3.65025 0.45344 9.23629 -0.0116064 -0.0940732 0.0364992
1670.71 -3.06437 0.536266 -8.92499 3.67777 0.485743 9.19801 -0.00488692 -0.0919352 0.0461203
1670.73 -3.10268 0.536266 -8.77177 3.80698 0.646062 9.08076 -0.00473421 -0.0907135 0.0496328
1670.74 -3.56234 0.727789 -8.69516 4.11685 0.83988 9.07597 -0.00580322 -0.0896445 0.0497855
1670.76 -3.48573 0.919312 -8.92499 4.3657 1.10668 9.12861 -0.00137445 -0.0901026 0.0416915
1670.78 -3.40912 1.14914 -9.07821 4.40518 1.24427 9.16092 0.000916298 -0.0876591 0.0404698
1670.79 -3.60064 1.18745 -8.81008 4.4327 1.37228 9.21236 -0.00366519 -0.0823141 0.0505491
1670.81 -3.2942 1.18745 -9.0016 4.21256 1.21196 9.21236 -0.00778853 -0.0768163 0.0514654
1670.83 -3.21759 0.842703 -9.15482 3.95773 1.05284 9.24826 -0.010232 -0.0733038 0.0406225
1670.84 -2.68133 0.536266 -9.26973 3.58325 0.725025 9.24826 -0.0132863 -0.0694859 0.0219911
1670.86 -2.83455 0.497961 -9.11651 3.50668 0.522831 9.27457 -0.00473421 -0.0777326 0.0197004
1670.87 -2.79624 0.57457 -9.11651 3.51147 0.539581 9.2339 -0.00381791 -0.0798706 0.00626137
1670.89 -3.06437 0.612875 -9.23143 3.85484 0.709472 9.26261 -0.00213803 -0.0823141 0.00198531
1670.91 -3.44742 0.804398 -9.53786 4.34297 0.897308 9.24945 0.000763581 -0.079107 0.00595593
1670.92 -3.60064 1.11084 -9.15482 4.4686 1.03729 9.24586 -0.000763581 -0.071013 0.00488692
1670.94 -3.79216 1.34066 -9.23143 4.64686 1.40219 9.26141 0.00122173 -0.0685696 0.00213803
1670.96 -3.75386 1.49388 -9.38465 4.57268 1.61037 9.18484 -0.00626137 -0.0529926 0.0142026
1670.97 -3.48573 1.41727 -8.54194 4.29631 1.49791 9.1657 -0.0120646 -0.0510072 0.0065668
1670.99 -3.44742 1.22575 -9.03991 4.09412 1.42014 9.10349 -0.0135917 -0.0461203 0.00839939
1671.01 -2.83455 1.22575 -8.88668 3.72203 1.40937 9.0664 -0.014508 -0.0456622 0.0178678
1671.02 -2.68133 1.34066 -8.58025 3.61436 1.44885 9.02692 -0.0158825 -0.0494801 0.0241292
1671.04 -2.83455 1.18745 -8.96329 3.5988 1.42612 9.10349 -0.0181732 -0.0494801 0.033903
1671.05 -3.06437 1.11084 -9.07821 3.85484 1.20359 9.24945 -0.0212276 -0.0546724 0.056505
1671.07 -3.10268 1.07253 -9.03991 3.95294 1.14975 9.29372 -0.0172569 -0.0561996 0.065668
1671.08 -3.06437 1.22575 -9.15482 3.9673 1.3005 9.35713 -0.0183259 -0.0482583 0.0633773
1671.1 -3.02607 1.18745 -9.15482 3.92303 1.34237 9.37627 -0.0259618 -0.0409279 0.0438296
1671.12 -2.64302 0.919312 -9.26973 3.67059 1.133 9.41097 -0.0300851 -0.0390954 0.0497855
1671.13 -2.52811 0.65118 -9.23143 3.37866 0.859023 9.33918 -0.030696 -0.034972 0.0574213
1671.15 -2.37489 0.842703 -9.11651 3.26142 0.898505 9.28535 -0.0300851 -0.0342084 0.0526871
1671.16 -2.25998 0.957617 -8.96329 3.10588 1.18086 9.24945 -0.0279471 -0.0418443 0.0348193
1671.78 -2.29828 0.919312 -9.0016 3.1669 0.947557 9.35354 -0.0261145 -0.00962113 0.0164934
1671.8 -2.22167 0.842703 -9.26973 3.12861 1.04566 9.40977 -0.0255036 -0.0108429 0.0207694
1671.81 -2.25998 0.919312 -9.23143 3.1322 1.10788 9.44447 -0.0287107 -0.0146608 0.0175624
1671.83 -2.41319 0.995922 -9.57617 3.20518 1.00977 9.49232 -0.0320704 -0.0143553 -0.00335976
1671.85 -2.52811 0.957617 -9.26973 3.31047 1.02293 9.49113 -0.0363465 -0.0128282 -0.011301
1671.87 -2.52811 0.919312 -9.26973 3.32004 1.12941 9.47198 -0.0366519 -0.00824668 0.00519235
1671.89 -2.52811 0.919312 -9.03991 3.37627 1.17368 9.38704 -0.0387899 -0.0105374 0.00794125
1671.9 -2.68133 0.995922 -9.30804 3.38465 1.05882 9.3667 -0.041997 -0.00809396 0.0137445
1671.92 -2.71963 0.957617 -8.88668 3.48514 1.09232 9.34875 -0.041997 -0.0056505 0.013439
1671.94 -2.75794 0.881008 -9.23143 3.51864 1.09831 9.35713 -0.0442877 -0.00534507 0.0323759
1671.95 -2.94946 0.919312 -9.03991 3.64307 1.066 9.33799 -0.044135 -0.00442877 0.0418443
1671.97 -2.83455 0.766094 -8.96329 3.61795 0.908076 9.37747 -0.0465785 0.00320704 0.0429133
1671.98 -2.64302 0.727789 -9.15482 3.5665 0.878166 9.38824 -0.0481056 0.00641408 0.032834
1672.0 -2.56641 0.804398 -9.26973 3.39063 0.897308 9.37149 -0.0458149 0.0056505 0.0355829
1672.02 -2.37489 0.57457 -9.15482 3.15374 0.774078 9.35952 -0.0502437 0.00778853 0.0459676
1672.03 -2.29828 0.536266 -9.19312 3.09751 0.643669 9.45882 -0.0493274 0.00946841 0.0545197
1672.05 -2.22167 0.804398 -9.26973 3.05683 0.665205 9.51625 -0.0494801 0.0143553 0.0616974
1672.07 -2.14506 0.842703 -9.34634 3.00419 0.884148 9.52821 -0.0479529 0.0154243 0.0528398
1672.08 -1.99184 0.842703 -9.38465 2.8989 0.987039 9.5318 -0.0485638 0.00901026 0.0438296
1672.1 -2.06845 0.766094 -9.34634 2.90369 0.888933 9.48874 -0.0561996 0.0163406 0.0470366
1672.12 -1.83862 0.497961 -9.38465 2.87976 0.561117 9.50788 -0.0548251 0.0132863 0.0448986
1672.13 -2.18337 0.497961 -9.19312 2.87856 0.457029 9.51027 -0.0517708 0.0108429 0.0311541
1672.15 -2.03015 0.421352 -9.42295 2.88694 0.425922 9.49352 -0.0499382 0.0103847 0.0412334
1672.17 -1.95354 0.344742 -9.30804 3.01376 0.404387 9.49113 -0.0497855 0.0119119 0.0595593
1672.18 -2.03015 0.536266 -9.42295 2.98624 0.387637 9.52821 -0.0450513 0.0137445 0.0827722
1672.2 -1.91523 0.421352 -9.46126 2.91206 0.460618 9.57248 -0.0436769 0.01237 0.0525344
1672.21 -2.06845 0.459656 -9.46126 2.71825 0.568295 9.5677 -0.0450513 0.0137445 0.0276416
1672.23 -1.72371 0.421352 -9.57617 2.55912 0.521635 9.57368 -0.0470366 0.0129809 0.0122173
1672.25 -1.68541 0.459656 -9.34634 2.47418 0.446261 9.57607 -0.0468839 0.0128282 0.0432187
1672.26 -1.6088 0.497961 -9.34634 2.36889 0.405583 9.58086 -0.0448986 0.0106901 0.0490219
1672.28 -1.37897 0.459656 -9.57617 2.35573 0.467797 9.60598 -0.0426078 0.00824668 0.0494801
1672.3 -1.49388 0.459656 -9.34634 2.35573 0.476171 9.64307 -0.0424551 0.00473421 0.0380264
1672.31 -1.49388 0.421352 -9.46126 2.37368 0.480957 9.67537 -0.0424551 0.00412334 0.0369573
1672.33 -1.72371 0.421352 -9.23143 2.43828 0.424726 9.66939 -0.0395535 -0.00335976 0.03711
1672.35 -1.76202 0.344742 -9.46126 2.41555 0.270389 9.68135 -0.0395535 -0.00244346 0.030696
1672.36 -1.76202 0.268133 -9.42295 2.39522 0.25005 9.67418 -0.0394008 0.000152716 0.0448986
1672.38 -1.53219 0.383047 -9.61448 2.32822 0.299103 9.67896 -0.0355829 -0.00137445 0.0591012
1672.4 -1.53219 0.459656 -9.61448 2.24088 0.424726 9.65863 -0.0319177 -0.00427606 0.0655153
1672.41 -1.45558 0.57457 -9.53786 2.20857 0.496511 9.66341 -0.0345139 -0.010232 0.0346666
1672.43 -1.41727 0.497961 -9.46126 2.27677 0.519242 9.67179 -0.0337503 -0.00885754 0.0261145
1672.45 -1.45558 0.459656 -10.0741 2.26122 0.498903 9.68255 -0.0342084 -0.010232 0.0259618
1672.46 -1.18745 0.383047 -9.65278 2.34377 0.254835 9.62273 -0.0334449 -0.0116064 0.0455095
1672.48 -1.99184 0.383047 -9.57617 2.03151 -0.165105 10.337 -0.0389426 -0.0103847 0.030696
1672.49 -1.6088 0.306437 -9.69109 2.0674 0.366102 9.68973 -0.0316123 -0.0229074 0.0270308
1672.51 -1.30236 0.459656 -9.61448 2.35095 0.72981 9.78664 -0.0291688 -0.0200058 0.0262672
1672.53 -1.99184 0.421352 -9.61448 2.60578 0.811167 9.8345 -0.0325286 -0.0206167 0.0325286
1672.54 -1.37897 0.421352 -9.8443 2.25045 0.30987 9.71366 -0.0320704 -0.0138972 0.0227547
1672.56 -1.30236 0.306437 -9.34634 2.14038 0.562313 9.69691 -0.0326813 -0.0218384 -0.0137445
1672.58 -1.14914 0.344742 -9.42295 2.06022 0.541974 9.5677 -0.033903 -0.0264199 -0.0198531
1672.59 -1.6471 0.459656 -9.61448 2.04945 0.587438 9.667 -0.0310014 -0.029627 -0.00671952
1672.61 -1.45558 0.536266 -9.38465 2.45145 0.646062 9.57727 -0.0299324 -0.0331394 0.0372628
1672.63 -1.80032 0.65118 -9.61448 2.668 0.776471 9.69571 -0.0294742 -0.0322231 0.0400117
1672.64 -1.80032 0.881008 -9.57617 2.79721 0.989432 9.71366 -0.0325286 -0.0294742 0.036041
1672.66 -1.76202 0.766094 -9.53786 2.52443 0.886541 9.71127 -0.0368046 -0.0250455 0.0561996
1672.68 -2.03015 0.727789 -9.53786 2.57468 0.848255 9.71605 -0.0389426 -0.0222966 0.0901026
1672.69 -1.49388 0.57457 -9.53786 2.34377 0.681954 9.71725 -0.0372628 -0.0242819 0.095295
1672.71 -1.22575 0.497961 -9.61448 1.97049 0.375673 9.76271 -0.0421497 -0.0230602 0.0690278
1672.72 -1.18745 0.268133 -9.53786 1.95374 0.148355 9.7328 -0.0448986 -0.0285579 0.0450513
1672.74 -1.22575 0.0766094 -9.57617 1.94177 0.04666 9.74237 -0.0444404 -0.0276416 0.0351248
1672.76 -1.30236 0.0766094 -9.49956 1.95374 -0.0311067 9.734 -0.0372628 -0.0311541 0.0394008
1672.77 -1.30236 0.191523 -9.42295 2.11765 0.0454636 9.74836 -0.031765 -0.03711 0.0407752
1672.79 -1.45558 0.229828 -9.42295 2.24566 0.0825523 9.71725 -0.031765 -0.0386372 0.0394008
1672.81 -1.6088 0.383047 -9.30804 2.4323 0.317049 9.65025 -0.0280998 -0.0383318 0.0255036
1672.82 -1.72371 0.612875 -9.61448 2.53878 0.641276 9.57966 -0.02474 -0.0358883 0.0219911
1672.84 -1.76202 0.689484 -9.34634 2.61775 0.772881 9.58684 -0.0291688 -0.0380264 0.0303905
1672.86 -1.72371 0.65118 -9.38465 2.59501 0.800399 9.62872 -0.0302378 -0.0375682 0.0412334
1672.87 -1.6088 0.459656 -9.69109 2.41675 0.442672 9.76869 -0.0361938 -0.0288634 0.0577268
1672.89 -1.57049 0.268133 -9.65278 2.26361 0.12682 9.734 -0.0343612 -0.0319177 0.0561996
1672.91 -1.34066 0.229828 -9.46126 2.27438 0.0777667 9.68016 -0.0308487 -0.0340557 0.0598648
1672.92 -1.37897 0.268133 -9.26973 2.24686 0.190229 9.66102 -0.023671 -0.03711 0.0783434
1672.94 -1.30236 0.421352 -9.61448 2.18106 0.388834 9.72802 -0.0229074 -0.0343612 0.101556
1672.95 -1.49388 0.421352 -9.806 2.24686 0.480957 9.68734 -0.0221439 -0.0323759 0.0948368
1672.97 -1.68541 0.459656 -9.65278 2.52323 0.518046 9.72682 -0.0282525 -0.0358883 0.0549779
1672.99 -1.76202 0.497961 -9.61448 2.70867 0.41994 9.74237 -0.0300851 -0.0345139 0.00366519
1673.0 -1.68541 0.421352 -9.42295 2.71585 0.378066 9.72802 -0.0314596 -0.0303905 -0.0018326
1673.02 -1.87693 0.459656 -9.65278 2.62134 0.467797 9.71246 -0.0308487 -0.0209221 0.0158825
1673.04 -1.30236 0.536266 -9.53786 2.45982 0.541974 9.68135 -0.0284052 -0.0216857 0.0364992
1673.05 -1.72371 0.497961 -9.38465 2.45145 0.495314 9.66341 -0.0322231 -0.0241292 0.0410807
1673.07 -1.68541 0.229828 -9.38465 2.44307 0.204586 9.61555 -0.032834 -0.0239765 0.0300851
1673.09 -1.49388 0.114914 -9.26973 2.34975 0.0382852 9.62991 -0.029627 -0.0203113 0.0164934
1673.1 -1.22575 0.191523 -9.11651 2.1655 0.223729 9.62273 -0.0250455 -0.0187841 0.0184787
1673.12 -1.37897 0.612875 -9.42295 2.12483 0.443868 9.61077 -0.0197004 -0.0235183 0.0277944
1673.14 -1.37897 0.766094 -9.53786 2.12841 0.880558 9.67298 -0.0198531 -0.023671 0.0510072
1673.15 -1.53219 0.804398 -9.34634 2.31386 0.997807 9.74357 -0.0261145 -0.0253509 0.0616974
1673.17 -1.72371 0.612875 -9.61448 2.46461 0.866202 9.79621 -0.0310014 -0.0262672 0.0540616
1673.19 -1.72371 0.229828 -9.65278 2.68355 0.239282 9.82612 -0.0403171 -0.0251982 0.0256563
1673.2 -1.49388 -0.268133 -9.30804 2.52323 -0.299103 9.82492 -0.041997 -0.0160352 0.0114537
1673.22 -1.49388 -0.421352 -9.26973 2.38205 -0.430708 9.81535 -0.0323759 -0.00992656 0.0206167
1673.24 -1.45558 -0.306437 -9.42295 2.03031 -0.439083 9.72443 -0.0255036 -0.00855211 0.0287107
1673.25 -0.957617 0.0766094 -9.34634 1.75513 -0.151944 9.68255 -0.0174097 -0.00901026 0.0216857
1673.27 -0.919312 0.383047 -9.46126 1.73958 0.0897308 9.68973 -0.0106901 -0.0186314 0.011301
1673.28 -1.14914 0.766094 -9.46126 1.89033 0.692722 9.63709 -0.0129809 -0.020464 -0.0109956
1673.3 -1.37897 0.957617 -9.61448 2.24088 1.1665 9.63589 -0.0184787 -0.0256563 -0.0636827
1673.32 -1.76202 1.26405 -9.38465 2.42154 1.3005 9.61795 -0.0280998 -0.0229074 -0.0905607
1673.33 -1.68541 1.30236 -9.34634 2.77448 1.4668 9.68495 -0.0297797 -0.0251982 -0.087201
1673.35 -2.14506 1.34066 -9.65278 2.93121 1.56849 9.69212 -0.0368046 -0.0186314 -0.0383318
1673.37 -1.95354 1.30236 -9.46126 2.73619 1.54935 9.68495 -0.0442877 -0.00458149 0.0409279
1673.38 -1.68541 1.14914 -9.49956 2.51127 1.42971 9.65384 -0.0476475 0.00167988 0.076969
1673.4 -1.14914 0.65118 -9.38465 2.09611 0.937986 9.68614 -0.052229 0.0018326 0.126755
1673.42 -0.957617 0.536266 -9.76769 1.68215 0.550349 9.68973 -0.0572686 -0.000305433 0.0977384
1673.43 -0.881008 0.344742 -9.49956 1.61157 0.396012 9.73161 -0.0615447 -0.00427606 0.0487165
1673.45 -0.919312 0.153219 -9.61448 1.67617 0.180658 9.81416 -0.0612392 -0.00717767 0.043066
1673.47 -1.07253 0.0766094 -9.38465 1.90229 0.143569 9.82612 -0.0581849 -0.00901026 0.0725402
1673.48 -1.26405 0.268133 -9.57617 2.01117 0.132802 9.82014 -0.0571159 -0.00809396 0.0592539
1673.5 -1.49388 0.229828 -9.61448 2.2325 0.214158 9.74477 -0.0566577 -0.00442877 0.0471893
1673.51 -1.68541 0.383047 -9.23143 2.35095 0.42353 9.72921 -0.0548251 -0.00488692 0.0418443
1673.53 -1.6471 0.383047 -9.42295 2.42752 0.443868 9.71127 -0.0603229 0.0018326 0.0284052
1673.55 -1.72371 0.268133 -9.42295 2.35813 0.30987 9.69571 -0.0639881 0.00473421 0.0233656
1673.56 -1.22575 0.153219 -9.30804 2.06381 0.0239282 9.71725 -0.0600175 0.00901026 0.0407752
1673.58 -0.919312 -0.0766094 -9.23143 1.74197 -0.0717846 9.68016 -0.054367 0.0074831 0.0821613
1673.6 -0.804398 -0.191523 -9.42295 1.62592 -0.114855 9.67776 -0.0531453 0.0120646 0.0868956
1673.61 -0.727789 -0.268133 -9.38465 1.49192 -0.301496 9.72682 -0.0520762 0.00580322 0.0549779
1673.63 -0.727789 -0.383047 -9.49956 1.54098 -0.440279 9.82732 -0.0468839 0.000916298 0.0601702
1673.65 -0.919312 -0.268133 -9.69109 1.67019 -0.42353 9.82971 -0.0368046 -0.00290161 0.0852157
1673.66 -1.22575 -0.344742 -9.65278 1.84008 -0.381655 9.84048 -0.0332921 -0.00427606 0.0907135
1673.68 -1.11084 -0.344742 -9.76769 1.74437 -0.480957 9.96132 -0.031765 0.000916298 0.0813978
1673.7 -0.766094 -0.344742 -9.65278 1.63789 -0.427119 9.98166 -0.0285579 0.00473421 0.0415388
1673.71 -0.65118 -0.268133 -9.72939 1.54816 -0.327816 9.98285 -0.0273362 0.00305432 0.014508
1673.73 -0.536266 0.0 -9.69109 1.31844 -0.118445 9.88834 -0.0242819 0.00305432 -0.0313068
1673.75 -0.536266 0.114914 -9.46126 1.17368 0.131605 9.8333 -0.0244346 0.00733038 -0.0245873
1673.76 -0.421352 0.306437 -9.46126 1.15454 0.270389 9.82373 -0.0209221 -0.00152716 -0.00106901
1673.78 -0.536266 0.612875 -9.53786 1.23829 0.601795 9.74596 -0.0203113 -0.00733038 0.0129809
1673.8 -0.612875 0.766094 -9.61448 1.4333 0.908076 9.7663 -0.0233656 -0.0106901 0.0294742
1673.81 -0.919312 0.881008 -9.57617 1.58764 0.95354 9.76152 -0.033903 -0.0132863 0.0377209
1673.83 -1.22575 0.727789 -9.34634 1.87837 0.929611 9.79741 -0.032834 -0.0195477 0.0436769
1673.85 -1.07253 0.57457 -9.57617 1.93819 0.705882 9.81775 -0.0415388 -0.0109956 0.062461
1673.86 -1.18745 0.306437 -9.57617 1.63669 0.295514 9.81894 -0.0455095 -0.00106901 0.0589485
1673.88 -0.612875 0.153219 -9.61448 1.48714 0.119641 9.76989 -0.0470366 -0.000305433 0.0482583
1673.9 -0.536266 -0.0383047 -9.95922 1.30169 -0.0442672 9.81535 -0.0467312 -0.00366519 0.0381791
1673.91 -0.383047 -0.268133 -9.8443 1.14616 -0.200997 9.96849 -0.0456622 -0.00534507 0.0485638
1673.93 -0.497961 -0.0766094 -9.806 1.07318 -0.20339 10.014 -0.0384845 -0.00962113 0.0510072
1673.95 -0.383047 0.114914 -9.806 1.08036 0.066999 9.96969 -0.0358883 -0.0142026 0.036041
1673.96 -0.536266 0.344742 -9.61448 1.09831 0.401994 9.90987 -0.0390954 -0.0111483 0.0138972
1673.98 -0.344742 0.268133 -9.8443 1.1007 0.474975 9.91466 -0.0423024 -0.0184787 0.0267254
1674.0 -0.612875 0.459656 -9.72939 1.19641 0.451047 9.89073 -0.0445931 -0.0175624 0.0432187
1674.01 -0.766094 0.459656 -9.53786 1.46321 0.447458 9.81655 -0.0435241 -0.0206167 0.0577268
1674.03 -0.766094 0.383047 -9.72939 1.48953 0.384048 9.78185 -0.046273 -0.0184787 0.0566577
1674.05 -0.804398 0.0383047 -9.65278 1.47996 0.204586 9.77827 -0.0467312 -0.0197004 0.0806342
1674.06 -0.689484 0.0 -9.49956 1.54337 -0.0717846 9.76391 -0.0503964 -0.0171042 0.0878119
1674.08 -0.65118 -0.306437 -9.53786 1.62951 -0.305085 9.75434 -0.0478002 -0.0213803 0.0664316
1674.1 -0.881008 -0.344742 -9.49956 1.67139 -0.463011 9.82373 -0.0450513 -0.0197004 0.0494801
1674.11 -0.612875 -0.383047 -9.8443 1.65344 -0.490529 9.86441 -0.0394008 -0.0181732 0.0587958
1674.13 -0.689484 -0.268133 -9.69109 1.48475 -0.393619 9.96969 -0.0335976 -0.00977384 0.0842994
1674.15 -0.57457 -0.191523 -9.76769 1.17009 -0.144766 10.0307 -0.0305433 -0.00977384 0.0734565
1674.16 -0.306437 0.0 -9.88261 0.995414 -0.124427 10.0044 -0.0323759 -0.00626137 0.0694859
1674.18 0.0 0.0766094 -9.69109 0.748953 -0.105284 10.0654 -0.032834 -0.00122173 0.0658207
1674.2 0.114914 -0.0383047 -9.95922 0.447458 -0.0454636 10.0211 -0.030696 -0.00794125 0.0374155
1674.21 0.229828 0.0383047 -9.69109 0.297906 0.0311067 9.99721 -0.0311541 -0.0198531 0.0331394
1674.23 0.229828 0.114914 -9.61448 0.253639 0.0622134 9.8656 -0.0316123 -0.0274889 0.0299324
1674.24 -0.229828 -0.0383047 -9.53786 0.690329 -0.0490528 9.81535 -0.0361938 -0.0357356 0.034972
1674.26 -0.57457 0.0383047 -9.38465 1.19641 -0.0741775 9.82014 -0.0329867 -0.0433714 0.0398589
1674.28 -0.689484 -0.0766094 -9.53786 1.37587 -0.0801595 9.82971 -0.0290161 -0.0453567 0.0458149
1674.29 -1.03423 0.344742 -9.76769 1.69531 0.0717846 9.9003 -0.0248928 -0.0429133 0.0704022
1674.31 -0.995922 0.229828 -9.76769 1.71087 0.229711 9.90269 -0.0267254 -0.0326813 0.0751364
1674.33 -0.497961 0.0 -9.806 1.48594 0.155533 9.9338 -0.0285579 -0.0300851 0.0583376
1674.34 -0.344742 0.191523 -9.88261 1.02054 0.0825523 9.92782 -0.0352775 -0.0248928 0.0380264
1674.36 -0.0383047 0.153219 -9.57617 0.533599 0.0119641 9.93859 -0.0343612 -0.0273362 0.0394008
1674.38 0.306437 0.0 -9.76769 0.424726 -0.0287139 9.95055 -0.0335976 -0.0322231 0.0548251
1674.39 0.383047 -0.0383047 -9.61448 0.122034 -0.061017 9.97687 -0.0355829 -0.0274889 0.0600175
1674.41 0.383047 0.0383047 -9.69109 0.172283 -0.0275174 9.99242 -0.0299324 -0.0507018 0.0594066
1674.43 -0.114914 0.0766094 -9.49956 0.614955 -0.0418744 9.94696 -0.0325286 -0.0578795 0.0555887
1674.44 -0.344742 -0.0383047 -9.8443 0.884148 -0.0562313 9.92901 -0.0316123 -0.0609338 0.0536034
1674.46 -0.344742 -0.153219 -9.65278 1.31844 -0.0490528 9.94696 -0.0319177 -0.0649044 0.0540616
1674.48 -0.919312 0.0 -10.0741 1.59721 -0.0239282 9.90509 -0.0325286 -0.0555887 0.0552833
1674.49 -0.919312 0.0383047 -9.61448 1.67617 0.0538385 9.83928 -0.0343612 -0.0488692 0.0592539
1674.51 -0.804398 0.0 -9.57617 1.55892 -0.040678 9.76391 -0.0331394 -0.0502437 0.0525344
1674.53 -0.612875 -0.191523 -9.53786 1.44526 -0.21655 9.71964 -0.0340557 -0.044135 0.0549779
1674.54 -0.612875 -0.153219 -9.806 1.42851 -0.192622 9.72323 -0.0271835 -0.0484111 0.0661261
1674.56 -0.612875 -0.0766094 -9.53786 1.36032 -0.111266 9.80937 -0.0250455 -0.0476475 0.0687223
1674.58 -0.459656 0.0383047 -9.57617 1.30887 -0.026321 9.86201 -0.0224493 -0.0502437 0.0673479
1674.59 -0.536266 0.0766094 -9.76769 1.26341 0.0478564 9.97448 -0.0268781 -0.0479529 0.0589485
1674.61 -0.497961 0.0766094 -9.92091 1.21316 0.0478564 9.95294 -0.0267254 -0.044135 0.0561996
1674.63 -0.459656 0.0 -9.57617 1.12582 -0.0765703 9.93978 -0.0332921 -0.0404698 0.0490219
1674.64 -0.459656 -0.229828 -9.61448 1.11625 -0.323031 9.93739 -0.0313068 -0.0436769 0.0513127
1674.66 -0.497961 -0.191523 -9.65278 1.11864 -0.396012 9.90269 -0.025809 -0.0416915 0.0574213
1674.68 -0.459656 -0.229828 -9.34634 1.15932 -0.311067 9.83928 -0.0253509 -0.0384845 0.0548251
1674.69 -0.536266 -0.268133 -9.53786 1.18804 -0.229711 9.78185 -0.0245873 -0.0387899 0.0697913
1674.71 -0.497961 -0.229828 -9.49956 1.29332 -0.355334 9.81894 -0.0233656 -0.0395535 0.0638354
1674.73 -0.536266 -0.268133 -9.65278 1.47039 -0.368495 9.82612 -0.0186314 -0.0435241 0.0409279
1674.74 -0.306437 -0.191523 -9.65278 1.25862 -0.204586 10.0475 -0.0175624 -0.0302378 0.0126754
1674.76 -0.268133 0.114914 -9.76769 0.78006 0.0801595 10.0618 -0.0163406 -0.0291688 0.0294742
1674.78 -0.229828 0.229828 -9.61448 0.74656 0.21655 9.92662 -0.0201585 -0.0329867 0.0467312
1674.79 -0.421352 -0.114914 -9.57617 1.12822 -0.0813559 9.80578 -0.0276416 -0.0429133 0.0334449
1674.81 -0.268133 -0.497961 -9.92091 0.926022 -0.602991 9.89432 -0.0270308 -0.0380264 0.0174097
1674.82 0.0383047 -0.306437 -9.72939 0.727418 -0.535992 9.98285 -0.0160352 -0.0355829 0.0461203
1674.84 0.114914 -0.0383047 -9.95922 0.459422 -0.195015 10.0379 -0.01237 -0.0377209 0.0589485
1674.86 0.229828 0.0766094 -9.69109 0.300299 -0.0454636 9.99482 -0.0132863 -0.0458149 0.0529926
1674.87 0.268133 -0.0383047 -9.806 0.264407 -0.150748 10.0331 -0.0195477 -0.0511599 0.0129809
1674.89 0.268133 -0.153219 -9.72939 0.265603 -0.215354 10.0642 -0.0186314 -0.0552833 0.00946841
1674.91 0.306437 -0.229828 -9.806 0.222532 -0.223729 10.063 -0.0154243 -0.0591012 0.0409279
1674.92 0.306437 0.0383047 -9.76769 0.240479 -0.066999 10.0104 -0.0126754 -0.0632245 0.044135
1674.94 0.191523 0.153219 -9.65278 0.299103 0.00239282 9.99123 -0.0177151 -0.0659734 0.0151189
1674.96 0.0766094 0.0383047 -9.72939 0.388834 -0.0215354 9.97328 -0.0190895 -0.0685696 0.0117592
1674.97 -0.191523 -0.191523 -9.69109 0.665205 -0.15673 9.9338 -0.0218384 -0.0726929 0.0284052
1674.99 -0.306437 -0.153219 -9.46126 0.781256 -0.15673 9.89432 -0.0197004 -0.0751364 0.0358883
1675.01 -0.344742 -0.0766094 -9.72939 0.976271 -0.177069 9.85244 -0.0181732 -0.0726929 0.0332921
1675.02 -0.383047 -0.114914 -9.57617 1.04447 -0.136391 9.82732 -0.0167988 -0.0752891 0.0264199
1675.04 -0.497961 -0.0383047 -9.72939 1.08993 -0.0346959 9.85723 -0.0148135 -0.0762054 0.0305433
1675.06 -0.383047 0.114914 -9.92091 1.11266 -0.026321 9.868 -0.0146608 -0.0749837 0.0404698
1675.07 -0.497961 0.0383047 -9.92091 1.05523 0.0107677 9.91585 -0.0169515 -0.0726929 0.0610865
1675.09 -0.306437 0.0766094 -9.69109 1.00499 -0.0215354 9.94337 -0.019395 -0.0697913 0.0595593
1675.11 -0.191523 -0.114914 -9.806 0.971486 -0.0741775 9.92064 -0.022602 -0.0658207 0.0571159
1675.12 -0.153219 -0.229828 -9.72939 0.803988 -0.221336 9.96251 -0.0197004 -0.0671951 0.0591012
1675.14 -0.268133 -0.268133 -9.8443 0.788435 -0.260818 9.98405 -0.0161879 -0.0743728 0.0566577
1675.16 -0.306437 -0.191523 -9.72939 0.885344 -0.295514 9.93978 -0.0157298 -0.0719294 0.0529926
1675.17 -0.421352 -0.268133 -9.65278 0.934397 -0.337388 9.90868 -0.0154243 -0.0746782 0.0510072
1675.19 -0.383047 -0.383047 -9.57617 1.11386 -0.366102 9.91107 -0.0137445 -0.0733038 0.0563523
1675.21 -0.612875 -0.306437 -9.46126 1.28375 -0.323031 9.85843 -0.0109956 -0.0757473 0.0458149
1675.22 -0.57457 -0.306437 -9.61448 1.37348 -0.289531 9.82253 -0.0108429 -0.0684169 0.0314596
1675.24 -0.727789 -0.153219 -9.49956 1.44407 -0.142373 9.79143 -0.00839939 -0.0700968 0.0244346
1675.26 -0.689484 0.0383047 -9.30804 1.49671 -0.0275174 9.75195 -0.0111483 -0.0647517 0.0325286
1675.27 -0.766094 0.114914 -9.61448 1.48355 -0.0155533 9.77468 -0.01237 -0.0604756 0.0455095
1675.29 -0.689484 -0.0766094 -9.46126 1.40937 -0.026321 9.75793 -0.0137445 -0.0571159 0.0484111
1675.31 -0.612875 0.0 -9.61448 1.26461 0.0131605 9.84885 -0.014508 -0.0520762 0.0481056
1675.32 -0.344742 0.0383047 -9.8443 0.991825 -0.0538385 9.90389 -0.0140499 -0.0529926 0.0394008
1675.34 -0.268133 0.0766094 -9.65278 0.841077 -0.0275174 9.85005 -0.0122173 -0.0526871 0.043066
1675.35 -0.0766094 0.0383047 -9.92091 0.649651 0.133998 9.93739 -0.0142026 -0.0514654 0.045204
1675.37 0.0 -0.229828 -9.76769 0.591027 -0.222532 10.0092 -0.023671 -0.0546724 0.0413861
1675.39 -0.0766094 -0.344742 -9.88261 0.611366 -0.476171 9.99601 -0.0245873 -0.0574213 0.0398589
1675.4 -0.344742 -0.306437 -9.69109 0.878166 -0.489332 9.95174 -0.0158825 -0.0589485 0.0332921
1675.42 -0.344742 -0.114914 -9.92091 0.924826 -0.183051 9.92303 -0.013439 -0.0552833 0.0276416
1675.44 -0.306437 -0.114914 -9.57617 0.942772 -0.0837488 9.90509 -0.0131336 -0.0571159 0.031765
1675.45 -0.306437 -0.0383047 -9.65278 1.07318 -0.0897308 9.88235 -0.0167988 -0.0555887 0.0308487
1675.47 -0.536266 0.0 -9.57617 1.20479 -0.105284 9.87398 -0.0160352 -0.0534507 0.0198531
1675.49 -0.57457 -0.0766094 -9.69109 1.09711 -0.0646062 9.84167 -0.0161879 -0.0485638 0.011301
1675.5 -0.306437 0.153219 -9.65278 1.01336 0.0107677 9.84048 -0.0155771 -0.0459676 0.0171042
1675.52 -0.383047 0.229828 -9.57617 0.861416 0.135194 9.84766 -0.0149662 -0.0445931 0.0395535
1675.54 -0.114914 0.0383047 -9.69109 0.599402 0.116052 9.91705 -0.0161879 -0.047342 0.0520762
1675.55 0.0766094 0.0 -9.72939 0.484546 0.0370887 9.9314 -0.0175624 -0.0499382 0.0502437
1675.57 0.0383047 -0.191523 -9.69109 0.468993 -0.160319 9.96132 -0.0218384 -0.0539089 0.0503964
1675.59 0.114914 -0.268133 -9.69109 0.465404 -0.281157 10.0128 -0.0181732 -0.0558941 0.0618501
1675.6 0.114914 -0.229828 -9.72939 0.448654 -0.271585 10.0223 -0.0172569 -0.0552833 0.0456622
1675.62 0.191523 -0.114914 -9.8443 0.403191 -0.256032 10.0475 -0.0148135 -0.0613919 0.0400117
1675.63 0.0766094 -0.306437 -9.806 0.490529 -0.293121 9.97807 -0.0171042 -0.0636827 0.0525344
1675.65 -0.114914 -0.268133 -9.65278 0.538385 -0.331406 9.95174 -0.0169515 -0.0620028 0.0549779
1675.66 -0.0383047 -0.191523 -9.65278 0.644866 -0.265603 9.95174 -0.0175624 -0.0613919 0.0406225
1675.68 -0.268133 -0.114914 -9.46126 0.704686 -0.197408 9.88475 -0.0146608 -0.0653626 0.0245873
1675.7 -0.306437 0.0383047 -9.69109 0.87338 -0.00358923 9.86441 -0.0163406 -0.0633773 0.0267254
1675.71 -0.344742 0.0766094 -9.69109 0.947557 0.101695 9.82971 -0.0186314 -0.0598648 0.0499382
1675.73 -0.306437 0.268133 -9.42295 0.984646 0.177069 9.8321 -0.0174097 -0.0618501 0.0603229
1675.74 -0.383047 0.306437 -9.61448 0.97986 0.222532 9.84167 -0.021533 -0.0592539 0.0670424
1675.76 -0.191523 0.114914 -9.76769 0.964307 0.205783 9.87039 -0.0276416 -0.0545197 0.067806
1675.77 -0.191523 -0.0383047 -9.69109 0.792024 -0.00478564 9.89552 -0.0277944 -0.0560469 0.0655153
1676.35 0.421352 -0.268133 -9.72939 0.256032 -0.258425 10.0235 -0.0125227 -0.0662789 0.0372628
1676.37 0.306437 -0.191523 -9.61448 0.180658 -0.210568 9.9996 -0.0114537 -0.0726929 0.0390954
1676.38 0.229828 -0.114914 -9.69109 0.260818 -0.117248 9.91705 -0.0158825 -0.068875 0.0438296
1676.4 0.114914 0.0 -9.72939 0.380459 -0.102891 9.88235 -0.0135917 -0.0745255 0.0412334
1676.42 0.229828 -0.0383047 -9.65278 0.518046 -0.129212 9.88594 -0.0163406 -0.0708604 0.0390954
1676.43 -0.191523 -0.0766094 -9.61448 0.701097 -0.0550349 9.87398 -0.014508 -0.0786489 0.0361938
1676.45 -0.0766094 0.0 -9.65278 0.799202 -0.026321 9.8345 -0.0160352 -0.0736092 0.0485638
1676.47 -0.344742 0.0 -9.61448 0.916451 -0.0394815 9.84885 -0.0161879 -0.0752891 0.0507018
1676.48 -0.268133 -0.0766094 -9.69109 0.830309 -0.168694 9.89432 -0.0161879 -0.0717766 0.0560469
1676.5 -0.0766094 -0.114914 -9.61448 0.717846 -0.234497 9.90389 -0.0192422 -0.0662789 0.0577268
1676.52 0.0766094 -0.191523 -9.72939 0.631705 -0.260818 9.91466 -0.0198531 -0.0664316 0.0627664
1676.53 0.191523 -0.306437 -9.88261 0.460618 -0.318245 9.94696 -0.0201585 -0.0642935 0.0618501
1676.55 0.191523 -0.306437 -9.88261 0.332602 -0.337388 9.97687 -0.019395 -0.0647517 0.0526871
1676.57 0.229828 -0.268133 -9.76769 0.332602 -0.381655 9.98764 -0.0186314 -0.0690278 0.0476475
1676.58 0.153219 -0.306437 -9.76769 0.384048 -0.425922 10.0056 -0.0171042 -0.0729984 0.0488692
1676.6 0.153219 -0.153219 -9.49956 0.473779 -0.381655 9.99482 -0.0148135 -0.0757473 0.0500909
1676.62 0.0766094 -0.268133 -9.88261 0.521635 -0.32662 9.9649 -0.0169515 -0.0679587 0.0546724
1676.63 -0.0383047 -0.268133 -9.61448 0.592223 -0.305085 9.9326 -0.0175624 -0.0702495 0.0513127
1676.65 -0.153219 -0.268133 -9.61448 0.698704 -0.278764 9.8668 -0.0151189 -0.0700968 0.0416915
1676.66 -0.0766094 -0.306437 -9.38465 0.776471 -0.321834 9.868 -0.0175624 -0.0661261 0.0500909
1676.68 -0.114914 -0.306437 -9.49956 0.750149 -0.345763 9.86082 -0.0172569 -0.0653626 0.0583376
1676.7 -0.229828 -0.191523 -9.61448 0.765703 -0.275174 9.83928 -0.0161879 -0.0673479 0.054367
1676.71 -0.153219 -0.229828 -9.69109 0.727418 -0.303888 9.85005 -0.0167988 -0.065668 0.0496328
1676.73 -0.153219 -0.268133 -9.26973 0.708275 -0.346959 9.89552 -0.0151189 -0.0644463 0.0458149
1676.75 0.0383047 -0.268133 -9.69109 0.620937 -0.394816 9.91585 -0.0148135 -0.0664316 0.0494801
1676.76 0.114914 -0.268133 -9.69109 0.501296 -0.397208 9.95174 -0.0117592 -0.0652099 0.0487165
1676.78 0.153219 -0.306437 -9.61448 0.324227 -0.400798 10.0152 -0.0152716 -0.0584903 0.056505
1676.8 0.421352 -0.306437 -9.88261 0.253639 -0.400798 10.0211 -0.0122173 -0.0644463 0.0496328
1676.81 0.344742 -0.344742 -9.69109 0.159123 -0.404387 10.0271 -0.0151189 -0.0627664 0.0381791
1676.83 0.421352 -0.383047 -9.88261 0.150748 -0.405583 9.97089 -0.014508 -0.06353 0.0290161
1676.85 0.344742 -0.306437 -9.34634 0.199801 -0.403191 9.95174 -0.0126754 -0.065668 0.0305433
1676.86 0.191523 -0.229828 -9.57617 0.339781 -0.350548 9.95653 -0.0108429 -0.0697913 0.0505491
1676.88 0.114914 -0.229828 -9.72939 0.491725 -0.287139 9.92303 -0.0116064 -0.0717766 0.0508545
1676.9 0.0 -0.229828 -9.46126 0.573081 -0.251246 9.91944 -0.0129809 -0.071013 0.0398589
1676.91 -0.191523 -0.191523 -9.61448 0.681954 -0.223729 9.87877 -0.0111483 -0.0731511 0.03711
1676.93 -0.114914 -0.114914 -9.34634 0.681954 -0.230907 9.87159 -0.0152716 -0.06353 0.0407752
1676.94 0.0 -0.114914 -9.61448 0.658026 -0.221336 9.86919 -0.0152716 -0.0620028 0.0479529
1676.96 0.0 -0.229828 -9.53786 0.527617 -0.248853 9.85603 -0.0155771 -0.0620028 0.0568105
1676.98 0.268133 -0.268133 -9.53786 0.370887 -0.26321 9.91227 -0.0129809 -0.0662789 0.0510072
1676.99 0.383047 -0.191523 -9.53786 0.308674 -0.320638 9.91227 -0.0164934 -0.0659734 0.036041
1677.01 0.383047 -0.344742 -9.806 0.208175 -0.323031 9.96251 -0.0180205 -0.0615447 0.0334449
1677.02 0.306437 -0.306437 -9.76769 0.199801 -0.340977 9.99003 -0.0163406 -0.0647517 0.0519235
1677.04 0.383047 -0.191523 -9.65278 0.195015 -0.351745 9.97208 -0.0148135 -0.0664316 0.0604756
1677.06 0.344742 -0.229828 -9.88261 0.178265 -0.306281 10.0128 -0.0109956 -0.0739146 0.0531453
1677.07 0.306437 -0.229828 -9.88261 0.2668 -0.287139 10.0367 -0.0178678 -0.0658207 0.0455095
1677.09 0.268133 -0.268133 -9.806 0.348156 -0.321834 10.1013 -0.0187841 -0.0676533 0.036041
1677.11 0.0383047 -0.306437 -9.806 0.470189 -0.350548 10.0415 -0.0201585 -0.0655153 0.0398589
1677.12 0.306437 -0.344742 -9.88261 0.398405 -0.451047 10.0594 -0.0186314 -0.0670424 0.0377209
1677.14 0.306437 -0.306437 -9.88261 0.196211 -0.463011 9.99003 -0.0192422 -0.0615447 0.0352775
1677.16 0.344742 -0.421352 -9.806 0.155533 -0.429512 10.0175 -0.0177151 -0.0604756 0.0406225
1677.17 0.344742 -0.229828 -9.8443 0.061017 -0.435494 9.94457 -0.0187841 -0.0621555 0.045204
1677.19 0.497961 -0.306437 -9.8443 0.0107677 -0.471386 9.95533 -0.0137445 -0.0723875 0.0325286
1677.21 0.421352 -0.383047 -9.72939 -0.0119641 -0.452243 9.95892 -0.0186314 -0.0690278 0.0358883
1677.22 0.459656 -0.268133 -9.65278 -0.0227318 -0.443868 9.98524 -0.013439 -0.0757473 0.0395535
1677.24 0.612875 -0.306437 -9.65278 -0.125623 -0.508475 9.96849 -0.0164934 -0.0725402 0.0507018
1677.26 0.612875 -0.383047 -9.69109 -0.181854 -0.541974 9.96132 -0.0140499 -0.0803288 0.0467312
1677.27 0.57457 -0.421352 -9.76769 -0.275174 -0.59342 9.95892 -0.0122173 -0.0830777 0.0398589
1677.29 0.689484 -0.536266 -9.65278 -0.241675 -0.647258 9.97328 -0.011301 -0.0890336 0.0358883
1677.31 0.57457 -0.612875 -9.95922 -0.143569 -0.707079 9.96251 -0.00824668 -0.0917825 0.0412334
1677.32 0.536266 -0.497961 -9.61448 -0.0897308 -0.689133 9.95174 -0.00671952 -0.0959058 0.0436769
1677.34 0.65118 -0.536266 -9.57617 0.0538385 -0.586241 9.95533 -0.00519235 -0.0975857 0.0429133
1677.36 0.229828 -0.344742 -9.806 0.259621 -0.502493 9.95294 -0.00122173 -0.104305 0.0394008
1677.37 0.114914 -0.306437 -9.99752 0.349352 -0.464207 9.94218 -0.00137445 -0.101404 0.0389426
1677.39 0.0 -0.344742 -9.53786 0.491725 -0.358923 9.92303 0.0018326 -0.104916 0.0369573
1677.41 -0.0383047 -0.191523 -9.65278 0.595813 -0.262014 9.90987 -0.000916298 -0.102473 0.043066
1677.42 -0.191523 -0.229828 -9.72939 0.753739 -0.22014 9.90748 -0.00259618 -0.0989602 0.0406225
1677.44 -0.0383047 -0.0383047 -9.42295 0.799202 -0.211765 9.91107 -0.00427606 -0.0942259 0.0366519
1677.45 -0.114914 -0.268133 -9.76769 0.802792 -0.277567 9.93859 -0.00580322 -0.0926988 0.0424551
1677.47 -0.0766094 -0.229828 -9.57617 0.635294 -0.363709 9.92064 -0.00427606 -0.089339 0.0542143
1677.49 -0.114914 -0.306437 -9.72939 0.620937 -0.366102 9.91466 -0.00488692 -0.085063 0.0583376
1677.5 -0.153219 -0.306437 -9.42295 0.638883 -0.352941 9.91585 -0.00351247 -0.086132 0.0505491
1677.52 -0.0383047 -0.229828 -9.69109 0.672383 -0.382851 9.91466 -0.00610865 -0.0842994 0.0351248
1677.54 -0.191523 -0.268133 -9.57617 0.658026 -0.418744 9.91705 -0.00824668 -0.0806342 0.0389426
1677.55 -0.114914 -0.344742 -9.65278 0.687936 -0.442672 9.91944 -0.00320704 -0.0855211 0.03711
1677.57 -0.153219 -0.344742 -9.806 0.687936 -0.412762 9.9314 -0.00427606 -0.0786489 0.0303905
1677.59 -0.0383047 -0.344742 -9.92091 0.689133 -0.409173 9.90987 -0.00488692 -0.0778853 0.0229074
1677.6 -0.114914 -0.229828 -9.61448 0.684347 -0.363709 9.89193 -0.0074831 -0.0734565 0.0251982
1677.62 -0.0383047 -0.268133 -9.65278 0.681954 -0.259621 9.93499 -0.00229074 -0.0760527 0.0251982
1677.64 -0.0766094 -0.153219 -9.88261 0.612562 -0.221336 9.94696 -0.00427606 -0.0708604 0.02474
1677.65 0.229828 -0.229828 -9.61448 0.474975 -0.200997 9.92662 -0.00885754 -0.0671951 0.0241292
1677.67 0.268133 -0.229828 -9.72939 0.315852 -0.270389 9.9314 -0.00488692 -0.0731511 0.0201585
1677.69 0.306437 -0.268133 -9.69109 0.153141 -0.351745 9.9314 -0.00946841 -0.0653626 0.029627
1677.7 0.344742 -0.421352 -9.76769 0.0849452 -0.403191 9.96132 -0.00870483 -0.0658207 0.0291688
1677.72 0.421352 -0.383047 -9.72939 0.0526421 -0.385244 9.91585 -0.00519235 -0.0742201 0.0313068
1677.73 0.459656 -0.268133 -9.69109 0.0646062 -0.374477 9.96969 -0.0065668 -0.0757473 0.022602
