1907.94 0.229828 -0.191523 -9.69109 0.118445 -0.199801 9.9649 -0.00901026 -0.0801761 0.053298
1907.96 0.383047 -0.268133 -9.76769 0.0801595 -0.27996 9.9338 -0.00794125 -0.0835358 0.0334449
1907.97 0.344742 -0.229828 -9.69109 0.0825523 -0.306281 9.94576 -0.00366519 -0.0897971 0.0421497
1907.99 0.421352 -0.229828 -9.26973 0.180658 -0.218943 9.9314 -0.00290161 -0.0885754 0.0528398
1908.01 0.306437 0.0 -9.72939 0.293121 -0.0945165 9.93978 -0.000610865 -0.0931569 0.0542143
1908.02 0.0383047 -0.0766094 -9.72939 0.358923 -0.0705882 9.93499 -0.000916298 -0.0940732 0.0361938
1908.04 0.191523 -0.0766094 -9.65278 0.495314 -0.0394815 9.9338 -0.00519235 -0.091477 0.0326813
1908.05 0.0766094 0.229828 -9.76769 0.586241 -0.0251246 9.90628 -0.000152716 -0.0939205 0.0407752
1908.07 0.0766094 0.0 -9.806 0.564706 -0.0251246 9.91466 -0.00366519 -0.0890336 0.0494801
1908.09 0.268133 -0.0383047 -9.99752 0.396012 -0.0334995 9.92543 -0.00458149 -0.0853684 0.0444404
1908.1 0.268133 -0.153219 -9.8443 0.306281 -0.113659 9.94218 -0.00488692 -0.0913243 0.0253509
1908.12 0.229828 -0.0766094 -9.65278 0.228514 -0.199801 9.94696 -0.00152716 -0.0908662 0.0354302
1908.14 0.344742 -0.229828 -9.65278 0.149551 -0.204586 9.93619 0.000152716 -0.0919352 0.0418443
1908.15 0.421352 -0.114914 -9.69109 0.09332 -0.162712 9.94337 -0.00122173 -0.0928515 0.043066
1908.17 0.306437 -0.153219 -9.69109 0.190229 -0.0921237 9.9338 -0.000305433 -0.0989602 0.0340557
1908.19 0.306437 -0.114914 -9.72939 0.241675 -0.0825523 9.9314 -0.000458149 -0.098502 0.0323759
1908.2 0.114914 -0.0766094 -9.69109 0.348156 -0.0562313 9.92184 -0.00167988 -0.0954477 0.0481056
1908.22 -0.114914 0.0383047 -9.57617 0.528814 0.0909272 9.92662 0.00335976 -0.098502 0.0517708
1908.23 -0.229828 0.191523 -9.65278 0.629312 0.145962 9.92901 0.00320704 -0.100335 0.0479529
1908.25 -0.0766094 0.229828 -9.76769 0.71665 0.107677 9.92303 -0.00305432 -0.0965167 0.0442877
1908.27 -0.0383047 0.0383047 -9.88261 0.668794 0.00239282 9.92543 -0.00442877 -0.0919352 0.044135
1908.28 0.114914 0.0766094 -9.72939 0.631705 -0.0251246 9.89671 -0.00427606 -0.0901026 0.0439823
1908.3 0.114914 -0.0766094 -9.806 0.549153 -0.0239282 9.90987 -0.00549779 -0.0865901 0.0435241
1908.32 0.114914 0.0 -9.72939 0.430708 -0.100499 9.92303 -0.00794125 -0.0881173 0.0407752
1908.33 0.229828 -0.191523 -9.69109 0.368495 -0.160319 9.93859 -0.00534507 -0.087201 0.0426078
1908.35 0.344742 -0.153219 -9.8443 0.267996 -0.153141 9.93499 -0.00503964 -0.0885754 0.0439823
1908.37 0.459656 0.114914 -9.69109 0.178265 0.0478564 9.93021 0.0 -0.0917825 0.0526871
1908.38 0.459656 0.114914 -9.57617 0.192622 0.163908 9.92303 -0.00229074 -0.090408 0.0923933
1908.4 0.0383047 0.497961 -9.72939 0.340977 0.290728 9.95174 -0.00106901 -0.0968221 0.0729984
1908.42 -0.0383047 0.153219 -9.72939 0.662812 0.066999 9.94935 -0.0119119 -0.0986547 0.0229074
1908.43 -0.0766094 -0.153219 -9.76769 0.641276 -0.166301 9.88834 -0.0111483 -0.0933096 0.0337503
1908.45 -0.0383047 -0.0766094 -9.76769 0.601795 -0.214158 9.93978 -0.00916297 -0.0917825 0.0896445
1908.47 -0.0766094 -0.0766094 -9.65278 0.685544 -0.114855 9.90389 -0.00473421 -0.0901026 0.0887282
1908.48 -0.114914 -0.114914 -9.76769 0.514457 -0.147159 9.9314 -0.0100793 -0.08827 0.0351248
1908.5 0.344742 -0.191523 -9.806 0.370887 -0.29671 9.93619 -0.0114537 -0.0853684 0.00931569
1908.52 -0.0383047 -0.421352 -9.61448 0.384048 -0.726221 9.87877 -0.0129809 -0.085063 -0.00412334
1908.53 0.0766094 -0.421352 -9.61448 0.512064 -0.430708 9.96371 -0.00244346 -0.0879646 0.0343612
1908.55 0.0 0.114914 -9.806 0.144766 0.105284 10.0283 0.00519235 -0.0823141 0.0852157
1908.57 0.459656 0.153219 -9.69109 0.114855 -0.0239282 9.87518 -0.000763581 -0.0844521 0.0742201
1908.58 0.229828 0.114914 -9.72939 0.278764 0.122034 9.97208 -0.00916297 -0.086132 0.0103847
1908.6 0.0383047 0.0 -9.88261 0.497707 -0.0311067 9.96849 -0.00641408 -0.0905607 0.0105374
1908.62 -0.0383047 -0.153219 -9.76769 0.413958 -0.163908 9.90509 -0.00335976 -0.0887282 0.0842994
1908.63 0.229828 0.0383047 -9.61448 0.307478 0.0861416 9.94935 0.00427606 -0.0940732 0.089339
1908.65 -0.0383047 0.0383047 -9.76769 0.552742 -0.0239282 9.92543 -0.00442877 -0.0917825 0.0485638
1908.66 0.0383047 -0.344742 -9.53786 0.574277 -0.227318 9.93739 -0.0108429 -0.0894917 0.0143553
1908.68 -0.0383047 -0.383047 -9.65278 0.534796 -0.464207 9.94337 -0.00442877 -0.0878119 0.0232129
1908.7 -0.0766094 -0.153219 -9.76769 0.588634 -0.192622 9.92423 0.00366519 -0.0844521 0.0723875
1908.71 0.0383047 0.0 -9.806 0.617348 -0.0215354 9.94218 -0.000152716 -0.0858265 0.041997
1908.73 0.459656 0.0383047 -9.69109 0.272782 -0.0454636 9.96132 -0.000458149 -0.0849102 0.00839939
1908.75 0.57457 0.0 -10.0741 0.0131605 -0.270389 9.95653 -0.00305432 -0.0881173 -0.0111483
1908.76 0.344742 -0.0383047 -9.65278 0.132802 -0.0167498 9.92184 0.00320704 -0.0891863 0.0282525
1908.78 0.459656 0.306437 -9.95922 0.199801 0.210568 9.96849 0.00351247 -0.0885754 0.0609338
1908.79 0.344742 0.383047 -9.806 0.218943 0.20339 9.92064 -0.00274889 -0.0867428 0.0546724
1908.81 0.268133 0.268133 -9.72939 0.331406 0.276371 9.91346 -0.00534507 -0.0931569 0.022602
1908.83 0.0766094 0.421352 -9.806 0.476171 0.338584 9.92184 -0.00442877 -0.0945314 0.0313068
1908.84 0.306437 0.153219 -9.61448 0.297906 0.241675 9.9003 -0.00519235 -0.0934624 0.0705549
1908.86 0.229828 0.114914 -9.72939 0.262014 0.0299103 9.92184 -0.0114537 -0.091477 0.078038
1908.88 0.306437 -0.0766094 -9.806 0.404387 -0.0837488 9.89911 -0.0111483 -0.100029 0.032834
1908.89 -0.0383047 -0.114914 -9.46126 0.679561 -0.191426 9.9338 -0.0105374 -0.0960585 0.0398589
1908.91 0.268133 -0.229828 -9.69109 0.382851 -0.160319 9.95414 -0.00794125 -0.0894917 0.0803288
1908.93 0.229828 0.0766094 -9.65278 0.331406 -0.0334995 9.91705 -0.00824668 -0.0919352 0.0717766
1908.94 0.114914 -0.114914 -9.53786 0.43669 -0.0358923 9.92901 -0.00641408 -0.0966694 0.0499382
1908.96 0.344742 -0.0766094 -9.806 0.336191 -0.0227318 9.92782 -0.00977384 -0.0928515 0.01237
1908.98 0.306437 0.0766094 -9.806 0.246461 -0.0550349 9.93619 -0.00610865 -0.0933096 0.0481056
1908.99 0.191523 -0.344742 -9.76769 0.260818 -0.0801595 9.93859 -0.00901026 -0.0936151 0.0613919
1909.01 0.0383047 0.191523 -9.53786 0.742971 0.0562313 9.96012 -0.00519235 -0.0939205 0.0395535
1909.03 0.0766094 -0.114914 -9.49956 0.514457 -0.101695 9.92303 -0.0116064 -0.0873537 0.0400117
1909.04 0.0 -0.0383047 -9.76769 0.349352 0.160319 9.93859 -0.0111483 -0.0913243 0.0592539
1909.06 0.153219 0.153219 -9.76769 0.5001 -0.0215354 9.94457 -0.0103847 -0.0864374 0.067806
1909.08 -0.153219 0.0 -9.8443 0.588634 -0.308674 9.92782 -0.0114537 -0.089339 0.0503964
1909.09 -0.0383047 -0.421352 -9.69109 0.541974 -0.180658 9.91705 -0.00824668 -0.0884227 0.0494801
1909.11 0.268133 -0.344742 -9.806 0.368495 -0.416351 9.96251 -0.0103847 -0.0826195 0.0531453
1909.12 0.0766094 -0.57457 -9.65278 0.427119 -0.721436 9.88475 -0.00549779 -0.0922406 0.0406225
1909.14 0.0766094 -0.268133 -9.806 0.367298 -0.467797 10.0008 0.00244346 -0.0907135 0.0448986
1909.15 0.114914 -0.268133 -9.72939 0.410369 -0.357727 9.92543 0.00473421 -0.0913243 0.0418443
1909.17 0.191523 -0.153219 -9.65278 0.429512 -0.0478564 9.94576 0.00397062 -0.0858265 0.0366519
1909.18 0.191523 -0.0766094 -9.99752 0.44985 -0.11007 9.95414 -0.000305433 -0.0897971 0.0180205
1909.2 0.0383047 -0.191523 -9.65278 0.519242 -0.257228 9.88834 0.00167988 -0.0908662 0.00397062
1909.22 0.153219 0.0 -9.76769 0.454636 -0.0526421 9.97089 0.00213803 -0.0832304 0.0161879
1909.23 0.306437 0.191523 -10.1124 0.133998 0.135194 9.92543 0.00595593 -0.087201 0.0455095
1911.15 0.536266 -0.0766094 -9.69109 -0.0311067 -0.145962 9.88116 -0.0018326 -0.0829249 0.0116064
1911.16 0.421352 0.114914 -9.69109 0.144766 0.143569 9.91346 0.00305432 -0.0945314 0.0542143
1911.18 0.306437 0.0 -9.95922 0.217747 0.25005 9.88834 0.00167988 -0.0926988 0.0699441
1911.2 0.344742 0.114914 -9.42295 0.183051 0.0454636 9.9314 -0.00503964 -0.0908662 0.0487165
1911.21 0.497961 -0.0383047 -9.72939 -0.0586241 -0.020339 9.95174 -0.00702495 -0.0946841 -0.00794125
1911.23 0.459656 0.191523 -9.57617 0.020339 0.0634098 9.92662 -0.00320704 -0.101556 0.0699441
1911.25 -0.153219 0.344742 -9.8443 0.659222 0.34337 9.98166 0.000458149 -0.101862 0.118202
1911.26 0.268133 0.153219 -9.61448 0.588634 0.168694 9.90389 -0.0065668 -0.0972803 0.0751364
1911.28 0.0 0.0383047 -9.61448 0.575474 0.122034 9.96132 -0.0131336 -0.0954477 0.0142026
1911.3 -0.0383047 -0.191523 -9.72939 0.540778 -0.0849452 9.92782 -0.0154243 -0.0936151 0.0157298
1911.31 0.0383047 -0.153219 -9.65278 0.742971 -0.252443 9.88953 -0.00931569 -0.0907135 0.0607811
1911.33 0.268133 -0.114914 -9.72939 0.367298 -0.227318 9.90868 -0.00473421 -0.0865901 0.0775799
1911.35 0.268133 -0.153219 -9.65278 0.435494 -0.117248 9.89671 -0.00519235 -0.0873537 0.0432187
1911.36 -0.114914 -0.0766094 -9.61448 0.649651 -0.0634098 9.91705 -0.00855211 -0.0945314 -0.00137445
1911.38 -0.0383047 -0.229828 -10.0358 0.677169 -0.163908 9.93619 -0.010232 -0.086132 0.0372628
1911.4 0.0766094 -0.0383047 -9.72939 0.55992 -0.168694 9.94098 -0.00397062 -0.0835358 0.0820086
1911.41 0.344742 0.0766094 -9.76769 0.224925 -0.0311067 9.9314 -0.00167988 -0.0858265 0.0740674
1911.43 0.229828 0.0383047 -9.61448 0.396012 -0.0251246 9.90628 -0.00610865 -0.0946841 0.0122173
1911.45 0.114914 -0.229828 -9.42295 0.40678 -0.107677 9.92782 -0.00946841 -0.0894917 0.0290161
1911.46 0.0766094 -0.229828 -9.69109 0.509671 -0.196211 9.91705 -0.00595593 -0.091477 0.0531453
1911.48 0.114914 -0.0766094 -9.61448 0.336191 -0.105284 9.92662 -0.00595593 -0.0818559 0.0797179
1911.5 0.114914 0.0766094 -9.72939 0.535992 -0.00239282 9.9314 -0.00442877 -0.0891863 0.0471893
1911.51 0.153219 -0.306437 -9.88261 0.460618 -0.22014 9.91585 -0.00778853 -0.0887282 0.0203113
1911.53 0.114914 -0.383047 -9.806 0.413958 -0.460618 9.92782 -0.00702495 -0.0853684 0.0357356
1911.54 0.191523 -0.268133 -9.61448 0.331406 -0.331406 9.95174 0.000763581 -0.0846048 0.0563523
1911.56 0.421352 0.0766094 -9.76769 0.254835 -0.264407 9.94337 0.00290161 -0.0873537 0.0481056
1911.58 0.421352 -0.153219 -9.76769 0.204586 -0.198604 9.93859 -0.0018326 -0.0862847 0.0310014
1911.59 0.344742 -0.268133 -9.57617 0.124427 -0.354138 9.93859 0.000763581 -0.0946841 0.00671952
1911.61 0.191523 -0.0766094 -9.806 0.236889 -0.265603 9.95174 0.00610865 -0.0933096 0.0415388
1911.63 0.344742 0.0 -9.69109 0.147159 -0.0143569 9.91585 0.00626137 -0.0916298 0.0502437
1911.64 0.191523 0.153219 -9.61448 0.206979 0.148355 9.92423 0.00610865 -0.0980438 0.043066
1911.66 0.268133 -0.0383047 -9.57617 0.252443 0.113659 9.92901 -0.00106901 -0.0956004 0.0201585
1911.68 0.191523 0.153219 -9.88261 0.411565 0.0346959 9.91705 0.000610865 -0.0989602 0.0198531
1911.69 0.191523 0.0766094 -9.76769 0.437886 0.108873 9.92782 0.0018326 -0.0945314 0.0594066
1911.71 0.229828 0.153219 -9.69109 0.384048 0.116052 9.92543 -0.000916298 -0.0988074 0.0577268
1911.73 0.0 -0.0383047 -9.69109 0.53001 0.0909272 9.92662 -0.00381791 -0.0934624 0.0493274
1911.74 -0.0766094 0.0383047 -9.69109 0.501296 -0.066999 9.90628 -0.00763582 -0.0933096 0.0302378
1911.76 0.191523 -0.153219 -9.61448 0.488136 -0.11007 9.90628 -0.00427606 -0.0878119 0.0468839
1911.78 0.268133 0.0383047 -9.88261 0.412762 -0.0454636 9.93499 -0.00366519 -0.086132 0.0606284
1911.79 0.114914 0.114914 -9.76769 0.452243 0.0155533 9.94337 -0.00335976 -0.0936151 0.0502437
1911.81 0.191523 0.229828 -9.69109 0.381655 -0.0143569 9.91227 -0.00305432 -0.0951423 0.0280998
1911.82 0.153219 0.114914 -9.8443 0.394816 0.020339 9.9314 -0.00519235 -0.090408 0.034972
1911.84 0.153219 0.114914 -9.69109 0.460618 0.0921237 9.9314 -0.0056505 -0.0910189 0.0482583
1911.86 0.153219 0.268133 -9.65278 0.44985 0.221336 9.92782 -0.00473421 -0.0946841 0.0650571
1911.88 0.0383047 0.191523 -9.46126 0.461814 0.165105 9.93021 -0.0117592 -0.0891863 0.0435241
1911.9 0.114914 0.0383047 -9.65278 0.490529 0.0693918 9.92184 -0.0109956 -0.0920879 0.047342
1911.91 0.191523 -0.191523 -9.76769 0.510867 -0.0478564 9.94098 -0.0126754 -0.0920879 0.0665843
1911.93 0.191523 -0.0383047 -9.76769 0.447458 -0.0861416 9.94696 -0.0132863 -0.0868956 0.0743728
1911.95 0.306437 -0.114914 -9.57617 0.384048 -0.137587 9.9326 -0.0131336 -0.0830777 0.0584903
1911.96 0.114914 -0.229828 -9.57617 0.357727 -0.323031 9.94576 -0.0132863 -0.0879646 0.0406225
1911.98 0.268133 -0.344742 -9.92091 0.352941 -0.339781 9.92901 -0.00870483 -0.090408 0.0513127
1912.0 0.229828 -0.229828 -9.38465 0.257228 -0.368495 9.93739 -0.00442877 -0.0920879 0.0534507
1912.01 0.268133 -0.0766094 -9.76769 0.262014 -0.222532 9.94457 -0.00778853 -0.083994 0.055436
1912.03 0.191523 -0.153219 -9.76769 0.254835 -0.200997 9.93499 -0.00870483 -0.0887282 0.0345139
1912.05 0.153219 -0.114914 -9.57617 0.291924 -0.215354 9.93859 -0.00534507 -0.0936151 0.0323759
1912.06 0.383047 -0.153219 -9.95922 0.331406 -0.128016 9.93859 -0.00305432 -0.0960585 0.0488692
1912.08 0.229828 0.0 -9.69109 0.357727 -0.0311067 9.92184 -0.000916298 -0.0962113 0.0508545
1912.1 0.306437 0.0 -9.806 0.375673 -0.0275174 9.92064 -0.00213803 -0.0960585 0.0488692
1912.11 0.191523 -0.153219 -9.69109 0.384048 -0.131605 9.92782 -0.00366519 -0.0969748 0.0378736
1912.13 0.268133 -0.268133 -9.72939 0.451047 -0.222532 9.92543 -0.00503964 -0.0905607 0.0461203
1912.14 0.0766094 -0.306437 -9.49956 0.394816 -0.230907 9.94457 0.0 -0.0966694 0.0503964
1912.16 0.153219 -0.268133 -9.72939 0.409173 -0.224925 9.93499 -0.000458149 -0.0934624 0.046273
1912.18 0.229828 -0.268133 -9.61448 0.393619 -0.284746 9.93859 0.00137445 -0.0940732 0.0392481
1912.19 0.191523 -0.268133 -9.42295 0.433101 -0.300299 9.92782 0.00274889 -0.0972803 0.032834
1912.21 0.153219 -0.191523 -9.806 0.461814 -0.221336 9.92901 0.00259618 -0.0945314 0.0329867
1912.23 -0.0383047 0.0 -9.76769 0.471386 -0.04666 9.91466 0.00549779 -0.0928515 0.0390954
1912.24 0.0383047 0.0 -9.65278 0.488136 -0.020339 9.90509 0.00244346 -0.0925461 0.030696
1912.26 0.0383047 0.0766094 -9.69109 0.525224 0.0562313 9.92423 0.00152716 -0.0885754 0.0300851
1912.28 -0.0383047 0.114914 -9.61448 0.552742 0.114855 9.90628 -0.00137445 -0.085063 0.0314596
1912.29 -0.0383047 0.191523 -9.806 0.490529 0.183051 9.92303 0.000610865 -0.0910189 0.0448986
1912.31 0.0383047 0.153219 -9.65278 0.508475 0.211765 9.92543 0.0 -0.0919352 0.0485638
1912.33 -0.0383047 0.153219 -9.8443 0.463011 0.107677 9.93021 -0.00626137 -0.0867428 0.0412334
1912.34 0.0 0.0383047 -9.76769 0.413958 0.0179462 9.92782 -0.00549779 -0.0884227 0.0416915
1912.36 0.153219 0.0766094 -9.76769 0.397208 -0.0251246 9.91107 -0.00473421 -0.0878119 0.0476475
1912.38 0.306437 -0.0383047 -9.69109 0.354138 -0.0490528 9.93499 -0.00519235 -0.0859793 0.0555887
1912.39 0.306437 0.0 -9.61448 0.336191 -0.0825523 9.90868 -0.0056505 -0.0847575 0.0481056
1912.41 0.383047 -0.0766094 -9.72939 0.334995 -0.0861416 9.74596 -0.00458149 -0.0873537 0.0372628
1912.43 0.268133 0.0 -9.806 0.175872 -0.0981057 9.87039 -0.00366519 -0.0930042 0.0377209
1912.44 0.229828 -0.0766094 -9.46126 0.270389 -0.026321 9.85603 -0.00229074 -0.0891863 0.0444404
1912.46 0.191523 0.229828 -9.76769 0.202193 0.0993021 9.97328 -0.00580322 -0.0856738 0.0491747
1912.47 0.0766094 -0.0383047 -9.42295 0.299103 0.138784 9.94098 -0.00610865 -0.0884227 0.044135
1912.49 0.344742 0.191523 -9.57617 0.277567 0.0586241 9.93859 -0.00946841 -0.0876591 0.0416915
1912.51 0.191523 0.229828 -9.76769 0.374477 0.04666 9.88714 -0.00824668 -0.0916298 0.0571159
1912.52 0.344742 0.0766094 -9.57617 0.265603 0.0323031 9.89312 -0.00809396 -0.0926988 0.0584903
1912.54 0.421352 0.153219 -9.8443 0.120837 0.0885344 9.92303 -0.0109956 -0.090408 0.0580322
1912.55 0.268133 -0.114914 -9.92091 0.144766 -0.174676 9.94696 -0.0108429 -0.0943787 0.0484111
1912.57 0.191523 -0.153219 -9.92091 0.362513 -0.226122 9.94576 -0.0119119 -0.0919352 0.0542143
1912.59 0.268133 -0.306437 -9.806 0.290728 -0.265603 9.97687 -0.0122173 -0.0919352 0.0649044
1912.6 0.268133 -0.268133 -9.57617 0.331406 -0.256032 9.94218 -0.00626137 -0.0966694 0.0528398
1912.62 0.229828 -0.268133 -9.69109 0.376869 -0.221336 10.002 -0.00534507 -0.0965167 0.0490219
1912.64 0.114914 -0.268133 -9.72939 0.495314 -0.232104 9.91227 -0.00702495 -0.0922406 0.0468839
1912.65 0.114914 -0.268133 -9.65278 0.497707 -0.198604 9.9003 -0.00427606 -0.0939205 0.0511599
1912.67 0.0383047 -0.114914 -9.8443 0.510867 -0.120837 9.92184 -0.00167988 -0.0957531 0.0429133
1912.69 0.114914 -0.0383047 -9.806 0.54317 -0.0191426 9.90389 -0.00351247 -0.0887282 0.0418443
1912.7 0.0766094 0.0 -9.99752 0.531206 -0.0323031 9.92901 -0.00519235 -0.0905607 0.0448986
1912.72 0.0383047 -0.0766094 -9.72939 0.54317 -0.0981057 9.9338 -0.00503964 -0.0925461 0.0444404
1912.74 0.0383047 -0.0766094 -9.72939 0.540778 -0.0765703 9.91466 -0.00259618 -0.095295 0.0450513
1912.75 0.0766094 -0.114914 -9.57617 0.512064 -0.0777667 9.92901 -0.0056505 -0.0875064 0.0481056
1912.77 0.153219 -0.153219 -9.72939 0.476171 -0.183051 9.9314 -0.00442877 -0.0907135 0.0471893
1912.79 0.153219 -0.191523 -9.65278 0.497707 -0.224925 9.95174 -0.00397062 -0.0897971 0.0445931
1912.8 0.0383047 -0.191523 -10.1124 0.544367 -0.256032 9.91824 0.000305433 -0.0940732 0.0384845
1912.82 0.153219 -0.0766094 -9.95922 0.495314 -0.184247 9.90748 -0.00397062 -0.0841467 0.043066
1912.84 0.0766094 -0.114914 -9.806 0.507278 -0.166301 9.93739 0.00137445 -0.08827 0.0378736
1912.85 0.0766094 -0.191523 -9.8443 0.515653 -0.137587 9.92064 -0.000152716 -0.0858265 0.0377209
1912.87 -0.114914 0.0 -9.95922 0.495314 -0.0550349 9.92064 0.00305432 -0.0885754 0.0302378
1912.89 0.114914 0.0766094 -9.76769 0.397208 0.0155533 9.92901 -0.00106901 -0.0821613 0.0300851
1912.9 0.191523 0.191523 -9.61448 0.364905 0.0550349 9.93619 0.000305433 -0.0881173 0.0357356
1912.92 0.268133 0.0383047 -9.76769 0.344566 0.0634098 9.94337 -0.00366519 -0.0784962 0.0374155
1912.94 0.421352 -0.114914 -9.61448 0.254835 0.0323031 9.9326 -0.00381791 -0.0847575 0.0357356
1912.95 0.268133 0.114914 -9.34634 0.197408 0.0167498 9.9326 -0.00259618 -0.0885754 0.0403171
1912.97 0.383047 -0.0383047 -9.69109 0.150748 -0.0155533 9.9314 -0.00167988 -0.0922406 0.0413861
1912.99 0.459656 0.0 -9.69109 0.197408 -0.0490528 9.94696 -0.00503964 -0.0870483 0.0505491
1913.0 0.191523 -0.114914 -9.99752 0.196211 -0.0897308 9.93499 -0.00320704 -0.0911716 0.041997
1913.02 0.383047 0.0 -9.72939 0.227318 -0.0921237 9.9326 -0.00229074 -0.0940732 0.0418443
1913.03 0.229828 0.0 -9.72939 0.295514 -0.0729811 9.92782 -0.00473421 -0.0879646 0.0510072
1913.05 0.229828 -0.191523 -9.92091 0.34337 -0.0430708 9.93499 -0.00229074 -0.0930042 0.047342
1913.07 0.268133 0.114914 -9.72939 0.344566 -0.0251246 9.90628 -0.00580322 -0.0888809 0.0479529
1913.08 0.191523 0.0383047 -9.57617 0.379262 0.0454636 9.93021 -0.00381791 -0.0942259 0.0390954
1913.1 0.191523 0.0766094 -9.8443 0.378066 0.087338 9.9338 -0.00671952 -0.0928515 0.0510072
1913.12 0.268133 0.153219 -9.8443 0.342173 0.0765703 9.93739 -0.00717767 -0.0940732 0.0500909
1913.13 0.268133 0.153219 -9.95922 0.324227 0.0681954 9.92543 -0.00824668 -0.0923933 0.0490219
1913.15 0.229828 0.153219 -9.69109 0.324227 0.0526421 9.91824 -0.00671952 -0.0977384 0.0514654
1913.17 0.229828 -0.0766094 -9.69109 0.344566 -0.0251246 9.91227 -0.00901026 -0.0930042 0.0560469
1913.18 0.0383047 -0.0766094 -9.69109 0.364905 -0.0705882 9.94696 -0.00946841 -0.0965167 0.0589485
1913.2 0.0383047 -0.0766094 -9.76769 0.44985 -0.111266 9.93499 -0.0120646 -0.08827 0.0591012
1913.22 0.191523 0.0383047 -9.76769 0.514457 -0.149551 9.92662 -0.00610865 -0.0968221 0.0540616
1913.23 -0.0383047 -0.0766094 -9.57617 0.539581 -0.17348 9.92423 -0.00809396 -0.0943787 0.0540616
1913.25 -0.191523 -0.0383047 -9.99752 0.60658 -0.208175 9.9314 -0.00962113 -0.0902553 0.054367
1913.27 0.0 -0.191523 -9.42295 0.643669 -0.141176 9.92064 -0.00870483 -0.0864374 0.0510072
1913.28 0.0383047 -0.0766094 -9.806 0.624527 -0.133998 9.91227 -0.00641408 -0.0902553 0.0436769
1913.3 0.0 -0.191523 -9.53786 0.568295 -0.133998 9.91944 -0.0065668 -0.0842994 0.0464257
1913.32 0.0383047 -0.0766094 -9.69109 0.527617 -0.108873 9.91824 -0.00809396 -0.0864374 0.0481056
1913.33 0.268133 0.0766094 -9.72939 0.494118 -0.0969093 9.93859 -0.00733038 -0.0862847 0.0436769
1913.35 0.229828 -0.0766094 -9.88261 0.386441 -0.0945165 9.92543 -0.00412334 -0.0897971 0.0429133
1913.37 0.306437 -0.191523 -9.88261 0.350548 -0.148355 9.9326 -0.0065668 -0.0852157 0.0435241
1913.38 0.191523 -0.191523 -9.69109 0.351745 -0.20339 9.94815 -0.00458149 -0.0867428 0.0467312
1913.4 0.306437 -0.268133 -9.72939 0.34337 -0.208175 9.92782 -0.00213803 -0.0925461 0.0450513
1913.41 0.344742 -0.191523 -9.806 0.374477 -0.2333 9.93978 -0.00305432 -0.087201 0.0427606
1913.43 0.191523 -0.153219 -9.99752 0.387637 -0.236889 9.92543 -0.00259618 -0.0884227 0.0458149
1913.45 0.114914 -0.0766094 -9.76769 0.411565 -0.236889 9.95055 -0.000152716 -0.0891863 0.0377209
1913.46 0.114914 -0.114914 -9.806 0.424726 -0.209372 9.93619 0.00259618 -0.0926988 0.0348193
1913.48 0.191523 -0.268133 -9.61448 0.385244 -0.138784 9.93739 -0.000305433 -0.0862847 0.0358883
1913.5 0.114914 0.0383047 -9.72939 0.387637 -0.114855 9.92303 0.00290161 -0.0917825 0.0348193
1913.51 0.153219 0.0383047 -9.61448 0.338584 -0.0442672 9.92901 -0.000152716 -0.0833831 0.03711
1913.53 0.306437 0.0766094 -9.65278 0.267996 -0.026321 9.92303 -0.00213803 -0.0868956 0.0320704
1913.55 0.268133 0.114914 -9.61448 0.223729 0.00837488 9.94576 0.00152716 -0.0925461 0.0364992
1913.56 0.344742 0.0766094 -9.69109 0.199801 0.0311067 9.9326 0.00106901 -0.0922406 0.0368046
1913.58 0.344742 0.114914 -9.65278 0.218943 0.0119641 9.9314 0.000305433 -0.0923933 0.0412334
1913.6 0.191523 -0.0383047 -9.88261 0.25005 0.0215354 9.93739 -0.000763581 -0.0940732 0.0426078
1913.61 0.268133 0.0 -9.95922 0.281157 0.0155533 9.93859 -0.0018326 -0.0930042 0.0459676
1913.63 0.306437 0.0 -9.72939 0.363709 -0.00239282 9.92064 0.00213803 -0.100945 0.0456622
1913.65 0.114914 0.0 -9.72939 0.44985 -0.0131605 9.91944 -0.00335976 -0.095295 0.0482583
1913.66 -0.0766094 0.0766094 -9.99752 0.489332 -0.0119641 9.91466 -0.00335976 -0.0946841 0.0467312
1913.68 0.0766094 0.153219 -9.76769 0.506082 0.0287139 9.92303 -0.00290161 -0.0937678 0.0474948
1913.7 0.0 0.114914 -9.76769 0.512064 0.0299103 9.92303 -0.00152716 -0.0966694 0.044135
1913.71 0.0383047 0.114914 -9.57617 0.470189 0.0646062 9.91944 -0.00641408 -0.0919352 0.0481056
1913.73 0.191523 0.191523 -9.69109 0.451047 0.0705882 9.9326 -0.00641408 -0.0916298 0.045204
1913.75 0.268133 0.153219 -9.69109 0.385244 0.0717846 9.92662 -0.00641408 -0.0931569 0.0453567
1913.76 0.191523 0.153219 -9.76769 0.352941 0.0634098 9.92901 -0.00595593 -0.0937678 0.0503964
1913.78 0.229828 0.0766094 -9.76769 0.348156 0.0179462 9.91944 -0.0106901 -0.0901026 0.0542143
1913.8 0.114914 0.0 -9.95922 0.355334 -0.0179462 9.93499 -0.00855211 -0.091477 0.0539089
1913.81 0.191523 0.0766094 -9.806 0.387637 -0.0311067 9.91824 -0.0106901 -0.0928515 0.0542143
1913.83 0.153219 -0.0383047 -9.72939 0.422333 -0.0717846 9.90987 -0.010232 -0.0934624 0.0601702
1913.85 0.0766094 -0.0383047 -9.65278 0.472582 -0.135194 9.92901 -0.0056505 -0.100182 0.0563523
1913.86 0.0766094 -0.229828 -9.65278 0.503689 -0.185444 9.93619 -0.0132863 -0.0870483 0.0557414
1913.88 0.306437 -0.153219 -9.69109 0.507278 -0.190229 9.9326 -0.00809396 -0.0907135 0.0525344
1913.89 0.0766094 -0.268133 -9.69109 0.491725 -0.221336 9.91824 -0.00916297 -0.0888809 0.0513127
1913.91 0.0383047 -0.191523 -9.65278 0.452243 -0.238086 9.9338 -0.00839939 -0.087201 0.0490219
1913.93 0.114914 -0.268133 -9.53786 0.381655 -0.230907 9.95174 -0.00717767 -0.087201 0.0438296
1913.94 0.229828 -0.114914 -9.88261 0.354138 -0.200997 9.93619 -0.00610865 -0.0852157 0.0433714
1913.96 0.306437 -0.191523 -9.806 0.293121 -0.198604 9.94935 -0.00274889 -0.0928515 0.043066
1913.98 0.306437 0.0 -9.76769 0.269192 -0.189033 9.92901 -0.0056505 -0.0873537 0.0426078
1913.99 0.268133 -0.306437 -9.72939 0.281157 -0.191426 9.93859 -0.00412334 -0.090408 0.0455095
1914.01 0.229828 -0.229828 -9.61448 0.305085 -0.163908 9.93619 -0.00274889 -0.0931569 0.0442877
1914.03 0.114914 -0.191523 -9.69109 0.363709 -0.178265 9.92662 -0.00320704 -0.0899499 0.046273
1914.04 0.114914 -0.229828 -9.88261 0.392423 -0.192622 9.9314 -0.000305433 -0.0936151 0.0410807
1914.06 0.0383047 -0.0766094 -9.53786 0.484546 -0.200997 9.93978 0.0 -0.0923933 0.0416915
1914.07 0.0383047 -0.114914 -9.88261 0.492921 -0.184247 9.91824 0.00152716 -0.0917825 0.0410807
1914.09 0.191523 -0.191523 -9.72939 0.491725 -0.159123 9.92303 0.00229074 -0.091477 0.0366519
1914.11 0.229828 -0.0766094 -9.69109 0.506082 -0.137587 9.92303 0.00259618 -0.0919352 0.0352775
1914.12 -0.0383047 -0.0766094 -9.806 0.460618 -0.0921237 9.91705 0.00412334 -0.0939205 0.0326813
1914.14 0.114914 -0.0383047 -9.8443 0.42353 -0.0646062 9.91227 0.00106901 -0.0878119 0.0316123
1914.15 0.114914 0.114914 -9.76769 0.382851 -0.0143569 9.92423 0.000152716 -0.0858265 0.0346666
1914.17 0.191523 0.153219 -9.49956 0.348156 0.0251246 9.91944 0.00198531 -0.0891863 0.0326813
1914.19 0.229828 0.0 -9.76769 0.340977 0.0574277 9.92543 0.00198531 -0.0897971 0.0346666
1914.2 0.306437 0.114914 -9.806 0.319442 0.0981057 9.92662 -0.00106901 -0.0875064 0.0384845
1914.22 0.191523 0.191523 -9.72939 0.37328 0.111266 9.92064 -0.000305433 -0.0916298 0.0427606
1914.24 0.153219 0.153219 -10.0741 0.382851 0.11007 9.92543 -0.00290161 -0.090408 0.0479529
1914.25 0.153219 0.0766094 -9.95922 0.442672 0.0849452 9.92064 -0.00687223 -0.0867428 0.047342
1914.27 0.191523 0.0766094 -9.806 0.464207 0.0514457 9.92303 -0.00534507 -0.089339 0.0471893
1914.29 0.114914 0.191523 -9.8443 0.455832 0.0119641 9.93021 -0.0056505 -0.0901026 0.0485638
1914.3 0.0766094 0.0383047 -10.0358 0.445065 -0.00598205 9.91705 -0.0074831 -0.089339 0.0520762
1914.32 0.153219 0.0383047 -9.88261 0.403191 -0.0179462 9.92423 -0.00488692 -0.0907135 0.0481056
1914.34 0.191523 -0.0383047 -9.69109 0.337388 -0.0251246 9.91107 -0.00610865 -0.0905607 0.0456622
1914.35 0.268133 0.0 -9.8443 0.297906 -0.0227318 9.90748 -0.00733038 -0.0890336 0.047342
1914.37 0.459656 -0.114914 -9.65278 0.256032 -0.0251246 9.91466 -0.00473421 -0.0928515 0.0487165
1914.39 0.268133 0.0766094 -9.72939 0.228514 -0.0227318 9.91346 -0.00778853 -0.0908662 0.0491747
1914.4 0.344742 -0.0383047 -9.806 0.235693 -0.020339 9.92782 -0.0074831 -0.0949895 0.0490219
1914.42 0.268133 0.0383047 -9.65278 0.2668 -0.0239282 9.91585 -0.0103847 -0.0897971 0.0536034
1914.43 0.306437 -0.0766094 -9.806 0.315852 -0.0502493 9.93619 -0.00794125 -0.0942259 0.0545197
1914.45 0.0383047 -0.0766094 -9.72939 0.324227 -0.0598205 9.92662 -0.0100793 -0.0969748 0.0568105
1914.47 0.191523 -0.0766094 -9.8443 0.401994 -0.120837 9.94337 -0.00809396 -0.0968221 0.0552833
1914.48 0.153219 -0.191523 -9.65278 0.433101 -0.172283 9.93021 -0.00977384 -0.0920879 0.0589485
1914.5 0.153219 -0.114914 -9.88261 0.45344 -0.215354 9.92901 -0.00855211 -0.0937678 0.0536034
1914.52 0.0 -0.268133 -9.49956 0.448654 -0.251246 9.92303 -0.00855211 -0.0902553 0.0546724
1914.53 0.229828 -0.229828 -9.69109 0.43669 -0.256032 9.92782 -0.00885754 -0.0913243 0.0496328
1914.55 0.153219 -0.191523 -9.61448 0.433101 -0.256032 9.93499 -0.00641408 -0.0887282 0.0465785
1914.57 0.191523 -0.191523 -9.76769 0.410369 -0.235693 9.91705 -0.00519235 -0.0887282 0.0470366
1914.58 0.268133 -0.153219 -9.46126 0.417547 -0.193819 9.93619 -0.00213803 -0.0936151 0.0403171
1914.6 0.153219 -0.191523 -9.57617 0.399601 -0.166301 9.92064 -0.00198531 -0.0933096 0.0436769
1914.61 0.0766094 -0.153219 -9.65278 0.425922 -0.12323 9.92184 -0.000305433 -0.0945314 0.0418443
1914.63 0.0766094 -0.0766094 -9.65278 0.463011 -0.105284 9.92303 0.000763581 -0.0957531 0.0394008
1914.65 0.0383047 0.0383047 -9.69109 0.51326 -0.087338 9.93859 -0.00244346 -0.0894917 0.0432187
1914.66 0.0 -0.153219 -9.72939 0.524028 -0.0849452 9.9314 -0.00106901 -0.0910189 0.0432187
1914.68 -0.0766094 -0.0766094 -9.72939 0.547956 -0.102891 9.9338 -0.0018326 -0.0907135 0.0424551
1914.7 -0.0383047 -0.229828 -9.8443 0.540778 -0.132802 9.91824 -0.000152716 -0.0913243 0.0395535
1914.71 0.114914 -0.0766094 -9.92091 0.538385 -0.141176 9.9015 -0.00244346 -0.0862847 0.0398589
1914.73 0.114914 -0.0766094 -9.76769 0.497707 -0.133998 9.92064 -0.00229074 -0.0844521 0.0380264
1914.75 0.0383047 -0.114914 -9.8443 0.429512 -0.106481 9.92901 -0.000305433 -0.0856738 0.0372628
1914.76 0.114914 0.0 -9.38465 0.40678 -0.100499 9.95055 -0.00106901 -0.0847575 0.0342084
1914.78 0.153219 -0.191523 -9.76769 0.352941 -0.04666 9.91585 0.000763581 -0.0835358 0.0331394
1914.8 0.229828 0.0766094 -9.72939 0.323031 -0.00957129 9.93739 -0.000610865 -0.0849102 0.0351248
1914.81 0.229828 0.0383047 -9.69109 0.299103 0.04666 9.9314 0.000610865 -0.0884227 0.0383318
1914.83 0.191523 0.153219 -9.95922 0.294317 0.0646062 9.93021 -0.00213803 -0.0844521 0.0378736
1914.84 0.191523 0.0766094 -9.72939 0.294317 0.09332 9.9314 -0.00274889 -0.0881173 0.0421497
1914.86 0.268133 0.153219 -9.76769 0.311067 0.0957129 9.93021 -0.00305432 -0.0905607 0.043066
1914.88 0.268133 0.114914 -9.61448 0.319442 0.0586241 9.93619 -0.00442877 -0.0902553 0.0470366
1914.89 0.229828 0.114914 -9.806 0.321834 0.0167498 9.93859 -0.00778853 -0.0865901 0.0494801
1914.91 0.153219 -0.0383047 -9.65278 0.312263 -0.0251246 9.91107 -0.00671952 -0.0926988 0.0464257
1914.93 0.191523 0.0383047 -9.76769 0.302692 -0.0287139 9.91466 -0.00626137 -0.0928515 0.0507018
1914.94 0.383047 0.0 -9.92091 0.294317 -0.061017 9.92423 -0.00335976 -0.0946841 0.0485638
1914.96 0.268133 -0.114914 -9.65278 0.285942 -0.0681954 9.93859 -0.0074831 -0.0910189 0.0513127
1914.98 0.229828 0.0 -9.69109 0.287139 -0.0526421 9.93619 -0.00534507 -0.0933096 0.0476475
1914.99 0.191523 -0.0383047 -9.69109 0.301496 -0.0382852 9.93619 -0.00641408 -0.0937678 0.0481056
1915.01 0.0383047 0.153219 -9.38465 0.325424 -0.0215354 9.92064 -0.00824668 -0.0919352 0.0510072
1915.03 0.114914 0.0 -9.76769 0.368495 -0.0143569 9.91346 -0.00610865 -0.0954477 0.0491747
1915.04 0.153219 -0.0383047 -9.69109 0.378066 -0.00358923 9.91227 -0.00717767 -0.0949895 0.053298
1915.06 0.0383047 0.114914 -9.72939 0.425922 -0.0155533 9.91944 -0.00809396 -0.0962113 0.0555887
1915.08 0.114914 -0.114914 -9.72939 0.4666 -0.0311067 9.91824 -0.0106901 -0.0931569 0.0571159
1915.09 0.153219 -0.114914 -9.61448 0.494118 -0.0813559 9.93499 -0.00901026 -0.0940732 0.0568105
1915.11 0.229828 -0.0383047 -9.806 0.492921 -0.12323 9.9326 -0.00687223 -0.0968221 0.054367
1915.13 0.114914 -0.191523 -9.65278 0.506082 -0.185444 9.93978 -0.00778853 -0.0940732 0.0549779
1915.14 0.0766094 -0.268133 -9.65278 0.503689 -0.234497 9.92423 -0.00610865 -0.0959058 0.0500909
1915.16 0.114914 -0.268133 -9.61448 0.503689 -0.247657 9.94218 -0.00503964 -0.0942259 0.0471893
1915.18 0.0766094 -0.114914 -9.76769 0.5001 -0.236889 9.9326 -0.00427606 -0.0922406 0.0448986
1915.19 0.114914 -0.229828 -9.72939 0.480957 -0.211765 9.9338 -0.00503964 -0.0907135 0.0448986
1915.21 0.0383047 -0.191523 -9.72939 0.479761 -0.202193 9.93619 -0.00290161 -0.0913243 0.0410807
1915.23 0.153219 -0.0383047 -9.72939 0.470189 -0.141176 9.93021 -0.00503964 -0.0864374 0.043066
1915.24 0.0766094 -0.114914 -9.8443 0.477368 -0.100499 9.93739 -0.00381791 -0.0852157 0.041997
1915.26 0.114914 0.0 -9.69109 0.451047 -0.0801595 9.93499 -0.00213803 -0.087201 0.0404698
1915.28 0.191523 -0.114914 -9.46126 0.458225 -0.0801595 9.93619 -0.00274889 -0.0887282 0.0413861
1915.29 0.153219 0.0383047 -9.806 0.422333 -0.100499 9.91346 -0.00503964 -0.0835358 0.0433714
1915.31 0.191523 -0.153219 -9.69109 0.403191 -0.124427 9.92662 -0.00274889 -0.0862847 0.0412334
1915.33 0.153219 -0.114914 -9.72939 0.388834 -0.147159 9.96012 -0.000763581 -0.0884227 0.0415388
1915.34 0.268133 -0.114914 -9.61448 0.364905 -0.172283 9.93978 0.000152716 -0.0868956 0.0394008
1915.36 0.229828 -0.229828 -9.88261 0.336191 -0.175872 9.92184 0.000305433 -0.0897971 0.0366519
1915.37 0.306437 -0.114914 -9.61448 0.32662 -0.157926 9.92423 0.000763581 -0.0884227 0.0358883
1915.39 0.306437 -0.114914 -9.76769 0.319442 -0.114855 9.92901 -0.0018326 -0.0859793 0.0386372
1915.4 0.268133 0.0766094 -9.61448 0.317049 -0.0885344 9.92184 0.00213803 -0.0902553 0.0331394
1915.42 0.229828 0.0383047 -9.69109 0.305085 -0.0275174 9.91107 0.000305433 -0.0867428 0.0377209
1915.43 0.344742 0.153219 -9.69109 0.314656 0.0287139 9.91824 -0.0018326 -0.0849102 0.0361938
1915.45 0.268133 0.153219 -9.72939 0.318245 0.0526421 9.95174 0.00320704 -0.0943787 0.0368046
1915.47 0.229828 0.153219 -9.61448 0.317049 0.100499 9.9338 0.000763581 -0.0923933 0.0389426
1915.48 0.344742 0.0766094 -9.65278 0.306281 0.11007 9.91944 -0.00198531 -0.0923933 0.0453567
1916.06 0.191523 0.191523 -9.76769 0.431904 0.0550349 9.92662 -0.000152716 -0.0897971 0.0374155
1916.07 0.268133 0.268133 -9.57617 0.435494 0.0753739 9.94576 -0.00152716 -0.0911716 0.0380264
1916.09 0.191523 0.191523 -9.76769 0.394816 0.117248 9.92901 -0.00442877 -0.0856738 0.0404698
1916.11 0.191523 0.0766094 -9.8443 0.367298 0.116052 9.92423 -0.00458149 -0.0876591 0.041997
1916.12 0.344742 0.191523 -9.57617 0.327816 0.0921237 9.9314 -0.00534507 -0.0881173 0.0470366
1916.14 0.344742 0.191523 -9.72939 0.340977 0.061017 9.92662 -0.00687223 -0.089339 0.0461203
1916.16 0.268133 0.0 -9.806 0.345763 0.0251246 9.92303 -0.00702495 -0.0879646 0.0493274
1916.17 0.0766094 -0.0766094 -9.61448 0.36012 -0.0179462 9.91466 -0.00671952 -0.0933096 0.0508545
1916.19 0.0766094 0.0 -10.0358 0.380459 -0.0239282 9.91944 -0.00503964 -0.0946841 0.0536034
1916.21 0.153219 0.0 -9.806 0.417547 -0.040678 9.93619 -0.0109956 -0.0858265 0.0546724
1916.22 0.114914 0.0766094 -9.72939 0.424726 -0.0394815 9.92423 -0.0056505 -0.0934624 0.0502437
1916.24 0.191523 0.0383047 -9.92091 0.428315 -0.0334995 9.92662 -0.00916297 -0.0908662 0.0502437
1916.26 0.191523 0.0 -9.76769 0.405583 -0.0442672 9.94337 -0.00641408 -0.0911716 0.0502437
1916.27 0.229828 -0.0383047 -9.72939 0.385244 -0.0394815 9.92782 -0.00992656 -0.0868956 0.0516181
1916.29 0.0766094 0.0 -9.57617 0.358923 -0.0550349 9.93739 -0.00687223 -0.0920879 0.0513127
1916.31 0.191523 -0.0383047 -9.69109 0.348156 -0.0562313 9.9338 -0.00733038 -0.0934624 0.0485638
1916.32 0.229828 -0.114914 -9.69109 0.329013 -0.101695 9.92901 -0.00946841 -0.089339 0.0526871
1916.34 0.383047 -0.0766094 -9.61448 0.320638 -0.141176 9.91585 -0.00901026 -0.090408 0.0525344
1916.36 0.229828 -0.191523 -10.1124 0.325424 -0.15673 9.91944 -0.0111483 -0.0887282 0.0537561
1916.37 0.153219 -0.114914 -10.0358 0.366102 -0.214158 9.93499 -0.00549779 -0.095295 0.0536034
1916.39 0.268133 -0.191523 -9.88261 0.411565 -0.2333 9.94576 -0.00702495 -0.0896445 0.0534507
1916.4 0.0766094 -0.191523 -9.38465 0.418744 -0.241675 9.9326 -0.00366519 -0.0989602 0.0476475
1916.42 0.153219 -0.114914 -9.806 0.457029 -0.25005 9.92184 -0.00427606 -0.0917825 0.0481056
1916.44 0.0383047 -0.191523 -9.57617 0.479761 -0.232104 9.91346 -0.00503964 -0.0916298 0.0448986
1916.45 0.114914 -0.153219 -9.806 0.485743 -0.21655 9.92303 -0.00366519 -0.0879646 0.0432187
1916.47 0.153219 -0.229828 -9.65278 0.486939 -0.185444 9.92064 -0.00198531 -0.0925461 0.0406225
1916.49 -0.114914 -0.114914 -9.69109 0.474975 -0.149551 9.92423 -0.000763581 -0.090408 0.0375682
1916.5 0.191523 0.0 -9.72939 0.442672 -0.104088 9.9338 0.00137445 -0.0916298 0.03711
1916.52 0.0766094 0.0 -9.57617 0.404387 -0.0945165 9.93499 -0.00122173 -0.0885754 0.0369573
1916.54 0.229828 -0.0766094 -9.72939 0.392423 -0.0705882 9.93619 -0.000458149 -0.0896445 0.0395535
1916.55 0.306437 -0.0766094 -9.69109 0.39003 -0.0538385 9.92782 0.00106901 -0.0928515 0.0390954
1916.57 0.0766094 -0.114914 -9.61448 0.396012 -0.0454636 9.92064 -0.000305433 -0.0901026 0.0403171
1916.59 0.114914 -0.0383047 -9.88261 0.400798 -0.0586241 9.92782 -0.00167988 -0.0881173 0.0412334
1916.6 0.114914 0.0 -9.69109 0.41994 -0.0586241 9.92543 0.00122173 -0.0942259 0.0380264
1916.62 0.191523 0.0 -9.76769 0.455832 -0.040678 9.9338 0.00152716 -0.0899499 0.0395535
1916.64 0.114914 0.0383047 -9.46126 0.4666 -0.0346959 9.93978 0.00137445 -0.0928515 0.0351248
1916.65 0.0766094 0.0766094 -9.69109 0.448654 -0.0251246 9.91705 -0.000152716 -0.0878119 0.0387899
1916.67 0.191523 -0.0383047 -9.53786 0.431904 -0.00717846 9.92423 -0.00106901 -0.0885754 0.0378736
1916.69 0.0766094 0.114914 -9.99752 0.388834 0.020339 9.93619 -0.00290161 -0.0853684 0.0392481
1916.7 0.153219 0.114914 -9.69109 0.338584 0.0514457 9.93859 -0.000152716 -0.0908662 0.0381791
1916.72 0.153219 0.114914 -9.76769 0.290728 0.0574277 9.94337 -0.00290161 -0.0890336 0.0398589
1916.74 0.344742 0.114914 -9.76769 0.275174 0.0622134 9.91824 -0.00763582 -0.0810924 0.0445931
1916.75 0.0 0.229828 -9.53786 0.39003 0.119641 10.0355 -0.0074831 -0.0833831 0.0439823
1916.77 0.421352 0.0383047 -10.1124 0.15673 -0.212961 9.89552 -0.00610865 -0.090408 0.0514654
1916.78 0.229828 0.114914 -9.76769 0.381655 -0.117248 10.3214 -0.00595593 -0.0934624 0.0491747
1916.8 -0.0383047 0.0766094 -9.69109 0.544367 -0.0334995 9.95174 -0.00671952 -0.0910189 0.0520762
1916.82 0.0766094 0.0766094 -9.65278 0.281157 -0.167498 9.86201 -0.00809396 -0.0913243 0.0510072
1916.83 0.114914 0.153219 -9.806 0.284746 0.0490528 10.0032 -0.00794125 -0.0951423 0.0525344
1916.85 0.268133 -0.114914 -9.69109 0.331406 -0.0179462 9.84526 -0.0105374 -0.0907135 0.0595593
1916.87 -0.0383047 -0.153219 -9.49956 0.388834 -0.0538385 9.84646 -0.00992656 -0.090408 0.0487165
1916.88 -0.153219 0.153219 -10.2273 0.257228 -0.040678 9.69212 -0.00763582 -0.0907135 0.0507018
1916.9 0.306437 0.0 -9.69109 0.124427 -0.206979 9.93619 -0.00702495 -0.0942259 0.0540616
1916.92 -0.0766094 0.114914 -9.69109 0.464207 -0.0394815 9.92543 -0.00733038 -0.0916298 0.0494801
1916.93 0.0 -0.114914 -9.65278 0.129212 -0.0418744 9.96849 -0.00488692 -0.0956004 0.0491747
1916.95 0.153219 -0.0766094 -9.69109 0.388834 -0.145962 10.0223 -0.00916297 -0.0907135 0.046273
1916.97 0.229828 -0.153219 -9.88261 0.362513 -0.183051 10.3956 -0.00855211 -0.0922406 0.0560469
1916.98 0.421352 -0.306437 -9.72939 0.510867 -0.122034 9.89193 -0.00626137 -0.0919352 0.057574
1917.0 0.344742 -0.153219 -9.38465 0.306281 -0.253639 9.85484 -0.00610865 -0.0949895 0.0467312
1917.02 0.0 -0.191523 -10.0358 0.394816 -0.0179462 9.93619 -0.00702495 -0.0942259 0.0491747
1917.03 0.0 -0.114914 -9.95922 0.461814 -0.172283 9.82732 -0.00702495 -0.0884227 0.0511599
1917.05 -0.0383047 -0.268133 -9.72939 0.650847 -0.246461 9.78185 -0.00671952 -0.0881173 0.0568105
1917.07 0.153219 -0.0766094 -9.65278 0.497707 -0.137587 9.92184 -0.00442877 -0.0907135 0.0398589
1917.08 -0.0383047 -0.153219 -9.76769 0.41994 -0.107677 9.95174 0.000458149 -0.0959058 0.0287107
1917.1 0.0 0.0383047 -9.72939 0.527617 -0.214158 10.0331 -0.00397062 -0.086132 0.0426078
1917.12 0.153219 -0.229828 -9.69109 0.51685 -0.287139 9.94218 -0.00366519 -0.0852157 0.0404698
1917.13 0.114914 0.0766094 -9.69109 0.480957 -0.190229 9.97807 -0.00198531 -0.0853684 0.036041
1917.15 0.306437 0.0 -9.99752 0.342173 -0.0514457 9.9314 0.00106901 -0.0870483 0.0282525
1917.17 0.153219 0.0 -9.65278 0.294317 -0.0526421 9.90509 0.000305433 -0.0878119 0.0390954
1917.18 0.153219 -0.114914 -9.69109 0.384048 -0.0897308 9.95773 0.00198531 -0.0897971 0.0426078
1917.2 0.114914 0.0 -9.61448 0.388834 -0.106481 9.88475 -0.00152716 -0.0855211 0.0375682
1917.22 0.153219 -0.114914 -9.46126 0.340977 -0.0215354 9.90389 -0.00167988 -0.0865901 0.0380264
1917.23 0.153219 0.0 -9.806 0.363709 -0.0251246 9.93499 -0.000610865 -0.0901026 0.03711
1917.25 0.114914 -0.114914 -9.69109 0.387637 -0.0693918 9.9338 -0.000763581 -0.0911716 0.0418443
1917.27 0.229828 -0.0766094 -9.69109 0.405583 -0.0729811 9.92662 -0.000763581 -0.0885754 0.0413861
1917.28 0.191523 0.0 -9.8443 0.333799 -0.0239282 9.93619 0.00259618 -0.0919352 0.0323759
1917.3 0.306437 0.114914 -9.69109 0.324227 -0.0215354 9.92901 0.00229074 -0.0931569 0.0407752
1917.32 0.191523 0.0383047 -9.72939 0.315852 0.00358923 9.93619 -0.00351247 -0.0891863 0.0421497
1917.33 0.153219 0.153219 -9.57617 0.290728 0.00478564 9.91107 0.000610865 -0.0925461 0.0404698
1917.35 0.268133 0.114914 -9.65278 0.25005 0.0717846 9.93978 -0.00259618 -0.0917825 0.0380264
1917.37 0.191523 0.191523 -9.72939 0.260818 0.0993021 9.94337 -0.00549779 -0.0868956 0.0406225
1917.38 0.344742 0.153219 -9.806 0.277567 0.0921237 9.93499 -0.00442877 -0.0913243 0.053298
1917.4 0.421352 0.191523 -9.69109 0.351745 0.0382852 9.94098 -0.00335976 -0.0965167 0.0456622
1917.41 0.268133 0.191523 -9.88261 0.350548 0.0646062 9.9338 -0.00488692 -0.0945314 0.0494801
1917.43 0.229828 0.114914 -9.61448 0.378066 0.061017 9.93739 -0.00442877 -0.100182 0.0516181
1917.45 0.153219 -0.0383047 -9.53786 0.445065 -0.0275174 9.92303 -0.00687223 -0.0981966 0.0555887
1917.46 0.114914 -0.0383047 -9.8443 0.454636 -0.0275174 9.89312 -0.00733038 -0.0981966 0.054367
1917.48 0.191523 -0.0766094 -9.65278 0.470189 -0.0574277 9.91107 -0.0103847 -0.0907135 0.0502437
1917.5 0.114914 0.0 -9.8443 0.431904 -0.0598205 9.92423 -0.00809396 -0.0925461 0.057574
1917.51 0.114914 -0.0383047 -9.65278 0.425922 -0.0801595 9.92543 -0.00992656 -0.0923933 0.0503964
1917.53 0.191523 -0.153219 -9.72939 0.424726 -0.141176 9.93021 -0.010232 -0.091477 0.0484111
1917.55 0.306437 -0.0766094 -9.42295 0.394816 -0.0885344 9.9326 -0.00763582 -0.0920879 0.0476475
1917.56 0.191523 0.0 -9.806 0.416351 -0.0861416 9.9326 -0.00702495 -0.0928515 0.0510072
1917.58 0.0766094 -0.0383047 -9.95922 0.416351 -0.0945165 9.92064 -0.011301 -0.087201 0.0578795
1917.59 0.0766094 0.0 -9.69109 0.445065 -0.124427 9.93978 -0.00733038 -0.0933096 0.0499382
1917.61 0.153219 -0.0766094 -9.57617 0.465404 -0.12323 9.94098 -0.00397062 -0.0975857 0.0493274
1917.63 0.0 0.0383047 -10.0358 0.451047 -0.131605 9.92064 -0.00503964 -0.0954477 0.0531453
1917.64 0.0766094 -0.191523 -9.806 0.507278 -0.197408 9.93619 -0.00412334 -0.0949895 0.0523817
1917.66 0.114914 -0.229828 -9.65278 0.509671 -0.230907 9.92423 -0.0056505 -0.0920879 0.0485638
1917.68 0.0766094 -0.344742 -9.76769 0.470189 -0.257228 9.92064 -0.00702495 -0.0833831 0.0445931
1917.69 0.0383047 -0.344742 -9.806 0.459422 -0.275174 9.94935 -0.00503964 -0.0891863 0.0448986
1917.71 0.0766094 -0.268133 -9.69109 0.429512 -0.265603 9.9338 -0.0018326 -0.0890336 0.0450513
1917.73 0.153219 -0.306437 -9.76769 0.429512 -0.275174 9.94576 -0.00274889 -0.0881173 0.0384845
1917.74 0.229828 -0.0766094 -9.8443 0.364905 -0.204586 9.92782 -0.00290161 -0.0826195 0.0372628
1917.76 0.268133 -0.0766094 -9.53786 0.367298 -0.147159 9.94218 -0.000610865 -0.0887282 0.0348193
1917.78 0.229828 -0.114914 -9.76769 0.352941 -0.136391 9.93859 0.00106901 -0.0891863 0.0395535
1917.79 0.191523 0.0 -9.69109 0.354138 -0.0634098 9.92782 -0.00213803 -0.0827722 0.0395535
1917.81 0.153219 0.114914 -9.88261 0.362513 -0.026321 9.91824 0.00137445 -0.0917825 0.0314596
1917.83 0.229828 0.114914 -9.8443 0.336191 -0.0107677 9.91585 -0.000610865 -0.0907135 0.0403171
1917.84 0.229828 0.0383047 -9.806 0.384048 -0.0251246 9.92064 -0.000916298 -0.0894917 0.0409279
