1158.52 3.86877 9.07821 -2.06845 -3.39661 9.42293 2.57468 -0.104153 -0.156381 0.291688
1158.54 3.56234 8.92499 -2.06845 -3.43131 9.38465 2.57946 -0.117439 -0.161574 0.16753
1158.56 3.17929 8.84838 -1.91523 -3.09751 9.18006 2.49212 -0.123853 -0.15913 0.115148
1158.57 3.2942 8.54194 -1.76202 -3.0652 8.98624 2.30429 -0.13271 -0.168751 0.0774271
1158.59 3.21759 8.65686 -1.45558 -2.97547 9.01974 2.12841 -0.14447 -0.172111 0.0552833
1158.6 3.10268 8.38873 -1.41727 -2.87976 8.90967 2.07817 -0.155923 -0.173944 0.0335976
1158.62 2.91116 8.27381 -1.68541 -2.73978 8.72423 2.00518 -0.170889 -0.180053 -0.0209221
1158.64 3.17929 8.23551 -1.37897 -2.74337 8.69193 1.98843 -0.192881 -0.17654 -0.0526871
1158.65 3.02607 8.35042 -1.30236 -2.77328 8.65723 1.96211 -0.198073 -0.182343 -0.0704022
1158.67 2.98777 8.38873 -1.49388 -2.61535 8.7015 1.91306 -0.215941 -0.181885 -0.145691
1158.69 2.91116 8.1972 -1.30236 -2.46102 8.50528 1.89392 -0.231212 -0.176387 -0.259312
1158.7 2.98777 8.08229 -1.34066 -2.55793 8.46461 1.92742 -0.239154 -0.175166 -0.327576
1158.72 2.94946 8.04398 -1.53219 -2.91924 8.40837 1.9992 -0.239154 -0.173486 -0.336129
1158.74 3.40912 8.04398 -1.6471 -3.24227 8.49213 2.15234 -0.235641 -0.172111 -0.32666
1158.75 3.79216 8.00568 -1.6088 -3.47198 8.34736 2.19541 -0.224798 -0.178983 -0.281303
1158.77 4.0986 8.12059 -1.80032 -3.83091 8.52443 2.25882 -0.216704 -0.180816 -0.242513
1158.79 4.17521 8.27381 -1.68541 -3.89073 8.60578 2.24686 -0.202502 -0.186772 -0.134543
1158.8 4.21351 8.46534 -1.91523 -4.07498 8.87138 2.17029 -0.194408 -0.185856 -0.000152716
1158.82 4.40504 8.65686 -1.76202 -4.18505 9.18006 2.14397 -0.189368 -0.188605 0.0626137
1158.84 4.32843 8.69516 -1.57049 -4.1013 9.11546 2.16909 -0.187383 -0.201891 0.162643
1158.85 4.13691 8.65686 -1.72371 -3.96132 9.09631 2.26241 -0.186925 -0.204945 0.239917
1158.87 3.79216 8.77177 -1.68541 -3.80937 9.08435 2.33539 -0.188299 -0.208916 0.292299
1158.88 3.86877 8.73347 -1.99184 -3.55932 9.10469 2.51964 -0.191048 -0.212123 0.299477
1158.9 3.71555 8.96329 -2.25998 -3.39541 9.27099 2.70269 -0.195324 -0.21365 0.285579
1158.92 3.67725 8.81008 -1.99184 -3.41097 9.25663 2.79123 -0.206167 -0.215941 0.239001
1158.93 3.63894 8.65686 -2.29828 -3.36072 9.15374 2.85942 -0.208916 -0.218842 0.217468
1158.95 3.63894 8.69516 -2.37489 -3.42173 9.08076 2.90847 -0.219453 -0.217926 0.195782
1158.97 3.79216 8.54194 -2.4898 -3.50429 8.99581 2.91206 -0.225104 -0.219453 0.19792
1158.98 3.79216 8.50364 -2.18337 -3.466 8.96949 2.88933 -0.229685 -0.215483 0.197004
1159.0 3.56234 8.42703 -2.37489 -3.30568 8.84028 2.82114 -0.231518 -0.221286 0.192117
1159.02 3.63894 8.50364 -2.37489 -3.21476 8.79721 2.8678 -0.22938 -0.220217 0.193797
1159.03 3.48573 8.31211 -2.22167 -3.20877 8.72303 2.86421 -0.228005 -0.221439 0.173638
1159.05 3.67725 8.35042 -2.25998 -3.2674 8.65842 2.92522 -0.228311 -0.223882 0.157145
1159.07 3.52403 8.35042 -2.71963 -3.20758 8.64168 3.04128 -0.224798 -0.230449 0.0959058
1159.09 3.21759 8.1972 -2.52811 -3.01256 8.46819 3.09751 -0.224798 -0.228005 0.074831
1159.11 3.17929 8.38873 -2.75794 -2.92044 8.79242 3.14297 -0.220064 -0.2277 0.0380264
1159.12 3.17929 8.04398 -2.71963 -2.92762 8.47418 3.1992 -0.217621 -0.222508 0.0267254
1159.14 3.17929 8.12059 -2.75794 -2.98863 8.57109 3.2327 -0.215635 -0.2277 0.0256563
1159.16 2.94946 8.08229 -2.75794 -2.6991 8.50768 3.18126 -0.215788 -0.223577 0.014508
1159.17 3.06437 8.1589 -2.75794 -2.5663 8.42393 3.18724 -0.219759 -0.220064 0.0158825
1159.19 3.10268 8.12059 -2.71963 -2.668 8.45025 3.21834 -0.215025 -0.217621 0.0175624
1159.21 3.21759 8.12059 -2.79624 -2.8331 8.47298 3.35115 -0.214719 -0.221439 0.00778853
1159.22 3.44742 7.96737 -2.94946 -3.02094 8.34975 3.39422 -0.215941 -0.216094 -0.00229074
1159.24 3.2942 7.85246 -2.71963 -3.05444 8.07458 3.49472 -0.215025 -0.217773 -0.00244346
1159.26 3.37081 7.73755 -3.10268 -3.04487 8.07338 3.54018 -0.21365 -0.218079 0.00442877
1159.27 3.33251 7.66094 -3.2559 -3.11067 8.08415 3.68973 -0.209069 -0.219759 0.0238237
1159.29 3.37081 7.89076 -3.33251 -3.04487 8.08175 3.7328 -0.208152 -0.217163 0.0807869
1159.31 3.2559 7.85246 -3.21759 -3.02094 8.21934 3.77109 -0.20464 -0.220828 0.126296
1159.32 3.33251 8.04398 -3.14098 -3.0676 8.37368 3.76152 -0.208 -0.213192 0.255952
1159.34 3.2559 8.38873 -3.21759 -2.9348 8.67637 3.73041 -0.214108 -0.216094 0.327882
1159.36 3.02607 8.50364 -3.2942 -2.78524 8.76849 3.72802 -0.221133 -0.215788 0.310625
1159.37 2.94946 8.65686 -3.40912 -2.73141 9.01376 3.84646 -0.225562 -0.216094 0.280998
1159.39 3.10268 8.65686 -3.44742 -2.83789 8.94437 3.94696 -0.24007 -0.21029 0.223118
1159.4 3.14098 8.54194 -3.60064 -2.83071 8.90967 3.99362 -0.249233 -0.210596 0.186772
1159.42 3.06437 8.27381 -3.75386 -2.69551 8.67039 4.09053 -0.255189 -0.208458 0.180358
1159.44 2.75794 8.38873 -3.56234 -2.56869 8.81157 4.27717 -0.256869 -0.20861 0.177456
1159.45 2.94946 8.27381 -3.90708 -2.58544 8.65842 4.27717 -0.262825 -0.200975 0.149662
1159.47 2.91116 8.27381 -3.90708 -2.48016 8.64168 4.34536 -0.262977 -0.200211 0.128893
1159.49 2.60472 8.38873 -3.79216 -2.19182 8.60818 4.30947 -0.260076 -0.196088 0.0664316
1159.5 2.4898 8.04398 -4.25182 -2.15234 8.48135 4.38126 -0.260534 -0.19059 0.01237
1159.52 2.60472 8.23551 -3.90708 -2.17747 8.51725 4.40877 -0.256869 -0.187688 -0.0122173
1159.54 2.71963 8.08229 -4.02199 -2.17508 8.42752 4.42313 -0.2558 -0.185398 -0.0594066
1159.55 2.52811 8.00568 -3.90708 -2.15115 8.35334 4.41835 -0.250607 -0.182496 -0.0928515
1159.57 2.75794 8.00568 -3.52403 -2.22772 8.28873 4.41595 -0.248775 -0.182038 -0.0835358
1159.58 2.71963 8.00568 -4.0986 -2.2672 8.20977 4.41595 -0.248011 -0.178983 -0.0671951
1159.6 2.71963 7.81416 -4.13691 -2.37248 8.15713 4.47338 -0.24572 -0.178831 -0.0213803
1159.62 2.71963 7.85246 -4.32843 -2.44187 8.15234 4.5009 -0.243277 -0.178525 0.00946841
1159.63 3.06437 8.04398 -4.13691 -2.58664 8.3318 4.55474 -0.241597 -0.175013 0.0510072
1159.65 3.02607 8.1589 -4.0603 -2.61894 8.38923 4.55593 -0.239154 -0.176998 0.054367
1159.67 2.94946 8.00568 -4.0986 -2.61655 8.38804 4.54995 -0.23839 -0.177151 0.0340557
1159.68 2.87285 7.89076 -4.0603 -2.57707 8.12961 4.53918 -0.241139 -0.175776 0.0273362
1159.7 2.79624 7.92907 -3.98369 -2.52323 8.09372 4.51884 -0.237474 -0.176387 0.0183259
1159.72 2.75794 8.08229 -4.17521 -2.55314 8.21934 4.55354 -0.231671 -0.174555 0.0280998
1159.73 3.02607 8.08229 -4.0986 -2.59262 8.40239 4.68036 -0.230602 -0.174402 0.0313068
1159.75 3.10268 7.92907 -4.40504 -2.61296 8.3019 4.77847 -0.225257 -0.17486 0.0497855
1159.76 2.94946 7.81416 -4.36673 -2.70867 8.15354 4.8335 -0.222202 -0.171653 0.0902553
1159.78 2.91116 7.81416 -4.40504 -2.71346 8.0985 4.867 -0.216552 -0.169515 0.103542
1159.8 3.06437 7.69924 -4.71148 -2.78046 8.01356 4.94357 -0.209527 -0.173944 0.121257
1159.81 2.91116 7.66094 -4.44334 -2.58664 7.9011 4.89212 -0.205251 -0.171806 0.100335
1159.83 2.91116 7.62263 -4.40504 -2.54955 7.87119 4.86819 -0.201127 -0.17318 0.0815505
1159.85 2.64302 7.23959 -4.36673 -2.36291 7.68814 4.85743 -0.197309 -0.172722 0.0546724
1159.86 2.71963 7.3545 -4.40504 -2.38684 7.62951 4.88614 -0.193644 -0.169057 0.033903
1159.88 2.83455 7.3545 -4.74978 -2.42991 7.67378 4.88973 -0.189826 -0.170431 0.0198531
1159.89 2.83455 7.3928 -4.40504 -2.36291 7.64507 4.93519 -0.187841 -0.165544 -0.00595593
1159.91 2.60472 7.3545 -4.48165 -2.25763 7.65942 4.92203 -0.185092 -0.162032 -0.0354302
1159.93 2.60472 7.43111 -4.36673 -2.25643 7.62592 4.8658 -0.182343 -0.161116 -0.0375682
1159.94 2.79624 7.43111 -4.44334 -2.31745 7.69891 4.92443 -0.17822 -0.158978 -0.0375682
1159.96 2.60472 7.3545 -4.51995 -2.29472 7.64148 4.92682 -0.175929 -0.160352 -0.0381791
1159.98 2.68133 7.20128 -4.55826 -2.37727 7.56491 4.92921 -0.173333 -0.162337 -0.0366519
1159.99 2.64302 7.43111 -4.40504 -2.39043 7.60798 4.92084 -0.166461 -0.15684 -0.00213803
1160.01 2.68133 7.3545 -4.48165 -2.35813 7.64985 4.84068 -0.15913 -0.158978 0.0334449
1160.02 2.68133 7.43111 -4.32843 -2.33061 7.63908 4.80718 -0.160505 -0.158214 0.0374155
1160.04 2.68133 7.3928 -4.17521 -2.16191 7.74197 4.77368 -0.153938 -0.157145 0.0224493
1160.06 2.52811 7.58433 -4.48165 -2.25523 7.93101 4.85863 -0.155312 -0.153327 -0.00549779
1160.07 2.56641 7.69924 -4.48165 -2.19063 7.88196 4.92084 -0.152869 -0.152105 -0.0183259
1160.09 2.68133 7.50772 -4.67317 -2.20259 7.82213 4.94118 -0.156381 -0.149662 -0.0197004
1160.11 2.60472 7.23959 -4.63487 -2.14516 7.64985 4.97827 -0.153938 -0.154396 -0.0198531
1160.12 2.56641 7.50772 -4.59656 -2.08295 7.68814 5.03091 -0.155771 -0.148135 -0.0233656
1160.14 2.60472 7.43111 -4.74978 -2.2002 7.73121 5.2319 -0.159894 -0.144775 -0.0210748
1160.16 2.41319 7.3545 -4.82639 -2.29591 7.71805 5.31446 -0.15852 -0.147371 -0.0261145
1160.17 2.71963 7.46941 -4.903 -2.33659 7.67856 5.37547 -0.158825 -0.150578 -0.0394008
1160.19 2.83455 7.58433 -4.97961 -2.42632 7.78385 5.44845 -0.157909 -0.151342 -0.0513127
1160.21 2.79624 7.73755 -5.32435 -2.51964 7.98963 5.51545 -0.16081 -0.150425 -0.0864374
1160.22 2.98777 7.66094 -4.903 -2.67876 8.02193 5.62193 -0.160199 -0.153633 -0.0981966
1160.24 2.94946 7.58433 -5.36266 -2.72662 8.01356 5.67817 -0.164781 -0.146149 -0.0797179
1160.26 3.06437 7.66094 -5.43926 -2.72542 7.94776 5.78943 -0.163406 -0.148135 0.000763581
1160.27 2.91116 7.50772 -5.28605 -2.68594 7.89033 5.77867 -0.159894 -0.150425 0.0852157
1160.29 2.98777 7.62263 -5.17113 -2.67876 7.8676 5.76192 -0.158825 -0.149967 0.125075
1160.31 2.83455 7.46941 -5.40096 -2.73978 7.77667 5.75115 -0.156687 -0.1518 0.134696
1160.32 2.91116 7.46941 -5.36266 -2.56152 7.66301 5.73081 -0.153022 -0.152869 0.149204
1160.34 2.87285 7.43111 -5.24774 -2.56869 7.63191 5.72004 -0.14844 -0.154702 0.162643
1160.35 2.83455 7.62263 -5.32435 -2.5328 7.8676 5.68893 -0.150425 -0.149051 0.158825
1160.37 2.71963 7.62263 -5.32435 -2.534 7.82692 5.68176 -0.147982 -0.147218 0.128587
1160.39 2.68133 7.3928 -5.05622 -2.41196 7.67737 5.59561 -0.146913 -0.148898 0.0788016
1160.4 2.79624 7.31619 -5.17113 -2.36052 7.61516 5.51904 -0.145386 -0.149662 0.0653626
1160.42 2.87285 7.20128 -5.05622 -2.38325 7.47278 5.41854 -0.149356 -0.145844 0.0717766
1160.44 2.79624 7.08637 -4.97961 -2.35573 7.34596 5.42692 -0.145844 -0.148288 0.0948368
1160.45 2.33659 7.12467 -4.86469 -2.26002 7.34118 5.4317 -0.144164 -0.14508 0.0940732
1160.47 2.60472 7.08637 -4.903 -2.17508 7.30409 5.38744 -0.143706 -0.145233 0.0835358
1160.49 2.56641 7.00976 -4.86469 -2.16191 7.25982 5.39581 -0.144775 -0.140499 0.067806
1160.5 2.52811 7.04806 -5.09452 -2.17508 7.23829 5.44486 -0.142942 -0.139125 0.0632245
1160.52 2.52811 6.85654 -5.09452 -2.09611 7.12104 5.49153 -0.142332 -0.138056 0.0604756
1160.53 2.52811 7.00976 -5.05622 -2.15952 7.30169 5.62552 -0.139277 -0.141568 0.0222966
1160.55 2.37489 6.89484 -5.66909 -2.21456 7.2335 5.69611 -0.146149 -0.137597 -0.0348193
1160.57 2.52811 6.93315 -5.32435 -2.14516 7.12822 5.76072 -0.145233 -0.142637 -0.0621555
1160.58 2.41319 6.77993 -5.51587 -2.21934 7.04566 5.85045 -0.146913 -0.138972 -0.089339
1160.6 2.79624 6.81823 -5.63079 -2.20977 7.04806 5.96411 -0.143859 -0.13607 -0.110414
1160.62 2.79624 6.77993 -5.55418 -2.30788 7.03609 5.99522 -0.141721 -0.137445 -0.111788
1160.63 2.83455 6.81823 -5.63079 -2.50169 7.05284 6.02273 -0.140804 -0.133321 -0.0905607
1160.65 2.75794 6.58841 -5.55418 -2.54118 6.87577 6.07059 -0.133321 -0.139277 -0.0464257
1160.67 2.87285 6.66501 -5.24774 -2.55673 6.79322 6.09811 -0.128587 -0.14111 0.0125227
1160.68 2.91116 6.58841 -5.89892 -2.56152 6.81595 6.21296 -0.119882 -0.141415 0.0313068
1160.7 2.75794 6.62671 -6.01384 -2.49452 6.92961 6.3326 -0.111483 -0.139125 0.0516181
1160.72 2.71963 6.74162 -5.7457 -2.50289 6.96431 6.34576 -0.104153 -0.138361 0.0759
1160.73 2.83455 6.62671 -6.16705 -2.4993 6.91645 6.31705 -0.0978911 -0.138819 0.0852157
1160.75 2.79624 6.66501 -5.97553 -2.42393 6.84227 6.26919 -0.0887282 -0.138361 0.0943787
1160.77 2.68133 6.70332 -5.97553 -2.36889 6.91047 6.335 -0.0797179 -0.136986 0.119424
1160.78 2.52811 6.58841 -5.89892 -2.41675 6.95952 6.34935 -0.0763581 -0.133321 0.14279
1160.8 2.60472 6.66501 -5.93723 -2.23729 6.95713 6.31824 -0.0623082 -0.137597 0.19059
1160.82 2.52811 6.74162 -5.89892 -2.11167 7.04925 6.27757 -0.056505 -0.133169 0.211818
1160.83 2.37489 6.81823 -5.93723 -2.10449 7.07198 6.25842 -0.0523817 -0.132405 0.184481
1160.85 2.41319 6.81823 -5.43926 -2.02074 7.05524 6.24287 -0.0513127 -0.12706 0.169515
1160.87 2.22167 6.85654 -5.66909 -1.86879 7.16052 6.20459 -0.0482583 -0.130878 0.129045
1160.88 2.25998 6.97145 -5.86062 -1.84606 7.17368 6.17228 -0.0467312 -0.129503 0.10232
1160.9 2.06845 7.00976 -5.82231 -1.79701 7.2658 6.1663 -0.0482583 -0.123089 0.0803288
1160.92 2.41319 7.12467 -5.66909 -1.97767 7.16291 6.14596 -0.0488692 -0.127976 0.0400117
1160.93 2.52811 6.93315 -5.66909 -2.03509 7.2012 6.15195 -0.0459676 -0.125533 0.0409279
1160.95 2.4515 6.85654 -5.51587 -2.07817 7.13659 6.05743 -0.0447459 -0.125686 0.0539089
1160.96 2.60472 6.81823 -5.7074 -2.18943 7.12582 6.06461 -0.0450513 -0.129962 0.0838412
1160.98 2.56641 6.77993 -5.55418 -2.16311 7.15334 6.0658 -0.0455095 -0.126449 0.0930042
1160.99 2.4898 7.00976 -5.7074 -2.1332 7.21675 6.07178 -0.0484111 -0.13042 0.0788016
1161.01 2.41319 6.97145 -5.59248 -2.15593 7.21316 6.02991 -0.0528398 -0.133779 0.0471893
1161.02 2.29828 7.04806 -5.43926 -2.07577 7.27538 6.03111 -0.0566577 -0.129962 0.0308487
1161.04 2.4898 6.97145 -5.59248 -2.12961 7.19522 5.98445 -0.0684169 -0.130725 -0.00290161
1161.05 2.33659 6.93315 -5.63079 -2.05783 7.12582 5.97488 -0.0729984 -0.129351 -0.0152716
1161.07 2.25998 6.93315 -5.59248 -2.07936 7.20957 6.01914 -0.0792598 -0.128129 -0.0355829
1161.09 2.52811 7.04806 -5.82231 -2.18465 7.25623 6.05264 -0.0820086 -0.127976 -0.0348193
1161.69 2.87285 7.89076 -6.5118 -2.48853 7.98006 6.6652 -0.0652099 -0.125533 0.0775799
1161.71 2.60472 7.73755 -6.09044 -2.35214 8.12243 6.58624 -0.0711658 -0.129045 0.0734565
1161.72 2.60472 7.54602 -6.09044 -2.29711 7.90588 6.49412 -0.083994 -0.128434 0.11133
1161.74 2.68133 7.54602 -6.09044 -2.37009 7.74317 6.45583 -0.0873537 -0.13271 0.200364
1161.76 2.71963 7.50772 -5.7457 -2.4335 7.74556 6.46421 -0.0911716 -0.131641 0.249538
1161.77 2.60472 7.43111 -6.12875 -2.30668 7.69891 6.52403 -0.0954477 -0.132863 0.340252
1161.79 2.56641 7.54602 -6.24366 -2.24925 7.77308 6.57906 -0.0997237 -0.133779 0.402102
1161.81 2.64302 7.46941 -6.62671 -2.24327 7.82453 6.6317 -0.106291 -0.137597 0.43463
1161.82 2.64302 7.58433 -6.47349 -2.28395 7.89392 6.67717 -0.113621 -0.131489 0.447764
1161.84 2.71963 7.62263 -6.39688 -2.4 7.94177 6.66879 -0.120188 -0.136376 0.444404
1161.86 2.83455 7.50772 -6.39688 -2.47896 7.91785 6.68076 -0.129656 -0.142942 0.453567
1161.87 2.79624 7.20128 -6.20536 -2.37846 7.59362 6.60419 -0.133016 -0.146302 0.459981
1161.89 2.33659 7.08637 -6.05214 -1.98963 7.28016 6.55753 -0.131794 -0.15745 0.495411
1161.91 2.06845 6.89484 -6.16705 -1.64148 7.25384 6.58863 -0.125991 -0.156076 0.567952
1161.92 1.91523 7.08637 -6.24366 -1.57687 7.33161 6.6317 -0.123242 -0.154702 0.596357
1161.94 1.99184 7.27789 -6.43519 -1.48594 7.41416 6.69511 -0.127824 -0.149662 0.620181
1161.95 1.80032 7.43111 -6.20536 -1.41655 7.57926 6.85902 -0.131947 -0.152258 0.585361
1161.97 1.76202 7.3928 -6.47349 -1.36989 7.68096 6.89491 -0.142332 -0.156534 0.506407
1161.99 1.6088 7.66094 -6.70332 -1.25025 7.81256 6.8662 -0.148288 -0.152716 0.453567
1162.0 1.68541 7.54602 -6.5501 -1.35553 7.93819 6.80877 -0.158367 -0.158978 0.308792
1162.02 1.6471 7.50772 -6.39688 -1.31486 7.84965 6.69751 -0.173486 -0.164934 0.197615
1162.04 1.34066 7.31619 -6.39688 -1.05165 7.57089 6.66999 -0.182343 -0.163712 0.184481
1162.05 1.11084 7.20128 -6.05214 -0.738185 7.49791 6.74297 -0.181427 -0.16921 0.190284
1162.07 1.07253 7.3545 -6.43519 -0.750149 7.57089 6.82792 -0.185703 -0.158978 0.213345
1162.09 1.07253 7.00976 -6.58841 -0.869791 7.30289 6.86859 -0.18555 -0.164628 0.220522
1162.1 1.49388 7.31619 -6.74162 -1.02772 7.6343 7.06241 -0.191506 -0.161726 0.195019
1162.12 1.30236 7.46941 -6.35858 -0.99661 7.69053 7.066 -0.202044 -0.161726 0.172264
1162.14 1.14914 7.16298 -6.62671 -0.932004 7.60319 7.02293 -0.210443 -0.161574 0.205098
1162.15 0.957617 7.12467 -6.39688 -0.577866 7.33878 6.88654 -0.215635 -0.160352 0.245415
1162.17 0.689484 6.89484 -6.39688 -0.303888 7.22393 6.85424 -0.213039 -0.158978 0.346819
1162.19 0.881008 6.62671 -6.85654 -0.482154 6.71186 6.85543 -0.214566 -0.148593 0.408211
1162.2 0.689484 6.89484 -6.93315 -0.37328 7.09113 7.03849 -0.215635 -0.143095 0.40592
1162.22 0.536266 6.93315 -6.81823 -0.497707 7.10907 7.12343 -0.220522 -0.142637 0.381791
1162.24 0.995922 6.97145 -6.62671 -0.55992 7.3005 7.15214 -0.233809 -0.144011 0.254883
1162.25 1.30236 6.66501 -7.04806 -0.794417 7.12104 7.03849 -0.237627 -0.143553 0.0988074
1162.27 1.37897 6.47349 -6.77993 -1.08275 6.6018 7.12702 -0.246026 -0.149662 0.0197004
1162.29 1.57049 6.58841 -6.93315 -0.832702 6.78006 7.22513 -0.24572 -0.164323 -0.0899499
1162.3 0.689484 6.35858 -6.85654 -0.433101 6.86381 7.24427 -0.250149 -0.163254 -0.12034
1162.32 0.842703 6.28197 -6.74162 -0.492921 6.47498 7.1653 -0.251524 -0.165392 -0.129962
1162.33 1.11084 6.24366 -6.74162 -0.738185 6.48694 7.17966 -0.253814 -0.15913 -0.147066
1162.35 1.11084 6.24366 -7.08637 -0.813559 6.55753 7.21795 -0.254425 -0.160047 -0.16249
1162.36 1.34066 6.24366 -6.97145 -0.935593 6.43908 7.31605 -0.255189 -0.166766 -0.173333
1162.38 1.26405 6.32027 -7.00976 -0.914058 6.50967 7.41894 -0.255189 -0.167377 -0.150578
1162.4 1.34066 5.97553 -7.04806 -0.898505 6.35534 7.2993 -0.259007 -0.165239 -0.121562
1162.41 1.07253 5.7457 -6.74162 -0.807577 5.96889 7.24307 -0.252135 -0.173638 -0.0277944
1162.43 0.804398 5.78401 -7.12467 -0.624527 6.02034 7.40818 -0.243277 -0.171348 0.124464
1162.45 0.957617 5.86062 -7.12467 -0.660419 6.05025 7.43569 -0.237321 -0.161879 0.302378
1162.46 1.07253 6.05214 -7.20128 -0.850648 6.19382 7.52662 -0.233656 -0.159894 0.373239
1162.48 1.07253 6.01384 -7.12467 -0.912862 6.37807 7.35793 -0.230907 -0.16417 0.451582
1162.5 1.30236 6.01384 -6.97145 -0.863809 6.27398 7.41057 -0.236099 -0.165239 0.43402
1162.51 1.14914 5.89892 -7.20128 -0.867398 6.19382 7.48714 -0.238543 -0.167224 0.39187
1162.53 0.995922 5.47757 -7.12467 -0.649651 5.83609 7.52064 -0.243277 -0.168293 0.307112
1162.55 0.536266 5.40096 -7.20128 -0.253639 5.50588 7.61037 -0.240681 -0.172111 0.283136
1162.56 0.536266 5.51587 -7.46941 -0.0765703 5.57767 7.69531 -0.239306 -0.170431 0.256258
1162.58 0.497961 5.36266 -7.46941 -0.281157 5.47478 7.65224 -0.236099 -0.167224 0.225257
1162.6 0.842703 5.32435 -7.58433 -0.361316 5.43051 7.66062 -0.237779 -0.168599 0.139277
1162.61 0.804398 5.05622 -7.31619 -0.202193 5.27976 7.64387 -0.232434 -0.174097 0.100945
1162.63 0.459656 5.24774 -7.20128 0.0861416 5.31685 7.72044 -0.228769 -0.174707 0.0765108
1162.65 0.383047 5.01791 -7.43111 0.105284 5.28694 7.68455 -0.225715 -0.172111 0.0671951
1162.66 0.306437 4.903 -7.50772 0.181854 5.12064 7.73121 -0.220064 -0.167682 0.120646
1162.68 0.268133 5.05622 -7.69924 0.305085 5.14816 7.8664 -0.216704 -0.161879 0.157756
1162.69 0.268133 5.32435 -7.3928 0.100499 5.4329 7.86281 -0.207694 -0.154854 0.207847
1162.71 0.421352 5.32435 -7.50772 -0.0239282 5.56331 7.78505 -0.206014 -0.15348 0.182038
1162.73 0.536266 5.24774 -7.46941 -0.0502493 5.43649 7.77906 -0.209069 -0.152564 0.156381
1162.74 0.421352 5.13283 -7.73755 0.145962 5.2654 7.85683 -0.20632 -0.159283 0.0978911
1162.76 0.497961 5.32435 -7.62263 0.0945165 5.27139 8.0004 -0.202807 -0.155312 0.0511599
1162.78 0.344742 5.20944 -7.92907 0.0981057 5.50588 7.91067 -0.202044 -0.158978 0.0387899
1162.79 0.421352 5.09452 -7.69924 0.0969093 5.32642 7.90349 -0.202502 -0.154396 0.0314596
1162.81 0.306437 5.20944 -7.66094 0.189033 5.49033 8.00758 -0.196699 -0.153174 0.046273
1162.83 0.459656 5.43926 -7.69924 0.0693918 5.67099 7.98724 -0.19563 -0.152258 0.0572686
1162.84 0.229828 5.24774 -7.50772 0.122034 5.48913 7.93819 -0.203265 -0.142332 0.0888809
1162.86 0.0766094 5.20944 -7.73755 0.372084 5.45204 8.00518 -0.194713 -0.147829 0.140499
1162.87 0.153219 5.20944 -7.73755 0.393619 5.45683 8.03629 -0.191048 -0.151953 0.177151
1162.89 0.459656 5.17113 -7.77585 0.240479 5.39581 8.08056 -0.193339 -0.137903 0.187841
1162.91 0.459656 5.09452 -7.77585 0.0693918 5.24985 8.04586 -0.191812 -0.140194 0.180511
1162.92 0.497961 5.13283 -7.73755 0.0490528 5.23789 8.03031 -0.191659 -0.136376 0.145997
1162.94 0.383047 5.28605 -7.73755 0.151944 5.38744 8.14157 -0.190743 -0.141873 0.124922
1162.96 0.306437 5.32435 -7.77585 0.138784 5.49392 8.18584 -0.195324 -0.134696 0.0705549
1162.97 0.497961 5.09452 -7.73755 -0.0753739 5.52503 8.07099 -0.19624 -0.13943 0.00931569
1162.99 0.421352 4.97961 -7.81416 -0.190229 5.19242 8.0997 -0.1996 -0.139277 -0.00839939
1163.01 0.306437 5.01791 -7.92907 0.108873 5.25942 8.22891 -0.194102 -0.149051 -0.0056505
1163.02 0.268133 5.05622 -7.85246 0.137587 5.3013 8.27557 -0.193186 -0.140804 0.0198531
1163.04 0.689484 4.97961 -7.89076 -0.150748 5.38265 8.18704 -0.192575 -0.142026 0.0251982
1163.05 0.727789 4.78809 -7.92907 -0.246461 5.10509 8.18106 -0.194408 -0.146913 0.0175624
1163.07 0.459656 4.78809 -7.96737 0.04666 5.01535 8.2648 -0.192728 -0.148898 0.045204
1163.09 0.383047 5.05622 -7.66094 0.128016 5.14217 8.30788 -0.19059 -0.147677 0.0717766
1163.1 0.459656 5.01791 -8.00568 -0.00957129 5.28574 8.27677 -0.189215 -0.142179 0.119882
1163.12 0.459656 4.86469 -7.92907 0.0382852 5.14217 8.25284 -0.190132 -0.146149 0.133779
1163.14 0.383047 4.74978 -8.04398 0.0993021 5.07158 8.28514 -0.187077 -0.150273 0.132405
1163.15 0.344742 4.59656 -8.04398 0.166301 4.86819 8.38804 -0.182954 -0.152258 0.157603
1163.17 0.383047 4.55826 -8.12059 0.00239282 4.76052 8.33061 -0.184634 -0.143095 0.186772
1163.19 0.497961 4.40504 -7.96737 -0.0741775 4.68634 8.31864 -0.182496 -0.144317 0.188299
1163.2 0.612875 4.40504 -8.1972 -0.020339 4.5679 8.37607 -0.181121 -0.146302 0.174402
1163.22 0.268133 4.55826 -8.1972 0.214158 4.68993 8.49093 -0.176082 -0.152869 0.166613
1163.24 0.114914 4.59656 -8.08229 0.319442 4.72822 8.47657 -0.174402 -0.149051 0.1518
1163.25 0.153219 4.48165 -8.00568 0.256032 4.78086 8.42632 -0.171653 -0.15348 0.144164
1163.27 0.268133 4.48165 -8.12059 0.260818 4.62173 8.43948 -0.173333 -0.146608 0.124616
1163.28 0.344742 4.29012 -8.00568 0.191426 4.55354 8.54118 -0.1715 -0.150578 0.0957531
1163.3 0.612875 4.17521 -8.1972 0.00358923 4.48774 8.49452 -0.172264 -0.14676 0.0742201
1163.32 0.421352 4.13691 -8.23551 -0.026321 4.30469 8.44547 -0.1715 -0.151495 0.0310014
1163.33 0.153219 4.0603 -8.1972 0.337388 4.28674 8.51007 -0.164475 -0.157145 0.0184787
1163.35 0.0766094 4.17521 -8.23551 0.429512 4.36929 8.55194 -0.157298 -0.163406 0.0361938
1163.37 0.0766094 4.44334 -8.42703 0.467797 4.68634 8.58305 -0.149204 -0.161879 0.0383318
1163.38 0.0383047 4.32843 -8.27381 0.412762 4.6325 8.57348 -0.15516 -0.156229 0.0395535
1163.4 0.0383047 4.48165 -8.27381 0.51326 4.51406 8.58425 -0.155465 -0.154396 0.0383318
1163.42 -0.153219 4.71148 -8.23551 0.664008 4.67438 8.58784 -0.154702 -0.150273 0.0343612
1163.43 -0.0383047 4.63487 -8.35042 0.646062 4.89452 8.55912 -0.156534 -0.149204 -0.00412334
1163.45 0.0 4.51995 -8.46534 0.824327 4.81196 8.60339 -0.157298 -0.150731 -0.0271835
1163.47 -0.268133 4.63487 -8.04398 0.930808 4.85264 8.60818 -0.160963 -0.146913 -0.0213803
1163.48 -0.191523 4.74978 -8.35042 0.796809 4.92802 8.56989 -0.155771 -0.146302 -0.0273362
1163.5 -0.153219 4.74978 -8.31211 0.600598 4.82991 8.61535 -0.16249 -0.139888 -0.0291688
1163.52 -0.153219 4.59656 -8.54194 0.619741 4.7677 8.63449 -0.164475 -0.135917 -0.0264199
1163.53 -0.268133 4.51995 -8.77177 0.707079 4.82393 8.66201 -0.159436 -0.143095 -0.0268781
1163.55 -0.114914 4.78809 -8.38873 0.717846 4.90528 8.64407 -0.164781 -0.136528 -0.0229074
1163.57 -0.153219 4.55826 -8.50364 0.721436 4.87178 8.61416 -0.167224 -0.134238 -0.0166461
1163.58 -0.268133 4.51995 -8.54194 0.859023 4.79282 8.67278 -0.166461 -0.136681 -0.0166461
1163.6 -0.229828 4.51995 -8.69516 0.900898 4.76171 8.75773 -0.168446 -0.128282 -0.00641408
1163.62 -0.191523 4.71148 -8.42703 0.884148 4.85025 8.66321 -0.170126 -0.1237 0.00626137
1163.63 -0.229828 4.78809 -8.50364 0.862612 4.88016 8.63689 -0.168904 -0.126755 0.00962113
1163.65 -0.153219 4.71148 -8.61855 0.878166 4.89212 8.73499 -0.174555 -0.125838 0.00885754
1163.66 -0.306437 4.63487 -8.42703 0.857827 4.89571 8.77806 -0.179289 -0.117592 -0.0018326
1163.68 -0.306437 4.78809 -8.61855 0.847059 4.92921 8.77208 -0.179747 -0.121715 -0.0128282
1163.7 -0.0383047 4.67317 -8.31211 0.707079 4.92921 8.71466 -0.188757 -0.113163 -0.0490219
1163.71 0.0 4.59656 -8.65686 0.561117 4.85264 8.76251 -0.195019 -0.109039 -0.108123
1163.73 0.229828 4.63487 -8.42703 0.509671 4.8335 8.7996 -0.198837 -0.110719 -0.133016
1163.75 0.383047 4.63487 -8.65686 0.42353 4.80239 8.80917 -0.203113 -0.113926 -0.154854
1163.76 0.383047 4.55826 -8.61855 0.218943 4.75214 8.80439 -0.203265 -0.112857 -0.130114
1163.78 0.344742 4.48165 -8.54194 0.161515 4.74736 8.77687 -0.208152 -0.115606 -0.0875064
1163.8 0.344742 4.51995 -8.38873 0.144766 4.66481 8.83549 -0.209527 -0.114385 -0.056505
1163.81 0.344742 4.48165 -8.58025 0.101695 4.70309 8.88335 -0.209832 -0.115148 0.00290161
1163.83 0.344742 4.36673 -8.61855 0.0191426 4.66122 8.86182 -0.212886 -0.118813 0.0439823
1163.85 0.421352 4.21351 -8.77177 -0.0825523 4.4997 8.80558 -0.214414 -0.119424 0.0511599
1163.86 0.536266 4.44334 -8.54194 -0.0239282 4.5667 8.9324 -0.216857 -0.126449 0.0655153
1163.88 0.497961 4.48165 -8.73347 0.0526421 4.70309 8.90488 -0.217621 -0.128129 0.0771217
1163.89 0.421352 4.63487 -8.84838 -0.0287139 4.8323 8.85583 -0.220522 -0.129962 0.0726929
1163.91 0.536266 4.67317 -8.73347 -0.190229 4.83829 8.88335 -0.230754 -0.128129 0.0558941
1163.93 0.383047 4.51995 -8.58025 0.0562313 4.78445 8.93001 -0.236252 -0.138666 0.0268781
1163.94 0.268133 4.48165 -8.54194 0.247657 4.79282 8.93839 -0.239306 -0.140957 0.0230602
1163.96 0.306437 4.32843 -8.69516 0.149551 4.65404 8.95035 -0.25076 -0.13439 0.0383318
1163.98 0.383047 3.63894 -8.77177 -0.0251246 3.97807 8.95992 -0.252593 -0.140957 0.0262672
1163.99 0.459656 3.48573 -8.61855 -0.0323031 3.76989 8.92881 -0.253509 -0.148593 -0.00916297
1164.01 0.153219 3.60064 -8.77177 0.273978 3.75075 8.90608 -0.248011 -0.155771 -0.0230602
1164.03 0.114914 3.71555 -9.03991 0.550349 3.81057 9.07597 -0.252898 -0.151495 -0.0161879
1164.04 0.0 3.67725 -9.0016 0.54317 3.82493 9.12383 -0.256563 -0.143401 -0.010232
1164.06 0.191523 3.56234 -8.81008 0.388834 3.7986 8.97667 -0.256869 -0.146149 -0.0122173
1164.08 -0.0766094 3.60064 -8.69516 0.522831 3.71246 9.01256 -0.253967 -0.153174 -0.00839939
1164.09 -0.229828 3.60064 -8.96329 0.745364 3.90269 9.11186 -0.252287 -0.149815 0.0500909
1164.11 -0.0766094 3.98369 -8.88668 0.715454 4.08215 9.09512 -0.255647 -0.138514 0.0801761
1164.13 0.114914 4.0603 -8.84838 0.495314 4.25803 9.03769 -0.260839 -0.137597 0.0919352
1164.14 -0.0383047 3.52403 -8.77177 0.532403 3.78903 9.00299 -0.268017 -0.144775 0.0629191
1164.16 -0.114914 3.52403 -9.0016 0.690329 3.59641 9.0664 -0.270766 -0.143553 0.0311541
1164.17 -0.191523 3.86877 -9.07821 0.819541 3.89432 9.18604 -0.266948 -0.143706 0.036041
1164.19 0.0 3.94538 -9.03991 0.614955 4.10369 9.15852 -0.271835 -0.141415 0.0494801
1164.21 0.0766094 3.48573 -9.15482 0.477368 3.89432 9.05204 -0.283441 -0.142942 0.00229074
1164.22 -0.0766094 3.14098 -8.92499 0.533599 3.44327 9.05085 -0.288176 -0.140499 -0.029627
1164.24 -0.153219 3.37081 -9.0016 0.910469 3.47557 9.16331 -0.285579 -0.14508 -0.055436
1164.26 -0.153219 3.2942 -9.26973 1.0349 3.51147 9.25544 -0.285274 -0.139888 -0.0106901
1164.27 -0.306437 3.14098 -9.11651 0.971486 3.46361 9.23031 -0.285732 -0.135765 0.0152716
1164.29 -0.153219 3.02607 -8.88668 0.693918 3.18365 9.12742 -0.290008 -0.131947 0.0232129
1164.31 -0.229828 2.87285 -8.84838 0.783649 2.97667 9.11665 -0.290924 -0.132405 0.00198531
1164.32 -0.306437 2.98777 -9.19312 0.978664 3.00538 9.19083 -0.285732 -0.133474 0.0485638
1164.34 -0.421352 2.79624 -9.07821 1.05763 3.00299 9.31406 -0.284816 -0.127824 0.0945314
1164.36 -0.268133 2.68133 -9.03991 0.941576 2.87258 9.28056 -0.285579 -0.11805 0.144317
1164.37 -0.268133 2.4515 -8.92499 0.899701 2.73739 9.20758 -0.285885 -0.114843 0.119882
1164.39 -0.421352 2.4515 -9.03991 0.964307 2.48973 9.23629 -0.284969 -0.116981 0.103083
1164.41 -0.459656 2.41319 -9.11651 1.18086 2.5663 9.35713 -0.280387 -0.117286 0.0994183
1164.42 -0.344742 2.4515 -9.26973 1.1677 2.5663 9.37508 -0.280082 -0.108887 0.102014
1164.44 -0.344742 2.14506 -9.03991 1.05284 2.48375 9.3344 -0.282067 -0.103236 0.095295
1164.45 -0.306437 1.91523 -9.07821 0.943968 2.18106 9.30568 -0.278707 -0.104611 0.0729984
1164.47 -0.344742 1.76202 -9.23143 1.01097 1.98843 9.38704 -0.2755 -0.0992656 0.0670424
1164.49 -0.306437 1.83862 -9.61448 1.01336 1.95852 9.43848 -0.270919 -0.0997237 0.0675006
1164.5 -0.114914 1.80032 -9.23143 0.721436 1.94895 9.47079 -0.268475 -0.0937678 0.0488692
1164.52 0.0 1.83862 -9.15482 0.622134 1.93579 9.38585 -0.263436 -0.0977384 0.0239765
1164.54 -0.459656 1.72371 -8.96329 0.732203 1.94656 9.38585 -0.259312 -0.0968221 0.0302378
1164.55 -0.459656 1.76202 -9.26973 0.993021 1.95254 9.45164 -0.257022 -0.0969748 0.0448986
1164.57 -0.612875 1.57049 -9.23143 1.05045 1.79103 9.52343 -0.25412 -0.0901026 0.0842994
1164.59 -0.191523 1.34066 -9.15482 0.941576 1.64387 9.53061 -0.249233 -0.0832304 0.0933096
1164.6 0.153219 1.30236 -8.84838 0.632901 1.41655 9.5019 -0.243582 -0.0853684 0.0665843
1164.62 0.153219 1.26405 -9.26973 0.440279 1.37228 9.52702 -0.239154 -0.0870483 -0.013439
1164.64 0.0766094 1.26405 -9.34634 0.53001 1.41057 9.55573 -0.236099 -0.0887282 -0.0536034
1164.65 -0.114914 1.34066 -9.46126 0.618545 1.45005 9.5318 -0.230296 -0.0934624 -0.0488692
1164.67 -0.344742 1.49388 -9.19312 0.744168 1.52303 9.57248 -0.222508 -0.0919352 0.0119119
1164.69 -0.268133 1.49388 -9.30804 0.697508 1.58524 9.61436 -0.21533 -0.0859793 0.0957531
1164.7 -0.191523 1.37897 -9.42295 0.583848 1.56012 9.61675 -0.211818 -0.0827722 0.110872
1164.72 0.153219 1.34066 -9.49956 0.362513 1.42612 9.64427 -0.211665 -0.0795652 0.0844521
1164.74 0.421352 1.30236 -9.34634 0.276371 1.45244 9.58684 -0.206778 -0.0868956 0.0143553
1164.75 0.153219 1.34066 -9.38465 0.291924 1.50389 9.59282 -0.204029 -0.0925461 -0.021533
1164.77 0.114914 1.34066 -9.46126 0.430708 1.47278 9.62872 -0.202807 -0.0925461 -0.0189368
1164.79 -0.0383047 1.26405 -9.53786 0.494118 1.40339 9.64547 -0.19395 -0.0998765 0.0186314
1164.8 0.0383047 1.30236 -9.42295 0.425922 1.34357 9.67776 -0.190743 -0.0934624 0.0629191
1164.82 0.0383047 0.957617 -9.38465 0.376869 1.2 9.68016 -0.189979 -0.0939205 0.0675006
1164.84 0.191523 0.842703 -9.42295 0.364905 1.01456 9.62513 -0.189063 -0.0940732 0.0294742
1164.85 0.0766094 0.842703 -9.72939 0.403191 0.93679 9.74118 -0.181885 -0.0981966 0.000305433
1164.87 -0.0383047 0.881008 -9.69109 0.43669 0.940379 9.76511 -0.169973 -0.105069 0.0261145
1164.89 0.114914 0.919312 -9.42295 0.568295 1.03609 9.71127 -0.162796 -0.102625 0.0461203
1164.9 -0.114914 1.18745 -9.46126 0.662812 1.28734 9.73161 -0.158978 -0.104 0.0728457
1164.92 -0.153219 1.22575 -9.53786 0.685544 1.34716 9.73759 -0.156229 -0.10064 0.0815505
1164.93 -0.229828 1.03423 -9.38465 0.848255 1.3328 9.71964 -0.154854 -0.103542 0.0745255
1164.95 -0.344742 1.07253 -9.46126 1.03131 1.18923 9.71844 -0.153327 -0.0991129 0.0387899
1164.97 -0.497961 0.957617 -9.46126 1.05763 1.18564 9.72682 -0.151342 -0.0965167 0.0111483
1164.98 -0.459656 1.03423 -9.42295 1.01336 1.24786 9.73878 -0.151495 -0.090408 0.00946841
1165.0 -0.268133 1.37897 -9.49956 0.977468 1.36271 9.74836 -0.148898 -0.0901026 0.00977384
1165.02 -0.306437 1.26405 -9.46126 0.879362 1.37228 9.7352 -0.144164 -0.08827 0.0174097
1165.03 -0.306437 1.07253 -9.57617 0.874577 1.28016 9.74955 -0.143553 -0.087201 0.0282525
1165.05 -0.268133 0.919312 -9.23143 0.867398 1.05045 9.75912 -0.140346 -0.0849102 0.0595593
1165.07 -0.153219 0.919312 -9.49956 0.803988 0.963111 9.78784 -0.134696 -0.0827722 0.0838412
1165.08 -0.344742 0.919312 -9.46126 0.6999 0.957129 9.81176 -0.132252 -0.0833831 0.0818559
1165.1 0.153219 0.957617 -9.49956 0.455832 0.993021 9.79621 -0.127518 -0.0830777 0.0458149
1165.12 0.268133 0.65118 -9.61448 0.325424 0.886541 9.78425 -0.130572 -0.0817032 0.00534507
1165.13 0.114914 0.612875 -9.53786 0.339781 0.806381 9.80937 -0.123853 -0.0862847 0.00366519
1165.15 0.114914 0.612875 -9.57617 0.376869 0.709472 9.82492 -0.120951 -0.0870483 0.0187841
1165.16 0.191523 0.612875 -9.65278 0.32662 0.7334 9.82373 -0.111788 -0.0899499 0.0549779
1165.18 0.229828 0.612875 -9.57617 0.209372 0.692722 9.79023 -0.107054 -0.0901026 0.0739146
1165.2 0.459656 0.497961 -9.34634 -0.0191426 0.638883 9.83569 -0.102931 -0.0939205 0.0632245
1165.21 0.536266 0.536266 -9.61448 -0.0981057 0.564706 9.84526 -0.102931 -0.0936151 0.0364992
1165.23 0.57457 0.612875 -9.69109 -0.04666 0.626919 9.82971 -0.0936151 -0.105985 0.0264199
1165.25 0.497961 0.65118 -9.69109 0.0382852 0.731007 9.85962 -0.0890336 -0.107512 0.0264199
1165.26 0.497961 0.881008 -9.72939 -0.0119641 1.00857 9.83809 -0.0853684 -0.108123 0.0273362
1165.28 0.191523 0.919312 -9.72939 0.337388 1.14018 9.8656 -0.083994 -0.117897 0.0128282
1165.3 0.191523 1.26405 -9.57617 0.689133 1.36391 9.76869 -0.0817032 -0.118813 0.0174097
1165.32 -0.229828 1.6088 -9.76769 0.884148 1.71326 9.83091 -0.0809396 -0.115759 0.0482583
1165.33 -0.268133 1.6088 -9.53786 0.887737 1.74437 9.77348 -0.083994 -0.117592 0.0792598
1165.35 -0.191523 1.30236 -9.69109 0.85663 1.48116 9.82492 -0.0890336 -0.111177 0.100945
1165.37 -0.191523 1.26405 -9.76769 0.770489 1.46082 9.84885 -0.0859793 -0.110872 0.133016
1165.38 -0.306437 1.68541 -9.42295 0.830309 1.60678 9.82253 -0.0868956 -0.112857 0.120951
1165.4 -0.268133 1.68541 -9.49956 0.970289 1.77667 9.82253 -0.0937678 -0.107054 0.0981966
1165.42 -0.383047 1.6088 -9.38465 1.17248 1.75872 9.82373 -0.0978911 -0.110872 0.0335976
1165.43 -0.459656 1.6471 -9.61448 1.31605 1.74078 9.81416 -0.104305 -0.107512 0.00366519
1165.45 -0.612875 1.53219 -9.57617 1.32323 1.71924 9.80818 -0.108123 -0.101862 0.00229074
1165.47 -0.766094 1.34066 -9.57617 1.33759 1.57089 9.80698 -0.111941 -0.0969748 0.0212276
1165.48 -0.536266 1.22575 -9.57617 1.37109 1.29093 9.82612 -0.115912 -0.0922406 0.0372628
1165.5 -0.57457 1.07253 -9.57617 1.36032 1.19521 9.83569 -0.116064 -0.0884227 0.0392481
1165.52 -0.65118 0.995922 -9.46126 1.30169 1.11984 9.82612 -0.117133 -0.0809396 0.0251982
1165.53 -0.57457 0.881008 -9.76769 1.25145 1.07318 9.82612 -0.114232 -0.0789543 0.0171042
1165.55 -0.497961 0.804398 -9.57617 1.25503 1.02652 9.82612 -0.116523 -0.0726929 0.0345139
1165.57 -0.57457 0.881008 -9.57617 1.25145 0.963111 9.82732 -0.11637 -0.0694859 0.044135
1165.58 -0.689484 0.766094 -9.65278 1.20957 0.875773 9.82492 -0.113621 -0.0662789 0.0507018
1165.6 -0.383047 0.65118 -9.61448 1.14257 0.821934 9.82732 -0.114385 -0.0629191 0.0316123
1165.62 -0.344742 0.459656 -9.65278 0.987039 0.684347 9.84526 -0.116217 -0.0560469 0.0212276
1165.63 -0.268133 0.459656 -9.8443 0.880558 0.53001 9.83091 -0.115301 -0.0516181 0.013439
1165.65 -0.153219 0.306437 -9.23143 0.741775 0.375673 9.84646 -0.108123 -0.0563523 0.0241292
1165.66 -0.191523 0.421352 -9.69109 0.690329 0.327816 9.84287 -0.106291 -0.0516181 0.034972
1165.68 -0.191523 0.344742 -9.72939 0.715454 0.303888 9.84766 -0.0957531 -0.0597121 0.0482583
1165.7 0.0 0.268133 -9.72939 0.713061 0.235693 9.87518 -0.0928515 -0.0566577 0.0551306
1165.71 -0.0766094 0.191523 -9.38465 0.666401 0.167498 9.87637 -0.0907135 -0.0534507 0.0594066
1165.73 -0.114914 0.0383047 -9.76769 0.501296 0.0502493 9.88116 -0.0829249 -0.0561996 0.0610865
1165.75 0.306437 -0.0766094 -9.806 0.357727 -0.0370887 9.88355 -0.0772744 -0.0583376 0.0720821
1165.76 0.306437 -0.153219 -9.65278 0.295514 -0.087338 9.87637 -0.0728457 -0.054367 0.0653626
1165.78 0.421352 -0.153219 -9.49956 0.172283 -0.155533 9.87877 -0.0655153 -0.0630718 0.0507018
1165.8 0.344742 -0.153219 -9.88261 0.150748 -0.21655 9.89671 -0.0616974 -0.0592539 0.0250455
1165.81 0.344742 -0.114914 -9.806 0.223729 -0.226122 9.91346 -0.0510072 -0.0664316 0.0261145
1165.83 0.153219 -0.229828 -9.69109 0.30987 -0.264407 9.88116 -0.047342 -0.0658207 0.0397062
1165.85 0.229828 -0.306437 -9.72939 0.303888 -0.319442 9.90509 -0.0374155 -0.0670424 0.0630718
1165.86 0.191523 -0.191523 -9.61448 0.256032 -0.368495 9.87637 -0.0279471 -0.0684169 0.055436
1165.88 0.344742 -0.306437 -9.65278 0.258425 -0.378066 9.88953 -0.0253509 -0.0659734 0.0467312
1165.9 0.268133 -0.306437 -9.69109 0.264407 -0.366102 9.91585 -0.0140499 -0.0742201 0.0313068
1165.91 0.191523 -0.229828 -9.53786 0.276371 -0.380459 9.88475 -0.00427606 -0.0749837 0.0361938
1165.93 0.114914 -0.268133 -9.65278 0.348156 -0.361316 9.87637 -0.0018326 -0.0717766 0.0442877
1165.94 0.0383047 0.229828 -9.53786 0.57667 -0.04666 9.88116 0.00962113 -0.0752891 0.0485638
1165.96 0.114914 0.383047 -9.72939 0.607777 0.378066 9.91107 0.0190895 -0.0777326 0.0340557
1165.98 0.0383047 0.344742 -9.65278 0.525224 0.399601 9.90628 0.0160352 -0.074831 0.0207694
1165.99 0.114914 0.0766094 -9.69109 0.434297 0.0909272 9.97926 0.0172569 -0.0759 0.0279471
1166.01 0.306437 0.306437 -9.53786 0.305085 0.290728 9.80459 0.0313068 -0.0784962 0.0581849
1166.03 0.459656 0.57457 -9.806 0.208175 0.68674 9.94218 0.0340557 -0.0809396 0.0561996
1166.04 0.306437 0.536266 -9.8443 0.218943 0.717846 9.868 0.0323759 -0.0800233 0.0418443
1166.06 0.421352 0.804398 -9.69109 0.200997 0.863809 9.88834 0.0334449 -0.0868956 0.00610865
1166.08 0.344742 1.18745 -9.76769 0.138784 1.35314 9.91107 0.0335976 -0.0858265 -0.0268781
1166.09 0.459656 1.57049 -9.72939 0.106481 1.54696 9.85962 0.0323759 -0.0878119 -0.0426078
1166.11 0.383047 1.41727 -9.57617 0.0418744 1.61396 9.88594 0.0242819 -0.0937678 -0.0331394
1166.12 0.421352 0.957617 -9.65278 -0.026321 1.18445 9.90269 0.0160352 -0.0969748 0.0268781
1166.14 0.612875 1.18745 -9.65278 -0.0658026 1.17607 9.88714 0.0171042 -0.0962113 0.0526871
1166.16 0.689484 1.26405 -9.65278 -0.137587 1.44287 9.90269 0.019395 -0.101098 0.0633773
1166.17 0.612875 0.995922 -9.92091 -0.137587 1.20598 9.91346 0.00885754 -0.108123 0.0329867
1166.19 0.536266 0.957617 -9.72939 -0.141176 1.14616 9.85603 0.00794125 -0.113163 0.00366519
1166.21 0.497961 1.11084 -9.65278 -0.162712 1.25264 9.89791 0.00778853 -0.117744 -0.00106901
1166.22 0.612875 0.919312 -9.72939 -0.245264 1.12463 9.92901 0.00320704 -0.124922 0.00259618
1166.24 0.536266 1.18745 -9.61448 -0.22014 1.18445 9.88714 0.00458149 -0.131489 0.00244346
1166.26 0.421352 1.41727 -9.72939 -0.0370887 1.51585 9.88235 0.000916298 -0.133169 0.000610865
1166.27 0.344742 1.37897 -9.88261 0.116052 1.53021 9.90628 -0.00595593 -0.138972 0.0105374
1166.29 0.344742 1.41727 -9.57617 0.112463 1.52303 9.87398 -0.00870483 -0.140346 0.0189368
1166.31 0.268133 1.45558 -9.69109 0.143569 1.60917 9.8656 -0.0109956 -0.142942 0.02474
1166.32 0.114914 1.34066 -9.88261 0.29671 1.55174 9.87159 -0.0187841 -0.145844 0.0355829
1166.34 0.306437 1.45558 -9.69109 0.312263 1.62233 9.86321 -0.0242819 -0.145386 0.0380264
1166.36 0.306437 1.6471 -9.61448 0.30987 1.70728 9.87637 -0.0253509 -0.148135 0.0310014
1166.37 0.114914 1.6471 -9.72939 0.424726 1.70369 9.84646 -0.0331394 -0.154549 0.0132863
1166.39 0.0 1.34066 -9.49956 0.465404 1.56132 9.84885 -0.0416915 -0.149967 0.00274889
1166.41 0.0383047 1.34066 -9.72939 0.482154 1.53021 9.89073 -0.0471893 -0.152258 0.00916297
1166.42 -0.0383047 1.26405 -9.61448 0.599402 1.49073 9.84167 -0.0526871 -0.1518 0.0108429
1166.44 -0.0766094 1.14914 -9.76769 0.59342 1.33161 9.85723 -0.054367 -0.150425 0.00397062
1166.45 0.114914 1.03423 -9.8443 0.533599 1.1988 9.85603 -0.0577268 -0.157145 -0.00610865
1166.47 -0.0383047 0.766094 -9.61448 0.545563 0.947557 9.84407 -0.0592539 -0.157298 -0.00641408
1166.49 -0.0383047 0.689484 -9.72939 0.647258 0.833898 9.85484 -0.0580322 -0.158672 -0.00290161
1166.5 0.0 0.612875 -9.61448 0.652044 0.687936 9.83689 -0.0571159 -0.157756 0.0413861
1166.52 -0.0766094 0.65118 -9.72939 0.666401 0.697508 9.92184 -0.0580322 -0.155618 0.0621555
1166.54 -0.0766094 0.65118 -9.53786 0.679561 0.764507 9.83928 -0.0548251 -0.15516 0.0740674
1166.55 -0.229828 0.497961 -9.46126 0.790828 0.690329 9.8345 -0.0558941 -0.158061 0.0481056
1166.57 -0.268133 0.497961 -9.69109 0.888933 0.569491 9.82134 -0.0551306 -0.157145 0.0394008
1166.59 -0.191523 0.497961 -9.65278 0.916451 0.498903 9.93978 -0.0520762 -0.158672 0.0478002
1166.6 -0.153219 0.612875 -9.95922 0.847059 0.619741 9.84646 -0.0505491 -0.153938 0.0620028
1166.62 -0.497961 0.497961 -9.49956 0.902094 0.59342 9.84526 -0.0519235 -0.152564 0.0781907
1166.63 -0.421352 0.536266 -9.69109 1.12822 0.520439 9.87518 -0.0502437 -0.150884 0.0876591
1166.65 -0.459656 0.612875 -9.42295 1.20718 0.727418 9.85484 -0.0436769 -0.150731 0.0873537
1166.67 -0.459656 0.612875 -9.57617 1.23111 0.783649 9.84407 -0.0465785 -0.148135 0.0817032
1166.68 -0.57457 0.612875 -9.76769 1.33639 0.715454 9.86321 -0.0503964 -0.14279 0.0586431
1166.7 -0.612875 0.612875 -9.38465 1.37827 0.673579 9.87159 -0.0478002 -0.140041 0.0386372
1166.71 -0.536266 0.689484 -9.53786 1.42493 0.666401 9.85125 -0.0496328 -0.136528 0.0368046
1166.73 -0.766094 0.57457 -9.65278 1.5003 0.638883 9.85005 -0.0465785 -0.135765 0.0429133
1166.74 -0.842703 0.65118 -9.65278 1.56012 0.666401 9.87877 -0.046273 -0.132252 0.0485638
1166.76 -0.881008 0.727789 -9.92091 1.73121 0.769292 9.85603 -0.0459676 -0.129351 0.0586431
1166.77 -1.14914 0.612875 -9.61448 1.80778 0.795613 9.84407 -0.0448986 -0.119882 0.0670424
1166.79 -1.14914 0.65118 -9.72939 1.92742 0.769292 9.84646 -0.0464257 -0.116981 0.0696386
1167.38 0.114914 0.383047 -9.69109 0.497707 0.417547 9.91466 0.0171042 -0.0864374 0.0114537
1167.4 0.0766094 0.536266 -9.34634 0.398405 0.53001 9.88475 0.0198531 -0.0879646 0.0138972
1167.42 0.0766094 0.612875 -9.8443 0.367298 0.675972 9.91705 0.0227547 -0.091477 0.0282525
1167.43 0.114914 0.842703 -9.72939 0.452243 0.875773 9.89552 0.0212276 -0.0920879 0.0316123
1167.45 -0.0766094 0.842703 -9.69109 0.575474 0.933201 9.92303 0.0148135 -0.0899499 0.0177151
1167.47 -0.114914 0.881008 -9.49956 0.665205 1.01456 9.86082 0.0151189 -0.0945314 0.031765
1167.48 -0.191523 0.995922 -9.72939 0.736989 1.04327 9.9003 0.0161879 -0.0983493 0.0387899
1167.5 -0.0383047 1.03423 -9.65278 0.841077 1.15573 9.9003 0.00946841 -0.0911716 0.0609338
1167.52 -0.191523 0.919312 -9.72939 0.866202 1.16411 9.89073 0.00534507 -0.0942259 0.0555887
1167.53 -0.268133 0.957617 -9.69109 0.878166 1.13659 9.88834 0.000763581 -0.0972803 0.0352775
1167.55 -0.268133 0.995922 -9.806 0.893719 1.15214 9.88235 -0.000763581 -0.0971275 0.0242819
1167.57 -0.153219 1.03423 -9.76769 0.869791 1.19402 9.89073 -0.00763582 -0.0922406 0.0207694
1167.58 -0.268133 1.07253 -9.72939 0.835095 1.17488 9.88116 -0.0116064 -0.0887282 0.0297797
1167.6 -0.191523 1.03423 -9.76769 0.844666 1.16291 9.88953 -0.0109956 -0.0951423 0.0375682
1167.62 -0.268133 0.881008 -9.69109 0.837488 1.10429 9.87039 -0.0138972 -0.0956004 0.0511599
1167.63 -0.191523 0.727789 -9.65278 0.802792 1.02054 9.89193 -0.0175624 -0.0940732 0.0548251
1167.65 -0.306437 0.804398 -9.72939 0.801595 0.999003 9.9015 -0.0227547 -0.0897971 0.0572686
1167.67 -0.268133 0.612875 -9.72939 0.796809 0.939182 9.89193 -0.0261145 -0.0865901 0.0546724
1167.68 -0.191523 0.65118 -9.61448 0.815952 0.859023 9.89791 -0.0287107 -0.0881173 0.052229
1167.7 -0.306437 0.804398 -9.69109 0.792024 0.800399 9.89432 -0.0284052 -0.090408 0.046273
1167.72 -0.0766094 0.65118 -9.57617 0.748953 0.774078 9.89671 -0.0284052 -0.0936151 0.0377209
1167.73 -0.153219 0.65118 -9.65278 0.765703 0.738185 9.89791 -0.0313068 -0.0931569 0.0392481
1167.75 -0.191523 0.612875 -9.69109 0.832702 0.698704 9.89073 -0.0308487 -0.0928515 0.0569632
1167.77 -0.268133 0.65118 -9.69109 0.818345 0.709472 9.89671 -0.0294742 -0.0910189 0.0606284
1167.78 -0.229828 0.65118 -9.8443 0.754935 0.726221 9.90389 -0.0313068 -0.090408 0.0566577
1167.8 -0.229828 0.57457 -9.8443 0.752542 0.641276 9.90509 -0.0323759 -0.0946841 0.0401644
1167.82 -0.268133 0.57457 -9.65278 0.752542 0.625723 9.89911 -0.0351248 -0.0925461 0.0357356
1167.83 -0.0766094 0.497961 -9.57617 0.711864 0.594616 9.89312 -0.0340557 -0.0922406 0.0366519
1167.85 -0.114914 0.497961 -9.69109 0.709472 0.51685 9.9003 -0.034972 -0.0925461 0.0461203
1167.87 -0.191523 0.497961 -9.30804 0.735793 0.434297 9.90389 -0.0342084 -0.0894917 0.0644463
1167.88 -0.229828 0.421352 -9.72939 0.752542 0.378066 9.90269 -0.034972 -0.0879646 0.0728457
1167.9 -0.344742 0.306437 -9.806 0.769292 0.287139 9.90748 -0.029627 -0.0928515 0.0826195
1167.91 -0.229828 0.306437 -9.53786 0.766899 0.198604 9.88235 -0.0297797 -0.0916298 0.0794125
1167.93 -0.114914 0.229828 -9.69109 0.736989 0.208175 9.91944 -0.0297797 -0.0913243 0.0704022
1167.95 0.0383047 0.191523 -9.61448 0.705882 0.192622 9.89552 -0.0262672 -0.0922406 0.0413861
1167.96 -0.153219 0.229828 -9.34634 0.727418 0.18664 9.90509 -0.0253509 -0.0922406 0.0273362
1167.98 -0.191523 0.0766094 -9.65278 0.71665 0.177069 9.91824 -0.0255036 -0.0922406 0.041997
1168.0 -0.153219 0.153219 -9.57617 0.736989 0.181854 9.9003 -0.0224493 -0.0902553 0.0511599
1168.01 -0.306437 0.306437 -9.88261 0.748953 0.230907 9.90389 -0.0189368 -0.0894917 0.0613919
1168.03 -0.191523 0.229828 -9.38465 0.772881 0.262014 9.90269 -0.0155771 -0.0957531 0.0464257
1168.05 -0.191523 0.306437 -9.65278 0.788435 0.294317 9.90748 -0.0140499 -0.0917825 0.0404698
1168.06 -0.229828 0.344742 -9.61448 0.782453 0.305085 9.88475 -0.0137445 -0.0939205 0.0369573
1168.08 -0.229828 0.306437 -9.65278 0.79322 0.299103 9.89552 -0.0106901 -0.0954477 0.0442877
1168.09 -0.229828 0.268133 -9.806 0.798006 0.334995 9.89312 -0.00916297 -0.0951423 0.0496328
1168.11 -0.229828 0.497961 -9.76769 0.836291 0.366102 9.89791 -0.00717767 -0.0980438 0.0557414
1168.13 -0.383047 0.268133 -9.88261 0.853041 0.35653 9.90269 -0.00733038 -0.0928515 0.0536034
1168.14 -0.229828 0.383047 -9.92091 0.870987 0.363709 9.90628 -0.00733038 -0.0928515 0.0493274
1168.16 -0.268133 0.306437 -9.53786 0.851844 0.355334 9.90628 -0.00595593 -0.0922406 0.0433714
1168.18 -0.229828 0.306437 -9.69109 0.849452 0.375673 9.90628 -0.00351247 -0.0923933 0.0403171
1168.19 -0.191523 0.421352 -9.61448 0.80997 0.374477 9.90868 -0.00580322 -0.0881173 0.0389426
1168.21 -0.153219 0.421352 -9.72939 0.787238 0.352941 9.91346 -0.00259618 -0.0920879 0.0374155
1168.22 -0.114914 0.344742 -9.57617 0.787238 0.366102 9.91944 -0.00335976 -0.0894917 0.0439823
1168.24 -0.306437 0.421352 -9.72939 0.836291 0.375673 9.89432 -0.00167988 -0.0942259 0.0467312
1168.26 -0.268133 0.383047 -9.76769 0.893719 0.355334 9.90628 0.00137445 -0.0940732 0.0561996
1168.27 -0.191523 0.306437 -9.76769 0.886541 0.357727 9.89671 0.00167988 -0.090408 0.0525344
1168.29 -0.0766094 0.306437 -9.95922 0.872184 0.344566 9.90269 0.00137445 -0.0899499 0.0468839
1168.31 -0.229828 0.383047 -9.69109 0.838684 0.297906 9.89791 0.00335976 -0.0908662 0.0394008
1168.32 -0.153219 0.383047 -9.72939 0.812363 0.334995 9.90987 0.00427606 -0.0870483 0.0345139
1168.34 -0.306437 0.421352 -9.806 0.813559 0.349352 9.91466 0.00503964 -0.0901026 0.0332921
1168.36 -0.306437 0.421352 -9.72939 0.881755 0.393619 9.9003 0.00595593 -0.0884227 0.0415388
1168.37 -0.421352 0.421352 -9.69109 0.945165 0.446261 9.91705 0.0106901 -0.0887282 0.0485638
1168.39 -0.229828 0.459656 -9.57617 0.958325 0.501296 9.9015 0.00962113 -0.0855211 0.0510072
1168.4 -0.306437 0.497961 -9.72939 0.9667 0.503689 9.89193 0.00763582 -0.0862847 0.0459676
1168.42 -0.344742 0.421352 -9.806 0.991825 0.533599 9.9015 0.00839939 -0.0841467 0.0404698
1168.44 -0.229828 0.497961 -9.72939 0.99661 0.571884 9.89791 0.00763582 -0.0815505 0.0374155
1168.45 -0.344742 0.536266 -9.76769 1.01336 0.617348 9.89911 0.00870483 -0.0823141 0.0378736
1168.47 -0.421352 0.612875 -9.65278 1.03848 0.674776 9.87757 0.00702495 -0.0809396 0.0377209
1168.49 -0.306437 0.727789 -9.76769 1.02413 0.731007 9.89911 0.00549779 -0.0781907 0.033903
1168.5 -0.344742 0.881008 -9.72939 0.975075 0.845862 9.88714 0.00580322 -0.0771217 0.0273362
1168.52 -0.344742 0.919312 -9.72939 0.993021 0.933201 9.89312 0.00106901 -0.0759 0.0206167
1168.54 -0.421352 0.842703 -9.69109 0.985843 0.981057 9.89552 -0.00320704 -0.071013 0.0268781
1168.55 -0.306437 0.919312 -9.53786 0.973878 1.00379 9.89432 -0.00274889 -0.074831 0.0313068
1168.57 -0.306437 0.919312 -9.61448 0.946361 1.06361 9.89671 -0.00671952 -0.0687223 0.0395535
1168.59 -0.344742 0.995922 -9.69109 0.941576 1.08395 9.88235 -0.0119119 -0.0705549 0.0358883
1168.6 -0.153219 0.919312 -9.65278 0.918843 1.05045 9.88475 -0.01237 -0.0726929 0.0343612
1168.62 -0.229828 0.804398 -9.65278 0.827916 1.00379 9.89193 -0.0172569 -0.0682642 0.0381791
1168.64 -0.153219 0.804398 -9.72939 0.796809 0.941576 9.89791 -0.0219911 -0.0684169 0.0427606
1168.65 -0.191523 0.727789 -9.61448 0.765703 0.888933 9.92543 -0.02474 -0.0684169 0.0458149
1168.67 -0.191523 0.65118 -9.69109 0.717846 0.795613 9.90269 -0.0256563 -0.0693332 0.0484111
