1547.86 -0.153219 -10.7636 -0.497961 0.667597 -11.2977 0.44985 0.0152716 -0.160658 0.274126
1547.87 -0.0766094 -10.304 -0.421352 0.579063 -10.8395 0.40678 0.041997 -0.157298 0.324064
1547.89 -0.153219 -10.0358 -0.191523 0.533599 -10.2532 0.337388 0.0658207 -0.152411 0.400728
1547.91 0.0383047 -9.38465 -0.153219 0.476171 -9.91824 0.278764 0.0829249 -0.149662 0.436158
1547.92 0.114914 -8.96329 0.0766094 0.254835 -9.31884 0.191426 0.0885754 -0.144775 0.435547
1547.94 0.306437 -8.50364 -0.268133 0.09332 -8.73739 0.0693918 0.101404 -0.147218 0.413556
1547.96 0.383047 -8.12059 0.114914 0.0430708 -8.32343 -0.0311067 0.107054 -0.144622 0.377973
1547.97 0.459656 -7.92907 0.383047 0.020339 -8.18225 -0.106481 0.11301 -0.149967 0.358272
1547.99 0.497961 -7.81416 0.306437 -0.0215354 -7.98844 -0.208175 0.115912 -0.147677 0.326355
1548.01 0.383047 -7.66094 0.497961 -0.0311067 -7.83171 -0.253639 0.11637 -0.14844 0.299324
1548.02 0.306437 -7.69924 0.536266 -0.0311067 -7.7994 -0.245264 0.114843 -0.147524 0.278707
1548.04 0.497961 -7.54602 0.306437 -0.0562313 -7.92383 -0.235693 0.109498 -0.150731 0.200211
1548.05 0.459656 -7.96737 0.383047 -0.183051 -8.1009 -0.21655 0.103083 -0.151953 0.0847575
1548.07 0.65118 -8.08229 0.344742 -0.289531 -8.22293 -0.191426 0.0971275 -0.153938 0.000458149
1548.09 0.689484 -8.46534 -0.0383047 -0.446261 -8.52203 -0.163908 0.089339 -0.153174 -0.0210748
1548.1 0.57457 -9.0016 0.0766094 -0.334995 -9.11306 -0.0107677 0.0833831 -0.158061 -0.0221439
1548.12 0.536266 -9.34634 -0.0766094 -0.259621 -9.40977 0.117248 0.0801761 -0.160505 -0.0065668
1548.14 0.383047 -9.76769 -0.612875 -0.0502493 -9.90987 0.464207 0.0740674 -0.160963 -0.0119119
1548.15 0.268133 -9.88261 -0.881008 0.0275174 -10.1264 0.768096 0.0687223 -0.164017 -0.0586431
1548.17 0.191523 -9.99752 -0.612875 0.190229 -10.3071 0.923629 0.0598648 -0.160963 -0.0813978
1548.19 0.114914 -10.2273 -0.804398 0.311067 -10.4387 0.976271 0.055436 -0.162185 -0.0775799
1548.2 -0.114914 -10.4955 -0.727789 0.492921 -10.7773 1.15932 0.0484111 -0.15684 -0.0546724
1548.22 0.0383047 -10.9551 -0.957617 0.387637 -11.2857 1.26221 0.0413861 -0.151953 -0.0404698
1548.24 0.153219 -11.5297 -0.804398 0.25005 -11.6602 1.19043 0.0308487 -0.14279 -0.0293215
1548.25 0.306437 -11.4914 -0.766094 0.0275174 -11.9593 1.0014 0.0235183 -0.135612 -0.00351247
1548.27 0.57457 -11.3382 -0.65118 -0.422333 -11.7727 0.915254 0.0198531 -0.141415 0.0731511
1548.28 1.11084 -10.8785 -0.727789 -0.687936 -11.5298 0.964307 0.013439 -0.136528 0.152564
1548.3 1.30236 -10.5721 -0.842703 -1.0672 -11.0489 1.03729 0.00717767 -0.134085 0.18219
1548.32 1.68541 -10.4572 -0.497961 -1.36989 -10.7844 1.13898 0.00503964 -0.141263 0.206014
1548.33 1.80032 -10.3423 -0.804398 -1.45484 -10.5045 1.05404 -0.00259618 -0.140804 0.19227
1548.35 1.6471 -10.1507 -0.57457 -1.41176 -10.4028 0.943968 -0.00763582 -0.14111 0.176082
1548.37 1.30236 -10.0358 -0.57457 -1.20479 -10.2867 0.731007 -0.0140499 -0.149967 0.133779
1548.38 1.18745 -9.92091 -0.229828 -0.984646 -10.1408 0.597009 -0.0207694 -0.153633 0.0884227
1548.4 1.18745 -9.61448 -0.306437 -0.85663 -10.0427 0.534796 -0.025809 -0.154854 0.0639881
1548.42 0.842703 -9.42295 -0.459656 -0.582652 -9.82732 0.435494 -0.0407752 -0.147677 0.0178678
1548.43 0.804398 -9.26973 -0.229828 -0.32662 -9.53899 0.442672 -0.0511599 -0.15012 -0.0140499
1548.45 0.497961 -9.15482 -0.459656 -0.180658 -9.34756 0.478564 -0.0534507 -0.149051 -0.0310014
1548.47 0.536266 -8.61855 -0.421352 -0.0251246 -8.91685 0.617348 -0.0545197 -0.148135 -0.0325286
1548.48 0.268133 -8.12059 -0.421352 -0.0179462 -8.42393 0.690329 -0.0514654 -0.149967 -0.0197004
1548.5 0.383047 -7.69924 -0.421352 -0.0251246 -7.90828 0.65683 -0.0448986 -0.148135 0.00519235
1548.52 0.421352 -7.50772 -0.536266 -0.0311067 -7.71206 0.60658 -0.0424551 -0.147677 0.0178678
1548.53 0.612875 -7.3545 -0.306437 -0.118445 -7.5673 0.497707 -0.0381791 -0.143706 0.0415388
1548.55 0.536266 -7.50772 -0.497961 -0.144766 -7.62592 0.324227 -0.0308487 -0.149356 0.0676533
1548.57 0.536266 -7.66094 -0.114914 -0.168694 -7.70249 0.271585 -0.0268781 -0.149204 0.0818559
1548.58 0.497961 -7.69924 -0.0766094 -0.248853 -7.85444 0.157926 -0.0227547 -0.14676 0.112857
1548.6 0.65118 -7.81416 0.114914 -0.338584 -7.9669 0.0478564 -0.02474 -0.142179 0.165392
1548.62 0.727789 -8.1589 0.191523 -0.40678 -8.14756 0.0251246 -0.0241292 -0.144317 0.231976
1548.63 0.957617 -8.61855 0.191523 -0.638883 -8.62134 0.0215354 -0.021533 -0.151647 0.260381
1548.65 0.881008 -8.92499 0.0 -0.892523 -9.14896 0.026321 -0.0242819 -0.154396 0.317192
1548.67 1.22575 -9.34634 0.0383047 -1.0002 -9.60239 0.0777667 -0.0264199 -0.158672 0.34743
1548.68 1.30236 -9.69109 0.229828 -1.05165 -9.81775 0.125623 -0.0255036 -0.161879 0.352927
1548.7 1.26405 -9.806 -0.114914 -1.08156 -10.1121 0.323031 -0.0280998 -0.15852 0.350484
1548.72 1.34066 -10.0358 -0.344742 -1.03131 -10.1444 0.501296 -0.0267254 -0.165392 0.316275
1548.73 1.14914 -9.88261 -0.421352 -0.9667 -10.1133 0.582652 -0.0253509 -0.167682 0.293215
1548.75 1.07253 -9.95922 -0.459656 -0.79322 -10.2138 0.689133 -0.0320704 -0.166919 0.234572
1548.76 1.14914 -10.189 -0.536266 -0.818345 -10.5811 0.778863 -0.0378736 -0.162032 0.177456
1548.78 1.37897 -10.9168 -0.842703 -0.937986 -10.8897 0.818345 -0.0364992 -0.159589 0.142484
1548.8 1.30236 -11.6063 -0.804398 -1.10548 -11.8146 1.02054 -0.0374155 -0.15516 0.143401
1548.81 1.34066 -12.3724 -0.881008 -1.05284 -12.6712 1.19402 -0.0299324 -0.149967 0.179289
1548.83 0.957617 -12.8704 -0.766094 -0.885344 -13.0086 1.10788 -0.0198531 -0.149051 0.216094
1548.85 0.957617 -12.8704 -0.459656 -0.689133 -13.2993 0.71665 -0.0157298 -0.141415 0.231212
1548.86 0.995922 -12.7555 -0.57457 -0.61017 -13.1821 0.671186 -0.00397062 -0.13943 0.22098
1548.88 0.995922 -12.3724 -0.612875 -0.637687 -12.7478 0.887737 0.0065668 -0.134085 0.135154
1548.9 0.919312 -11.9511 -0.766094 -0.622134 -12.5001 0.937986 0.0129809 -0.133627 0.0728457
1548.91 0.919312 -11.5297 -0.766094 -0.57667 -11.8887 0.997807 0.0201585 -0.126296 -0.0409279
1548.93 0.766094 -10.8402 -0.689484 -0.53001 -11.2247 0.958325 0.0285579 -0.126144 -0.131031
1548.95 0.57457 -10.2657 -0.65118 -0.465404 -10.9041 0.900898 0.0343612 -0.125075 -0.166919
1548.96 0.612875 -9.8443 -0.459656 -0.284746 -10.1946 0.734596 0.0381791 -0.12706 -0.16982
1548.98 0.536266 -9.23143 -0.459656 -0.12682 -9.4995 0.583848 0.0368046 -0.122784 -0.141568
1549.0 0.421352 -8.81008 -0.344742 -0.061017 -9.15733 0.480957 0.029627 -0.115454 -0.0847575
1549.01 0.383047 -8.27381 -0.383047 -0.0717846 -8.59741 0.413958 0.023671 -0.113774 -0.0514654
1549.03 0.344742 -7.85246 -0.191523 -0.144766 -8.12602 0.306281 0.010232 -0.111636 0.0213803
1549.05 0.536266 -7.54602 0.268133 -0.239282 -7.69292 0.185444 -0.00167988 -0.110414 0.0957531
1549.06 0.536266 -7.3545 0.0766094 -0.235693 -7.53858 0.130409 -0.00335976 -0.114537 0.176998
1549.08 0.459656 -7.12467 0.229828 -0.202193 -7.37707 0.0239282 -0.0137445 -0.111177 0.213345
1549.1 0.612875 -7.23959 0.0 -0.15673 -7.38305 -0.117248 -0.0209221 -0.105374 0.264657
1549.11 0.536266 -7.3928 0.383047 -0.142373 -7.40339 -0.155533 -0.0242819 -0.100487 0.289397
1549.13 0.536266 -7.50772 0.421352 -0.210568 -7.61396 -0.214158 -0.0261145 -0.096364 0.29123
1549.15 0.57457 -7.81416 0.268133 -0.226122 -7.90828 -0.198604 -0.0259618 -0.0946841 0.280234
1549.16 0.689484 -8.08229 0.344742 -0.269192 -8.23968 -0.114855 -0.0224493 -0.0994183 0.236863
1549.18 0.497961 -8.54194 0.191523 -0.340977 -8.44068 -0.0323031 -0.0200058 -0.0988074 0.207389
1549.2 0.842703 -8.88668 -0.114914 -0.496511 -9.0317 0.066999 -0.0143553 -0.0986547 0.153174
1549.21 0.65118 -9.53786 -0.114914 -0.520439 -9.81176 0.226122 -0.00442877 -0.0916298 0.125533
1549.23 0.919312 -10.1507 -0.191523 -0.489332 -10.1719 0.32662 0.00977384 -0.0887282 0.0922406
1549.24 0.727789 -10.5338 -0.421352 -0.382851 -10.7749 0.48335 0.019395 -0.0894917 0.0676533
1549.26 0.57457 -10.9551 -0.57457 -0.308674 -11.196 0.717846 0.0322231 -0.0807869 0.0253509
1549.28 0.536266 -11.2616 -0.689484 -0.305085 -11.6423 0.934397 0.0476475 -0.0694859 -0.00335976
1549.29 0.57457 -11.5297 -0.842703 -0.282353 -11.8361 1.04088 0.0603229 -0.0658207 -0.00641408
1549.31 0.689484 -11.5297 -1.18745 -0.241675 -12.067 1.16052 0.0844521 -0.0595593 0.0018326
1549.33 0.727789 -11.7978 -0.689484 -0.494118 -12.1651 1.10668 0.098502 -0.0447459 0.00763582
1549.34 0.766094 -11.9128 -0.842703 -0.654437 -12.2405 1.08395 0.108276 -0.0308487 0.013439
1549.36 1.45558 -11.8361 -0.689484 -1.05165 -12.2201 1.04447 0.111483 -0.0303905 0.0172569
1549.38 1.76202 -11.6829 -0.344742 -1.37109 -12.0227 0.776471 0.0989602 -0.0198531 0.0230602
1549.39 1.72371 -11.3382 -0.612875 -1.46441 -11.7918 0.582652 0.0788016 -0.0180205 0.052229
1549.41 1.68541 -11.1084 -0.57457 -1.52183 -11.6315 0.701097 0.0655153 -0.0129809 0.0714712
1549.43 2.10676 -10.3806 -0.881008 -1.84845 -10.9065 1.19521 0.0455095 -0.011301 0.0800233
1549.44 2.25998 -10.1124 -1.26405 -2.04467 -10.404 1.54457 0.0227547 -0.0117592 0.0668897
1549.46 2.37489 -9.61448 -1.76202 -2.03868 -10.0714 1.6343 0.00870483 -0.00687223 0.0447459
1549.48 1.99184 -9.23143 -1.30236 -1.85803 -9.63111 1.66899 -0.000152716 -0.00244346 0.0250455
1549.49 1.87693 -8.88668 -1.34066 -1.60798 -9.20758 1.57448 -0.0146608 0.00305432 -0.0531453
1549.51 1.76202 -8.81008 -1.03423 -1.47159 -9.05563 1.35075 -0.0297797 0.00870483 -0.156534
1549.53 1.37897 -8.54194 -0.766094 -1.09591 -8.84866 1.2012 -0.0363465 0.0108429 -0.207083
1549.54 1.14914 -8.54194 -0.65118 -0.855434 -8.68714 0.918843 -0.0552833 0.0270308 -0.285427
1549.56 1.11084 -8.31211 -0.497961 -0.704686 -8.42273 0.659222 -0.071624 0.0361938 -0.334754
1549.58 0.919312 -8.04398 -0.421352 -0.655633 -8.27318 0.601795 -0.0784962 0.0392481 -0.347735
1549.59 0.957617 -7.73755 -0.383047 -0.571884 -7.97886 0.508475 -0.097433 0.0502437 -0.353691
1549.61 0.766094 -7.58433 -0.229828 -0.498903 -7.79581 0.361316 -0.10965 0.0490219 -0.337198
1549.63 0.766094 -7.66094 -0.306437 -0.496511 -7.72881 0.324227 -0.114232 0.0476475 -0.29627
1549.64 0.804398 -7.43111 -0.229828 -0.531206 -7.58166 0.264407 -0.125838 0.0497855 -0.266184
1549.66 0.727789 -7.3545 -0.114914 -0.474975 -7.49312 0.232104 -0.1321 0.0505491 -0.182038
1549.68 0.766094 -7.43111 -0.268133 -0.459422 -7.535 0.234497 -0.1321 0.053298 -0.10064
1549.69 0.727789 -7.62263 -0.114914 -0.412762 -7.69412 0.212961 -0.132252 0.0549779 -0.0613919
1549.71 0.65118 -7.81416 -0.153219 -0.41994 -7.8987 0.199801 -0.122326 0.0526871 0.00229074
1549.73 0.65118 -8.12059 0.0766094 -0.410369 -8.29711 0.128016 -0.111788 0.054367 0.0566577
1549.74 0.804398 -8.35042 -0.0766094 -0.415155 -8.49691 0.11007 -0.102625 0.0555887 0.0755945
1549.76 0.957617 -8.65686 0.0766094 -0.464207 -8.89292 0.128016 -0.087201 0.0598648 0.0951423
1549.78 0.842703 -9.07821 -0.0383047 -0.538385 -9.20279 0.124427 -0.0691805 0.0629191 0.0913243
1549.79 0.995922 -9.38465 -0.0383047 -0.570688 -9.3667 0.0957129 -0.0481056 0.0665843 0.0736092
1549.81 0.842703 -9.69109 0.191523 -0.662812 -9.82732 0.0490528 -0.0364992 0.0673479 0.0726929
1549.82 0.766094 -10.1124 0.0383047 -0.612562 -10.3741 0.0251246 -0.0161879 0.0697913 0.086132
1549.84 0.842703 -10.4955 0.0766094 -0.561117 -10.617 0.0358923 0.00503964 0.0699441 0.103236
1549.86 0.689484 -10.7636 -0.0383047 -0.324227 -10.9376 0.122034 0.0140499 0.0751364 0.104763
1549.87 0.804398 -10.9168 -0.383047 -0.254835 -11.2056 0.291924 0.0323759 0.0807869 0.0865901
1549.89 0.804398 -11.2999 -0.306437 -0.37328 -11.4078 0.391226 0.0499382 0.0862847 0.0604756
1549.91 1.18745 -11.7978 -0.344742 -0.879362 -12.0502 0.503689 0.0534507 0.0971275 0.0647517
1549.92 1.26405 -12.4107 0.0 -1.21436 -12.8363 0.537189 0.0783434 0.0956004 0.10965
1549.94 1.37897 -12.6788 -0.344742 -1.22393 -13.0684 0.553938 0.0959058 0.0865901 0.142332
1549.95 1.30236 -12.7555 -0.57457 -1.03968 -13.2682 0.70349 0.124464 0.0846048 0.176693
1549.97 1.14914 -12.6405 -1.03423 -0.897308 -13.1785 0.869791 0.143706 0.0844521 0.130114
1549.98 1.14914 -12.3341 -0.995922 -0.82672 -12.9667 1.1988 0.154854 0.0803288 0.0766636
1550.0 1.22575 -12.0277 -0.842703 -0.850648 -12.5372 1.19163 0.163865 0.0881173 -0.0361938
1550.01 1.11084 -11.9511 -1.18745 -0.862612 -12.3206 1.14497 0.164323 0.0878119 -0.087201
1550.03 1.18745 -11.2999 -0.57457 -0.860219 -11.7559 1.03131 0.170737 0.0797179 -0.175166
1550.04 0.957617 -10.4572 -0.459656 -0.802792 -11.275 0.894915 0.163254 0.0827722 -0.239765
1550.06 0.842703 -10.0358 -0.344742 -0.604187 -10.3071 0.482154 0.156992 0.0829249 -0.259007
1550.65 0.727789 -8.08229 -1.41727 -1.08156 -8.29113 1.73001 0.0132863 -0.148593 -0.796721
1550.67 0.881008 -7.89076 -1.6471 -0.799202 -8.17508 1.71924 -0.00167988 -0.151647 -0.759
1550.68 0.536266 -7.89076 -1.30236 -0.349352 -8.0004 1.55892 -0.0218384 -0.165086 -0.63759
1550.7 0.306437 -7.96737 -1.07253 0.0538385 -7.96211 1.33041 -0.0432187 -0.173486 -0.493885
1550.71 0.0 -7.69924 -1.14914 0.221336 -7.97169 1.25145 -0.0569632 -0.169515 -0.416915
1550.73 -0.114914 -7.96737 -0.804398 0.482154 -8.00877 1.08156 -0.0762054 -0.180205 -0.283594
1550.75 -0.153219 -7.69924 -0.766094 0.714257 -7.89511 1.01815 -0.101404 -0.184023 -0.1518
1550.76 -0.268133 -7.66094 -0.689484 0.808774 -7.80419 1.03968 -0.126296 -0.187536 -0.032834
1550.78 -0.459656 -7.62263 -1.07253 0.923629 -7.68933 1.11506 -0.140957 -0.190284 0.0180205
1550.8 -0.383047 -7.62263 -0.881008 0.861416 -7.69531 1.18086 -0.165697 -0.192881 0.101251
1550.81 -0.191523 -7.81416 -0.957617 0.586241 -7.89392 1.2335 -0.187994 -0.195171 0.187077
1550.83 0.0383047 -7.92907 -1.14914 0.474975 -8.05663 1.23829 -0.192881 -0.200058 0.229838
1550.85 0.0383047 -8.27381 -1.18745 0.282353 -8.43709 1.1677 -0.203113 -0.204182 0.324369
1550.86 0.114914 -8.58025 -0.842703 0.128016 -8.78046 1.05165 -0.205403 -0.208916 0.400422
1550.88 0.497961 -8.84838 -0.804398 0.00478564 -8.91805 0.969093 -0.205098 -0.209527 0.424246
1550.9 0.766094 -8.81008 -0.766094 -0.191426 -9.02812 0.807577 -0.197462 -0.204945 0.452346
1550.91 0.842703 -8.65686 -0.383047 -0.495314 -9.05204 0.641276 -0.188605 -0.210901 0.444252
1550.93 0.842703 -9.07821 -0.497961 -0.574277 -9.11067 0.591027 -0.177609 -0.216094 0.402102
1550.95 0.995922 -9.30804 -0.191523 -0.684347 -9.43609 0.492921 -0.16921 -0.221286 0.371406
1550.96 1.18745 -9.57617 -0.344742 -0.696311 -9.87877 0.385244 -0.154243 -0.225257 0.311083
1550.98 1.07253 -10.1507 -0.153219 -0.759721 -10.5344 0.306281 -0.131489 -0.232434 0.261756
1551.0 1.07253 -10.7636 -0.0383047 -0.750149 -10.9208 0.251246 -0.115912 -0.236558 0.243888
1551.01 0.881008 -11.4914 0.0766094 -0.619741 -11.8552 0.147159 -0.0794125 -0.241139 0.229533
1551.03 0.842703 -12.449 0.0383047 -0.392423 -12.9021 0.00119641 -0.0323759 -0.244804 0.233809
1551.04 0.842703 -13.0619 0.229828 -0.311067 -13.3747 -0.0550349 -0.00794125 -0.245262 0.243582
1551.06 0.536266 -12.947 0.306437 -0.165105 -13.5123 -0.0634098 0.0549779 -0.246331 0.268017
1551.08 0.497961 -12.2575 0.114914 -0.181854 -12.658 -0.0155533 0.105222 -0.245262 0.281761
1551.09 0.65118 -12.1426 0.114914 -0.26321 -12.536 0.0239282 0.124769 -0.243277 0.291077
1551.11 0.57457 -12.2575 0.459656 -0.324227 -12.7095 -0.120837 0.160352 -0.243888 0.300851
1551.13 0.459656 -12.2575 0.306437 -0.167498 -12.6497 -0.323031 0.18219 -0.247095 0.311388
1551.14 0.689484 -12.1426 0.57457 -0.0885344 -12.5312 -0.355334 0.18891 -0.247553 0.238848
1551.16 0.383047 -11.3382 0.306437 0.0311067 -12.0 -0.319442 0.184939 -0.248469 0.169668
1551.18 0.268133 -10.687 -0.0383047 0.154337 -11.0154 -0.0179462 0.169362 -0.247706 -0.00885754
1551.19 0.191523 -10.1507 -0.191523 0.293121 -10.392 0.392423 0.145539 -0.241597 -0.166461
1551.21 0.268133 -9.806 -0.57457 0.350548 -10.1731 0.579063 0.135001 -0.239306 -0.219911
1551.23 0.0766094 -9.57617 -0.612875 0.418744 -9.86441 0.882951 0.113315 -0.23671 -0.266948
1551.24 0.191523 -9.26973 -0.804398 0.415155 -9.40738 0.985843 0.0911716 -0.235947 -0.249233
1551.26 -0.0766094 -8.73347 -0.689484 0.352941 -9.11905 0.987039 0.0794125 -0.232892 -0.208916
1551.28 0.191523 -8.46534 -0.689484 0.260818 -8.56152 0.906879 0.0546724 -0.233656 -0.0879646
1551.29 0.268133 -8.04398 -0.689484 0.124427 -8.10807 0.989432 0.0294742 -0.233809 0.0192422
1551.31 0.306437 -7.54602 -0.995922 0.135194 -7.85444 1.04566 0.0158825 -0.235794 0.0493274
1551.33 0.344742 -7.27789 -0.65118 0.144766 -7.49432 0.917647 -0.0377209 -0.246331 0.0560469
1551.35 0.268133 -7.23959 -0.57457 0.141176 -7.48355 0.848255 -0.0792598 -0.253509 -0.022602
1551.37 0.268133 -7.3928 -0.536266 0.129212 -7.4656 0.674776 -0.099571 -0.259618 -0.0749837
1551.38 0.306437 -7.50772 -0.459656 0.131605 -7.50987 0.601795 -0.140652 -0.265268 -0.164628
1551.4 0.306437 -7.46941 -0.497961 0.122034 -7.63191 0.644866 -0.173638 -0.281456 -0.219911
1551.41 0.344742 -7.69924 -0.536266 0.111266 -7.72283 0.634098 -0.189979 -0.281456 -0.225409
1551.43 0.229828 -7.85246 -0.497961 0.224925 -7.97049 0.624527 -0.213803 -0.30192 -0.191201
1551.45 0.0 -8.1589 -0.536266 0.385244 -8.32702 0.620937 -0.23335 -0.30925 -0.112094
1551.46 -0.114914 -8.54194 -0.191523 0.474975 -8.56271 0.582652 -0.234725 -0.319635 -0.0561996
1551.48 0.0766094 -9.11651 -0.459656 0.515653 -9.14776 0.569491 -0.241597 -0.317344 0.0917825
1551.5 0.0 -9.49956 -0.383047 0.672383 -9.77229 0.531206 -0.233198 -0.324217 0.21869
1551.51 -0.268133 -9.99752 -0.383047 0.721436 -10.0247 0.509671 -0.227547 -0.322842 0.291688
1551.53 -0.344742 -10.189 -0.268133 0.862612 -10.4387 0.470189 -0.208305 -0.319788 0.309556
1551.55 -0.459656 -10.304 -0.383047 0.969093 -10.5212 0.474975 -0.187383 -0.31429 0.322995
1551.56 -0.306437 -10.0741 -0.497961 0.990628 -10.453 0.533599 -0.166766 -0.304363 0.281151
1551.58 -0.383047 -10.1507 -0.306437 1.03131 -10.4136 0.434297 -0.159894 -0.302684 0.237474
1551.6 -0.421352 -10.6104 -0.153219 1.0014 -10.7306 0.404387 -0.139583 -0.29459 0.14111
1551.61 -0.306437 -11.2233 -0.153219 0.830309 -11.7392 0.427119 -0.116981 -0.294132 0.0609338
1551.63 -0.344742 -11.7212 -0.191523 0.602991 -12.1472 0.387637 -0.102473 -0.286648 0.0372628
1551.65 0.153219 -12.066 -0.191523 0.378066 -12.4487 0.448654 -0.0665843 -0.278402 0.0500909
1551.66 0.383047 -12.0277 -0.459656 0.0693918 -12.4403 0.454636 -0.0216857 -0.2839 0.136528
1551.68 0.306437 -12.2192 -0.268133 0.0789631 -12.4941 0.494118 0.000763581 -0.28451 0.230449
1551.7 0.497961 -12.2192 -0.229828 -0.0239282 -12.6269 0.471386 0.0378736 -0.285885 0.256869
1551.71 0.383047 -12.1426 -0.57457 -0.0909272 -12.6497 0.624527 0.0794125 -0.28955 0.286496
1551.73 0.536266 -12.2192 -0.459656 -0.150748 -12.5444 0.637687 0.0989602 -0.287259 0.28787
1551.74 0.57457 -11.6829 -0.306437 -0.0741775 -12.1316 0.628116 0.138514 -0.288176 0.263283
1551.76 0.497961 -11.185 -0.191523 -0.0993021 -11.4808 0.386441 0.171348 -0.28054 0.225104
1551.78 0.306437 -10.6104 -0.0766094 -0.0179462 -11.2331 0.330209 0.202044 -0.280998 0.195171
1551.79 0.268133 -10.304 -0.0766094 0.124427 -10.6959 0.211765 0.211512 -0.276569 0.17822
1551.81 0.383047 -10.2657 -0.191523 0.0598205 -10.6002 0.150748 0.224187 -0.276569 0.152258
1551.83 0.383047 -10.189 0.153219 -0.0251246 -10.331 -0.00957129 0.230754 -0.282372 0.174097
1551.84 0.421352 -9.806 0.383047 -0.0801595 -10.1456 -0.135194 0.227242 -0.283441 0.211512
1551.86 0.497961 -9.38465 0.612875 -0.178265 -9.6335 -0.336191 0.210901 -0.291841 0.343459
1551.88 0.536266 -8.84838 -0.383047 -0.198604 -9.02094 0.149551 0.171042 -0.286648 0.496481
1551.89 0.421352 -7.92907 -0.497961 -0.0346959 -8.41077 0.535992 0.150578 -0.284205 0.571159
1551.91 0.344742 -7.43111 -0.57457 -0.0658026 -7.62592 0.701097 0.0994183 -0.278707 0.64935
1551.92 0.268133 -7.12467 -0.421352 0.0502493 -7.35553 0.471386 0.047342 -0.265115 0.677907
1551.94 0.306437 -7.23959 -0.536266 0.0969093 -7.38066 0.527617 0.00580322 -0.251829 0.605673
1551.96 0.344742 -7.20128 -0.459656 0.13998 -7.37827 0.636491 -0.011301 -0.245415 0.56337
1551.97 0.421352 -7.50772 -0.383047 -0.00837488 -7.58525 0.612562 -0.0487165 -0.222049 0.495411
1551.99 0.65118 -7.50772 -0.536266 -0.0550349 -7.85444 0.735793 -0.0771217 -0.208458 0.314748
1552.01 0.612875 -7.81416 -0.497961 -0.226122 -7.89153 0.684347 -0.0881173 -0.198684 0.213803
1552.02 0.497961 -7.96737 -0.459656 -0.0849452 -8.08774 0.684347 -0.112246 -0.186925 0.110719
1552.04 0.65118 -7.92907 -0.536266 -0.303888 -8.16072 0.641276 -0.131183 -0.169362 0.0853684
1552.06 0.766094 -8.08229 -0.536266 -0.36012 -8.21455 0.569491 -0.13943 -0.161879 0.103236
1552.07 0.919312 -8.31211 -0.383047 -0.642473 -8.42034 0.498903 -0.152411 -0.155618 0.126296
1552.09 0.995922 -8.58025 -0.383047 -0.753739 -8.77687 0.465404 -0.154702 -0.154091 0.163406
1552.11 1.11084 -8.77177 -0.306437 -0.76331 -8.84387 0.344566 -0.156381 -0.147066 0.190743
1552.12 1.30236 -8.73347 -0.153219 -0.924826 -9.09631 0.31346 -0.156992 -0.144011 0.196546
1552.14 1.37897 -8.92499 -0.153219 -1.12463 -9.18484 0.289531 -0.151953 -0.140957 0.190284
1552.16 1.37897 -9.30804 -0.114914 -1.25982 -9.4337 0.22014 -0.145539 -0.14676 0.198531
1552.17 1.6471 -9.69109 -0.268133 -1.3675 -9.65264 0.212961 -0.139735 -0.148898 0.232587
1552.19 1.57049 -10.2657 -0.153219 -1.3328 -10.3741 0.374477 -0.131183 -0.143553 0.379347
1552.21 1.57049 -10.3806 -0.153219 -1.26341 -10.7282 0.348156 -0.117592 -0.1321 0.510072
1552.22 1.68541 -10.9551 -0.0766094 -1.23589 -11.0393 0.297906 -0.102014 -0.119271 0.498924
1552.24 1.80032 -11.4531 -0.191523 -1.33639 -11.6136 0.379262 -0.0885754 -0.11301 0.447917
1552.26 1.6471 -11.4531 -0.0383047 -1.24666 -11.8588 0.346959 -0.0552833 -0.107818 0.301462
1552.27 1.49388 -11.2233 0.0 -1.19641 -11.793 0.289531 -0.0178678 -0.103236 0.130878
1552.29 1.83862 -11.3765 -0.153219 -1.24187 -11.6626 0.160319 0.000152716 -0.101404 0.0759
1552.31 1.72371 -12.1043 0.536266 -1.41535 -12.3721 0.0334995 0.033903 -0.0957531 0.0623082
1552.32 1.6471 -12.7555 0.306437 -1.3328 -13.1115 -0.119641 0.0720821 -0.0836885 0.120188
1552.34 1.41727 -12.947 0.306437 -1.21316 -13.3292 -0.230907 0.089339 -0.0806342 0.140499
1552.36 1.22575 -12.3341 0.804398 -1.0349 -12.9823 -0.472582 0.1237 -0.0800233 0.0832304
1552.37 1.18745 -11.7212 0.612875 -0.847059 -12.0993 -0.65683 0.142179 -0.0711658 -0.0719294
1552.39 1.26405 -11.0318 0.689484 -0.795613 -11.726 -0.65683 0.142942 -0.0673479 -0.201738
1552.4 1.18745 -10.4572 1.03423 -1.04925 -11.0536 -0.649651 0.12706 -0.0670424 -0.511294
1552.42 1.34066 -9.72939 0.536266 -0.951147 -10.0522 -0.403191 0.103542 -0.0647517 -0.638965
1552.44 1.45558 -9.03991 0.306437 -1.02054 -9.55573 -0.308674 0.0749837 -0.0511599 -0.591317
1552.45 1.07253 -8.12059 -0.344742 -0.85663 -8.49571 0.0801595 0.0574213 -0.0432187 -0.541532
1552.47 1.07253 -7.58433 -0.689484 -0.845862 -7.67976 0.650847 0.0319177 -0.0375682 -0.40256
1552.49 1.03423 -7.23959 -0.612875 -0.664008 -7.47517 0.941576 0.00733038 -0.0377209 -0.207083
1552.5 0.57457 -7.12467 -0.919312 -0.386441 -7.26461 1.30409 0.000763581 -0.0407752 -0.126144
1552.52 0.497961 -7.43111 -1.03423 -0.066999 -7.4991 1.36989 -0.0180205 -0.0366519 -0.00901026
1552.53 0.268133 -7.66094 -1.26405 -0.00957129 -7.59721 1.27298 -0.0267254 -0.0319177 0.0618501
1552.55 0.268133 -8.08229 -0.804398 0.336191 -8.01715 1.18445 -0.0294742 -0.0346666 0.0855211
1552.57 -0.0766094 -8.38873 -0.727789 0.337388 -8.41196 0.85663 -0.0311541 -0.0221439 0.146913
1552.58 -0.153219 -8.84838 -0.383047 0.478564 -8.97189 0.550349 -0.0326813 -0.0122173 0.227853
1552.6 0.191523 -9.15482 -0.306437 0.214158 -9.03888 0.396012 -0.0335976 -0.00305432 0.26145
1552.62 0.268133 -9.34634 -0.344742 0.2668 -9.62991 0.204586 -0.0415388 0.00244346 0.274889
1552.63 0.268133 -9.92091 0.0766094 0.226122 -9.99362 0.0993021 -0.0433714 0.00962113 0.200058
1552.65 0.229828 -9.8443 -0.229828 0.344566 -10.1755 0.0825523 -0.0505491 0.0210748 0.0627664
1552.67 0.344742 -9.76769 0.153219 0.191426 -10.1456 0.174676 -0.0591012 0.023671 -0.0129809
1552.68 0.421352 -9.72939 -0.268133 -0.00717846 -9.96969 0.315852 -0.0638354 0.0331394 -0.113621
1552.7 0.344742 -9.65278 -0.344742 -0.0442672 -9.84407 0.380459 -0.0639881 0.0397062 -0.11637
1552.72 0.57457 -9.72939 0.0383047 -0.124427 -9.95174 0.391226 -0.0603229 0.0413861 -0.0899499
1552.73 0.383047 -9.99752 -0.497961 -0.185444 -10.0606 0.27996 -0.0494801 0.0412334 -0.0294742
1552.75 0.612875 -9.92091 -0.421352 -0.273978 -10.2461 0.547956 -0.03711 0.0403171 0.0143553
1552.77 0.421352 -10.0358 -0.383047 -0.202193 -10.2592 0.624527 -0.0308487 0.0474948 0.056505
1552.78 0.306437 -10.0358 -0.459656 -0.206979 -10.325 0.6999 -0.00946841 0.0503964 0.135917
1552.8 0.459656 -10.1124 -0.57457 -0.267996 -10.3693 0.722632 0.00946841 0.0566577 0.194713
1552.82 0.459656 -10.1507 -0.497961 -0.392423 -10.5117 0.726221 0.0152716 0.0649044 0.175776
1552.83 0.995922 -10.5338 -0.65118 -0.552742 -10.8443 0.70349 0.0319177 0.0705549 0.129503
1552.85 0.919312 -10.9551 -0.727789 -0.62333 -11.3898 0.64008 0.0484111 0.0792598 0.0345139
1552.87 0.957617 -11.185 -0.383047 -0.735793 -11.5502 0.550349 0.0702495 0.0873537 -0.030696
1552.88 1.45558 -11.1467 -0.0383047 -1.00259 -11.5992 0.305085 0.0792598 0.0928515 -0.0523817
1552.9 1.76202 -11.0318 -0.0766094 -1.31725 -11.3707 0.174676 0.107818 0.090408 -0.0523817
1552.91 1.6471 -10.687 0.191523 -1.51226 -10.9125 0.0370887 0.1321 0.0853684 0.0268781
1552.93 1.83862 -10.4955 0.268133 -1.50748 -10.7462 -0.0598205 0.142484 0.0859793 0.0864374
1552.95 1.68541 -10.4189 0.459656 -1.48355 -10.66 -0.254835 0.153633 0.0864374 0.166919
1552.96 1.68541 -10.1507 0.919312 -1.40219 -10.5452 -0.385244 0.160199 0.0835358 0.133016
1552.98 1.72371 -10.0741 0.689484 -1.39621 -10.4267 -0.470189 0.160352 0.081245 0.00946841
1553.0 1.76202 -9.61448 0.612875 -1.43091 -10.0487 -0.538385 0.152716 0.0832304 -0.065668
1553.01 1.83862 -9.53786 0.459656 -1.53739 -9.76511 -0.555135 0.132252 0.0870483 -0.226478
1553.03 1.80032 -9.26973 0.881008 -1.57926 -9.65384 -0.5001 0.110414 0.0855211 -0.362396
1553.05 1.87693 -9.38465 0.421352 -1.60319 -9.55932 -0.311067 0.0971275 0.0842994 -0.410959
1553.06 1.68541 -9.30804 0.0766094 -1.49073 -9.52702 0.0251246 0.0675006 0.0842994 -0.452804
1553.08 1.53219 -9.30804 -0.306437 -1.42134 -9.40618 0.392423 0.0354302 0.0809396 -0.438448
1553.1 1.6471 -9.15482 -0.459656 -1.39143 -9.38345 0.57667 0.0212276 0.0797179 -0.430049
1553.11 1.6088 -9.15482 -0.842703 -1.3651 -9.28893 0.887737 -0.00503964 0.0733038 -0.404393
1553.13 1.41727 -9.03991 -0.421352 -1.12582 -9.22792 1.07797 -0.0241292 0.06353 -0.345291
1553.15 1.37897 -8.88668 -0.881008 -0.982253 -9.07597 1.11864 -0.0325286 0.0560469 -0.311541
1553.16 0.919312 -8.65686 -0.957617 -0.727418 -8.84148 1.12223 -0.0470366 0.0531453 -0.239306
1553.18 0.842703 -8.42703 -0.842703 -0.597009 -8.58425 1.0337 -0.057574 0.0510072 -0.167072
1553.19 0.804398 -8.23551 -0.689484 -0.53001 -8.51366 0.94995 -0.0649044 0.0496328 -0.133321
1553.21 0.65118 -8.23551 -0.344742 -0.488136 -8.41436 0.753739 -0.0752891 0.0502437 -0.0763581
1553.23 0.766094 -8.1589 -0.421352 -0.463011 -8.44547 0.607777 -0.0884227 0.0479529 -0.0424551
1553.24 0.804398 -8.31211 -0.383047 -0.45344 -8.47418 0.526421 -0.0948368 0.0490219 -0.0248928
1553.26 0.536266 -8.50364 -0.153219 -0.369691 -8.54477 0.40678 -0.105985 0.0525344 -0.023671
1553.28 0.65118 -8.58025 -0.421352 -0.334995 -8.68834 0.300299 -0.11637 0.0542143 -0.014508
1553.29 0.689484 -8.61855 -0.191523 -0.336191 -8.74457 0.276371 -0.120493 0.0542143 0.0100793
1553.31 0.65118 -8.77177 -0.0766094 -0.409173 -8.85942 0.206979 -0.120646 0.0514654 0.0345139
1553.33 0.727789 -8.92499 -0.0383047 -0.524028 -9.02931 0.184247 -0.120188 0.0525344 0.102625
1553.34 0.842703 -9.07821 0.0 -0.580259 -9.1358 0.187837 -0.115759 0.0548251 0.19563
1553.36 0.919312 -9.23143 0.114914 -0.646062 -9.38824 0.238086 -0.109956 0.052229 0.241292
1553.37 1.03423 -9.46126 -0.0383047 -0.741775 -9.71246 0.272782 -0.0991129 0.0560469 0.317803
1553.39 1.07253 -9.53786 -0.191523 -0.777667 -9.87398 0.29671 -0.0803288 0.0497855 0.358425
1553.41 0.995922 -9.806 -0.229828 -0.759721 -9.95174 0.303888 -0.0719294 0.0471893 0.36713
1553.42 1.14914 -9.99752 -0.114914 -0.836291 -10.1192 0.369691 -0.0537561 0.0442877 0.36209
1553.44 1.18745 -9.99752 -0.0383047 -0.945165 -10.2652 0.339781 -0.0377209 0.0439823 0.335059
1553.46 1.07253 -10.1507 -0.114914 -0.994217 -10.337 0.318245 -0.0308487 0.0448986 0.298255
1553.47 1.34066 -10.2657 -0.306437 -1.11864 -10.5332 0.290728 -0.0129809 0.0343612 0.275958
1553.49 1.45558 -10.3423 -0.0383047 -1.22632 -10.6229 0.224925 0.000610865 0.036041 0.238543
1553.51 1.57049 -10.3423 0.0383047 -1.24068 -10.6229 0.205783 0.0169515 0.0320704 0.217163
1553.52 1.53219 -10.2273 0.191523 -1.22512 -10.5392 0.0849452 0.0232129 0.0337503 0.209221
1553.54 1.37897 -10.0358 0.344742 -1.17607 -10.4578 -0.0311067 0.033903 0.0308487 0.207541
1553.56 1.57049 -10.0741 0.421352 -1.19761 -10.3801 -0.136391 0.0421497 0.0326813 0.224798
1553.57 1.57049 -10.0741 0.344742 -1.19641 -10.3669 -0.189033 0.0433714 0.0364992 0.23671
1553.59 1.6088 -10.0741 0.306437 -1.34716 -10.3095 -0.190229 0.0479529 0.0287107 0.248928
1553.61 1.80032 -9.99752 0.306437 -1.44646 -10.2999 -0.190229 0.0453567 0.0319177 0.24908
1553.62 1.80032 -10.1124 0.268133 -1.49432 -10.3848 -0.168694 0.0418443 0.0342084 0.243124
1553.64 1.72371 -10.4572 0.191523 -1.49073 -10.7163 -0.0921237 0.03711 0.0319177 0.202196
1553.66 1.57049 -10.8785 -0.0766094 -1.34955 -11.1147 0.0849452 0.0363465 0.0267254 0.129656
1553.67 1.53219 -10.8785 -0.0766094 -1.2682 -11.2451 0.161515 0.0375682 0.0280998 0.0297797
1553.69 1.41727 -10.8402 -0.344742 -1.22991 -11.208 0.437886 0.0397062 0.0308487 -0.0261145
1553.71 1.57049 -10.6104 -0.344742 -1.07677 -11.0142 0.587438 0.0412334 0.0251982 -0.137139
1553.72 1.14914 -10.4955 -0.497961 -0.92004 -10.9412 0.616152 0.0409279 0.0271835 -0.212276
1553.74 0.842703 -10.2657 -0.344742 -0.62333 -10.7605 0.649651 0.0374155 0.0329867 -0.231823
1553.75 0.804398 -9.99752 -0.57457 -0.433101 -10.4327 0.662812 0.0335976 0.033903 -0.255494
1553.77 0.804398 -9.806 -0.421352 -0.434297 -10.2413 0.642473 0.0265726 0.0375682 -0.258854
1553.79 0.65118 -9.57617 -0.459656 -0.435494 -9.89193 0.616152 0.022602 0.0409279 -0.246026
1553.8 0.804398 -9.42295 -0.497961 -0.556331 -9.58564 0.537189 0.0180205 0.0407752 -0.210596
1553.82 0.842703 -9.11651 -0.383047 -0.600598 -9.24228 0.473779 0.0164934 0.0378736 -0.185856
1553.84 0.65118 -8.81008 -0.344742 -0.660419 -9.07956 0.434297 0.0154243 0.0401644 -0.178373
1553.85 0.881008 -8.61855 0.114914 -0.668794 -8.76371 0.380459 0.0171042 0.0372628 -0.171348
1553.87 0.842703 -8.35042 -0.114914 -0.612562 -8.60698 0.27996 0.0200058 0.0313068 -0.159283
1553.89 0.689484 -8.46534 -0.0383047 -0.556331 -8.62373 0.245264 0.0209221 0.0282525 -0.150273
1553.9 0.65118 -8.61855 -0.0766094 -0.439083 -8.71466 0.125623 0.0171042 0.0253509 -0.125533
1553.92 0.536266 -8.65686 -0.0383047 -0.385244 -8.92163 0.0885344 0.00839939 0.0221439 -0.0926988
1553.94 0.57457 -8.92499 -0.0766094 -0.352941 -9.05444 0.113659 -0.00549779 0.0212276 -0.0503964
1553.95 0.536266 -8.96329 -0.191523 -0.235693 -9.11785 0.248853 -0.0106901 0.0158825 -0.0406225
1553.97 0.421352 -9.11651 -0.0383047 -0.189033 -9.26261 0.361316 -0.0277944 0.00977384 -0.0478002
1553.99 0.65118 -9.07821 -0.0766094 -0.22014 -9.38106 0.447458 -0.0377209 0.00106901 -0.0545197
1554.0 0.57457 -9.26973 -0.383047 -0.210568 -9.42054 0.458225 -0.0445931 -0.00122173 -0.0503964
1554.02 0.497961 -9.26973 -0.268133 -0.193819 -9.4325 0.368495 -0.0526871 -0.0065668 -0.0323759
1554.03 0.57457 -9.42295 -0.191523 -0.212961 -9.62154 0.294317 -0.0545197 -0.013439 -0.0160352
1554.05 0.65118 -9.46126 -0.229828 -0.236889 -9.69452 0.241675 -0.0552833 -0.0171042 -0.0111483
1554.07 0.497961 -9.57617 -0.268133 -0.244068 -9.83809 0.0945165 -0.0499382 -0.0261145 -0.0129809
1554.08 0.536266 -9.65278 0.0766094 -0.204586 -9.95773 0.0155533 -0.047342 -0.0271835 -0.0326813
1554.1 0.459656 -9.806 0.191523 -0.175872 -10.0391 -0.0442672 -0.0445931 -0.0291688 -0.0685696
1554.12 0.421352 -9.99752 0.306437 -0.178265 -10.2209 -0.124427 -0.033903 -0.0392481 -0.0925461
1554.13 0.536266 -10.0358 0.842703 -0.212961 -10.3442 -0.147159 -0.0264199 -0.0386372 -0.142026
1554.15 0.57457 -10.1124 0.421352 -0.252443 -10.3669 -0.141176 -0.0180205 -0.0435241 -0.193797
1554.17 0.612875 -10.2273 0.306437 -0.336191 -10.471 -0.0801595 -0.0100793 -0.0479529 -0.217926
1554.18 0.612875 -10.5338 0.229828 -0.379262 -10.8778 -0.0801595 0.000916298 -0.0478002 -0.257938
1554.2 0.536266 -10.8402 0.114914 -0.215354 -11.2846 -0.100499 0.0166461 -0.055436 -0.274126
1554.22 0.536266 -10.9934 0.229828 -0.161515 -11.3336 -0.0717846 0.0241292 -0.0539089 -0.278096
1554.23 0.459656 -10.9551 0.229828 -0.165105 -11.3551 0.00119641 0.0416915 -0.0587958 -0.302225
1554.25 0.689484 -10.687 0.0383047 -0.217747 -11.0943 0.061017 0.0569632 -0.0603229 -0.332005
1554.26 0.536266 -10.4955 0.0766094 -0.22014 -10.9292 0.0658026 0.0594066 -0.0587958 -0.379653
1554.28 0.689484 -10.1124 0.153219 -0.327816 -10.6026 0.0454636 0.0714712 -0.0665843 -0.407752
1554.3 0.689484 -9.92091 -0.229828 -0.238086 -10.2855 0.112463 0.0725402 -0.0749837 -0.46609
1554.31 0.383047 -9.95922 0.0766094 -0.17348 -10.2102 0.138784 0.0679587 -0.0757473 -0.521221
1554.33 0.421352 -9.69109 -0.0383047 -0.0275174 -9.97448 0.171087 0.0568105 -0.079107 -0.538019
1554.35 0.268133 -9.46126 0.114914 0.0562313 -9.80578 0.276371 0.0484111 -0.0940732 -0.556498
1554.36 0.344742 -9.38465 -0.268133 0.0969093 -9.65504 0.354138 0.0310014 -0.100335 -0.534965
1554.38 0.268133 -9.26973 -0.421352 0.205783 -9.40499 0.40678 0.0187841 -0.104458 -0.506712
1554.4 0.0766094 -9.03991 -0.459656 0.305085 -9.2674 0.473779 -0.0018326 -0.116828 -0.430049
1554.41 -0.0383047 -9.07821 -0.57457 0.433101 -9.20758 0.558724 -0.0233656 -0.124006 -0.331089
1554.43 -0.191523 -9.0016 -0.497961 0.490529 -9.17886 0.58983 -0.030696 -0.131794 -0.278554
1554.45 -0.191523 -9.07821 -0.421352 0.628116 -9.1669 0.642473 -0.0481056 -0.136834 -0.171195
1554.46 -0.268133 -9.19312 -0.459656 0.665205 -9.31645 0.65324 -0.0574213 -0.145691 -0.0647517
1554.48 -0.0766094 -9.30804 -0.57457 0.679561 -9.43609 0.635294 -0.0600175 -0.148593 0.0378736
1554.5 -0.268133 -9.46126 -0.383047 0.725025 -9.75793 0.514457 -0.0581849 -0.152258 0.0897971
1554.51 -0.0766094 -9.8443 -0.344742 0.796809 -10.0642 0.42353 -0.0568105 -0.154243 0.172875
1554.53 -0.306437 -9.92091 -0.268133 0.748953 -10.2796 0.332602 -0.0458149 -0.157603 0.206472
1554.55 -0.0383047 -9.92091 0.0 0.675972 -10.3119 0.289531 -0.0407752 -0.163254 0.207236
1554.56 -0.0766094 -9.95922 -0.153219 0.504885 -10.1898 0.281157 -0.0354302 -0.167072 0.192575
1554.58 -0.0766094 -9.61448 -0.153219 0.302692 -9.86441 0.297906 -0.036041 -0.176082 0.153327
1554.6 0.268133 -9.34634 -0.229828 0.215354 -9.74596 0.305085 -0.0387899 -0.183107 0.111788
1554.61 0.268133 -9.30804 0.0 0.0646062 -9.50788 0.244068 -0.0409279 -0.184481 0.0920879
1554.63 0.421352 -9.19312 -0.0766094 0.00717846 -9.37747 0.198604 -0.0427606 -0.197768 0.0642935
1554.65 0.421352 -9.11651 0.0766094 -0.0251246 -9.29013 0.107677 -0.0436769 -0.20861 0.0603229
1554.66 0.344742 -9.15482 0.114914 -0.0251246 -9.21476 0.0454636 -0.0435241 -0.215941 0.074831
1554.68 0.229828 -9.07821 0.268133 -0.00957129 -9.15613 -0.0729811 -0.0410807 -0.226631 0.11973
1554.7 0.268133 -8.96329 0.306437 0.0227318 -9.18963 -0.256032 -0.0404698 -0.229533 0.173944
1554.71 0.421352 -9.07821 0.497961 0.00717846 -9.22313 -0.31346 -0.0380264 -0.232892 0.195782
1554.73 0.344742 -9.23143 0.497961 0.00119641 -9.33918 -0.405583 -0.0354302 -0.238085 0.233809
1554.74 0.536266 -9.34634 0.421352 -0.0275174 -9.51625 -0.405583 -0.0290161 -0.248928 0.257785
1554.76 0.344742 -9.26973 0.383047 -0.0454636 -9.55932 -0.416351 -0.0253509 -0.259312 0.266337
1554.78 0.536266 -9.34634 0.459656 -0.144766 -9.58325 -0.362513 -0.0209221 -0.266184 0.269392
1554.79 0.459656 -9.46126 0.421352 -0.179462 -9.67896 -0.324227 -0.0189368 -0.276569 0.264199
1554.81 0.536266 -9.61448 0.536266 -0.09332 -9.82612 -0.289531 -0.00931569 -0.290314 0.251829
1554.83 0.383047 -9.72939 0.306437 -0.00598205 -9.87757 -0.291924 -0.00473421 -0.293521 0.244957
1554.84 0.268133 -9.8443 0.57457 0.167498 -10.1468 -0.344566 0.00595593 -0.297033 0.231976
1554.86 0.191523 -10.0741 0.497961 0.260818 -10.3178 -0.388834 0.0250455 -0.304516 0.223729
1554.88 0.153219 -10.304 0.727789 0.270389 -10.4566 -0.39003 0.0421497 -0.308487 0.237016
1554.89 -0.114914 -10.7253 0.536266 0.300299 -10.7988 -0.40678 0.054367 -0.313985 0.253204
1554.91 -0.0383047 -10.9168 0.612875 0.41994 -11.2702 -0.485743 0.071624 -0.313068 0.293368
1554.93 0.0383047 -11.3382 0.766094 0.48335 -11.6626 -0.620937 0.0959058 -0.314901 0.325744
1554.94 -0.0766094 -11.4148 0.689484 0.480957 -11.7739 -0.65683 0.107818 -0.315206 0.33399
1554.96 -0.229828 -11.3765 0.766094 0.452243 -11.6231 -0.719043 0.132558 -0.316734 0.357662
1554.98 0.268133 -11.2616 0.689484 0.0837488 -11.5226 -0.579063 0.151036 -0.316886 0.403934
1554.99 0.229828 -11.0318 0.536266 -0.163908 -11.4604 -0.479761 0.156992 -0.315054 0.49755
1555.01 0.727789 -10.9551 0.383047 -0.581456 -11.3563 -0.211765 0.173028 -0.319482 0.572533
1555.03 0.881008 -10.6487 0.497961 -0.64008 -11.0548 -0.0430708 0.191506 -0.328187 0.721431
1555.04 0.766094 -10.3423 0.191523 -0.61017 -10.8299 0.0155533 0.203418 -0.332769 0.811229
1555.06 0.919312 -9.92091 0.0383047 -0.443868 -10.337 0.0179462 0.205098 -0.334296 0.827722
1555.08 0.536266 -9.72939 0.114914 -0.208175 -9.90389 -0.0370887 0.198226 -0.336281 0.806342
1555.09 0.536266 -9.49956 0.344742 -0.0394815 -9.90269 -0.128016 0.173333 -0.337656 0.676533
1555.11 0.383047 -9.23143 0.268133 -0.0251246 -9.61914 -0.160319 0.159741 -0.337045 0.572533
1555.13 0.459656 -8.84838 0.306437 0.159123 -9.27816 -0.166301 0.119119 -0.336892 0.329714
1555.14 0.114914 -8.38873 0.0766094 0.269192 -8.69671 -0.0478564 0.0762054 -0.326813 0.0461203
1555.16 0.153219 -8.35042 -0.0766094 0.319442 -8.66919 0.0478564 0.0361938 -0.319941 -0.205709
1555.18 0.0 -8.08229 -0.191523 0.417547 -8.32463 0.22014 0.0201585 -0.311847 -0.290466
1555.19 -0.0766094 -7.77585 -0.306437 0.574277 -8.1009 0.385244 -0.0131336 -0.298255 -0.366366
1555.21 -0.383047 -7.92907 -0.229828 0.658026 -8.0327 0.574277 -0.0467312 -0.283289 -0.363159
1555.23 -0.344742 -7.77585 -0.536266 0.876969 -7.91904 0.646062 -0.0665843 -0.271988 -0.341932
1555.24 -0.421352 -7.62263 -0.612875 0.990628 -7.81496 0.765703 -0.0942259 -0.260687 -0.290619
1555.26 -0.57457 -7.62263 -0.804398 1.11864 -7.73121 0.850648 -0.120188 -0.248317 -0.219148
1555.28 -0.421352 -7.77585 -0.65118 1.11625 -7.78983 0.880558 -0.128434 -0.244346 -0.170431
1555.29 -0.497961 -8.1972 -0.57457 1.08634 -8.34975 0.863809 -0.141873 -0.225257 -0.0432187
1555.31 -0.536266 -9.26973 -0.497961 1.00259 -9.54736 0.717846 -0.143095 -0.212428 0.0314596
1555.32 -0.344742 -9.76769 -0.421352 1.03131 -9.90509 0.622134 -0.136986 -0.205556 0.0248928
1555.34 -0.306437 -9.99752 0.0766094 1.02054 -10.2544 0.363709 -0.126449 -0.185703 -0.0186314
1555.36 -0.383047 -10.1124 -0.229828 0.997807 -10.4889 0.12323 -0.111177 -0.171653 -0.0612392
1555.37 -0.383047 -10.2657 0.229828 1.00259 -10.5464 0.0323031 -0.101862 -0.167377 -0.0788016
1555.39 -0.383047 -10.3806 0.306437 1.0337 -10.6875 -0.0382852 -0.0859793 -0.156534 -0.120646
1555.41 -0.497961 -10.304 0.0383047 1.08275 -10.7378 -0.0837488 -0.0687223 -0.148746 -0.173028
1555.42 -0.497961 -10.4189 0.344742 1.11386 -10.6959 -0.0634098 -0.0616974 -0.142484 -0.192423
1555.44 -0.536266 -10.4189 0.306437 1.15932 -10.6983 -0.0801595 -0.0458149 -0.128434 -0.197157
1555.45 -0.65118 -10.4955 0.344742 1.18923 -10.8012 -0.0753739 -0.0270308 -0.121715 -0.172722
1555.47 -0.536266 -10.5721 0.191523 1.19043 -10.8287 -0.0502493 -0.0190895 -0.111025 -0.157298
1555.48 -0.497961 -10.5721 0.191523 1.18923 -10.855 0.0131605 -0.00458149 -0.0978911 -0.122478
1555.5 -0.57457 -10.4189 -0.0766094 1.22154 -10.8455 0.0275174 0.00824668 -0.101709 -0.112246
1555.52 -0.612875 -10.4955 0.0 1.21795 -10.8239 0.104088 0.0222966 -0.0884227 -0.0888809
1555.53 -0.57457 -10.5721 -0.0383047 1.24786 -10.8299 0.135194 0.0358883 -0.0768163 -0.0673479
1555.55 -0.536266 -10.5721 -0.0383047 1.18684 -10.8203 0.136391 0.0433714 -0.068875 -0.0558941
1555.56 -0.459656 -10.7253 0.153219 1.07797 -11.0824 0.150748 0.0626137 -0.0664316 -0.0164934
1556.16 0.459656 -9.95922 0.459656 -0.0646062 -10.1396 -0.195015 -0.0762054 -0.113315 0.162185
1556.17 0.344742 -10.189 0.459656 0.0155533 -10.4686 -0.163908 -0.054367 -0.117286 0.162796
1556.19 0.268133 -10.4955 0.421352 0.136391 -10.727 -0.147159 -0.0445931 -0.116981 0.147677
1556.21 0.114914 -10.7253 0.306437 0.351745 -11.0429 -0.0789631 -0.0137445 -0.120951 0.126907
1556.22 -0.0383047 -11.185 0.114914 0.565902 -11.5645 0.0239282 0.0142026 -0.116064 0.0890336
1556.24 0.0 -11.6446 0.459656 0.544367 -11.8816 0.0562313 0.047342 -0.108887 0.0681114
1556.26 -0.0383047 -11.7978 -0.0766094 0.528814 -12.2345 0.124427 0.0664316 -0.10736 0.0623082
1556.27 0.0383047 -11.3765 -0.0383047 0.553938 -11.9043 0.212961 0.101709 -0.107054 0.0158825
1556.29 -0.0383047 -10.7636 -0.114914 0.507278 -11.129 0.248853 0.121257 -0.0994183 -0.0917825
1556.31 0.229828 -10.5721 -0.421352 0.391226 -10.9555 0.199801 0.126449 -0.100335 -0.142026
1556.32 -0.153219 -10.9168 -0.191523 0.443868 -11.1458 0.31346 0.126602 -0.100487 -0.162796
1556.34 -0.306437 -10.9551 -0.229828 0.736989 -11.3695 0.348156 0.127824 -0.101556 -0.133474
1556.36 -0.497961 -10.8019 -0.191523 0.946361 -11.3037 0.351745 0.127671 -0.104153 -0.110108
1556.37 -0.57457 -10.6104 -0.153219 1.22632 -10.9878 0.339781 0.119271 -0.106443 -0.0830777
1556.39 -0.727789 -10.4955 -0.306437 1.39023 -10.7617 0.461814 0.0989602 -0.0997237 -0.0815505
1556.4 -0.995922 -10.2657 -0.344742 1.4656 -10.6899 0.534796 0.0759 -0.0934624 -0.0768163
1556.42 -0.881008 -10.1124 -0.383047 1.50628 -10.4136 0.664008 0.0652099 -0.089339 -0.0647517
1556.44 -0.995922 -9.53786 -0.497961 1.51107 -9.8668 0.715454 0.0450513 -0.086132 -0.0177151
1556.45 -0.766094 -9.11651 -0.612875 1.50389 -9.56291 0.814756 0.0222966 -0.0778853 0.0598648
1556.47 -0.536266 -8.27381 -0.881008 1.23948 -8.77926 0.844666 0.010232 -0.0749837 0.103389
1556.49 -0.344742 -7.96737 -0.536266 0.915254 -8.12602 0.865005 -0.011301 -0.0693332 0.184481
1556.5 -0.421352 -7.58433 -0.689484 0.550349 -7.66062 0.933201 -0.0297797 -0.0690278 0.24908
1556.52 -0.0383047 -7.27789 -0.689484 0.451047 -7.52782 0.965504 -0.0390954 -0.0722348 0.273209
1556.54 -0.0383047 -7.12467 -0.689484 0.39003 -7.35314 0.977468 -0.06353 -0.0705549 0.29291
1556.55 0.153219 -7.20128 -0.957617 0.354138 -7.2993 0.975075 -0.0913243 -0.0807869 0.248928
1556.57 0.153219 -6.85654 -0.689484 0.363709 -7.25504 0.93679 -0.125838 -0.0829249 0.162185
1556.59 0.114914 -7.04806 -0.344742 0.416351 -7.14616 0.796809 -0.142332 -0.0923933 0.111636
1556.6 0.0 -7.16298 -0.383047 0.495314 -7.36869 0.693918 -0.181732 -0.0949895 0.0256563
1556.62 -0.229828 -7.54602 -0.459656 0.587438 -7.74078 0.535992 -0.207389 -0.106291 -0.0294742
1556.64 -0.344742 -7.96737 -0.191523 0.781256 -8.00758 0.4666 -0.222049 -0.102473 -0.0364992
1556.65 -0.344742 -8.58025 -0.421352 0.932004 -8.62253 0.325424 -0.228769 -0.110108 -0.0235183
1556.67 -0.57457 -9.11651 0.306437 1.23111 -9.49472 0.166301 -0.228311 -0.11133 0.0397062
1556.69 -0.689484 -10.0358 0.0 1.47517 -9.95055 0.0837488 -0.222049 -0.110719 0.0749837
1556.7 -1.03423 -10.4189 0.153219 1.75872 -10.6421 -0.0430708 -0.201891 -0.102931 0.133321
1556.72 -1.03423 -10.5338 0.383047 1.70608 -10.8479 -0.193819 -0.171653 -0.0937678 0.169362
1556.73 -0.957617 -10.8402 0.727789 1.63789 -10.995 -0.308674 -0.154091 -0.0908662 0.189368
1556.75 -0.57457 -11.0318 0.65118 1.38903 -11.3683 -0.539581 -0.118202 -0.0803288 0.230449
1556.77 -0.612875 -11.4148 0.766094 1.25384 -11.6004 -0.619741 -0.0789543 -0.0699441 0.287412
1556.78 -0.421352 -11.6829 0.919312 1.01815 -12.0371 -0.753739 -0.0574213 -0.0655153 0.332463
1556.8 -0.344742 -12.1043 0.727789 0.794417 -12.3733 -0.57667 -0.00503964 -0.064599 0.441197
1556.81 -0.0766094 -12.1809 1.03423 0.2668 -12.5492 -0.707079 0.0435241 -0.0557414 0.578336
1556.83 0.0383047 -12.2192 0.881008 -0.0251246 -12.591 -0.768096 0.0690278 -0.0572686 0.63362
1556.85 0.689484 -12.0277 0.536266 -0.282353 -12.469 -0.539581 0.111025 -0.0560469 0.670272
1556.86 1.03423 -11.8361 0.344742 -0.691525 -12.128 -0.235693 0.144164 -0.0600175 0.613156
1556.88 1.37897 -11.6446 0.114914 -0.927218 -12.0945 -0.0526421 0.158367 -0.0621555 0.470213
1556.9 1.41727 -11.5297 -0.153219 -1.2347 -12.0514 0.26321 0.175929 -0.0731511 0.388968
1556.91 1.76202 -11.2616 -0.65118 -1.28255 -11.6662 0.557528 0.186925 -0.0870483 0.173486
1556.93 1.87693 -10.9168 -0.842703 -1.42253 -11.4712 0.754935 0.176082 -0.0949895 -0.13042
1556.95 2.10676 -10.7253 -0.881008 -1.73719 -11.2391 1.11506 0.167224 -0.106749 -0.276875
1556.96 2.06845 -10.2657 -0.919312 -1.74437 -10.6576 1.22632 0.129503 -0.113774 -0.503047
1556.98 1.80032 -9.34634 -0.957617 -1.46201 -9.57368 1.15932 0.0885754 -0.135765 -0.663857
1557.0 1.49388 -8.96329 -0.919312 -1.30409 -9.21236 1.14377 0.0632245 -0.142179 -0.706923
1557.01 1.03423 -8.46534 -1.03423 -0.887737 -8.62373 1.21675 0.0255036 -0.158367 -0.684932
1557.03 0.612875 -8.04398 -0.957617 -0.364905 -8.18584 1.17248 -0.00794125 -0.165086 -0.551917
1557.05 0.421352 -7.62263 -0.804398 -0.151944 -7.9681 1.11864 -0.0375682 -0.166766 -0.403171
1557.06 0.114914 -7.31619 -0.804398 0.270389 -7.53739 0.988235 -0.0514654 -0.165239 -0.345597
1557.08 0.0766094 -7.16298 -0.65118 0.568295 -7.36869 0.829113 -0.0771217 -0.162337 -0.260687
1557.1 -0.306437 -7.23959 -0.65118 0.701097 -7.33639 0.65683 -0.101709 -0.159436 -0.202044
1557.11 -0.383047 -7.23959 -0.383047 0.918843 -7.34955 0.539581 -0.11469 -0.152411 -0.179136
1557.13 -0.497961 -7.31619 -0.383047 1.02173 -7.46082 0.354138 -0.143401 -0.145844 -0.135917
1557.15 -0.344742 -7.3928 0.0383047 1.04566 -7.54935 0.2668 -0.174249 -0.138514 -0.0946841
1557.16 -0.344742 -7.58433 -0.344742 1.066 -7.62114 0.25005 -0.189368 -0.134238 -0.081245
1557.18 -0.383047 -7.69924 -0.191523 1.08156 -7.82453 0.294317 -0.212734 -0.133169 -0.0694859
1557.19 -0.536266 -7.92907 -0.306437 1.06241 -8.05304 0.299103 -0.23503 -0.122326 -0.0583376
1557.21 -0.459656 -8.04398 -0.383047 1.07916 -8.17986 0.267996 -0.240528 -0.125075 -0.0502437
1557.23 -0.612875 -8.31211 -0.191523 1.27896 -8.49571 0.218943 -0.249844 -0.117439 -0.0233656
1557.24 -0.957617 -8.88668 -0.153219 1.61874 -9.02572 0.148355 -0.248928 -0.104458 0.00717767
1557.26 -1.11084 -9.57617 -0.114914 1.69651 -9.46002 0.149551 -0.239765 -0.0956004 0.0351248
1557.28 -0.919312 -10.0741 -0.153219 1.66421 -10.2915 0.196211 -0.229074 -0.08827 0.0529926
1557.29 -0.65118 -10.5721 -0.0383047 1.32443 -10.8407 0.153141 -0.205709 -0.0768163 0.114385
1557.31 -0.421352 -10.6104 0.383047 1.06361 -10.9639 0.138784 -0.173791 -0.0693332 0.213803
1557.32 -0.0383047 -10.7253 0.229828 0.503689 -11.0381 0.0777667 -0.157298 -0.0664316 0.26985
1557.34 0.344742 -10.7636 0.0766094 -0.0239282 -10.9986 0.0442672 -0.124616 -0.0639881 0.387747
1557.36 0.459656 -10.4572 0.153219 -0.137587 -10.9316 0.0550349 -0.0948368 -0.0642935 0.476627
1557.37 0.497961 -10.304 -0.153219 -0.239282 -10.7653 0.0646062 -0.0803288 -0.0682642 0.502742
1557.39 0.536266 -10.3806 0.114914 -0.240479 -10.7043 0.040678 -0.0580322 -0.0697913 0.496786
1557.41 0.57457 -10.7253 0.0766094 -0.30987 -10.8275 0.0275174 -0.0319177 -0.073762 0.450818
1557.42 1.14914 -11.6446 0.114914 -0.750149 -11.6566 0.0239282 -0.0157298 -0.0786489 0.434172
1557.44 1.6471 -12.1809 0.0766094 -1.14377 -12.4989 0.026321 0.0183259 -0.0821613 0.423024
1557.46 1.34066 -12.449 0.153219 -1.20479 -12.737 0.0442672 0.0578795 -0.0956004 0.364534
1557.47 1.14914 -12.6405 0.0766094 -0.613759 -13.0421 0.0311067 0.0705549 -0.0943787 0.288787
1557.49 0.306437 -12.6022 0.114914 0.00717846 -13.1234 -0.0311067 0.102014 -0.103694 0.0702495
1557.51 0.153219 -12.3724 0.612875 0.507278 -12.7777 -0.276371 0.123089 -0.0998765 -0.118661
1557.52 0.114914 -11.9128 0.497961 0.624527 -12.5779 -0.385244 0.130267 -0.0959058 -0.186161
1557.54 -0.344742 -11.3765 0.344742 0.83988 -11.8792 -0.2668 0.133932 -0.0836885 -0.227547
1557.56 -0.153219 -9.92091 0.229828 0.811167 -10.7832 -0.0969093 0.131641 -0.0675006 -0.136376
1557.58 -0.268133 -9.23143 -0.268133 0.620937 -9.64307 0.00957129 0.122937 -0.0638354 -0.0936151
1557.6 -0.229828 -8.92499 -0.114914 0.477368 -9.01974 0.112463 0.106291 -0.0594066 -0.0109956
1557.61 -0.0383047 -8.69516 -0.0766094 0.476171 -8.78644 0.228514 0.0821613 -0.0542143 0.0729984
1557.63 -0.0766094 -8.35042 -0.0766094 0.435494 -8.65005 0.272782 0.0733038 -0.0516181 0.102931
1557.65 0.268133 -8.1589 -0.229828 0.300299 -8.33899 0.308674 0.0542143 -0.0511599 0.131031
1557.66 0.229828 -8.00568 -0.421352 0.104088 -8.12841 0.443868 0.0348193 -0.0551306 0.111483
1557.68 0.383047 -7.89076 -0.344742 0.116052 -8.09013 0.525224 0.014508 -0.071624 0.0876591
1557.7 0.421352 -7.89076 -0.459656 0.11007 -8.14756 0.602991 0.00122173 -0.0696386 0.0739146
1557.71 0.344742 -8.00568 -0.459656 0.0693918 -8.20738 0.665205 -0.0316123 -0.0820086 0.0397062
1557.73 0.344742 -8.12059 -0.459656 0.0155533 -8.23011 0.675972 -0.0671951 -0.089339 -0.00442877
1557.74 0.421352 -8.04398 -0.536266 -0.020339 -8.20858 0.655633 -0.0833831 -0.0945314 -0.0235183
1557.76 0.344742 -8.04398 -0.65118 0.0370887 -8.30309 0.632901 -0.112705 -0.108887 -0.057574
1557.78 0.344742 -8.23551 -0.421352 0.0921237 -8.4993 0.581456 -0.137445 -0.116675 -0.0592539
1557.79 0.344742 -8.54194 -0.229828 0.0658026 -8.58664 0.567099 -0.147371 -0.118813 -0.0479529
1557.81 0.268133 -8.69516 -0.306437 0.15673 -8.77567 0.461814 -0.158367 -0.128129 -0.00610865
1557.83 0.114914 -8.88668 -0.268133 0.344566 -9.09392 0.308674 -0.159283 -0.133779 0.0267254
1557.84 0.191523 -9.26973 -0.0766094 0.435494 -9.30927 0.2333 -0.154549 -0.13607 0.0374155
1557.86 -0.344742 -9.72939 0.0766094 0.660419 -9.81535 0.0442672 -0.149204 -0.13439 0.0397062
1557.88 -0.383047 -9.92091 0.0383047 0.939182 -10.2018 -0.136391 -0.129503 -0.135765 0.0387899
1557.89 -0.306437 -9.99752 0.421352 1.02652 -10.3083 -0.234497 -0.106596 -0.129351 0.0138972
1557.91 -0.268133 -10.189 0.689484 1.03729 -10.465 -0.42353 -0.0940732 -0.126449 -0.0100793
1557.93 -0.421352 -10.5721 0.689484 0.845862 -10.8383 -0.585045 -0.071013 -0.118202 -0.0589485
1557.94 -0.421352 -11.1467 0.57457 0.993021 -11.5717 -0.647258 -0.0390954 -0.116523 -0.0896445
