1397.91 -8.69516 -1.41727 0.268133 9.42293 -1.5996 -0.116052 0.0487165 -0.133932 0.0534507
1397.93 -8.1972 -1.07253 0.344742 9.32483 -1.33878 -0.0454636 0.0407752 -0.137139 0.0684169
1397.95 -8.1972 -1.6471 0.306437 9.16929 -1.5338 0.0239282 0.033903 -0.142484 0.103083
1397.96 -8.50364 -1.68541 0.268133 9.26501 -1.74197 0.061017 0.0322231 -0.143706 0.138056
1397.98 -8.1589 -1.80032 -0.0383047 9.12144 -1.85324 0.17348 0.0340557 -0.147066 0.230602
1398.0 -8.12059 -1.91523 -0.153219 9.06042 -2.06501 0.240479 0.036041 -0.160199 0.268322
1398.01 -8.50364 -2.25998 -0.0766094 9.28893 -2.28514 0.273978 0.0334449 -0.165697 0.230907
1398.03 -9.07821 -2.91116 0.153219 9.89911 -2.98624 0.2668 0.0354302 -0.166766 0.199142
1398.05 -9.11651 -3.33251 -0.0383047 10.8622 -3.47318 0.111266 0.0397062 -0.16081 0.106138
1398.06 -10.687 -3.21759 0.229828 11.6566 -3.30209 -0.0191426 0.0484111 -0.151953 -0.0161879
1398.08 -10.4955 -2.56641 0.268133 11.7619 -2.9683 -0.0598205 0.0529926 -0.146149 -0.0798706
1398.1 -10.189 -2.10676 0.0383047 11.4066 -2.30548 -0.0562313 0.0545197 -0.125838 -0.178067
1398.11 -9.806 -1.6471 0.191523 10.8395 -1.77787 0.0227318 0.0537561 -0.109345 -0.20861
1398.13 -9.88261 -1.22575 0.153219 10.593 -1.47398 0.0239282 0.0503964 -0.0972803 -0.183412
1398.15 -9.30804 -0.842703 0.0383047 10.2305 -0.923629 0.0394815 0.0464257 -0.0931569 -0.156687
1398.16 -9.15482 -0.421352 -0.114914 9.95055 -0.580259 0.0251246 0.0426078 -0.0928515 -0.090408
1398.18 -8.54194 -0.497961 0.229828 9.57248 -0.624527 0.066999 0.0313068 -0.0885754 -0.0400117
1398.2 -8.65686 -0.65118 0.191523 9.52582 -0.72981 0.0622134 0.0287107 -0.0940732 -0.0316123
1398.21 -8.92499 -0.766094 -0.0766094 9.7675 -0.878166 0.0119641 0.0216857 -0.0920879 -0.0213803
1398.23 -9.15482 -0.881008 0.421352 10.1085 -0.928415 -0.0837488 0.0160352 -0.0954477 -0.0302378
1398.24 -9.03991 -0.766094 0.421352 10.142 -0.90329 -0.144766 0.0146608 -0.0939205 -0.0326813
1398.26 -9.15482 -0.957617 0.344742 10.0678 -1.0337 -0.199801 0.00733038 -0.0930042 -0.0514654
1398.28 -9.11651 -1.18745 0.459656 9.98883 -1.20598 -0.204586 0.00122173 -0.0884227 -0.0804815
1398.29 -9.19312 -0.995922 0.153219 10.0893 -1.22752 -0.245264 -0.00198531 -0.0888809 -0.0937678
1398.31 -9.38465 -0.842703 0.306437 10.2712 -0.940379 -0.273978 -0.00794125 -0.0826195 -0.0902553
1398.32 -9.53786 -0.65118 0.57457 10.3083 -0.74656 -0.289531 -0.0146608 -0.076969 -0.0545197
1398.34 -9.38465 -0.421352 0.383047 10.2461 -0.48335 -0.281157 -0.0207694 -0.0691805 -0.0288634
1398.36 -9.23143 -0.497961 0.459656 10.142 -0.477368 -0.239282 -0.0274889 -0.0708604 0.00488692
1398.37 -9.26973 -0.383047 0.268133 10.0618 -0.507278 -0.234497 -0.03711 -0.0659734 0.0213803
1398.39 -9.15482 -0.57457 0.383047 9.98524 -0.528814 -0.229711 -0.0438296 -0.0606284 0.0293215
1398.41 -9.07821 -0.612875 0.497961 10.0068 -0.74656 -0.153141 -0.0528398 -0.0626137 0.044135
1398.42 -9.07821 -0.804398 0.191523 10.0116 -0.833898 -0.132802 -0.0563523 -0.0632245 0.0488692
1398.44 -9.0016 -0.957617 0.268133 9.80459 -1.06122 -0.0729811 -0.0644463 -0.0633773 0.0329867
1398.45 -8.73347 -1.30236 0.229828 9.59402 -1.31844 -0.0167498 -0.0714712 -0.064599 -0.0119119
1398.47 -8.84838 -1.37897 0.0766094 9.53779 -1.43809 0.0239282 -0.074831 -0.06353 -0.0412334
1398.48 -8.50364 -1.34066 0.0383047 9.3344 -1.47278 0.0478564 -0.0803288 -0.0658207 -0.0986547
1398.5 -8.46534 -1.18745 0.268133 9.30688 -1.38903 0.040678 -0.0815505 -0.0697913 -0.123547
1398.51 -8.88668 -0.919312 0.306437 9.47079 -1.15813 0.0251246 -0.0821613 -0.0844521 -0.172569
1398.53 -8.96329 -0.842703 0.268133 9.69093 -0.892523 -0.0394815 -0.0942259 -0.0815505 -0.218384
1398.54 -9.19312 -0.766094 0.383047 10.0786 -0.884148 -0.0323031 -0.0965167 -0.0842994 -0.241444
1399.15 -8.58025 -0.919312 0.268133 9.51745 -0.855434 0.257228 0.0213803 -0.0926988 0.0581849
1399.16 -8.88668 -0.727789 -0.0383047 9.75314 -0.775274 0.29671 0.025809 -0.0980438 0.066737
1399.18 -8.88668 -0.727789 0.0 9.97687 -0.798006 0.287139 0.0294742 -0.101556 0.0662789
1399.2 -9.57617 -0.689484 -0.268133 10.4578 -0.819541 0.281157 0.0340557 -0.100487 0.0488692
1399.21 -9.806 -0.612875 -0.114914 10.6146 -0.719043 0.302692 0.0357356 -0.0980438 0.0157298
1399.23 -9.34634 -0.497961 -0.114914 10.4195 -0.58983 0.27996 0.0377209 -0.0960585 -0.0239765
1399.24 -9.11651 -0.383047 -0.114914 9.88714 -0.273978 0.259621 0.0352775 -0.0946841 -0.0448986
1399.26 -8.84838 -0.153219 -0.114914 9.72921 -0.0909272 0.221336 0.0305433 -0.0913243 -0.0755945
1399.28 -8.84838 -0.153219 0.268133 9.74477 -0.0921237 0.217747 0.0294742 -0.0962113 -0.0862847
1399.29 -9.23143 -0.344742 0.0383047 9.96969 -0.185444 0.2668 0.0235183 -0.0978911 -0.0911716
1399.31 -9.15482 -0.268133 -0.153219 10.1886 -0.2668 0.275174 0.02474 -0.096364 -0.0833831
1399.32 -9.26973 -0.268133 -0.0383047 10.2042 -0.209372 0.281157 0.0224493 -0.091477 -0.0684169
1399.34 -9.11651 -0.153219 -0.306437 10.1109 -0.0370887 0.2668 0.0219911 -0.0907135 -0.0583376
1399.36 -9.03991 -0.114914 -0.0766094 9.868 -0.0550349 0.239282 0.0210748 -0.0894917 -0.0348193
1399.37 -8.92499 -0.229828 -0.0383047 9.88714 -0.0717846 0.277567 0.0221439 -0.0907135 -0.0116064
1399.39 -9.15482 -0.268133 -0.268133 9.90748 -0.155533 0.277567 0.0224493 -0.0873537 -0.000610865
1399.41 -9.07821 -0.306437 -0.0766094 9.92423 -0.2668 0.30987 0.0244346 -0.0972803 0.0203113
1399.42 -8.88668 -0.421352 -0.114914 10.1097 -0.319442 0.308674 0.0302378 -0.097433 0.0395535
1399.44 -9.26973 -0.383047 -0.0383047 10.1635 -0.336191 0.285942 0.0282525 -0.091477 0.047342
1399.46 -9.26973 -0.153219 0.0766094 10.0881 -0.257228 0.20339 0.0352775 -0.0997237 0.0574213
1399.47 -9.34634 -0.229828 0.114914 10.1252 -0.184247 0.102891 0.0363465 -0.100182 0.0862847
1399.49 -9.19312 -0.114914 0.191523 10.1061 -0.132802 0.0562313 0.0394008 -0.102931 0.129351
1399.51 -9.23143 -0.153219 0.114914 10.0211 -0.0323031 0.0227318 0.0410807 -0.106596 0.147982
1399.52 -9.19312 -0.153219 0.306437 9.92782 0.0837488 0.0311067 0.0421497 -0.10568 0.20632
1399.54 -9.0016 -0.153219 0.0766094 9.91107 0.0729811 0.124427 0.0433714 -0.109192 0.284969
1399.56 -9.0016 -0.0766094 -0.0383047 9.83809 -0.0299103 0.184247 0.0418443 -0.106443 0.314137
1399.57 -9.19312 0.0 -0.344742 10.0786 -0.0299103 0.265603 0.0416915 -0.116217 0.314595
1399.59 -9.15482 -0.153219 -0.153219 10.142 -0.17348 0.265603 0.0342084 -0.114385 0.236405
1399.61 -9.23143 -0.344742 0.0766094 10.1539 -0.270389 0.244068 0.0322231 -0.117592 0.166766
1399.62 -9.30804 -0.344742 0.0383047 10.1444 -0.329013 0.0921237 0.0244346 -0.124006 -0.021533
1399.64 -9.30804 -0.383047 0.306437 10.1922 -0.30987 -0.0119641 0.0157298 -0.1237 -0.221133
1399.66 -9.19312 -0.344742 0.191523 10.203 -0.269192 -0.0155533 0.00916297 -0.126296 -0.351553
1399.67 -9.19312 -0.229828 0.191523 10.0905 -0.124427 0.0155533 0.00763582 -0.126907 -0.369421
1399.69 -9.07821 -0.114914 0.268133 9.94576 -0.020339 0.0119641 0.00870483 -0.12538 -0.325286
1399.71 -9.19312 -0.153219 0.153219 9.92782 0.12682 0.0251246 0.00763582 -0.126296 -0.222508
1399.72 -9.03991 0.0766094 0.191523 9.91466 0.171087 0.0275174 0.00794125 -0.128282 -0.166461
1399.74 -9.07821 0.0766094 0.114914 9.87159 0.252443 0.026321 0.00488692 -0.132405 -0.0668897
1399.76 -8.96329 0.153219 0.229828 9.7328 0.205783 0.0370887 0.0 -0.128434 0.00946841
1399.77 -8.61855 0.0383047 -0.153219 9.65982 0.171087 0.0741775 -0.00122173 -0.127671 0.0704022
1399.79 -8.81008 -0.191523 0.114914 9.60359 0.0526421 0.181854 -0.00610865 -0.124158 0.0908662
1399.81 -8.88668 0.0 -0.0766094 9.84407 0.0215354 0.229711 -0.0065668 -0.121409 0.0934624
1399.82 -9.19312 -0.114914 -0.229828 10.0008 -0.0239282 0.26321 -0.0106901 -0.105527 0.0762054
1399.84 -9.42295 -0.114914 -0.191523 10.2831 -0.0358923 0.354138 -0.0125227 -0.0930042 0.0759
1399.85 -9.46126 -0.229828 -0.268133 10.4339 -0.11007 0.467797 -0.0143553 -0.073762 0.0946841
1399.87 -9.53786 -0.229828 -0.383047 10.4207 -0.100499 0.472582 -0.0128282 -0.057574 0.129045
1399.89 -9.42295 -0.229828 -0.344742 10.3513 -0.0897308 0.460618 -0.0164934 -0.0470366 0.136681
1399.9 -9.26973 -0.153219 -0.383047 10.1659 -0.0586241 0.337388 -0.0207694 -0.0404698 0.0997237
1399.92 -8.96329 -0.0766094 0.344742 9.97328 -0.0311067 0.17348 -0.031765 -0.0398589 0.00244346
1399.94 -8.84838 -0.153219 0.0 9.71964 -0.0382852 0.125623 -0.0395535 -0.0432187 -0.0609338
1399.95 -8.81008 -0.114914 0.229828 9.70887 -0.118445 0.0346959 -0.0534507 -0.0581849 -0.209985
1399.97 -9.07821 -0.344742 0.344742 9.91585 -0.265603 -0.118445 -0.0655153 -0.0723875 -0.364686
1399.99 -9.07821 -0.344742 0.65118 9.98883 -0.321834 -0.162712 -0.067806 -0.0803288 -0.434783
1400.0 -9.19312 -0.344742 0.689484 10.0618 -0.40678 -0.26321 -0.0746782 -0.0864374 -0.515265
1400.02 -9.34634 -0.306437 0.612875 9.93021 -0.349352 -0.288335 -0.0729984 -0.0855211 -0.506712
1400.04 -9.03991 -0.153219 0.421352 9.87398 -0.252443 -0.257228 -0.0699441 -0.0853684 -0.469908
1400.05 -9.03991 -0.0766094 0.153219 9.81416 -0.0693918 -0.178265 -0.0671951 -0.0862847 -0.468534
1400.07 -9.11651 0.114914 0.153219 9.98764 0.0849452 -0.0538385 -0.0671951 -0.0832304 -0.51557
1400.09 -8.92499 0.268133 0.153219 10.0678 0.36012 0.0287139 -0.0704022 -0.0781907 -0.636216
1400.1 -9.19312 0.459656 0.0383047 10.0307 0.434297 0.0550349 -0.0704022 -0.0797179 -0.709214
1400.12 -9.03991 0.459656 0.114914 9.92901 0.556331 0.0909272 -0.0733038 -0.089339 -0.823752
1400.14 -9.03991 0.383047 -0.229828 9.89791 0.60658 0.0897308 -0.0736092 -0.0888809 -0.856127
1400.15 -9.0016 0.766094 0.268133 9.85125 0.742971 0.09332 -0.0696386 -0.0922406 -0.837496
1400.17 -9.11651 0.881008 0.229828 9.82134 1.08156 0.0586241 -0.0618501 -0.0948368 -0.735176
1400.18 -9.07821 0.957617 0.306437 9.92662 1.38784 0.0239282 -0.0500909 -0.0980438 -0.554818
1400.2 -9.19312 1.18745 0.191523 9.9338 1.5673 0.0215354 -0.0447459 -0.100487 -0.448986
1400.22 -9.15482 1.57049 0.191523 9.91227 1.81376 0.00478564 -0.0343612 -0.099571 -0.224951
1400.23 -9.07821 1.76202 -0.0383047 9.85244 2.00997 0.0239282 -0.0273362 -0.0942259 -0.0109956
1400.25 -9.03991 1.80032 -0.153219 9.81176 2.03031 0.0227318 -0.0244346 -0.0884227 0.0821613
1400.26 -9.03991 1.6088 0.268133 9.80219 1.90229 0.0239282 -0.021533 -0.0879646 0.219911
1400.28 -8.96329 1.53219 0.153219 9.80818 1.76351 0.0143569 -0.0175624 -0.0926988 0.283441
1400.3 -9.0016 1.30236 0.306437 9.80937 1.6666 0.0251246 -0.0184787 -0.0943787 0.290314
1400.31 -9.0016 1.14914 0.0766094 9.89432 1.46321 0.020339 -0.0206167 -0.0919352 0.280845
1400.33 -9.11651 0.919312 0.191523 10.002 1.23709 -0.00119641 -0.0222966 -0.0923933 0.24343
1400.35 -9.15482 0.804398 0.421352 10.0175 1.15573 -0.00717846 -0.0212276 -0.0917825 0.207389
1400.36 -9.23143 0.689484 0.191523 10.0522 1.01097 -0.020339 -0.0227547 -0.0917825 0.188299
1400.38 -9.15482 0.689484 0.191523 9.96132 0.92004 -0.0334995 -0.0206167 -0.0913243 0.15684
1400.4 -8.92499 0.766094 0.0383047 9.87877 0.912862 -0.066999 -0.0180205 -0.0931569 0.126755
1400.41 -8.84838 0.727789 0.114914 9.8321 0.915254 -0.061017 -0.0195477 -0.0905607 0.109039
1400.43 -8.88668 0.766094 0.191523 9.80339 0.939182 -0.0777667 -0.0189368 -0.0911716 0.0739146
1400.45 -8.81008 0.65118 0.268133 9.87039 1.0002 -0.0562313 -0.0171042 -0.0936151 0.041997
1400.46 -9.07821 0.957617 -0.0383047 9.90748 1.05165 -0.040678 -0.0161879 -0.0943787 0.0210748
1400.48 -9.23143 0.881008 0.497961 9.99242 1.15813 -0.0227318 -0.0146608 -0.0920879 0.0164934
1400.5 -9.23143 0.919312 0.191523 9.94098 1.22154 0.0155533 -0.0137445 -0.0949895 0.0248928
1400.51 -9.0016 0.957617 0.153219 9.89312 1.24905 0.020339 -0.0132863 -0.0934624 0.0478002
1400.53 -8.69516 1.03423 0.0766094 9.80578 1.29332 0.00119641 -0.0143553 -0.0888809 0.0671951
1400.55 -8.84838 0.881008 0.268133 9.75554 1.31127 -0.0167498 -0.0160352 -0.0901026 0.0975857
1400.56 -8.61855 1.07253 0.229828 9.76989 1.2682 -0.0287139 -0.0146608 -0.0936151 0.121409
1400.58 -8.88668 0.919312 0.306437 9.78066 1.24905 -0.0191426 -0.0151189 -0.0926988 0.129503
1400.59 -8.96329 1.07253 0.229828 9.87039 1.22991 -0.0526421 -0.0149662 -0.0986547 0.143401
1400.61 -9.19312 0.881008 0.306437 9.97448 1.22512 -0.061017 -0.0164934 -0.0969748 0.148746
1400.63 -9.15482 0.881008 0.344742 9.98285 1.2335 -0.0622134 -0.0146608 -0.100335 0.145997
1400.64 -9.23143 0.957617 0.383047 9.9673 1.22154 -0.0801595 -0.0197004 -0.0934624 0.143401
1400.66 -9.11651 0.842703 0.344742 9.91585 1.2012 -0.061017 -0.0198531 -0.096364 0.133474
1400.68 -9.0016 0.804398 0.268133 9.93859 1.17009 -0.0526421 -0.0218384 -0.0934624 0.119119
1400.69 -9.11651 0.957617 0.191523 9.94457 1.10309 0.00119641 -0.0248928 -0.0930042 0.111025
1400.71 -9.15482 0.766094 0.229828 9.96849 1.04327 -0.00119641 -0.0261145 -0.0933096 0.0940732
1400.73 -9.03991 0.689484 0.114914 9.9649 0.984646 0.0191426 -0.025809 -0.097433 0.0788016
1400.74 -9.0016 0.881008 0.0383047 9.93859 0.969093 -0.00239282 -0.02474 -0.097433 0.0749837
1400.76 -9.0016 0.65118 0.421352 9.83689 0.951147 -0.00358923 -0.0255036 -0.100182 0.0691805
1400.78 -9.15482 0.727789 0.114914 9.85005 0.959521 -0.00957129 -0.0248928 -0.0988074 0.0658207
1400.79 -9.07821 0.65118 0.0 9.94098 0.95354 -0.0143569 -0.0256563 -0.0989602 0.0618501
1400.81 -9.11651 0.804398 0.536266 10.0211 0.970289 -0.0323031 -0.0253509 -0.102167 0.0474948
1400.83 -8.92499 0.842703 0.229828 10.0259 1.00379 -0.020339 -0.0285579 -0.0943787 0.0335976
1400.84 -9.23143 0.689484 0.229828 10.014 1.01815 -0.00717846 -0.0273362 -0.0936151 0.0238237
1400.86 -9.0016 0.612875 0.191523 9.94935 1.00618 -0.0119641 -0.0290161 -0.0928515 0.0207694
1400.88 -9.15482 0.727789 0.114914 9.9015 1.03848 0.0155533 -0.0302378 -0.0899499 0.0180205
1400.89 -9.03991 0.804398 0.459656 9.89552 1.08514 0.0251246 -0.0271835 -0.0965167 0.0114537
1400.91 -9.03991 0.842703 0.306437 9.90868 1.12463 0.0251246 -0.0285579 -0.0931569 0.0105374
1400.93 -9.07821 0.919312 -0.0766094 9.92184 1.133 0.0275174 -0.0271835 -0.0972803 0.00488692
1400.94 -9.0016 0.766094 0.191523 9.9314 1.15095 0.0323031 -0.031765 -0.0925461 0.000610865
1400.96 -9.03991 0.881008 0.536266 9.97208 1.13659 0.0275174 -0.0305433 -0.0933096 0.00641408
1400.98 -9.26973 0.881008 0.114914 9.98046 1.13779 0.0358923 -0.0294742 -0.0971275 0.0114537
1400.99 -9.07821 0.842703 0.114914 9.97567 1.11027 0.0287139 -0.0334449 -0.091477 0.0271835
1401.01 -9.26973 0.727789 0.191523 9.94696 1.11266 0.040678 -0.031765 -0.0945314 0.02474
1401.02 -9.19312 0.842703 0.612875 9.94098 1.11386 0.0239282 -0.0346666 -0.090408 0.0210748
1401.04 -9.03991 0.881008 0.306437 9.97567 1.11864 0.0239282 -0.0334449 -0.090408 0.00809396
1401.06 -9.07821 0.804398 0.344742 9.99482 1.1318 0.0239282 -0.031765 -0.0943787 0.00259618
1401.07 -9.0016 1.07253 0.0383047 9.96132 1.15454 0.0107677 -0.0361938 -0.0887282 0.00473421
1401.09 -9.03991 0.957617 0.0766094 9.93739 1.19282 0.0119641 -0.0368046 -0.0870483 0.00855211
1401.11 -8.96329 0.957617 0.191523 9.93021 1.18325 0.0227318 -0.0377209 -0.0888809 0.0119119
1401.12 -8.92499 0.919312 0.229828 9.87159 1.18325 0.0215354 -0.0380264 -0.085063 0.00992656
1401.14 -8.96329 0.995922 0.229828 9.85603 1.15693 0.0251246 -0.0380264 -0.0917825 0.00167988
1401.16 -9.0016 0.881008 0.0766094 9.89193 1.17607 0.0287139 -0.0398589 -0.0891863 -0.0074831
1401.17 -9.0016 0.804398 0.306437 9.91107 1.15693 0.0323031 -0.0400117 -0.091477 -0.0111483
1401.19 -9.11651 0.919312 0.0383047 9.99123 1.1665 0.0562313 -0.0418443 -0.0902553 -0.0155771
1401.2 -9.15482 0.766094 0.153219 9.96012 1.15214 0.0825523 -0.0453567 -0.0849102 -0.011301
1401.22 -9.0016 0.881008 0.229828 9.91346 1.15095 0.0849452 -0.0444404 -0.0853684 -0.00763582
1401.24 -9.07821 1.07253 0.0766094 9.83928 1.18923 0.108873 -0.0436769 -0.0827722 -0.000458149
1401.25 -9.07821 0.919312 0.0383047 9.8656 1.21795 0.155533 -0.045204 -0.0847575 0.00366519
1401.27 -9.07821 0.957617 -0.153219 9.86441 1.23589 0.185444 -0.0458149 -0.085063 -0.00335976
1401.29 -9.0016 0.995922 -0.153219 9.91466 1.22154 0.214158 -0.0491747 -0.0832304 -0.00549779
1401.3 -9.11651 0.881008 -0.0766094 9.95892 1.23829 0.241675 -0.0470366 -0.0867428 -0.021533
1401.32 -9.26973 0.881008 -0.0766094 9.98405 1.22034 0.240479 -0.0487165 -0.0899499 -0.0316123
1401.33 -9.23143 0.995922 -0.229828 9.97208 1.22154 0.211765 -0.0485638 -0.0875064 -0.0326813
1401.35 -9.07821 0.881008 -0.0383047 9.9003 1.26461 0.183051 -0.0496328 -0.0890336 -0.0429133
1401.37 -9.0016 1.07253 0.114914 9.86201 1.34118 0.136391 -0.0488692 -0.0862847 -0.0497855
1401.38 -8.96329 1.14914 0.114914 9.8345 1.39621 0.114855 -0.0493274 -0.0865901 -0.0499382
1401.4 -9.03991 1.22575 0.114914 9.83809 1.47637 0.0574277 -0.0502437 -0.0896445 -0.043066
1401.42 -8.96329 1.11084 0.153219 9.87159 1.46201 0.0693918 -0.0500909 -0.08827 -0.0291688
1401.43 -9.19312 1.14914 0.0766094 9.93021 1.44407 0.0693918 -0.0471893 -0.0896445 -0.0198531
1401.45 -9.23143 1.11084 -0.114914 9.95773 1.38784 0.0634098 -0.0494801 -0.0835358 0.0119119
1401.47 -9.0016 1.03423 0.0383047 9.90868 1.31964 0.101695 -0.0468839 -0.0858265 0.045204
1401.48 -9.0016 1.03423 0.0 9.868 1.3005 0.125623 -0.0447459 -0.085063 0.0704022
1401.5 -8.81008 0.881008 -0.0766094 9.85005 1.25743 0.167498 -0.043066 -0.085063 0.0774271
1401.52 -8.84838 0.881008 -0.191523 9.87637 1.23589 0.212961 -0.0412334 -0.0835358 0.0801761
1401.53 -9.0016 1.03423 -0.383047 9.84766 1.18923 0.248853 -0.0412334 -0.0859793 0.0676533
1401.55 -9.03991 0.957617 -0.153219 9.83928 1.1665 0.232104 -0.0406225 -0.0855211 0.0548251
1401.57 -9.03991 0.842703 -0.114914 9.88714 1.18923 0.230907 -0.0395535 -0.0846048 0.0357356
1401.58 -9.07821 1.11084 -0.229828 9.94696 1.27178 0.214158 -0.0361938 -0.091477 0.0180205
1401.6 -9.0016 1.14914 0.153219 9.97807 1.35075 0.204586 -0.0358883 -0.0923933 0.00977384
1401.62 -9.19312 1.34066 -0.114914 9.98883 1.60917 0.198604 -0.0358883 -0.0902553 -0.00274889
1401.63 -9.23143 1.41727 -0.191523 10.0786 1.70967 0.196211 -0.0389426 -0.08827 0.0103847
1401.65 -9.26973 1.45558 -0.0383047 10.1468 1.68933 0.191426 -0.0407752 -0.0897971 0.029627
1401.67 -9.11651 1.37897 -0.114914 9.94457 1.74676 0.105284 -0.0438296 -0.0798706 0.0774271
1401.68 -9.19312 1.49388 0.114914 9.97687 1.77547 0.0634098 -0.0438296 -0.0838412 0.116981
1401.7 -9.23143 1.49388 0.0 9.92782 1.79342 0.0514457 -0.0424551 -0.0868956 0.14844
1401.71 -8.96329 1.18745 -0.0766094 9.88834 1.54337 0.0562313 -0.0485638 -0.0818559 0.158061
1401.73 -8.96329 1.34066 0.0383047 9.87637 1.42134 0.0622134 -0.0511599 -0.0833831 0.116064
1401.75 -9.11651 1.30236 0.0383047 9.96371 1.61396 0.066999 -0.0546724 -0.0838412 0.068875
1401.76 -9.0016 0.804398 0.0766094 9.88953 1.21077 0.026321 -0.0586431 -0.0807869 0.0487165
1401.78 -8.92499 0.612875 0.344742 9.7998 0.911665 0.0753739 -0.0603229 -0.0844521 -0.0129809
1401.8 -8.81008 0.612875 0.0766094 9.64905 0.808774 0.101695 -0.0626137 -0.0859793 -0.078038
1401.81 -8.69516 0.421352 0.0766094 9.6682 0.608973 0.107677 -0.06353 -0.0855211 -0.108276
1401.83 -8.81008 0.344742 -0.0766094 9.65863 0.358923 0.154337 -0.0580322 -0.0948368 -0.186161
1401.85 -9.30804 0.459656 0.114914 10.0594 0.468993 0.258425 -0.052229 -0.0957531 -0.256716
1401.86 -9.49956 0.459656 -0.0383047 10.3848 0.540778 0.281157 -0.0505491 -0.0917825 -0.262672
1401.88 -9.42295 0.804398 -0.0383047 10.3466 0.957129 0.273978 -0.0390954 -0.0916298 -0.250913
1401.89 -9.23143 0.957617 0.0 9.95892 1.23829 0.171087 -0.0380264 -0.0809396 -0.191201
1401.91 -9.0016 1.14914 0.0 9.74716 1.39143 0.142373 -0.034972 -0.0788016 -0.105985
1401.93 -8.92499 1.83862 0.0 9.58804 2.09372 0.150748 -0.0267254 -0.0836885 -0.0704022
1401.95 -9.11651 2.18337 0.0 10.0606 2.35693 0.130409 -0.0285579 -0.0865901 -0.013439
1401.96 -9.19312 1.95354 0.0 10.1803 2.36291 0.111266 -0.0343612 -0.0818559 0.0497855
1401.98 -9.19312 1.80032 0.0766094 10.0439 2.1655 0.0729811 -0.0348193 -0.0807869 0.0926988
1401.99 -8.84838 1.72371 0.306437 9.7352 1.95494 0.0299103 -0.033903 -0.0778853 0.198073
1402.01 -8.65686 1.37897 0.536266 9.61316 1.71206 0.00837488 -0.0335976 -0.0818559 0.301004
1402.03 -8.84838 1.30236 0.268133 9.65025 1.57328 -0.0370887 -0.032834 -0.0817032 0.341474
1402.04 -8.69516 1.22575 0.268133 9.74357 1.44885 -0.0538385 -0.0340557 -0.0817032 0.374155
1402.06 -9.19312 1.18745 0.268133 9.86919 1.33161 -0.087338 -0.0369573 -0.086132 0.364534
1402.08 -9.11651 1.18745 0.229828 9.99601 1.34955 -0.09332 -0.0409279 -0.089339 0.323453
1402.09 -9.38465 1.34066 0.459656 10.2592 1.48475 -0.154337 -0.0467312 -0.0838412 0.298408
1402.11 -9.42295 1.34066 0.344742 10.2197 1.54816 -0.214158 -0.0560469 -0.0797179 0.255189
1402.13 -9.07821 1.07253 0.497961 10.0104 1.25025 -0.246461 -0.0630718 -0.0826195 0.218842
1402.14 -8.46534 0.57457 0.421352 9.52702 0.972682 -0.267996 -0.0681114 -0.0783434 0.207236
1402.16 -8.04398 0.497961 0.421352 9.00299 0.61017 -0.288335 -0.0670424 -0.0864374 0.175776
1402.18 -8.23551 0.306437 0.497961 9.11067 0.440279 -0.253639 -0.0691805 -0.0943787 0.130267
1402.19 -9.0016 0.306437 0.306437 9.52104 0.415155 -0.204586 -0.0673479 -0.097433 0.108734
1402.21 -9.42295 0.153219 0.383047 10.2329 0.269192 -0.136391 -0.0612392 -0.100793 0.0684169
1402.23 -9.49956 0.344742 0.153219 10.3872 0.318245 -0.0478564 -0.054367 -0.0969748 0.0218384
1402.24 -8.92499 0.344742 -0.0766094 10.2114 0.217747 0.0179462 -0.0523817 -0.0902553 -0.0378736
1402.26 -8.65686 0.65118 -0.191523 9.57129 0.748953 0.136391 -0.0470366 -0.0859793 -0.0655153
1402.28 -8.27381 0.57457 -0.229828 9.28893 0.744168 0.346959 -0.0426078 -0.0936151 -0.113774
1402.29 -8.58025 0.497961 -0.344742 9.31406 0.784845 0.447458 -0.0433714 -0.10064 -0.228311
1402.31 -9.38465 0.842703 -0.344742 10.1898 0.848255 0.447458 -0.0416915 -0.105222 -0.316123
1402.32 -9.8443 1.07253 -0.268133 10.7665 1.32323 0.370887 -0.044135 -0.104458 -0.434172
1402.34 -9.65278 1.11084 -0.268133 10.4387 1.41775 0.380459 -0.0481056 -0.0894917 -0.447917
1402.36 -9.57617 1.45558 -0.191523 10.4183 1.59242 0.385244 -0.0468839 -0.0856738 -0.432187
1402.37 -9.0016 1.6088 -0.0766094 10.2808 1.83769 0.416351 -0.0468839 -0.0813978 -0.367588
1402.39 -8.81008 1.72371 -0.383047 9.56889 1.89392 0.512064 -0.0456622 -0.0795652 -0.279471
1402.41 -8.31211 1.57049 -0.344742 9.29851 1.85563 0.497707 -0.043066 -0.0827722 -0.199142
1402.42 -8.38873 1.57049 -0.421352 9.1992 1.77547 0.417547 -0.0424551 -0.0856738 -0.167835
1402.44 -8.65686 1.22575 -0.229828 9.50549 1.64028 0.244068 -0.0390954 -0.0946841 -0.121104
1402.46 -8.58025 1.18745 -0.0383047 9.49232 1.56132 0.189033 -0.0366519 -0.0962113 -0.0671951
1402.47 -8.81008 1.18745 -0.0383047 9.52941 1.50748 0.18664 -0.0361938 -0.0930042 -0.0410807
1402.49 -8.92499 1.45558 0.114914 9.89911 1.71685 0.232104 -0.0313068 -0.101251 0.00702495
1402.51 -9.23143 1.53219 0.0383047 10.1456 1.82692 0.290728 -0.0294742 -0.0977384 0.0470366
1402.52 -9.03991 1.6471 -0.268133 10.1408 1.90588 0.297906 -0.0310014 -0.095295 0.0594066
1402.54 -9.07821 2.25998 -0.268133 9.97208 2.37727 0.375673 -0.0302378 -0.0934624 0.0639881
1402.56 -8.96329 2.06845 -0.306437 9.80698 2.38923 0.358923 -0.0395535 -0.0847575 0.0595593
1402.57 -8.77177 1.91523 -0.191523 9.68734 2.34018 0.34337 -0.0412334 -0.0894917 0.0569632
1402.59 -8.35042 1.57049 0.0 9.2327 1.87956 0.0909272 -0.0471893 -0.0885754 0.0500909
1402.61 -8.65686 1.30236 0.114914 9.47438 1.53739 0.0299103 -0.0456622 -0.0968221 0.00641408
1402.62 -8.77177 0.919312 0.0383047 9.66939 1.32203 0.0251246 -0.0465785 -0.101709 -0.0245873
1402.64 -8.61855 0.995922 0.229828 9.70528 1.18445 0.00478564 -0.0444404 -0.0978911 -0.0409279
1402.66 -9.0016 0.65118 0.229828 9.85484 0.872184 -0.00837488 -0.0424551 -0.103542 -0.0717766
1402.67 -9.15482 0.65118 0.229828 9.91944 0.94995 -0.0311067 -0.0331394 -0.0991129 -0.110719
1402.69 -9.61448 0.881008 0.191523 10.27 1.05643 -0.0251246 -0.0308487 -0.0981966 -0.119424
1402.7 -9.30804 1.14914 0.114914 10.3274 1.32562 0.0370887 -0.0261145 -0.0907135 -0.131794
1402.72 -9.30804 1.49388 -0.114914 10.3585 1.53739 0.151944 -0.0222966 -0.0858265 -0.141263
1402.74 -9.23143 1.68541 0.0383047 10.2066 1.94058 0.214158 -0.0210748 -0.0865901 -0.147677
1402.75 -8.92499 2.06845 -0.0383047 9.93499 2.266 0.29671 -0.0259618 -0.0772744 -0.155465
1402.77 -8.77177 2.29828 -0.153219 9.58564 2.47537 0.323031 -0.0288634 -0.0763581 -0.152564
1402.79 -8.54194 2.06845 -0.114914 9.48156 2.467 0.311067 -0.0310014 -0.0784962 -0.139888
1402.8 -8.27381 2.03015 0.0383047 9.25544 2.37009 0.307478 -0.0323759 -0.0824668 -0.105222
1402.82 -8.31211 2.14506 0.306437 9.1346 2.42752 0.228514 -0.0358883 -0.0852157 -0.0531453
1402.84 -8.27381 1.95354 -0.153219 9.05085 2.32941 0.226122 -0.0337503 -0.0943787 0.0128282
1402.85 -8.54194 1.87693 0.0 9.28415 2.11047 0.246461 -0.0345139 -0.0978911 0.0445931
1402.87 -8.84838 1.72371 -0.153219 9.75434 1.97168 0.295514 -0.0280998 -0.104 0.0826195
1402.89 -9.38465 1.41727 -0.191523 10.1671 1.76471 0.32662 -0.0230602 -0.103389 0.106596
1402.9 -9.30804 1.37897 -0.268133 10.3932 1.50867 0.348156 -0.0218384 -0.0962113 0.117133
1402.92 -9.0016 1.57049 0.0 9.81057 1.78505 0.338584 -0.0111483 -0.0975857 0.112246
1402.94 -8.61855 1.76202 -0.114914 9.51266 2.03629 0.302692 -0.00946841 -0.0966694 0.0682642
1402.95 -8.65686 1.87693 -0.114914 9.5342 2.08415 0.293121 -0.0100793 -0.102167 0.0331394
1402.97 -8.92499 1.83862 -0.153219 9.79382 2.06142 0.299103 -0.0100793 -0.106749 -0.0117592
1402.99 -9.11651 1.76202 -0.268133 10.0319 2.03749 0.31346 -0.0137445 -0.10232 -0.0142026
1403.0 -9.23143 1.72371 -0.268133 10.0869 2.0339 0.295514 -0.0135917 -0.100335 -0.0250455
1403.02 -9.23143 1.95354 0.0 10.0367 2.08893 0.235693 -0.0158825 -0.0917825 -0.0291688
1403.03 -9.23143 2.10676 0.0 9.89193 2.2349 0.189033 -0.01237 -0.0942259 -0.0612392
1403.05 -8.84838 2.10676 0.114914 9.73998 2.32223 0.108873 -0.0137445 -0.0946841 -0.0907135
1403.07 -8.84838 1.95354 -0.0383047 9.71007 2.34496 0.0825523 -0.0172569 -0.0923933 -0.08827
1403.08 -8.96329 1.95354 0.114914 9.75912 2.28036 0.0526421 -0.0174097 -0.0896445 -0.0531453
1403.1 -8.92499 1.87693 0.191523 9.81894 2.20977 0.0658026 -0.0100793 -0.0931569 0.0116064
1403.12 -9.07821 1.87693 0.268133 9.83091 2.18824 0.0705882 -0.00763582 -0.0879646 0.0774271
1403.13 -9.11651 1.91523 0.191523 9.84048 2.14516 0.040678 -0.00427606 -0.0896445 0.108276
1403.15 -9.23143 1.80032 0.268133 9.77946 2.09252 0.0131605 -0.00488692 -0.0844521 0.179442
1403.17 -8.73347 1.91523 0.306437 9.6981 2.12124 -0.04666 0.000458149 -0.0798706 0.248775
1403.18 -8.77177 1.87693 0.268133 9.64786 2.12004 -0.105284 -0.000763581 -0.0806342 0.260534
1403.2 -8.84838 1.83862 0.191523 9.77229 2.12841 -0.0909272 -0.00244346 -0.0807869 0.264963
1403.22 -9.07821 1.87693 0.191523 9.80219 2.12722 -0.0885344 -0.00870483 -0.0765108 0.332005
1403.24 -8.88668 1.95354 0.536266 9.81894 2.20857 -0.185444 -0.0167988 -0.0655153 0.347582
1403.26 -8.96329 1.72371 0.383047 9.82732 2.10209 -0.281157 -0.0271835 -0.0647517 0.353385
1403.27 -8.88668 1.72371 0.536266 9.77707 2.12961 -0.32662 -0.0381791 -0.0598648 0.421344
1403.29 -8.92499 1.76202 0.497961 9.78425 2.09611 -0.327816 -0.0415388 -0.0606284 0.459676
1403.31 -9.0016 1.72371 0.268133 9.85603 2.04108 -0.226122 -0.0519235 -0.0594066 0.493885
1403.32 -9.07821 1.72371 0.0 9.89312 1.95135 -0.0490528 -0.0568105 -0.0598648 0.525344
1403.34 -9.19312 1.6088 0.0383047 9.94696 1.87717 -0.0538385 -0.0601702 -0.0569632 0.540463
1403.36 -9.19312 1.45558 0.0766094 10.0965 1.78744 0.15673 -0.0601702 -0.054367 0.542906
1403.37 -9.19312 1.53219 -0.153219 10.0798 1.71446 0.271585 -0.0702495 -0.0455095 0.479682
1403.39 -9.23143 1.49388 -0.114914 10.1551 1.65344 0.287139 -0.0774271 -0.0465785 0.363312
1403.41 -9.26973 1.11084 -0.0383047 10.1216 1.46082 0.240479 -0.0813978 -0.0386372 0.304058
1403.42 -9.07821 0.995922 -0.229828 9.97208 1.13898 0.320638 -0.0830777 -0.0427606 0.20861
1403.44 -8.88668 0.804398 -0.306437 9.79741 0.990628 0.451047 -0.0777326 -0.0494801 0.129503
1403.46 -8.84838 0.689484 -0.65118 9.7663 0.927218 0.496511 -0.0762054 -0.052229 0.0894917
1403.47 -8.88668 0.612875 -0.766094 9.71366 0.861416 0.601795 -0.0681114 -0.0633773 0.0105374
1403.49 -8.65686 0.65118 -0.459656 9.62752 0.847059 0.59342 -0.0652099 -0.0708604 -0.044135
1403.51 -8.73347 0.689484 -0.421352 9.57368 0.854237 0.594616 -0.06353 -0.0807869 -0.0603229
1403.52 -8.73347 0.65118 -0.0766094 9.54018 0.896112 0.531206 -0.0539089 -0.086132 -0.0511599
1403.54 -8.65686 0.612875 -0.114914 9.62991 0.961914 0.460618 -0.0481056 -0.0945314 -0.0310014
1403.56 -8.84838 0.804398 -0.306437 9.68375 0.995414 0.410369 -0.0427606 -0.0981966 -0.0172569
1403.57 -8.81008 0.881008 -0.268133 9.77946 1.11147 0.387637 -0.0378736 -0.100945 -0.0213803
1403.59 -9.11651 0.957617 -0.229828 9.82492 1.20239 0.361316 -0.034972 -0.102014 -0.0345139
1403.61 -9.03991 1.07253 -0.153219 9.8321 1.2993 0.37328 -0.0319177 -0.0986547 -0.0613919
1403.62 -9.15482 1.11084 -0.306437 9.85244 1.30169 0.418744 -0.0293215 -0.101251 -0.0662789
1403.64 -8.96329 1.22575 -0.383047 9.87278 1.35553 0.535992 -0.0285579 -0.0919352 -0.045204
1403.66 -8.88668 1.18745 -0.421352 9.77468 1.39023 0.614955 -0.021533 -0.0962113 -0.00717767
1403.67 -8.73347 1.18745 -0.689484 9.73878 1.38784 0.642473 -0.014508 -0.100793 0.0453567
1403.69 -8.81008 1.14914 -0.536266 9.71007 1.468 0.70349 -0.0119119 -0.105985 0.0749837
1403.71 -8.92499 1.30236 -0.536266 9.79621 1.535 0.704686 -0.0056505 -0.109498 0.125227
1403.72 -9.15482 1.34066 -0.459656 9.8656 1.55414 0.581456 -0.00244346 -0.11133 0.165086
1403.74 -9.03991 1.22575 -0.229828 9.89312 1.54696 0.524028 -0.000763581 -0.112246 0.188605
1403.76 -9.19312 1.22575 -0.153219 9.9314 1.54457 0.416351 0.00167988 -0.111483 0.237474
1403.77 -9.26973 1.22575 -0.0766094 10.0164 1.53858 0.321834 0.00244346 -0.108887 0.301309
1403.79 -9.49956 0.881008 -0.114914 10.252 1.39262 0.404387 -0.00397062 -0.10736 0.436616
1403.81 -9.23143 1.11084 -0.229828 10.1922 1.35075 0.277567 -0.00702495 -0.0890336 0.464105
1403.82 -9.23143 1.07253 0.114914 10.2245 1.33759 0.197408 -0.0140499 -0.086132 0.470061
1403.84 -9.19312 1.14914 0.0 10.2951 1.33519 0.148355 -0.0222966 -0.0792598 0.426536
1403.86 -9.19312 0.919312 0.114914 10.1372 1.28734 0.117248 -0.0250455 -0.0751364 0.392023
1403.87 -9.11651 0.919312 0.344742 10.0128 1.1318 -0.0107677 -0.0331394 -0.0774271 0.283441
1403.89 -8.96329 0.65118 0.383047 9.82732 0.909272 -0.228514 -0.0415388 -0.0731511 0.15516
1403.9 -8.81008 0.65118 0.306437 9.74836 0.835095 -0.264407 -0.0459676 -0.071624 0.098502
1403.92 -8.73347 0.497961 0.497961 9.71127 0.643669 -0.276371 -0.0474948 -0.0778853 0.0320704
1403.94 -8.96329 0.57457 0.344742 9.68375 0.630509 -0.214158 -0.0433714 -0.0832304 0.0129809
1403.95 -8.84838 0.497961 0.536266 9.67537 0.641276 -0.166301 -0.0416915 -0.0855211 0.0184787
1403.97 -8.84838 0.536266 0.114914 9.75314 0.698704 -0.116052 -0.0389426 -0.0940732 0.0117592
1403.99 -9.0016 0.459656 -0.0766094 9.9314 0.770489 -0.00478564 -0.0363465 -0.0972803 -0.0691805
1404.0 -9.0016 0.766094 0.0 10.0654 0.842273 0.0394815 -0.0358883 -0.102625 -0.189826
1404.02 -9.23143 0.842703 0.0383047 10.2556 1.0014 0.184247 -0.0346666 -0.100945 -0.24175
1404.03 -9.26973 0.804398 -0.114914 10.2197 1.0995 0.30987 -0.0409279 -0.0954477 -0.313832
1404.05 -9.23143 0.766094 -0.306437 10.1587 1.0995 0.382851 -0.0435241 -0.0897971 -0.33735
1404.07 -9.26973 0.919312 -0.383047 9.9314 1.15573 0.5001 -0.0464257 -0.0797179 -0.326966
1404.08 -9.11651 0.957617 -0.497961 9.81057 1.24427 0.613759 -0.0423024 -0.0864374 -0.266643
1404.1 -9.0016 1.07253 -0.344742 9.81655 1.29691 0.632901 -0.0442877 -0.083994 -0.221133
1404.11 -9.07821 1.07253 -0.65118 9.80818 1.41416 0.662812 -0.0412334 -0.0821613 -0.10797
1404.13 -9.0016 1.03423 -0.459656 9.81416 1.44766 0.649651 -0.0415388 -0.0801761 -0.0568105
1404.14 -9.03991 1.22575 -0.421352 9.85244 1.44407 0.587438 -0.0409279 -0.0746782 0.0108429
1404.16 -9.0016 1.22575 -0.191523 9.88834 1.40818 0.403191 -0.03711 -0.078038 0.0494801
1404.17 -9.03991 1.11084 -0.191523 9.9314 1.37468 0.344566 -0.0366519 -0.0760527 0.0560469
1404.78 -9.0016 1.14914 0.0766094 9.84167 1.43091 0.0825523 -0.0125227 -0.085063 -0.0981966
1404.8 -9.03991 1.30236 0.0766094 9.84167 1.47278 0.0741775 -0.0106901 -0.0875064 -0.120799
1404.82 -9.11651 1.37897 0.0383047 9.87398 1.54816 0.114855 -0.0105374 -0.0864374 -0.134238
1404.83 -9.07821 1.34066 -0.153219 9.87398 1.62114 0.29671 -0.0100793 -0.0856738 -0.118966
1404.85 -9.03991 1.30236 -0.229828 9.88475 1.62473 0.363709 -0.00885754 -0.089339 -0.108276
1404.86 -8.81008 1.6471 -0.306437 9.81416 1.71087 0.467797 -0.00458149 -0.0951423 -0.0740674
1404.88 -8.96329 1.57049 -0.268133 9.78185 1.78983 0.540778 -0.00198531 -0.0937678 -0.0212276
1404.9 -8.96329 1.72371 -0.421352 9.77827 1.85444 0.562313 0.00290161 -0.0946841 0.0369573
1404.91 -8.88668 1.6471 -0.383047 9.78066 1.8664 0.514457 0.00488692 -0.0988074 0.0592539
1404.93 -9.03991 1.53219 -0.306437 9.80937 1.82094 0.362513 0.00519235 -0.0977384 0.0887282
1404.95 -9.0016 1.45558 -0.114914 9.80578 1.76351 0.221336 0.00335976 -0.0926988 0.11637
1404.96 -8.92499 1.49388 0.0383047 9.81655 1.72283 0.172283 0.00473421 -0.0922406 0.127976
1404.98 -9.0016 1.49388 -0.153219 9.85843 1.66421 0.118445 0.00534507 -0.0911716 0.149509
1405.0 -9.0016 1.26405 0.0766094 9.91346 1.60199 0.100499 0.00687223 -0.0901026 0.161574
1405.01 -9.11651 1.37897 0.114914 9.89911 1.59482 0.128016 0.00549779 -0.0870483 0.162337
1405.03 -8.92499 1.34066 -0.0766094 9.90269 1.58166 0.11007 0.00763582 -0.0855211 0.155465
1405.05 -9.0016 1.18745 0.114914 9.8668 1.57687 0.217747 0.00702495 -0.0817032 0.174555
1405.06 -9.15482 1.30236 -0.153219 9.92303 1.59362 0.265603 0.010232 -0.0832304 0.182038
1405.08 -8.96329 1.30236 -0.114914 9.95533 1.62592 0.31346 0.00794125 -0.0833831 0.173333
1405.1 -9.11651 1.30236 -0.0766094 9.92303 1.60439 0.312263 0.00824668 -0.0868956 0.156687
1405.11 -8.92499 1.37897 -0.153219 9.89073 1.59482 0.29671 0.00473421 -0.0847575 0.147218
1405.13 -8.77177 1.41727 -0.153219 9.84048 1.61755 0.29671 0.00305432 -0.0868956 0.138208
1405.15 -8.84838 1.26405 0.153219 9.8333 1.5673 0.25005 -0.00106901 -0.0868956 0.0908662
1405.16 -8.92499 1.14914 -0.114914 9.83928 1.45962 0.208175 -0.00458149 -0.0865901 0.0302378
1405.18 -8.96329 1.11084 -0.0766094 9.801 1.41894 0.217747 -0.00519235 -0.0875064 0.00106901
1405.2 -9.0016 1.07253 -0.114914 9.7663 1.36391 0.245264 -0.00351247 -0.0936151 -0.0357356
1405.21 -8.92499 1.03423 -0.114914 9.7352 1.32203 0.284746 -0.0018326 -0.0942259 -0.0363465
1405.23 -8.84838 1.07253 -0.114914 9.74716 1.31486 0.29671 0.00122173 -0.0983493 -0.0264199
1405.24 -8.92499 1.03423 -0.153219 9.77707 1.3998 0.321834 0.00397062 -0.0936151 0.00885754
1405.26 -8.92499 1.11084 -0.229828 9.78425 1.43928 0.372084 0.00671952 -0.097433 0.0323759
1405.28 -8.92499 1.07253 -0.191523 9.81775 1.45244 0.374477 0.00641408 -0.0959058 0.0383318
1405.29 -9.07821 1.26405 -0.114914 9.81416 1.48953 0.404387 0.00855211 -0.0968221 0.0491747
1405.31 -9.03991 1.34066 -0.191523 9.82492 1.53978 0.385244 0.0114537 -0.0977384 0.0520762
1405.32 -8.96329 1.26405 -0.114914 9.7998 1.54217 0.355334 0.0152716 -0.100945 0.0690278
1405.34 -8.88668 1.41727 -0.0383047 9.85723 1.61755 0.331406 0.0186314 -0.106291 0.0751364
1405.36 -9.03991 1.45558 -0.153219 9.89911 1.63549 0.331406 0.0172569 -0.10568 0.085063
1405.37 -9.15482 1.41727 -0.229828 9.91227 1.62831 0.321834 0.0164934 -0.105222 0.0813978
1405.39 -8.92499 1.26405 -0.268133 9.92303 1.55533 0.290728 0.0163406 -0.104305 0.0810924
1405.41 -9.15482 1.26405 -0.114914 9.87398 1.51466 0.234497 0.0157298 -0.100335 0.0783434
1405.42 -8.92499 1.14914 -0.153219 9.79741 1.47159 0.197408 0.0197004 -0.104763 0.0783434
1405.44 -9.0016 1.22575 0.114914 9.82492 1.49671 0.198604 0.0218384 -0.103847 0.0746782
1405.46 -8.88668 1.18745 -0.0383047 9.78664 1.45244 0.16989 0.0227547 -0.104916 0.0626137
1405.47 -8.88668 1.14914 0.0383047 9.82612 1.44646 0.142373 0.0241292 -0.106291 0.0496328
1405.49 -9.03991 1.18745 0.114914 9.83091 1.44168 0.120837 0.0259618 -0.104916 0.0432187
1405.5 -9.03991 1.14914 0.114914 9.81655 1.41535 0.0921237 0.0280998 -0.107512 0.0368046
1405.52 -9.07821 1.26405 -0.114914 9.84766 1.41775 0.0957129 0.0334449 -0.109192 0.0444404
1405.54 -8.77177 1.18745 -0.306437 9.85125 1.38903 0.0981057 0.0325286 -0.108581 0.0490219
1405.55 -8.88668 1.22575 0.114914 9.84407 1.38544 0.11007 0.0397062 -0.118661 0.0335976
1405.57 -9.11651 1.26405 0.0766094 9.82492 1.43569 0.116052 0.0407752 -0.116675 0.011301
1405.59 -8.84838 1.18745 0.0383047 9.79621 1.41535 0.128016 0.0406225 -0.121257 -0.00687223
1405.6 -8.81008 1.11084 0.0 9.77827 1.42253 0.114855 0.0438296 -0.126296 -0.021533
1405.62 -8.69516 1.11084 0.0383047 9.80698 1.44766 0.106481 0.0442877 -0.129045 -0.0461203
1405.64 -8.81008 1.30236 0.0 9.76152 1.48714 0.160319 0.0459676 -0.135307 -0.0700968
1405.65 -8.69516 1.18745 -0.114914 9.7675 1.47996 0.18664 0.0487165 -0.139583 -0.0821613
1405.67 -8.88668 1.22575 0.0766094 9.76989 1.48235 0.247657 0.0508545 -0.145997 -0.124311
1405.69 -8.88668 1.14914 -0.191523 9.76391 1.4345 0.378066 0.0555887 -0.152105 -0.138056
1405.7 -8.81008 1.22575 -0.344742 9.74357 1.45843 0.42353 0.0581849 -0.155465 -0.114079
1405.72 -8.73347 1.22575 -0.268133 9.61197 1.56012 0.60658 0.0594066 -0.164017 -0.101251
1405.74 -8.88668 1.6088 -0.57457 9.76152 1.70608 0.723829 0.0639881 -0.170431 -0.0876591
1405.75 -9.0016 1.37897 -0.57457 9.7663 1.73001 0.765703 0.0668897 -0.18158 -0.0772744
1405.77 -8.84838 1.49388 -0.727789 9.77827 1.75394 0.815952 0.0681114 -0.181732 -0.0844521
1405.79 -8.84838 1.49388 -0.804398 9.6981 1.65105 0.752542 0.0723875 -0.191506 -0.106291
1405.8 -8.88668 1.49388 -0.306437 9.71127 1.69292 0.588634 0.076969 -0.194561 -0.101098
1405.82 -8.88668 1.49388 -0.268133 9.66341 1.71565 0.482154 0.0789543 -0.196088 -0.083994
1405.84 -8.77177 1.41727 0.0 9.59521 1.7348 0.17348 0.0835358 -0.198378 -0.0303905
1405.85 -8.81008 1.49388 0.497961 9.54855 1.79701 -0.102891 0.0855211 -0.204029 0.0438296
1405.87 -8.77177 1.53219 0.459656 9.52702 1.7994 -0.247657 0.089339 -0.210901 0.107207
1405.89 -8.88668 1.6471 0.57457 9.58205 1.81735 -0.380459 0.0875064 -0.213192 0.119271
1405.9 -8.81008 1.57049 0.65118 9.667 1.87238 -0.534796 0.090408 -0.226173 0.099571
1405.92 -8.81008 1.6088 1.07253 9.72443 1.85324 -0.702293 0.0865901 -0.234725 0.0560469
1405.94 -8.96329 1.49388 0.957617 9.73161 1.82333 -0.720239 0.0878119 -0.241139 0.0334449
1405.95 -8.84838 1.41727 0.804398 9.76152 1.76112 -0.714257 0.089339 -0.251982 -0.00397062
1405.97 -8.84838 1.45558 0.727789 9.72203 1.73719 -0.650847 0.0911716 -0.267406 -0.0325286
1405.99 -8.77177 1.34066 0.57457 9.68135 1.75633 -0.624527 0.0902553 -0.268628 -0.0526871
1406.0 -8.81008 1.57049 0.57457 9.81416 1.75274 -0.515653 0.0946841 -0.285274 -0.0707076
1406.02 -8.88668 1.6088 0.421352 9.70409 1.7683 -0.278764 0.0983493 -0.299629 -0.119882
1406.03 -9.0016 1.68541 0.727789 9.71127 1.82572 -0.193819 0.098502 -0.302684 -0.167988
1406.05 -8.96329 1.68541 0.306437 9.80219 1.8676 -0.162712 0.103694 -0.313832 -0.198378
1406.07 -9.0016 1.6088 0.153219 9.77707 1.88554 -0.0239282 0.104763 -0.309861 -0.254425
1406.08 -9.0016 1.45558 0.268133 9.78784 1.8664 0.0191426 0.11805 -0.313221 -0.274431
1406.1 -8.88668 1.68541 0.114914 9.82732 1.87597 0.0107677 0.124464 -0.310625 -0.266643
1406.12 -8.69516 1.6471 0.383047 9.74237 1.92861 -0.197408 0.138972 -0.306043 -0.202807
1406.13 -8.81008 1.6471 0.957617 9.64427 2.01715 -0.620937 0.153174 -0.30192 -0.0746782
1406.15 -8.88668 1.95354 1.18745 9.734 2.09492 -0.824327 0.156076 -0.300393 -0.0209221
1406.17 -8.84838 1.99184 0.766094 9.69332 2.27438 -0.786042 0.160199 -0.302989 0.0432187
1406.18 -8.92499 1.99184 0.459656 9.64666 2.3342 -0.319442 0.160352 -0.307571 0.154243
1406.2 -8.92499 2.37489 0.727789 9.65145 2.467 -0.224925 0.166003 -0.312152 0.213345
1406.22 -8.69516 2.22167 0.497961 9.65025 2.49811 -0.311067 0.161268 -0.309861 0.268781
1406.23 -8.58025 2.14506 0.536266 9.62872 2.44068 -0.401994 0.158061 -0.31597 0.242055
1406.25 -8.77177 2.06845 0.536266 9.667 2.36052 -0.430708 0.154243 -0.314595 0.237627
1406.27 -8.81008 1.91523 0.689484 9.7005 2.2002 -0.445065 0.154091 -0.313221 0.242666
1406.28 -8.92499 1.83862 0.65118 9.71605 2.04227 -0.550349 0.152105 -0.307876 0.271071
1406.3 -9.03991 1.6088 0.689484 9.76391 1.95852 -0.624527 0.153327 -0.303905 0.294742
1406.32 -8.84838 1.41727 0.957617 9.8321 1.86281 -0.635294 0.157145 -0.309556 0.296575
1406.33 -8.96329 1.53219 0.957617 9.85244 1.78505 -0.715454 0.152411 -0.292757 0.310167
1406.35 -9.0016 1.49388 0.57457 9.8668 1.75155 -0.756132 0.149662 -0.283747 0.294284
1406.36 -9.07821 1.57049 0.881008 9.88834 1.73001 -0.769292 0.149051 -0.284358 0.277027
1406.38 -8.96329 1.37897 0.804398 9.85843 1.70967 -0.807577 0.141721 -0.267864 0.244957
1406.4 -9.0016 1.41727 0.65118 9.83928 1.65703 -0.781256 0.134238 -0.260229 0.211818
1406.41 -9.11651 1.37897 0.919312 9.87637 1.65224 -0.794417 0.128434 -0.253051 0.207083
1406.43 -8.92499 1.34066 0.957617 9.82492 1.62353 -0.860219 0.124006 -0.245873 0.205709
1406.45 -9.0016 1.30236 0.804398 9.86082 1.62353 -0.897308 0.11469 -0.238085 0.214414
1406.46 -8.92499 1.26405 0.842703 9.88953 1.65823 -0.945165 0.111788 -0.231671 0.25076
1406.48 -9.07821 1.26405 1.03423 9.96251 1.67139 -0.933201 0.102167 -0.215025 0.278096
1406.49 -9.34634 1.45558 0.919312 10.0211 1.67498 -1.04447 0.0986547 -0.201738 0.344222
1406.51 -9.07821 1.45558 1.07253 10.0367 1.69172 -1.05882 0.0917825 -0.181732 0.385609
1406.53 -9.19312 1.34066 1.34066 10.0451 1.62353 -1.17727 0.0867428 -0.170126 0.398131
1406.54 -9.26973 1.37897 1.22575 10.1432 1.62712 -1.15454 0.081245 -0.154854 0.415541
1406.56 -9.38465 1.22575 1.22575 10.2162 1.52423 -1.10309 0.0707076 -0.136681 0.403629
1406.58 -8.96329 1.11084 1.49388 10.1157 1.46082 -1.12343 0.0704022 -0.130267 0.383929
1406.59 -9.26973 0.995922 1.34066 10.0714 1.27059 -1.29691 0.06353 -0.107054 0.374155
1406.61 -9.34634 0.919312 1.22575 10.075 1.19043 -1.38305 0.0659734 -0.096364 0.370795
1406.63 -9.03991 0.612875 1.53219 9.98405 1.0337 -1.3998 0.0623082 -0.0884227 0.353233
1406.64 -9.19312 0.459656 1.45558 9.92423 0.776471 -1.47996 0.0649044 -0.0803288 0.316428
1406.66 -9.26973 0.383047 1.80032 10.0104 0.660419 -1.53619 0.0714712 -0.0670424 0.34071
1406.68 -9.15482 0.57457 1.53219 10.0104 0.602991 -1.51107 0.0765108 -0.0627664 0.358883
1406.69 -9.03991 0.383047 1.91523 10.0319 0.813559 -1.75872 0.0768163 -0.0478002 0.347124
1406.71 -8.96329 0.497961 1.91523 9.93619 0.601795 -1.85444 0.0720821 -0.0404698 0.233961
1406.73 -9.0016 0.612875 2.71963 9.95174 0.54676 -2.21097 0.0612392 -0.029627 0.175318
1406.74 -8.61855 0.536266 1.45558 9.44207 0.814756 -1.7994 0.0514654 -0.0293215 0.165086
1406.76 -8.61855 0.306437 0.995922 10.3968 0.368495 -1.08754 0.0325286 -0.0337503 0.130114
1406.78 -9.49956 0.459656 1.11084 10.4495 0.692722 -1.02891 0.0346666 -0.000763581 0.16585
1406.79 -9.30804 0.383047 1.34066 10.2652 0.535992 -1.2012 0.0293215 0.0103847 0.172111
1406.81 -9.42295 0.536266 1.34066 10.4566 0.754935 -1.25982 0.0233656 0.0361938 0.165697
1406.82 -9.49956 0.421352 1.14914 10.3765 0.562313 -1.11506 0.00687223 0.066737 0.116064
1406.84 -9.23143 0.421352 1.22575 10.331 0.62333 -1.03729 0.00244346 0.0783434 0.0847575
1406.86 -9.19312 0.383047 0.881008 10.1444 0.492921 -0.958325 -0.00901026 0.0989602 0.00717767
1406.87 -9.0016 0.383047 1.14914 9.90868 0.424726 -1.07079 -0.013439 0.106749 -0.071013
1406.89 -9.03991 0.306437 1.11084 9.89791 0.34337 -1.08156 -0.0172569 0.112552 -0.139277
1406.91 -9.15482 0.229828 0.65118 9.9326 0.288335 -0.994217 -0.0166461 0.115759 -0.145997
1406.92 -9.11651 0.153219 1.07253 9.79741 0.252443 -1.00379 -0.00885754 0.120188 -0.114995
1406.94 -9.03991 0.229828 1.07253 9.81176 0.236889 -1.00738 -0.00106901 0.121257 -0.128587
1406.96 -8.96329 0.153219 1.22575 9.81057 0.202193 -1.00618 0.00305432 0.124464 -0.136223
1406.97 -9.11651 0.153219 0.727789 9.86441 0.348156 -1.01456 0.0184787 0.127824 -0.099571
1406.99 -9.03991 0.344742 1.03423 9.85364 0.478564 -0.948754 0.0277944 0.138208 0.0138972
1407.01 -9.11651 0.421352 0.919312 9.83091 0.628116 -0.892523 0.0331394 0.144011 0.0852157
1407.02 -9.07821 0.497961 0.727789 9.88714 0.624527 -0.738185 0.0436769 0.153022 0.210596
1407.04 -9.19312 0.421352 0.766094 10.0319 0.711864 -0.79322 0.0490219 0.170584 0.276264
1407.06 -9.19312 0.459656 0.995922 10.1862 0.660419 -0.817148 0.0508545 0.187994 0.282372
1407.07 -9.42295 0.383047 1.11084 10.3801 0.586241 -0.869791 0.0542143 0.19624 0.288634
1407.09 -9.53786 0.344742 0.919312 10.3537 0.45344 -0.821934 0.0615447 0.21197 0.323453
1407.11 -9.30804 0.344742 0.842703 10.2951 0.425922 -0.813559 0.0661261 0.231212 0.333838
1407.12 -9.23143 0.114914 1.03423 10.2317 0.31346 -0.807577 0.0694859 0.240223 0.306502
1407.14 -9.07821 0.191523 0.766094 10.2724 0.175872 -0.757328 0.0817032 0.246942 0.251371
1407.16 -9.30804 -0.0766094 0.957617 10.1623 0.0574277 -0.863809 0.0897971 0.266643 0.252135
1407.17 -9.49956 0.0 0.919312 10.13 0.0394815 -0.884148 0.0991129 0.268017 0.24511
1407.19 -9.11651 -0.114914 0.881008 9.99841 0.0729811 -0.800399 0.115912 0.273057 0.275347
1407.2 -8.96329 -0.0383047 0.766094 9.80818 0.0442672 -0.675972 0.131183 0.280845 0.302225
1407.22 -9.03991 -0.0383047 0.766094 9.8668 0.0119641 -0.644866 0.136376 0.279776 0.276111
1407.24 -9.19312 -0.0766094 0.727789 9.98883 0.020339 -0.575474 0.147218 0.287565 0.260229
1407.25 -9.07821 -0.114914 0.957617 9.97089 0.0311067 -0.495314 0.157603 0.285427 0.254425
1407.27 -9.15482 -0.268133 0.229828 9.85843 -0.0275174 -0.465404 0.163406 0.28619 0.257785
1407.29 -8.92499 -0.344742 0.57457 9.6335 -0.307478 -0.2668 0.16753 0.284052 0.260992
1407.3 -9.11651 -0.153219 0.459656 9.87877 -0.104088 -0.229711 0.18219 0.272599 0.25977
1407.32 -9.11651 -0.0766094 0.229828 9.94218 -0.125623 -0.136391 0.177762 0.274431 0.304974
1407.34 -9.03991 -0.229828 0.383047 9.88116 -0.185444 -0.119641 0.178983 0.2755 0.311999
1407.35 -9.15482 -0.268133 0.268133 10.1946 -0.18664 -0.0681954 0.174097 0.275653 0.26817
1407.37 -9.23143 -0.421352 -0.0383047 10.1563 -0.391226 0.0478564 0.168141 0.277944 0.183565
1407.39 -9.07821 -0.344742 0.0766094 10.142 -0.430708 0.122034 0.165697 0.272446 0.105222
1407.4 -9.0016 -0.497961 0.0 9.94218 -0.545563 0.180658 0.165086 0.273057 0.0696386
1407.42 -8.96329 -0.536266 0.0 9.79741 -0.599402 0.241675 0.169057 0.266184 0.0415388
1407.44 -9.11651 -0.536266 -0.114914 9.80339 -0.641276 0.363709 0.173486 0.263894 0.0429133
1407.45 -9.15482 -0.689484 -0.421352 9.92423 -0.739382 0.418744 0.175166 0.26817 0.0514654
1407.47 -9.23143 -0.766094 -0.306437 10.0068 -0.821934 0.443868 0.185398 0.263588 0.091477
1407.49 -9.23143 -0.65118 -0.191523 10.0463 -0.762114 0.41994 0.200058 0.268781 0.199295
1407.5 -9.15482 -0.65118 -0.229828 10.0391 -0.715454 0.427119 0.210443 0.27153 0.27886
1407.52 -9.15482 -0.689484 -0.306437 10.0175 -0.713061 0.472582 0.226478 0.275653 0.448986
1407.53 -9.0016 -0.57457 -0.383047 9.94696 -0.782453 0.638883 0.244957 0.271224 0.554971
1407.55 -9.03991 -0.727789 -0.536266 9.94218 -0.892523 0.754935 0.2558 0.26313 0.572839
1407.57 -8.84838 -0.842703 -0.727789 9.83928 -1.02772 0.967896 0.273668 0.255952 0.551306
1407.58 -8.88668 -0.919312 -0.881008 9.7328 -1.1653 0.977468 0.292452 0.236863 0.4554
1407.6 -8.69516 -1.03423 -0.842703 9.70528 -1.20957 1.12343 0.299935 0.229533 0.318871
1407.62 -8.81008 -1.26405 -0.842703 9.76511 -1.3005 1.14855 0.317497 0.208458 0.241292
1407.63 -8.65686 -0.842703 -0.766094 9.1657 -0.929611 1.25623 0.333838 0.188605 0.11133
1407.65 -8.65686 -0.919312 -1.07253 9.32722 -0.97986 1.32084 0.343764 0.158825 0.246942
1407.66 -8.69516 -0.766094 -0.995922 9.21954 -0.813559 1.334 0.365755 0.147066 0.344681
1407.68 -8.77177 -0.612875 -0.995922 9.4995 -0.678365 1.3998 0.389274 0.106749 0.484722
1407.7 -8.81008 -0.65118 -1.41727 9.58086 -0.636491 1.54816 0.399659 0.0907135 0.67577
1407.71 -9.34634 -1.18745 -1.34066 9.84646 -1.05045 1.8652 0.410654 0.0739146 0.81749
1407.73 -9.61448 -1.22575 -1.72371 10.3466 -1.22034 1.94656 0.429285 0.0505491 1.06871
1407.75 -9.30804 -1.11084 -1.72371 10.4124 -1.12463 1.97168 0.433867 0.0332921 1.12124
1407.76 -8.84838 -1.14914 -1.57049 10.0534 -1.35793 2.09611 0.435394 0.0268781 1.05069
1407.78 -8.04398 -1.18745 -1.37897 9.59402 -1.34237 2.05184 0.435241 0.000763581 0.732733
1407.8 -8.23551 -0.995922 -1.6471 9.38704 -1.26221 1.96929 0.426689 -0.0262672 0.253814
1407.81 -8.27381 -1.22575 -1.76202 9.24706 -1.33998 1.94536 0.423482 -0.0366519 0.0326813
1407.83 -8.46534 -1.6088 -1.57049 9.41575 -1.62233 1.90708 0.420581 -0.0484111 -0.208
1407.84 -8.54194 -1.53219 -1.95354 9.46002 -1.69651 1.91665 0.430049 -0.0555887 -0.267406
1407.86 -8.61855 -1.26405 -1.6088 9.45643 -1.55892 1.96211 0.435241 -0.0597121 -0.261908
1407.88 -8.58025 -1.26405 -1.37897 9.41695 -1.20957 1.55294 0.440892 -0.0679587 -0.15012
1407.89 -8.50364 -0.957617 -1.11084 9.45523 -1.08634 1.45364 0.445473 -0.0702495 -0.0584903
1407.91 -7.92907 -0.919312 -1.30236 8.99103 -1.00499 1.535 0.441656 -0.0781907 0.0636827
1407.92 -8.31211 -0.689484 -1.49388 8.97547 -0.9667 1.73121 0.441045 -0.107207 0.0797179
1407.94 -8.50364 -0.842703 -1.72371 9.22552 -0.859023 1.85085 0.433409 -0.121868 0.109498
1407.96 -8.73347 -0.689484 -1.87693 9.6 -0.781256 2.06979 0.428064 -0.127518 0.153785
1407.97 -9.11651 -0.65118 -1.6471 9.85484 -0.697508 2.07218 0.421192 -0.142942 0.226173
1407.99 -9.19312 -0.536266 -1.6471 10.0008 -0.693918 1.95613 0.406225 -0.148898 0.163865
1408.01 -9.07821 -0.689484 -1.72371 10.2341 -0.747757 1.97527 0.398131 -0.149204 0.0774271
1408.02 -9.34634 -0.995922 -1.6088 10.2293 -0.929611 1.97767 0.383012 -0.144317 -0.0759
1408.04 -9.26973 -0.766094 -1.49388 10.1145 -0.946361 1.95733 0.377667 -0.143248 -0.143553
