1487.76 0.957617 -9.49956 -0.344742 -0.479761 -9.78784 0.490529 0.00152716 -0.141873 0.162796
1487.78 0.727789 -9.61448 -0.344742 -0.5001 -9.80459 0.488136 -0.00320704 -0.140957 0.145386
1487.79 0.766094 -9.57617 -0.459656 -0.486939 -9.82492 0.501296 -0.00244346 -0.143859 0.140804
1487.81 0.881008 -9.53786 -0.383047 -0.5001 -9.82612 0.496511 -0.00473421 -0.14447 0.140957
1487.83 0.842703 -9.57617 -0.497961 -0.48335 -9.83689 0.553938 -0.00626137 -0.144164 0.149356
1487.84 0.727789 -9.46126 -0.421352 -0.473779 -9.82971 0.579063 -0.00473421 -0.147218 0.148746
1487.86 0.727789 -9.53786 -0.612875 -0.482154 -9.83689 0.631705 -0.0131336 -0.137292 0.149204
1487.88 0.804398 -9.49956 -0.536266 -0.484546 -9.85125 0.618545 -0.0116064 -0.143553 0.144011
1487.89 0.957617 -9.61448 -0.57457 -0.509671 -9.87877 0.617348 -0.0140499 -0.141721 0.140346
1487.91 0.727789 -9.72939 -0.536266 -0.473779 -9.94696 0.568295 -0.0132863 -0.145539 0.126602
1487.93 0.689484 -9.65278 -0.459656 -0.458225 -9.96132 0.569491 -0.0135917 -0.147218 0.102778
1487.95 0.727789 -9.61448 -0.57457 -0.479761 -9.91944 0.575474 -0.0143553 -0.143401 0.0956004
1487.97 0.842703 -9.69109 -0.229828 -0.531206 -9.92184 0.55992 -0.0114537 -0.147982 0.0846048
1487.98 0.689484 -9.69109 -0.459656 -0.577866 -9.87159 0.547956 -0.0138972 -0.141873 0.0858265
1488.0 0.804398 -9.53786 -0.268133 -0.561117 -9.83689 0.540778 -0.0138972 -0.143553 0.0841467
1488.02 0.689484 -9.65278 -0.383047 -0.573081 -9.80937 0.495314 -0.0157298 -0.141568 0.0824668
1488.03 0.804398 -9.61448 -0.306437 -0.538385 -9.82253 0.496511 -0.0151189 -0.140194 0.0728457
1488.05 0.881008 -9.53786 -0.459656 -0.547956 -9.82732 0.479761 -0.0128282 -0.144011 0.0626137
1488.07 0.842703 -9.57617 -0.383047 -0.568295 -9.85723 0.502493 -0.0122173 -0.145844 0.0604756
1488.08 0.65118 -9.65278 -0.421352 -0.550349 -9.87637 0.502493 -0.0146608 -0.143553 0.062461
1488.1 0.804398 -9.46126 -0.497961 -0.537189 -9.82492 0.477368 -0.0163406 -0.143706 0.0641408
1488.12 0.881008 -9.38465 -0.344742 -0.549153 -9.78425 0.486939 -0.0166461 -0.140804 0.0662789
1488.13 0.842703 -9.42295 -0.191523 -0.588634 -9.72802 0.480957 -0.0183259 -0.143706 0.0639881
1488.15 0.766094 -9.46126 -0.268133 -0.622134 -9.75075 0.442672 -0.0197004 -0.144775 0.0653626
1488.17 0.957617 -9.46126 -0.306437 -0.638883 -9.71605 0.447458 -0.0177151 -0.150884 0.0685696
1488.18 0.804398 -9.46126 -0.344742 -0.62333 -9.69571 0.445065 -0.0221439 -0.150578 0.0687223
1488.2 0.842703 -9.49956 -0.459656 -0.54676 -9.76271 0.437886 -0.0238237 -0.152716 0.0687223
1488.21 0.766094 -9.49956 -0.268133 -0.515653 -9.80339 0.433101 -0.0245873 -0.153174 0.0650571
1488.23 0.881008 -9.49956 -0.421352 -0.412762 -9.79621 0.459422 -0.0271835 -0.152869 0.0658207
1488.25 0.65118 -9.49956 -0.191523 -0.400798 -9.80219 0.443868 -0.0316123 -0.145691 0.0774271
1488.26 0.612875 -9.38465 -0.383047 -0.375673 -9.77468 0.458225 -0.0311541 -0.149662 0.0862847
1488.28 0.766094 -9.46126 -0.421352 -0.439083 -9.7675 0.473779 -0.033903 -0.145539 0.111636
1488.29 0.689484 -9.42295 -0.57457 -0.55992 -9.82971 0.460618 -0.033903 -0.144011 0.120188
1488.31 0.65118 -9.30804 -0.459656 -0.533599 -9.64547 0.447458 -0.0343612 -0.144622 0.130267
1488.32 0.957617 -9.42295 -0.306437 -0.582652 -9.66102 0.463011 -0.0369573 -0.144928 0.147677
1488.34 0.842703 -9.69109 -0.153219 -0.672383 -9.7017 0.468993 -0.0400117 -0.138972 0.155465
1488.35 0.919312 -9.42295 -0.229828 -0.61017 -9.70887 0.446261 -0.0377209 -0.147829 0.154854
1488.37 0.995922 -9.46126 -0.421352 -0.581456 -9.72084 0.451047 -0.0377209 -0.146608 0.147524
1488.39 1.11084 -9.61448 -0.191523 -0.643669 -9.78425 0.415155 -0.0397062 -0.148135 0.130725
1488.4 0.957617 -9.65278 -0.344742 -0.622134 -9.83809 0.391226 -0.0468839 -0.140194 0.117286
1488.42 1.03423 -9.76769 -0.268133 -0.72981 -9.99003 0.391226 -0.045204 -0.142942 0.107512
1489.01 0.689484 -9.53786 -0.459656 -0.498903 -9.82492 0.422333 -0.00946841 -0.0846048 0.165086
1489.02 0.842703 -9.69109 -0.191523 -0.528814 -9.84407 0.44985 -0.0135917 -0.0824668 0.119424
1489.04 0.766094 -9.65278 -0.229828 -0.552742 -9.92184 0.435494 -0.0167988 -0.0757473 0.097433
1489.06 0.957617 -9.61448 -0.57457 -0.569491 -9.93499 0.405583 -0.0140499 -0.0826195 0.0513127
1489.07 0.842703 -9.61448 -0.268133 -0.617348 -9.93978 0.378066 -0.0186314 -0.0771217 0.0276416
1489.09 0.727789 -9.65278 -0.114914 -0.614955 -9.91824 0.369691 -0.0201585 -0.0765108 0.0242819
1489.11 0.957617 -9.69109 -0.459656 -0.626919 -9.86201 0.399601 -0.0224493 -0.0691805 0.0242819
1489.12 0.957617 -9.61448 -0.344742 -0.632901 -9.85723 0.464207 -0.0212276 -0.0711658 0.0400117
1489.14 0.919312 -9.49956 -0.344742 -0.679561 -9.82612 0.459422 -0.0195477 -0.0740674 0.0525344
1489.16 1.03423 -9.53786 -0.306437 -0.798006 -9.80698 0.43669 -0.020464 -0.0729984 0.0502437
1489.17 1.11084 -9.53786 -0.421352 -0.813559 -9.81775 0.400798 -0.0216857 -0.0775799 0.0354302
1489.19 1.11084 -9.57617 -0.344742 -0.789631 -9.85125 0.407976 -0.0242819 -0.0777326 0.0125227
1489.21 0.995922 -9.65278 -0.268133 -0.725025 -9.88834 0.410369 -0.0219911 -0.0829249 0.00320704
1489.22 0.995922 -9.69109 -0.421352 -0.681954 -9.89073 0.391226 -0.023671 -0.0792598 0.00229074
1489.24 1.14914 -9.72939 -0.229828 -0.68674 -9.94218 0.40678 -0.0221439 -0.0824668 0.00595593
1489.26 0.842703 -9.76769 -0.153219 -0.696311 -9.99003 0.399601 -0.0201585 -0.0858265 0.0120646
1489.27 0.919312 -9.72939 -0.344742 -0.711864 -9.98644 0.369691 -0.0195477 -0.083994 0.0280998
1489.29 0.881008 -9.69109 -0.0766094 -0.728614 -9.99123 0.376869 -0.0169515 -0.0875064 0.044135
1489.3 1.07253 -9.61448 -0.229828 -0.757328 -9.92423 0.348156 -0.0160352 -0.0879646 0.0560469
1489.32 1.22575 -9.72939 -0.191523 -0.788435 -9.91824 0.320638 -0.0181732 -0.0858265 0.0586431
1489.34 0.919312 -9.65278 -0.114914 -0.808774 -9.87996 0.354138 -0.0148135 -0.0916298 0.0636827
1489.35 0.919312 -9.57617 -0.383047 -0.759721 -9.8668 0.366102 -0.0140499 -0.0922406 0.0595593
1489.37 0.919312 -9.65278 -0.268133 -0.701097 -9.84766 0.366102 -0.0167988 -0.0901026 0.0583376
1489.39 0.842703 -9.61448 -0.153219 -0.681954 -9.89552 0.348156 -0.0160352 -0.0925461 0.0513127
1489.4 0.919312 -9.53786 -0.344742 -0.664008 -9.93619 0.354138 -0.0143553 -0.0931569 0.0409279
1489.42 0.842703 -9.69109 -0.306437 -0.641276 -9.97089 0.364905 -0.0148135 -0.0922406 0.0383318
1489.44 1.11084 -9.76769 -0.306437 -0.558724 -9.96969 0.37328 -0.0131336 -0.0934624 0.0395535
1489.45 0.842703 -9.65278 -0.229828 -0.562313 -9.93021 0.355334 -0.01237 -0.091477 0.0456622
1489.47 0.881008 -9.69109 -0.191523 -0.582652 -9.9673 0.369691 -0.0129809 -0.0884227 0.0470366
1489.49 0.881008 -9.72939 -0.229828 -0.622134 -9.97208 0.340977 -0.00778853 -0.0867428 0.0494801
1489.5 0.919312 -9.61448 -0.383047 -0.613759 -9.99482 0.349352 -0.00702495 -0.0916298 0.056505
1489.52 0.804398 -9.806 -0.229828 -0.595813 -9.98285 0.346959 -0.00305432 -0.0926988 0.0638354
1489.54 0.804398 -9.65278 -0.306437 -0.57667 -9.9649 0.333799 -0.00442877 -0.0891863 0.0673479
1489.55 0.881008 -9.69109 -0.153219 -0.592223 -9.95773 0.334995 -0.00167988 -0.086132 0.0745255
1489.57 0.881008 -9.65278 -0.383047 -0.649651 -9.94935 0.317049 0.00167988 -0.0899499 0.0762054
1489.59 0.881008 -9.69109 -0.153219 -0.634098 -9.94218 0.27996 0.000152716 -0.0891863 0.0742201
1489.6 0.842703 -9.69109 -0.153219 -0.648455 -9.94337 0.307478 0.0056505 -0.0962113 0.0621555
1489.62 0.881008 -9.65278 -0.114914 -0.666401 -9.91585 0.314656 0.00152716 -0.0859793 0.055436
1489.63 0.957617 -9.72939 0.0 -0.666401 -9.9314 0.31346 0.00213803 -0.0887282 0.0493274
1489.65 0.957617 -9.61448 -0.0766094 -0.665205 -9.89312 0.306281 0.00549779 -0.0905607 0.0508545
1489.67 0.995922 -9.69109 -0.191523 -0.660419 -9.85125 0.302692 0.00335976 -0.0891863 0.062461
1489.68 0.919312 -9.57617 0.0 -0.691525 -9.85005 0.312263 0.00412334 -0.0885754 0.0733038
1489.7 1.30236 -9.61448 -0.0383047 -0.714257 -9.88714 0.339781 0.0065668 -0.0916298 0.0743728
1489.72 0.957617 -9.49956 -0.191523 -0.6999 -9.83091 0.317049 0.00733038 -0.0920879 0.0717766
1489.73 1.03423 -9.57617 -0.191523 -0.715454 -9.83569 0.329013 0.00229074 -0.0875064 0.065668
1489.75 1.11084 -9.65278 -0.191523 -0.719043 -9.82612 0.307478 0.00274889 -0.0846048 0.0642935
1489.77 0.995922 -9.49956 -0.306437 -0.744168 -9.82732 0.307478 0.00458149 -0.090408 0.0584903
1489.78 0.957617 -9.57617 -0.268133 -0.732203 -9.81416 0.306281 0.00442877 -0.0917825 0.057574
1489.8 1.07253 -9.53786 -0.153219 -0.732203 -9.82014 0.31346 0.00366519 -0.0940732 0.0563523
1489.82 0.881008 -9.61448 -0.191523 -0.701097 -9.82492 0.306281 0.00229074 -0.0930042 0.0557414
1489.83 1.14914 -9.65278 -0.0766094 -0.710668 -9.85244 0.323031 0.00244346 -0.0943787 0.0557414
1489.85 1.03423 -9.61448 -0.153219 -0.702293 -9.87877 0.320638 0.00198531 -0.090408 0.0595593
1489.86 1.03423 -9.65278 -0.344742 -0.667597 -9.89432 0.320638 0.00198531 -0.0936151 0.0665843
1489.88 0.766094 -9.72939 -0.229828 -0.660419 -9.92662 0.319442 0.000610865 -0.0920879 0.071013
1489.9 0.919312 -9.69109 -0.0766094 -0.626919 -9.9338 0.29671 0.00274889 -0.0933096 0.0707076
1489.91 0.842703 -9.46126 -0.0766094 -0.634098 -9.88475 0.30987 0.00244346 -0.0928515 0.0705549
1489.93 0.766094 -9.57617 -0.229828 -0.648455 -9.90389 0.306281 0.00274889 -0.0916298 0.0719294
1489.95 0.842703 -9.69109 -0.153219 -0.667597 -9.87877 0.297906 0.00229074 -0.0867428 0.0759
1489.96 0.842703 -9.61448 -0.421352 -0.685544 -9.89552 0.29671 0.00519235 -0.0925461 0.0810924
1489.98 1.14914 -9.49956 -0.191523 -0.728614 -9.84526 0.31346 0.00580322 -0.0913243 0.0876591
1489.99 1.14914 -9.53786 -0.229828 -0.705882 -9.8321 0.282353 0.00427606 -0.0897971 0.0870483
1490.01 0.995922 -9.53786 -0.229828 -0.723829 -9.81775 0.265603 0.00580322 -0.0930042 0.0838412
1490.03 0.919312 -9.53786 -0.268133 -0.721436 -9.80818 0.259621 0.00427606 -0.0925461 0.0823141
1490.04 0.919312 -9.57617 -0.153219 -0.691525 -9.76989 0.285942 0.00397062 -0.0913243 0.085063
1490.06 1.03423 -9.53786 0.0 -0.770489 -9.82492 0.252443 0.00335976 -0.0905607 0.0867428
1490.08 1.03423 -9.57617 0.0 -0.758524 -9.87398 0.282353 0.00259618 -0.0926988 0.0922406
1490.09 0.995922 -9.57617 -0.114914 -0.736989 -9.87039 0.275174 0.00351247 -0.0942259 0.0934624
1490.11 1.22575 -9.61448 -0.191523 -0.744168 -9.88235 0.291924 0.00290161 -0.0907135 0.0940732
1490.13 1.11084 -9.806 0.114914 -0.766899 -9.86441 0.278764 0.00167988 -0.0925461 0.0954477
1490.14 1.03423 -9.69109 -0.459656 -0.824327 -9.9015 0.314656 0.00427606 -0.0981966 0.0992656
1490.16 1.11084 -9.65278 -0.114914 -0.849452 -9.90389 0.330209 0.00580322 -0.100029 0.102625
1490.18 1.11084 -9.61448 -0.57457 -0.874577 -9.85843 0.362513 0.00595593 -0.0997237 0.105374
1490.19 1.18745 -9.61448 -0.229828 -0.89013 -9.85244 0.369691 0.00335976 -0.0965167 0.106596
1490.21 1.07253 -9.46126 -0.383047 -0.902094 -9.8333 0.376869 0.00229074 -0.100335 0.105069
1490.23 1.14914 -9.69109 -0.191523 -0.897308 -9.86441 0.396012 0.00167988 -0.100182 0.103694
1490.24 1.22575 -9.61448 -0.344742 -0.914058 -9.87877 0.416351 0.00137445 -0.0992656 0.0978911
1490.26 1.22575 -9.61448 -0.0766094 -0.935593 -9.87159 0.411565 0.00213803 -0.104763 0.0890336
1490.28 1.34066 -9.57617 -0.306437 -0.948754 -9.8668 0.409173 -0.00106901 -0.099571 0.0855211
1490.29 1.45558 -9.65278 -0.268133 -0.985843 -9.83809 0.407976 0.00152716 -0.107207 0.0746782
1490.31 1.14914 -9.49956 -0.306437 -0.981057 -9.84048 0.384048 -0.000610865 -0.109803 0.0638354
1490.32 1.14914 -9.53786 -0.268133 -0.915254 -9.79143 0.37328 0.00137445 -0.111941 0.0584903
1490.34 1.22575 -9.65278 -0.306437 -0.904487 -9.81655 0.363709 -0.0018326 -0.113163 0.0497855
1490.35 1.14914 -9.46126 -0.344742 -0.905683 -9.83569 0.325424 -0.00335976 -0.110261 0.0442877
1490.37 1.11084 -9.49956 -0.229828 -0.87338 -9.85603 0.332602 -0.00198531 -0.111941 0.0433714
1490.39 1.07253 -9.69109 -0.268133 -0.815952 -9.8333 0.325424 -0.00152716 -0.113926 0.0488692
1490.4 1.03423 -9.61448 -0.459656 -0.795613 -9.85843 0.337388 -0.00412334 -0.111636 0.0607811
1490.42 0.995922 -9.49956 0.0383047 -0.772881 -9.84048 0.330209 -0.00229074 -0.111788 0.0616974
1490.44 1.07253 -9.69109 -0.191523 -0.795613 -9.84766 0.329013 -0.00519235 -0.107207 0.0600175
1490.45 1.14914 -9.61448 -0.383047 -0.84347 -9.87039 0.346959 -0.00274889 -0.112857 0.0592539
1490.47 0.995922 -9.57617 -0.268133 -0.860219 -9.84167 0.368495 -0.00366519 -0.112094 0.0594066
1490.49 1.11084 -9.57617 -0.114914 -0.897308 -9.81655 0.374477 -0.0074831 -0.105527 0.0606284
1490.5 1.07253 -9.46126 -0.268133 -0.902094 -9.77588 0.376869 -0.00641408 -0.110872 0.0523817
1490.52 1.22575 -9.46126 0.114914 -0.914058 -9.77468 0.382851 -0.00717767 -0.112246 0.0390954
1490.54 1.18745 -9.46126 -0.57457 -0.910469 -9.78066 0.422333 -0.00870483 -0.112705 0.0345139
1490.55 1.14914 -9.57617 -0.344742 -0.921237 -9.77707 0.40678 -0.00916297 -0.114843 0.0273362
1490.57 1.22575 -9.57617 -0.114914 -0.915254 -9.78544 0.422333 -0.0138972 -0.110719 0.0184787
1490.59 1.22575 -9.49956 -0.306437 -0.894915 -9.82851 0.430708 -0.0116064 -0.114079 0.013439
1490.6 1.22575 -9.65278 -0.306437 -0.875773 -9.85484 0.457029 -0.0131336 -0.116981 0.00733038
1490.62 1.07253 -9.57617 -0.0766094 -0.876969 -9.84287 0.433101 -0.0146608 -0.113315 0.0114537
1490.63 1.03423 -9.57617 -0.153219 -0.845862 -9.84885 0.442672 -0.011301 -0.116217 0.0119119
1490.65 1.03423 -9.65278 -0.306437 -0.837488 -9.87877 0.442672 -0.0138972 -0.117439 0.014508
1490.67 1.14914 -9.65278 -0.459656 -0.867398 -9.88714 0.463011 -0.0120646 -0.116675 0.0154243
1490.68 0.995922 -9.65278 -0.191523 -0.869791 -9.87518 0.4666 -0.0125227 -0.118508 0.0163406
1490.7 1.14914 -9.69109 -0.344742 -0.885344 -9.90269 0.448654 -0.00916297 -0.11973 0.0218384
1490.72 1.30236 -9.69109 -0.383047 -0.939182 -9.95174 0.44985 -0.00992656 -0.114232 0.0389426
1490.73 1.14914 -9.65278 -0.229828 -0.922433 -9.92423 0.457029 -0.00824668 -0.116217 0.0568105
1490.75 1.18745 -9.72939 -0.0383047 -0.943968 -9.95653 0.448654 -0.00488692 -0.118508 0.0647517
1490.77 1.07253 -9.61448 -0.229828 -0.982253 -9.92303 0.427119 -0.00259618 -0.11805 0.0919352
1490.78 1.26405 -9.57617 -0.114914 -1.01695 -9.92901 0.41994 -0.000152716 -0.116064 0.127518
1490.8 1.18745 -9.806 -0.306437 -1.04806 -9.9649 0.385244 -0.000610865 -0.110261 0.144928
1490.82 1.30236 -9.72939 -0.114914 -1.0014 -9.95653 0.36012 0.0056505 -0.117744 0.165239
1490.83 1.37897 -9.76769 -0.114914 -0.987039 -9.97089 0.351745 0.010232 -0.117133 0.163254
1490.85 1.22575 -9.76769 -0.0766094 -0.942772 -10.0247 0.324227 0.0116064 -0.116981 0.153633
1490.87 1.11084 -9.69109 -0.191523 -0.918843 -9.97567 0.325424 0.0111483 -0.114385 0.132252
1490.88 1.34066 -9.61448 -0.153219 -0.89013 -9.89432 0.308674 0.0137445 -0.115912 0.106596
1490.9 1.30236 -9.57617 -0.306437 -0.905683 -9.868 0.315852 0.0126754 -0.111636 0.095295
1490.91 1.30236 -9.57617 -0.229828 -0.896112 -9.82732 0.285942 0.0166461 -0.113774 0.0806342
1490.93 1.22575 -9.57617 -0.229828 -0.89013 -9.78544 0.288335 0.0146608 -0.111636 0.0759
1490.95 1.07253 -9.53786 -0.0383047 -0.887737 -9.75912 0.319442 0.0135917 -0.109803 0.0751364
1490.96 0.957617 -9.38465 -0.383047 -0.879362 -9.73041 0.336191 0.0157298 -0.111788 0.0765108
1490.98 1.11084 -9.42295 -0.268133 -0.874577 -9.74477 0.340977 0.0108429 -0.102625 0.0824668
1491.0 1.14914 -9.57617 -0.306437 -0.859023 -9.74955 0.393619 0.0125227 -0.10568 0.083994
1491.01 1.14914 -9.53786 -0.497961 -0.878166 -9.76989 0.392423 0.0148135 -0.111025 0.0856738
1491.03 1.22575 -9.65278 -0.344742 -0.917647 -9.81775 0.427119 0.010232 -0.104305 0.0859793
1491.05 1.26405 -9.42295 -0.344742 -0.926022 -9.78305 0.421137 0.00870483 -0.098502 0.0771217
1491.06 1.26405 -9.53786 -0.229828 -0.945165 -9.82492 0.417547 0.00916297 -0.103236 0.0714712
1491.08 1.26405 -9.57617 -0.153219 -0.976271 -9.80339 0.428315 0.00626137 -0.0994183 0.0673479
1491.1 1.30236 -9.46126 -0.229828 -1.0337 -9.76869 0.439083 0.00137445 -0.0988074 0.062461
1491.11 1.37897 -9.49956 -0.268133 -1.01815 -9.7328 0.448654 0.00137445 -0.0981966 0.0526871
1491.13 1.45558 -9.46126 -0.268133 -1.06002 -9.78185 0.494118 -0.0056505 -0.0943787 0.0494801
1491.15 1.26405 -9.42295 -0.497961 -1.06241 -9.74716 0.51326 -0.00702495 -0.0959058 0.032834
1491.16 1.30236 -9.57617 -0.306437 -1.05284 -9.77109 0.506082 -0.0106901 -0.0919352 0.0169515
1491.18 1.14914 -9.42295 -0.344742 -1.02652 -9.70887 0.488136 -0.0105374 -0.0949895 0.00717767
1491.19 1.30236 -9.46126 -0.344742 -1.0002 -9.70887 0.463011 -0.0135917 -0.0922406 -0.00366519
1491.21 0.995922 -9.38465 -0.114914 -0.972682 -9.69093 0.458225 -0.0161879 -0.0919352 -0.00992656
1491.23 1.26405 -9.46126 -0.421352 -0.984646 -9.77348 0.435494 -0.0184787 -0.091477 -0.01237
1491.24 1.34066 -9.61448 -0.306437 -0.959521 -9.80339 0.429512 -0.0189368 -0.0931569 -0.019395
1491.26 1.22575 -9.57617 -0.306437 -0.993021 -9.82492 0.413958 -0.0187841 -0.0920879 -0.0239765
1491.28 1.22575 -9.49956 -0.344742 -1.0014 -9.79382 0.410369 -0.0206167 -0.0902553 -0.0212276
1491.29 1.18745 -9.53786 -0.229828 -1.02652 -9.82851 0.397208 -0.0181732 -0.098502 -0.0201585
1491.31 1.18745 -9.57617 -0.229828 -1.0002 -9.82851 0.35653 -0.0161879 -0.098502 -0.0056505
1491.33 1.26405 -9.49956 -0.421352 -0.993021 -9.82732 0.348156 -0.0167988 -0.097433 0.000916298
1491.34 1.30236 -9.72939 -0.306437 -0.999003 -9.91346 0.357727 -0.0146608 -0.0992656 0.00977384
1491.36 1.49388 -9.65278 -0.268133 -1.00259 -9.92782 0.350548 -0.0140499 -0.0951423 0.0207694
1491.38 1.30236 -9.806 -0.421352 -0.997807 -9.92064 0.337388 -0.0120646 -0.095295 0.0277944
1491.39 1.22575 -9.61448 -0.268133 -0.955932 -9.9015 0.302692 -0.00901026 -0.0986547 0.0300851
1491.41 1.14914 -9.65278 -0.0766094 -0.939182 -9.92064 0.288335 -0.0125227 -0.0919352 0.0354302
1491.43 1.30236 -9.72939 -0.153219 -0.933201 -9.93619 0.285942 -0.00885754 -0.0956004 0.0363465
1491.44 1.22575 -9.69109 -0.229828 -0.937986 -10.0092 0.289531 -0.010232 -0.0926988 0.0375682
1491.46 1.14914 -9.61448 -0.114914 -0.867398 -9.95892 0.302692 -0.00305432 -0.0994183 0.0366519
1491.48 0.995922 -9.61448 -0.0766094 -0.878166 -9.95773 0.301496 -0.00335976 -0.0975857 0.0380264
1491.49 1.14914 -9.57617 -0.306437 -0.909272 -9.90389 0.301496 -0.00259618 -0.0965167 0.0386372
1491.51 1.11084 -9.57617 -0.153219 -0.923629 -9.88834 0.337388 -0.00229074 -0.0957531 0.0416915
1491.53 1.26405 -9.53786 -0.153219 -0.914058 -9.84167 0.352941 0.000305433 -0.0992656 0.0505491
1491.54 1.22575 -9.69109 -0.191523 -0.912862 -9.85843 0.367298 -0.00213803 -0.0971275 0.0606284
1491.56 1.26405 -9.69109 -0.229828 -0.916451 -9.88714 0.417547 -0.00626137 -0.0934624 0.068875
1491.57 1.34066 -9.57617 -0.114914 -0.933201 -9.87159 0.455832 0.00122173 -0.103083 0.0696386
1491.59 1.26405 -9.46126 -0.497961 -0.98345 -9.83689 0.5001 -0.00473421 -0.0969748 0.0728457
1491.61 1.26405 -9.69109 -0.421352 -1.0002 -9.84766 0.506082 -0.00305432 -0.0949895 0.0717766
1491.62 1.30236 -9.53786 -0.421352 -1.02293 -9.80937 0.512064 -0.00595593 -0.0942259 0.0714712
1491.64 1.37897 -9.65278 -0.536266 -1.01456 -9.75673 0.527617 -0.00381791 -0.0998765 0.0630718
1491.66 1.30236 -9.42295 -0.459656 -1.03729 -9.77707 0.531206 -0.0056505 -0.096364 0.0528398
1491.67 1.45558 -9.46126 -0.268133 -1.03848 -9.81296 0.468993 -0.00641408 -0.0997237 0.0478002
1491.69 1.22575 -9.46126 -0.344742 -1.00259 -9.79143 0.446261 -0.00671952 -0.10064 0.0384845
1491.71 1.14914 -9.57617 -0.459656 -1.00977 -9.7986 0.457029 -0.00962113 -0.0980438 0.0355829
1491.72 1.30236 -9.53786 -0.421352 -0.995414 -9.82134 0.42353 -0.010232 -0.0986547 0.0323759
1491.74 1.14914 -9.65278 -0.191523 -0.947557 -9.82971 0.385244 -0.00962113 -0.0980438 0.0305433
1491.76 1.14914 -9.65278 -0.306437 -0.900898 -9.87996 0.35653 -0.00626137 -0.0966694 0.0300851
1491.77 1.07253 -9.57617 -0.153219 -0.860219 -9.89073 0.36012 -0.00778853 -0.0949895 0.0271835
1491.79 1.11084 -9.53786 -0.306437 -0.837488 -9.89312 0.308674 -0.00473421 -0.0962113 0.030696
1491.81 1.07253 -9.65278 -0.229828 -0.818345 -9.89671 0.312263 -0.00244346 -0.0939205 0.0383318
1491.82 1.26405 -9.69109 -0.114914 -0.824327 -9.89791 0.307478 -0.00351247 -0.0943787 0.0468839
1491.84 1.18745 -9.53786 -0.114914 -0.865005 -9.88116 0.306281 -0.00442877 -0.0884227 0.0513127
1491.86 1.14914 -9.61448 -0.191523 -0.869791 -9.86321 0.306281 0.000763581 -0.0905607 0.0537561
1491.87 1.26405 -9.57617 -0.306437 -0.878166 -9.83928 0.324227 -0.00137445 -0.0847575 0.0555887
1491.89 1.07253 -9.46126 -0.344742 -0.881755 -9.82492 0.299103 -0.00152716 -0.0826195 0.057574
1491.91 1.11084 -9.53786 -0.191523 -0.909272 -9.82732 0.325424 0.000916298 -0.0881173 0.0581849
1491.92 1.18745 -9.53786 -0.268133 -0.95354 -9.84287 0.376869 0.00152716 -0.0873537 0.0604756
1491.94 1.26405 -9.53786 -0.421352 -0.988235 -9.83091 0.382851 -0.00198531 -0.0827722 0.0647517
1491.95 1.30236 -9.46126 -0.0766094 -1.01456 -9.81416 0.398405 -0.00244346 -0.0830777 0.062461
1491.97 1.41727 -9.46126 -0.306437 -1.0002 -9.75912 0.445065 -0.00137445 -0.0821613 0.0531453
1491.99 1.11084 -9.61448 -0.229828 -0.999003 -9.74955 0.443868 -0.00320704 -0.085063 0.0397062
1492.0 1.26405 -9.38465 -0.459656 -0.995414 -9.75434 0.440279 -0.00335976 -0.0858265 0.0361938
1492.02 1.26405 -9.42295 -0.344742 -0.984646 -9.79263 0.415155 -0.00503964 -0.0868956 0.0361938
1492.04 1.18745 -9.61448 -0.306437 -0.991825 -9.82373 0.399601 -0.00503964 -0.0858265 0.0442877
1492.05 1.22575 -9.61448 -0.421352 -0.961914 -9.85484 0.442672 -0.00442877 -0.0856738 0.046273
1492.07 1.26405 -9.57617 -0.421352 -0.977468 -9.85723 0.437886 -0.00870483 -0.081245 0.0497855
1492.09 1.22575 -9.46126 -0.306437 -0.972682 -9.82851 0.397208 -0.0074831 -0.079107 0.0503964
1492.1 1.07253 -9.61448 -0.268133 -0.960718 -9.85364 0.398405 -0.00549779 -0.0842994 0.0478002
1492.12 1.14914 -9.49956 -0.191523 -0.969093 -9.86919 0.381655 -0.00671952 -0.0836885 0.0433714
1492.14 1.37897 -9.76769 -0.153219 -0.973878 -9.88475 0.384048 -0.00671952 -0.0830777 0.0375682
1492.15 1.18745 -9.53786 -0.268133 -0.972682 -9.85603 0.391226 -0.00702495 -0.0817032 0.0421497
1492.17 1.14914 -9.57617 -0.344742 -0.965504 -9.82492 0.36012 -0.00931569 -0.0777326 0.046273
1492.19 1.22575 -9.38465 -0.421352 -0.977468 -9.82492 0.348156 -0.00641408 -0.0864374 0.046273
1492.2 1.37897 -9.57617 -0.229828 -1.0014 -9.82851 0.332602 -0.00702495 -0.0833831 0.0467312
1492.22 1.34066 -9.57617 -0.268133 -0.97986 -9.85723 0.345763 -0.00946841 -0.0807869 0.0426078
1492.24 1.22575 -9.57617 -0.0766094 -0.939182 -9.8333 0.331406 -0.00778853 -0.0833831 0.0311541
1492.25 1.14914 -9.69109 -0.383047 -0.947557 -9.85125 0.355334 -0.00580322 -0.0870483 0.0259618
1492.27 1.11084 -9.61448 -0.229828 -0.911665 -9.84287 0.35653 -0.00855211 -0.083994 0.0293215
1492.29 1.11084 -9.49956 -0.229828 -0.923629 -9.8668 0.329013 -0.00977384 -0.076969 0.0351248
1492.3 1.18745 -9.61448 -0.306437 -0.945165 -9.86441 0.327816 -0.0056505 -0.0864374 0.0361938
1492.32 1.18745 -9.72939 -0.0383047 -0.9667 -9.8656 0.317049 -0.00778853 -0.0830777 0.0395535
1492.34 1.14914 -9.69109 -0.306437 -0.952343 -9.85603 0.348156 -0.00580322 -0.0855211 0.036041
1492.35 1.26405 -9.57617 -0.421352 -0.947557 -9.83569 0.333799 -0.0100793 -0.0797179 0.0332921
1492.37 1.03423 -9.53786 -0.114914 -0.946361 -9.82253 0.337388 -0.00901026 -0.0820086 0.0253509
1492.39 1.18745 -9.53786 -0.191523 -0.951147 -9.82612 0.350548 -0.00809396 -0.0830777 0.0230602
1492.4 1.26405 -9.53786 0.114914 -0.943968 -9.81655 0.370887 -0.00778853 -0.086132 0.0230602
1492.42 1.22575 -9.65278 -0.306437 -0.947557 -9.82851 0.381655 -0.00931569 -0.085063 0.0229074
1492.43 1.18745 -9.53786 -0.421352 -0.973878 -9.84167 0.424726 -0.00763582 -0.0888809 0.0244346
1492.45 1.07253 -9.61448 -0.191523 -0.951147 -9.85962 0.416351 -0.00702495 -0.0891863 0.0241292
1492.47 1.18745 -9.57617 -0.153219 -0.909272 -9.82612 0.388834 -0.010232 -0.083994 0.0314596
1492.48 1.18745 -9.61448 -0.344742 -0.915254 -9.85364 0.391226 -0.00763582 -0.090408 0.0345139
1492.5 1.14914 -9.72939 -0.306437 -0.918843 -9.84646 0.388834 -0.00855211 -0.0826195 0.0491747
1492.52 1.26405 -9.69109 0.0 -0.927218 -9.91824 0.393619 -0.00763582 -0.0842994 0.0561996
1492.53 1.26405 -9.61448 -0.229828 -0.927218 -9.89911 0.396012 -0.00106901 -0.089339 0.0545197
1492.55 1.18745 -9.69109 -0.344742 -0.922433 -9.89552 0.386441 -0.00397062 -0.0875064 0.0526871
1492.57 1.18745 -9.53786 -0.306437 -0.932004 -9.87757 0.379262 -0.00519235 -0.0827722 0.0511599
1492.58 1.34066 -9.69109 -0.306437 -0.93679 -9.87757 0.392423 -0.00213803 -0.0853684 0.0529926
1492.6 1.22575 -9.69109 -0.268133 -0.90329 -9.88116 0.37328 -0.00229074 -0.0859793 0.0548251
1492.62 1.11084 -9.72939 -0.268133 -0.894915 -9.94218 0.370887 -0.000458149 -0.0856738 0.0511599
1492.63 1.18745 -9.69109 -0.229828 -0.854237 -9.91227 0.381655 -0.00122173 -0.0824668 0.0418443
1492.65 1.14914 -9.69109 -0.114914 -0.865005 -9.88953 0.375673 -0.00320704 -0.0794125 0.0354302
1492.66 1.03423 -9.57617 -0.306437 -0.880558 -9.82253 0.378066 -0.000610865 -0.0849102 0.0267254
1492.68 1.22575 -9.49956 -0.306437 -0.909272 -9.77707 0.374477 -0.00290161 -0.0833831 0.0311541
1492.7 1.18745 -9.46126 -0.268133 -0.93679 -9.76869 0.37328 -0.000763581 -0.0853684 0.0348193
1492.71 1.14914 -9.53786 -0.268133 -0.92004 -9.81296 0.357727 -0.000305433 -0.0878119 0.0401644
1492.73 1.41727 -9.57617 -0.421352 -0.905683 -9.86441 0.354138 -0.00320704 -0.0846048 0.0403171
1492.75 1.14914 -9.61448 -0.229828 -0.896112 -9.84407 0.338584 -0.00595593 -0.0813978 0.0366519
1492.76 1.30236 -9.61448 -0.306437 -0.915254 -9.8321 0.330209 -0.00473421 -0.0830777 0.0368046
1492.78 1.18745 -9.53786 -0.229828 -0.892523 -9.81894 0.30987 -0.00259618 -0.0858265 0.0366519
1492.8 1.07253 -9.53786 -0.497961 -0.900898 -9.82492 0.295514 -0.00351247 -0.0827722 0.0438296
1492.81 1.18745 -9.57617 -0.268133 -0.893719 -9.90389 0.320638 -0.00366519 -0.0846048 0.041997
1492.83 1.26405 -9.72939 -0.153219 -0.869791 -9.92901 0.352941 -0.000458149 -0.0841467 0.0406225
1492.85 1.07253 -9.57617 -0.153219 -0.848255 -9.90389 0.345763 -0.000458149 -0.0856738 0.041997
1492.86 1.18745 -9.65278 -0.536266 -0.857827 -9.88116 0.363709 -0.00488692 -0.0797179 0.0474948
1492.88 1.18745 -9.61448 -0.229828 -0.900898 -9.8321 0.361316 -0.00488692 -0.0772744 0.0513127
1492.9 1.07253 -9.42295 -0.229828 -0.923629 -9.80698 0.358923 -0.0018326 -0.079107 0.0513127
1492.91 1.30236 -9.53786 -0.344742 -0.939182 -9.82492 0.374477 -0.00167988 -0.0818559 0.045204
1492.93 1.34066 -9.46126 -0.229828 -0.958325 -9.83809 0.451047 0.000610865 -0.0832304 0.0439823
1492.95 1.26405 -9.49956 -0.268133 -0.960718 -9.82014 0.421137 -0.00351247 -0.0797179 0.0479529
1492.96 1.34066 -9.49956 -0.268133 -0.964307 -9.82732 0.397208 -0.00503964 -0.0824668 0.0595593
1492.98 1.30236 -9.61448 -0.57457 -0.976271 -9.82732 0.379262 -0.00473421 -0.0823141 0.0655153
1492.99 1.34066 -9.53786 -0.229828 -0.990628 -9.82971 0.368495 -0.00366519 -0.0824668 0.0705549
1493.01 1.30236 -9.49956 -0.229828 -0.985843 -9.84526 0.372084 -0.00412334 -0.0824668 0.0636827
1493.03 1.22575 -9.57617 -0.459656 -0.98345 -9.8345 0.372084 -0.00427606 -0.0873537 0.0578795
1493.04 1.30236 -9.61448 -0.344742 -0.961914 -9.8333 0.362513 -0.00916297 -0.0824668 0.0542143
1493.06 1.18745 -9.49956 -0.268133 -0.958325 -9.82253 0.354138 -0.00962113 -0.0853684 0.0496328
1493.08 1.26405 -9.61448 -0.306437 -0.946361 -9.81057 0.361316 -0.00870483 -0.0870483 0.0416915
1493.09 1.18745 -9.53786 -0.153219 -0.905683 -9.82492 0.348156 -0.0074831 -0.0864374 0.0415388
1493.11 1.22575 -9.65278 -0.191523 -0.900898 -9.83928 0.372084 -0.0111483 -0.0815505 0.0358883
1493.13 1.14914 -9.61448 -0.268133 -0.878166 -9.87757 0.398405 -0.0103847 -0.085063 0.0369573
1493.14 1.18745 -9.76769 -0.191523 -0.900898 -9.9015 0.400798 -0.0125227 -0.0803288 0.0409279
1493.16 1.22575 -9.49956 -0.536266 -0.90329 -9.8345 0.411565 -0.011301 -0.0823141 0.0482583
1493.18 1.14914 -9.57617 -0.383047 -0.886541 -9.84646 0.411565 -0.0117592 -0.0826195 0.0525344
1493.19 1.18745 -9.57617 -0.268133 -0.886541 -9.82253 0.375673 -0.0129809 -0.0803288 0.055436
1493.21 1.14914 -9.57617 -0.268133 -0.897308 -9.82971 0.348156 -0.0143553 -0.0775799 0.0561996
1493.23 1.11084 -9.69109 0.0766094 -0.918843 -9.82492 0.36012 -0.0116064 -0.0817032 0.0494801
1493.24 1.18745 -9.57617 -0.306437 -0.951147 -9.81655 0.358923 -0.0146608 -0.0755945 0.0464257
1493.26 1.18745 -9.42295 -0.344742 -0.908076 -9.801 0.384048 -0.0135917 -0.076969 0.0436769
1493.28 1.18745 -9.46126 0.0383047 -0.900898 -9.78664 0.392423 -0.0140499 -0.0734565 0.0345139
1493.29 1.11084 -9.57617 0.0 -0.897308 -9.81416 0.380459 -0.0146608 -0.0754418 0.0322231
1493.31 1.26405 -9.53786 -0.268133 -0.899701 -9.78784 0.386441 -0.0126754 -0.0731511 0.0329867
1493.32 1.11084 -9.49956 -0.459656 -0.900898 -9.82732 0.375673 -0.014508 -0.0713185 0.0326813
1493.34 1.18745 -9.69109 -0.383047 -0.89013 -9.8345 0.372084 -0.0120646 -0.071013 0.0331394
1493.36 1.30236 -9.65278 -0.344742 -0.880558 -9.88116 0.396012 -0.0074831 -0.0757473 0.0322231
1493.37 1.18745 -9.65278 -0.114914 -0.881755 -9.92662 0.379262 -0.00763582 -0.0723875 0.0368046
1493.39 1.11084 -9.61448 -0.536266 -0.910469 -9.90868 0.382851 -0.00855211 -0.0694859 0.0455095
1493.4 1.07253 -9.65278 -0.153219 -0.911665 -9.89911 0.337388 -0.00626137 -0.0697913 0.0516181
1493.42 1.18745 -9.65278 -0.153219 -0.918843 -9.9015 0.348156 -0.00458149 -0.0711658 0.0536034
1493.43 0.957617 -9.61448 -0.268133 -0.960718 -9.89432 0.333799 -0.00763582 -0.0644463 0.0560469
1493.45 1.18745 -9.65278 -0.153219 -0.985843 -9.88235 0.34337 -0.00687223 -0.064599 0.0508545
1493.46 1.22575 -9.72939 0.0383047 -1.00259 -9.89073 0.351745 0.0 -0.0742201 0.0465785
1493.48 1.11084 -9.65278 -0.191523 -1.03131 -9.87159 0.329013 -0.00335976 -0.0696386 0.0471893
1494.05 1.45558 -9.99752 0.0 -0.921237 -10.2485 0.200997 0.0279471 -0.074831 0.279776
1494.07 1.22575 -9.95922 -0.306437 -0.892523 -10.2269 0.22014 0.0313068 -0.0697913 0.29459
1494.09 1.26405 -9.99752 -0.114914 -0.893719 -10.2449 0.245264 0.0409279 -0.074831 0.305738
1494.1 1.11084 -10.0358 0.0 -0.930808 -10.2748 0.251246 0.0433714 -0.0671951 0.296575
1494.12 1.18745 -10.0358 -0.344742 -0.972682 -10.3119 0.25005 0.0464257 -0.0612392 0.262367
1494.14 1.41727 -10.0358 -0.153219 -1.04207 -10.4148 0.269192 0.0481056 -0.0586431 0.234267
1494.15 1.22575 -10.2657 -0.229828 -1.07916 -10.4877 0.332602 0.0503964 -0.0581849 0.153327
1494.17 1.37897 -10.1124 -0.229828 -1.10548 -10.3932 0.340977 0.0496328 -0.044135 0.067806
1494.19 1.49388 -9.8443 0.0 -1.12941 -10.2999 0.355334 0.0485638 -0.0409279 0.0288634
1494.2 1.76202 -9.88261 -0.0383047 -1.16889 -10.0702 0.333799 0.0502437 -0.0345139 -0.0502437
1494.22 1.53219 -9.61448 -0.114914 -1.2012 -9.90628 0.271585 0.052229 -0.0332921 -0.104611
1494.24 1.72371 -9.42295 -0.0383047 -1.25384 -9.82253 0.226122 0.0528398 -0.0325286 -0.142332
1494.25 1.41727 -9.30804 -0.0383047 -1.35673 -9.66939 0.167498 0.0520762 -0.0308487 -0.15852
1494.27 1.41727 -9.34634 0.191523 -1.19521 -9.5653 0.132802 0.0496328 -0.0314596 -0.176082
1494.28 1.41727 -9.38465 0.0766094 -1.11266 -9.49232 0.106481 0.043066 -0.0291688 -0.168599
1494.3 1.18745 -9.30804 0.153219 -1.04806 -9.48275 0.0837488 0.0386372 -0.0259618 -0.157603
1494.32 1.37897 -9.34634 0.191523 -1.00738 -9.51266 0.102891 0.0300851 -0.0274889 -0.140041
1494.33 1.14914 -9.19312 0.0766094 -0.906879 -9.43011 0.154337 0.0174097 -0.0262672 -0.143859
1494.35 1.11084 -9.19312 -0.229828 -0.898505 -9.40499 0.206979 0.0111483 -0.0267254 -0.167682
1494.37 1.14914 -9.23143 -0.268133 -0.891326 -9.4026 0.329013 -0.00137445 -0.0300851 -0.186161
1494.38 1.03423 -9.03991 -0.0766094 -0.814756 -9.38465 0.40678 -0.019395 -0.0284052 -0.218537
1494.4 0.995922 -9.19312 -0.306437 -0.813559 -9.41336 0.502493 -0.0426078 -0.0241292 -0.2474
1494.42 0.957617 -9.19312 -0.497961 -0.74656 -9.38824 0.547956 -0.0551306 -0.0190895 -0.262214
1494.43 0.957617 -9.26973 -0.57457 -0.581456 -9.44925 0.557528 -0.0778853 -0.0126754 -0.322537
1494.45 0.842703 -9.42295 -0.65118 -0.522831 -9.68854 0.518046 -0.0978911 -0.0109956 -0.439365
1494.47 0.65118 -9.42295 -0.459656 -0.421137 -9.77229 0.467797 -0.108429 -0.00626137 -0.516334
1494.48 0.689484 -9.61448 -0.306437 -0.324227 -10.0116 0.472582 -0.125533 -0.00397062 -0.698982
1494.5 0.421352 -9.72939 -0.383047 -0.09332 -10.0295 0.461814 -0.133474 -0.0056505 -0.88606
1494.52 0.421352 -9.69109 -0.229828 -0.0550349 -9.95773 0.463011 -0.136528 -0.00916297 -1.02885
1494.53 0.344742 -9.42295 -0.383047 0.148355 -9.80818 0.384048 -0.137903 -0.00916297 -1.07589
1494.55 0.229828 -9.19312 -0.153219 0.202193 -9.51386 0.385244 -0.138208 -0.00962113 -1.11147
1494.57 0.268133 -9.19312 -0.383047 0.155533 -9.42772 0.380459 -0.133321 -0.0171042 -1.08642
1494.58 0.0 -9.23143 -0.344742 0.199801 -9.44686 0.363709 -0.130725 -0.0180205 -1.05344
1494.6 -0.0766094 -9.30804 -0.421352 0.422333 -9.44327 0.339781 -0.126296 -0.0195477 -0.962113
1494.62 -0.0383047 -9.42295 -0.229828 0.495314 -9.58564 0.301496 -0.116675 -0.025809 -0.832456
1494.63 -0.153219 -9.46126 -0.229828 0.521635 -9.71605 0.276371 -0.105069 -0.025809 -0.6831
1494.65 -0.421352 -9.65278 0.191523 0.715454 -9.87877 0.223729 -0.100029 -0.0270308 -0.606131
1494.67 -0.536266 -9.76769 0.0383047 1.02054 -10.0355 0.179462 -0.0826195 -0.0332921 -0.464563
1494.68 -0.842703 -10.1124 0.268133 1.14736 -10.1312 0.148355 -0.0789543 -0.0274889 -0.340252
1494.71 -0.727789 -10.1507 0.114914 1.27418 -10.4028 0.0789631 -0.0542143 -0.032834 -0.222202
1494.72 -0.689484 -10.189 0.0383047 1.30289 -10.4351 0.0323031 -0.0363465 -0.0342084 -0.0864374
1494.74 -0.766094 -10.189 -0.0766094 1.3328 -10.4865 0.00239282 -0.030696 -0.0300851 -0.0135917
1494.76 -0.689484 -10.2273 0.344742 1.25503 -10.4483 -0.026321 -0.0119119 -0.0325286 0.142332
1494.77 -0.65118 -10.0358 0.153219 1.26221 -10.3274 0.00957129 0.0 -0.0271835 0.295048
1494.79 -0.536266 -10.0358 0.0766094 1.22512 -10.264 0.0227318 0.00733038 -0.0279471 0.363006
1494.81 -0.65118 -9.99752 0.0766094 1.1318 -10.1874 0.0442672 0.0177151 -0.0279471 0.478918
1494.82 -0.459656 -9.92091 0.0766094 1.04088 -10.2018 0.142373 0.0209221 -0.023671 0.563065
1494.84 -0.459656 -9.8443 -0.0766094 1.02532 -10.136 0.208175 0.0261145 -0.0224493 0.601702
1494.85 -0.306437 -9.88261 -0.191523 0.929611 -10.1312 0.278764 0.0299324 -0.0235183 0.605825
1494.87 -0.153219 -9.8443 -0.383047 0.812363 -10.0618 0.36012 0.0343612 -0.0279471 0.589179
1494.89 -0.229828 -9.99752 -0.344742 0.817148 -10.0774 0.428315 0.0383318 -0.0244346 0.538936
1494.9 0.0383047 -9.95922 -0.344742 0.692722 -10.185 0.470189 0.0427606 -0.0282525 0.505491
1494.92 -0.114914 -9.95922 -0.0766094 0.537189 -10.2042 0.5001 0.0461203 -0.0197004 0.445932
1494.94 -0.114914 -9.95922 -0.459656 0.567099 -10.2496 0.484546 0.0494801 -0.0200058 0.399964
1494.95 0.0 -9.92091 -0.421352 0.595813 -10.2772 0.573081 0.0510072 -0.0163406 0.385456
1494.97 0.0383047 -9.99752 -0.497961 0.40678 -10.3394 0.643669 0.053298 -0.00901026 0.363006
1494.99 0.191523 -9.99752 -0.191523 0.288335 -10.3071 0.678365 0.0586431 -0.00916297 0.333532
1495.0 0.268133 -10.1507 -0.306437 0.16989 -10.4136 0.672383 0.0615447 -0.0114537 0.294132
1495.02 0.383047 -10.189 -0.536266 0.124427 -10.3597 0.6999 0.0650571 -0.0178678 0.27153
1495.04 0.344742 -9.88261 -0.459656 0.066999 -10.1862 0.707079 0.0642935 -0.0172569 0.230754
1495.05 0.459656 -9.76769 -0.421352 0.0239282 -10.0582 0.744168 0.0647517 -0.0248928 0.206625
1495.07 0.383047 -9.65278 -0.65118 -0.105284 -9.88235 0.765703 0.0671951 -0.0308487 0.206931
1495.09 0.421352 -9.46126 -0.65118 -0.318245 -9.79023 0.787238 0.0653626 -0.0375682 0.24007
1495.1 0.65118 -9.53786 -0.191523 -0.354138 -9.74955 0.714257 0.0658207 -0.045204 0.289855
1495.12 0.727789 -9.46126 -0.536266 -0.448654 -9.69332 0.655633 0.0616974 -0.0432187 0.315054
1495.14 0.766094 -9.57617 -0.57457 -0.583848 -9.81176 0.619741 0.0609338 -0.0581849 0.350942
1495.15 1.07253 -9.46126 -0.229828 -0.689133 -9.66341 0.61017 0.0586431 -0.0664316 0.353844
1495.17 0.881008 -9.38465 -0.497961 -0.654437 -9.65025 0.612562 0.0551306 -0.0684169 0.341932
1495.18 1.03423 -9.49956 -0.421352 -0.619741 -9.61316 0.522831 0.0500909 -0.0794125 0.302684
1495.2 0.919312 -9.57617 -0.306437 -0.585045 -9.97328 0.345763 0.0409279 -0.0862847 0.253662
1495.22 0.766094 -10.0358 -0.306437 -0.532403 -10.1647 0.232104 0.0390954 -0.10064 0.187688
1495.23 0.65118 -10.304 0.153219 -0.387637 -10.6193 0.0299103 0.0401644 -0.10797 0.134696
1495.25 0.57457 -10.2657 0.344742 -0.168694 -10.4913 -0.116052 0.0389426 -0.110261 0.0230602
1495.27 0.344742 -9.88261 0.421352 0.066999 -10.2449 -0.171087 0.0389426 -0.10797 -0.0755945
1495.28 0.229828 -9.88261 0.306437 0.16989 -10.1791 -0.180658 0.0398589 -0.109192 -0.114843
1495.3 0.229828 -9.72939 0.344742 0.153141 -10.0642 -0.171087 0.0329867 -0.100335 -0.147982
1495.32 0.344742 -9.49956 0.191523 0.0634098 -9.79621 -0.151944 0.0320704 -0.0994183 -0.124616
1495.33 0.421352 -9.26973 0.114914 -0.0454636 -9.61914 -0.0909272 0.0300851 -0.0959058 -0.0294742
1495.35 0.727789 -9.07821 0.153219 -0.299103 -9.18724 0.0215354 0.0280998 -0.0980438 0.0381791
1495.37 0.881008 -8.77177 0.114914 -0.641276 -8.88574 0.101695 0.0251982 -0.102625 0.178983
1495.38 0.995922 -8.58025 -0.0383047 -0.786042 -8.77448 0.12682 0.0177151 -0.110567 0.285579
1495.4 1.11084 -8.54194 -0.383047 -0.917647 -8.6333 0.166301 0.0164934 -0.121104 0.313068
1495.42 1.22575 -8.77177 -0.153219 -1.05284 -8.8343 0.289531 0.00397062 -0.130878 0.324369
1495.43 1.30236 -8.69516 -0.191523 -1.04925 -8.92044 0.376869 -0.00534507 -0.140652 0.305891
1495.45 1.37897 -8.77177 -0.306437 -0.965504 -8.87617 0.485743 -0.00962113 -0.144011 0.276111
1495.47 1.57049 -8.69516 -0.459656 -1.20718 -8.98983 0.667597 -0.0195477 -0.152105 0.161268
1495.48 1.76202 -9.26973 -0.65118 -1.43569 -9.67776 0.865005 -0.025809 -0.166613 0.000916298
1495.5 1.91523 -9.72939 -0.766094 -1.54935 -9.90509 0.904487 -0.025809 -0.170889 -0.0807869
1495.51 1.6088 -9.8443 -0.65118 -1.2682 -10.1013 0.885344 -0.0268781 -0.182801 -0.212734
1495.53 1.57049 -9.8443 -0.497961 -0.78006 -10.1659 0.664008 -0.0207694 -0.199906 -0.293521
1495.55 0.881008 -9.99752 -0.383047 -0.60658 -10.2173 0.537189 -0.0219911 -0.200975 -0.299477
1495.56 0.383047 -10.3806 -0.0766094 -0.223729 -10.4459 0.350548 -0.0178678 -0.204945 -0.240986
1495.58 0.421352 -10.3806 0.268133 0.312263 -10.5392 0.104088 -0.00931569 -0.214261 -0.0980438
1495.6 -0.459656 -9.88261 0.383047 0.65683 -10.3717 0.00358923 -0.00763582 -0.213803 0.0668897
1495.61 -0.459656 -9.95922 0.383047 0.95354 -10.1815 -0.161515 -0.00320704 -0.217926 0.14279
1495.63 -0.344742 -10.189 0.114914 0.900898 -10.4148 -0.0299103 -0.0105374 -0.215788 0.282067
1495.65 -0.497961 -9.806 0.0766094 0.915254 -10.2544 -0.0107677 -0.0135917 -0.212428 0.384081
1495.66 -0.383047 -9.806 -0.0383047 0.93679 -9.98764 0.0562313 -0.0212276 -0.208 0.408211
1495.68 -0.421352 -9.61448 -0.306437 0.893719 -9.90389 0.317049 -0.0277944 -0.206014 0.413097
1495.7 -0.191523 -9.61448 -0.268133 0.80997 -9.94935 0.586241 -0.0377209 -0.195477 0.377515
1495.71 -0.306437 -9.69109 -0.995922 0.795613 -9.96251 0.720239 -0.0410807 -0.194102 0.341015
1495.73 -0.153219 -9.8443 -0.65118 0.683151 -10.2114 0.95354 -0.0482583 -0.180816 0.228616
1495.74 -0.114914 -10.0358 -0.842703 0.452243 -10.319 1.21436 -0.0445931 -0.1715 0.0908662
1495.76 0.383047 -9.76769 -0.842703 0.230907 -10.3502 1.28614 -0.0438296 -0.160658 -0.00809396
1495.78 0.114914 -9.65278 -1.14914 0.275174 -10.0427 1.31964 -0.025809 -0.157145 -0.0343612
1495.79 0.0383047 -9.42295 -1.11084 0.480957 -9.79741 1.32443 -0.0137445 -0.144164 -0.0536034
1495.81 0.0766094 -9.38465 -0.957617 0.539581 -9.70648 1.29571 0.00366519 -0.134543 -0.0174097
1495.83 -0.153219 -9.34634 -0.919312 0.619741 -9.55215 1.19641 0.011301 -0.124922 0.0209221
1495.84 -0.229828 -9.53786 -0.919312 0.697508 -9.75793 1.11984 0.0268781 -0.112552 0.122478
1495.86 -0.153219 -9.57617 -0.612875 0.638883 -9.82612 1.02891 0.0435241 -0.0975857 0.225562
1495.88 -0.0383047 -9.806 -0.65118 0.501296 -9.97807 0.882951 0.0500909 -0.089339 0.264657
1495.89 0.0 -10.0358 -0.57457 0.248853 -10.2544 0.745364 0.0679587 -0.0792598 0.307876
1495.91 0.612875 -10.3806 -0.229828 0.0215354 -10.4518 0.674776 0.0792598 -0.0647517 0.321162
1495.93 0.766094 -10.4189 -0.268133 -0.327816 -10.8263 0.54317 0.0907135 -0.064599 0.325744
1495.94 0.842703 -10.2657 -0.191523 -0.407976 -10.6911 0.363709 0.104 -0.0572686 0.332463
1495.96 1.30236 -10.4572 -0.0383047 -1.00618 -10.855 0.257228 0.112705 -0.0510072 0.31597
1495.98 1.80032 -10.7253 0.0383047 -1.53021 -11.0536 0.185444 0.113926 -0.0471893 0.281456
1495.99 1.95354 -10.4572 0.114914 -1.68215 -10.8885 0.0311067 0.123089 -0.0603229 0.168599
1496.01 1.95354 -10.2273 0.114914 -1.0349 -10.6313 0.0454636 0.122326 -0.0659734 0.045204
1496.03 0.497961 -10.0741 0.191523 -0.422333 -10.4602 0.0693918 0.119882 -0.0664316 -0.100487
1496.04 0.459656 -9.92091 0.114914 -0.0311067 -10.2317 0.0598205 0.115148 -0.0618501 -0.177762
1496.06 0.421352 -9.42295 0.0383047 0.0287139 -9.74716 0.00837488 0.104763 -0.0525344 -0.282525
1496.07 0.229828 -9.26973 0.191523 -0.0227318 -9.52582 0.0 0.0962113 -0.0401644 -0.315054
1496.09 0.383047 -9.38465 0.153219 -0.0239282 -9.51745 0.0993021 0.0939205 -0.0375682 -0.303142
1496.11 0.459656 -9.30804 -0.268133 -0.223729 -9.51865 0.270389 0.0859793 -0.0273362 -0.233045
1496.12 0.65118 -9.38465 -0.459656 -0.425922 -9.50668 0.472582 0.0842994 -0.0262672 -0.138361
1496.14 0.612875 -9.15482 -0.57457 -0.484546 -9.43729 0.549153 0.0794125 -0.0232129 -0.0988074
1496.16 0.766094 -8.96329 -0.65118 -0.476171 -9.28535 0.6999 0.0749837 -0.0320704 -0.0591012
1496.17 0.497961 -8.96329 -0.57457 -0.561117 -9.04367 0.857827 0.0704022 -0.0363465 -0.0284052
1496.19 0.957617 -8.81008 -0.727789 -0.632901 -9.05563 0.940379 0.0629191 -0.0355829 0.00274889
1496.21 1.03423 -8.92499 -1.14914 -0.865005 -9.03769 1.15214 0.0561996 -0.0497855 0.0192422
1496.22 1.22575 -9.0016 -1.03423 -1.00738 -9.15254 1.31366 0.0456622 -0.0542143 0.055436
1496.24 1.30236 -8.92499 -1.07253 -1.06481 -9.13101 1.38185 0.0368046 -0.0627664 0.0894917
1496.26 1.57049 -8.96329 -1.07253 -1.1988 -9.18724 1.31605 0.0331394 -0.0687223 0.0951423
1496.27 1.34066 -9.15482 -0.995922 -1.1318 -9.22672 1.24187 0.0197004 -0.0704022 0.0757473
1496.29 1.34066 -9.15482 -1.14914 -1.09113 -9.26979 1.19163 0.0100793 -0.074831 0.00381791
1496.3 1.41727 -9.0016 -0.804398 -1.04925 -9.34038 1.02772 0.00290161 -0.0728457 -0.0442877
1496.32 1.34066 -9.03991 -0.727789 -0.991825 -9.27936 0.967896 -0.00687223 -0.0820086 -0.136834
1496.34 1.11084 -9.0016 -0.689484 -0.807577 -9.17527 0.893719 -0.0160352 -0.0926988 -0.188299
1496.35 0.919312 -9.0016 -0.766094 -0.671186 -9.14297 0.896112 -0.0157298 -0.103847 -0.19792
1496.37 0.804398 -8.96329 -0.65118 -0.563509 -9.14656 0.83988 -0.0287107 -0.105222 -0.170584
1496.39 0.766094 -9.23143 -0.536266 -0.467797 -9.29013 0.775274 -0.0335976 -0.116981 -0.103389
1496.4 0.766094 -9.11651 -0.612875 -0.468993 -9.33559 0.765703 -0.034972 -0.122478 -0.0238237
1496.42 0.842703 -9.30804 -0.344742 -0.497707 -9.3655 0.812363 -0.0406225 -0.129809 0.0109956
1496.44 0.842703 -9.23143 -0.57457 -0.671186 -9.52463 0.842273 -0.0496328 -0.13607 0.0516181
1496.45 0.957617 -9.38465 -0.612875 -0.745364 -9.5988 0.851844 -0.0569632 -0.142637 0.053298
1496.47 1.22575 -9.65278 -0.727789 -0.842273 -9.80459 0.819541 -0.0621555 -0.142484 0.046273
1496.49 1.18745 -9.65278 -0.383047 -0.836291 -9.93499 0.728614 -0.0670424 -0.150884 0.00870483
1496.5 1.11084 -9.72939 -0.497961 -0.801595 -10.0702 0.611366 -0.0713185 -0.157909 -0.0407752
1496.52 1.18745 -9.806 -0.459656 -0.800399 -10.0893 0.595813 -0.0702495 -0.164934 -0.0621555
1496.53 1.26405 -9.92091 -0.344742 -0.84347 -10.1779 0.549153 -0.0685696 -0.173638 -0.0774271
1496.55 0.995922 -10.1124 -0.306437 -0.802792 -10.27 0.437886 -0.0647517 -0.179747 -0.0749837
1496.57 0.957617 -10.0358 -0.344742 -0.76331 -10.3095 0.410369 -0.0636827 -0.178678 -0.0587958
1496.58 0.919312 -10.0358 0.0 -0.673579 -10.343 0.324227 -0.0542143 -0.193492 -0.0481056
1496.6 0.842703 -9.99752 -0.0766094 -0.602991 -10.3729 0.291924 -0.0453567 -0.204182 -0.01237
1496.62 0.804398 -10.0741 -0.153219 -0.604187 -10.2473 0.253639 -0.0351248 -0.206778 0.0482583
1496.63 0.842703 -10.0741 -0.153219 -0.607777 -10.3155 0.262014 -0.0319177 -0.208763 0.0826195
1496.65 0.727789 -10.0358 -0.0383047 -0.482154 -10.2939 0.252443 -0.0207694 -0.21365 0.135001
1496.67 0.57457 -10.0358 -0.383047 -0.283549 -10.203 0.290728 -0.0164934 -0.218842 0.158978
1496.68 0.57457 -9.92091 -0.268133 -0.241675 -10.1527 0.35653 -0.0111483 -0.223729 0.158825
1496.7 0.459656 -9.92091 -0.344742 -0.117248 -10.051 0.407976 -0.00916297 -0.225104 0.156381
1496.72 0.344742 -9.88261 -0.459656 -0.00837488 -10.1073 0.399601 -0.00503964 -0.222813 0.163406
1496.73 0.229828 -9.806 -0.229828 0.0394815 -10.1264 0.400798 -0.00320704 -0.219453 0.184176
1496.75 0.229828 -9.92091 -0.268133 0.0 -10.2305 0.368495 -0.000610865 -0.220828 0.200975
1496.77 0.383047 -9.92091 -0.229828 -0.0107677 -10.1324 0.380459 -0.000610865 -0.213345 0.244804
1496.78 0.306437 -9.8443 -0.306437 -0.00478564 -10.0666 0.346959 -0.000305433 -0.211207 0.271988
1496.8 0.383047 -9.8443 -0.268133 -0.0634098 -10.075 0.384048 0.0018326 -0.210596 0.317039
1496.81 0.689484 -9.76769 -0.191523 -0.118445 -10.0857 0.399601 0.00458149 -0.207389 0.355676
1496.83 0.689484 -9.88261 -0.0766094 -0.254835 -10.1336 0.409173 0.00503964 -0.203265 0.363159
1496.85 0.689484 -9.8443 -0.114914 -0.412762 -10.1192 0.315852 0.0142026 -0.209527 0.343459
1496.86 0.65118 -9.8443 -0.229828 -0.600598 -10.142 0.238086 0.0183259 -0.211054 0.28787
1496.88 0.919312 -10.0358 -0.0766094 -0.634098 -10.215 0.214158 0.0219911 -0.219759 0.205862
1496.9 0.881008 -9.8443 0.0 -0.702293 -10.1611 0.227318 0.0265726 -0.220064 0.164934
1496.91 1.11084 -9.8443 -0.114914 -0.795613 -10.0582 0.251246 0.0363465 -0.233809 0.0757473
1496.93 1.18745 -9.69109 -0.114914 -0.876969 -9.97328 0.252443 0.0398589 -0.245568 -0.00259618
1496.95 1.45558 -9.65278 -0.306437 -1.01216 -9.9649 0.272782 0.0447459 -0.260687 -0.0345139
1496.96 1.49388 -9.61448 -0.229828 -1.2335 -10.0391 0.349352 0.0474948 -0.272904 -0.0591012
1496.98 1.53219 -9.53786 -0.383047 -1.42851 -9.96132 0.484546 0.0525344 -0.290161 -0.0280998
1497.0 1.49388 -9.69109 -0.459656 -1.39502 -9.95414 0.552742 0.0531453 -0.296422 0.00580322
1497.01 1.83862 -9.69109 -0.459656 -1.42851 -9.87398 0.666401 0.0571159 -0.315512 0.0783434
1497.03 1.53219 -9.46126 -0.497961 -1.30289 -9.63948 0.668794 0.0548251 -0.323453 0.149051
1497.04 1.57049 -9.34634 -0.421352 -1.35673 -9.65623 0.655633 0.047342 -0.320093 0.179747
1497.06 1.57049 -9.42295 -0.383047 -1.26221 -9.61316 0.625723 0.0412334 -0.330325 0.217468
1497.08 1.72371 -9.42295 -0.421352 -1.12343 -9.65025 0.588634 0.0319177 -0.329714 0.223577
1497.09 1.07253 -9.46126 -0.497961 -1.01216 -9.59402 0.561117 0.0255036 -0.333838 0.207694
1497.11 1.11084 -9.23143 -0.421352 -0.842273 -9.5677 0.468993 0.0155771 -0.33002 0.152105
1497.13 0.881008 -9.46126 -0.344742 -0.666401 -9.64307 0.429512 0.00855211 -0.331547 0.0673479
1497.14 0.804398 -9.30804 -0.306437 -0.580259 -9.64427 0.397208 0.00427606 -0.327729 0.00274889
1497.16 0.727789 -9.38465 -0.268133 -0.410369 -9.64307 0.323031 0.00122173 -0.329409 -0.020464
1497.18 0.57457 -9.26973 -0.268133 -0.236889 -9.64786 0.366102 -0.00274889 -0.322384 -0.0351248
1497.19 0.459656 -9.38465 -0.114914 -0.181854 -9.6012 0.375673 -0.00274889 -0.323911 -0.0316123
1497.21 0.459656 -9.46126 -0.459656 -0.150748 -9.72802 0.391226 -0.0018326 -0.319177 -0.0245873
1497.23 0.65118 -9.69109 -0.57457 -0.291924 -9.93739 0.776471 -0.000916298 -0.316428 -0.0294742
1497.24 0.57457 -9.61448 -0.536266 -0.229711 -9.80578 0.957129 0.00320704 -0.318108 -0.0485638
1497.26 0.536266 -9.8443 -0.881008 -0.174676 -9.99601 1.07318 0.0 -0.314901 -0.0496328
1497.27 0.344742 -9.99752 -0.842703 0.132802 -10.1503 1.05404 0.00473421 -0.308029 -0.0366519
1497.29 0.153219 -10.0741 -0.536266 0.227318 -10.3609 0.865005 0.00687223 -0.291688 0.00702495
1497.31 0.191523 -9.99752 -0.57457 0.258425 -10.2903 0.847059 0.0100793 -0.280082 0.0421497
1497.32 0.383047 -9.88261 -0.57457 0.363709 -10.1372 0.882951 0.0200058 -0.260687 0.103236
1497.34 0.153219 -9.99752 -0.65118 0.282353 -10.1719 0.898505 0.0210748 -0.240681 0.136376
1497.36 0.459656 -9.92091 -0.842703 0.159123 -10.1958 0.878166 0.0222966 -0.228005 0.139583
1497.37 0.536266 -9.72939 -0.57457 -0.0239282 -10.1204 0.776471 0.0186314 -0.208916 0.129351
1497.39 0.57457 -9.65278 -0.497961 -0.175872 -9.92423 0.714257 0.0100793 -0.188757 0.100945
1497.41 0.727789 -9.65278 -0.497961 -0.339781 -9.92782 0.70349 0.00351247 -0.179442 0.0668897
1497.42 0.881008 -9.99752 -0.65118 -0.454636 -10.0738 0.689133 -0.00152716 -0.170737 0.0551306
1497.44 0.766094 -9.88261 -0.459656 -0.5001 -10.276 0.626919 -0.00213803 -0.163254 0.0478002
1497.46 0.536266 -9.76769 -0.459656 -0.339781 -9.98046 0.591027 -0.00305432 -0.151647 0.0293215
1497.47 0.727789 -9.42295 -0.421352 -0.342173 -9.77827 0.586241 -0.00259618 -0.144622 0.0125227
1497.49 0.65118 -9.23143 -0.459656 -0.386441 -9.46481 0.679561 -0.00335976 -0.142026 -0.0319177
1497.51 0.57457 -9.19312 -0.497961 -0.45344 -9.54138 0.687936 -0.00381791 -0.134848 -0.0766636
1497.52 0.842703 -9.42295 -0.57457 -0.547956 -9.67776 0.697508 -0.00274889 -0.128434 -0.109039
1497.54 0.766094 -9.53786 -0.421352 -0.662812 -9.78784 0.720239 -0.000763581 -0.125991 -0.113926
1497.56 0.919312 -9.57617 -0.727789 -0.616152 -9.80937 0.698704 0.0018326 -0.125991 -0.0694859
1497.57 1.03423 -9.57617 -0.612875 -0.55992 -9.82492 0.684347 0.0056505 -0.127824 0.0274889
1497.59 0.727789 -9.72939 -0.612875 -0.350548 -9.92303 0.708275 0.00458149 -0.123547 0.0868956
1497.6 0.536266 -9.8443 -0.57457 -0.22014 -10.0929 0.787238 0.00641408 -0.119271 0.188299
1497.62 0.612875 -9.806 -0.612875 -0.136391 -10.063 0.874577 0.00610865 -0.111636 0.251218
1497.64 0.57457 -9.65278 -0.65118 -0.131605 -10.057 0.894915 0.00610865 -0.110719 0.26985
1497.65 0.536266 -9.72939 -0.766094 -0.101695 -9.88714 0.878166 0.00580322 -0.102931 0.295353
1497.67 0.612875 -9.72939 -0.65118 -0.206979 -9.99482 0.863809 0.00901026 -0.0986547 0.307265
1497.69 0.57457 -9.76769 -0.65118 -0.236889 -9.95653 0.84347 0.010232 -0.0954477 0.292146
1497.7 0.727789 -9.49956 -0.65118 -0.259621 -9.82612 0.811167 0.0166461 -0.0960585 0.27046
1497.72 0.612875 -9.49956 -0.459656 -0.435494 -9.75673 0.894915 0.0172569 -0.0960585 0.214566
1497.74 0.842703 -9.49956 -0.842703 -0.490529 -9.74477 0.937986 0.0212276 -0.0978911 0.168904
1497.75 0.842703 -9.46126 -0.65118 -0.607777 -9.73639 0.899701 0.0235183 -0.0998765 0.163559
1497.77 0.995922 -9.42295 -0.65118 -0.711864 -9.75793 0.985843 0.0282525 -0.100945 0.186008
1497.79 1.14914 -9.49956 -1.11084 -0.928415 -9.71964 1.16052 0.0303905 -0.0980438 0.201433
1497.8 1.18745 -9.53786 -0.995922 -0.977468 -9.75912 1.22991 0.0277944 -0.096364 0.201738
