1887.77 0.268133 0.0 -9.72939 0.425922 -0.0705882 9.91346 0.00106901 -0.0887282 0.0273362
1887.78 0.0766094 0.0 -9.65278 0.43669 -0.0418744 9.93499 0.00259618 -0.0891863 0.0320704
1887.8 0.0 0.191523 -9.76769 0.437886 0.0143569 9.93499 0.00244346 -0.0885754 0.0378736
1887.82 0.153219 0.191523 -9.61448 0.429512 0.12323 9.92901 0.00229074 -0.0920879 0.0397062
1887.83 0.0766094 0.114914 -9.88261 0.427119 0.0741775 9.92423 -0.00244346 -0.0864374 0.0348193
1887.85 0.153219 0.0383047 -9.88261 0.459422 0.0251246 9.92064 -0.000152716 -0.0911716 0.0340557
1887.87 0.153219 0.0 -9.57617 0.43669 -0.0131605 9.9314 -0.00366519 -0.0908662 0.0465785
1887.88 0.0766094 0.0 -9.49956 0.396012 -0.0227318 9.91585 -0.00488692 -0.0829249 0.0539089
1887.9 0.306437 -0.0766094 -9.65278 0.357727 -0.0442672 9.92184 -0.0065668 -0.083994 0.0403171
1887.92 0.344742 -0.114914 -9.49956 0.308674 -0.131605 9.93859 -0.00962113 -0.0809396 0.0352775
1887.93 0.306437 -0.114914 -9.806 0.267996 -0.165105 9.9338 -0.000916298 -0.0905607 0.0366519
1887.95 0.268133 -0.114914 -9.72939 0.192622 -0.0861416 9.93619 -0.00244346 -0.0855211 0.0470366
1887.97 0.459656 0.0383047 -9.806 0.192622 -0.0334995 9.92901 0.00198531 -0.0907135 0.0450513
1887.98 0.459656 0.0766094 -9.8443 0.209372 0.0215354 9.93739 -0.00488692 -0.0901026 0.0374155
1888.0 0.383047 0.153219 -9.72939 0.272782 0.0849452 9.94098 -0.00442877 -0.0926988 0.041997
1888.02 0.229828 0.0766094 -9.806 0.247657 0.117248 9.92064 -0.00213803 -0.0925461 0.0491747
1888.03 0.268133 0.114914 -9.8443 0.290728 0.155533 9.93739 -0.00763582 -0.0907135 0.0526871
1888.05 0.229828 0.0383047 -9.65278 0.37328 0.0765703 9.92901 -0.0103847 -0.0949895 0.0488692
1888.07 0.191523 -0.153219 -9.69109 0.391226 -0.0239282 9.93499 -0.0109956 -0.0919352 0.0471893
1888.08 0.153219 -0.153219 -9.72939 0.366102 -0.0957129 9.94935 -0.0100793 -0.0933096 0.055436
1888.1 0.153219 -0.153219 -9.69109 0.363709 -0.159123 9.93739 -0.00794125 -0.0930042 0.0623082
1888.12 0.191523 -0.153219 -9.69109 0.380459 -0.17348 9.92303 -0.00870483 -0.097433 0.0529926
1888.13 0.229828 -0.229828 -9.72939 0.409173 -0.218943 9.94218 -0.00809396 -0.0937678 0.0474948
1888.15 0.153219 -0.114914 -9.57617 0.417547 -0.26321 9.94098 -0.00794125 -0.0899499 0.044135
1888.16 0.114914 -0.114914 -9.65278 0.442672 -0.174676 9.93978 -0.00442877 -0.0946841 0.0496328
1888.18 0.153219 -0.0383047 -9.92091 0.452243 -0.0945165 9.94098 -0.00137445 -0.0992656 0.0482583
1888.2 0.153219 0.0766094 -9.57617 0.521635 -0.0275174 9.91705 -0.00213803 -0.0954477 0.0456622
1888.21 -0.0383047 0.114914 -9.72939 0.550349 -0.0179462 9.91107 -0.00305432 -0.0948368 0.0407752
1888.23 0.0383047 0.114914 -9.8443 0.558724 -0.0119641 9.90748 -0.00305432 -0.0916298 0.0520762
1888.25 0.0 0.0766094 -9.65278 0.522831 0.0311067 9.93499 -0.00458149 -0.0936151 0.0578795
1888.26 0.114914 0.0766094 -9.69109 0.490529 0.020339 9.92064 -0.00473421 -0.0913243 0.0587958
1888.28 0.191523 -0.0383047 -9.76769 0.470189 -0.0239282 9.91705 -0.00916297 -0.0870483 0.0519235
1888.3 0.153219 -0.153219 -9.69109 0.422333 -0.111266 9.92901 -0.00702495 -0.0878119 0.0517708
1888.31 0.344742 -0.268133 -9.806 0.401994 -0.193819 9.92662 -0.00549779 -0.0896445 0.0580322
1888.33 0.153219 -0.114914 -9.72939 0.339781 -0.215354 9.92662 -0.0065668 -0.0881173 0.0574213
1888.35 0.191523 -0.229828 -9.69109 0.336191 -0.228514 9.93021 -0.00671952 -0.0865901 0.0545197
1888.36 0.268133 -0.268133 -9.806 0.372084 -0.187837 9.93978 -0.00458149 -0.0891863 0.0407752
1888.38 0.191523 -0.0383047 -9.65278 0.439083 -0.150748 9.92303 -0.00229074 -0.0920879 0.033903
1888.4 0.191523 -0.0766094 -9.88261 0.446261 -0.129212 9.94935 -0.0018326 -0.0919352 0.0380264
1888.41 0.306437 -0.0766094 -9.69109 0.396012 -0.0382852 9.92423 -0.00320704 -0.0853684 0.0392481
1888.43 0.114914 0.0766094 -9.8443 0.385244 -0.00717846 9.92543 -0.00351247 -0.0887282 0.0366519
1888.45 0.191523 -0.0766094 -9.88261 0.342173 -0.0131605 9.9314 -0.00549779 -0.0881173 0.0361938
1888.46 0.268133 0.0 -9.76769 0.327816 -0.0155533 9.94098 -0.00412334 -0.0926988 0.0389426
1888.48 0.344742 0.153219 -9.72939 0.260818 -0.0658026 9.92782 -0.00397062 -0.0905607 0.045204
1888.5 0.229828 -0.0766094 -9.69109 0.241675 -0.108873 9.93619 -0.00488692 -0.0905607 0.0488692
1888.51 0.229828 -0.229828 -9.72939 0.259621 -0.13998 9.95055 -0.00412334 -0.0894917 0.0464257
1888.53 0.344742 -0.229828 -9.49956 0.302692 -0.236889 9.93499 -0.00503964 -0.0928515 0.0455095
1888.55 0.191523 -0.268133 -9.76769 0.37328 -0.259621 9.9326 -0.00427606 -0.0908662 0.0487165
1888.56 0.0766094 -0.114914 -9.69109 0.41994 -0.227318 9.94457 -0.000916298 -0.095295 0.0484111
1888.58 0.153219 0.0383047 -9.72939 0.528814 -0.149551 9.92901 -0.00122173 -0.0913243 0.0455095
1888.6 0.0 -0.191523 -9.72939 0.592223 -0.0909272 9.92064 0.00167988 -0.0948368 0.0363465
1888.61 -0.114914 0.0766094 -9.88261 0.57667 -0.0167498 9.91705 0.00259618 -0.096364 0.0357356
1888.63 -0.114914 0.153219 -9.72939 0.54676 0.0454636 9.92303 0.00106901 -0.0920879 0.0395535
1888.65 0.229828 0.191523 -9.88261 0.452243 0.11007 9.9338 -0.00305432 -0.0873537 0.0407752
1888.66 0.0766094 0.0766094 -9.88261 0.361316 0.0681954 9.92543 -0.00458149 -0.0841467 0.0397062
1888.68 0.191523 0.153219 -9.76769 0.329013 0.0382852 9.91466 -0.00442877 -0.0907135 0.0390954
1888.7 0.191523 0.0383047 -9.65278 0.293121 -0.0239282 9.91346 -0.00610865 -0.0852157 0.044135
1888.71 0.114914 -0.114914 -9.8443 0.299103 -0.0586241 9.93021 -0.00519235 -0.0922406 0.0461203
1888.73 0.0766094 -0.0766094 -9.23143 0.361316 -0.0909272 9.92782 -0.00458149 -0.0922406 0.0493274
1888.75 0.0766094 0.114914 -9.8443 0.41994 -0.0765703 9.93021 -0.00335976 -0.0968221 0.0474948
1888.76 0.114914 -0.0383047 -9.72939 0.477368 -0.0909272 9.94337 -0.00442877 -0.0907135 0.0442877
1888.78 0.0383047 -0.0766094 -9.76769 0.484546 -0.0729811 9.92184 -0.00427606 -0.0894917 0.0456622
1888.8 0.0766094 0.0383047 -9.76769 0.492921 -0.0502493 9.92782 -0.00641408 -0.0899499 0.0456622
1888.81 0.0383047 -0.0766094 -9.65278 0.488136 -0.0191426 9.91705 -0.00519235 -0.087201 0.0453567
1888.83 0.191523 0.0 -9.806 0.367298 0.00239282 9.91705 -0.00320704 -0.0884227 0.0442877
1888.85 0.191523 -0.0766094 -9.61448 0.324227 -0.00837488 9.91944 -0.00794125 -0.08827 0.0470366
1888.86 0.306437 0.0383047 -9.88261 0.323031 -0.00478564 9.92423 -0.00458149 -0.0940732 0.0458149
1888.88 0.459656 0.0766094 -9.69109 0.242871 -0.0239282 9.92184 -0.00931569 -0.0859793 0.0510072
1888.9 0.306437 -0.0383047 -9.69109 0.165105 -0.0705882 9.91705 -0.00916297 -0.0881173 0.0523817
1888.91 0.268133 -0.153219 -9.65278 0.190229 -0.0861416 9.94098 -0.00870483 -0.0913243 0.0520762
1888.93 0.229828 -0.153219 -9.69109 0.303888 -0.122034 9.93978 -0.00397062 -0.0969748 0.0511599
1888.95 0.114914 -0.229828 -9.95922 0.368495 -0.166301 9.9326 -0.00549779 -0.0943787 0.0526871
1888.97 0.153219 -0.114914 -9.65278 0.431904 -0.155533 9.93978 -0.00534507 -0.0959058 0.052229
1888.99 0.0766094 -0.153219 -9.69109 0.540778 -0.148355 9.92064 -0.00335976 -0.0959058 0.0455095
1889.0 0.0383047 -0.0766094 -9.49956 0.492921 -0.184247 9.93739 -0.00366519 -0.0960585 0.0438296
1889.02 0.0766094 0.0383047 -9.65278 0.468993 -0.167498 9.92303 -0.00427606 -0.0925461 0.0445931
1889.04 0.0766094 -0.0383047 -9.65278 0.5001 -0.0993021 9.92303 -0.00641408 -0.089339 0.0442877
1889.05 0.0 -0.0766094 -9.61448 0.431904 -0.040678 9.9338 -0.0056505 -0.0859793 0.0500909
1889.07 0.191523 -0.0383047 -9.8443 0.294317 -0.0418744 9.92782 -0.00137445 -0.0931569 0.044135
1889.09 0.191523 0.0766094 -9.69109 0.281157 -0.0526421 9.93978 -0.00167988 -0.0971275 0.0429133
1889.1 0.229828 -0.0383047 -9.69109 0.358923 -0.0598205 9.93978 -0.00626137 -0.0899499 0.0458149
1889.12 0.153219 -0.0766094 -9.65278 0.352941 -0.144766 9.91705 -0.00442877 -0.0916298 0.0511599
1889.14 0.268133 -0.114914 -9.61448 0.39003 -0.161515 9.93021 -0.00305432 -0.0948368 0.0505491
1889.15 0.114914 -0.191523 -9.95922 0.491725 -0.157926 9.92423 -0.00229074 -0.0937678 0.0471893
1889.17 -0.0383047 -0.0766094 -9.65278 0.588634 -0.155533 9.92662 -0.00274889 -0.0916298 0.0447459
1889.19 -0.0766094 -0.114914 -9.65278 0.595813 -0.165105 9.91466 -0.00366519 -0.0894917 0.0403171
1889.2 -0.0766094 -0.153219 -9.49956 0.622134 -0.149551 9.92543 -0.000305433 -0.0891863 0.0398589
1889.22 0.0383047 -0.0383047 -9.61448 0.585045 -0.040678 9.91944 -0.00213803 -0.0856738 0.0410807
1889.23 0.306437 -0.0383047 -9.61448 0.518046 -0.026321 9.9314 -0.00106901 -0.0855211 0.0380264
1889.25 0.191523 0.0383047 -9.76769 0.366102 -0.0251246 9.92064 -0.00106901 -0.0858265 0.0335976
1889.26 0.268133 -0.0383047 -9.69109 0.278764 -0.0239282 9.91227 -0.00335976 -0.0864374 0.0331394
1889.28 0.268133 0.0 -9.72939 0.262014 -0.0239282 9.91944 -0.00351247 -0.087201 0.0361938
1889.29 0.344742 -0.0383047 -9.65278 0.181854 -0.0370887 9.92543 -0.00198531 -0.0934624 0.0395535
1889.31 0.268133 0.0 -9.72939 0.168694 -0.040678 9.92662 -0.00595593 -0.0842994 0.0470366
1889.32 0.344742 0.153219 -9.88261 0.29671 -0.0358923 9.93499 -0.000916298 -0.0933096 0.0445931
1889.34 0.191523 0.0 -9.57617 0.334995 -0.0346959 9.92543 -0.00503964 -0.091477 0.0444404
1889.36 0.344742 0.0383047 -9.72939 0.422333 -0.0574277 9.94337 -0.00626137 -0.0905607 0.0459676
1889.93 0.0383047 0.114914 -10.0358 0.39003 0.0370887 9.9326 0.00198531 -0.0936151 0.0418443
1889.95 0.0766094 0.0766094 -9.806 0.48335 0.129212 9.93499 0.0 -0.0917825 0.046273
1889.96 0.153219 0.153219 -9.88261 0.491725 0.119641 9.90509 -0.00305432 -0.091477 0.046273
1889.98 0.0 0.0383047 -9.76769 0.497707 0.0981057 9.92423 -0.00442877 -0.0879646 0.0439823
1890.0 0.0383047 -0.0766094 -9.69109 0.464207 0.00717846 9.91346 -0.00763582 -0.0867428 0.0487165
1890.01 0.268133 -0.153219 -9.72939 0.358923 -0.0538385 9.93619 -0.00687223 -0.0890336 0.0500909
1890.03 0.306437 -0.114914 -9.92091 0.34337 -0.118445 9.94337 -0.00702495 -0.0897971 0.0459676
1890.05 0.0383047 -0.153219 -9.8443 0.302692 -0.199801 9.94696 -0.00839939 -0.0867428 0.0478002
1890.06 0.191523 -0.0383047 -9.57617 0.307478 -0.198604 9.94576 -0.00580322 -0.0923933 0.0474948
1890.08 0.268133 -0.114914 -9.57617 0.247657 -0.267996 9.93978 -0.00351247 -0.0901026 0.0397062
1890.1 0.0766094 -0.114914 -9.72939 0.351745 -0.20339 9.94457 -0.000458149 -0.0936151 0.0372628
1890.11 0.0383047 -0.0383047 -9.61448 0.509671 -0.0275174 9.9338 -0.00106901 -0.0913243 0.0423024
1890.13 0.0383047 0.153219 -9.72939 0.599402 0.144766 9.92184 0.000458149 -0.0934624 0.0465785
1890.15 0.0766094 0.306437 -9.76769 0.587438 0.175872 9.91824 0.0 -0.0962113 0.0456622
1890.16 -0.0383047 0.191523 -9.72939 0.616152 0.195015 9.9314 -0.00687223 -0.0862847 0.0464257
1890.18 0.0 0.153219 -9.76769 0.544367 0.0981057 9.9314 -0.00687223 -0.0856738 0.0455095
1890.2 0.153219 0.0 -9.61448 0.43669 0.00837488 9.90628 -0.00839939 -0.083994 0.0476475
1890.21 0.191523 -0.114914 -9.69109 0.393619 -0.113659 9.93021 -0.00824668 -0.0875064 0.0503964
1890.23 0.268133 -0.191523 -9.69109 0.336191 -0.241675 9.94457 -0.00855211 -0.0856738 0.0536034
1890.24 0.229828 -0.191523 -9.8443 0.307478 -0.25005 9.95773 -0.00519235 -0.0891863 0.053298
1890.26 0.268133 -0.191523 -9.76769 0.229711 -0.281157 9.94337 -0.00320704 -0.0910189 0.0487165
1890.28 0.229828 -0.268133 -9.57617 0.323031 -0.276371 9.94696 -0.00152716 -0.0956004 0.0406225
1890.29 0.268133 -0.191523 -9.72939 0.380459 -0.239282 9.94098 -0.00213803 -0.0905607 0.0409279
1890.31 0.191523 0.0766094 -9.92091 0.407976 -0.13998 9.92782 -0.00427606 -0.0855211 0.0424551
1890.33 0.153219 0.0766094 -9.65278 0.445065 -0.0275174 9.91944 -0.00305432 -0.0881173 0.0429133
1890.34 0.114914 0.191523 -9.76769 0.495314 0.0478564 9.92901 -0.000458149 -0.0936151 0.0404698
1890.36 0.114914 0.0766094 -9.72939 0.51326 0.0538385 9.94337 -0.00213803 -0.089339 0.0384845
1890.38 0.114914 0.0766094 -9.92091 0.374477 0.0239282 9.92782 -0.00274889 -0.0902553 0.0415388
1890.39 0.229828 0.0383047 -9.76769 0.349352 0.0215354 9.92543 -0.00320704 -0.0890336 0.0484111
1890.41 0.344742 -0.0383047 -9.76769 0.308674 -0.0239282 9.92303 -0.00397062 -0.0919352 0.0478002
1890.43 0.268133 0.0383047 -9.806 0.240479 -0.129212 9.94218 -0.00595593 -0.0899499 0.0484111
1890.44 0.344742 -0.229828 -9.76769 0.133998 -0.303888 9.93499 -0.00687223 -0.0865901 0.0491747
1890.46 0.383047 -0.191523 -9.61448 0.106481 -0.324227 9.91824 -0.00412334 -0.0894917 0.0493274
1890.48 0.306437 -0.229828 -9.61448 0.232104 -0.327816 9.9326 -0.00412334 -0.0913243 0.0531453
1890.49 0.0383047 -0.0766094 -9.61448 0.401994 -0.150748 9.95055 0.000916298 -0.0991129 0.0478002
1890.51 0.0 0.0383047 -9.65278 0.579063 -0.0215354 9.92064 0.000763581 -0.0957531 0.0415388
1890.53 -0.0383047 0.114914 -9.69109 0.571884 -0.0239282 9.90987 0.000610865 -0.097433 0.0381791
1890.54 -0.114914 0.191523 -9.76769 0.665205 0.0777667 9.90748 -0.00351247 -0.0930042 0.0404698
1890.56 -0.0383047 0.268133 -9.53786 0.555135 0.153141 9.91944 -0.00366519 -0.0888809 0.0459676
1890.57 -0.0383047 0.0383047 -9.61448 0.476171 0.135194 9.91466 -0.00351247 -0.0873537 0.0502437
1890.59 0.153219 0.153219 -9.69109 0.340977 0.0502493 9.91466 -0.00549779 -0.0908662 0.0412334
1890.61 0.191523 -0.114914 -9.806 0.34337 -0.0622134 9.94218 -0.00855211 -0.0884227 0.041997
1890.62 0.268133 -0.114914 -9.57617 0.36012 -0.0957129 9.9314 -0.00488692 -0.0940732 0.0536034
1890.64 0.306437 -0.0383047 -10.0741 0.273978 -0.132802 9.9314 -0.00244346 -0.0980438 0.0548251
1890.66 0.268133 -0.153219 -9.69109 0.40678 -0.136391 9.93499 -0.00488692 -0.0928515 0.0519235
1890.67 0.229828 -0.114914 -9.57617 0.4666 -0.151944 9.92064 -0.0056505 -0.0907135 0.0424551
1890.69 -0.114914 -0.153219 -9.8443 0.592223 -0.168694 9.92782 -0.00213803 -0.0916298 0.0407752
1890.71 0.0383047 -0.0383047 -9.92091 0.598205 -0.113659 9.93021 -0.00274889 -0.0899499 0.0485638
1890.72 -0.0766094 -0.0766094 -9.72939 0.636491 -0.0251246 9.89432 -0.00106901 -0.0920879 0.046273
1890.74 0.0766094 0.0383047 -9.65278 0.62333 -0.0239282 9.90509 -0.00381791 -0.0876591 0.0410807
1890.76 -0.114914 -0.0766094 -9.49956 0.503689 -0.0299103 9.92782 -0.00290161 -0.0873537 0.0319177
1890.77 0.153219 -0.0383047 -9.61448 0.368495 -0.0323031 9.91585 -0.00290161 -0.0870483 0.0416915
1890.79 0.268133 -0.0383047 -9.69109 0.314656 -0.026321 9.91585 -0.00427606 -0.0873537 0.0456622
1890.81 0.383047 -0.114914 -9.65278 0.240479 -0.026321 9.91824 -0.00671952 -0.0809396 0.0478002
1890.82 0.383047 -0.153219 -9.69109 0.11007 -0.118445 9.93739 -0.00519235 -0.08827 0.0436769
1890.84 0.383047 -0.229828 -9.53786 0.113659 -0.147159 9.93978 -0.00427606 -0.0899499 0.0445931
1890.85 0.344742 -0.114914 -9.88261 0.226122 -0.159123 9.93619 -0.00549779 -0.08827 0.0508545
1890.87 0.229828 -0.153219 -9.65278 0.331406 -0.161515 9.9338 -0.00488692 -0.0911716 0.0507018
1890.89 0.153219 -0.191523 -9.72939 0.329013 -0.168694 9.93021 -0.00244346 -0.0930042 0.0499382
1890.9 0.153219 -0.114914 -9.61448 0.396012 -0.151944 9.92901 -0.00519235 -0.0896445 0.0484111
1890.92 0.153219 -0.0383047 -9.8443 0.460618 -0.0598205 9.92184 -0.00106901 -0.0946841 0.0467312
1890.93 0.306437 0.0 -9.46126 0.448654 -0.04666 9.93619 -0.00427606 -0.0936151 0.0445931
1890.95 0.191523 0.0383047 -9.72939 0.397208 -0.0287139 9.91466 -0.00106901 -0.0937678 0.0412334
1890.97 0.114914 -0.114914 -9.69109 0.34337 -0.0311067 9.92303 -0.00473421 -0.0884227 0.0392481
1890.98 0.229828 -0.0766094 -9.99752 0.330209 -0.0287139 9.94576 -0.00244346 -0.0936151 0.0401644
1891.0 0.306437 -0.191523 -10.0358 0.239282 -0.0311067 9.92064 0.000152716 -0.0966694 0.0416915
1891.02 0.268133 -0.0766094 -9.69109 0.230907 -0.026321 9.91824 -0.000610865 -0.0969748 0.0467312
1891.03 0.306437 -0.0383047 -9.76769 0.306281 -0.0215354 9.91705 -0.00305432 -0.0962113 0.0510072
1891.05 0.229828 -0.114914 -9.57617 0.346959 -0.0167498 9.92901 -0.00778853 -0.0910189 0.052229
1891.07 0.191523 -0.0766094 -9.38465 0.422333 -0.0251246 9.90628 -0.00671952 -0.0928515 0.0546724
1891.08 0.306437 -0.0383047 -9.76769 0.540778 -0.040678 9.92901 -0.00733038 -0.0933096 0.0531453
1891.1 -0.114914 -0.0766094 -9.61448 0.628116 -0.0562313 9.91466 -0.00503964 -0.0968221 0.0516181
1891.12 -0.114914 -0.0383047 -9.65278 0.673579 -0.0981057 9.92901 -0.0065668 -0.0902553 0.0458149
1891.13 0.0 -0.0383047 -9.8443 0.630509 -0.100499 9.92064 -0.0065668 -0.0890336 0.0467312
1891.15 -0.114914 0.0766094 -9.61448 0.616152 -0.0825523 9.91824 -0.00213803 -0.0942259 0.0474948
1891.16 0.0 -0.0766094 -9.8443 0.547956 -0.0275174 9.9003 -0.00305432 -0.0926988 0.0426078
1891.18 0.0383047 0.0 -9.65278 0.434297 -0.0370887 9.92303 -0.00580322 -0.0853684 0.0403171
1891.2 0.306437 -0.0766094 -10.0741 0.361316 -0.0634098 9.9326 -0.00671952 -0.0867428 0.0372628
1891.21 0.268133 -0.0383047 -9.76769 0.321834 -0.0801595 9.91944 -0.00717767 -0.0859793 0.0401644
1891.23 0.344742 -0.191523 -9.65278 0.301496 -0.0921237 9.92782 -0.00733038 -0.0829249 0.0493274
1891.25 0.344742 -0.114914 -9.806 0.301496 -0.0837488 9.94337 -0.00580322 -0.0876591 0.0496328
1891.26 0.191523 -0.114914 -9.53786 0.30987 -0.0981057 9.93859 -0.00366519 -0.0922406 0.0479529
1891.28 0.153219 -0.114914 -9.69109 0.369691 -0.120837 9.92184 -0.00274889 -0.095295 0.0471893
1891.3 0.153219 -0.114914 -9.72939 0.43669 -0.151944 9.9326 -0.00580322 -0.0875064 0.0424551
1891.31 0.0383047 -0.114914 -9.8443 0.473779 -0.172283 9.91466 -0.00855211 -0.0853684 0.0438296
1891.33 0.0 -0.0766094 -9.69109 0.43669 -0.162712 9.93859 -0.00198531 -0.0922406 0.0470366
1891.35 0.191523 0.0 -9.76769 0.366102 -0.0837488 9.94457 -0.00442877 -0.0846048 0.0558941
1891.36 0.0766094 0.0 -9.65278 0.302692 -0.0526421 9.92184 -0.00641408 -0.0830777 0.0514654
1891.38 0.344742 -0.0383047 -9.65278 0.226122 -0.0921237 9.94457 -0.00259618 -0.090408 0.0325286
1891.39 0.344742 -0.153219 -9.69109 0.247657 -0.148355 9.9338 -0.00244346 -0.0920879 0.0334449
1891.41 0.306437 -0.229828 -9.61448 0.224925 -0.165105 9.93619 -0.00488692 -0.0870483 0.0404698
1891.43 0.306437 -0.114914 -9.76769 0.226122 -0.0562313 9.93859 -0.00137445 -0.0926988 0.0510072
1891.44 0.114914 -0.0766094 -9.61448 0.2333 -0.0323031 9.92303 -0.00137445 -0.0948368 0.0442877
1891.46 0.153219 0.0766094 -9.65278 0.290728 -0.0251246 9.91585 -0.00259618 -0.0922406 0.0406225
1891.47 0.229828 0.0 -9.69109 0.433101 -0.0275174 9.92543 -0.000458149 -0.0981966 0.0429133
1891.49 0.191523 0.0 -9.65278 0.455832 -0.0239282 9.92782 -0.00320704 -0.0951423 0.0493274
1891.51 0.229828 -0.0766094 -9.61448 0.486939 -0.0227318 9.92184 0.00137445 -0.102014 0.0493274
1891.52 0.0383047 -0.0766094 -9.72939 0.526421 -0.0287139 9.91705 -0.00458149 -0.0920879 0.0468839
1891.54 -0.0766094 0.0766094 -9.69109 0.57667 -0.0789631 9.92064 -0.00397062 -0.0956004 0.0404698
1891.56 -0.0383047 -0.0766094 -9.57617 0.547956 -0.0897308 9.92782 -0.00580322 -0.0891863 0.0435241
1891.57 0.229828 0.0 -9.61448 0.482154 -0.0693918 9.91944 -0.00397062 -0.0908662 0.0487165
1891.59 0.191523 -0.0383047 -9.95922 0.411565 -0.0538385 9.93499 -0.00274889 -0.0928515 0.0468839
1891.61 0.114914 -0.191523 -9.65278 0.39003 -0.0514457 9.92423 -0.00580322 -0.0899499 0.0369573
1891.62 0.114914 -0.0383047 -9.72939 0.397208 -0.0945165 9.91824 -0.00122173 -0.0991129 0.0342084
1891.64 0.0766094 -0.0383047 -9.72939 0.446261 -0.0693918 9.94218 -0.00198531 -0.0920879 0.0442877
1891.66 0.114914 -0.0766094 -9.46126 0.457029 -0.0275174 9.91107 -0.0018326 -0.0922406 0.0510072
1891.67 0.229828 0.114914 -9.76769 0.492921 0.00239282 9.91944 -0.00213803 -0.0939205 0.0476475
1891.69 -0.0383047 0.0383047 -9.69109 0.537189 -0.0251246 9.90987 -0.00427606 -0.0931569 0.0390954
1891.7 0.0 0.0 -9.61448 0.506082 -0.0598205 9.91944 -0.00595593 -0.0862847 0.0470366
1891.72 0.114914 -0.0383047 -9.65278 0.498903 -0.0646062 9.91585 -0.00717767 -0.0852157 0.0517708
1891.74 0.153219 -0.153219 -9.65278 0.424726 -0.0969093 9.91585 -0.00351247 -0.0908662 0.0464257
1891.75 0.114914 -0.0766094 -9.76769 0.394816 -0.112463 9.94457 -0.0065668 -0.0856738 0.0436769
1891.77 0.229828 -0.153219 -9.95922 0.382851 -0.135194 9.9314 -0.00366519 -0.0855211 0.0450513
1891.79 0.229828 -0.114914 -9.72939 0.317049 -0.125623 9.92184 -0.0056505 -0.0820086 0.0467312
1891.8 0.306437 0.0 -9.65278 0.291924 -0.0765703 9.93499 -0.00351247 -0.0887282 0.0479529
1891.82 0.0383047 -0.0766094 -9.57617 0.300299 -0.0550349 9.9314 -0.00427606 -0.0864374 0.0415388
1891.84 0.268133 -0.153219 -9.61448 0.299103 -0.0646062 9.92901 -0.00335976 -0.0943787 0.0380264
1891.85 0.0766094 -0.0383047 -10.0358 0.30987 -0.0574277 9.93739 -0.00381791 -0.0913243 0.0447459
1891.87 0.191523 0.0 -9.57617 0.369691 -0.026321 9.91585 -0.00259618 -0.091477 0.0500909
1891.89 0.268133 0.0766094 -9.72939 0.363709 -0.026321 9.93859 -0.00534507 -0.0856738 0.0517708
1891.9 0.191523 -0.114914 -9.72939 0.366102 -0.0526421 9.94457 -0.00412334 -0.0920879 0.0384845
1891.92 0.0383047 -0.0383047 -9.49956 0.319442 -0.129212 9.9314 -0.00366519 -0.0943787 0.0413861
1891.94 0.153219 -0.0766094 -9.46126 0.35653 -0.108873 9.9326 -0.00549779 -0.0899499 0.0467312
1891.95 0.306437 -0.0766094 -9.69109 0.396012 -0.0370887 9.9314 -0.000610865 -0.0951423 0.0549779
1891.97 0.229828 0.0383047 -9.806 0.352941 -0.040678 9.9326 -0.00503964 -0.0902553 0.0482583
1891.99 0.306437 -0.0766094 -9.72939 0.340977 -0.0299103 9.91585 -0.00610865 -0.0925461 0.0361938
1892.0 0.191523 0.0 -9.46126 0.400798 -0.0825523 9.92184 -0.00397062 -0.0928515 0.0397062
1892.02 0.191523 0.0 -9.76769 0.427119 -0.0741775 9.92543 -0.0065668 -0.0902553 0.0549779
1892.03 0.153219 0.114914 -9.69109 0.44985 -0.0215354 9.91824 -0.00198531 -0.0925461 0.06353
1892.05 0.114914 0.0383047 -9.88261 0.409173 -0.0179462 9.86201 -0.00641408 -0.0885754 0.0600175
1892.07 0.114914 -0.0383047 -9.76769 0.496511 -0.106481 9.92901 -0.00870483 -0.0897971 0.0279471
1892.08 0.0766094 -0.114914 -9.65278 0.474975 -0.111266 9.95653 -0.0074831 -0.0896445 0.0378736
1892.1 0.0766094 -0.0766094 -9.61448 0.490529 -0.142373 9.92543 -0.00442877 -0.0936151 0.0539089
1892.12 0.0766094 -0.0766094 -9.38465 0.415155 0.0191426 9.9326 -0.00106901 -0.0926988 0.067806
1892.13 0.153219 0.0383047 -9.69109 0.392423 0.0311067 9.94935 -0.00626137 -0.0913243 0.0390954
1892.15 0.114914 -0.0383047 -9.57617 0.421137 -0.0681954 9.92662 -0.0074831 -0.0926988 0.0300851
1892.17 0.191523 -0.191523 -9.53786 0.448654 -0.138784 9.94576 -0.00519235 -0.0926988 0.0392481
1892.18 0.229828 0.114914 -9.806 0.425922 -0.0825523 9.92543 -0.0018326 -0.0913243 0.0598648
1892.2 0.344742 0.114914 -9.76769 0.416351 -0.0837488 9.92662 -0.00702495 -0.0870483 0.0496328
1892.22 0.153219 -0.153219 -9.76769 0.412762 -0.0789631 9.92303 -0.00946841 -0.0867428 0.0387899
1892.23 0.114914 0.0383047 -9.8443 0.430708 -0.133998 9.92901 -0.00335976 -0.0936151 0.0395535
1892.25 0.268133 -0.114914 -9.69109 0.385244 -0.107677 9.94815 -0.00167988 -0.0922406 0.054367
1892.27 0.268133 -0.0766094 -9.72939 0.35653 -0.0382852 9.9314 -0.00503964 -0.0856738 0.0540616
1892.28 0.344742 -0.114914 -9.65278 0.330209 -0.061017 9.9338 -0.00442877 -0.0907135 0.0400117
1892.3 0.229828 -0.0383047 -9.69109 0.354138 -0.179462 9.93499 -0.00733038 -0.0917825 0.0381791
1892.32 0.114914 -0.344742 -9.72939 0.342173 -0.168694 9.92064 -0.00244346 -0.0891863 0.0516181
1892.33 0.229828 -0.114914 -9.72939 0.324227 -0.136391 9.93619 -0.00305432 -0.0902553 0.0484111
1892.35 0.229828 -0.114914 -9.65278 0.352941 -0.149551 9.92901 -0.00610865 -0.0876591 0.0421497
1892.37 0.191523 -0.114914 -9.72939 0.397208 -0.161515 9.93978 -0.00473421 -0.0887282 0.0433714
1892.38 0.191523 -0.153219 -9.53786 0.404387 -0.163908 9.92901 -0.00290161 -0.0894917 0.0447459
1892.4 0.191523 -0.0383047 -9.65278 0.412762 -0.0849452 9.9338 -0.00290161 -0.0881173 0.0488692
1892.42 0.153219 -0.0383047 -9.72939 0.404387 -0.0765703 9.9338 -0.000916298 -0.0917825 0.0375682
1892.43 0.114914 0.0383047 -9.95922 0.418744 -0.104088 9.92064 -0.00335976 -0.0923933 0.0410807
1892.45 0.114914 0.0 -9.76769 0.443868 -0.087338 9.90628 -0.00213803 -0.0916298 0.044135
1892.47 0.229828 0.0 -9.76769 0.374477 -0.026321 9.91107 -0.000763581 -0.0925461 0.0456622
1892.48 0.153219 0.0 -9.65278 0.37328 -0.0370887 9.93739 -0.00198531 -0.0902553 0.0395535
1892.5 0.191523 -0.114914 -9.806 0.413958 -0.124427 9.94218 0.000763581 -0.0969748 0.0313068
1892.52 0.114914 -0.153219 -9.76769 0.467797 -0.102891 9.92901 -0.00351247 -0.0905607 0.032834
1892.53 0.114914 0.114914 -9.72939 0.467797 -0.00837488 9.9326 -0.00290161 -0.0879646 0.0526871
1892.55 0.153219 0.191523 -9.69109 0.421137 0.0167498 9.93978 -0.00152716 -0.0876591 0.0549779
1892.57 0.153219 0.0766094 -9.65278 0.36012 0.0658026 9.91705 -0.00152716 -0.0933096 0.0442877
1892.58 0.114914 0.0383047 -9.42295 0.405583 -0.0227318 9.91346 -0.00259618 -0.0930042 0.0267254
1892.6 0.0766094 0.0383047 -9.72939 0.446261 -0.0239282 9.92901 -0.0018326 -0.0902553 0.0476475
1892.62 0.268133 0.0 -9.72939 0.321834 -0.0179462 9.92782 -0.00366519 -0.089339 0.0583376
1892.63 0.114914 0.0383047 -9.76769 0.388834 -0.0119641 9.92064 -0.00519235 -0.0894917 0.0513127
1892.65 0.191523 -0.0766094 -9.53786 0.393619 -0.0717846 9.92782 -0.00626137 -0.0901026 0.0310014
1892.67 0.153219 -0.114914 -9.57617 0.416351 -0.112463 9.92184 -0.00626137 -0.0887282 0.0319177
1892.68 0.229828 -0.114914 -9.53786 0.380459 -0.107677 9.94696 -0.00458149 -0.0890336 0.0560469
1892.7 0.0766094 0.0383047 -9.8443 0.421137 -0.0251246 9.90269 -0.00626137 -0.0864374 0.0568105
1892.71 0.229828 -0.0383047 -9.72939 0.428315 -0.0179462 9.92184 -0.00641408 -0.0891863 0.0439823
1892.73 0.306437 -0.0383047 -9.69109 0.35653 -0.0562313 9.93978 -0.0056505 -0.0937678 0.0351248
1892.75 0.191523 0.0 -9.72939 0.352941 -0.061017 9.92303 -0.00458149 -0.0911716 0.0539089
1892.76 0.344742 -0.0383047 -9.806 0.308674 -0.0334995 9.92184 -0.0018326 -0.0939205 0.0568105
1892.78 0.306437 0.0383047 -9.806 0.323031 -0.0239282 9.91585 -0.00687223 -0.0930042 0.0493274
1892.79 0.191523 -0.114914 -9.76769 0.300299 -0.133998 9.93021 -0.00946841 -0.0926988 0.0363465
1892.81 0.229828 -0.114914 -9.806 0.364905 -0.189033 9.94218 -0.00595593 -0.0956004 0.0392481
1892.83 0.0766094 -0.229828 -9.88261 0.424726 -0.202193 9.9338 -0.00519235 -0.0911716 0.0540616
1892.84 0.0383047 0.0383047 -9.65278 0.391226 -0.11007 9.9326 -0.00290161 -0.0890336 0.0536034
1892.86 0.0766094 -0.0383047 -9.72939 0.43669 -0.0981057 9.94457 -0.00397062 -0.0916298 0.0496328
1892.88 0.114914 0.0383047 -9.806 0.531206 -0.0550349 9.94098 0.000458149 -0.0992656 0.0455095
1892.89 0.0 0.0383047 -9.806 0.507278 -0.026321 9.91944 -0.00320704 -0.091477 0.0523817
1892.91 0.191523 0.114914 -9.806 0.446261 -0.026321 9.90868 -0.00366519 -0.0910189 0.0467312
1892.92 0.0766094 -0.191523 -9.69109 0.417547 -0.0693918 9.91227 -0.00458149 -0.0899499 0.0375682
1892.94 0.153219 -0.191523 -9.57617 0.448654 -0.187837 9.93021 -0.00626137 -0.0910189 0.0374155
1892.96 0.229828 -0.191523 -9.8443 0.445065 -0.199801 9.94098 -0.00397062 -0.0920879 0.0416915
1892.97 0.153219 -0.114914 -9.57617 0.337388 -0.0957129 9.91944 0.00198531 -0.0946841 0.0513127
1892.99 0.0766094 0.0 -9.99752 0.337388 -0.0442672 9.9326 -0.000763581 -0.0939205 0.0511599
1893.0 0.153219 0.0 -9.806 0.39003 0.00478564 9.92423 -0.00442877 -0.0896445 0.0493274
1893.02 0.153219 0.0383047 -9.49956 0.400798 -0.0227318 9.91466 -0.0056505 -0.0890336 0.0474948
1893.04 0.0766094 0.0766094 -9.46126 0.411565 -0.0251246 9.93619 -0.00427606 -0.0885754 0.0536034
1893.05 0.114914 0.0766094 -9.69109 0.375673 0.0251246 9.92901 -0.00366519 -0.0885754 0.055436
1893.07 0.0 0.0383047 -10.0741 0.455832 0.00717846 9.92662 -0.00427606 -0.0933096 0.0514654
1893.08 0.153219 0.0766094 -9.76769 0.465404 -0.026321 9.90628 -0.00641408 -0.0928515 0.0519235
1893.1 0.153219 0.0766094 -9.69109 0.442672 -0.0550349 9.92901 -0.0056505 -0.0933096 0.0484111
1893.12 0.0766094 0.191523 -9.88261 0.421137 -0.112463 9.95653 -0.00442877 -0.0925461 0.0481056
1893.13 0.114914 -0.114914 -10.0741 0.281157 -0.100499 9.93499 -0.00671952 -0.090408 0.0505491
1893.15 0.268133 -0.114914 -9.69109 0.2333 -0.114855 9.94457 -0.00870483 -0.0879646 0.0493274
1893.17 0.229828 0.0383047 -9.72939 0.409173 -0.12323 9.94696 -0.00717767 -0.0891863 0.0467312
1893.18 0.114914 0.0766094 -9.57617 0.364905 -0.0323031 9.90389 -0.00687223 -0.0881173 0.0491747
1893.2 0.268133 0.114914 -9.88261 0.325424 -0.0454636 9.9326 -0.0065668 -0.08827 0.0531453
1893.22 0.268133 -0.153219 -9.69109 0.282353 -0.0693918 9.91466 -0.00885754 -0.08827 0.0494801
1893.23 0.229828 -0.153219 -9.806 0.418744 -0.111266 9.92901 -0.00855211 -0.0928515 0.0398589
1893.25 0.191523 -0.153219 -9.806 0.430708 -0.153141 9.94218 -0.00641408 -0.0923933 0.0464257
1893.27 0.268133 -0.114914 -9.46126 0.447458 -0.150748 9.91585 -0.00335976 -0.0951423 0.0496328
1893.28 0.0766094 -0.153219 -9.65278 0.502493 -0.0945165 9.91346 -0.000458149 -0.0981966 0.0520762
1893.3 0.0766094 -0.0383047 -9.806 0.553938 -0.0538385 9.93619 -0.00381791 -0.0931569 0.0542143
1893.32 0.114914 -0.0383047 -9.76769 0.547956 -0.0634098 9.92782 -0.00503964 -0.091477 0.0418443
1893.33 0.0 -0.191523 -9.72939 0.53001 -0.13998 9.94337 -0.00641408 -0.0878119 0.0455095
1893.35 -0.0766094 -0.191523 -9.72939 0.573081 -0.143569 9.95414 -0.00320704 -0.091477 0.0471893
1893.37 -0.114914 -0.0383047 -9.42295 0.587438 -0.132802 9.9015 -0.00381791 -0.090408 0.0455095
1893.38 0.0 -0.229828 -9.65278 0.471386 -0.236889 9.93859 -0.00320704 -0.0926988 0.0322231
1893.4 0.0 -0.229828 -9.72939 0.457029 -0.303888 9.91346 -0.00702495 -0.0844521 0.0203113
1893.42 0.191523 -0.191523 -9.53786 0.427119 -0.241675 9.92064 0.0 -0.0859793 0.0355829
1893.43 0.0383047 -0.0766094 -9.88261 0.407976 -0.228514 9.93499 0.00229074 -0.0890336 0.0372628
1893.45 0.0766094 0.0766094 -9.42295 0.388834 -0.0741775 9.92662 0.00290161 -0.0902553 0.0323759
1893.47 0.114914 0.0383047 -9.49956 0.48335 -0.040678 9.93021 -0.00351247 -0.083994 0.0190895
1893.48 -0.0766094 0.0383047 -9.72939 0.53001 -0.0251246 9.89312 -0.000458149 -0.086132 0.0343612
1893.5 0.0383047 0.229828 -9.42295 0.4666 0.0729811 9.92782 0.00106901 -0.083994 0.0499382
1893.52 0.153219 0.229828 -9.72939 0.448654 0.125623 9.94696 0.000916298 -0.0838412 0.0525344
1893.53 0.344742 0.114914 -9.806 0.39003 0.16989 9.92064 -0.00534507 -0.0830777 0.0369573
1893.55 0.306437 0.0766094 -9.72939 0.299103 0.0119641 9.93739 -0.00641408 -0.0836885 0.0395535
1893.57 0.344742 -0.0766094 -9.76769 0.174676 -0.153141 9.94098 -0.00305432 -0.0891863 0.0523817
1893.58 0.306437 -0.153219 -9.69109 0.136391 -0.218943 9.92662 -0.00305432 -0.0879646 0.0465785
1893.6 0.344742 -0.306437 -9.72939 0.0957129 -0.284746 9.96132 -0.00549779 -0.0867428 0.0395535
1893.61 0.383047 -0.229828 -9.69109 0.0358923 -0.336191 9.94337 -0.00122173 -0.0931569 0.0316123
1893.63 0.268133 -0.229828 -9.76769 0.125623 -0.217747 9.95294 0.0018326 -0.0949895 0.0348193
1893.65 0.268133 0.114914 -9.53786 0.215354 -0.133998 9.94337 -0.000610865 -0.0919352 0.0378736
1893.66 0.114914 0.0383047 -9.806 0.369691 0.104088 9.92662 0.00198531 -0.0940732 0.0319177
1893.68 0.114914 0.268133 -9.72939 0.403191 0.214158 9.94457 0.000916298 -0.0946841 0.0300851
1893.7 -0.0383047 0.229828 -9.806 0.451047 0.260818 9.91466 0.0 -0.0972803 0.0390954
1893.71 0.0766094 0.344742 -9.72939 0.427119 0.342173 9.93978 -0.00244346 -0.0943787 0.0597121
1893.73 0.344742 0.344742 -9.76769 0.281157 0.311067 9.93739 -0.00366519 -0.0978911 0.0563523
1893.75 0.306437 0.191523 -9.88261 0.209372 0.259621 9.94935 -0.0106901 -0.0962113 0.0456622
1893.76 0.268133 -0.229828 -9.53786 0.221336 -0.0334995 9.92423 -0.0117592 -0.0978911 0.0438296
1893.78 0.306437 -0.229828 -9.88261 0.345763 -0.302692 9.91705 -0.0111483 -0.100793 0.0534507
1893.8 0.153219 -0.383047 -9.61448 0.361316 -0.366102 9.93859 -0.00870483 -0.0939205 0.0742201
1893.81 0.191523 -0.0383047 -9.65278 0.417547 -0.271585 9.93021 -0.00794125 -0.0910189 0.0777326
1893.83 -0.421352 -0.153219 -9.61448 0.713061 -0.113659 9.91466 -0.00397062 -0.101556 0.0557414
1893.84 -0.191523 0.0383047 -9.69109 0.866202 -0.0251246 9.89193 -0.00488692 -0.097433 0.0456622
1893.86 -0.0766094 0.114914 -9.57617 0.775274 0.0 9.91227 -0.0056505 -0.091477 0.0447459
1893.88 -0.191523 0.153219 -9.53786 0.650847 0.0909272 9.91107 -0.00519235 -0.0917825 0.045204
1893.89 -0.0766094 0.153219 -9.69109 0.660419 0.129212 9.92782 -0.00916297 -0.0899499 0.0427606
1893.91 0.0383047 0.0383047 -9.65278 0.622134 0.0550349 9.91346 -0.0111483 -0.0858265 0.0392481
1893.93 0.114914 0.0383047 -9.65278 0.482154 -0.0777667 9.91705 -0.00855211 -0.0841467 0.0424551
1893.94 0.114914 0.0383047 -9.46126 0.403191 -0.0323031 9.92184 -0.00946841 -0.0842994 0.0620028
1893.96 0.268133 0.0 -9.65278 0.357727 -0.00837488 9.9314 -0.00687223 -0.0868956 0.0629191
1893.98 0.268133 -0.191523 -9.61448 0.229711 -0.0981057 9.94218 -0.0105374 -0.0881173 0.0620028
1893.99 0.383047 -0.268133 -9.69109 0.145962 -0.30987 9.93021 -0.0137445 -0.0847575 0.0615447
1894.01 0.114914 -0.268133 -9.57617 0.324227 -0.396012 9.9326 -0.00855211 -0.0922406 0.0539089
1894.03 0.229828 -0.306437 -9.69109 0.434297 -0.417547 9.93499 -0.00763582 -0.0887282 0.0474948
1894.04 0.306437 -0.459656 -9.76769 0.394816 -0.534796 9.94815 -0.0056505 -0.0908662 0.0397062
1894.06 0.0383047 -0.344742 -9.72939 0.490529 -0.519242 9.92543 0.00122173 -0.0978911 0.0273362
1894.07 0.0383047 -0.306437 -9.65278 0.507278 -0.396012 9.95533 0.00106901 -0.0899499 0.0230602
1894.09 0.191523 -0.114914 -9.65278 0.393619 -0.0765703 9.94218 0.00458149 -0.0891863 0.0287107
1894.11 0.344742 0.0383047 -9.99752 0.245264 -0.020339 9.90987 0.00106901 -0.0867428 0.0297797
1894.12 0.421352 -0.0383047 -9.65278 0.163908 -0.0239282 9.91705 -0.000152716 -0.0901026 0.0256563
1894.14 0.306437 -0.0383047 -9.57617 0.269192 -0.0323031 9.92184 0.00137445 -0.0951423 0.0282525
1894.15 0.344742 -0.0383047 -9.72939 0.227318 -0.0323031 9.93859 -0.00152716 -0.08827 0.0398589
1894.17 0.344742 0.153219 -9.69109 0.116052 0.0 9.93978 0.000458149 -0.0922406 0.0578795
1894.18 0.268133 0.114914 -9.76769 0.144766 0.0514457 9.92782 0.00167988 -0.0991129 0.0546724
1894.2 0.153219 0.0 -9.99752 0.370887 -0.0239282 9.91585 -0.00229074 -0.0943787 0.0511599
1894.21 0.0766094 -0.229828 -9.57617 0.470189 -0.199801 9.92303 -0.00305432 -0.0959058 0.0427606
1894.81 0.153219 0.153219 -9.69109 0.339781 0.0897308 9.92303 -0.00595593 -0.0865901 0.0105374
1894.83 0.229828 -0.0383047 -9.38465 0.363709 -0.0586241 9.94576 -0.00641408 -0.0842994 0.0395535
1894.84 0.191523 0.0 -9.69109 0.221336 -0.0275174 9.92662 -0.00351247 -0.0858265 0.0589485
1894.86 0.497961 0.191523 -9.806 0.0346959 0.0598205 9.95174 -0.00290161 -0.0888809 0.0649044
1894.88 0.459656 -0.0383047 -9.88261 0.17348 -0.0239282 9.92184 -0.0074831 -0.0925461 0.0445931
1894.89 0.344742 -0.229828 -9.72939 0.226122 -0.168694 9.9649 -0.00488692 -0.0966694 0.0358883
1894.91 0.0766094 -0.383047 -9.49956 0.303888 -0.445065 9.94935 -0.00824668 -0.0891863 0.0507018
1894.92 0.344742 -0.268133 -9.806 0.276371 -0.434297 9.94457 0.00106901 -0.0923933 0.0691805
1894.94 0.114914 -0.0766094 -9.30804 0.294317 -0.247657 9.94935 -0.000305433 -0.08827 0.0745255
1894.96 0.0766094 -0.0766094 -9.65278 0.531206 -0.179462 9.9326 0.000763581 -0.0988074 0.0387899
1894.97 -0.0383047 -0.268133 -9.65278 0.53001 -0.285942 9.91107 -0.00152716 -0.0951423 0.00549779
1894.99 0.0383047 -0.0383047 -9.99752 0.458225 -0.245264 9.93021 -0.000610865 -0.0902553 0.0181732
1895.01 0.268133 0.191523 -9.806 0.30987 0.128016 9.90628 0.0065668 -0.0934624 0.0597121
1895.02 0.306437 0.459656 -9.69109 0.277567 0.412762 9.93859 0.00274889 -0.0905607 0.0612392
1895.04 0.421352 0.383047 -9.76769 0.256032 0.461814 9.95533 -0.00152716 -0.091477 0.036041
1895.06 0.344742 0.229828 -9.65278 0.151944 0.29671 9.92901 -0.00946841 -0.0897971 0.0340557
1895.07 0.229828 -0.0766094 -9.53786 0.338584 -0.0358923 9.91227 -0.0142026 -0.0937678 0.044135
1895.09 0.0766094 -0.306437 -9.72939 0.464207 -0.208175 9.95055 -0.0116064 -0.0942259 0.0386372
1895.11 -0.0766094 -0.344742 -9.57617 0.519242 -0.429512 9.90509 -0.00946841 -0.0946841 0.0439823
1895.12 -0.0766094 -0.191523 -9.61448 0.600598 -0.333799 9.9338 0.00122173 -0.10064 0.0629191
1895.14 -0.153219 -0.0766094 -9.69109 0.739382 -0.0801595 9.9326 -0.000152716 -0.0977384 0.0594066
1895.16 -0.0766094 0.0766094 -9.72939 0.762114 -0.0299103 9.90987 0.000763581 -0.0971275 0.0491747
1895.17 -0.0766094 0.153219 -9.72939 0.597009 0.0239282 9.91227 -0.00397062 -0.0899499 0.0398589
1895.19 -0.114914 0.229828 -9.38465 0.6999 0.275174 9.90628 -0.000916298 -0.0922406 0.0491747
1895.2 -0.153219 0.459656 -9.8443 0.751346 0.305085 9.92543 -0.0056505 -0.0847575 0.0476475
1895.22 -0.191523 0.268133 -9.76769 0.727418 0.232104 9.90628 -0.00824668 -0.0853684 0.0389426
1895.24 0.0766094 0.0383047 -9.42295 0.457029 -0.026321 9.91705 -0.0148135 -0.0762054 0.0404698
1895.25 0.268133 -0.268133 -9.61448 0.357727 -0.157926 9.91824 -0.01237 -0.0809396 0.046273
1895.27 0.383047 -0.229828 -9.72939 0.236889 -0.21655 9.94218 -0.00916297 -0.083994 0.0485638
1895.29 0.57457 -0.229828 -9.88261 0.0634098 -0.323031 9.95414 -0.0103847 -0.0803288 0.0467312
1895.3 0.459656 -0.383047 -9.88261 0.0191426 -0.42353 9.94337 -0.00717767 -0.086132 0.0397062
1895.32 0.306437 -0.268133 -9.72939 0.061017 -0.318245 9.95653 -0.00198531 -0.0949895 0.0374155
1895.34 0.268133 -0.229828 -9.72939 0.325424 -0.151944 9.93021 -0.00122173 -0.0936151 0.0467312
1895.35 0.229828 -0.114914 -9.69109 0.381655 -0.0681954 9.93499 -0.00229074 -0.0913243 0.0537561
1895.37 0.0766094 0.0766094 -9.88261 0.397208 -0.0311067 9.92901 -0.000305433 -0.0956004 0.0503964
1895.38 0.0383047 0.153219 -9.69109 0.484546 -0.0239282 9.90269 -0.00488692 -0.0876591 0.0471893
1895.4 0.0383047 0.0 -9.76769 0.489332 -0.0239282 9.92423 -0.00458149 -0.0902553 0.0458149
1895.42 0.114914 0.0383047 -9.69109 0.411565 -0.0251246 9.94098 -0.00274889 -0.0899499 0.0467312
1895.43 0.306437 -0.114914 -9.76769 0.253639 -0.116052 9.9338 -0.00305432 -0.0934624 0.043066
1895.45 0.344742 -0.0383047 -9.72939 0.221336 -0.181854 9.93859 -0.00366519 -0.0948368 0.041997
1895.47 0.268133 -0.191523 -9.69109 0.192622 -0.222532 9.92543 -0.00335976 -0.0917825 0.0491747
1895.48 0.383047 -0.229828 -9.69109 0.112463 -0.303888 9.95055 -0.00106901 -0.0986547 0.0485638
1895.5 0.344742 -0.0766094 -9.61448 0.187837 -0.197408 9.9338 -0.00167988 -0.0951423 0.0479529
1895.52 0.344742 0.0 -9.8443 0.295514 -0.0167498 9.92423 0.00122173 -0.0991129 0.0470366
1895.53 0.306437 0.0766094 -9.72939 0.372084 -0.00837488 9.92423 0.000916298 -0.100945 0.0502437
1895.55 0.0383047 0.0766094 -9.69109 0.434297 0.061017 9.91705 -0.000763581 -0.099571 0.0464257
1895.57 -0.0766094 0.344742 -9.8443 0.684347 0.142373 9.96012 -0.00229074 -0.0978911 0.0429133
1895.58 -0.268133 0.191523 -9.61448 0.824327 0.153141 9.88116 -0.00229074 -0.0949895 0.0523817
1895.6 -0.191523 0.268133 -9.69109 0.857827 0.148355 9.95414 -0.00427606 -0.0939205 0.0500909
1895.62 -0.268133 -0.0383047 -9.72939 0.781256 -0.0131605 9.90987 -0.00687223 -0.0878119 0.0478002
1895.63 -0.191523 0.0 -9.76769 0.727418 -0.0191426 9.92303 -0.00717767 -0.0879646 0.0447459
1895.65 -0.153219 0.0766094 -9.69109 0.630509 -0.0155533 9.92303 -0.00595593 -0.0876591 0.0514654
1895.67 0.153219 -0.0383047 -9.61448 0.337388 -0.0239282 9.91107 -0.00763582 -0.0830777 0.0633773
1895.68 0.344742 0.0 -9.61448 0.205783 -0.0275174 9.89552 -0.00809396 -0.0824668 0.0568105
1895.7 0.229828 -0.114914 -9.99752 0.212961 -0.0550349 9.95174 -0.00931569 -0.0902553 0.0413861
1895.72 0.306437 -0.191523 -9.76769 0.246461 -0.238086 9.96371 -0.00885754 -0.08827 0.0415388
1895.74 0.383047 -0.191523 -9.76769 0.18664 -0.26321 9.95414 -0.00626137 -0.0888809 0.0523817
1895.76 0.191523 -0.114914 -9.72939 0.303888 -0.160319 9.94337 -0.00244346 -0.0959058 0.0496328
1895.77 0.153219 0.0 -9.95922 0.518046 -0.0299103 9.91107 -0.0056505 -0.0897971 0.0482583
1895.79 -0.191523 -0.114914 -9.72939 0.748953 -0.0574277 9.93021 -0.00763582 -0.0894917 0.0378736
1895.81 -0.0766094 0.0 -9.61448 0.766899 -0.113659 9.93978 -0.00778853 -0.0878119 0.030696
1895.82 0.0766094 -0.153219 -9.76769 0.564706 -0.150748 9.92543 -0.00519235 -0.083994 0.0329867
1895.84 0.344742 -0.0383047 -9.76769 0.265603 -0.100499 9.93739 -0.00503964 -0.0844521 0.0513127
1895.86 0.306437 -0.0766094 -9.69109 0.175872 -0.0885344 9.93859 -0.00702495 -0.0852157 0.0519235
1895.87 0.497961 -0.0383047 -9.8443 0.0705882 -0.124427 9.95174 -0.00931569 -0.0807869 0.043066
1895.89 0.459656 -0.229828 -9.65278 -0.102891 -0.260818 9.97089 -0.0056505 -0.0902553 0.0314596
1895.91 0.612875 -0.268133 -9.806 -0.0227318 -0.193819 9.96012 -0.00335976 -0.0928515 0.0647517
1895.92 0.497961 -0.153219 -9.72939 0.0370887 -0.143569 9.92423 -0.00320704 -0.0922406 0.0636827
1895.94 0.306437 -0.0383047 -9.72939 0.227318 -0.0717846 9.93739 -0.00442877 -0.0948368 0.043066
1895.96 0.229828 -0.191523 -9.65278 0.422333 -0.26321 9.92782 -0.0018326 -0.102473 0.0354302
1895.97 -0.153219 -0.114914 -9.92091 0.646062 -0.129212 9.95892 0.00122173 -0.105985 0.0568105
1895.99 -0.268133 0.0 -9.806 0.880558 -0.154337 9.93619 0.00229074 -0.0972803 0.0583376
1896.0 -0.191523 0.0383047 -9.72939 0.844666 -0.111266 9.86441 -0.00122173 -0.0923933 0.0368046
1896.02 0.0 0.0383047 -9.806 0.705882 0.0622134 9.94576 0.0018326 -0.0897971 0.0184787
1896.04 0.0 0.0766094 -9.46126 0.629312 -0.0430708 9.91227 -0.00366519 -0.0896445 0.00992656
1896.05 -0.0766094 0.0383047 -9.69109 0.508475 0.00358923 9.91107 -0.00442877 -0.0844521 0.0342084
1896.07 0.383047 0.191523 -9.95922 0.293121 0.0693918 9.92184 -0.000916298 -0.0809396 0.0474948
1896.08 0.191523 0.114914 -9.76769 0.253639 0.0681954 9.9338 -0.00122173 -0.0905607 0.0479529
1896.1 0.268133 -0.0383047 -9.69109 0.311067 -0.00957129 9.93739 -0.00626137 -0.0894917 0.0474948
1896.12 -0.0383047 -0.0383047 -10.0358 0.465404 -0.0179462 9.95055 -0.00733038 -0.0862847 0.0546724
1896.13 0.153219 -0.191523 -9.806 0.364905 -0.168694 9.96132 -0.00626137 -0.0862847 0.0568105
1896.15 0.344742 -0.306437 -9.69109 0.21655 -0.349352 9.90868 -0.00305432 -0.0917825 0.0436769
1896.17 0.114914 -0.229828 -9.57617 0.241675 -0.337388 9.95533 -0.00397062 -0.0928515 0.0447459
1896.18 0.114914 -0.0766094 -9.65278 0.410369 -0.15673 9.92303 -0.00167988 -0.0925461 0.0513127
1896.2 0.0766094 0.268133 -9.72939 0.647258 0.0693918 9.90269 0.000305433 -0.0930042 0.0363465
1896.22 -0.0383047 0.0 -9.806 0.547956 0.0765703 9.9326 -0.00488692 -0.0885754 0.0329867
1896.23 0.0766094 0.153219 -9.57617 0.61017 -0.0251246 9.88953 -0.00473421 -0.0884227 0.0366519
1896.25 0.114914 0.0766094 -9.72939 0.599402 0.04666 9.93619 -0.00320704 -0.0852157 0.0426078
1896.27 0.191523 0.114914 -9.65278 0.471386 0.119641 9.91466 -0.0065668 -0.0818559 0.0409279
1896.28 0.383047 0.153219 -9.46126 0.171087 0.0885344 9.92782 -0.00626137 -0.087201 0.0323759
1896.3 0.421352 -0.114914 -9.76769 0.0646062 -0.118445 9.96132 -0.0109956 -0.0865901 0.0363465
1896.32 0.459656 -0.114914 -9.8443 0.0514457 -0.117248 9.99003 -0.00641408 -0.0884227 0.0607811
1896.33 0.612875 0.0 -9.57617 -0.026321 -0.0370887 9.91107 -0.00290161 -0.0885754 0.0765108
1896.35 0.57457 0.0766094 -9.76769 -0.119641 0.0287139 10.0116 -0.00473421 -0.0934624 0.0713185
1896.36 0.536266 -0.229828 -9.95922 0.138784 -0.246461 10.008 -0.00778853 -0.105985 0.0439823
1896.38 0.229828 -0.191523 -9.38465 0.271585 -0.256032 9.93499 -0.00809396 -0.104763 0.0429133
1896.4 0.229828 -0.306437 -9.69109 0.458225 -0.236889 9.98285 -0.00244346 -0.107054 0.0589485
1896.41 -0.153219 -0.0766094 -9.61448 0.760917 -0.137587 9.86321 -0.00137445 -0.10232 0.0603229
1896.43 -0.191523 -0.153219 -9.69109 0.814756 -0.125623 10.0008 0.00137445 -0.10064 0.0539089
1896.45 -0.344742 -0.191523 -9.806 0.941576 -0.106481 9.93499 -0.00274889 -0.0968221 0.0404698
1896.46 -0.153219 0.0 -9.69109 0.714257 -0.0442672 9.87159 -0.00549779 -0.0913243 0.0233656
1896.48 -0.0766094 -0.153219 -9.95922 0.6999 0.00957129 9.92782 -0.00274889 -0.0876591 0.0511599
1896.49 0.114914 0.229828 -9.69109 0.518046 0.0574277 9.88475 -0.000763581 -0.0896445 0.0682642
1896.51 0.191523 0.0766094 -9.61448 0.317049 0.0717846 9.86201 -0.00381791 -0.089339 0.0470366
1896.53 0.421352 -0.191523 -9.57617 0.13998 -0.0574277 9.95773 -0.00977384 -0.0881173 0.0280998
1896.54 0.268133 -0.114914 -9.65278 0.18664 -0.167498 9.88355 -0.00794125 -0.0897971 0.0436769
1896.56 0.344742 -0.191523 -9.69109 0.252443 -0.136391 9.97448 -0.00229074 -0.0954477 0.0824668
1896.58 0.229828 0.0383047 -9.69109 0.327816 -0.061017 9.92423 -0.00381791 -0.0926988 0.0693332
1896.59 -0.153219 -0.153219 -9.72939 0.437886 -0.17348 9.95055 -0.00122173 -0.100945 0.0250455
1896.61 -0.153219 -0.229828 -9.76769 0.850648 -0.297906 9.98644 -0.00549779 -0.0946841 0.0310014
1896.63 -0.191523 -0.153219 -9.69109 1.03609 -0.247657 9.98524 -0.0018326 -0.0911716 0.0580322
1896.64 -0.268133 -0.0766094 -9.8443 1.066 -0.284746 9.97687 -0.00167988 -0.0827722 0.0525344
1896.66 -0.191523 -0.191523 -9.806 0.772881 -0.117248 9.88834 -0.000458149 -0.0856738 0.0322231
1896.68 0.0383047 -0.0383047 -9.69109 0.644866 -0.0861416 9.78544 -0.000763581 -0.0818559 0.00977384
1896.69 0.114914 -0.0766094 -9.57617 0.472582 -0.0921237 9.88235 -0.00213803 -0.0763581 0.0203113
1896.71 0.268133 -0.0766094 -9.8443 0.302692 -0.0993021 9.8668 -0.00198531 -0.0762054 0.0216857
1896.73 0.383047 0.153219 -9.69109 -0.0370887 -0.0251246 9.89073 0.000763581 -0.0786489 0.0378736
1896.74 0.727789 0.268133 -9.42295 -0.254835 0.208175 9.8333 -0.00152716 -0.0830777 0.0406225
1896.76 0.497961 0.153219 -9.95922 0.0107677 0.122034 9.94337 -0.00626137 -0.0873537 0.0297797
1896.78 0.497961 -0.229828 -9.61448 -0.106481 -0.0729811 9.69571 -0.00870483 -0.0911716 0.0397062
1896.79 0.536266 -0.229828 -9.42295 0.0849452 -0.161515 9.86082 -0.00213803 -0.0908662 0.0734565
1896.81 0.344742 0.0 -9.88261 0.363709 -0.0789631 9.85843 -0.000763581 -0.096364 0.0731511
1896.83 0.191523 -0.0766094 -9.57617 0.591027 -0.20339 9.84526 -0.00442877 -0.0956004 0.0471893
1896.84 -0.421352 -0.268133 -9.806 0.709472 -0.428315 10.0343 -0.0056505 -0.0945314 0.023671
1896.86 -0.114914 -0.153219 -9.49956 0.731007 -0.315852 9.86082 0.00106901 -0.0916298 0.0494801
1896.88 -0.344742 0.0383047 -9.806 0.628116 -0.119641 10.1803 0.0 -0.0836885 0.0476475
1896.89 0.153219 0.114914 -9.88261 0.521635 0.00239282 9.82851 0.00152716 -0.0905607 0.0337503
1896.91 0.383047 0.229828 -9.34634 0.0897308 0.116052 9.82134 -0.00305432 -0.0899499 -0.000763581
1896.93 0.268133 -0.153219 -9.65278 0.2333 0.15673 9.78185 -0.00473421 -0.0862847 0.0135917
1896.94 0.114914 0.114914 -9.95922 0.17348 0.320638 9.93978 -0.000305433 -0.0884227 0.0219911
1896.96 0.229828 0.268133 -9.65278 0.0574277 0.202193 9.85484 -0.00305432 -0.0913243 0.0383318
1896.98 0.229828 0.268133 -9.65278 -0.0634098 0.226122 10.1145 -0.00641408 -0.0986547 0.0485638
1896.99 0.114914 -0.0766094 -9.806 0.151944 0.202193 9.86321 -0.00702495 -0.0951423 0.0691805
1897.01 0.153219 0.0 -9.72939 0.433101 -0.0729811 9.84885 -0.00473421 -0.099571 0.0659734
1897.03 -0.153219 0.0383047 -9.76769 0.796809 0.00837488 9.99123 -0.00626137 -0.0969748 0.0760527
1897.04 -0.114914 0.114914 -9.34634 0.740578 -0.0418744 9.89432 -0.00733038 -0.0933096 0.0821613
1897.06 -0.191523 -0.114914 -9.806 0.845862 -0.325424 10.063 -0.0125227 -0.0910189 0.0487165
1897.07 -0.229828 -0.306437 -9.49956 0.750149 -0.61017 9.83809 -0.0105374 -0.0878119 0.0181732
1897.09 -0.383047 -0.268133 -9.8443 0.848255 -0.382851 10.0475 -0.000916298 -0.0888809 0.0513127
1897.11 0.153219 -0.114914 -9.34634 0.586241 -0.265603 9.84287 -0.000916298 -0.0844521 0.0584903
1897.12 0.383047 -0.153219 -9.72939 0.21655 -0.230907 9.95892 -0.00503964 -0.0827722 0.0122173
1897.14 0.306437 0.0 -9.8443 0.502493 -0.0167498 10.0738 -0.00229074 -0.0852157 0.0132863
1897.16 0.0383047 0.459656 -9.53786 0.598205 0.247657 9.89671 -0.000763581 -0.0858265 0.0302378
1897.17 0.612875 0.0766094 -9.53786 0.11007 0.267996 9.89312 -0.00503964 -0.0771217 0.0507018
1897.19 0.57457 -0.114914 -9.57617 0.0490528 0.00239282 9.97328 -0.00870483 -0.0881173 0.0163406
1897.21 0.421352 0.114914 -9.76769 0.412762 0.29671 9.85723 -0.00931569 -0.0920879 0.0676533
1897.22 0.536266 -0.153219 -10.1507 0.214158 -0.0311067 9.91227 -0.0119119 -0.0876591 0.0665843
1897.24 0.459656 -0.153219 -9.38465 0.106481 -0.20339 9.83689 -0.00626137 -0.0920879 0.0879646
1897.26 0.0383047 -0.344742 -9.8443 0.106481 -0.312263 10.0427 -0.00763582 -0.097433 0.0539089
1897.27 -0.114914 -0.114914 -9.57617 0.842273 -0.416351 9.85723 -0.00534507 -0.0975857 0.0642935
1897.29 0.114914 -0.344742 -9.49956 0.549153 -0.48335 10.0032 -0.00320704 -0.0881173 0.0568105
1897.31 0.0766094 -0.0766094 -9.69109 0.65324 -0.18664 9.92184 0.00213803 -0.0966694 0.034972
1897.32 0.0383047 -0.191523 -9.72939 0.732203 -0.0658026 9.92543 0.00198531 -0.0923933 0.0316123
1897.34 0.0 -0.0766094 -9.76769 0.442672 -0.252443 9.92901 -0.00122173 -0.0859793 0.0342084
1897.36 0.421352 -0.114914 -9.53786 0.0729811 -0.0885344 9.91107 0.000305433 -0.0832304 0.0369573
1897.37 0.306437 0.268133 -9.72939 -0.0119641 0.0622134 9.94218 0.00167988 -0.0931569 0.00198531
1897.39 0.0766094 0.421352 -9.53786 0.51685 0.375673 9.92662 -0.000763581 -0.0922406 0.0160352
1897.41 0.153219 0.0 -9.57617 0.222532 -0.0227318 9.92543 -0.00702495 -0.0879646 0.0493274
1897.42 0.0766094 -0.114914 -9.65278 0.374477 -0.105284 9.92303 -0.00290161 -0.0948368 0.0435241
1897.44 0.0 -0.0383047 -9.69109 0.393619 -0.12323 9.92184 -0.000152716 -0.0943787 0.0467312
1897.46 0.153219 -0.0766094 -9.49956 0.332602 0.00358923 9.92662 -0.00213803 -0.0913243 0.0711658
1897.47 0.268133 -0.191523 -9.76769 0.0849452 -0.212961 9.97567 -0.00381791 -0.086132 0.0849102
1897.49 0.0766094 -0.0766094 -9.49956 0.318245 -0.199801 9.86201 -0.00167988 -0.0965167 0.0270308
1897.51 -0.421352 -0.191523 -9.76769 0.802792 -0.0562313 9.93021 -0.00213803 -0.0962113 0.0116064
1897.52 0.0 -0.229828 -9.72939 0.558724 -0.25005 9.9649 -0.00397062 -0.0856738 0.0546724
1897.54 0.306437 -0.268133 -9.72939 0.448654 -0.315852 9.91466 -0.000458149 -0.0868956 0.0583376
1897.56 -0.114914 0.0383047 -9.76769 0.484546 -0.0717846 9.95294 0.00381791 -0.0907135 0.0383318
1897.57 0.229828 0.0383047 -9.92091 0.440279 0.221336 9.92782 -0.0018326 -0.0826195 0.00626137
1897.59 0.459656 -0.0383047 -9.57617 0.020339 -0.0478564 9.87757 -0.00366519 -0.086132 0.0273362
1897.61 0.497961 0.0383047 -9.72939 0.0131605 -0.0717846 9.97687 -0.00427606 -0.0846048 0.0372628
1897.62 0.229828 0.0766094 -9.76769 0.224925 0.189033 9.93978 -0.000152716 -0.089339 0.0299324
1897.64 0.459656 0.268133 -9.92091 0.172283 0.293121 9.93978 -0.00274889 -0.0926988 0.0424551
1897.66 0.383047 0.153219 -9.8443 0.0789631 0.257228 9.93499 -0.00824668 -0.095295 0.0606284
1897.67 0.421352 0.0766094 -9.61448 0.291924 0.0921237 9.94337 -0.00503964 -0.102014 0.066737
1897.69 -0.0766094 0.0766094 -9.61448 0.666401 0.0801595 9.94218 -0.00671952 -0.099571 0.0700968
1897.7 -0.153219 -0.0383047 -9.8443 0.684347 0.101695 9.92064 -0.00977384 -0.0968221 0.0607811
1897.72 -0.114914 0.0 -9.76769 0.7334 -0.0717846 9.9338 -0.011301 -0.0910189 0.067806
