1997.47 0.229828 -0.191523 -9.65278 0.300299 -0.144766 9.93619 -0.0103847 -0.0875064 -0.0560469
1997.48 0.114914 -0.268133 -9.57617 0.337388 -0.283549 9.94098 -0.0111483 -0.089339 -0.0647517
1997.5 0.344742 -0.114914 -9.65278 0.241675 -0.200997 9.9338 -0.0074831 -0.0881173 -0.0642935
1997.52 0.421352 -0.0766094 -10.0358 0.119641 -0.0167498 9.92662 -0.00381791 -0.0920879 -0.0528398
1997.53 0.344742 0.191523 -9.806 0.125623 0.0179462 9.94815 -0.00824668 -0.0862847 -0.0546724
1997.55 0.344742 0.114914 -9.8443 0.0646062 0.0837488 9.99601 -0.0111483 -0.0917825 -0.0829249
1997.57 0.536266 0.191523 -9.92091 0.0287139 0.0155533 9.98405 -0.0137445 -0.0946841 -0.120188
1997.58 0.497961 0.344742 -9.69109 -0.0586241 0.417547 10.081 -0.0166461 -0.0980438 -0.115148
1997.6 0.421352 0.0383047 -10.0358 0.130409 -0.0251246 9.94218 -0.023671 -0.104611 -0.121562
1997.62 0.383047 -0.306437 -9.61448 0.387637 -0.297906 9.95892 -0.0200058 -0.102625 -0.0693332
1997.63 0.306437 0.114914 -9.76769 0.159123 0.11007 9.93739 -0.00412334 -0.0980438 0.0229074
1997.65 0.0766094 0.191523 -9.92091 0.167498 0.0370887 9.90868 -0.00274889 -0.0975857 0.0745255
1997.67 0.153219 0.268133 -9.8443 0.345763 0.0993021 10.215 -0.00167988 -0.0981966 0.182954
1997.68 0.153219 0.229828 -10.2273 0.508475 0.209372 10.4195 -0.00198531 -0.098502 0.193797
1997.7 0.0766094 0.191523 -10.2273 0.550349 0.0729811 10.4183 -0.00503964 -0.0951423 0.171959
1997.72 0.229828 -0.0383047 -9.88261 0.455832 0.0251246 10.3406 -0.0074831 -0.0933096 0.145539
1997.73 0.191523 -0.229828 -9.95922 0.492921 -0.234497 10.3107 -0.0125227 -0.102931 0.0775799
1997.75 0.191523 -0.153219 -10.189 0.526421 -0.245264 10.2628 -0.0157298 -0.0949895 0.0126754
1997.77 0.306437 -0.153219 -9.8443 0.393619 -0.181854 10.1336 -0.0174097 -0.0940732 -0.0216857
1997.78 0.268133 -0.497961 -9.61448 0.184247 -0.374477 9.7986 -0.0207694 -0.0991129 -0.0713185
1997.8 0.0383047 -0.536266 -9.38465 0.504885 -0.722632 9.57248 -0.0189368 -0.103847 -0.116675
1997.82 -0.0766094 -0.459656 -9.11651 0.410369 -0.595813 9.39183 -0.0154243 -0.102473 -0.136986
1997.83 -0.229828 -0.421352 -8.92499 0.769292 -0.539581 9.09871 -0.0114537 -0.101098 -0.114843
1997.85 -0.114914 -0.421352 -8.58025 0.759721 -0.346959 9.04008 -0.00320704 -0.0978911 -0.0545197
1997.87 -0.268133 -0.114914 -9.99752 0.732203 -0.193819 9.60718 0.0018326 -0.090408 -0.00962113
1997.88 -0.268133 0.306437 -9.806 0.930808 0.04666 10.0905 0.00351247 -0.0902553 -0.00977384
1997.9 -0.153219 0.421352 -10.0741 0.771685 0.364905 9.96371 -0.00473421 -0.0856738 -0.0426078
1997.91 -0.0766094 0.191523 -9.806 0.642473 0.251246 9.86919 -0.0103847 -0.0798706 -0.0566577
1997.93 -0.114914 -0.114914 -9.806 0.522831 -0.00239282 9.93978 -0.01237 -0.078038 -0.0464257
1997.95 0.191523 -0.229828 -9.69109 0.222532 -0.171087 9.90987 -0.00977384 -0.0804815 -0.0224493
1997.96 0.306437 -0.268133 -9.8443 0.190229 -0.306281 9.94935 -0.010232 -0.0800233 0.0018326
1997.98 0.383047 -0.459656 -9.72939 0.138784 -0.452243 9.92782 -0.00381791 -0.0817032 0.0143553
1997.99 0.497961 -0.344742 -9.76769 0.00837488 -0.464207 9.95294 0.00152716 -0.085063 0.0273362
1998.01 0.459656 -0.306437 -9.72939 0.0311067 -0.45344 9.95294 0.00335976 -0.0864374 0.036041
1998.03 0.344742 -0.191523 -9.69109 0.223729 -0.330209 9.92303 0.0056505 -0.0888809 0.0390954
1998.04 0.153219 -0.114914 -9.72939 0.411565 -0.0861416 9.93859 0.00641408 -0.0853684 0.0369573
1998.06 0.0766094 0.114914 -9.53786 0.424726 -0.020339 9.92064 0.00397062 -0.0818559 0.0355829
1998.07 0.0766094 0.344742 -9.99752 0.385244 0.212961 9.9338 0.00687223 -0.0870483 0.0186314
1998.09 0.191523 0.153219 -9.76769 0.528814 0.13998 9.88834 0.0018326 -0.0875064 0.00671952
1998.11 0.306437 0.57457 -10.0741 0.375673 0.391226 10.0068 0.00580322 -0.0823141 0.0209221
1998.12 0.689484 0.536266 -9.65278 -0.154337 0.597009 9.8656 -0.00488692 -0.0838412 0.0516181
1998.14 0.268133 0.0 -9.76769 0.155533 -0.0598205 9.99482 -0.0137445 -0.0978911 0.00580322
1998.16 0.421352 -0.229828 -9.72939 0.357727 -0.239282 9.95055 -0.0132863 -0.0910189 0.020464
1998.17 0.57457 -0.114914 -9.61448 -0.198604 -0.0239282 9.89552 -0.00473421 -0.0853684 0.0251982
1998.19 0.497961 0.0 -9.61448 -0.125623 -0.0490528 10.0199 -0.00259618 -0.0980438 0.0856738
1998.2 0.421352 0.191523 -9.65278 -0.0143569 0.0311067 9.99242 -0.00137445 -0.0988074 0.104763
1998.22 0.191523 0.114914 -9.806 0.229711 0.129212 9.89552 -0.00763582 -0.101862 0.0942259
1998.24 0.0766094 0.0383047 -9.76769 0.429512 0.0299103 9.96371 -0.00641408 -0.106138 0.0849102
1998.25 0.0766094 0.114914 -9.88261 0.478564 0.0897308 9.91346 -0.00641408 -0.105832 0.0623082
1998.27 0.153219 0.306437 -9.99752 0.617348 0.232104 9.94576 -0.00717767 -0.103694 0.0497855
1998.28 -0.0766094 0.306437 -9.72939 0.690329 0.251246 9.94457 -0.0100793 -0.103542 0.0604756
1998.3 -0.0766094 0.153219 -9.61448 0.659222 0.124427 9.87398 -0.013439 -0.0943787 0.0775799
1998.31 -0.0383047 -0.114914 -9.95922 0.666401 -0.0239282 9.91944 -0.0157298 -0.095295 0.0789543
1998.33 0.114914 -0.114914 -9.76769 0.556331 -0.0777667 9.89911 -0.0114537 -0.0978911 0.0734565
1998.34 0.229828 -0.0766094 -9.69109 0.367298 -0.172283 9.9003 -0.0146608 -0.0899499 0.0740674
1998.36 0.191523 -0.229828 -9.72939 0.330209 -0.257228 9.88116 -0.0166461 -0.0888809 0.079107
1998.37 0.191523 -0.153219 -9.72939 0.337388 -0.372084 9.85484 -0.00962113 -0.10064 0.0749837
1998.99 0.229828 -0.114914 -9.72939 0.31346 -0.265603 9.92423 -0.010232 -0.0902553 0.0502437
1999.0 0.0766094 -0.229828 -9.76769 0.345763 -0.161515 9.93739 -0.00595593 -0.0951423 0.0587958
1999.02 0.268133 -0.0766094 -9.46126 0.366102 -0.133998 9.93021 -0.00427606 -0.098502 0.056505
1999.04 0.114914 -0.114914 -9.57617 0.479761 -0.0909272 9.92543 -0.00870483 -0.091477 0.0450513
1999.05 -0.0766094 0.0383047 -9.76769 0.626919 -0.178265 9.91227 -0.00870483 -0.0949895 0.0310014
1999.07 0.0 -0.229828 -9.38465 0.641276 -0.236889 9.92782 -0.00946841 -0.0910189 0.0285579
1999.09 -0.0383047 -0.229828 -9.806 0.608973 -0.305085 9.91944 -0.00992656 -0.0844521 0.0291688
1999.1 -0.114914 -0.268133 -9.57617 0.504885 -0.339781 9.94696 -0.0056505 -0.0844521 0.0383318
1999.12 0.191523 -0.306437 -9.65278 0.458225 -0.369691 9.92184 -0.00259618 -0.0846048 0.0560469
1999.14 0.229828 -0.268133 -9.8443 0.355334 -0.387637 9.94098 0.00122173 -0.0894917 0.0589485
1999.15 0.344742 -0.268133 -9.69109 0.133998 -0.314656 9.94696 0.00290161 -0.0836885 0.06353
1999.17 0.497961 -0.191523 -9.69109 0.0394815 -0.230907 9.94337 0.00412334 -0.0875064 0.0586431
1999.19 0.421352 -0.191523 -9.8443 0.0562313 -0.198604 9.93859 0.00473421 -0.0899499 0.0526871
1999.2 0.459656 -0.0383047 -9.76769 0.167498 -0.138784 9.9326 0.00198531 -0.0910189 0.0514654
1999.22 0.229828 -0.153219 -9.69109 0.295514 -0.105284 9.92303 0.00549779 -0.0936151 0.0615447
1999.24 0.153219 -0.0766094 -9.806 0.350548 -0.0957129 9.93619 0.00702495 -0.0936151 0.0693332
1999.25 -0.114914 0.0 -9.76769 0.461814 -0.026321 9.90509 0.00534507 -0.0919352 0.0697913
1999.27 0.153219 0.268133 -9.72939 0.477368 0.0502493 9.9338 0.00488692 -0.0931569 0.0685696
1999.28 0.0766094 -0.114914 -9.72939 0.471386 0.0323031 9.9314 0.0018326 -0.0901026 0.0717766
1999.3 0.191523 0.0 -9.69109 0.42353 -0.026321 9.90269 0.000916298 -0.0911716 0.0691805
1999.32 0.306437 0.0383047 -10.0358 0.378066 -0.0311067 9.92064 0.000763581 -0.0908662 0.0574213
1999.33 0.268133 0.0383047 -9.72939 0.244068 -0.0227318 9.92782 -0.000916298 -0.0846048 0.0511599
1999.35 0.344742 0.114914 -9.65278 0.163908 -0.020339 9.93859 0.000152716 -0.0879646 0.047342
1999.37 0.306437 -0.0766094 -9.806 0.129212 -0.0251246 9.92303 0.00152716 -0.0945314 0.0456622
1999.38 0.153219 0.153219 -9.69109 0.252443 -0.0155533 9.9314 -0.00122173 -0.0917825 0.0508545
1999.4 0.306437 0.191523 -9.49956 0.289531 0.0741775 9.91705 -0.00167988 -0.0939205 0.0511599
1999.42 0.191523 0.306437 -9.806 0.320638 0.204586 9.9338 -0.00488692 -0.0902553 0.0525344
1999.43 0.114914 0.306437 -9.8443 0.421137 0.209372 9.92662 -0.00626137 -0.0949895 0.0542143
1999.45 -0.153219 0.268133 -9.95922 0.538385 0.172283 9.91466 -0.00794125 -0.0928515 0.0620028
1999.47 -0.114914 0.229828 -9.69109 0.636491 0.138784 9.91227 -0.0106901 -0.086132 0.0681114
1999.48 -0.114914 0.0766094 -9.8443 0.565902 0.0813559 9.92543 -0.0109956 -0.0891863 0.0699441
1999.5 0.153219 0.114914 -9.72939 0.45344 -0.0275174 9.92303 -0.0132863 -0.0876591 0.071624
1999.52 0.114914 -0.0383047 -9.92091 0.412762 -0.0945165 9.89671 -0.0157298 -0.0821613 0.0742201
1999.53 0.0 -0.114914 -9.65278 0.327816 -0.144766 9.91944 -0.0125227 -0.083994 0.0842994
1999.55 0.344742 -0.191523 -9.88261 0.21655 -0.190229 9.93021 -0.0100793 -0.0896445 0.0821613
1999.57 0.268133 -0.114914 -9.65278 0.196211 -0.177069 9.94218 -0.00931569 -0.0888809 0.0675006
1999.58 0.383047 -0.0383047 -9.92091 0.227318 -0.190229 9.93978 -0.0119119 -0.0875064 0.0610865
1999.6 0.344742 -0.191523 -9.76769 0.300299 -0.21655 9.91585 -0.00839939 -0.0930042 0.0539089
1999.62 0.191523 -0.153219 -9.72939 0.32662 -0.215354 9.90389 -0.0100793 -0.0905607 0.0540616
1999.63 0.153219 -0.0383047 -9.8443 0.399601 -0.208175 9.92901 -0.00855211 -0.0907135 0.0503964
1999.65 0.114914 0.0 -9.8443 0.465404 -0.135194 9.92184 -0.00641408 -0.096364 0.0439823
1999.67 0.0766094 -0.153219 -9.61448 0.468993 -0.172283 9.94576 -0.0074831 -0.0884227 0.0478002
1999.68 0.268133 -0.229828 -9.806 0.459422 -0.223729 9.95174 -0.00595593 -0.0899499 0.0520762
1999.7 0.0766094 -0.306437 -9.61448 0.45344 -0.267996 9.94935 -0.00549779 -0.0884227 0.0626137
1999.72 0.191523 -0.306437 -9.57617 0.354138 -0.294317 9.94098 -0.00229074 -0.0876591 0.0600175
1999.73 0.153219 -0.153219 -9.76769 0.264407 -0.302692 9.94218 -0.00335976 -0.0876591 0.062461
1999.75 0.383047 -0.344742 -9.72939 0.168694 -0.330209 9.94337 -0.00198531 -0.0864374 0.0644463
1999.77 0.306437 -0.191523 -9.49956 0.229711 -0.340977 9.95055 -0.00259618 -0.0842994 0.0636827
1999.78 0.229828 -0.229828 -9.61448 0.245264 -0.269192 9.9314 0.00137445 -0.089339 0.0600175
1999.8 0.191523 -0.191523 -9.72939 0.252443 -0.229711 9.92184 0.00335976 -0.095295 0.0581849
1999.82 0.229828 -0.229828 -9.65278 0.345763 -0.175872 9.93021 0.00458149 -0.096364 0.0569632
1999.83 0.153219 -0.0766094 -9.8443 0.448654 -0.0861416 9.91705 0.00702495 -0.0943787 0.0552833
1999.85 0.0383047 -0.0383047 -9.57617 0.51326 -0.0478564 9.89911 0.00473421 -0.0928515 0.0571159
1999.87 0.0766094 -0.0766094 -9.72939 0.541974 -0.0239282 9.86201 0.00259618 -0.0873537 0.0569632
1999.88 0.114914 -0.0383047 -9.806 0.474975 -0.0239282 9.87039 0.00351247 -0.0917825 0.0479529
1999.9 0.0766094 0.114914 -9.806 0.447458 0.0 9.9003 0.000916298 -0.08827 0.0476475
1999.91 0.191523 0.153219 -9.65278 0.410369 0.0191426 9.90987 -0.000610865 -0.0879646 0.0487165
1999.93 0.268133 0.0 -9.61448 0.308674 -0.00598205 9.91466 0.0018326 -0.0899499 0.0491747
1999.95 0.268133 0.0 -9.65278 0.264407 -0.0251246 9.88714 -0.00198531 -0.0862847 0.0552833
1999.96 0.191523 0.0 -9.806 0.282353 -0.0323031 9.88594 -0.00229074 -0.0887282 0.0520762
1999.98 0.268133 0.0383047 -9.53786 0.291924 0.0143569 9.8656 -0.00290161 -0.0879646 0.0513127
2000.0 0.153219 0.0766094 -9.65278 0.300299 0.0562313 9.85484 -0.00305432 -0.0896445 0.0448986
2000.01 0.229828 0.0 -9.8443 0.321834 0.0442672 9.91705 -0.00519235 -0.0913243 0.0438296
2000.03 0.191523 0.0383047 -9.61448 0.421137 0.0813559 9.92184 -0.00351247 -0.0939205 0.0381791
2000.05 0.0383047 0.114914 -9.69109 0.525224 0.0849452 9.92782 -0.00824668 -0.0868956 0.0279471
2000.06 0.114914 0.229828 -9.69109 0.461814 0.0813559 9.96251 -0.00794125 -0.0888809 0.0207694
2000.08 0.191523 0.0383047 -9.806 0.440279 0.0418744 9.97208 -0.00794125 -0.0928515 0.0212276
2000.1 0.153219 0.0 -9.92091 0.412762 -0.0239282 10.0223 -0.0126754 -0.0856738 0.0351248
2000.11 0.268133 -0.114914 -9.99752 0.358923 -0.026321 10.0618 -0.0106901 -0.0830777 0.0383318
2000.13 0.268133 -0.0383047 -9.76769 0.305085 -0.0299103 10.0534 -0.00992656 -0.0878119 0.0383318
2000.15 0.459656 -0.0383047 -9.72939 0.155533 -0.0634098 9.90628 -0.0100793 -0.0865901 0.0380264
2000.16 0.421352 -0.0766094 -9.49956 0.189033 -0.12682 9.97926 -0.0109956 -0.0891863 0.0436769
2000.18 0.344742 -0.191523 -9.57617 0.209372 -0.178265 9.91585 -0.00962113 -0.0936151 0.0410807
2000.2 0.344742 -0.191523 -9.72939 0.232104 -0.174676 9.95533 -0.00870483 -0.0960585 0.0351248
2000.21 0.306437 -0.229828 -9.65278 0.277567 -0.17348 9.92064 -0.00962113 -0.0913243 0.0400117
2000.23 0.114914 -0.114914 -9.88261 0.418744 -0.155533 9.93739 -0.00855211 -0.0913243 0.0525344
2000.25 0.0383047 -0.0766094 -9.76769 0.439083 -0.191426 9.9314 -0.00610865 -0.0923933 0.0668897
2000.26 0.0383047 -0.114914 -9.76769 0.459422 -0.136391 9.91705 -0.00427606 -0.0934624 0.0719294
2000.28 0.191523 -0.0383047 -9.72939 0.434297 -0.101695 9.93978 -0.00778853 -0.083994 0.0789543
2000.3 0.229828 -0.191523 -9.49956 0.375673 -0.187837 9.9314 -0.00412334 -0.0913243 0.074831
2000.31 0.229828 -0.229828 -9.72939 0.362513 -0.236889 9.94457 -0.00274889 -0.096364 0.0702495
2000.33 0.191523 -0.268133 -9.69109 0.336191 -0.307478 9.94337 -0.00488692 -0.0910189 0.068875
2000.35 0.383047 -0.229828 -9.76769 0.288335 -0.281157 9.93859 -0.00290161 -0.0873537 0.0720821
2000.36 0.268133 -0.114914 -9.23143 0.293121 -0.254835 9.9326 0.00137445 -0.0949895 0.0728457
2000.38 0.268133 -0.229828 -9.65278 0.317049 -0.239282 9.92423 0.00167988 -0.0934624 0.0736092
2000.4 0.383047 -0.0383047 -9.72939 0.396012 -0.210568 9.92064 -0.000763581 -0.0881173 0.0687223
2000.41 0.153219 -0.191523 -9.57617 0.400798 -0.175872 9.91466 0.00122173 -0.0919352 0.057574
2000.43 0.268133 -0.153219 -9.61448 0.465404 -0.138784 9.9015 0.00167988 -0.0923933 0.0508545
2000.45 0.0766094 -0.114914 -9.46126 0.531206 -0.100499 9.86919 0.000458149 -0.0911716 0.0433714
2000.46 -0.0766094 -0.0383047 -9.65278 0.503689 -0.0454636 9.85843 0.00167988 -0.089339 0.0331394
2000.48 0.153219 0.0 -9.72939 0.507278 -0.026321 9.8668 0.00198531 -0.0923933 0.031765
2000.49 0.0766094 0.0 -9.65278 0.463011 -0.0311067 9.91944 -0.000916298 -0.0879646 0.033903
2000.51 0.114914 -0.153219 -9.806 0.385244 -0.0538385 9.96012 0.00106901 -0.0878119 0.0368046
2000.53 0.229828 -0.0383047 -9.57617 0.368495 -0.0275174 9.98285 0.0 -0.0867428 0.0404698
2000.54 0.191523 0.0766094 -9.92091 0.342173 0.00119641 9.98285 -0.00122173 -0.0844521 0.053298
2000.56 0.114914 0.268133 -9.65278 0.293121 0.0442672 9.97328 0.0 -0.0867428 0.0615447
2000.58 0.306437 0.114914 -9.69109 0.25005 0.0969093 9.95533 -0.000458149 -0.0884227 0.0693332
2000.59 0.306437 0.0383047 -9.76769 0.273978 0.09332 9.92543 -0.000763581 -0.0865901 0.0684169
2000.61 0.153219 0.0766094 -9.8443 0.327816 0.0502493 9.92662 -0.00320704 -0.091477 0.0684169
2000.62 0.229828 -0.0383047 -9.69109 0.329013 0.0323031 9.92184 -0.00549779 -0.0853684 0.0629191
2000.64 0.344742 0.0 -9.8443 0.348156 -0.00119641 9.93619 -0.0106901 -0.0838412 0.0542143
2000.66 0.191523 0.0383047 -9.61448 0.398405 -0.0155533 9.91585 -0.00626137 -0.0930042 0.0484111
2000.67 0.229828 0.0383047 -9.72939 0.417547 -0.0299103 9.90509 -0.00855211 -0.0896445 0.0525344
2000.69 0.191523 -0.0383047 -9.65278 0.39003 -0.0861416 9.91824 -0.00778853 -0.0881173 0.0514654
2000.71 0.191523 -0.114914 -9.806 0.320638 -0.0693918 9.93739 -0.00595593 -0.0949895 0.0474948
2000.72 0.191523 0.0383047 -9.65278 0.294317 -0.040678 9.9314 -0.00855211 -0.0875064 0.0479529
2000.74 0.306437 -0.0383047 -9.76769 0.247657 -0.0418744 9.94457 -0.0106901 -0.0849102 0.0500909
2000.76 0.383047 -0.114914 -9.65278 0.193819 -0.100499 9.93978 -0.00916297 -0.0897971 0.0471893
2000.77 0.383047 -0.0766094 -9.72939 0.215354 -0.0717846 9.93619 -0.00885754 -0.0960585 0.0432187
2000.79 0.344742 -0.0383047 -9.69109 0.246461 -0.040678 9.9338 -0.00610865 -0.0972803 0.041997
2000.81 0.268133 -0.0766094 -9.69109 0.259621 -0.0705882 9.92423 -0.0116064 -0.0913243 0.0476475
2000.82 0.344742 -0.153219 -9.72939 0.306281 -0.174676 9.91227 -0.011301 -0.0934624 0.0523817
2000.84 0.0766094 -0.191523 -9.69109 0.388834 -0.197408 9.90269 -0.00931569 -0.0946841 0.0604756
2000.86 -0.0383047 -0.306437 -9.69109 0.486939 -0.210568 9.90868 -0.00824668 -0.0913243 0.0630718
2000.87 0.0766094 -0.114914 -9.49956 0.464207 -0.232104 9.94098 -0.00733038 -0.0930042 0.0580322
2000.89 0.268133 -0.153219 -9.806 0.410369 -0.235693 9.96371 -0.00595593 -0.0888809 0.0546724
2000.9 0.229828 -0.114914 -9.806 0.421137 -0.262014 9.95414 -0.00412334 -0.0943787 0.0488692
2000.92 0.114914 -0.191523 -9.69109 0.45344 -0.258425 9.91824 -0.00290161 -0.0936151 0.0516181
2000.94 0.114914 -0.229828 -9.65278 0.427119 -0.244068 9.91824 -0.00641408 -0.0879646 0.0594066
2000.95 0.229828 -0.0766094 -9.61448 0.338584 -0.217747 9.92184 -0.00274889 -0.0870483 0.065668
2000.97 0.229828 -0.229828 -9.46126 0.30987 -0.17348 9.92543 0.000152716 -0.0897971 0.0714712
2000.99 0.191523 -0.114914 -9.69109 0.319442 -0.153141 9.93499 0.000763581 -0.0926988 0.0739146
2001.0 0.153219 -0.153219 -9.65278 0.375673 -0.0921237 9.92782 0.000763581 -0.0917825 0.0742201
2001.02 0.114914 -0.0383047 -10.0358 0.396012 -0.0646062 9.89671 0.0 -0.0899499 0.071013
2001.04 0.0766094 -0.0383047 -9.46126 0.457029 -0.0861416 9.87159 -0.00167988 -0.0905607 0.0647517
2001.05 0.0766094 -0.0383047 -9.61448 0.479761 -0.106481 9.87278 -0.000610865 -0.0884227 0.0620028
2001.07 0.0 -0.153219 -9.65278 0.524028 -0.129212 9.89193 -0.00274889 -0.0868956 0.0652099
2001.09 0.0766094 -0.114914 -9.99752 0.509671 -0.15673 9.92064 0.000610865 -0.087201 0.0639881
2001.1 0.153219 0.0383047 -9.69109 0.507278 -0.167498 9.93499 0.000458149 -0.0876591 0.0612392
2001.12 0.0766094 -0.114914 -9.76769 0.439083 -0.117248 9.98166 0.00259618 -0.0873537 0.047342
2001.14 0.383047 -0.0766094 -9.46126 0.315852 -0.0287139 9.96849 -0.00198531 -0.0835358 0.0303905
2001.15 0.306437 0.114914 -9.72939 0.272782 -0.0131605 9.97448 -0.000763581 -0.0887282 0.0213803
2001.17 0.421352 -0.0383047 -9.69109 0.214158 -0.020339 9.94337 -0.000916298 -0.0902553 0.0131336
2001.18 0.344742 -0.0766094 -9.61448 0.230907 -0.0119641 9.94815 -0.00198531 -0.0908662 0.0129809
2001.2 0.344742 0.153219 -9.69109 0.244068 0.0215354 9.94457 -0.00259618 -0.0875064 0.0132863
2001.22 0.268133 0.0766094 -9.69109 0.227318 0.0622134 9.93619 -0.00290161 -0.0888809 0.0166461
2001.23 0.191523 -0.0383047 -9.61448 0.284746 0.0622134 9.92184 -0.0074831 -0.0890336 0.0207694
2001.25 0.153219 0.114914 -9.99752 0.349352 0.0323031 9.95773 -0.00549779 -0.0926988 0.0299324
2001.27 0.153219 0.0383047 -9.72939 0.36012 -0.00598205 9.92901 -0.0100793 -0.0868956 0.0383318
2001.28 0.114914 0.0 -9.69109 0.378066 -0.0143569 9.94337 -0.00824668 -0.0894917 0.0458149
2001.3 0.306437 0.0766094 -9.53786 0.376869 -0.0287139 9.92662 -0.00595593 -0.0926988 0.0450513
2001.32 0.306437 -0.153219 -9.72939 0.358923 -0.0813559 9.94218 -0.00977384 -0.0894917 0.0439823
2001.33 0.268133 -0.0383047 -9.57617 0.282353 -0.13998 9.93978 -0.00702495 -0.0933096 0.0387899
2001.35 0.268133 -0.0766094 -9.88261 0.238086 -0.12323 9.92184 -0.00702495 -0.0891863 0.0363465
2001.37 0.306437 0.0383047 -9.49956 0.215354 -0.107677 9.91824 -0.00626137 -0.0948368 0.0313068
2001.38 0.344742 -0.0766094 -9.53786 0.198604 -0.12323 9.94218 -0.00901026 -0.0873537 0.032834
2001.4 0.229828 -0.114914 -9.69109 0.253639 -0.145962 9.93978 -0.00717767 -0.0969748 0.031765
2001.41 0.153219 -0.0383047 -9.42295 0.305085 -0.132802 9.93619 -0.00671952 -0.0966694 0.0354302
2001.43 0.306437 -0.0766094 -9.72939 0.388834 -0.112463 9.91944 -0.0056505 -0.0966694 0.0380264
2001.45 0.268133 -0.0383047 -9.72939 0.435494 -0.0981057 9.93739 -0.00290161 -0.0997237 0.044135
2001.46 0.114914 -0.114914 -9.65278 0.480957 -0.104088 9.9314 -0.00366519 -0.0951423 0.0380264
2001.48 0.0383047 -0.114914 -9.95922 0.494118 -0.11007 9.93978 -0.00442877 -0.0939205 0.0332921
2001.5 0.153219 -0.191523 -9.65278 0.492921 -0.161515 9.92901 -0.0074831 -0.0899499 0.0294742
2001.51 0.229828 -0.191523 -9.61448 0.443868 -0.21655 9.92782 -0.00519235 -0.0917825 0.0253509
2001.53 0.268133 -0.268133 -9.806 0.446261 -0.241675 9.94098 -0.00519235 -0.090408 0.030696
2001.55 0.306437 -0.191523 -9.69109 0.362513 -0.288335 9.92662 -0.00809396 -0.0838412 0.0300851
2001.56 0.191523 -0.191523 -9.65278 0.301496 -0.228514 9.92662 -0.00274889 -0.0896445 0.0288634
2001.58 0.153219 0.0 -9.49956 0.334995 -0.179462 9.92543 -0.000763581 -0.090408 0.0352775
2001.6 0.0766094 -0.0383047 -9.65278 0.372084 -0.137587 9.92064 0.00320704 -0.0960585 0.0397062
2001.61 0.114914 -0.0766094 -9.61448 0.391226 -0.0526421 9.92064 0.0018326 -0.0923933 0.0496328
2001.63 0.229828 0.0383047 -10.0741 0.441475 -0.0239282 9.91466 0.00167988 -0.0920879 0.0558941
2001.65 0.0766094 -0.0766094 -9.69109 0.48335 -0.0215354 9.91824 -0.00213803 -0.0881173 0.0589485
2001.66 0.114914 0.0 -9.65278 0.498903 -0.0550349 9.92782 -0.00290161 -0.0858265 0.0545197
2001.68 -0.0383047 0.0383047 -9.76769 0.458225 -0.0729811 9.92303 -0.00305432 -0.0864374 0.0386372
2001.7 0.153219 -0.153219 -9.69109 0.443868 -0.0717846 9.92303 -0.00290161 -0.0849102 0.032834
2001.71 0.153219 -0.114914 -10.0741 0.382851 -0.09332 9.93021 -0.00442877 -0.085063 0.0300851
2001.73 0.0766094 -0.114914 -9.76769 0.331406 -0.143569 9.91944 -0.00335976 -0.0862847 0.0358883
2001.74 -0.0383047 -0.0383047 -9.8443 0.290728 -0.150748 9.92064 -0.00580322 -0.078038 0.0389426
2001.76 0.344742 -0.114914 -9.53786 0.257228 -0.100499 9.91824 0.000916298 -0.0910189 0.0400117
2001.78 0.383047 0.0383047 -9.69109 0.234497 -0.0227318 9.91944 -0.00244346 -0.0852157 0.0470366
2001.79 0.306437 0.153219 -9.806 0.241675 0.0239282 9.92782 -0.000610865 -0.0865901 0.0468839
2001.81 0.344742 0.114914 -9.65278 0.264407 0.0681954 9.94337 -0.00320704 -0.08827 0.0455095
2001.82 0.114914 0.0766094 -9.8443 0.30987 0.0681954 9.93619 -0.00610865 -0.0884227 0.0453567
2001.84 0.114914 0.153219 -9.76769 0.329013 0.0454636 9.91227 -0.00595593 -0.0902553 0.0546724
2001.86 0.229828 0.114914 -9.72939 0.391226 0.0370887 9.92184 -0.0074831 -0.0888809 0.0571159
2001.87 0.268133 0.114914 -10.1124 0.31346 0.0370887 9.92901 -0.00503964 -0.0923933 0.0555887
2001.89 0.268133 0.114914 -9.69109 0.271585 -0.0191426 9.93619 -0.00763582 -0.0899499 0.052229
2001.91 0.306437 -0.114914 -9.76769 0.30987 -0.087338 9.92303 -0.00626137 -0.096364 0.0545197
2001.92 0.306437 -0.0766094 -9.8443 0.346959 -0.116052 9.92782 -0.00916297 -0.0887282 0.0630718
2001.94 0.191523 -0.114914 -9.92091 0.260818 -0.113659 9.93859 -0.00763582 -0.0887282 0.0623082
2001.96 0.383047 -0.0766094 -9.76769 0.22014 -0.111266 9.93739 -0.00687223 -0.0908662 0.0612392
2001.97 0.459656 -0.0383047 -9.72939 0.224925 -0.0909272 9.93499 -0.00870483 -0.0901026 0.0577268
2001.99 0.306437 -0.114914 -9.72939 0.333799 -0.102891 9.9326 -0.00687223 -0.0956004 0.0525344
2002.01 0.268133 0.0383047 -9.88261 0.355334 -0.100499 9.92303 -0.00626137 -0.0962113 0.054367
2002.02 0.229828 -0.0766094 -9.72939 0.357727 -0.0849452 9.90628 -0.00213803 -0.10232 0.0531453
2002.04 0.114914 -0.114914 -9.65278 0.398405 -0.0717846 9.87398 -0.00549779 -0.095295 0.0609338
2002.06 0.0766094 -0.0766094 -9.69109 0.468993 -0.0813559 9.81894 -0.00794125 -0.0910189 0.0665843
2002.07 0.0766094 -0.191523 -9.65278 0.471386 -0.114855 9.81176 -0.00916297 -0.0884227 0.0697913
2002.09 0.0383047 -0.114914 -9.57617 0.461814 -0.185444 9.82612 -0.00595593 -0.0940732 0.0699441
2002.11 0.114914 -0.114914 -9.57617 0.433101 -0.198604 9.87637 -0.00366519 -0.0916298 0.0581849
2002.12 0.191523 -0.153219 -9.65278 0.425922 -0.193819 9.91107 -0.00503964 -0.0913243 0.0523817
2002.14 0.229828 -0.153219 -9.72939 0.385244 -0.196211 9.98644 -0.00503964 -0.089339 0.0548251
2002.16 0.0766094 -0.268133 -9.99752 0.403191 -0.301496 10.0582 -0.0056505 -0.0911716 0.0525344
2002.17 0.114914 -0.229828 -9.88261 0.410369 -0.291924 10.0893 -0.00122173 -0.0913243 0.0455095
2002.19 0.114914 -0.114914 -9.8443 0.396012 -0.214158 10.1073 -0.00290161 -0.0878119 0.0468839
2002.21 0.191523 -0.114914 -9.49956 0.376869 -0.13998 10.0307 -0.00320704 -0.0896445 0.0482583
2002.22 0.306437 0.0 -9.65278 0.385244 -0.102891 9.88953 0.0018326 -0.0923933 0.0404698
2002.24 0.268133 0.0383047 -9.76769 0.43669 -0.0574277 9.96251 0.00106901 -0.0919352 0.0355829
2002.26 0.153219 -0.0383047 -9.65278 0.394816 -0.0239282 9.87278 -0.00167988 -0.0942259 0.0264199
2002.27 0.114914 0.0383047 -9.806 0.382851 -0.026321 9.92901 -0.00305432 -0.0908662 0.0256563
2002.29 0.268133 -0.0766094 -9.72939 0.393619 -0.061017 9.91824 -0.00488692 -0.0902553 0.0256563
2002.31 0.268133 -0.0766094 -9.76769 0.405583 -0.100499 9.94576 -0.00290161 -0.0885754 0.029627
2002.32 0.153219 -0.191523 -9.806 0.345763 -0.132802 9.92184 -0.00229074 -0.0910189 0.0345139
2002.34 0.229828 -0.191523 -9.76769 0.289531 -0.128016 9.93978 -0.00259618 -0.0865901 0.0410807
2002.36 0.306437 -0.0383047 -9.72939 0.2668 -0.0897308 9.92184 -0.00122173 -0.0897971 0.0426078
2002.37 0.153219 0.0 -9.65278 0.285942 -0.0717846 9.9314 -0.00152716 -0.0881173 0.0507018
2002.39 0.344742 -0.114914 -9.76769 0.287139 -0.0538385 9.93859 0.000305433 -0.0917825 0.0458149
2002.41 0.153219 -0.0766094 -9.69109 0.273978 -0.0323031 9.90628 -0.00320704 -0.0897971 0.0377209
2002.42 0.344742 0.0383047 -9.72939 0.330209 -0.00598205 9.93499 -0.00290161 -0.0868956 0.0346666
2002.44 0.268133 -0.0383047 -9.65278 0.336191 -0.0227318 9.92901 -0.0056505 -0.0910189 0.0390954
2002.45 0.229828 -0.0766094 -9.69109 0.351745 -0.0227318 9.92662 -0.00442877 -0.0923933 0.0439823
2002.47 0.229828 0.0383047 -9.76769 0.385244 -0.0287139 9.90509 -0.00412334 -0.0901026 0.0453567
2002.49 0.306437 -0.0383047 -9.76769 0.357727 -0.0155533 9.93499 -0.00198531 -0.0933096 0.0534507
2002.5 0.306437 0.0766094 -9.69109 0.345763 -0.0215354 9.92782 -0.0065668 -0.0853684 0.0609338
2002.52 0.268133 0.0 -9.61448 0.311067 -0.0346959 9.91824 -0.00503964 -0.0908662 0.0630718
2002.53 0.268133 -0.114914 -9.69109 0.31346 -0.0382852 9.92303 -0.00458149 -0.0908662 0.0618501
2002.55 0.0766094 0.0 -9.65278 0.321834 -0.0454636 9.92662 -0.00839939 -0.0855211 0.0621555
2002.56 0.153219 0.0 -9.65278 0.314656 -0.0586241 9.93739 -0.00595593 -0.0908662 0.0534507
2002.58 0.344742 -0.114914 -9.57617 0.318245 -0.0777667 9.93499 -0.00335976 -0.0945314 0.0485638
2002.59 0.268133 -0.114914 -9.65278 0.342173 -0.0837488 9.94218 -0.0074831 -0.0916298 0.047342
2003.19 0.344742 -0.0766094 -9.806 0.306281 -0.0346959 9.9314 -0.00641408 -0.0901026 0.020464
2003.2 0.383047 0.0766094 -9.72939 0.314656 -0.0502493 9.93499 -0.00488692 -0.0942259 0.0238237
2003.22 0.114914 -0.0766094 -9.76769 0.357727 -0.0490528 9.92901 -0.00763582 -0.0888809 0.0287107
2003.24 0.153219 -0.0383047 -9.76769 0.399601 -0.0586241 9.93619 -0.00610865 -0.0879646 0.0386372
2003.25 0.229828 0.0766094 -9.65278 0.37328 -0.0275174 9.91824 -0.00595593 -0.0930042 0.0404698
2003.27 0.306437 -0.0766094 -9.65278 0.354138 -0.0287139 9.91466 -0.00626137 -0.0881173 0.0410807
2003.29 0.229828 -0.153219 -9.65278 0.381655 -0.0646062 9.93499 -0.00916297 -0.0859793 0.0442877
2003.3 0.153219 -0.153219 -9.49956 0.364905 -0.131605 9.9326 -0.0074831 -0.08827 0.0474948
2003.32 0.191523 -0.114914 -9.69109 0.355334 -0.155533 9.93499 -0.00717767 -0.0847575 0.0516181
2003.34 0.191523 -0.153219 -9.61448 0.318245 -0.143569 9.94935 -0.00198531 -0.0916298 0.052229
2003.35 0.383047 -0.114914 -9.72939 0.301496 -0.102891 9.92423 -0.00167988 -0.0951423 0.0537561
2003.37 0.268133 -0.0766094 -9.42295 0.307478 -0.0993021 9.92303 -0.00473421 -0.0928515 0.0537561
2003.39 0.268133 -0.191523 -9.61448 0.305085 -0.125623 9.92662 -0.00488692 -0.089339 0.0552833
2003.41 0.344742 -0.0766094 -9.61448 0.368495 -0.0969093 9.92184 -0.00503964 -0.0923933 0.0545197
2003.43 0.191523 -0.0383047 -9.8443 0.362513 -0.0837488 9.91227 -0.00595593 -0.0881173 0.0551306
2003.44 0.153219 -0.0766094 -9.95922 0.415155 -0.113659 9.93859 -0.00397062 -0.0896445 0.0591012
2003.46 0.0766094 -0.153219 -9.57617 0.458225 -0.142373 9.91944 -0.00290161 -0.0917825 0.0655153
2003.48 0.0383047 -0.191523 -9.69109 0.454636 -0.111266 9.92423 -0.00305432 -0.0875064 0.0630718
2003.49 0.0383047 -0.0766094 -9.42295 0.412762 -0.0454636 9.93978 -0.00213803 -0.0905607 0.0610865
2003.51 0.191523 -0.0766094 -9.72939 0.35653 -0.0717846 9.9015 -0.00351247 -0.0897971 0.0595593
2003.53 0.114914 -0.0383047 -9.806 0.397208 -0.104088 9.9314 -0.00412334 -0.0931569 0.0503964
2003.54 0.153219 -0.114914 -9.72939 0.397208 -0.102891 9.92303 -0.00641408 -0.0859793 0.0485638
2003.56 0.306437 -0.229828 -9.72939 0.349352 -0.0921237 9.92662 -0.00503964 -0.0859793 0.0502437
2003.57 0.306437 -0.114914 -9.72939 0.345763 -0.105284 9.93499 -0.00259618 -0.0881173 0.0583376
2003.59 0.306437 -0.114914 -9.76769 0.364905 -0.129212 9.93619 -0.00442877 -0.0887282 0.0597121
2003.61 0.153219 -0.114914 -9.72939 0.391226 -0.0813559 9.93619 0.00152716 -0.0957531 0.0566577
2003.62 0.153219 0.0383047 -9.65278 0.392423 -0.0382852 9.92184 -0.00198531 -0.0873537 0.0572686
2003.64 0.191523 -0.0383047 -9.76769 0.392423 -0.0418744 9.92423 -0.00229074 -0.0907135 0.0505491
2003.66 0.229828 0.0 -9.53786 0.346959 -0.0502493 9.96132 -0.00167988 -0.0934624 0.0332921
2003.67 0.229828 -0.0766094 -9.65278 0.354138 -0.0765703 9.92543 -0.00534507 -0.0930042 0.0256563
2003.69 0.268133 0.0383047 -9.72939 0.385244 -0.0981057 9.92064 -0.00595593 -0.0887282 0.0276416
2003.71 0.268133 -0.191523 -9.69109 0.363709 -0.101695 9.9314 -0.00458149 -0.091477 0.0282525
2003.72 0.229828 -0.0383047 -9.72939 0.284746 -0.112463 9.9314 -0.00320704 -0.0916298 0.030696
2003.74 0.229828 -0.0766094 -9.69109 0.288335 -0.0945165 9.93021 -0.00595593 -0.0908662 0.03711
2003.76 0.0383047 -0.0766094 -9.76769 0.302692 -0.0885344 9.92064 -0.00366519 -0.0934624 0.0357356
2003.77 0.268133 -0.191523 -9.69109 0.297906 -0.0813559 9.93499 -0.00549779 -0.0887282 0.0326813
2003.79 0.268133 -0.153219 -9.69109 0.293121 -0.066999 9.94457 -0.00702495 -0.0891863 0.0303905
2003.81 0.344742 -0.0766094 -9.69109 0.307478 -0.0586241 9.93978 -0.00137445 -0.0981966 0.0319177
2003.82 0.229828 0.0 -9.49956 0.348156 -0.0837488 9.91944 -0.00335976 -0.0946841 0.0337503
2003.84 0.153219 -0.0766094 -9.65278 0.375673 -0.111266 9.91824 -0.00733038 -0.0870483 0.0397062
2003.85 0.268133 -0.114914 -9.95922 0.370887 -0.106481 9.92543 -0.00473421 -0.0942259 0.0363465
2003.87 0.229828 0.0 -9.72939 0.346959 -0.0681954 9.9338 -0.00458149 -0.0919352 0.0377209
2003.89 0.268133 -0.0383047 -9.69109 0.357727 -0.104088 9.92662 -0.00229074 -0.0951423 0.0448986
2003.9 0.344742 0.0 -9.76769 0.349352 -0.113659 9.96371 -0.000610865 -0.0931569 0.0508545
2003.92 0.229828 -0.191523 -9.69109 0.36012 -0.12323 9.9314 -0.00397062 -0.0894917 0.0525344
2003.94 0.114914 -0.153219 -9.76769 0.385244 -0.114855 9.93859 -0.00519235 -0.0887282 0.0450513
2003.95 0.191523 -0.0383047 -9.76769 0.363709 -0.0957129 9.93499 -0.00473421 -0.08827 0.0392481
2003.97 0.268133 -0.114914 -9.61448 0.366102 -0.0945165 9.94457 -0.000763581 -0.0957531 0.0334449
2003.99 0.268133 -0.0766094 -9.69109 0.37328 -0.12323 9.92543 -0.00259618 -0.0942259 0.0386372
2004.0 0.153219 -0.153219 -9.61448 0.41994 -0.118445 9.91944 -0.00458149 -0.0907135 0.0435241
2004.02 0.0383047 -0.114914 -9.95922 0.459422 -0.102891 9.92543 -0.00122173 -0.0956004 0.0439823
2004.04 0.229828 0.0 -9.57617 0.43669 -0.0813559 9.92901 -0.00137445 -0.0920879 0.0508545
2004.05 0.268133 0.0383047 -9.76769 0.403191 -0.0275174 9.90269 -0.00519235 -0.0856738 0.0484111
2004.07 0.153219 0.0383047 -9.69109 0.393619 -0.020339 9.90269 -0.00503964 -0.0902553 0.0444404
2004.08 0.153219 0.0 -9.69109 0.417547 -0.0586241 9.92543 -0.00259618 -0.0922406 0.0363465
2004.1 0.306437 -0.114914 -9.76769 0.382851 -0.141176 9.9338 -0.00687223 -0.0865901 0.031765
2004.12 0.114914 -0.229828 -9.806 0.381655 -0.12323 9.94098 -0.00641408 -0.0888809 0.021533
2004.13 0.153219 -0.153219 -9.95922 0.386441 -0.118445 9.9314 -0.00305432 -0.0939205 0.0174097
2004.15 0.229828 -0.153219 -9.72939 0.344566 -0.145962 9.93978 -0.00595593 -0.0888809 0.0186314
2004.17 0.114914 -0.114914 -9.65278 0.358923 -0.137587 9.94337 -0.0056505 -0.0897971 0.0227547
2004.18 0.191523 0.0383047 -9.57617 0.367298 -0.117248 9.92423 -0.00610865 -0.087201 0.0238237
2004.2 0.268133 -0.0766094 -9.88261 0.357727 -0.0729811 9.9326 -0.00458149 -0.0891863 0.0187841
2004.22 0.268133 0.0 -9.88261 0.295514 -0.0334995 9.9338 -0.0056505 -0.087201 0.0180205
2004.23 0.344742 0.0 -9.72939 0.320638 -0.0311067 9.91944 -0.00534507 -0.0876591 0.023671
2004.25 0.191523 0.0 -9.806 0.332602 -0.0251246 9.91346 -0.00534507 -0.0916298 0.0303905
2004.27 0.306437 0.0 -9.65278 0.307478 -0.0418744 9.95174 -0.00213803 -0.0896445 0.0337503
2004.28 0.268133 0.0766094 -9.72939 0.287139 -0.0394815 9.95174 -0.00519235 -0.0911716 0.0334449
2004.3 0.268133 -0.0766094 -9.49956 0.26321 -0.0275174 9.91585 -0.00427606 -0.091477 0.0322231
2004.32 0.268133 -0.0383047 -9.76769 0.278764 -0.0993021 9.9338 -0.00763582 -0.0911716 0.0311541
2004.33 0.153219 -0.229828 -9.72939 0.293121 -0.154337 9.92423 -0.00717767 -0.0913243 0.0270308
2004.35 0.153219 -0.268133 -9.95922 0.325424 -0.227318 9.9326 -0.0065668 -0.0919352 0.0232129
2004.37 0.268133 -0.191523 -9.72939 0.32662 -0.162712 9.91824 -0.00473421 -0.0940732 0.0224493
2004.38 0.153219 -0.0766094 -9.72939 0.354138 -0.138784 9.90748 -0.00427606 -0.0925461 0.031765
2004.4 0.114914 -0.114914 -9.92091 0.331406 -0.116052 9.92303 -0.00595593 -0.0910189 0.0386372
2004.41 0.114914 -0.0766094 -9.49956 0.327816 -0.0765703 9.91944 -0.00366519 -0.0907135 0.0409279
2004.43 0.153219 0.0766094 -9.61448 0.355334 -0.0239282 9.9015 -0.00305432 -0.0926988 0.0519235
2004.45 0.153219 0.191523 -9.72939 0.382851 0.0119641 9.9015 0.000305433 -0.0983493 0.0540616
2004.46 0.268133 0.0383047 -9.57617 0.352941 0.0119641 9.90509 -0.000916298 -0.0951423 0.0589485
2004.48 0.306437 0.0383047 -9.69109 0.361316 -0.0215354 9.85364 -0.00259618 -0.0968221 0.0609338
2004.5 0.114914 -0.0766094 -9.72939 0.368495 -0.0275174 9.84885 -0.00519235 -0.0926988 0.0591012
2004.51 0.0383047 -0.153219 -9.69109 0.400798 -0.0957129 9.88355 -0.00458149 -0.0943787 0.0578795
2004.53 0.191523 -0.153219 -9.806 0.43669 -0.151944 9.91466 -0.00778853 -0.0879646 0.0587958
2004.55 0.191523 -0.114914 -10.1124 0.460618 -0.202193 9.95174 -0.00473421 -0.0891863 0.0583376
2004.56 0.0766094 -0.229828 -9.76769 0.441475 -0.206979 9.96849 -0.00534507 -0.0870483 0.06353
2004.58 0.0 -0.268133 -9.76769 0.461814 -0.193819 9.98524 -0.000916298 -0.0907135 0.0636827
2004.6 0.191523 -0.114914 -9.61448 0.473779 -0.114855 9.94696 -0.00198531 -0.0887282 0.0577268
2004.61 0.153219 0.0766094 -9.76769 0.464207 -0.0526421 9.91466 -0.000763581 -0.0902553 0.0561996
2004.63 0.191523 0.0766094 -9.806 0.418744 -0.0167498 9.9326 0.0 -0.0923933 0.0507018
2004.65 0.191523 0.153219 -9.806 0.398405 0.0251246 9.96251 -0.00351247 -0.0885754 0.0534507
2004.66 -0.0383047 0.0383047 -9.49956 0.410369 0.00957129 9.96969 -0.00458149 -0.0884227 0.0537561
2004.68 0.191523 0.0766094 -9.76769 0.400798 0.0131605 10.0116 -0.00458149 -0.0875064 0.0555887
2004.69 0.114914 0.0766094 -9.69109 0.285942 -0.026321 9.89432 -0.00519235 -0.0902553 0.0633773
2004.71 0.268133 0.0 -9.61448 0.283549 -0.066999 9.89193 -0.00595593 -0.087201 0.0616974
2004.73 0.383047 -0.114914 -9.72939 0.355334 -0.15673 9.93859 -0.00733038 -0.0865901 0.0503964
2004.74 0.114914 -0.153219 -9.8443 0.346959 -0.205783 9.9326 -0.00946841 -0.0833831 0.0413861
2004.76 0.0766094 -0.229828 -9.65278 0.31346 -0.26321 9.92662 -0.00687223 -0.0881173 0.032834
2004.78 0.306437 -0.191523 -9.69109 0.340977 -0.285942 9.94815 -0.00519235 -0.0878119 0.0294742
2004.79 0.229828 -0.191523 -9.72939 0.336191 -0.202193 9.93021 -0.0056505 -0.0873537 0.0265726
2004.81 0.306437 -0.0383047 -9.76769 0.327816 -0.168694 9.95055 -0.00320704 -0.0879646 0.0261145
2004.82 0.191523 -0.0766094 -9.53786 0.26321 -0.09332 9.94935 -0.00152716 -0.0908662 0.0262672
2004.84 0.306437 0.153219 -9.46126 0.282353 -0.0239282 9.91107 -0.00167988 -0.0894917 0.0267254
2004.86 0.268133 0.153219 -9.69109 0.239282 0.0394815 9.92901 -0.00427606 -0.089339 0.0293215
2004.88 0.306437 0.114914 -9.806 0.212961 0.00598205 9.92901 -0.0065668 -0.0846048 0.0329867
2004.89 0.306437 -0.0383047 -9.88261 0.223729 -0.0478564 9.9326 -0.0074831 -0.0920879 0.0397062
2004.91 0.191523 0.0 -9.72939 0.258425 -0.0705882 9.92423 -0.00595593 -0.091477 0.0464257
2004.92 0.268133 -0.114914 -9.65278 0.251246 -0.0921237 9.9314 -0.00397062 -0.091477 0.0610865
2004.94 0.229828 -0.191523 -9.76769 0.26321 -0.145962 9.88834 -0.00595593 -0.0899499 0.0664316
2004.96 0.229828 -0.191523 -9.65278 0.317049 -0.218943 9.88235 -0.00427606 -0.0951423 0.0604756
2004.97 0.114914 -0.191523 -9.49956 0.35653 -0.199801 9.87637 -0.00427606 -0.0946841 0.053298
2004.99 0.191523 -0.191523 -9.57617 0.434297 -0.157926 9.82971 -0.00458149 -0.0939205 0.0505491
2005.01 0.153219 -0.191523 -9.69109 0.416351 -0.133998 9.85843 -0.00488692 -0.0887282 0.0490219
2005.02 0.153219 0.0383047 -9.72939 0.422333 -0.0957129 9.87637 -0.00213803 -0.0933096 0.0316123
2005.04 0.306437 0.153219 -9.8443 0.428315 -0.0251246 9.91824 0.000763581 -0.0980438 0.020464
2005.06 0.229828 -0.0766094 -9.92091 0.430708 0.00119641 9.96012 -0.0074831 -0.0897971 0.00839939
2005.07 0.268133 0.114914 -9.806 0.401994 0.00119641 9.9673 -0.00794125 -0.0926988 -0.0018326
2005.09 0.114914 -0.0766094 -9.8443 0.380459 -0.0239282 9.97448 -0.0056505 -0.0960585 -0.00626137
2005.11 0.191523 0.0766094 -10.1124 0.398405 -0.0574277 10.0487 -0.00839939 -0.0911716 0.00213803
2005.12 0.191523 -0.0766094 -9.72939 0.448654 -0.0765703 10.0534 -0.00626137 -0.095295 0.00855211
2005.14 0.268133 -0.0766094 -9.72939 0.433101 -0.0777667 9.92662 -0.00580322 -0.091477 0.0184787
2005.16 0.0383047 0.0 -9.65278 0.394816 -0.0586241 9.94457 -0.00610865 -0.0897971 0.0251982
2005.17 0.191523 -0.0766094 -9.46126 0.460618 -0.061017 9.90509 -0.00717767 -0.0930042 0.0331394
2005.19 -0.0383047 -0.114914 -9.65278 0.503689 -0.0885344 9.92662 -0.00809396 -0.0865901 0.0335976
2005.2 0.114914 -0.153219 -9.57617 0.474975 -0.131605 9.91824 -0.00610865 -0.0922406 0.0300851
2005.22 0.0766094 -0.114914 -9.57617 0.452243 -0.12682 9.93499 -0.00427606 -0.0919352 0.0377209
2005.24 0.0766094 -0.0383047 -9.72939 0.41994 -0.0693918 9.92303 -0.00595593 -0.0862847 0.0482583
2005.25 0.229828 -0.0383047 -9.76769 0.394816 -0.0490528 9.91944 -0.00687223 -0.0862847 0.0482583
2005.27 0.153219 0.0383047 -9.65278 0.318245 -0.0729811 9.92782 -0.00580322 -0.0862847 0.0493274
2005.29 0.191523 -0.191523 -9.95922 0.303888 -0.11007 9.93739 -0.00503964 -0.0875064 0.0539089
2005.3 0.191523 -0.153219 -9.65278 0.308674 -0.131605 9.90509 -0.00519235 -0.0884227 0.0583376
2005.32 0.306437 -0.153219 -9.65278 0.318245 -0.136391 9.88953 -0.00152716 -0.0855211 0.0752891
2005.34 0.0766094 -0.114914 -9.46126 0.289531 -0.0825523 9.85723 -0.00442877 -0.0824668 0.102167
2005.35 0.191523 -0.114914 -9.69109 0.283549 -0.102891 9.8333 -0.000763581 -0.0879646 0.109345
2005.37 0.191523 -0.153219 -9.53786 0.366102 -0.111266 9.82851 0.00106901 -0.0907135 0.100487
2005.39 0.268133 -0.114914 -9.76769 0.354138 -0.0646062 9.82612 -0.00213803 -0.086132 0.0868956
2005.4 0.229828 -0.0383047 -9.92091 0.302692 -0.0849452 9.83928 -0.00427606 -0.0867428 0.0821613
2005.42 0.229828 -0.191523 -9.69109 0.308674 -0.16989 9.89193 -0.00152716 -0.0930042 0.0786489
2005.44 0.114914 -0.268133 -9.57617 0.327816 -0.197408 9.92303 -0.000916298 -0.0926988 0.0778853
2005.45 0.344742 -0.114914 -9.53786 0.323031 -0.180658 9.95414 0.000610865 -0.0913243 0.0704022
2005.47 0.383047 -0.191523 -9.65278 0.294317 -0.162712 9.98764 -0.00167988 -0.0888809 0.0679587
2005.49 0.306437 -0.0383047 -9.8443 0.269192 -0.112463 10.0187 -0.00137445 -0.0879646 0.0675006
2005.5 0.306437 -0.0766094 -9.8443 0.269192 -0.0837488 10.0522 0.00122173 -0.0928515 0.0627664
2005.52 0.459656 0.0383047 -9.99752 0.273978 -0.0825523 10.0738 -0.000152716 -0.0930042 0.0523817
2005.53 0.268133 0.0383047 -9.92091 0.303888 -0.0430708 10.0917 0.00122173 -0.0966694 0.0418443
2005.55 0.306437 -0.114914 -9.8443 0.283549 -0.040678 10.0499 -0.00351247 -0.0933096 0.0245873
2005.57 0.306437 -0.114914 -9.57617 0.337388 -0.0658026 9.89432 -0.00320704 -0.0980438 0.0192422
2005.58 0.229828 -0.0383047 -9.92091 0.380459 -0.0885344 9.9338 -0.00412334 -0.095295 0.0253509
2005.6 0.0383047 0.0383047 -9.806 0.480957 -0.100499 9.92064 -0.00763582 -0.0894917 0.0496328
2005.62 0.0766094 0.0383047 -9.76769 0.490529 -0.0454636 9.93021 -0.0018326 -0.0899499 0.0739146
2005.63 0.0 0.0 -9.65278 0.467797 -0.0251246 9.90868 -0.000763581 -0.0902553 0.0794125
2005.65 0.153219 -0.0383047 -9.99752 0.440279 -0.00478564 9.93021 -0.00229074 -0.0897971 0.0797179
2005.67 0.229828 0.0383047 -9.69109 0.398405 -0.026321 9.92064 -0.0056505 -0.0879646 0.0623082
2005.68 0.306437 0.0 -9.57617 0.415155 -0.0502493 9.93499 -0.00473421 -0.090408 0.0439823
2005.7 0.114914 -0.114914 -9.806 0.388834 -0.0909272 9.92782 -0.00351247 -0.0942259 0.0377209
2005.72 0.191523 -0.0766094 -9.69109 0.372084 -0.100499 9.92303 -0.00687223 -0.0925461 0.0369573
2005.73 0.229828 -0.114914 -9.76769 0.382851 -0.129212 9.93021 -0.00626137 -0.0881173 0.0345139
2005.75 0.114914 -0.114914 -9.46126 0.403191 -0.149551 9.93978 -0.00534507 -0.08827 0.0346666
2005.77 0.0 -0.114914 -9.65278 0.440279 -0.142373 9.91705 -0.00687223 -0.086132 0.036041
2005.78 0.114914 -0.114914 -9.72939 0.459422 -0.0753739 9.94576 -0.00549779 -0.0870483 0.0259618
2005.8 0.153219 -0.0766094 -9.57617 0.415155 -0.0334995 9.90987 -0.00366519 -0.0890336 0.0189368
2005.82 0.153219 0.0 -9.95922 0.401994 -0.0346959 9.92901 -0.00534507 -0.0910189 0.0166461
2005.83 0.268133 -0.153219 -9.72939 0.398405 -0.0861416 9.93619 -0.00626137 -0.0894917 0.0178678
2005.85 0.344742 -0.0766094 -9.76769 0.374477 -0.100499 9.92303 -0.00580322 -0.0896445 0.0186314
2005.86 0.191523 -0.191523 -9.65278 0.317049 -0.0945165 9.92901 -0.00687223 -0.0849102 0.0276416
2005.88 0.497961 -0.0383047 -9.95922 0.244068 -0.116052 9.9338 -0.00427606 -0.0913243 0.0303905
2005.9 0.383047 -0.229828 -9.92091 0.202193 -0.113659 9.93499 -0.00244346 -0.0919352 0.0294742
2005.91 0.383047 -0.0766094 -9.69109 0.212961 -0.149551 9.94218 -0.00702495 -0.0865901 0.0334449
2005.93 0.344742 -0.191523 -9.69109 0.230907 -0.18664 9.94815 -0.00397062 -0.0934624 0.0250455
2005.95 0.306437 0.0 -10.0358 0.251246 -0.175872 9.95055 -0.00534507 -0.091477 0.0209221
2005.96 0.229828 -0.153219 -9.806 0.264407 -0.174676 9.94815 -0.00366519 -0.0936151 0.022602
2005.98 0.153219 -0.0766094 -9.76769 0.332602 -0.175872 9.93499 -0.00305432 -0.0926988 0.023671
2006.0 0.229828 -0.114914 -9.46126 0.379262 -0.151944 9.93619 0.0 -0.0948368 0.0229074
2006.01 0.0383047 -0.0383047 -9.57617 0.381655 -0.124427 9.94098 -0.00122173 -0.0939205 0.0224493
2006.03 0.191523 -0.0383047 -9.76769 0.339781 -0.0693918 9.94815 -0.00412334 -0.0873537 0.0287107
2006.05 0.229828 0.0 -9.61448 0.337388 -0.0765703 9.93619 -0.00198531 -0.0936151 0.0274889
2006.06 0.229828 -0.114914 -9.76769 0.34337 -0.0705882 9.93859 0.0 -0.0983493 0.0267254
2006.08 0.191523 0.0383047 -9.69109 0.346959 -0.0442672 9.94218 -0.000152716 -0.0957531 0.0285579
2006.1 0.229828 -0.114914 -9.72939 0.317049 -0.0478564 9.92901 -0.00366519 -0.0931569 0.0380264
2006.11 0.268133 -0.0383047 -9.76769 0.308674 -0.0765703 9.92184 -0.000763581 -0.0954477 0.0444404
2006.13 0.153219 0.0 -9.61448 0.35653 -0.0993021 9.91824 -0.00442877 -0.0917825 0.0453567
2006.15 0.191523 -0.191523 -9.76769 0.401994 -0.0741775 9.92064 -0.00213803 -0.0951423 0.0322231
2006.16 0.153219 -0.0383047 -9.72939 0.411565 -0.0741775 9.93021 -0.00274889 -0.0910189 0.0167988
2006.18 0.0 -0.0383047 -9.72939 0.427119 -0.0777667 9.9314 -0.00122173 -0.0975857 0.00839939
2006.2 0.114914 -0.0766094 -9.53786 0.486939 -0.124427 9.92064 -0.00458149 -0.0923933 0.00274889
2006.21 0.0766094 -0.0383047 -9.26973 0.537189 -0.101695 9.9326 -0.00274889 -0.0954477 -0.00580322
2006.23 0.0383047 0.0 -9.69109 0.525224 -0.066999 9.9338 -0.00427606 -0.0916298 -0.00167988
2006.24 0.191523 -0.0383047 -9.57617 0.448654 -0.0239282 9.92184 -0.00198531 -0.0936151 0.00366519
2006.26 0.153219 0.0 -9.65278 0.410369 -0.0143569 9.92782 -0.00167988 -0.0939205 0.0172569
2006.28 0.114914 -0.0383047 -9.46126 0.379262 0.0311067 9.91824 -0.00610865 -0.0847575 0.0216857
2006.29 0.191523 -0.0766094 -9.76769 0.368495 0.0299103 9.9314 -0.00671952 -0.0833831 0.022602
2006.31 0.306437 -0.0383047 -9.61448 0.318245 -0.00119641 9.91585 -0.00580322 -0.0887282 0.0264199
2006.33 0.229828 0.0 -9.72939 0.321834 -0.026321 9.9015 -0.00671952 -0.091477 0.029627
2006.34 0.268133 -0.0383047 -10.1124 0.342173 -0.0562313 9.90987 -0.0074831 -0.0891863 0.0255036
2006.36 0.306437 -0.0766094 -9.69109 0.329013 -0.130409 9.88953 -0.0065668 -0.0908662 0.0253509
2006.38 0.229828 -0.191523 -9.53786 0.35653 -0.191426 9.85125 -0.00549779 -0.0913243 0.0197004
2006.39 0.229828 -0.153219 -9.69109 0.368495 -0.222532 9.89193 -0.00702495 -0.089339 0.0239765
2006.41 0.229828 -0.268133 -9.46126 0.381655 -0.206979 9.92543 -0.00610865 -0.0864374 0.0285579
2006.43 0.268133 -0.114914 -9.72939 0.374477 -0.174676 9.9996 -0.00412334 -0.0896445 0.0262672
2006.44 0.229828 -0.0766094 -9.76769 0.332602 -0.0705882 10.0439 -0.00198531 -0.0920879 0.0201585
2006.46 0.191523 0.0383047 -9.92091 0.307478 -0.061017 10.0379 -0.00381791 -0.0910189 0.0264199
2006.48 0.153219 -0.114914 -9.61448 0.258425 -0.0658026 9.89432 -0.00488692 -0.0887282 0.0308487
2006.49 0.344742 0.0 -10.0741 0.226122 -0.0358923 9.96371 -0.00473421 -0.0879646 0.0369573
2006.51 0.383047 0.0 -9.65278 0.200997 -0.0275174 9.91705 -0.00244346 -0.0899499 0.0496328
2006.53 0.459656 -0.0383047 -9.61448 0.212961 -0.0323031 9.92064 -0.00244346 -0.0899499 0.0542143
2006.54 0.383047 0.0 -9.8443 0.22014 -0.0658026 9.92662 -0.00106901 -0.0968221 0.0627664
2006.56 0.268133 -0.153219 -9.61448 0.258425 -0.102891 9.91107 -0.00610865 -0.0930042 0.0652099
2006.58 0.229828 -0.191523 -9.65278 0.327816 -0.183051 9.90509 -0.00488692 -0.0917825 0.0659734
2006.59 0.268133 0.0 -9.806 0.380459 -0.190229 9.84407 -0.000305433 -0.095295 0.065668
2006.61 0.191523 -0.229828 -9.65278 0.401994 -0.157926 9.79143 -0.00244346 -0.0931569 0.0690278
2006.63 0.191523 -0.0766094 -9.49956 0.409173 -0.137587 9.75793 -0.00290161 -0.0908662 0.0726929
2006.64 0.153219 -0.0383047 -9.53786 0.43669 -0.0658026 9.7663 0.00229074 -0.0975857 0.0762054
2006.66 0.0383047 0.0766094 -9.806 0.396012 -0.0442672 9.77588 -0.00320704 -0.0873537 0.0704022
2006.68 0.229828 0.0 -9.57617 0.367298 -0.0143569 9.7675 -0.00442877 -0.0897971 0.0569632
2006.69 0.153219 0.114914 -9.69109 0.362513 -0.0275174 9.85125 -0.00412334 -0.0922406 0.0523817
2006.71 0.191523 -0.0383047 -9.8443 0.346959 -0.0526421 9.97208 -0.00519235 -0.0939205 0.0453567
2006.73 0.344742 -0.0766094 -9.92091 0.374477 -0.0622134 10.075 -0.00335976 -0.0945314 0.0387899
2006.74 0.268133 -0.0766094 -10.2273 0.382851 -0.120837 10.2245 -0.00855211 -0.085063 0.0435241
2006.76 0.344742 -0.114914 -10.1507 0.422333 -0.0454636 10.3119 -0.00397062 -0.08827 0.0626137
2006.78 0.153219 0.0 -9.88261 0.435494 -0.0705882 10.0666 -0.00244346 -0.0934624 0.0755945
2006.79 0.153219 -0.153219 -9.49956 0.41994 -0.113659 9.84407 -0.00519235 -0.0891863 0.0736092
2006.81 0.114914 -0.0766094 -9.72939 0.489332 -0.0753739 9.99242 -0.00106901 -0.0943787 0.0681114
2006.82 0.191523 -0.0383047 -9.57617 0.445065 -0.0311067 9.87039 -0.00519235 -0.08827 0.0513127
2006.84 -0.0766094 -0.153219 -9.806 0.484546 -0.0370887 9.94935 -0.00351247 -0.0926988 0.0484111
2006.86 0.153219 0.0383047 -9.76769 0.451047 -0.0777667 9.90628 -0.0056505 -0.0881173 0.0471893
2006.87 0.268133 0.0 -9.53786 0.451047 -0.0789631 9.93739 -0.00427606 -0.0876591 0.0517708
2006.89 0.191523 0.0 -9.806 0.321834 -0.0502493 9.91107 -0.00167988 -0.0911716 0.0507018
2006.9 0.229828 -0.0383047 -9.806 0.334995 -0.0382852 9.94815 -0.00641408 -0.0858265 0.0525344
2006.92 0.153219 -0.0766094 -9.46126 0.281157 -0.0394815 9.90748 -0.00733038 -0.0867428 0.0549779
2006.93 0.383047 -0.114914 -9.806 0.269192 -0.0765703 9.95414 -0.00244346 -0.0911716 0.0557414
2006.95 0.268133 -0.0766094 -9.69109 0.289531 -0.0969093 9.91824 -0.00794125 -0.0856738 0.0566577
2007.55 0.268133 -0.114914 -9.72939 0.245264 -0.160319 9.92303 -0.00503964 -0.0899499 0.0155771
2007.57 0.306437 0.114914 -9.69109 0.270389 -0.0837488 9.94696 -0.0056505 -0.0925461 0.0114537
2007.58 0.306437 0.0383047 -9.8443 0.289531 -0.0622134 9.93021 -0.00641408 -0.0928515 0.0184787
2007.6 0.268133 -0.0383047 -9.72939 0.29671 -0.0681954 9.9326 -0.00641408 -0.0894917 0.0245873
2007.62 0.191523 -0.0766094 -9.8443 0.348156 -0.0801595 9.92662 -0.00458149 -0.0902553 0.030696
2007.63 0.229828 0.0 -9.65278 0.370887 -0.0454636 9.94337 -0.00106901 -0.096364 0.0274889
2007.65 0.229828 0.0383047 -9.8443 0.333799 -0.0550349 9.9338 -0.00641408 -0.089339 0.0229074
2007.66 0.306437 -0.0383047 -9.8443 0.312263 -0.0562313 9.93021 -0.00335976 -0.0951423 0.0200058
2007.68 0.306437 -0.114914 -9.72939 0.338584 -0.105284 9.93499 -0.00488692 -0.0959058 0.0207694
2007.7 0.229828 -0.229828 -9.53786 0.334995 -0.142373 9.89791 -0.00809396 -0.0913243 0.0189368
2007.71 0.191523 -0.191523 -9.53786 0.318245 -0.190229 9.9338 -0.0065668 -0.090408 0.0242819
2007.73 0.229828 -0.0766094 -9.72939 0.376869 -0.193819 9.94098 -0.00473421 -0.0923933 0.030696
2007.75 0.114914 -0.0766094 -9.76769 0.400798 -0.160319 9.93739 -0.00122173 -0.0962113 0.0372628
2007.76 0.114914 0.0766094 -9.61448 0.372084 -0.122034 9.9314 -0.00274889 -0.0910189 0.0383318
2007.78 0.114914 -0.0383047 -9.806 0.401994 -0.0311067 9.92901 -0.000305433 -0.0956004 0.0346666
2007.8 0.114914 -0.0383047 -9.69109 0.44985 -0.0215354 9.90868 -0.00519235 -0.0920879 0.0401644
2007.81 0.0766094 0.0 -9.88261 0.489332 -0.0239282 9.90269 -0.00427606 -0.0931569 0.0345139
2007.83 0.0383047 -0.0766094 -9.61448 0.521635 -0.0299103 9.91107 -0.00763582 -0.0875064 0.0340557
