2288.91 0.153219 -0.0383047 -9.72939 0.345763 -0.0693918 9.92543 -0.00870483 -0.0849102 0.0479529
2288.92 0.191523 0.0 -9.69109 0.376869 -0.0658026 9.92543 -0.00244346 -0.0934624 0.0455095
2288.94 0.153219 0.0 -9.72939 0.385244 -0.0705882 9.9338 -0.0018326 -0.0930042 0.0438296
2288.96 0.114914 -0.153219 -9.92091 0.385244 -0.0634098 9.93978 -0.000458149 -0.0933096 0.0432187
2288.97 0.191523 -0.0766094 -9.57617 0.384048 -0.0825523 9.93619 -0.00549779 -0.0879646 0.0450513
2288.99 0.191523 -0.0383047 -9.8443 0.364905 -0.0777667 9.92901 -0.00366519 -0.0913243 0.0442877
2289.01 0.191523 -0.191523 -9.72939 0.351745 -0.087338 9.94696 -0.000610865 -0.0946841 0.0418443
2289.02 0.114914 -0.114914 -9.53786 0.325424 -0.087338 9.9326 -0.00473421 -0.0884227 0.0435241
2289.04 0.268133 -0.0383047 -9.69109 0.31346 -0.0681954 9.92543 -0.00290161 -0.0920879 0.0435241
2289.06 0.268133 -0.0383047 -9.57617 0.299103 -0.0825523 9.92423 -0.00351247 -0.090408 0.0442877
2289.07 0.344742 -0.114914 -9.69109 0.324227 -0.0693918 9.92184 -0.00229074 -0.0926988 0.0426078
2289.09 0.229828 0.0383047 -9.69109 0.337388 -0.0538385 9.93499 -0.00488692 -0.0890336 0.0465785
2289.11 0.383047 -0.0766094 -9.76769 0.354138 -0.0598205 9.93859 -0.00335976 -0.0901026 0.0455095
2289.12 0.229828 -0.0383047 -9.72939 0.385244 -0.0586241 9.92423 -0.00152716 -0.0965167 0.0447459
2289.14 0.114914 -0.0766094 -9.65278 0.407976 -0.0705882 9.91944 -0.00549779 -0.0884227 0.0476475
2289.16 0.114914 0.0 -9.72939 0.415155 -0.0622134 9.92423 -0.00366519 -0.0922406 0.0447459
2289.17 0.191523 -0.0766094 -9.46126 0.411565 -0.0717846 9.92901 0.000305433 -0.0975857 0.0429133
2289.19 0.114914 -0.191523 -9.69109 0.397208 -0.0777667 9.92064 -0.00229074 -0.0940732 0.0455095
2289.21 0.114914 -0.0766094 -9.8443 0.385244 -0.09332 9.92543 -0.00580322 -0.0897971 0.0476475
2289.22 0.268133 -0.0766094 -9.92091 0.385244 -0.0717846 9.9338 -0.00397062 -0.0913243 0.0436769
2289.24 0.114914 0.0 -9.61448 0.363709 -0.0885344 9.93619 -0.00763582 -0.0859793 0.0458149
2289.25 0.268133 -0.0383047 -9.53786 0.357727 -0.0777667 9.9338 -0.0056505 -0.0878119 0.0455095
2289.27 0.153219 0.0 -9.72939 0.345763 -0.0681954 9.92423 -0.00122173 -0.0959058 0.0438296
2289.29 0.229828 -0.0383047 -10.0358 0.372084 -0.0634098 9.92423 -0.00458149 -0.0919352 0.0442877
2289.3 0.229828 -0.0383047 -9.806 0.392423 -0.0502493 9.93978 -0.00641408 -0.08827 0.0464257
2289.32 0.153219 -0.114914 -9.69109 0.391226 -0.0502493 9.92064 -0.00671952 -0.0887282 0.047342
2289.33 0.114914 -0.0383047 -9.46126 0.422333 -0.0538385 9.94218 -0.00687223 -0.0864374 0.0468839
2289.35 0.153219 0.0 -9.49956 0.415155 -0.0741775 9.92184 -0.00397062 -0.0887282 0.0458149
2289.37 0.153219 -0.0766094 -9.69109 0.416351 -0.0705882 9.91705 -0.00626137 -0.0856738 0.0465785
2289.38 0.229828 0.0383047 -9.76769 0.404387 -0.0921237 9.93859 -0.00473421 -0.0885754 0.0445931
2289.4 0.0383047 -0.114914 -9.53786 0.385244 -0.09332 9.94457 -0.00244346 -0.0940732 0.045204
2289.42 0.229828 -0.0766094 -9.69109 0.35653 -0.0969093 9.93739 -0.00519235 -0.08827 0.045204
2289.43 0.229828 0.0 -9.76769 0.348156 -0.108873 9.91705 -0.00335976 -0.0907135 0.0448986
2289.45 0.421352 -0.0766094 -9.76769 0.345763 -0.0837488 9.93859 -0.00687223 -0.0842994 0.0464257
2289.47 0.268133 0.0 -9.65278 0.327816 -0.100499 9.92901 -0.00213803 -0.090408 0.0421497
2289.48 0.191523 -0.0766094 -9.65278 0.346959 -0.0861416 9.94815 -0.00687223 -0.0868956 0.0447459
2289.5 0.153219 -0.114914 -9.61448 0.367298 -0.0801595 9.93859 -0.00534507 -0.0888809 0.0442877
2289.52 0.191523 0.0766094 -10.0741 0.37328 -0.0634098 9.92662 -0.00213803 -0.0960585 0.0429133
2289.53 0.229828 0.0 -9.8443 0.386441 -0.0729811 9.91944 -0.00167988 -0.0962113 0.043066
2289.55 0.153219 -0.0766094 -9.76769 0.399601 -0.0741775 9.93021 -0.00595593 -0.0891863 0.0459676
2289.57 0.191523 0.114914 -9.8443 0.394816 -0.0825523 9.94098 -0.00381791 -0.0894917 0.0458149
2289.58 0.268133 -0.191523 -9.8443 0.387637 -0.0741775 9.9314 -0.00381791 -0.0894917 0.0464257
2289.6 0.229828 0.0383047 -9.72939 0.346959 -0.0789631 9.92901 -0.00442877 -0.0859793 0.0484111
2289.62 0.229828 0.0 -9.806 0.354138 -0.0981057 9.93739 -0.0065668 -0.0841467 0.0455095
2289.63 0.344742 0.0 -9.806 0.336191 -0.0981057 9.92543 -0.00442877 -0.090408 0.0450513
2289.65 0.114914 -0.0766094 -9.57617 0.333799 -0.104088 9.91824 -0.00595593 -0.0876591 0.0461203
2289.66 0.306437 -0.0766094 -9.72939 0.323031 -0.0777667 9.92064 -0.00442877 -0.08827 0.045204
2289.68 0.306437 -0.0383047 -9.69109 0.349352 -0.0705882 9.92064 -0.00458149 -0.0925461 0.0436769
2289.7 0.114914 -0.0383047 -9.65278 0.357727 -0.0502493 9.92543 -0.00610865 -0.0907135 0.0447459
2289.71 0.268133 -0.0766094 -9.65278 0.391226 -0.04666 9.9338 -0.00519235 -0.0908662 0.0464257
2289.73 0.268133 -0.0766094 -9.76769 0.40678 -0.0299103 9.91944 -0.00519235 -0.0916298 0.045204
2289.76 0.0766094 -0.114914 -9.76769 0.407976 -0.0311067 9.93021 -0.00397062 -0.0897971 0.0471893
2289.77 0.0383047 -0.0766094 -9.76769 0.40678 -0.0394815 9.92901 -0.00427606 -0.0890336 0.0465785
2289.79 0.191523 0.0383047 -9.69109 0.394816 -0.0526421 9.92782 -0.00519235 -0.0887282 0.0461203
2289.8 0.383047 0.0 -9.61448 0.376869 -0.061017 9.91944 -0.00320704 -0.0905607 0.0448986
2289.82 0.114914 0.0383047 -9.69109 0.355334 -0.0646062 9.92662 -0.00137445 -0.0962113 0.0435241
2289.84 0.153219 -0.114914 -9.806 0.351745 -0.0921237 9.9338 -0.00778853 -0.0870483 0.0471893
2289.85 0.306437 -0.0383047 -9.65278 0.349352 -0.0861416 9.93499 -0.00458149 -0.0911716 0.0458149
2289.87 0.191523 -0.0766094 -9.806 0.352941 -0.0765703 9.94098 -0.00733038 -0.0849102 0.0476475
2289.89 0.191523 -0.0383047 -9.72939 0.35653 -0.0765703 9.92423 -0.00519235 -0.0864374 0.0444404
2289.91 0.306437 0.0 -9.46126 0.394816 -0.087338 9.93978 -0.00580322 -0.0894917 0.0450513
2289.92 0.114914 -0.0766094 -9.57617 0.388834 -0.0741775 9.93619 -0.00503964 -0.0885754 0.045204
2289.94 0.114914 -0.0383047 -9.61448 0.400798 -0.061017 9.92423 -0.00229074 -0.0897971 0.0453567
2289.95 0.344742 0.0 -9.69109 0.388834 -0.0574277 9.93021 -0.00366519 -0.0942259 0.044135
2289.97 0.306437 -0.0766094 -9.8443 0.384048 -0.0705882 9.91705 -0.00473421 -0.091477 0.0471893
2289.99 0.229828 0.0 -9.76769 0.368495 -0.0765703 9.92064 -0.00366519 -0.0910189 0.0476475
2290.0 0.268133 -0.0383047 -9.76769 0.358923 -0.107677 9.93739 -0.00442877 -0.0894917 0.0470366
2290.02 0.191523 -0.0766094 -9.65278 0.346959 -0.107677 9.94098 -0.00458149 -0.0902553 0.0455095
2290.04 0.153219 -0.114914 -9.99752 0.333799 -0.11007 9.93978 -0.00122173 -0.0942259 0.0453567
2290.05 0.191523 -0.0766094 -9.69109 0.323031 -0.117248 9.93499 -0.00290161 -0.0913243 0.0455095
2290.07 0.306437 -0.114914 -9.76769 0.340977 -0.0969093 9.93978 -0.00397062 -0.0887282 0.0445931
2290.09 0.306437 -0.114914 -9.806 0.344566 -0.0957129 9.94337 -0.00274889 -0.090408 0.0424551
2290.1 0.229828 -0.0766094 -10.0741 0.350548 -0.0897308 9.93499 0.000916298 -0.0983493 0.0410807
2290.12 0.114914 0.0766094 -9.806 0.372084 -0.0729811 9.92662 -0.00244346 -0.0917825 0.041997
2290.14 0.0766094 0.191523 -9.76769 0.370887 -0.0514457 9.93619 -0.00152716 -0.091477 0.0459676
2290.15 0.153219 -0.0383047 -9.49956 0.364905 -0.0562313 9.9326 -0.00381791 -0.0905607 0.0448986
2290.17 0.0383047 0.0766094 -9.806 0.387637 -0.0382852 9.93619 -0.00167988 -0.0965167 0.0424551
2290.19 0.0383047 -0.0383047 -9.72939 0.382851 -0.040678 9.93021 -0.00305432 -0.0920879 0.0439823
2290.2 0.153219 0.0766094 -9.92091 0.355334 -0.0729811 9.9015 -0.00335976 -0.0920879 0.0450513
2290.22 0.153219 -0.0383047 -9.42295 0.354138 -0.0538385 9.92543 -0.00458149 -0.0916298 0.0442877
2290.24 0.306437 0.0 -9.72939 0.342173 -0.0837488 9.92543 -0.00397062 -0.0926988 0.046273
2290.25 0.306437 -0.0766094 -9.69109 0.354138 -0.0765703 9.92543 -0.00458149 -0.0913243 0.0453567
2290.27 0.229828 -0.114914 -9.69109 0.374477 -0.0801595 9.9326 -0.00381791 -0.0922406 0.0439823
2290.29 0.229828 -0.0766094 -9.72939 0.393619 -0.0825523 9.93499 -0.00580322 -0.0890336 0.0476475
2290.3 0.191523 -0.0383047 -9.88261 0.39003 -0.0789631 9.92064 -0.00274889 -0.0911716 0.0439823
2290.32 0.153219 0.0 -9.95922 0.397208 -0.0586241 9.93499 -0.00320704 -0.0913243 0.0429133
2290.33 0.114914 0.114914 -9.72939 0.399601 -0.0442672 9.91705 -0.00488692 -0.0896445 0.0450513
2290.35 0.229828 0.0383047 -9.76769 0.413958 -0.0586241 9.93619 -0.00274889 -0.0934624 0.0426078
2290.37 0.0383047 -0.0383047 -9.72939 0.403191 -0.0526421 9.93619 -0.000305433 -0.0962113 0.0413861
2290.38 0.0 -0.0766094 -9.76769 0.39003 -0.061017 9.92184 -0.00610865 -0.0867428 0.0456622
2290.4 0.229828 -0.0383047 -9.72939 0.384048 -0.0705882 9.92782 -0.0056505 -0.0891863 0.0447459
2290.42 0.268133 0.0383047 -9.42295 0.367298 -0.0837488 9.93619 -0.00412334 -0.0881173 0.0453567
2290.43 0.268133 0.0766094 -9.88261 0.348156 -0.0849452 9.92662 -0.00595593 -0.0905607 0.0464257
2290.45 0.268133 -0.114914 -9.65278 0.345763 -0.113659 9.94457 -0.00626137 -0.0878119 0.0468839
2290.47 0.0383047 -0.0766094 -9.57617 0.349352 -0.0981057 9.93021 -0.00488692 -0.089339 0.0481056
2290.48 0.153219 -0.0766094 -10.0741 0.357727 -0.108873 9.93619 -0.00366519 -0.0913243 0.0435241
2290.5 0.153219 -0.114914 -9.76769 0.369691 -0.102891 9.91944 -0.00519235 -0.0901026 0.0438296
2290.52 0.229828 0.0 -9.8443 0.376869 -0.0837488 9.93739 -0.00259618 -0.0923933 0.0427606
2290.53 0.229828 0.0 -9.76769 0.354138 -0.0837488 9.92064 -0.00671952 -0.086132 0.0448986
2290.55 0.191523 -0.0383047 -9.61448 0.374477 -0.0741775 9.92064 -0.00351247 -0.0922406 0.0444404
2290.56 0.229828 -0.114914 -9.72939 0.361316 -0.066999 9.93021 -0.00610865 -0.0868956 0.0461203
2290.58 0.268133 -0.0766094 -9.806 0.340977 -0.0622134 9.92782 -0.00442877 -0.0910189 0.0448986
2290.59 0.191523 0.0 -9.76769 0.348156 -0.0646062 9.92303 -0.00198531 -0.0942259 0.0433714
2290.61 0.191523 0.0 -9.806 0.342173 -0.0598205 9.92901 -0.00106901 -0.0948368 0.0432187
2290.63 0.153219 0.0 -9.65278 0.32662 -0.0741775 9.9314 -0.00687223 -0.0894917 0.0470366
2290.64 0.344742 -0.191523 -9.49956 0.331406 -0.0693918 9.93978 -0.00549779 -0.0896445 0.0465785
2290.66 0.191523 -0.191523 -9.53786 0.342173 -0.0717846 9.9338 -0.00488692 -0.0917825 0.0468839
2290.68 0.268133 0.0383047 -9.61448 0.351745 -0.0801595 9.92423 -0.00213803 -0.0920879 0.044135
2290.7 0.229828 0.0 -9.65278 0.391226 -0.0981057 9.93739 -0.00626137 -0.0907135 0.0470366
2290.71 0.191523 -0.114914 -9.65278 0.392423 -0.0813559 9.92901 -0.00351247 -0.0928515 0.0448986
2290.73 0.191523 0.0766094 -9.76769 0.400798 -0.0825523 9.91705 -0.00733038 -0.0836885 0.0479529
2290.74 0.268133 -0.114914 -9.76769 0.413958 -0.0634098 9.92064 -0.00259618 -0.0916298 0.0445931
2290.76 0.153219 -0.0766094 -9.69109 0.403191 -0.0622134 9.91227 -0.00335976 -0.0908662 0.0445931
2290.78 0.191523 -0.0383047 -9.69109 0.413958 -0.04666 9.93499 -0.00473421 -0.0887282 0.0447459
2290.79 0.114914 -0.114914 -9.69109 0.411565 -0.0562313 9.94098 -0.00519235 -0.0853684 0.0471893
2290.81 0.114914 -0.0766094 -9.69109 0.39003 -0.0658026 9.92901 -0.00381791 -0.089339 0.0444404
2290.83 0.191523 0.0 -9.72939 0.378066 -0.0705882 9.92423 -0.00229074 -0.0925461 0.046273
2290.84 0.153219 -0.153219 -9.65278 0.379262 -0.0574277 9.93619 -0.00106901 -0.0936151 0.0438296
2290.86 0.268133 -0.114914 -9.65278 0.382851 -0.0777667 9.92901 -0.00335976 -0.090408 0.0455095
2290.88 0.229828 0.0383047 -9.806 0.394816 -0.0921237 9.94218 -0.00152716 -0.0917825 0.0427606
2290.89 0.268133 -0.153219 -9.65278 0.385244 -0.0813559 9.9338 -0.00488692 -0.089339 0.0456622
2290.91 0.0 -0.0383047 -9.88261 0.375673 -0.0957129 9.93021 -0.000305433 -0.0930042 0.0429133
2290.93 0.114914 -0.0766094 -9.69109 0.396012 -0.0849452 9.91824 -0.00458149 -0.0910189 0.0435241
2290.94 0.191523 -0.0383047 -9.69109 0.386441 -0.0765703 9.93739 -0.00412334 -0.0916298 0.0447459
2290.96 0.344742 -0.0766094 -9.8443 0.372084 -0.066999 9.91466 -0.00916297 -0.0806342 0.047342
2290.98 0.191523 -0.0383047 -9.806 0.370887 -0.0717846 9.92782 -0.00366519 -0.0897971 0.0426078
2290.99 0.0383047 0.0 -9.76769 0.330209 -0.0586241 9.92901 -0.00274889 -0.0928515 0.0412334
2291.01 0.0766094 0.0383047 -9.69109 0.331406 -0.0586241 9.93499 -0.000610865 -0.0951423 0.0413861
2291.03 0.114914 -0.0766094 -9.76769 0.312263 -0.0490528 9.92901 -0.00274889 -0.095295 0.0433714
2291.04 0.114914 0.0 -10.0358 0.308674 -0.0562313 9.93739 -0.00488692 -0.08827 0.0450513
2291.06 0.229828 -0.0766094 -9.806 0.297906 -0.0777667 9.92662 -0.00534507 -0.0897971 0.047342
2291.08 0.268133 0.0766094 -9.65278 0.323031 -0.0741775 9.92662 -0.00595593 -0.0862847 0.0476475
2291.09 0.229828 0.0383047 -9.69109 0.34337 -0.0705882 9.93739 -0.00351247 -0.0926988 0.046273
2291.11 0.229828 -0.0766094 -9.88261 0.358923 -0.0837488 9.93021 -0.0056505 -0.0896445 0.0474948
2291.13 0.114914 -0.0766094 -9.69109 0.370887 -0.0717846 9.92303 -0.00274889 -0.0925461 0.0464257
2291.14 0.153219 0.0383047 -9.69109 0.388834 -0.0801595 9.93619 -0.00503964 -0.08827 0.046273
2291.16 0.0383047 -0.114914 -9.76769 0.385244 -0.0705882 9.93499 -0.00442877 -0.0919352 0.0461203
2291.18 0.229828 -0.0383047 -9.53786 0.380459 -0.0681954 9.91705 -0.00503964 -0.0901026 0.0447459
2291.19 0.306437 0.0383047 -9.88261 0.385244 -0.0705882 9.93499 -0.00488692 -0.0879646 0.047342
2291.21 0.191523 -0.114914 -9.88261 0.376869 -0.0562313 9.9314 -0.00381791 -0.0916298 0.0447459
2291.23 0.268133 -0.0383047 -9.72939 0.374477 -0.0658026 9.92782 -0.00580322 -0.0913243 0.0464257
2291.24 0.268133 0.0766094 -9.61448 0.367298 -0.0586241 9.91824 -0.00626137 -0.0879646 0.0490219
2291.26 0.153219 0.0 -9.49956 0.378066 -0.0598205 9.91585 -0.00534507 -0.0875064 0.0505491
2291.28 0.383047 -0.0766094 -9.53786 0.387637 -0.0825523 9.92901 -0.00442877 -0.0905607 0.0478002
2291.29 0.268133 -0.153219 -9.72939 0.396012 -0.0837488 9.93021 -0.00351247 -0.0923933 0.0470366
2291.31 0.229828 0.0 -9.65278 0.404387 -0.0885344 9.92901 -0.00488692 -0.090408 0.047342
2291.33 0.191523 -0.114914 -9.69109 0.429512 -0.0969093 9.92423 -0.000763581 -0.0945314 0.0448986
2291.34 0.421352 -0.0383047 -9.72939 0.421137 -0.102891 9.91824 -0.00259618 -0.0943787 0.0426078
2291.36 0.229828 -0.0766094 -9.72939 0.422333 -0.0789631 9.93619 -0.00687223 -0.0853684 0.0467312
2291.38 0.114914 0.0 -9.72939 0.397208 -0.0837488 9.91944 -0.0065668 -0.0847575 0.0461203
2291.39 0.114914 -0.0766094 -9.8443 0.374477 -0.0897308 9.92303 -0.00488692 -0.0864374 0.0442877
2291.41 0.229828 -0.0766094 -9.806 0.367298 -0.0741775 9.9338 -0.00534507 -0.089339 0.044135
2291.43 0.306437 0.0 -9.72939 0.355334 -0.0646062 9.9326 -0.00366519 -0.0907135 0.0421497
2291.44 0.306437 -0.0383047 -9.76769 0.340977 -0.0646062 9.93021 -0.00229074 -0.0911716 0.0423024
2291.46 0.268133 0.0 -9.76769 0.332602 -0.066999 9.9326 -0.00167988 -0.0910189 0.0448986
2291.48 0.306437 -0.114914 -9.92091 0.34337 -0.066999 9.91944 -0.00335976 -0.0894917 0.0438296
2291.49 0.268133 -0.114914 -10.0358 0.34337 -0.061017 9.92423 -0.00549779 -0.0859793 0.0482583
2291.51 0.191523 -0.114914 -9.69109 0.346959 -0.0705882 9.93619 -0.00427606 -0.0905607 0.0442877
2291.53 0.153219 -0.153219 -9.65278 0.358923 -0.0801595 9.9326 -0.00671952 -0.0885754 0.0436769
2291.54 0.229828 -0.0383047 -9.8443 0.366102 -0.0777667 9.93739 -0.00152716 -0.0951423 0.044135
2291.56 0.0766094 -0.153219 -9.61448 0.342173 -0.0921237 9.92662 -0.0065668 -0.0878119 0.0478002
2291.58 0.114914 0.0766094 -9.72939 0.36012 -0.0789631 9.93739 -0.00213803 -0.0901026 0.0442877
2291.59 0.191523 0.0 -9.61448 0.35653 -0.0861416 9.94576 -0.00167988 -0.0948368 0.0432187
2291.61 0.229828 -0.191523 -9.76769 0.354138 -0.0825523 9.93978 -0.00244346 -0.0925461 0.0444404
2291.63 0.191523 -0.0383047 -9.72939 0.332602 -0.0765703 9.92184 -0.00274889 -0.0942259 0.044135
2291.64 0.306437 0.0383047 -9.72939 0.331406 -0.0658026 9.93859 -0.00610865 -0.0890336 0.0459676
2291.66 0.153219 -0.114914 -9.69109 0.355334 -0.0622134 9.9338 -0.00198531 -0.0960585 0.0436769
2291.67 0.153219 -0.0383047 -9.95922 0.349352 -0.0538385 9.93021 -0.00167988 -0.0978911 0.0433714
2291.69 0.191523 -0.153219 -9.65278 0.388834 -0.0526421 9.93499 -0.00412334 -0.0922406 0.0458149
2291.71 0.153219 0.0383047 -9.69109 0.405583 -0.0693918 9.92662 -0.00549779 -0.0899499 0.0465785
2291.72 0.114914 0.0 -9.88261 0.399601 -0.066999 9.92423 -0.00335976 -0.0926988 0.0444404
2291.74 0.114914 0.0383047 -9.72939 0.416351 -0.0658026 9.93021 -0.00351247 -0.0937678 0.0474948
2291.76 0.0766094 -0.0383047 -9.806 0.416351 -0.0897308 9.9338 -0.00549779 -0.0891863 0.0479529
2291.77 0.153219 -0.0383047 -9.72939 0.399601 -0.0789631 9.90628 -0.00397062 -0.0911716 0.0448986
2291.79 0.229828 0.0 -9.72939 0.401994 -0.0837488 9.94218 -0.00213803 -0.0916298 0.0429133
2291.81 0.306437 -0.0766094 -9.76769 0.385244 -0.0861416 9.92543 -0.0018326 -0.0931569 0.043066
2291.82 0.306437 -0.0766094 -9.69109 0.378066 -0.0885344 9.9326 -0.00442877 -0.0902553 0.044135
2291.84 0.191523 -0.114914 -9.61448 0.374477 -0.0753739 9.91824 -0.00488692 -0.0896445 0.0453567
2291.86 0.229828 -0.114914 -9.806 0.37328 -0.0729811 9.92901 -0.00198531 -0.0949895 0.043066
2291.87 0.153219 0.0383047 -9.76769 0.372084 -0.0658026 9.91824 -0.00381791 -0.0908662 0.0453567
2291.89 0.114914 -0.0766094 -9.72939 0.37328 -0.0658026 9.92423 -0.00366519 -0.0896445 0.0445931
2291.9 0.383047 0.0383047 -9.69109 0.375673 -0.0681954 9.92064 -0.00717767 -0.0858265 0.0450513
2291.92 0.268133 -0.0383047 -9.69109 0.392423 -0.0634098 9.93619 -0.00152716 -0.095295 0.0433714
2291.93 0.191523 -0.0766094 -9.65278 0.369691 -0.0717846 9.93859 -0.00427606 -0.0897971 0.047342
2291.95 0.344742 0.0 -9.72939 0.382851 -0.0705882 9.92303 -0.00717767 -0.0852157 0.0464257
2291.97 0.306437 -0.0383047 -9.88261 0.37328 -0.0777667 9.93739 -0.00473421 -0.0911716 0.0447459
2291.98 0.229828 -0.0766094 -9.69109 0.348156 -0.0765703 9.93499 -0.00458149 -0.0878119 0.0450513
2292.0 0.191523 -0.0383047 -9.806 0.342173 -0.0813559 9.9314 -0.00320704 -0.089339 0.0447459
2292.01 0.153219 0.0383047 -9.53786 0.332602 -0.0801595 9.92184 -0.00320704 -0.0917825 0.0442877
2292.6 0.191523 -0.114914 -9.65278 0.354138 -0.0813559 9.92423 -0.00397062 -0.0905607 0.0465785
2292.62 0.0 -0.191523 -9.69109 0.349352 -0.0909272 9.92064 -0.00274889 -0.0968221 0.0456622
2292.64 0.229828 0.0 -9.92091 0.349352 -0.101695 9.92423 -0.00442877 -0.0894917 0.0459676
2292.65 0.344742 -0.0766094 -9.69109 0.355334 -0.0885344 9.9338 -0.00397062 -0.0907135 0.0433714
2292.67 0.0383047 -0.0383047 -9.72939 0.357727 -0.0861416 9.92662 -0.00610865 -0.0891863 0.0467312
2292.69 0.306437 0.0 -9.49956 0.374477 -0.0861416 9.9326 -0.00244346 -0.0945314 0.045204
2292.7 0.229828 -0.0766094 -9.42295 0.386441 -0.0634098 9.9338 -0.0056505 -0.0891863 0.0448986
2292.72 0.191523 0.0383047 -9.69109 0.39003 -0.0658026 9.92064 -0.0074831 -0.0842994 0.0491747
2292.74 0.229828 0.0766094 -9.92091 0.397208 -0.0646062 9.92303 -0.0065668 -0.0875064 0.0465785
2292.75 0.0766094 0.0383047 -9.61448 0.386441 -0.0478564 9.92662 -0.00412334 -0.0930042 0.045204
2292.77 0.114914 -0.114914 -9.69109 0.403191 -0.0646062 9.93499 -0.00397062 -0.0905607 0.0432187
2292.79 0.114914 0.0383047 -9.72939 0.378066 -0.0705882 9.92064 -0.00580322 -0.0875064 0.0482583
2292.8 0.268133 -0.0383047 -9.49956 0.37328 -0.0921237 9.9326 -0.00412334 -0.0907135 0.0467312
2292.82 0.191523 -0.114914 -9.92091 0.376869 -0.0825523 9.9326 -0.00580322 -0.0846048 0.0496328
2292.83 0.306437 0.0383047 -9.76769 0.384048 -0.09332 9.91466 -0.00366519 -0.0919352 0.0467312
2292.85 0.191523 -0.0383047 -9.69109 0.366102 -0.0945165 9.9338 -0.00244346 -0.0922406 0.0439823
2292.87 0.153219 -0.0766094 -9.72939 0.364905 -0.0981057 9.92543 -0.00397062 -0.0916298 0.044135
2292.88 0.268133 -0.153219 -9.65278 0.397208 -0.0849452 9.93978 -0.000305433 -0.0960585 0.0416915
2292.9 0.229828 -0.0766094 -9.69109 0.386441 -0.0574277 9.9314 -0.00320704 -0.091477 0.0432187
2292.92 0.114914 -0.0766094 -9.72939 0.388834 -0.0538385 9.94098 -0.00213803 -0.0937678 0.0445931
2292.93 0.0766094 -0.0383047 -9.92091 0.381655 -0.0598205 9.93739 -0.00397062 -0.0910189 0.0433714
2292.95 0.268133 0.0 -9.57617 0.369691 -0.0574277 9.9326 -0.000916298 -0.0936151 0.0435241
2292.97 0.344742 -0.268133 -9.61448 0.354138 -0.0705882 9.92901 -0.00259618 -0.089339 0.0453567
2292.98 0.229828 -0.0383047 -9.8443 0.354138 -0.0514457 9.9326 -0.00397062 -0.0916298 0.0461203
2293.0 0.114914 0.0383047 -9.61448 0.338584 -0.0658026 9.92423 -0.00671952 -0.0838412 0.0493274
2293.02 0.153219 -0.0766094 -9.61448 0.342173 -0.0861416 9.93978 -0.00320704 -0.0919352 0.0458149
2293.03 0.229828 -0.229828 -9.61448 0.345763 -0.0957129 9.9338 -0.00534507 -0.0897971 0.0455095
2293.05 0.0766094 -0.153219 -9.76769 0.330209 -0.0969093 9.9338 -0.00503964 -0.0885754 0.0461203
2293.07 0.306437 -0.114914 -9.65278 0.351745 -0.0861416 9.94576 -0.00198531 -0.0943787 0.044135
2293.08 0.191523 -0.0383047 -9.76769 0.354138 -0.100499 9.92184 -0.0018326 -0.0946841 0.0436769
2293.1 0.306437 0.0383047 -9.65278 0.362513 -0.0861416 9.9326 -0.00626137 -0.0858265 0.047342
2293.12 0.191523 -0.0383047 -9.49956 0.379262 -0.061017 9.91346 -0.00519235 -0.0891863 0.0468839
2293.13 0.306437 -0.0766094 -9.72939 0.376869 -0.0646062 9.92901 -0.00305432 -0.0919352 0.044135
2293.15 0.153219 -0.0383047 -9.69109 0.374477 -0.0490528 9.93619 -0.00229074 -0.0937678 0.0444404
2293.16 0.191523 -0.114914 -9.69109 0.366102 -0.0574277 9.9314 -0.00870483 -0.0836885 0.0478002
2293.18 0.191523 -0.0766094 -9.49956 0.345763 -0.0586241 9.92901 -0.00427606 -0.0928515 0.0455095
2293.2 0.229828 0.0766094 -9.806 0.378066 -0.0646062 9.91944 -0.00733038 -0.0868956 0.0470366
2293.21 0.268133 -0.0383047 -9.92091 0.379262 -0.066999 9.9338 -0.00549779 -0.0881173 0.0482583
2293.23 0.114914 -0.114914 -9.76769 0.370887 -0.0765703 9.94337 -0.00335976 -0.0940732 0.0458149
2293.25 0.344742 -0.153219 -9.92091 0.37328 -0.0741775 9.91705 -0.00534507 -0.0913243 0.0461203
2293.26 0.0383047 0.0383047 -9.69109 0.382851 -0.0777667 9.92543 -0.00534507 -0.0908662 0.0468839
2293.28 0.191523 -0.114914 -9.65278 0.380459 -0.087338 9.92543 -0.00427606 -0.0902553 0.0461203
2293.29 0.153219 -0.0383047 -9.806 0.40678 -0.087338 9.94218 -0.00717767 -0.0870483 0.047342
2293.31 0.114914 0.0383047 -9.49956 0.407976 -0.0813559 9.93739 -0.00274889 -0.0905607 0.046273
2293.33 0.153219 0.0766094 -9.76769 0.388834 -0.0765703 9.93978 -0.00412334 -0.0905607 0.0461203
2293.34 0.114914 0.0 -9.69109 0.399601 -0.0538385 9.92423 -0.00671952 -0.0879646 0.0468839
2293.36 0.153219 0.0 -9.806 0.386441 -0.0562313 9.92662 -0.00305432 -0.0913243 0.0448986
2293.38 0.229828 0.0 -9.8443 0.378066 -0.0693918 9.92064 -0.00320704 -0.0917825 0.0450513
2293.39 0.229828 -0.0766094 -9.65278 0.357727 -0.0705882 9.93739 -0.0018326 -0.0928515 0.045204
2293.41 0.153219 0.0383047 -9.72939 0.352941 -0.0658026 9.93499 -0.00442877 -0.0897971 0.0465785
2293.43 0.306437 0.0383047 -9.76769 0.354138 -0.066999 9.93739 -0.00167988 -0.0946841 0.0444404
2293.44 0.114914 -0.0766094 -9.88261 0.349352 -0.061017 9.9326 -0.00458149 -0.0913243 0.0461203
2293.46 0.229828 0.0766094 -9.76769 0.366102 -0.087338 9.94098 -0.0065668 -0.0899499 0.0470366
2293.48 0.229828 0.0 -9.99752 0.376869 -0.0861416 9.9338 -0.00412334 -0.0931569 0.0459676
2293.49 0.0383047 -0.0383047 -9.8443 0.364905 -0.0981057 9.93859 -0.00519235 -0.0897971 0.0442877
2293.51 0.0766094 -0.0766094 -9.69109 0.367298 -0.087338 9.93499 -0.000763581 -0.0969748 0.0421497
2293.53 0.153219 -0.153219 -9.806 0.372084 -0.0837488 9.9338 -0.00198531 -0.0942259 0.0436769
2293.54 0.114914 -0.0766094 -9.69109 0.370887 -0.0789631 9.93619 -0.000916298 -0.0931569 0.0438296
2293.56 0.268133 0.0383047 -9.49956 0.355334 -0.0705882 9.95892 -0.00534507 -0.0878119 0.0459676
2293.58 0.229828 0.0 -9.72939 0.354138 -0.066999 9.9326 -0.00320704 -0.0894917 0.0447459
2293.59 0.268133 0.0 -9.65278 0.337388 -0.0646062 9.91346 -0.00198531 -0.0933096 0.0447459
2293.61 0.153219 0.0 -9.72939 0.336191 -0.0705882 9.91944 -0.00290161 -0.0925461 0.0444404
2293.62 0.383047 -0.153219 -9.46126 0.351745 -0.0681954 9.93859 -0.000152716 -0.0965167 0.0424551
2293.64 0.191523 0.0 -9.72939 0.35653 -0.0729811 9.93499 -0.00458149 -0.0897971 0.0458149
2293.66 0.191523 -0.114914 -9.57617 0.375673 -0.0729811 9.93499 -0.00213803 -0.0940732 0.0468839
2293.67 0.229828 -0.114914 -9.806 0.362513 -0.0789631 9.92303 -0.00213803 -0.0925461 0.0467312
2293.69 0.268133 0.0 -9.65278 0.385244 -0.0717846 9.93021 -0.00198531 -0.0966694 0.044135
2293.71 0.268133 -0.114914 -9.65278 0.405583 -0.0801595 9.9326 -0.00473421 -0.0925461 0.0459676
2293.72 0.191523 0.0 -9.65278 0.404387 -0.0861416 9.94815 -0.00549779 -0.0905607 0.0465785
2293.74 0.229828 -0.0766094 -9.46126 0.400798 -0.0885344 9.93499 -0.00274889 -0.0940732 0.0461203
2293.76 0.191523 -0.114914 -9.65278 0.39003 -0.0705882 9.92303 -0.00335976 -0.0911716 0.0445931
2293.77 0.153219 -0.0383047 -9.76769 0.396012 -0.0646062 9.9326 -0.00427606 -0.0905607 0.0456622
2293.79 0.0383047 0.0 -9.57617 0.376869 -0.0586241 9.92662 -0.00488692 -0.0873537 0.0445931
2293.81 0.229828 0.0 -9.99752 0.37328 -0.0729811 9.92184 -0.00152716 -0.0956004 0.0432187
2293.82 0.229828 -0.0383047 -9.61448 0.36012 -0.0658026 9.92064 -0.00458149 -0.0896445 0.046273
2293.84 0.153219 0.0 -9.76769 0.379262 -0.0562313 9.94218 -0.00137445 -0.0959058 0.0438296
2293.86 0.0 0.0 -9.95922 0.376869 -0.061017 9.9314 -0.0074831 -0.0865901 0.0482583
2293.87 0.344742 -0.0766094 -9.49956 0.392423 -0.0753739 9.92901 -0.00687223 -0.0858265 0.0464257
2293.89 0.191523 0.0383047 -9.76769 0.362513 -0.0801595 9.92662 -0.00198531 -0.091477 0.0470366
2293.91 0.153219 -0.229828 -9.65278 0.396012 -0.0909272 9.93499 -0.00122173 -0.0956004 0.0444404
2293.92 0.268133 -0.114914 -9.57617 0.382851 -0.0825523 9.9326 -0.00137445 -0.0939205 0.0442877
2293.94 0.229828 -0.0766094 -9.72939 0.388834 -0.0909272 9.91944 -0.00473421 -0.0905607 0.0447459
2293.96 0.229828 0.0 -9.806 0.367298 -0.0634098 9.91466 -0.00778853 -0.0853684 0.0455095
2293.97 0.153219 -0.0383047 -9.61448 0.35653 -0.0837488 9.93021 -0.00290161 -0.0930042 0.043066
2293.99 0.191523 -0.0766094 -9.42295 0.342173 -0.0586241 9.92782 -0.00458149 -0.0879646 0.044135
2294.01 0.229828 0.0 -9.8443 0.333799 -0.0598205 9.94337 -0.00335976 -0.090408 0.0423024
2294.02 0.153219 -0.114914 -9.69109 0.338584 -0.0705882 9.93619 -0.00229074 -0.0942259 0.0438296
2294.04 0.114914 0.0 -9.72939 0.337388 -0.066999 9.92901 -0.00442877 -0.087201 0.0465785
2294.06 0.383047 0.0766094 -9.57617 0.332602 -0.0646062 9.93739 -0.0018326 -0.0928515 0.0450513
2294.07 0.268133 -0.0766094 -9.61448 0.357727 -0.0777667 9.93021 -0.00641408 -0.0870483 0.0468839
2294.09 0.268133 -0.0766094 -9.76769 0.358923 -0.0753739 9.93619 -0.00366519 -0.0931569 0.0455095
2294.11 0.229828 -0.0766094 -9.95922 0.342173 -0.0753739 9.92303 -0.00167988 -0.0934624 0.0468839
2294.12 0.191523 0.0766094 -9.806 0.376869 -0.0801595 9.93739 -0.00442877 -0.0901026 0.0485638
2294.14 0.191523 -0.0383047 -9.69109 0.387637 -0.0777667 9.93619 -0.00458149 -0.0867428 0.0484111
2294.16 0.383047 -0.0766094 -9.46126 0.372084 -0.066999 9.92423 -0.00290161 -0.0913243 0.0467312
2294.17 0.268133 -0.153219 -9.76769 0.369691 -0.0825523 9.92303 -0.00122173 -0.0951423 0.043066
2294.19 0.229828 0.114914 -9.88261 0.366102 -0.066999 9.91944 -0.00458149 -0.0891863 0.0458149
2294.2 0.229828 0.114914 -9.72939 0.368495 -0.0622134 9.9338 -0.00366519 -0.0928515 0.044135
2294.22 0.229828 -0.0383047 -9.65278 0.358923 -0.0681954 9.9326 -0.00122173 -0.0945314 0.0427606
2294.24 0.191523 -0.0383047 -9.46126 0.372084 -0.0538385 9.93978 -0.00458149 -0.0934624 0.0447459
2294.25 0.268133 0.0 -9.65278 0.367298 -0.0574277 9.93859 -0.00320704 -0.0916298 0.0456622
2294.27 0.114914 0.0 -9.72939 0.380459 -0.0658026 9.92782 -0.00442877 -0.0894917 0.0471893
2294.29 0.191523 -0.0383047 -9.69109 0.397208 -0.0693918 9.93021 -0.00213803 -0.0949895 0.0450513
2294.3 0.0766094 -0.114914 -9.69109 0.403191 -0.0729811 9.92423 -0.00335976 -0.0928515 0.0464257
2294.32 0.229828 -0.0766094 -9.76769 0.405583 -0.0801595 9.93021 -0.00427606 -0.0923933 0.0464257
2294.34 0.153219 -0.0766094 -9.69109 0.401994 -0.0765703 9.91585 -0.00259618 -0.0948368 0.0455095
2294.35 0.0383047 -0.0766094 -9.69109 0.397208 -0.0789631 9.91346 -0.0056505 -0.0859793 0.0479529
2294.37 0.306437 -0.114914 -9.34634 0.379262 -0.0921237 9.9338 -0.00473421 -0.0917825 0.0471893
2294.38 0.229828 0.0 -9.806 0.388834 -0.0801595 9.92901 -0.00244346 -0.0922406 0.0448986
2294.4 0.153219 -0.0383047 -9.72939 0.37328 -0.0753739 9.94576 -0.00687223 -0.0856738 0.0471893
2294.42 0.153219 -0.0766094 -9.65278 0.358923 -0.0837488 9.93021 -0.00213803 -0.0899499 0.0423024
2294.43 0.229828 -0.114914 -9.806 0.357727 -0.0813559 9.91944 -0.00335976 -0.090408 0.0447459
2294.45 0.153219 -0.0766094 -9.57617 0.352941 -0.0622134 9.92782 -0.00595593 -0.0867428 0.0447459
2294.47 0.0383047 -0.0766094 -9.69109 0.372084 -0.0705882 9.93021 -0.00595593 -0.090408 0.0464257
2294.48 0.229828 -0.0766094 -9.8443 0.36012 -0.066999 9.91705 -0.00442877 -0.0899499 0.0459676
2294.5 0.268133 -0.0383047 -9.46126 0.372084 -0.0705882 9.9338 -0.00106901 -0.0939205 0.0436769
2294.52 0.229828 -0.0766094 -9.65278 0.355334 -0.0825523 9.92782 -0.00503964 -0.0890336 0.0459676
2294.53 0.306437 -0.0766094 -9.65278 0.380459 -0.0777667 9.94218 -0.00549779 -0.0913243 0.0455095
2294.55 0.191523 0.0766094 -9.69109 0.378066 -0.0885344 9.94815 -0.00351247 -0.0922406 0.0438296
2294.57 0.191523 -0.0766094 -9.69109 0.362513 -0.0993021 9.93978 -0.00534507 -0.0870483 0.0450513
2294.58 0.153219 -0.114914 -9.72939 0.36012 -0.09332 9.93978 -0.00229074 -0.091477 0.0436769
2294.6 0.153219 -0.0766094 -9.57617 0.32662 -0.087338 9.9326 -0.00320704 -0.0908662 0.0432187
2294.62 0.114914 -0.0383047 -9.61448 0.339781 -0.0658026 9.93739 -0.00381791 -0.0917825 0.0426078
2294.63 0.191523 0.0 -9.61448 0.331406 -0.0634098 9.91466 -0.00503964 -0.090408 0.045204
2294.65 0.306437 -0.229828 -9.61448 0.334995 -0.0538385 9.93499 -0.00519235 -0.0887282 0.0448986
2294.66 0.114914 -0.0383047 -9.76769 0.35653 -0.0538385 9.9338 -0.000763581 -0.0931569 0.0423024
2294.68 0.153219 -0.0766094 -9.69109 0.376869 -0.04666 9.9338 -0.00259618 -0.0926988 0.0448986
2294.7 0.153219 -0.0766094 -9.61448 0.386441 -0.0442672 9.9338 -0.0056505 -0.090408 0.0453567
2294.71 0.191523 -0.0766094 -9.76769 0.378066 -0.0574277 9.9338 -0.00763582 -0.085063 0.046273
2294.73 0.229828 -0.191523 -9.72939 0.391226 -0.0586241 9.92543 -0.00534507 -0.089339 0.0465785
2294.75 0.306437 -0.153219 -9.34634 0.40678 -0.0693918 9.9326 -0.00305432 -0.0894917 0.0482583
2294.76 0.153219 0.0383047 -9.806 0.396012 -0.0765703 9.93739 -0.00488692 -0.0875064 0.0479529
2294.78 0.114914 0.0383047 -9.72939 0.376869 -0.0849452 9.92423 -0.00335976 -0.0899499 0.047342
2294.8 0.306437 -0.114914 -9.76769 0.376869 -0.0801595 9.9338 -0.00519235 -0.0911716 0.0453567
2294.81 0.0383047 -0.0383047 -9.72939 0.380459 -0.0789631 9.93619 -0.00137445 -0.0954477 0.0444404
2294.83 0.153219 -0.0766094 -9.49956 0.380459 -0.0729811 9.9314 -0.00763582 -0.0859793 0.0471893
2294.85 0.153219 -0.0766094 -9.72939 0.376869 -0.0538385 9.93859 -0.00320704 -0.0922406 0.0435241
2294.86 0.306437 0.0383047 -9.88261 0.368495 -0.0622134 9.91585 -0.00366519 -0.0887282 0.0442877
2294.88 0.421352 -0.0766094 -9.53786 0.386441 -0.0502493 9.92782 -0.00244346 -0.0930042 0.0426078
2294.9 0.229828 -0.114914 -9.61448 0.401994 -0.0646062 9.9326 -0.00381791 -0.0916298 0.0458149
2294.91 0.153219 0.0766094 -9.57617 0.399601 -0.0478564 9.94457 -0.00687223 -0.0870483 0.0474948
2294.93 0.268133 -0.0383047 -9.8443 0.397208 -0.0741775 9.92901 -0.00549779 -0.0896445 0.0470366
2294.95 0.114914 0.0383047 -9.72939 0.398405 -0.0909272 9.93978 -0.00549779 -0.0928515 0.0459676
2294.96 0.153219 -0.191523 -9.8443 0.375673 -0.0837488 9.9338 -0.00366519 -0.0926988 0.0448986
2294.98 0.114914 -0.114914 -9.42295 0.372084 -0.0957129 9.93499 -0.00503964 -0.089339 0.0455095
2295.0 0.114914 -0.0383047 -9.69109 0.355334 -0.0837488 9.92423 -0.00198531 -0.0954477 0.0444404
2295.01 0.306437 -0.114914 -9.72939 0.340977 -0.0825523 9.9326 -0.00152716 -0.0937678 0.0429133
2295.03 0.229828 -0.0766094 -9.806 0.331406 -0.09332 9.93021 -0.00458149 -0.0881173 0.0453567
2295.04 0.268133 0.0 -9.65278 0.336191 -0.0909272 9.9326 -0.00274889 -0.0931569 0.0412334
2295.06 0.229828 -0.0766094 -9.72939 0.334995 -0.0765703 9.92782 -0.00335976 -0.0901026 0.0461203
2295.08 0.268133 -0.0383047 -9.38465 0.363709 -0.0693918 9.91944 -0.00305432 -0.091477 0.0464257
2295.09 0.306437 -0.0383047 -9.69109 0.355334 -0.0598205 9.92303 -0.00733038 -0.0879646 0.0455095
2295.11 0.268133 -0.114914 -9.65278 0.355334 -0.0490528 9.92901 -0.00427606 -0.089339 0.0453567
2295.13 0.306437 0.0383047 -9.72939 0.375673 -0.0622134 9.93021 -0.00412334 -0.0917825 0.0461203
2295.14 0.229828 0.0 -9.65278 0.358923 -0.0562313 9.92303 -0.00580322 -0.0873537 0.0474948
2295.16 0.191523 0.0 -9.72939 0.372084 -0.0765703 9.93021 -0.00458149 -0.0896445 0.0476475
2295.17 0.268133 0.0 -9.92091 0.366102 -0.0550349 9.92303 -0.00397062 -0.0907135 0.0456622
2295.19 0.0766094 0.0766094 -9.8443 0.363709 -0.0849452 9.93021 -0.00137445 -0.0975857 0.0436769
2295.21 0.153219 0.0 -9.69109 0.352941 -0.0849452 9.9326 -0.00397062 -0.0922406 0.045204
2295.22 0.191523 0.0 -9.806 0.366102 -0.0801595 9.92782 -0.0056505 -0.089339 0.045204
2295.24 0.153219 -0.114914 -9.72939 0.37328 -0.0741775 9.93619 -0.00290161 -0.0943787 0.0432187
2295.26 0.153219 0.0 -9.806 0.376869 -0.0825523 9.94337 -0.00152716 -0.0959058 0.0432187
2295.27 0.0 -0.114914 -9.76769 0.382851 -0.0741775 9.91824 -0.00534507 -0.0862847 0.0467312
2295.29 0.191523 -0.0383047 -9.95922 0.405583 -0.0693918 9.92782 -0.00397062 -0.0925461 0.0453567
2295.31 0.229828 0.0 -9.95922 0.386441 -0.0634098 9.93021 -0.00152716 -0.0945314 0.0429133
2295.32 0.306437 -0.0766094 -9.72939 0.410369 -0.0646062 9.92184 -0.00259618 -0.0962113 0.0435241
2295.34 0.191523 -0.0383047 -9.806 0.399601 -0.0658026 9.92782 -0.00473421 -0.0899499 0.0455095
2295.36 0.153219 -0.114914 -9.806 0.400798 -0.0705882 9.92303 -0.000916298 -0.0940732 0.0442877
2295.37 0.153219 -0.229828 -9.88261 0.391226 -0.0801595 9.9314 -0.00290161 -0.0926988 0.0453567
2295.39 0.306437 -0.0383047 -9.806 0.387637 -0.09332 9.91585 -0.00274889 -0.0931569 0.0453567
2295.41 0.191523 0.0 -9.69109 0.384048 -0.0981057 9.92303 -0.00244346 -0.0931569 0.0447459
2295.42 0.229828 -0.0766094 -9.69109 0.367298 -0.0945165 9.92184 -0.0065668 -0.0846048 0.0455095
2295.44 0.191523 -0.0766094 -10.1124 0.362513 -0.0897308 9.94098 -0.00290161 -0.0936151 0.0418443
2295.45 0.191523 0.0383047 -9.72939 0.376869 -0.0777667 9.93739 -0.00229074 -0.0937678 0.0418443
2295.47 0.268133 -0.0766094 -9.61448 0.374477 -0.0741775 9.93619 -0.00366519 -0.0907135 0.044135
2295.49 0.268133 -0.114914 -9.53786 0.369691 -0.0741775 9.92543 -0.00381791 -0.0894917 0.0439823
2295.5 0.0766094 0.0766094 -9.95922 0.372084 -0.0717846 9.9326 -0.00488692 -0.0867428 0.0432187
2295.52 0.268133 0.0 -9.806 0.361316 -0.061017 9.92303 -0.00259618 -0.090408 0.0435241
2295.54 0.0766094 -0.0383047 -9.806 0.369691 -0.0705882 9.94337 -0.00198531 -0.0907135 0.0453567
2295.55 0.191523 0.191523 -9.69109 0.368495 -0.0622134 9.9314 -0.00412334 -0.0890336 0.0456622
2295.57 0.306437 -0.0766094 -9.72939 0.344566 -0.061017 9.9326 -0.00244346 -0.0902553 0.0436769
2295.59 0.306437 -0.114914 -9.72939 0.344566 -0.0789631 9.94098 -0.000763581 -0.0949895 0.0427606
2295.6 0.306437 0.0383047 -9.806 0.333799 -0.0765703 9.93859 -0.00534507 -0.0894917 0.0445931
2295.62 0.114914 -0.0383047 -9.38465 0.337388 -0.0705882 9.92184 -0.00717767 -0.0853684 0.0453567
2295.64 0.268133 -0.0766094 -9.57617 0.324227 -0.0777667 9.92543 -0.00137445 -0.0943787 0.0444404
2295.65 0.153219 -0.0383047 -9.69109 0.352941 -0.0717846 9.92423 -0.00213803 -0.0942259 0.0427606
2295.67 0.114914 -0.0383047 -9.99752 0.354138 -0.0705882 9.9326 -0.00397062 -0.0911716 0.043066
2295.69 0.191523 -0.191523 -9.65278 0.350548 -0.0502493 9.92901 -0.00351247 -0.0931569 0.0458149
2295.7 0.153219 0.0383047 -9.69109 0.36012 -0.0538385 9.9314 -0.00366519 -0.0933096 0.0465785
2295.72 0.229828 -0.0766094 -9.49956 0.386441 -0.04666 9.94815 -0.00427606 -0.0901026 0.047342
2295.74 0.229828 -0.0383047 -9.65278 0.387637 -0.0358923 9.92782 -0.000305433 -0.0988074 0.0436769
2295.75 0.268133 -0.153219 -9.65278 0.391226 -0.0430708 9.93859 -0.0018326 -0.0931569 0.046273
2295.77 0.153219 0.114914 -9.61448 0.378066 -0.0550349 9.92064 -0.00626137 -0.090408 0.0464257
2295.79 0.0383047 -0.114914 -9.49956 0.376869 -0.0705882 9.92423 -0.00274889 -0.0969748 0.0445931
2295.8 0.268133 -0.0766094 -9.72939 0.372084 -0.0753739 9.93499 -0.00503964 -0.0946841 0.0467312
2295.82 0.114914 0.0383047 -9.65278 0.39003 -0.0741775 9.92782 -0.00366519 -0.0911716 0.047342
2295.84 0.344742 -0.0383047 -9.806 0.37328 -0.0753739 9.9314 -0.00381791 -0.0911716 0.0476475
2295.85 0.191523 0.0383047 -10.1124 0.384048 -0.087338 9.92543 -0.0056505 -0.0930042 0.0465785
2295.87 0.0766094 -0.0383047 -9.49956 0.396012 -0.0801595 9.9326 -0.00610865 -0.0884227 0.0465785
2295.88 0.191523 -0.0383047 -9.65278 0.405583 -0.0885344 9.90628 -0.00397062 -0.0897971 0.046273
2295.9 0.114914 -0.191523 -9.76769 0.418744 -0.0765703 9.92303 -0.00229074 -0.0931569 0.0456622
2295.92 0.191523 0.0383047 -9.806 0.421137 -0.0693918 9.93859 -0.00427606 -0.0902553 0.044135
2295.93 0.344742 0.0 -9.8443 0.397208 -0.0693918 9.92423 -0.00290161 -0.0923933 0.0439823
2295.95 0.268133 0.0 -9.806 0.387637 -0.0837488 9.92064 -0.00733038 -0.0865901 0.0456622
2295.98 0.268133 0.0766094 -9.76769 0.369691 -0.087338 9.9326 -0.00381791 -0.090408 0.0458149
2295.99 0.268133 -0.114914 -9.57617 0.358923 -0.105284 9.9338 -0.00259618 -0.0901026 0.041997
2296.01 0.0 -0.0766094 -9.53786 0.352941 -0.104088 9.9326 -0.00397062 -0.087201 0.0445931
2296.03 0.229828 -0.0766094 -9.26973 0.351745 -0.11007 9.93739 -0.00534507 -0.0864374 0.0478002
2296.04 0.153219 -0.0766094 -9.76769 0.350548 -0.105284 9.93978 -0.00259618 -0.0905607 0.0438296
2296.06 0.229828 -0.0383047 -9.72939 0.349352 -0.102891 9.93978 -0.0018326 -0.0926988 0.0439823
2296.08 0.191523 -0.153219 -9.53786 0.355334 -0.108873 9.92303 -0.00229074 -0.0922406 0.041997
2296.09 0.0766094 -0.153219 -9.61448 0.350548 -0.0825523 9.92782 -0.00274889 -0.0901026 0.0427606
2296.11 0.153219 -0.191523 -9.76769 0.35653 -0.0945165 9.9314 -0.00320704 -0.0911716 0.0429133
2296.13 0.229828 -0.0766094 -9.76769 0.367298 -0.0681954 9.92184 -0.00229074 -0.0939205 0.043066
2296.14 0.191523 -0.0383047 -9.69109 0.36012 -0.0693918 9.9338 -0.00503964 -0.0888809 0.0455095
2296.16 0.0766094 -0.0383047 -9.69109 0.36012 -0.0634098 9.91705 -0.00427606 -0.0902553 0.045204
2296.17 0.268133 -0.114914 -9.69109 0.338584 -0.0646062 9.91346 -0.00488692 -0.08827 0.0436769
2296.19 0.191523 0.0 -9.8443 0.330209 -0.0514457 9.9326 -0.00381791 -0.0876591 0.044135
2296.21 0.268133 -0.0383047 -9.76769 0.336191 -0.0502493 9.93859 -0.00351247 -0.0925461 0.0439823
2296.23 0.153219 0.0383047 -9.72939 0.320638 -0.0514457 9.92303 -0.00305432 -0.0945314 0.045204
2296.24 0.229828 -0.0766094 -9.72939 0.330209 -0.0550349 9.93499 -0.00167988 -0.0940732 0.045204
2296.26 0.344742 0.0 -9.72939 0.351745 -0.0454636 9.9314 -0.00274889 -0.0937678 0.0447459
2296.28 0.268133 -0.0766094 -9.806 0.35653 -0.0442672 9.92184 -0.00305432 -0.095295 0.0429133
2296.29 0.229828 0.0383047 -9.76769 0.388834 -0.0311067 9.92662 -0.00549779 -0.0902553 0.0459676
2296.31 0.229828 -0.0766094 -9.72939 0.384048 -0.0478564 9.92543 -0.00458149 -0.0901026 0.0465785
2296.33 0.229828 0.0766094 -9.53786 0.397208 -0.04666 9.93021 -0.0056505 -0.0884227 0.046273
2296.34 0.114914 -0.0383047 -9.61448 0.396012 -0.040678 9.90987 -0.00290161 -0.0930042 0.0444404
2296.36 0.114914 -0.0766094 -9.69109 0.40678 -0.0394815 9.93978 -0.0018326 -0.0956004 0.044135
2296.38 0.153219 0.0 -9.69109 0.391226 -0.0430708 9.92423 -0.00412334 -0.0946841 0.0447459
2296.39 0.191523 -0.153219 -9.76769 0.370887 -0.0538385 9.92782 -0.00381791 -0.0937678 0.045204
2296.41 0.268133 -0.0766094 -9.72939 0.382851 -0.0538385 9.92184 -0.00397062 -0.0908662 0.0479529
2296.43 0.306437 -0.153219 -9.72939 0.37328 -0.0729811 9.92184 -0.00366519 -0.0936151 0.045204
2296.44 0.344742 -0.114914 -9.69109 0.384048 -0.0825523 9.9338 -0.00335976 -0.0933096 0.0484111
2296.46 0.268133 -0.0766094 -9.806 0.384048 -0.0885344 9.91824 -0.00488692 -0.0905607 0.0476475
2296.48 0.268133 -0.153219 -9.806 0.391226 -0.0765703 9.91705 -0.00610865 -0.089339 0.0478002
2296.49 0.114914 -0.0766094 -9.72939 0.399601 -0.104088 9.9314 -0.00641408 -0.0911716 0.0482583
2296.51 0.0766094 -0.191523 -9.69109 0.421137 -0.107677 9.93739 -0.00503964 -0.0899499 0.0459676
2296.53 0.191523 -0.0766094 -9.53786 0.413958 -0.112463 9.92303 -0.00549779 -0.0881173 0.0461203
2296.54 0.153219 -0.0766094 -9.8443 0.393619 -0.0969093 9.92662 -0.0018326 -0.0946841 0.0450513
2296.56 0.153219 -0.0766094 -9.69109 0.382851 -0.105284 9.92901 -0.00473421 -0.08827 0.0435241
2296.58 0.229828 -0.0383047 -9.76769 0.37328 -0.106481 9.94457 -0.00427606 -0.0901026 0.0433714
2296.59 0.0766094 -0.153219 -9.69109 0.357727 -0.106481 9.92303 -0.00244346 -0.0922406 0.0416915
2296.61 0.229828 -0.191523 -9.88261 0.358923 -0.118445 9.93859 -0.00488692 -0.0881173 0.0461203
2296.62 0.229828 0.0383047 -9.72939 0.338584 -0.106481 9.93619 -0.0018326 -0.0933096 0.0416915
2296.64 0.191523 -0.114914 -9.72939 0.332602 -0.105284 9.94815 0.000152716 -0.096364 0.0423024
2296.66 0.306437 -0.191523 -9.8443 0.34337 -0.100499 9.93859 -0.00534507 -0.0867428 0.045204
2296.67 0.268133 -0.0766094 -9.69109 0.340977 -0.087338 9.92901 -0.00427606 -0.0896445 0.0435241
2296.69 0.191523 -0.0766094 -9.72939 0.355334 -0.0885344 9.92423 -0.00335976 -0.0911716 0.043066
2296.71 0.191523 0.0 -9.72939 0.364905 -0.0837488 9.91944 -0.00274889 -0.0913243 0.0412334
2296.72 0.0383047 -0.0766094 -9.53786 0.382851 -0.0646062 9.92543 0.000152716 -0.0936151 0.0407752
2296.74 0.268133 -0.0383047 -9.76769 0.362513 -0.0729811 9.92782 -0.00122173 -0.0930042 0.0426078
2296.76 0.268133 -0.0766094 -9.61448 0.376869 -0.0693918 9.92662 0.000458149 -0.0934624 0.0413861
2296.77 0.229828 0.0 -9.76769 0.369691 -0.0514457 9.93619 -0.00198531 -0.0897971 0.0429133
2296.79 0.268133 0.0383047 -9.46126 0.34337 -0.0574277 9.92184 -0.00427606 -0.0891863 0.0444404
2296.81 0.114914 -0.0383047 -9.76769 0.338584 -0.0311067 9.91346 -0.00122173 -0.0978911 0.0407752
2296.82 0.229828 0.0 -9.69109 0.342173 -0.0311067 9.92184 -0.00290161 -0.0894917 0.0442877
2296.84 0.114914 -0.114914 -9.65278 0.344566 -0.026321 9.91824 -0.00198531 -0.0917825 0.0439823
2296.86 0.229828 0.0383047 -9.76769 0.339781 -0.0251246 9.91466 -0.00473421 -0.0907135 0.0442877
2296.87 0.0766094 0.0766094 -9.65278 0.352941 -0.0275174 9.91107 -0.000305433 -0.0954477 0.0447459
2296.89 0.153219 -0.0383047 -9.69109 0.376869 -0.0251246 9.90628 -0.00305432 -0.0910189 0.0456622
2296.91 0.114914 0.0 -9.69109 0.399601 -0.0323031 9.91227 -0.00488692 -0.0896445 0.0465785
2296.92 0.268133 0.0 -9.69109 0.391226 -0.0275174 9.92303 -0.00412334 -0.0901026 0.0453567
2296.94 0.344742 0.0766094 -9.76769 0.413958 -0.0394815 9.94098 -0.00259618 -0.0966694 0.0461203
2296.96 0.229828 -0.114914 -9.72939 0.400798 -0.0442672 9.92782 -0.00626137 -0.0885754 0.047342
2296.97 0.268133 -0.0383047 -9.76769 0.384048 -0.0574277 9.92423 -0.0065668 -0.090408 0.0468839
2296.99 0.229828 0.0 -9.72939 0.39003 -0.061017 9.92782 -0.00824668 -0.0862847 0.0493274
2297.01 0.229828 0.0766094 -9.88261 0.362513 -0.066999 9.92782 -0.00458149 -0.0885754 0.0476475
2297.02 0.229828 0.0 -9.72939 0.36012 -0.0729811 9.92543 -0.00580322 -0.0887282 0.0493274
2297.04 0.344742 -0.114914 -9.57617 0.366102 -0.0729811 9.92303 -0.00442877 -0.0933096 0.0476475
2297.06 0.268133 0.0 -9.69109 0.368495 -0.0849452 9.9326 -0.00213803 -0.0962113 0.0470366
2297.07 0.344742 -0.0766094 -9.88261 0.375673 -0.0705882 9.93499 -0.00488692 -0.0902553 0.0482583
2297.09 0.191523 -0.0766094 -9.8443 0.375673 -0.09332 9.93499 -0.00259618 -0.0939205 0.046273
2297.1 0.229828 -0.0766094 -9.65278 0.401994 -0.102891 9.91944 -0.00106901 -0.0978911 0.0461203
2297.12 0.0766094 0.0766094 -10.0741 0.398405 -0.118445 9.9326 -0.00794125 -0.0873537 0.047342
2297.14 0.191523 -0.0766094 -9.76769 0.396012 -0.120837 9.94337 -0.00351247 -0.0939205 0.047342
2297.15 0.0766094 -0.191523 -9.76769 0.393619 -0.12323 9.93619 -0.00213803 -0.0936151 0.0453567
2297.17 0.229828 -0.0766094 -9.61448 0.380459 -0.138784 9.91466 -0.0074831 -0.085063 0.0481056
2297.18 0.229828 -0.114914 -9.76769 0.355334 -0.137587 9.93499 -0.00320704 -0.0917825 0.0433714
2297.2 0.229828 -0.229828 -9.61448 0.344566 -0.130409 9.92782 -0.00351247 -0.0887282 0.0444404
2297.21 0.421352 -0.114914 -9.57617 0.348156 -0.136391 9.9326 -0.00626137 -0.0873537 0.046273
2297.23 0.306437 -0.0766094 -9.88261 0.350548 -0.116052 9.9314 -0.00259618 -0.0940732 0.043066
2297.82 0.153219 -0.153219 -9.42295 0.37328 -0.130409 9.93499 -0.00366519 -0.090408 0.0436769
2297.84 0.153219 -0.0383047 -9.72939 0.364905 -0.141176 9.9338 -0.00259618 -0.0902553 0.0433714
2297.85 0.191523 -0.191523 -9.69109 0.381655 -0.112463 9.93499 -0.00503964 -0.0865901 0.0450513
2297.87 0.153219 -0.114914 -9.69109 0.392423 -0.0981057 9.93021 -0.00167988 -0.0930042 0.0439823
2297.89 0.191523 -0.0383047 -9.72939 0.404387 -0.0909272 9.93739 0.000763581 -0.0946841 0.0413861
2297.9 0.153219 0.0 -9.8443 0.411565 -0.0741775 9.9314 -0.00152716 -0.090408 0.0438296
2297.92 0.191523 0.0 -9.65278 0.42353 -0.0622134 9.94457 -0.00290161 -0.0894917 0.0432187
2297.94 0.191523 -0.114914 -9.61448 0.401994 -0.0574277 9.92901 -0.00397062 -0.090408 0.041997
2297.95 0.114914 -0.114914 -9.65278 0.39003 -0.0574277 9.92901 -0.00397062 -0.0855211 0.0438296
2297.97 0.306437 -0.153219 -9.69109 0.376869 -0.0574277 9.93021 -0.00290161 -0.0917825 0.0432187
2297.99 0.268133 -0.114914 -9.88261 0.374477 -0.0478564 9.93499 -0.00320704 -0.0873537 0.0444404
2298.0 0.268133 -0.0383047 -9.69109 0.352941 -0.0478564 9.92662 -0.00595593 -0.0841467 0.0444404
2298.02 0.153219 -0.0383047 -9.65278 0.351745 -0.0574277 9.92064 0.00106901 -0.0936151 0.0413861
2298.04 0.153219 0.0 -9.69109 0.340977 -0.0514457 9.9338 -0.00488692 -0.0890336 0.0439823
2298.05 0.153219 0.0766094 -9.8443 0.346959 -0.0370887 9.94576 -0.00152716 -0.0894917 0.043066
2298.07 0.229828 -0.0766094 -9.65278 0.357727 -0.0346959 9.92662 -0.00488692 -0.0891863 0.0442877
2298.08 0.0766094 0.0383047 -9.76769 0.354138 -0.0323031 9.92184 -0.00290161 -0.0894917 0.0432187
2298.1 0.191523 -0.0766094 -9.57617 0.362513 -0.026321 9.92423 -0.00137445 -0.0916298 0.0445931
2298.12 0.153219 0.0383047 -9.76769 0.357727 -0.026321 9.90628 -0.00167988 -0.0978911 0.0418443
2298.13 0.153219 -0.0766094 -9.46126 0.363709 -0.026321 9.90389 -0.00580322 -0.0891863 0.0458149
2298.15 0.191523 0.0 -9.76769 0.34337 -0.0275174 9.90868 -0.00534507 -0.0907135 0.0456622
2298.17 0.191523 0.114914 -9.65278 0.333799 -0.0334995 9.91705 -0.00320704 -0.0926988 0.0455095
2298.18 0.344742 -0.0383047 -9.65278 0.339781 -0.0502493 9.92901 -0.00458149 -0.0922406 0.0487165
2298.2 0.268133 0.0 -9.61448 0.32662 -0.0526421 9.93021 -0.00397062 -0.0925461 0.0484111
2298.22 0.268133 -0.0766094 -9.76769 0.337388 -0.0646062 9.92423 -0.00610865 -0.0907135 0.0493274
2298.23 0.229828 -0.0383047 -9.72939 0.332602 -0.0765703 9.92184 -0.00702495 -0.08827 0.0478002
2298.25 0.306437 -0.0766094 -9.72939 0.348156 -0.0801595 9.92662 -0.00733038 -0.0890336 0.0493274
2298.27 0.229828 -0.153219 -9.92091 0.354138 -0.087338 9.94696 -0.00198531 -0.101862 0.0448986
2298.28 0.229828 -0.0766094 -9.65278 0.361316 -0.0861416 9.93499 -0.00901026 -0.0876591 0.0487165
2298.3 0.114914 -0.114914 -9.72939 0.380459 -0.0909272 9.92662 -0.00488692 -0.0922406 0.0459676
2298.32 0.0766094 -0.0766094 -10.1124 0.401994 -0.0969093 9.93619 -0.00335976 -0.0934624 0.0484111
2298.33 0.0766094 -0.0383047 -9.95922 0.422333 -0.0897308 9.94815 -0.00503964 -0.0917825 0.0476475
2298.35 0.0766094 -0.0766094 -9.806 0.397208 -0.101695 9.92543 -0.00580322 -0.0920879 0.046273
2298.37 0.0383047 -0.191523 -9.69109 0.400798 -0.113659 9.93499 -0.00335976 -0.0917825 0.045204
2298.38 0.191523 -0.114914 -9.806 0.39003 -0.118445 9.94098 -0.00458149 -0.0937678 0.0465785
2298.4 0.306437 0.0383047 -9.76769 0.388834 -0.119641 9.9326 -0.00198531 -0.0971275 0.0455095
2298.41 0.114914 -0.191523 -9.61448 0.376869 -0.130409 9.92782 -0.00427606 -0.0917825 0.0461203
2298.43 0.191523 -0.114914 -9.72939 0.398405 -0.120837 9.93499 -0.00366519 -0.091477 0.044135
2298.45 0.153219 0.0 -9.76769 0.382851 -0.12323 9.92543 -0.00427606 -0.089339 0.0439823
2298.46 0.191523 0.0 -9.65278 0.412762 -0.118445 9.93859 -0.00473421 -0.0868956 0.0435241
2298.48 0.191523 -0.0766094 -9.65278 0.396012 -0.111266 9.92543 -0.00229074 -0.0899499 0.0432187
2298.5 0.268133 0.0 -9.806 0.405583 -0.0921237 9.92184 -0.00290161 -0.0922406 0.0436769
2298.51 0.191523 -0.114914 -9.72939 0.42353 -0.0789631 9.93021 -0.00519235 -0.0891863 0.0433714
2298.53 0.153219 -0.0383047 -9.8443 0.407976 -0.0765703 9.92184 -0.00122173 -0.0930042 0.0403171
2298.55 0.306437 -0.0383047 -9.53786 0.407976 -0.0729811 9.92782 -0.000916298 -0.0920879 0.0403171
2298.56 0.191523 -0.153219 -9.61448 0.393619 -0.0574277 9.93859 -0.00397062 -0.0884227 0.0427606
2298.58 0.229828 0.0383047 -9.65278 0.367298 -0.0622134 9.9326 -0.00274889 -0.0885754 0.0448986
2298.6 0.229828 -0.0383047 -9.806 0.346959 -0.0658026 9.93499 -0.00442877 -0.0870483 0.0432187
2298.61 0.306437 0.0 -10.0741 0.333799 -0.0562313 9.92064 -0.00137445 -0.0925461 0.0429133
2298.63 0.306437 -0.0383047 -9.69109 0.339781 -0.04666 9.9314 -0.00458149 -0.0891863 0.0432187
2298.65 0.191523 0.0 -9.76769 0.332602 -0.0442672 9.94337 -0.00274889 -0.0907135 0.0427606
2298.66 0.153219 0.0383047 -9.57617 0.330209 -0.0502493 9.93619 -0.000610865 -0.0936151 0.0427606
2298.68 0.229828 -0.0383047 -9.65278 0.351745 -0.0418744 9.93859 -0.000916298 -0.0925461 0.0439823
2298.7 0.191523 0.0 -9.76769 0.342173 -0.0287139 9.90628 -0.00473421 -0.0899499 0.044135
2298.71 0.306437 0.0 -9.88261 0.361316 -0.0299103 9.92662 -0.00397062 -0.0916298 0.0448986
2298.73 0.268133 -0.0766094 -9.57617 0.349352 -0.0275174 9.90748 -0.00580322 -0.0856738 0.0479529
2298.74 0.229828 0.0383047 -9.76769 0.336191 -0.026321 9.9015 -0.00458149 -0.090408 0.0445931
2298.76 0.497961 0.0 -9.57617 0.351745 -0.026321 9.90987 -0.0074831 -0.0864374 0.0468839
2298.78 0.306437 0.0383047 -9.69109 0.338584 -0.0299103 9.91824 -0.00427606 -0.0942259 0.0465785
2298.79 0.191523 -0.0383047 -9.57617 0.324227 -0.0346959 9.93021 -0.00580322 -0.0942259 0.045204
2298.81 0.153219 0.0383047 -9.76769 0.330209 -0.0430708 9.94815 -0.00397062 -0.0925461 0.0447459
2298.83 0.268133 0.0 -9.92091 0.332602 -0.04666 9.9326 -0.00213803 -0.0956004 0.0478002
2298.84 0.153219 -0.0766094 -9.76769 0.352941 -0.066999 9.91944 -0.00473421 -0.091477 0.0491747
2298.86 0.191523 -0.0766094 -9.65278 0.35653 -0.0598205 9.93021 -0.00381791 -0.0919352 0.0488692
2298.88 0.153219 -0.153219 -9.76769 0.381655 -0.0586241 9.9338 -0.00229074 -0.0957531 0.0478002
2298.89 0.268133 -0.0766094 -9.95922 0.407976 -0.0825523 9.93021 -0.0074831 -0.0913243 0.0494801
2298.91 0.153219 -0.0766094 -9.72939 0.405583 -0.102891 9.94098 -0.00626137 -0.0913243 0.047342
