2087.46 0.306437 -0.114914 -9.76769 0.348156 -0.100499 9.91824 -0.00534507 -0.0910189 0.0448986
2087.48 0.191523 0.0 -9.46126 0.367298 -0.0646062 9.91944 -0.00259618 -0.0922406 0.0450513
2087.49 0.306437 -0.0766094 -9.57617 0.364905 -0.0837488 9.94098 -0.00901026 -0.083994 0.0478002
2087.51 0.268133 -0.0766094 -9.806 0.354138 -0.0837488 9.93978 -0.00381791 -0.0931569 0.0450513
2087.53 0.191523 -0.114914 -9.76769 0.393619 -0.0789631 9.93859 -0.00259618 -0.0934624 0.0435241
2087.54 0.306437 -0.114914 -9.99752 0.393619 -0.0574277 9.92662 -0.00351247 -0.0936151 0.0447459
2087.56 0.191523 0.0 -9.88261 0.42353 -0.0885344 9.9326 -0.00580322 -0.0916298 0.0487165
2087.58 0.0766094 -0.114914 -9.72939 0.425922 -0.09332 9.9338 -0.00274889 -0.0922406 0.0459676
2087.59 0.153219 -0.114914 -9.76769 0.437886 -0.0849452 9.93499 -0.00305432 -0.0925461 0.043066
2087.61 0.114914 -0.0383047 -9.806 0.428315 -0.0993021 9.92303 -0.00137445 -0.0956004 0.0407752
2087.63 0.229828 -0.153219 -9.76769 0.403191 -0.0945165 9.9314 -0.00198531 -0.091477 0.0426078
2087.64 0.306437 -0.0766094 -9.72939 0.374477 -0.0957129 9.92423 -0.00351247 -0.08827 0.0438296
2087.66 0.306437 -0.0383047 -9.76769 0.394816 -0.0753739 9.9314 -0.00610865 -0.0879646 0.0421497
2087.67 0.229828 0.0 -9.69109 0.329013 -0.0502493 9.93739 -0.00473421 -0.0867428 0.041997
2087.69 0.268133 0.0 -9.69109 0.323031 -0.0574277 9.92064 -0.00290161 -0.0922406 0.0412334
2087.71 0.306437 0.0383047 -9.72939 0.346959 -0.0442672 9.94696 -0.00274889 -0.0925461 0.0429133
2087.72 0.229828 -0.0383047 -9.53786 0.345763 -0.0358923 9.93499 -0.00335976 -0.0936151 0.0427606
2087.74 0.0383047 -0.153219 -9.65278 0.340977 -0.0299103 9.92782 -0.00213803 -0.0942259 0.045204
2087.76 0.306437 -0.0766094 -9.61448 0.344566 -0.0526421 9.92184 -0.00381791 -0.0920879 0.0467312
2087.77 0.153219 0.0383047 -9.69109 0.363709 -0.0550349 9.92901 -0.00733038 -0.0844521 0.0500909
2087.79 0.191523 0.0 -9.53786 0.379262 -0.0502493 9.93859 -0.00381791 -0.0930042 0.0453567
2087.81 0.229828 -0.114914 -9.72939 0.36012 -0.0837488 9.94815 -0.00305432 -0.0928515 0.045204
2087.82 0.191523 -0.191523 -9.65278 0.349352 -0.0837488 9.92662 -0.00733038 -0.0878119 0.047342
2087.84 0.153219 -0.114914 -9.65278 0.352941 -0.0945165 9.92184 -0.00839939 -0.0887282 0.0482583
2087.86 0.383047 -0.153219 -9.69109 0.320638 -0.0849452 9.9338 -0.00305432 -0.0933096 0.0426078
2087.87 0.306437 -0.153219 -9.34634 0.305085 -0.0705882 9.92901 -0.00549779 -0.0897971 0.0459676
2087.89 0.306437 0.0 -9.49956 0.324227 -0.0717846 9.92543 -0.00137445 -0.0954477 0.0424551
2087.91 0.191523 -0.114914 -9.49956 0.333799 -0.0765703 9.93859 -0.00702495 -0.089339 0.0478002
2087.92 0.114914 -0.191523 -9.72939 0.336191 -0.0514457 9.93499 -0.00488692 -0.0934624 0.0465785
2087.94 0.191523 0.0 -9.69109 0.342173 -0.0382852 9.93739 -0.000305433 -0.0992656 0.0435241
2087.95 0.191523 0.0383047 -9.806 0.398405 -0.0598205 9.9338 -0.00503964 -0.0954477 0.0482583
2087.97 0.114914 0.0 -9.8443 0.392423 -0.066999 9.93739 -0.00671952 -0.0919352 0.0481056
2087.99 0.191523 0.0 -9.49956 0.407976 -0.0765703 9.9326 -0.0074831 -0.0890336 0.0481056
2088.0 0.0766094 -0.0766094 -9.49956 0.403191 -0.101695 9.9338 -0.00488692 -0.0919352 0.0500909
2088.02 0.191523 -0.114914 -9.69109 0.424726 -0.116052 9.93021 -0.00519235 -0.091477 0.0517708
2088.04 0.191523 -0.153219 -9.65278 0.425922 -0.117248 9.94218 -0.00794125 -0.0864374 0.0510072
2088.05 0.191523 -0.114914 -9.65278 0.393619 -0.122034 9.93859 -0.00671952 -0.0884227 0.0448986
2088.07 0.153219 -0.0383047 -9.69109 0.39003 -0.111266 9.9314 -0.00167988 -0.0957531 0.0416915
2088.09 0.114914 0.0766094 -9.38465 0.387637 -0.0981057 9.93619 -0.00503964 -0.0894917 0.0435241
2088.1 0.153219 -0.114914 -9.69109 0.374477 -0.106481 9.92184 -0.00488692 -0.087201 0.0442877
2088.12 0.229828 -0.0766094 -9.72939 0.366102 -0.0801595 9.92662 -0.00473421 -0.0910189 0.043066
2088.13 0.191523 -0.114914 -9.57617 0.378066 -0.0574277 9.92901 -0.00687223 -0.0827722 0.0461203
2088.15 0.191523 0.0 -9.72939 0.409173 -0.0514457 9.91585 -0.00274889 -0.0954477 0.0415388
2088.17 0.114914 -0.153219 -9.72939 0.418744 -0.0753739 9.92782 -0.00595593 -0.0884227 0.0456622
2088.18 0.153219 -0.0766094 -9.38465 0.410369 -0.0717846 9.93021 -0.00397062 -0.0888809 0.0476475
2088.2 0.191523 -0.0766094 -9.53786 0.403191 -0.0562313 9.93619 -0.00335976 -0.0910189 0.0467312
2088.22 0.268133 0.0383047 -9.57617 0.387637 -0.0777667 9.93021 -0.00488692 -0.0894917 0.0464257
2088.23 0.191523 -0.114914 -9.72939 0.352941 -0.0969093 9.9326 -0.00397062 -0.08827 0.0447459
2088.25 0.344742 -0.153219 -9.57617 0.363709 -0.106481 9.92303 -0.00106901 -0.0937678 0.0424551
2088.27 0.114914 -0.0766094 -9.76769 0.339781 -0.087338 9.94576 -0.00442877 -0.0922406 0.0455095
2088.28 0.153219 -0.0383047 -9.76769 0.323031 -0.105284 9.92782 -0.00519235 -0.0875064 0.0448986
2088.3 0.229828 -0.0766094 -9.61448 0.317049 -0.0957129 9.9338 -0.00473421 -0.0897971 0.044135
2088.32 0.191523 -0.114914 -9.806 0.32662 -0.0717846 9.9338 -0.00122173 -0.0946841 0.0406225
2088.33 0.306437 0.0 -9.806 0.340977 -0.0418744 9.93739 -0.000916298 -0.0971275 0.0413861
2088.35 0.229828 -0.0383047 -9.806 0.333799 -0.0550349 9.93859 -0.0018326 -0.0937678 0.0448986
2088.37 0.268133 -0.0766094 -9.69109 0.362513 -0.0418744 9.93021 -0.00106901 -0.0937678 0.0444404
2088.38 0.306437 0.0 -9.65278 0.368495 -0.0323031 9.92184 -0.00473421 -0.0905607 0.0456622
2088.4 0.268133 0.0383047 -9.76769 0.375673 -0.0370887 9.92662 -0.00366519 -0.0925461 0.0458149
2088.42 0.0766094 0.0 -9.88261 0.351745 -0.0622134 9.92782 -0.00610865 -0.0897971 0.0471893
2088.43 0.153219 -0.0383047 -9.95922 0.368495 -0.0777667 9.9338 -0.00366519 -0.0948368 0.0468839
2088.45 0.344742 -0.0383047 -9.72939 0.354138 -0.0813559 9.9314 -0.00259618 -0.0925461 0.0479529
2088.47 0.268133 -0.0766094 -9.69109 0.333799 -0.0801595 9.9326 -0.0056505 -0.0867428 0.046273
2088.48 0.383047 -0.229828 -9.57617 0.324227 -0.0981057 9.9326 -0.00305432 -0.0936151 0.0456622
2088.5 0.229828 0.0 -9.72939 0.368495 -0.0861416 9.94457 -0.00320704 -0.0943787 0.044135
2088.52 0.153219 -0.0766094 -9.806 0.366102 -0.0945165 9.93739 -0.00427606 -0.0913243 0.0447459
2088.53 0.268133 -0.0383047 -9.69109 0.357727 -0.0598205 9.92662 -0.00717767 -0.0870483 0.0478002
2088.55 0.191523 -0.0383047 -9.806 0.407976 -0.0502493 9.94337 -0.00274889 -0.0948368 0.0444404
2088.57 0.0766094 -0.0383047 -9.72939 0.405583 -0.0574277 9.9314 -0.00213803 -0.0946841 0.0439823
2088.58 0.153219 0.0383047 -9.69109 0.410369 -0.0478564 9.91705 -0.00122173 -0.0943787 0.0433714
2088.6 0.114914 -0.114914 -9.806 0.422333 -0.0418744 9.93739 -0.00733038 -0.086132 0.0464257
2088.62 0.191523 -0.114914 -9.61448 0.424726 -0.0693918 9.92901 -0.00427606 -0.0934624 0.0474948
2088.63 0.268133 -0.0766094 -9.42295 0.42353 -0.0837488 9.9338 -0.00549779 -0.090408 0.0479529
2088.65 0.153219 -0.153219 -9.69109 0.378066 -0.100499 9.92303 -0.00702495 -0.0833831 0.0503964
2088.67 0.153219 0.0 -9.69109 0.367298 -0.106481 9.92423 -0.00610865 -0.0887282 0.0456622
2088.68 0.268133 -0.114914 -9.72939 0.381655 -0.114855 9.94457 -0.00702495 -0.0885754 0.045204
2088.7 0.153219 -0.153219 -9.26973 0.354138 -0.12682 9.92423 -0.00503964 -0.0925461 0.0455095
2088.71 0.153219 -0.153219 -9.69109 0.364905 -0.116052 9.9338 -0.0018326 -0.0946841 0.0435241
2088.73 0.114914 -0.0766094 -9.76769 0.366102 -0.0921237 9.9338 -0.00259618 -0.0907135 0.0442877
2088.75 0.0766094 0.0 -9.95922 0.379262 -0.0705882 9.92423 -0.00351247 -0.0894917 0.0436769
2088.76 0.0766094 0.0 -9.72939 0.388834 -0.0789631 9.92662 -0.00351247 -0.0888809 0.041997
2088.78 0.0 -0.114914 -9.69109 0.378066 -0.0658026 9.92901 -0.00167988 -0.0911716 0.0432187
2088.8 0.268133 0.0383047 -9.65278 0.387637 -0.0574277 9.92064 -0.00259618 -0.0907135 0.0444404
2088.81 0.0766094 0.0383047 -9.72939 0.361316 -0.0562313 9.94098 -0.00458149 -0.0868956 0.0456622
2088.83 0.153219 -0.0383047 -9.72939 0.345763 -0.0909272 9.93739 -0.00534507 -0.08827 0.0470366
2088.85 0.306437 -0.0766094 -9.88261 0.34337 -0.0885344 9.92423 -0.00305432 -0.0913243 0.0427606
2088.86 0.229828 -0.0766094 -9.57617 0.315852 -0.0849452 9.92782 -0.00610865 -0.0870483 0.0448986
2088.88 0.229828 -0.153219 -9.806 0.31346 -0.0993021 9.9338 -0.00351247 -0.0899499 0.0467312
2088.9 0.191523 0.0 -9.69109 0.330209 -0.114855 9.94457 -0.00229074 -0.0922406 0.0450513
2088.91 0.229828 -0.0383047 -9.72939 0.32662 -0.0969093 9.93859 -0.0018326 -0.0926988 0.0442877
2088.93 0.0766094 -0.114914 -9.65278 0.333799 -0.0681954 9.94098 -0.000305433 -0.097433 0.0406225
2088.95 0.191523 -0.114914 -9.57617 0.357727 -0.066999 9.92662 -0.00198531 -0.0949895 0.0426078
2088.96 0.229828 0.0383047 -9.65278 0.362513 -0.0538385 9.93021 -0.00473421 -0.0911716 0.044135
2088.98 0.229828 0.0383047 -9.76769 0.392423 -0.0382852 9.9326 -0.00366519 -0.0933096 0.0432187
2088.99 0.114914 0.0766094 -9.65278 0.385244 -0.0311067 9.92303 -0.00244346 -0.0908662 0.045204
2089.01 0.114914 0.0766094 -9.99752 0.375673 -0.0299103 9.89911 -0.00290161 -0.0923933 0.0458149
2089.03 0.191523 -0.0766094 -9.72939 0.380459 -0.0394815 9.92543 -0.00733038 -0.089339 0.0464257
2089.04 0.153219 0.0 -9.72939 0.35653 -0.0418744 9.92064 -0.00351247 -0.0931569 0.0435241
2089.06 0.229828 0.0 -9.806 0.357727 -0.0550349 9.91824 -0.00366519 -0.091477 0.0465785
2089.08 0.306437 -0.0766094 -9.30804 0.348156 -0.0646062 9.91466 -0.00290161 -0.0928515 0.0465785
2089.09 0.153219 -0.153219 -9.49956 0.369691 -0.0801595 9.92901 -0.00503964 -0.0910189 0.047342
2089.11 0.191523 0.0 -9.72939 0.379262 -0.0897308 9.92901 -0.00580322 -0.0890336 0.045204
2089.13 0.191523 -0.0766094 -9.72939 0.386441 -0.0897308 9.94815 -0.00519235 -0.0901026 0.044135
2089.14 0.0766094 -0.0766094 -9.8443 0.391226 -0.0681954 9.93021 -0.00152716 -0.0978911 0.0438296
2089.16 0.153219 0.0 -10.1124 0.41994 -0.066999 9.92184 -0.00335976 -0.0901026 0.0478002
2089.18 0.153219 -0.0766094 -9.69109 0.42353 -0.0717846 9.93619 -0.00412334 -0.0902553 0.044135
2089.19 0.153219 -0.153219 -9.61448 0.407976 -0.0574277 9.93499 -0.00503964 -0.0894917 0.045204
2089.21 0.268133 -0.114914 -9.88261 0.403191 -0.0526421 9.93739 -0.00381791 -0.0931569 0.045204
2089.23 0.191523 -0.114914 -9.806 0.386441 -0.0801595 9.92662 -0.00335976 -0.0931569 0.0442877
2089.24 0.344742 -0.0766094 -9.61448 0.372084 -0.0861416 9.9338 -0.00259618 -0.0933096 0.045204
2089.26 0.268133 -0.0383047 -9.69109 0.358923 -0.0777667 9.92782 -0.00702495 -0.0842994 0.0497855
2089.28 0.191523 -0.0383047 -9.57617 0.334995 -0.0993021 9.93978 -0.0056505 -0.0864374 0.047342
2089.29 0.229828 -0.114914 -9.42295 0.329013 -0.106481 9.91824 -0.00473421 -0.087201 0.0459676
2089.31 0.229828 -0.0766094 -9.69109 0.342173 -0.130409 9.90987 -0.00442877 -0.0902553 0.0456622
2089.33 0.229828 -0.153219 -9.72939 0.355334 -0.111266 9.9338 -0.00167988 -0.0954477 0.0442877
2089.34 0.153219 -0.0383047 -9.806 0.381655 -0.101695 9.92303 -0.00259618 -0.0922406 0.0448986
2089.36 0.114914 -0.0766094 -9.65278 0.392423 -0.104088 9.93978 -0.00549779 -0.0890336 0.0455095
2089.37 0.153219 0.0 -9.806 0.381655 -0.0861416 9.9338 -0.00473421 -0.0922406 0.0412334
2089.39 0.306437 -0.0383047 -9.53786 0.381655 -0.0693918 9.9326 -0.00229074 -0.0951423 0.0400117
2089.41 0.268133 0.0383047 -9.61448 0.378066 -0.0729811 9.93859 -0.00442877 -0.0881173 0.0448986
2089.42 0.0383047 -0.0766094 -9.88261 0.380459 -0.0705882 9.93021 -0.00458149 -0.089339 0.0458149
2089.44 0.0766094 0.114914 -9.69109 0.363709 -0.0789631 9.9314 -0.00198531 -0.0922406 0.0448986
2089.45 0.153219 -0.0383047 -9.65278 0.336191 -0.0658026 9.93619 -0.00534507 -0.0846048 0.0453567
2089.47 0.268133 0.0 -9.69109 0.331406 -0.0681954 9.92423 -0.00320704 -0.0905607 0.0447459
2089.48 0.191523 -0.0766094 -9.99752 0.334995 -0.0837488 9.93021 -0.000763581 -0.095295 0.041997
2089.5 0.306437 0.0 -9.806 0.330209 -0.0981057 9.93499 -0.00580322 -0.0884227 0.044135
2090.08 0.191523 -0.0383047 -9.99752 0.357727 -0.0418744 9.93739 -0.00351247 -0.090408 0.0432187
2090.09 0.268133 -0.0766094 -9.46126 0.350548 -0.0490528 9.93859 -0.00458149 -0.0884227 0.0453567
2090.11 0.229828 -0.0383047 -9.69109 0.339781 -0.0502493 9.9326 0.000458149 -0.0980438 0.0421497
2090.12 0.268133 0.0 -9.99752 0.357727 -0.0454636 9.92423 -0.00488692 -0.0887282 0.0448986
2090.14 0.229828 0.0766094 -9.88261 0.394816 -0.0646062 9.93859 -0.00473421 -0.0907135 0.0455095
2090.16 0.229828 -0.114914 -9.61448 0.384048 -0.061017 9.93021 -0.00488692 -0.0897971 0.0465785
2090.17 0.229828 0.0383047 -9.72939 0.412762 -0.04666 9.94576 -0.00244346 -0.0937678 0.0438296
2090.19 0.191523 -0.0383047 -9.61448 0.416351 -0.040678 9.93978 -0.00580322 -0.0884227 0.0455095
2090.21 0.268133 0.0 -9.76769 0.401994 -0.0526421 9.94098 -0.00717767 -0.0879646 0.0453567
2090.22 0.0766094 0.0 -9.46126 0.382851 -0.0586241 9.9326 -0.00305432 -0.0899499 0.0427606
2090.24 0.0383047 0.0383047 -9.65278 0.375673 -0.061017 9.9338 -0.00458149 -0.0881173 0.0445931
2090.26 0.306437 -0.0766094 -9.806 0.355334 -0.0418744 9.94337 -0.00519235 -0.089339 0.0464257
2090.27 0.306437 -0.114914 -9.806 0.334995 -0.0502493 9.9338 -0.00595593 -0.0870483 0.0467312
2090.29 0.153219 0.0766094 -9.806 0.339781 -0.061017 9.93619 -0.00305432 -0.0920879 0.0445931
2090.31 0.229828 -0.114914 -9.76769 0.339781 -0.0586241 9.92901 -0.00534507 -0.090408 0.0459676
2090.32 0.268133 -0.0383047 -9.76769 0.358923 -0.0789631 9.9314 -0.00671952 -0.0875064 0.0471893
2090.34 0.191523 0.0383047 -9.69109 0.358923 -0.0825523 9.9326 -0.00412334 -0.0926988 0.0471893
2090.36 0.0766094 -0.114914 -9.69109 0.374477 -0.0789631 9.92662 -0.00412334 -0.0917825 0.0485638
2090.37 0.153219 -0.0383047 -9.65278 0.392423 -0.0861416 9.91585 -0.00381791 -0.0917825 0.0468839
2090.39 0.191523 -0.0766094 -9.72939 0.384048 -0.0969093 9.92782 -0.00794125 -0.0875064 0.0482583
2090.41 0.229828 -0.0383047 -9.8443 0.374477 -0.104088 9.94696 -0.00534507 -0.0894917 0.0470366
2090.42 0.191523 -0.0383047 -9.99752 0.369691 -0.111266 9.9338 -0.00549779 -0.0899499 0.0478002
2090.44 0.344742 -0.0383047 -9.69109 0.355334 -0.0885344 9.92303 -0.00534507 -0.0910189 0.0432187
2090.45 0.153219 -0.0383047 -9.72939 0.346959 -0.0909272 9.93739 -0.00427606 -0.0899499 0.0433714
2090.47 0.229828 -0.0766094 -9.49956 0.340977 -0.0849452 9.9326 -0.00458149 -0.0881173 0.045204
2090.49 0.268133 -0.0766094 -9.72939 0.339781 -0.0885344 9.9338 -0.00397062 -0.0905607 0.043066
2090.5 0.344742 -0.114914 -9.72939 0.349352 -0.0801595 9.9314 -0.00335976 -0.0928515 0.0444404
2090.52 0.268133 0.0 -9.57617 0.358923 -0.0741775 9.91585 -0.00397062 -0.090408 0.0448986
2090.54 0.191523 -0.191523 -9.65278 0.372084 -0.0705882 9.93499 -0.00549779 -0.0881173 0.0467312
2090.55 0.114914 0.0383047 -9.806 0.385244 -0.0777667 9.92901 -0.00412334 -0.0896445 0.0471893
2090.57 0.153219 -0.0766094 -9.61448 0.393619 -0.0825523 9.92184 -0.00534507 -0.0905607 0.0444404
2090.59 0.0766094 -0.0766094 -9.49956 0.40678 -0.0825523 9.9326 -0.00335976 -0.0922406 0.0448986
2090.6 0.268133 -0.191523 -9.72939 0.388834 -0.0813559 9.91585 -0.00610865 -0.0847575 0.0467312
2090.62 0.268133 -0.0766094 -9.72939 0.382851 -0.0765703 9.91944 -0.00412334 -0.0913243 0.0442877
2090.64 0.153219 -0.0766094 -9.72939 0.387637 -0.0538385 9.9314 -0.00458149 -0.0876591 0.0426078
2090.65 0.153219 -0.0383047 -9.69109 0.374477 -0.0478564 9.93499 -0.00503964 -0.0891863 0.0427606
2090.67 0.191523 -0.0766094 -9.61448 0.366102 -0.0598205 9.94337 -0.0056505 -0.0905607 0.0455095
2090.68 0.229828 -0.0383047 -9.88261 0.375673 -0.0514457 9.93739 -0.00381791 -0.0905607 0.047342
2090.7 0.268133 0.0383047 -9.76769 0.387637 -0.0394815 9.93619 -0.00244346 -0.0917825 0.0447459
2090.72 0.306437 -0.0766094 -9.72939 0.361316 -0.0394815 9.92901 -0.00458149 -0.0910189 0.045204
2090.73 0.268133 -0.0766094 -9.30804 0.364905 -0.0514457 9.93859 -0.0065668 -0.0888809 0.0490219
2090.75 0.191523 0.0 -9.57617 0.376869 -0.0586241 9.92782 -0.00381791 -0.0916298 0.0474948
2090.77 0.153219 -0.0383047 -9.72939 0.382851 -0.0598205 9.92543 -0.00259618 -0.0930042 0.046273
2090.78 0.114914 -0.0383047 -9.806 0.386441 -0.0526421 9.91585 -0.00335976 -0.0946841 0.0478002
2090.8 0.306437 0.0 -9.65278 0.385244 -0.0478564 9.9326 -0.00366519 -0.0922406 0.045204
2090.82 0.153219 0.0383047 -9.806 0.382851 -0.0681954 9.92662 -0.00397062 -0.0916298 0.0450513
2090.83 0.306437 0.0 -9.72939 0.367298 -0.0765703 9.92184 -0.00641408 -0.0870483 0.0464257
2090.85 0.268133 -0.153219 -9.46126 0.344566 -0.0717846 9.92543 -0.00351247 -0.0940732 0.0458149
2090.87 0.268133 0.0 -9.69109 0.346959 -0.0693918 9.92782 -0.00137445 -0.0966694 0.0467312
2090.88 0.114914 -0.0766094 -9.8443 0.337388 -0.0705882 9.93499 -0.00610865 -0.0888809 0.0491747
2090.9 0.344742 0.0766094 -9.72939 0.329013 -0.0801595 9.93499 -0.00549779 -0.0897971 0.045204
2090.91 0.306437 -0.153219 -9.69109 0.32662 -0.0813559 9.92901 -0.00473421 -0.089339 0.0444404
2090.93 0.268133 -0.114914 -9.806 0.369691 -0.0837488 9.93499 -0.00809396 -0.0875064 0.047342
2090.95 0.306437 -0.0383047 -9.69109 0.386441 -0.0945165 9.9326 -0.00687223 -0.0908662 0.0500909
2090.97 0.191523 -0.0766094 -9.57617 0.391226 -0.0897308 9.94576 -0.00351247 -0.0968221 0.0471893
2090.98 0.114914 -0.0766094 -9.72939 0.364905 -0.0981057 9.92901 -0.00534507 -0.0910189 0.0444404
2091.0 0.153219 0.0 -9.72939 0.396012 -0.106481 9.92901 -0.0018326 -0.0962113 0.0432187
2091.01 0.114914 -0.0383047 -9.57617 0.386441 -0.129212 9.93739 -0.00335976 -0.0928515 0.0455095
2091.03 0.306437 -0.0383047 -10.0358 0.382851 -0.132802 9.92184 0.000152716 -0.0968221 0.0432187
2091.05 0.229828 -0.0766094 -9.72939 0.369691 -0.107677 9.93021 -0.00137445 -0.0940732 0.0442877
2091.06 0.229828 0.0383047 -9.76769 0.363709 -0.113659 9.93739 -0.00503964 -0.0920879 0.0453567
2091.08 0.268133 -0.0766094 -9.61448 0.357727 -0.117248 9.94337 -0.00290161 -0.090408 0.0423024
2091.1 0.191523 -0.0383047 -9.76769 0.354138 -0.0885344 9.9326 -0.000152716 -0.0957531 0.0413861
2091.12 0.153219 -0.153219 -9.69109 0.37328 -0.0765703 9.94098 -0.00335976 -0.091477 0.0450513
2091.13 0.268133 -0.0766094 -9.57617 0.375673 -0.0705882 9.92901 -0.00229074 -0.0917825 0.0455095
2091.15 0.153219 -0.114914 -9.57617 0.379262 -0.0813559 9.9326 -0.00106901 -0.0931569 0.045204
2091.16 0.114914 0.0766094 -9.69109 0.394816 -0.0586241 9.9326 -0.00427606 -0.0908662 0.0433714
2091.18 0.229828 -0.114914 -9.88261 0.387637 -0.0646062 9.93978 -0.00335976 -0.0907135 0.043066
2091.2 0.114914 -0.0383047 -9.92091 0.391226 -0.0837488 9.93499 -0.000610865 -0.0923933 0.0433714
2091.21 0.229828 0.0 -9.69109 0.367298 -0.0813559 9.92543 -0.00442877 -0.085063 0.0471893
2091.23 0.0383047 0.0 -9.72939 0.361316 -0.0777667 9.92662 -0.00137445 -0.0940732 0.0426078
2091.25 0.153219 0.0 -9.72939 0.346959 -0.0634098 9.92782 -0.00290161 -0.0901026 0.0432187
2091.26 0.268133 0.0 -9.49956 0.339781 -0.0538385 9.93859 -0.00229074 -0.0907135 0.0415388
2091.28 0.306437 -0.0383047 -9.8443 0.350548 -0.061017 9.92543 -0.0056505 -0.0894917 0.0423024
2091.3 0.191523 0.0 -9.72939 0.351745 -0.040678 9.92423 -0.00381791 -0.0911716 0.0439823
2091.31 0.191523 -0.0766094 -9.806 0.350548 -0.0358923 9.92543 -0.00122173 -0.0956004 0.0423024
2091.33 0.153219 -0.153219 -9.49956 0.363709 -0.0323031 9.92423 -0.00137445 -0.0943787 0.0448986
2091.35 0.153219 -0.0383047 -9.46126 0.368495 -0.0299103 9.91705 -0.00549779 -0.0887282 0.0464257
2091.36 0.268133 -0.0383047 -9.76769 0.398405 -0.0346959 9.92423 -0.00442877 -0.0925461 0.044135
2091.38 0.191523 -0.0766094 -9.72939 0.394816 -0.0323031 9.92662 -0.00733038 -0.0875064 0.0485638
2091.4 0.0766094 0.0383047 -9.8443 0.382851 -0.0634098 9.91824 -0.00473421 -0.0930042 0.0479529
2091.41 0.306437 -0.0383047 -9.65278 0.385244 -0.0586241 9.91466 -0.00702495 -0.0873537 0.0510072
2091.43 0.268133 -0.0383047 -9.57617 0.362513 -0.0741775 9.92423 -0.00687223 -0.0862847 0.0491747
2091.45 0.153219 -0.114914 -9.806 0.370887 -0.0777667 9.94337 -0.00290161 -0.0948368 0.045204
2091.46 0.153219 -0.153219 -9.92091 0.364905 -0.0921237 9.94815 -0.00595593 -0.0919352 0.0467312
2091.48 0.229828 -0.114914 -9.61448 0.364905 -0.0945165 9.93739 -0.00687223 -0.086132 0.0467312
2091.5 0.306437 -0.0766094 -9.76769 0.350548 -0.0981057 9.9314 -0.00641408 -0.0884227 0.0485638
2091.51 0.0766094 -0.0766094 -9.806 0.375673 -0.0729811 9.93619 -0.00519235 -0.0911716 0.0468839
2091.53 0.229828 0.0 -9.38465 0.393619 -0.0765703 9.9314 -0.00320704 -0.0933096 0.0448986
2091.54 0.229828 -0.0766094 -9.72939 0.384048 -0.0789631 9.9326 -0.00274889 -0.0943787 0.045204
2091.56 0.268133 -0.0766094 -9.8443 0.366102 -0.106481 9.93021 -0.00412334 -0.0939205 0.0461203
2091.58 0.0766094 -0.0383047 -9.99752 0.378066 -0.100499 9.92303 -0.00152716 -0.0942259 0.0467312
2091.59 0.153219 0.0383047 -9.61448 0.37328 -0.0993021 9.92901 -0.00442877 -0.0943787 0.0459676
2091.61 0.229828 -0.191523 -9.69109 0.363709 -0.119641 9.94098 -0.00824668 -0.0864374 0.0500909
2091.63 0.153219 0.0383047 -9.61448 0.345763 -0.141176 9.91227 -0.00763582 -0.0907135 0.0467312
2091.64 0.229828 -0.229828 -9.61448 0.342173 -0.120837 9.9338 -0.00687223 -0.0875064 0.046273
2091.66 0.268133 -0.0766094 -9.69109 0.350548 -0.117248 9.93619 -0.00244346 -0.08827 0.0456622
2091.68 0.268133 -0.0766094 -9.95922 0.330209 -0.114855 9.93978 -0.00198531 -0.0917825 0.0444404
2091.69 0.268133 -0.191523 -9.806 0.334995 -0.0981057 9.94576 -0.00595593 -0.0894917 0.0448986
2091.71 0.229828 -0.114914 -9.76769 0.367298 -0.105284 9.93499 -0.00106901 -0.0948368 0.0423024
2091.73 0.268133 0.0383047 -9.69109 0.369691 -0.0693918 9.91944 -0.00259618 -0.0934624 0.0413861
2091.74 0.306437 0.0766094 -9.72939 0.376869 -0.0622134 9.92543 -0.00824668 -0.0849102 0.0459676
2091.76 0.191523 -0.0383047 -9.72939 0.397208 -0.0705882 9.92303 -0.000152716 -0.097433 0.0416915
2091.78 0.383047 -0.0766094 -9.65278 0.392423 -0.0502493 9.92423 -0.00259618 -0.0940732 0.0436769
2091.79 0.114914 -0.191523 -9.76769 0.392423 -0.061017 9.91705 -0.00305432 -0.0902553 0.0444404
2091.81 0.0766094 -0.114914 -9.92091 0.392423 -0.0586241 9.92782 -0.00442877 -0.0907135 0.0444404
2091.83 0.153219 -0.114914 -9.72939 0.396012 -0.0777667 9.92662 -0.000610865 -0.0954477 0.0423024
2091.84 0.0 -0.0766094 -9.72939 0.391226 -0.0861416 9.9326 -0.00366519 -0.0888809 0.0439823
2091.86 0.191523 0.0383047 -9.53786 0.385244 -0.0681954 9.9338 -0.00641408 -0.0852157 0.0474948
2091.87 0.114914 -0.0766094 -9.42295 0.391226 -0.061017 9.92423 -0.00626137 -0.0833831 0.0461203
2091.89 0.0383047 -0.0766094 -9.61448 0.380459 -0.0586241 9.92662 -0.00244346 -0.091477 0.0436769
2091.91 0.114914 0.0766094 -9.57617 0.386441 -0.066999 9.92184 -0.000916298 -0.0926988 0.0418443
2091.92 0.268133 0.0 -9.806 0.385244 -0.0299103 9.91107 -0.00519235 -0.086132 0.0442877
2091.94 0.229828 -0.0383047 -9.69109 0.394816 -0.0299103 9.92662 -0.00320704 -0.0920879 0.0427606
2091.96 0.153219 0.0766094 -9.34634 0.403191 -0.0275174 9.92184 -0.00274889 -0.0896445 0.0455095
2091.97 0.306437 0.0383047 -9.69109 0.397208 -0.04666 9.93859 -0.00442877 -0.0899499 0.0439823
2091.99 0.268133 -0.0766094 -9.76769 0.366102 -0.0382852 9.92543 -0.0065668 -0.0884227 0.0474948
2092.01 0.383047 0.0766094 -9.53786 0.35653 -0.0346959 9.92064 -0.00534507 -0.0910189 0.0490219
2092.02 0.191523 -0.0766094 -9.72939 0.34337 -0.0681954 9.93499 -0.00763582 -0.0867428 0.0490219
2092.04 0.229828 -0.0383047 -9.88261 0.330209 -0.0753739 9.9314 -0.00290161 -0.0920879 0.0467312
2092.06 0.306437 -0.0383047 -9.76769 0.330209 -0.0921237 9.93739 -0.00534507 -0.091477 0.0459676
2092.07 0.153219 -0.0383047 -9.61448 0.330209 -0.0861416 9.94218 -0.00595593 -0.0891863 0.0459676
2092.09 0.306437 -0.114914 -9.57617 0.331406 -0.106481 9.92543 -0.00259618 -0.0940732 0.0448986
2092.11 0.306437 -0.0766094 -9.69109 0.321834 -0.0897308 9.93739 -0.00733038 -0.0870483 0.0470366
2092.12 0.191523 -0.0383047 -9.65278 0.327816 -0.0981057 9.93499 -0.00702495 -0.0868956 0.0470366
2092.14 0.344742 -0.153219 -9.72939 0.333799 -0.0705882 9.92303 -0.00626137 -0.0884227 0.0468839
2092.16 0.344742 -0.0766094 -9.95922 0.354138 -0.0825523 9.93021 -0.00458149 -0.0923933 0.045204
2092.18 0.268133 -0.0766094 -9.72939 0.364905 -0.0825523 9.93859 -0.00412334 -0.0942259 0.044135
2092.2 0.229828 -0.0383047 -9.72939 0.352941 -0.0789631 9.92423 -0.00198531 -0.096364 0.0438296
2092.21 0.0766094 -0.0766094 -9.76769 0.368495 -0.0981057 9.92782 -0.0074831 -0.0910189 0.0496328
2092.23 0.383047 -0.0383047 -9.65278 0.376869 -0.0957129 9.94337 -0.00962113 -0.0864374 0.0502437
2092.25 0.306437 0.0 -9.61448 0.384048 -0.114855 9.93619 -0.00320704 -0.0942259 0.0481056
2092.26 0.229828 -0.114914 -9.65278 0.387637 -0.112463 9.92901 -0.00274889 -0.0945314 0.0448986
2092.28 0.306437 -0.191523 -9.53786 0.388834 -0.0969093 9.92901 -0.00381791 -0.0926988 0.0476475
2092.29 0.153219 -0.0766094 -9.57617 0.412762 -0.113659 9.9338 -0.00580322 -0.0902553 0.0464257
2092.31 0.229828 -0.114914 -9.65278 0.405583 -0.0885344 9.92184 -0.00427606 -0.0894917 0.0455095
2092.33 0.191523 -0.0383047 -9.88261 0.407976 -0.0861416 9.92662 -0.00473421 -0.0905607 0.044135
2092.34 0.191523 -0.191523 -9.8443 0.410369 -0.0801595 9.92184 -0.00427606 -0.0905607 0.0442877
2092.36 0.344742 0.0 -9.69109 0.434297 -0.0717846 9.92782 -0.00519235 -0.08827 0.0424551
2092.38 0.191523 0.0 -9.76769 0.422333 -0.0634098 9.92303 -0.00519235 -0.0884227 0.0444404
2092.39 0.229828 0.0383047 -9.806 0.418744 -0.0418744 9.92901 -0.00610865 -0.0841467 0.0439823
2092.41 0.0766094 0.0766094 -9.61448 0.401994 -0.061017 9.93499 -0.0056505 -0.0824668 0.0455095
2092.43 0.268133 -0.114914 -9.72939 0.386441 -0.0681954 9.91107 -0.00381791 -0.0888809 0.0438296
2092.45 0.191523 0.114914 -9.8443 0.37328 -0.061017 9.91466 -0.00335976 -0.0896445 0.0438296
2092.46 0.229828 -0.0766094 -9.806 0.355334 -0.0646062 9.9314 -0.00198531 -0.0939205 0.0407752
2092.48 0.306437 0.0 -9.57617 0.363709 -0.0765703 9.91705 -0.000916298 -0.0931569 0.0418443
2092.49 0.268133 -0.114914 -9.76769 0.361316 -0.0801595 9.93978 -0.00229074 -0.0897971 0.0448986
2092.51 0.268133 -0.0383047 -9.69109 0.340977 -0.0646062 9.93619 -0.00473421 -0.0902553 0.0445931
2092.53 0.191523 0.0383047 -9.69109 0.339781 -0.0801595 9.92543 -0.0074831 -0.0846048 0.0448986
2092.54 0.114914 -0.0383047 -9.92091 0.32662 -0.0574277 9.9338 -0.00366519 -0.091477 0.0413861
2092.56 0.191523 0.0 -9.76769 0.338584 -0.0646062 9.94098 -0.00290161 -0.0922406 0.0442877
2092.58 0.229828 0.0 -9.72939 0.336191 -0.0442672 9.94337 -0.00733038 -0.0841467 0.0467312
2092.59 0.191523 -0.0766094 -9.61448 0.329013 -0.04666 9.95055 -0.00381791 -0.0885754 0.045204
2092.61 0.306437 -0.0766094 -9.88261 0.317049 -0.0418744 9.92782 -0.00473421 -0.0878119 0.0444404
2092.63 0.0383047 -0.0766094 -9.72939 0.283549 -0.0478564 9.9314 -0.00213803 -0.0962113 0.0444404
2092.64 0.229828 0.0766094 -9.88261 0.299103 -0.0538385 9.93859 -0.00397062 -0.0910189 0.0481056
2092.66 0.344742 0.0 -9.69109 0.302692 -0.0478564 9.92901 -0.00488692 -0.0925461 0.0461203
2092.68 0.306437 0.0766094 -9.76769 0.305085 -0.0861416 9.9326 -0.00213803 -0.0962113 0.0439823
2092.69 0.191523 -0.114914 -9.65278 0.339781 -0.0909272 9.92543 -0.00290161 -0.0946841 0.0468839
2092.71 0.153219 -0.0383047 -10.0358 0.370887 -0.0969093 9.93021 -0.00381791 -0.0913243 0.0476475
2092.73 0.268133 -0.0766094 -9.72939 0.362513 -0.0993021 9.94337 -0.00473421 -0.0919352 0.0470366
2092.74 0.306437 -0.114914 -9.69109 0.387637 -0.0825523 9.92662 -0.00702495 -0.0901026 0.0490219
2092.76 0.114914 -0.114914 -9.69109 0.394816 -0.0837488 9.92543 -0.00244346 -0.0951423 0.0468839
2092.77 0.153219 -0.114914 -10.0358 0.415155 -0.087338 9.91466 -0.00397062 -0.0919352 0.0453567
2092.79 0.229828 -0.114914 -9.72939 0.427119 -0.0777667 9.93739 -0.00488692 -0.091477 0.043066
2092.81 0.153219 -0.0766094 -9.69109 0.421137 -0.0765703 9.93739 -0.00458149 -0.089339 0.047342
2092.82 0.0766094 -0.153219 -9.42295 0.404387 -0.0765703 9.92064 -0.00641408 -0.0875064 0.0459676
2092.84 0.191523 -0.153219 -9.61448 0.39003 -0.0909272 9.91466 -0.00458149 -0.0891863 0.0453567
2092.86 0.153219 -0.0766094 -9.76769 0.398405 -0.0981057 9.92303 -0.00641408 -0.0868956 0.0474948
2092.87 0.268133 -0.0766094 -9.65278 0.41994 -0.11007 9.91705 -0.00366519 -0.0926988 0.0482583
2092.89 0.153219 -0.0766094 -9.69109 0.398405 -0.0897308 9.92782 -0.0065668 -0.08827 0.0470366
2092.91 0.153219 -0.153219 -9.69109 0.412762 -0.117248 9.92064 -0.00427606 -0.0878119 0.0478002
2092.92 -0.0383047 -0.0766094 -9.806 0.412762 -0.111266 9.92064 -0.0018326 -0.0942259 0.0439823
2092.94 0.229828 -0.0766094 -9.53786 0.417547 -0.106481 9.93619 -0.00381791 -0.0884227 0.0444404
2092.96 0.229828 -0.0383047 -9.65278 0.409173 -0.111266 9.93021 -0.00213803 -0.0899499 0.0407752
2092.97 0.0 -0.114914 -9.38465 0.391226 -0.0981057 9.93978 -0.00366519 -0.0876591 0.0435241
2092.99 0.153219 0.0383047 -9.69109 0.381655 -0.100499 9.91705 -0.0018326 -0.0902553 0.0421497
2093.01 0.191523 -0.0383047 -9.76769 0.358923 -0.0729811 9.92662 -0.00488692 -0.0858265 0.0444404
2093.02 0.268133 0.0 -9.69109 0.332602 -0.0634098 9.93021 -0.00351247 -0.0910189 0.0415388
2093.04 0.344742 -0.0383047 -9.57617 0.314656 -0.0646062 9.9338 -0.00274889 -0.0907135 0.0416915
2093.05 0.344742 -0.0766094 -9.69109 0.314656 -0.0646062 9.9338 -0.00244346 -0.0908662 0.0427606
2093.07 0.459656 -0.0766094 -9.72939 0.317049 -0.0658026 9.94457 -0.00320704 -0.0925461 0.0427606
2093.09 0.268133 0.0 -9.88261 0.31346 -0.0705882 9.90748 -0.00274889 -0.0925461 0.0456622
2093.1 0.459656 0.0 -9.65278 0.318245 -0.0526421 9.92303 -0.00503964 -0.0913243 0.0442877
2093.12 0.191523 0.0 -9.65278 0.320638 -0.0646062 9.93499 -0.00229074 -0.0928515 0.0448986
2093.14 0.344742 0.0383047 -9.76769 0.333799 -0.066999 9.92901 -0.00167988 -0.0948368 0.044135
2093.16 0.0383047 0.0766094 -9.72939 0.345763 -0.0705882 9.92184 -0.00488692 -0.089339 0.0459676
2093.17 0.306437 0.0383047 -9.8443 0.334995 -0.0598205 9.92543 -0.00305432 -0.0928515 0.0461203
2093.19 0.306437 -0.0766094 -9.65278 0.339781 -0.0502493 9.9314 -0.00503964 -0.0897971 0.0455095
2093.2 0.114914 0.0 -9.65278 0.342173 -0.0418744 9.9314 -0.00335976 -0.0936151 0.0442877
2093.22 0.191523 0.0766094 -9.65278 0.344566 -0.0526421 9.91824 -0.00580322 -0.0926988 0.0456622
2093.24 0.268133 -0.0766094 -9.8443 0.355334 -0.0454636 9.93739 -0.00274889 -0.0951423 0.0444404
2093.25 0.153219 -0.0383047 -9.8443 0.362513 -0.0382852 9.92662 -0.00351247 -0.0940732 0.0458149
2093.27 0.229828 0.114914 -9.61448 0.366102 -0.040678 9.90748 -0.00610865 -0.0899499 0.0500909
2093.29 0.114914 0.0 -9.61448 0.379262 -0.0358923 9.92303 -0.00580322 -0.0891863 0.0496328
2093.3 0.191523 -0.114914 -9.76769 0.391226 -0.061017 9.92901 -0.00351247 -0.0917825 0.0464257
2093.32 0.191523 -0.114914 -9.99752 0.415155 -0.066999 9.91944 -0.00549779 -0.0934624 0.0478002
2093.34 0.0766094 -0.0766094 -9.806 0.405583 -0.066999 9.92543 -0.00687223 -0.0908662 0.0511599
2093.35 0.191523 0.0 -9.69109 0.43669 -0.0825523 9.93739 -0.00687223 -0.0865901 0.0511599
2093.37 -0.0383047 -0.114914 -9.65278 0.428315 -0.0849452 9.93021 -0.00381791 -0.0939205 0.0476475
2093.39 0.268133 -0.191523 -9.72939 0.417547 -0.0885344 9.9314 -0.00519235 -0.0899499 0.044135
2093.4 0.306437 -0.153219 -9.72939 0.401994 -0.102891 9.92423 -0.00580322 -0.0896445 0.0458149
2093.42 0.0 -0.0766094 -9.61448 0.401994 -0.0969093 9.93021 -0.00626137 -0.0890336 0.0464257
2093.44 0.0766094 -0.0383047 -9.38465 0.40678 -0.0945165 9.92782 -0.00610865 -0.0881173 0.0450513
2093.45 0.114914 -0.0766094 -9.72939 0.368495 -0.101695 9.93499 -0.00580322 -0.0881173 0.045204
2093.47 0.114914 0.0 -9.65278 0.369691 -0.0993021 9.9314 -0.00366519 -0.0930042 0.043066
2093.49 0.0766094 -0.114914 -9.65278 0.366102 -0.101695 9.92303 -0.0065668 -0.087201 0.0464257
2093.5 0.268133 -0.0383047 -9.806 0.352941 -0.102891 9.93499 -0.00244346 -0.0905607 0.0447459
2093.52 0.191523 0.0 -9.65278 0.36012 -0.102891 9.9314 -0.00213803 -0.0939205 0.0447459
2093.54 0.191523 -0.0383047 -9.76769 0.369691 -0.101695 9.92303 -0.00687223 -0.0852157 0.0468839
2093.55 0.153219 -0.0383047 -9.65278 0.369691 -0.112463 9.92303 -0.00473421 -0.0902553 0.0455095
2093.57 0.229828 -0.0766094 -9.15482 0.381655 -0.111266 9.93859 -0.0074831 -0.0844521 0.0476475
2093.58 0.153219 -0.0766094 -9.69109 0.349352 -0.118445 9.9338 -0.00305432 -0.0913243 0.043066
2093.6 0.191523 -0.0383047 -9.92091 0.332602 -0.104088 9.92543 -0.00229074 -0.0890336 0.0439823
2093.62 0.191523 -0.191523 -9.69109 0.323031 -0.102891 9.91705 -0.00305432 -0.0902553 0.0412334
2093.63 0.191523 -0.0766094 -9.69109 0.32662 -0.0957129 9.93739 -0.00381791 -0.0905607 0.0435241
2093.65 0.268133 -0.114914 -9.69109 0.317049 -0.0765703 9.93739 -0.00229074 -0.0919352 0.0406225
2093.67 0.191523 0.0766094 -9.76769 0.327816 -0.0753739 9.93739 -0.000916298 -0.0949895 0.0400117
2093.68 0.229828 -0.153219 -9.61448 0.332602 -0.0598205 9.92901 -0.00335976 -0.0919352 0.0418443
2093.7 0.268133 -0.0766094 -9.76769 0.349352 -0.0478564 9.94218 -0.0056505 -0.0868956 0.0465785
2093.72 0.306437 0.0383047 -9.95922 0.344566 -0.0622134 9.92543 -0.00320704 -0.0905607 0.0442877
2093.73 0.229828 0.114914 -9.57617 0.366102 -0.0502493 9.93619 0.000458149 -0.0951423 0.0407752
2093.75 0.229828 -0.0383047 -9.72939 0.385244 -0.0394815 9.93619 -0.00137445 -0.0957531 0.0447459
2093.77 0.0 -0.0383047 -9.65278 0.382851 -0.0681954 9.93499 -0.00519235 -0.0917825 0.0478002
2093.78 0.0766094 0.0 -9.8443 0.385244 -0.0430708 9.92901 -0.00244346 -0.0937678 0.044135
2093.8 0.114914 -0.114914 -9.72939 0.381655 -0.0598205 9.92303 -0.00610865 -0.0849102 0.0490219
2093.82 0.229828 -0.0766094 -9.38465 0.362513 -0.0478564 9.92662 -0.00595593 -0.0897971 0.047342
2093.83 0.229828 0.0 -9.8443 0.384048 -0.0598205 9.92064 -0.00259618 -0.0948368 0.0445931
2093.85 0.153219 0.0 -9.69109 0.393619 -0.0454636 9.94457 -0.00671952 -0.0868956 0.0468839
2093.87 0.153219 -0.0383047 -9.95922 0.393619 -0.0382852 9.93499 -0.0056505 -0.0887282 0.0461203
2093.88 0.114914 -0.114914 -9.57617 0.379262 -0.0394815 9.91346 -0.00442877 -0.0925461 0.0447459
2093.9 0.0383047 -0.0766094 -9.76769 0.400798 -0.0454636 9.93021 -0.0018326 -0.0957531 0.0435241
2093.92 0.268133 -0.0383047 -9.88261 0.416351 -0.0490528 9.92901 -0.00397062 -0.0923933 0.0464257
2093.93 0.0766094 0.0 -9.46126 0.39003 -0.0490528 9.91705 -0.00488692 -0.0926988 0.045204
2093.95 0.153219 -0.0383047 -9.61448 0.398405 -0.0538385 9.91944 -0.00809396 -0.0864374 0.0496328
2093.97 0.114914 -0.0383047 -9.65278 0.398405 -0.0753739 9.92423 -0.0074831 -0.0870483 0.0497855
2093.98 0.344742 -0.0766094 -9.76769 0.374477 -0.104088 9.92423 -0.00595593 -0.0896445 0.046273
2094.0 0.306437 -0.0766094 -9.92091 0.355334 -0.100499 9.9326 -0.00351247 -0.0926988 0.0471893
2094.02 0.383047 -0.0766094 -9.72939 0.349352 -0.112463 9.92543 -0.00519235 -0.0920879 0.0461203
2094.03 0.229828 -0.0766094 -9.72939 0.348156 -0.135194 9.92064 -0.00626137 -0.0865901 0.0496328
2094.05 0.191523 -0.114914 -9.61448 0.337388 -0.119641 9.92782 -0.00442877 -0.08827 0.0465785
2094.07 0.153219 -0.114914 -9.72939 0.355334 -0.107677 9.93978 -0.00763582 -0.0862847 0.0461203
2094.08 0.191523 -0.0766094 -9.72939 0.349352 -0.106481 9.93499 -0.00519235 -0.0913243 0.0448986
2094.1 0.306437 -0.114914 -9.92091 0.364905 -0.113659 9.94218 -0.00503964 -0.0888809 0.044135
2094.12 0.191523 0.0383047 -9.53786 0.355334 -0.120837 9.93619 -0.00488692 -0.0925461 0.0456622
2094.13 0.114914 -0.0383047 -9.88261 0.348156 -0.0897308 9.94337 -0.000305433 -0.0956004 0.0432187
2094.15 0.114914 -0.114914 -9.95922 0.36012 -0.0945165 9.94337 -0.00259618 -0.0896445 0.0461203
2094.16 0.268133 -0.0766094 -9.76769 0.355334 -0.0993021 9.91705 -0.00595593 -0.085063 0.0467312
2094.18 0.229828 -0.229828 -9.8443 0.352941 -0.104088 9.94218 -0.00519235 -0.0884227 0.0459676
2094.2 0.114914 -0.114914 -9.69109 0.349352 -0.116052 9.93978 -0.00366519 -0.090408 0.0448986
2094.21 0.306437 0.0 -9.69109 0.332602 -0.105284 9.92901 -0.00488692 -0.0897971 0.0467312
2094.23 0.114914 0.0 -9.65278 0.357727 -0.107677 9.9314 -0.00290161 -0.0907135 0.0450513
2094.24 0.229828 -0.0766094 -9.8443 0.352941 -0.0885344 9.93619 -0.00595593 -0.0864374 0.0455095
2094.26 0.229828 -0.114914 -9.72939 0.363709 -0.0849452 9.94815 -0.00442877 -0.0907135 0.043066
2094.27 0.153219 0.0 -9.53786 0.379262 -0.0693918 9.94815 -0.00167988 -0.0934624 0.0429133
2094.29 0.229828 -0.0766094 -9.65278 0.380459 -0.0502493 9.93021 0.00152716 -0.0957531 0.0403171
2094.3 0.229828 0.0 -9.8443 0.385244 -0.0550349 9.92662 -0.00412334 -0.0913243 0.045204
2094.32 0.153219 -0.0766094 -9.72939 0.385244 -0.0394815 9.92423 -0.000610865 -0.0949895 0.0423024
2094.34 0.0766094 0.0 -9.69109 0.404387 -0.026321 9.90748 -0.00106901 -0.0942259 0.0433714
2094.35 0.191523 -0.0383047 -9.76769 0.400798 -0.0299103 9.91944 -0.00305432 -0.0919352 0.0439823
2094.95 0.0766094 -0.114914 -9.8443 0.387637 -0.0442672 9.91944 -0.00290161 -0.0910189 0.0435241
2094.96 0.344742 0.0766094 -9.65278 0.384048 -0.0358923 9.9338 -0.00274889 -0.091477 0.0413861
2094.98 0.268133 0.0766094 -9.76769 0.367298 -0.0346959 9.91107 -0.00320704 -0.0949895 0.0424551
2094.99 0.268133 -0.0383047 -9.72939 0.367298 -0.0346959 9.9338 -0.00335976 -0.0922406 0.0453567
2095.01 0.191523 -0.0383047 -9.53786 0.357727 -0.0418744 9.92423 -0.00473421 -0.0907135 0.0447459
2095.03 0.229828 0.0 -9.61448 0.355334 -0.0514457 9.94218 -0.000763581 -0.0922406 0.0458149
2095.04 0.229828 -0.0383047 -9.72939 0.349352 -0.0562313 9.94218 -0.00397062 -0.0902553 0.0487165
2095.06 0.191523 0.0 -9.806 0.339781 -0.0586241 9.92303 -0.00488692 -0.090408 0.0464257
2095.08 0.114914 0.0 -10.0741 0.36012 -0.0717846 9.92064 -0.00717767 -0.0884227 0.0488692
2095.09 0.268133 -0.0383047 -9.65278 0.346959 -0.0825523 9.9338 -0.00290161 -0.0940732 0.0445931
2095.11 0.229828 0.0 -9.65278 0.350548 -0.0705882 9.94218 -0.00320704 -0.0937678 0.0459676
2095.13 0.229828 -0.0766094 -9.806 0.366102 -0.0777667 9.93859 -0.00412334 -0.0885754 0.0458149
2095.14 0.268133 -0.0383047 -9.53786 0.361316 -0.0813559 9.93021 -0.00702495 -0.087201 0.0485638
2095.16 0.268133 -0.153219 -9.69109 0.358923 -0.0777667 9.9338 -0.00580322 -0.08827 0.045204
2095.18 0.191523 -0.153219 -9.57617 0.344566 -0.0753739 9.91705 -0.00320704 -0.0920879 0.0438296
2095.19 0.153219 0.0 -9.65278 0.340977 -0.0765703 9.9338 -0.00549779 -0.0926988 0.0481056
2095.21 0.191523 -0.153219 -9.57617 0.34337 -0.0909272 9.92901 -0.00427606 -0.0925461 0.0488692
2095.22 0.153219 -0.0766094 -9.8443 0.345763 -0.0765703 9.93499 -0.00641408 -0.0917825 0.0467312
2095.24 0.114914 -0.114914 -9.53786 0.34337 -0.0969093 9.9326 -0.00702495 -0.089339 0.0497855
2095.26 0.268133 -0.153219 -9.76769 0.362513 -0.102891 9.92662 -0.00595593 -0.0913243 0.0500909
2095.27 0.306437 0.0766094 -9.61448 0.370887 -0.100499 9.93859 -0.00320704 -0.0910189 0.0474948
2095.29 0.268133 -0.0766094 -9.76769 0.391226 -0.112463 9.93739 -0.00580322 -0.091477 0.0490219
2095.31 0.191523 -0.114914 -9.76769 0.400798 -0.114855 9.93021 -0.00366519 -0.0931569 0.0467312
2095.32 0.191523 -0.0383047 -9.57617 0.400798 -0.113659 9.93619 -0.00366519 -0.0911716 0.0439823
2095.34 0.191523 0.0 -9.61448 0.376869 -0.108873 9.92782 -0.00534507 -0.0885754 0.0432187
2095.36 -0.0383047 0.0 -9.88261 0.407976 -0.106481 9.9326 -0.00381791 -0.0894917 0.0439823
2095.37 0.153219 0.0766094 -9.76769 0.410369 -0.0837488 9.93619 -0.00458149 -0.0885754 0.046273
2095.39 0.153219 -0.114914 -9.57617 0.411565 -0.0849452 9.93978 -0.00351247 -0.0901026 0.044135
2095.41 0.0766094 -0.153219 -9.806 0.374477 -0.0765703 9.91944 -0.00488692 -0.08827 0.0426078
2095.42 0.0383047 -0.0766094 -9.49956 0.386441 -0.0622134 9.91944 -0.000916298 -0.0940732 0.0410807
2095.44 0.229828 0.0383047 -9.76769 0.378066 -0.0538385 9.93499 -0.00519235 -0.087201 0.0435241
2095.46 0.0383047 0.0 -9.76769 0.379262 -0.0789631 9.94576 -0.00213803 -0.0890336 0.0429133
2095.47 0.306437 -0.0766094 -9.61448 0.387637 -0.0753739 9.93619 -0.00320704 -0.0916298 0.045204
2095.49 0.306437 -0.0766094 -9.95922 0.388834 -0.0586241 9.92423 -0.00229074 -0.0920879 0.0448986
2095.51 0.191523 0.0 -9.69109 0.380459 -0.0634098 9.93619 -0.00442877 -0.0868956 0.0447459
2095.52 0.191523 0.0 -9.61448 0.384048 -0.0789631 9.93619 -0.00152716 -0.0942259 0.0426078
2095.54 0.191523 -0.153219 -9.65278 0.387637 -0.0705882 9.92782 -0.00381791 -0.0884227 0.0415388
2095.56 0.114914 -0.114914 -9.95922 0.380459 -0.0634098 9.9338 -0.00259618 -0.0890336 0.0435241
2095.57 0.191523 0.0 -9.72939 0.355334 -0.0598205 9.9326 -0.00152716 -0.0917825 0.0410807
2095.59 0.229828 -0.0766094 -9.65278 0.330209 -0.0574277 9.9314 -0.00351247 -0.090408 0.0438296
2095.61 0.268133 -0.0766094 -9.88261 0.349352 -0.0598205 9.92423 -0.00488692 -0.0879646 0.0436769
2095.62 0.229828 -0.114914 -9.69109 0.327816 -0.0442672 9.92064 -0.00733038 -0.0855211 0.0461203
2095.64 0.191523 -0.0766094 -9.65278 0.331406 -0.0442672 9.93619 -0.00152716 -0.0946841 0.0444404
2095.66 0.229828 0.0 -9.806 0.337388 -0.061017 9.92423 -0.00427606 -0.0910189 0.0479529
2095.67 0.383047 0.0766094 -9.92091 0.351745 -0.061017 9.94218 -0.00229074 -0.0930042 0.045204
2095.69 0.306437 0.0 -9.69109 0.336191 -0.0693918 9.92423 -0.000916298 -0.0945314 0.0442877
2095.7 0.0766094 -0.0766094 -9.65278 0.361316 -0.0789631 9.9314 -0.00717767 -0.0865901 0.0479529
2095.72 0.229828 -0.0383047 -9.57617 0.36012 -0.0765703 9.94218 -0.0065668 -0.0902553 0.0478002
2095.74 0.344742 -0.153219 -9.95922 0.36012 -0.0813559 9.93619 -0.00412334 -0.0951423 0.0461203
2095.75 0.229828 -0.0383047 -9.53786 0.348156 -0.0825523 9.92901 -0.00580322 -0.0897971 0.0465785
2095.77 0.0383047 -0.114914 -9.72939 0.334995 -0.0849452 9.92543 -0.0018326 -0.0962113 0.0438296
2095.79 0.268133 -0.0383047 -9.65278 0.372084 -0.087338 9.94457 -0.00290161 -0.0940732 0.0456622
2095.8 0.153219 0.0383047 -9.57617 0.355334 -0.087338 9.9326 -0.00198531 -0.0949895 0.0435241
2095.82 0.191523 -0.191523 -9.65278 0.345763 -0.0837488 9.92423 -0.00503964 -0.0911716 0.0484111
2095.83 0.191523 -0.0383047 -9.65278 0.36012 -0.0801595 9.93978 -0.00335976 -0.0954477 0.0478002
2095.85 0.153219 -0.153219 -9.72939 0.379262 -0.0717846 9.94098 -0.00412334 -0.0919352 0.0439823
2095.87 0.191523 0.0 -9.99752 0.375673 -0.0909272 9.9326 -0.00473421 -0.0897971 0.0470366
2095.88 0.268133 -0.114914 -9.806 0.392423 -0.0777667 9.92423 -0.00610865 -0.089339 0.0471893
2095.9 0.229828 -0.153219 -9.806 0.422333 -0.0777667 9.9338 -0.00442877 -0.0933096 0.0453567
2095.92 0.229828 -0.0766094 -9.92091 0.405583 -0.108873 9.91466 -0.00534507 -0.0899499 0.0478002
2095.93 0.114914 0.0 -9.76769 0.393619 -0.09332 9.92662 -0.00534507 -0.0907135 0.0459676
2095.95 0.268133 -0.114914 -9.72939 0.425922 -0.116052 9.93499 -0.00595593 -0.0878119 0.0450513
2095.97 0.0766094 -0.114914 -9.61448 0.398405 -0.09332 9.9326 -0.00549779 -0.0867428 0.0453567
2095.98 0.306437 -0.0383047 -9.806 0.404387 -0.104088 9.92543 -0.00488692 -0.0907135 0.0438296
2096.0 0.153219 -0.114914 -9.72939 0.384048 -0.105284 9.92662 -0.0018326 -0.0948368 0.0418443
2096.02 0.191523 0.0 -9.69109 0.384048 -0.0753739 9.94576 -0.00137445 -0.0919352 0.0407752
2096.03 0.191523 -0.191523 -9.46126 0.368495 -0.0777667 9.92782 -0.0018326 -0.0910189 0.0435241
2096.05 0.268133 -0.0383047 -9.69109 0.364905 -0.0861416 9.93619 -0.00167988 -0.0913243 0.043066
2096.07 0.0766094 -0.114914 -9.806 0.372084 -0.0681954 9.92184 -0.00671952 -0.0852157 0.0448986
2096.08 0.191523 0.0766094 -9.65278 0.372084 -0.0634098 9.92662 -0.00213803 -0.0916298 0.0442877
2096.1 0.268133 -0.114914 -9.69109 0.363709 -0.0562313 9.93739 -0.00167988 -0.0907135 0.0444404
2096.12 0.229828 -0.114914 -9.61448 0.364905 -0.0717846 9.92064 -0.00351247 -0.091477 0.044135
2096.13 0.0383047 -0.0766094 -9.61448 0.369691 -0.0717846 9.91824 -0.00335976 -0.089339 0.0444404
2096.15 0.153219 0.0383047 -9.88261 0.376869 -0.0717846 9.93859 -0.000152716 -0.0943787 0.0418443
2096.17 0.229828 -0.0383047 -9.72939 0.352941 -0.0729811 9.93499 -0.00702495 -0.0836885 0.0465785
2096.18 0.0766094 -0.114914 -9.69109 0.344566 -0.0622134 9.93859 -0.00687223 -0.0868956 0.0456622
2096.2 0.191523 0.0383047 -9.88261 0.333799 -0.0514457 9.92901 -0.00351247 -0.0896445 0.0439823
2096.22 0.268133 -0.0383047 -9.806 0.334995 -0.0753739 9.94218 -0.000610865 -0.0940732 0.0423024
2096.23 0.306437 0.0766094 -9.69109 0.317049 -0.0550349 9.92423 -0.00320704 -0.0925461 0.0421497
2096.25 0.229828 -0.114914 -9.69109 0.31346 -0.0490528 9.95414 -0.00381791 -0.0928515 0.0436769
2096.26 0.0383047 -0.153219 -9.72939 0.339781 -0.0490528 9.93619 -0.00458149 -0.0896445 0.046273
2096.28 0.268133 0.0766094 -9.65278 0.320638 -0.0514457 9.9326 -0.00717767 -0.0881173 0.0474948
2096.3 0.229828 -0.0383047 -9.8443 0.331406 -0.0454636 9.9314 -0.00366519 -0.0913243 0.0479529
2096.31 0.191523 -0.0383047 -9.65278 0.334995 -0.0574277 9.93021 -0.00198531 -0.0934624 0.047342
2096.33 0.153219 -0.0383047 -9.61448 0.376869 -0.0705882 9.92543 -0.00259618 -0.0966694 0.0455095
2096.35 0.229828 -0.0766094 -9.99752 0.374477 -0.0777667 9.9314 -0.00595593 -0.0888809 0.0482583
2096.36 0.306437 -0.0383047 -9.53786 0.376869 -0.0717846 9.9314 -0.00687223 -0.0879646 0.0500909
2096.38 0.459656 0.0 -9.69109 0.376869 -0.087338 9.9338 -0.00229074 -0.099571 0.0464257
2096.4 0.114914 -0.0766094 -9.806 0.372084 -0.0897308 9.93499 -0.00442877 -0.0925461 0.0461203
2096.41 0.191523 -0.153219 -9.76769 0.381655 -0.100499 9.91705 -0.00519235 -0.0910189 0.0468839
2096.43 0.191523 -0.0383047 -9.72939 0.387637 -0.0717846 9.9314 -0.00274889 -0.0969748 0.044135
2096.45 0.191523 0.114914 -9.65278 0.398405 -0.0765703 9.9338 -0.00671952 -0.0879646 0.0481056
2096.46 0.268133 0.0 -9.99752 0.399601 -0.0945165 9.94098 -0.00549779 -0.0899499 0.0450513
2096.48 0.153219 0.0383047 -9.806 0.398405 -0.0837488 9.93021 -0.00381791 -0.0934624 0.045204
2096.49 0.191523 0.0383047 -9.72939 0.407976 -0.0658026 9.93021 -0.0065668 -0.087201 0.0485638
2096.51 0.153219 -0.0383047 -9.69109 0.387637 -0.0813559 9.9314 -0.00488692 -0.0902553 0.0468839
2096.53 0.0766094 -0.191523 -9.61448 0.387637 -0.087338 9.91824 -0.00855211 -0.0855211 0.0464257
2096.54 0.229828 0.0 -9.806 0.40678 -0.0981057 9.93619 -0.00381791 -0.0905607 0.0445931
2096.56 0.229828 -0.0383047 -9.69109 0.393619 -0.087338 9.9326 -0.00595593 -0.0856738 0.0482583
2096.58 0.191523 -0.0383047 -9.61448 0.381655 -0.107677 9.91466 -0.00473421 -0.0910189 0.047342
2096.59 0.229828 -0.0766094 -9.57617 0.382851 -0.100499 9.94098 -0.00519235 -0.0878119 0.0464257
2096.61 0.191523 -0.0383047 -9.72939 0.378066 -0.104088 9.93978 -0.00381791 -0.0905607 0.0429133
2096.63 0.191523 -0.114914 -9.65278 0.35653 -0.106481 9.92303 -0.00503964 -0.0876591 0.0442877
2096.64 0.268133 -0.153219 -9.72939 0.351745 -0.104088 9.93021 -0.00397062 -0.0902553 0.0433714
2096.66 0.421352 -0.0766094 -9.42295 0.368495 -0.0945165 9.93859 -0.00290161 -0.0928515 0.0426078
2096.68 0.306437 -0.0383047 -9.76769 0.36012 -0.0765703 9.92901 -0.00488692 -0.0873537 0.0429133
2096.69 0.229828 -0.114914 -9.72939 0.340977 -0.0789631 9.93499 -0.00122173 -0.0917825 0.0416915
2096.71 0.191523 -0.0383047 -9.65278 0.352941 -0.0705882 9.91585 -0.00167988 -0.0931569 0.0418443
2096.73 0.191523 0.0 -9.49956 0.348156 -0.0777667 9.9338 -0.00503964 -0.0879646 0.0464257
2096.74 0.229828 -0.0766094 -9.65278 0.34337 -0.0681954 9.93978 -0.00320704 -0.0911716 0.0459676
2096.76 0.229828 -0.0766094 -9.72939 0.334995 -0.0646062 9.91824 -0.0056505 -0.0887282 0.0468839
2096.78 0.229828 -0.0766094 -9.92091 0.344566 -0.066999 9.93978 -0.00488692 -0.08827 0.0456622
2096.79 0.114914 0.0 -9.8443 0.361316 -0.0777667 9.93859 -0.00244346 -0.0928515 0.043066
2096.81 0.229828 -0.0766094 -9.65278 0.342173 -0.0681954 9.92901 -0.0018326 -0.0901026 0.0442877
2096.83 0.114914 -0.153219 -9.72939 0.329013 -0.0646062 9.92782 -0.0065668 -0.0865901 0.0465785
2096.84 0.229828 0.0 -9.76769 0.345763 -0.0634098 9.92303 -0.00351247 -0.091477 0.0442877
2096.86 0.229828 0.0383047 -9.76769 0.349352 -0.0586241 9.92543 -0.0056505 -0.0902553 0.0456622
2096.88 0.268133 0.0 -9.76769 0.349352 -0.0562313 9.91944 -0.00351247 -0.0943787 0.0435241
2096.89 0.153219 -0.0766094 -9.69109 0.363709 -0.040678 9.93021 -0.00473421 -0.090408 0.0453567
2096.91 0.0766094 0.0383047 -9.76769 0.39003 -0.0334995 9.92184 -0.00305432 -0.0926988 0.0458149
2096.93 0.0 0.0 -9.57617 0.397208 -0.0382852 9.9338 -0.00335976 -0.0943787 0.0455095
2096.94 0.191523 0.0 -9.806 0.39003 -0.0478564 9.93739 -0.00671952 -0.0867428 0.0488692
2096.96 0.114914 -0.0383047 -9.806 0.388834 -0.0538385 9.91824 -0.00641408 -0.0875064 0.0482583
2096.98 0.191523 -0.0766094 -9.57617 0.392423 -0.0681954 9.91585 -0.00626137 -0.0917825 0.0476475
2096.99 0.114914 -0.0766094 -9.806 0.39003 -0.0705882 9.9326 -0.00335976 -0.0926988 0.0476475
2097.01 0.114914 -0.0383047 -9.72939 0.388834 -0.0885344 9.9338 -0.0056505 -0.0917825 0.047342
2097.03 0.153219 -0.229828 -9.61448 0.386441 -0.087338 9.93859 -0.00442877 -0.0919352 0.0470366
2097.04 0.306437 -0.0383047 -9.88261 0.384048 -0.0849452 9.93619 -0.0065668 -0.08827 0.0482583
2097.06 0.191523 -0.0766094 -9.806 0.385244 -0.0909272 9.9314 -0.00641408 -0.0875064 0.0447459
2097.08 0.229828 -0.114914 -9.57617 0.39003 -0.106481 9.9326 -0.00519235 -0.090408 0.0461203
2097.09 0.114914 -0.114914 -9.69109 0.394816 -0.0837488 9.91227 -0.00702495 -0.0870483 0.0470366
2097.11 0.229828 -0.0383047 -9.61448 0.375673 -0.0765703 9.92901 -0.00366519 -0.0899499 0.0458149
2097.13 0.268133 -0.0766094 -9.72939 0.391226 -0.0885344 9.94337 -0.00610865 -0.0881173 0.0450513
2097.14 0.229828 -0.0383047 -9.92091 0.370887 -0.0837488 9.9326 -0.00458149 -0.0884227 0.0444404
2097.16 0.153219 -0.153219 -9.46126 0.380459 -0.0861416 9.93859 -0.00519235 -0.08827 0.0450513
2097.17 0.191523 -0.114914 -9.72939 0.357727 -0.0909272 9.93499 -0.00290161 -0.0923933 0.0453567
2097.19 0.229828 -0.0766094 -9.806 0.362513 -0.119641 9.92782 -0.00274889 -0.0916298 0.0465785
2097.21 0.153219 -0.0383047 -9.61448 0.384048 -0.12323 9.94576 -0.00244346 -0.0933096 0.046273
2097.22 0.153219 -0.114914 -9.76769 0.36012 -0.106481 9.92303 -0.00320704 -0.0911716 0.0432187
2097.24 0.153219 -0.191523 -9.69109 0.348156 -0.11007 9.93739 -0.0018326 -0.0934624 0.0432187
2097.26 0.229828 -0.0766094 -9.65278 0.357727 -0.107677 9.92782 -0.00381791 -0.090408 0.0442877
2097.27 0.344742 -0.0383047 -9.69109 0.369691 -0.0945165 9.9314 -0.00351247 -0.090408 0.044135
2097.29 0.268133 -0.0383047 -9.76769 0.362513 -0.0825523 9.93619 -0.00152716 -0.0937678 0.043066
2097.31 0.153219 -0.0766094 -9.69109 0.355334 -0.087338 9.92782 -0.00519235 -0.0905607 0.0424551
2097.32 0.268133 -0.114914 -9.95922 0.350548 -0.0681954 9.9338 -0.00229074 -0.0933096 0.0416915
2097.34 0.153219 0.0 -9.76769 0.345763 -0.0574277 9.93021 -0.00534507 -0.087201 0.0455095
