2429.22 1.6088 4.21351 13.4833 -2.1679 3.69093 -12.9823 2.52883 0.515265 -5.0039
2429.24 1.57049 4.0603 13.7514 -2.19541 4.49372 -12.6293 2.51661 0.660498 -5.0039
2429.26 2.41319 3.44742 12.9087 -2.4993 4.0008 -12.9619 2.43307 0.952644 -5.0039
2429.27 2.98777 2.41319 13.1385 -3.17288 2.76132 -12.8626 2.29227 1.21944 -5.0039
2429.29 1.6471 1.6471 12.3341 -3.21834 2.20259 -12.7035 2.20858 1.33795 -5.0039
2429.31 4.55826 0.766094 12.1809 -4.39561 1.14736 -12.2967 2.00776 1.54885 -5.0039
2429.32 3.79216 1.57049 12.1426 -3.80339 1.8018 -11.8122 1.77075 1.70294 -5.0039
2429.34 3.40912 1.11084 11.6063 -3.85005 1.30528 -11.4544 1.63956 1.75899 -5.0039
2429.36 3.37081 0.65118 11.7978 -3.93739 1.06839 -11.6782 1.36971 1.83916 -5.0039
2429.37 3.63894 0.268133 11.2233 -3.8668 0.281157 -11.2247 1.08093 1.86543 -5.0039
2429.39 3.37081 -0.306437 11.6063 -3.93499 0.0861416 -11.5011 0.799317 1.83 -5.0039
2429.41 3.56234 -0.344742 11.4914 -3.95055 -0.199801 -11.4257 0.662025 1.79213 -5.0039
2429.42 3.52403 -0.57457 11.1084 -3.88116 -0.6999 -10.9615 0.40592 1.66797 -5.0039
2429.44 3.2559 -1.07253 10.9551 -3.42054 -1.20239 -10.459 0.189826 1.49234 -5.0039
2429.46 3.14098 -1.34066 10.3423 -3.68375 -1.49671 -10.544 0.0994183 1.39812 -5.0039
2429.47 3.02607 -1.41727 9.8443 -2.89771 -1.68574 -9.39063 -0.0561996 1.16782 -5.0039
2429.49 2.37489 -1.91523 8.73347 -2.60459 -2.08774 -8.3665 -0.16585 0.945314 -5.0039
2429.5 2.25998 -2.06845 8.50364 -2.38205 -2.09492 -7.95015 -0.205862 0.836427 -5.0039
2429.52 2.33659 -2.10676 8.12059 -2.19063 -2.35932 -7.72642 -0.254273 0.602771 -5.0039
2429.54 1.95354 -2.18337 8.38873 -2.16311 -2.62971 -7.82453 -0.258396 0.376446 -5.0039
2429.55 1.80032 -2.29828 8.42703 -1.88195 -2.72303 -7.47877 -0.243124 0.264963 -5.0039
2429.57 1.72371 -2.29828 8.1972 -1.4656 -2.69312 -7.6008 -0.186925 0.0505491 -5.0039
2429.59 1.11084 -2.60472 8.42703 -1.33878 -2.90369 -8.2014 -0.0868956 -0.141721 -5.0039
2429.6 1.37897 -2.60472 8.92499 -0.842273 -2.83071 -8.28275 -0.0268781 -0.228158 -5.0039
2429.62 0.459656 -2.4515 8.84838 -0.486939 -2.79242 -8.05544 0.116217 -0.368046 -5.0039
2429.64 0.229828 -2.4898 9.15482 -0.210568 -2.77687 -8.32343 0.276569 -0.471588 -5.0039
2429.65 0.153219 -2.37489 9.61448 -0.0382852 -2.7338 -8.77687 0.459371 -0.53466 -5.0039
2429.67 0.153219 -2.52811 9.65278 0.0550349 -2.85942 -9.51984 0.553444 -0.555124 -5.0039
2429.68 -0.344742 -2.18337 10.1507 0.376869 -2.68475 -9.93499 0.743576 -0.565203 -5.0039
2429.7 -0.536266 -2.10676 11.1467 0.648455 -2.46939 -10.6612 0.921337 -0.544892 -5.0039
2429.72 -0.727789 -1.91523 11.0701 0.927218 -2.34138 -10.4495 1.00579 -0.525955 -5.0039
2429.73 -0.842703 -1.49388 11.568 1.11984 -2.06142 -11.1876 1.16064 -0.455553 -5.0039
2429.75 -1.37897 -1.30236 12.2575 1.42851 -1.61874 -11.9031 1.28587 -0.356287 -5.0039
2429.77 -1.45558 -1.22575 12.9853 1.5673 -1.51585 -12.3529 1.33428 -0.297186 -5.0039
2429.78 -1.53219 -0.881008 13.2917 1.77069 -1.17727 -12.9954 1.4082 -0.169362 -5.0039
2429.8 -1.57049 -0.536266 12.947 1.77787 -0.768096 -13.2945 1.43569 -0.0340557 -5.0039
2429.82 -1.68541 -0.459656 13.2151 1.86281 -0.605384 -13.1282 1.4337 0.0969748 -5.0039
2429.83 -1.57049 -0.306437 13.5982 1.84367 -0.434297 -13.7013 1.41934 0.157603 -5.0039
2429.85 -1.76202 -0.0766094 12.6788 1.94656 -0.104088 -12.5611 1.35902 0.273515 -5.0039
2429.87 -1.83862 0.383047 12.449 2.03868 0.302692 -12.3158 1.26923 0.372322 -5.0039
2429.88 -2.03015 0.497961 11.568 2.07697 0.582652 -11.4473 1.21226 0.410807 -5.0039
2429.9 -1.83862 0.804398 11.2999 1.99801 0.977468 -11.4951 1.07955 0.475559 -5.0039
2429.92 -1.6471 0.995922 10.9168 2.00518 1.29691 -10.4758 0.926988 0.503811 -5.0039
2429.93 -1.6471 1.6088 10.4572 1.87238 1.51107 -10.7127 0.843605 0.503811 -5.0039
2429.95 -1.6471 2.06845 9.92091 1.67019 2.16909 -9.9661 0.685849 0.472962 -5.0039
2429.96 -1.22575 2.33659 10.1507 1.49551 2.35693 -9.91227 0.530842 0.419206 -5.0039
2429.98 -1.41727 1.87693 9.806 1.56251 2.30668 -9.82253 0.464716 0.376598 -5.0039
2430.0 -1.53219 1.11084 9.03991 1.61276 1.29212 -9.20997 0.340863 0.268322 -5.0039
2430.01 -1.6471 0.536266 8.69516 1.87956 0.687936 -8.76371 0.257327 0.155465 -5.0039
2430.03 -1.49388 1.34066 7.77585 1.92622 1.19402 -7.95494 0.206931 0.0216857 -5.0039
2430.05 -1.6471 2.10676 8.23551 1.07079 1.92861 -7.65464 0.192728 -0.0368046 -5.0039
2430.06 -0.114914 3.06437 7.16298 0.262014 3.17767 -6.99183 0.174097 -0.161116 -5.0039
2430.08 -0.421352 2.94946 7.58433 0.25005 2.9348 -7.602 0.185092 -0.270308 -5.0039
2430.1 0.0383047 3.21759 7.58433 0.217747 3.16092 -7.08993 0.200669 -0.321162 -5.0039
2430.11 0.344742 3.06437 7.54602 -0.206979 3.31166 -6.97268 0.242361 -0.436769 -5.0039
2430.13 0.0766094 2.41319 7.81416 -0.111266 2.37248 -7.48116 0.314137 -0.55436 -5.0039
2430.15 -0.383047 1.95354 7.58433 0.399601 1.92024 -7.55892 0.366061 -0.604909 -5.0039
2430.16 -0.57457 2.10676 7.96737 0.258425 1.99083 -7.53739 0.495106 -0.683558 -5.0039
2430.18 0.727789 1.91523 8.00568 -0.847059 1.99561 -7.5996 0.639729 -0.724638 -5.0039
2430.2 1.49388 2.14506 7.69924 -1.64506 1.69172 -7.88913 0.800386 -0.745103 -5.0039
2430.21 1.57049 2.03015 8.58025 -1.89272 1.80299 -8.15234 0.878119 -0.734413 -5.0039
2430.23 1.80032 1.45558 8.61855 -1.44526 1.6666 -8.37487 1.02992 -0.688139 -5.0039
2430.25 0.689484 1.14914 9.92091 -0.778863 1.15693 -9.43848 1.19714 -0.623235 -5.0039
2430.26 0.306437 1.07253 10.4572 -0.494118 1.14257 -9.22194 1.28236 -0.57742 -5.0039
2430.28 0.57457 0.804398 10.189 -0.668794 0.939182 -10.1755 1.44164 -0.452346 -5.0039
2430.29 0.727789 0.612875 11.0701 -0.80997 0.754935 -10.7964 1.5939 -0.297644 -5.0039
2430.31 0.919312 0.229828 11.6063 -1.16172 0.367298 -10.8634 1.66048 -0.205556 -5.0039
2430.33 0.766094 0.229828 12.4873 -1.11147 0.246461 -12.0514 1.78434 0.00274889 -5.0039
2430.34 1.07253 0.0766094 13.7514 -1.16052 -0.119641 -13.401 1.88192 0.218842 -5.0039
2430.36 1.18745 -0.306437 14.4792 -1.13539 -0.348156 -13.4907 1.92239 0.33567 -5.0039
2430.38 1.26405 -0.421352 15.0154 -1.38664 -0.300299 -14.4909 1.97997 0.569632 -5.0039
2430.39 1.11084 0.114914 14.1344 -1.133 -0.539581 -14.5472 1.97584 0.814283 -5.0039
2430.41 1.26405 -0.766094 15.1303 -1.54457 -0.608973 -14.4144 1.92713 1.05115 -5.0039
2430.43 1.34066 -0.727789 15.092 -1.06481 -0.918843 -14.7757 1.89551 1.1669 -5.0039
2430.44 0.689484 -0.766094 15.5517 -0.689133 -1.09113 -15.0879 1.80114 1.38987 -5.0039
2430.46 0.919312 -0.727789 15.7432 -1.51944 -1.68215 -16.6588 1.66247 1.59023 -5.0039
2430.47 1.14914 -1.03423 16.4327 -0.999003 -1.04686 -16.4626 1.58229 1.68263 -5.0039
2430.49 1.03423 -0.804398 16.8924 -1.32443 -1.13659 -16.136 1.39415 1.83382 -5.0039
2430.51 0.957617 -0.919312 16.5859 -1.16172 -1.09352 -16.9543 1.18172 1.92361 -5.0039
2430.52 0.919312 -1.07253 15.8581 -1.14975 -1.23829 -15.4265 1.06321 1.95767 -5.0039
2430.54 0.881008 -0.919312 16.3944 -1.36391 -1.30528 -15.8237 0.819781 1.98378 -5.0039
2430.56 0.536266 -1.45558 15.8581 -1.17368 -1.51825 -15.3368 0.570395 1.95248 -5.0039
2430.57 0.995922 -0.957617 15.7432 -1.10668 -1.39621 -15.9266 0.452651 1.92972 -5.0039
2430.59 0.804398 -1.68541 16.0497 -1.04207 -1.72642 -15.5749 0.235641 1.83901 -5.0039
2430.61 0.612875 -1.80032 15.7815 -0.727418 -1.90947 -14.8319 0.0517708 1.70889 -5.0039
2430.62 0.383047 -1.6088 14.3643 -0.494118 -1.90588 -14.8786 -0.116523 1.55435 -5.0039
2430.64 0.344742 -1.57049 13.1385 -0.252443 -1.74197 -13.3627 -0.186619 1.46699 -5.0039
2430.66 0.0383047 -1.11084 13.4066 -0.264407 -1.53858 -13.2203 -0.307571 1.27656 -5.0039
2430.67 0.114914 -1.41727 12.2192 0.00239282 -1.23709 -12.5803 -0.358578 1.17546 -5.0039
2430.69 -0.383047 -1.26405 13.5982 0.150748 -1.36391 -13.1198 -0.419512 0.940427 -5.0039
2430.7 -0.65118 -1.03423 12.066 0.70349 -1.25623 -11.6471 -0.447153 0.703259 -5.0039
2430.72 -0.612875 -1.45558 12.2958 0.798006 -1.44526 -11.6542 -0.444099 0.492357 -5.0039
2430.74 -0.727789 -0.842703 12.449 0.698704 -1.58166 -12.2297 -0.424246 0.382707 -5.0039
2430.75 -0.766094 -0.536266 11.9894 0.831506 -0.807577 -11.2714 -0.377515 0.189368 -5.0039
2430.77 -0.766094 -0.268133 12.066 0.946361 -0.324227 -11.9581 -0.297339 0.013439 -5.0039
2430.79 -0.804398 0.229828 11.2999 0.954736 0.0311067 -10.9878 -0.249386 -0.0691805 -5.0039
2430.8 -1.11084 0.114914 11.3382 1.2012 0.026321 -11.2175 -0.148593 -0.215635 -5.0039
2430.82 -1.26405 0.114914 11.9128 1.36032 0.130409 -11.4616 -0.0293215 -0.330936 -5.0039
2430.84 -0.881008 0.57457 11.7978 1.267 0.294317 -11.5537 0.0348193 -0.38286 -5.0039
2430.85 -0.383047 0.995922 12.3341 0.577866 1.11625 -11.8995 0.173028 -0.45036 -5.0039
2430.87 -0.57457 1.87693 10.9934 0.272782 1.87717 -10.7557 0.319482 -0.48182 -5.0039
2430.88 -0.153219 2.10676 10.7636 0.265603 2.08175 -11.1123 0.380111 -0.483194 -5.0039
2430.9 -0.0766094 1.76202 12.1426 0.15673 1.78146 -11.397 0.478307 -0.489761 -5.0039
2430.92 -0.497961 2.10676 10.6104 0.349352 1.96331 -10.1731 0.580627 -0.482431 -5.0039
2430.94 0.114914 2.06845 10.8402 -0.265603 1.76949 -10.3932 0.668897 -0.456164 -5.0039
2430.95 0.727789 1.72371 10.4572 -0.248853 1.93938 -9.88116 0.699135 -0.44303 -5.0039
2430.97 1.26405 1.80032 11.0318 -1.44766 2.04227 -11.1661 0.763429 -0.40256 -5.0039
2430.98 1.18745 1.87693 11.1467 -0.985843 2.11525 -10.4662 0.830471 -0.332922 -5.0039
2431.0 1.03423 1.91523 11.4148 -1.15813 1.96211 -10.2831 0.849102 -0.286343 -5.0039
2431.02 0.727789 1.80032 10.8402 -0.835095 1.94177 -10.5164 0.880409 -0.207236 -5.0039
2431.03 0.57457 1.76202 11.8745 -0.429512 2.05065 -11.4879 0.883616 -0.129351 -5.0039
2431.05 0.65118 1.34066 11.4914 -0.747757 1.84128 -11.5167 0.883616 -0.0937678 -5.0039
2431.07 0.995922 1.57049 11.8361 -1.24546 1.69172 -11.6901 0.869719 -0.0255036 -5.0039
2431.08 1.18745 1.45558 10.9551 -1.26341 1.65703 -10.7186 0.824363 0.0406225 -5.0039
2431.1 1.34066 1.34066 10.7253 -1.44407 1.56012 -10.8993 0.797332 0.0778853 -5.0039
2431.12 1.57049 1.18745 10.8019 -1.42373 1.40818 -10.4255 0.724792 0.127213 -5.0039
2431.13 1.53219 1.22575 10.4955 -1.68814 1.3675 -10.3358 0.643852 0.164781 -5.0039
2431.15 1.95354 0.919312 10.9168 -1.87717 1.18564 -10.8203 0.599717 0.180969 -5.0039
2431.16 1.72371 1.18745 9.72939 -2.02074 0.985843 -9.97448 0.515417 0.197462 -5.0039
2431.18 2.56641 0.383047 10.687 -2.45384 0.556331 -10.6181 0.429438 0.194102 -5.0039
2431.2 2.33659 0.229828 10.6104 -2.14397 0.597009 -10.0606 0.390343 0.188757 -5.0039
2431.21 2.18337 -0.0383047 10.4189 -2.57827 0.159123 -10.526 0.326966 0.159589 -5.0039
2431.23 2.41319 0.0766094 10.9551 -2.24686 0.275174 -10.4746 0.274584 0.112552 -5.0039
2431.25 1.87693 -0.153219 10.4189 -2.56391 -0.195015 -9.96012 0.238696 0.0580322 -5.0039
2431.26 2.14506 0.0766094 10.304 -2.31864 -0.403191 -10.4291 0.226631 0.0331394 -5.0039
2431.28 1.80032 -0.383047 11.2999 -1.86281 -0.178265 -10.3789 0.221439 -0.0302378 -5.0039
2431.3 2.06845 -0.804398 11.1084 -2.47298 -0.947557 -11.2379 0.230143 -0.0960585 -5.0039
2431.31 2.25998 -0.766094 10.304 -2.16311 -1.36869 -9.71246 0.242972 -0.12538 -5.0039
2431.33 1.95354 -0.881008 10.3806 -2.2995 -1.41416 -9.86321 0.277791 -0.167988 -5.0039
2431.35 1.6088 -1.57049 11.3765 -1.94297 -1.52423 -10.4016 0.322995 -0.197615 -5.0039
2431.37 1.45558 -1.68541 10.7636 -1.45723 -1.78624 -10.4626 0.375682 -0.205403 -5.0039
2431.39 1.03423 -1.87693 11.3765 -1.066 -2.34018 -11.3372 0.427606 -0.191506 -5.0039
2431.4 0.727789 -1.72371 9.42295 -1.25025 -1.60558 -10.1934 0.479682 -0.161574 -5.0039
2431.42 0.536266 -1.45558 10.6104 -1.29332 -2.17986 -11.5334 0.493732 -0.140499 -5.0039
2431.44 0.804398 -1.76202 10.304 -0.960718 -2.05783 -9.81894 0.51893 -0.102167 -5.0039
2431.45 0.766094 -1.83862 9.99752 -0.709472 -2.05783 -9.34038 0.527024 -0.0558941 -5.0039
2431.47 0.689484 -0.919312 10.3423 -0.709472 -2.17149 -9.16451 0.523969 -0.0241292 -5.0039
2431.48 0.727789 -1.72371 10.1124 -0.720239 -1.88076 -9.08195 0.505033 0.0357356 -5.0039
2431.5 1.49388 -1.83862 10.687 -0.439083 -2.19182 -10.538 0.466701 0.0977384 -5.0039
2431.52 0.191523 -2.06845 9.95922 -0.41994 -2.35693 -9.78066 0.436769 0.126907 -5.0039
2431.53 0.0766094 -2.10676 10.1507 -0.0275174 -2.37966 -9.54138 0.363312 0.150425 -5.0039
2431.55 -0.421352 -1.80032 10.9551 0.399601 -2.19661 -10.751 0.294895 0.169362 -5.0039
2431.57 -0.57457 -1.80032 11.8361 0.545563 -2.10808 -11.1422 0.207694 0.20128 -5.0039
2431.58 -1.18745 -1.22575 11.2616 1.01456 -1.5661 -11.4401 0.151495 0.210748 -5.0039
2431.6 -1.30236 -0.881008 10.8785 1.54217 -1.22632 -10.9902 0.0387899 0.21533 -5.0039
2431.62 -1.34066 -0.689484 10.7636 1.61635 -1.01216 -10.5045 -0.0636827 0.194408 -5.0039
2431.63 -1.6088 -0.65118 11.0701 1.58524 -0.753739 -10.8215 -0.117133 0.178525 -5.0039
2431.65 -1.30236 -0.689484 10.2273 1.61037 -0.727418 -9.90987 -0.228158 0.133627 -5.0039
2431.67 -1.6088 0.0766094 9.92091 1.84008 -0.09332 -10.4399 -0.330478 0.0620028 -5.0039
2431.68 -1.87693 0.0 11.1084 2.02433 0.129212 -10.4566 -0.378889 0.020464 -5.0039
2431.7 -1.49388 -0.881008 10.304 1.68814 -0.451047 -9.57966 -0.440434 -0.0813978 -5.0039
2431.72 -1.6088 -1.11084 10.0741 2.1679 -1.2012 -9.50668 -0.474948 -0.188452 -5.0039
2431.73 -1.6471 -0.344742 10.9168 1.95254 -0.777667 -9.80219 -0.496022 -0.240375 -5.0039
2431.75 -1.45558 0.536266 10.189 1.9657 0.774078 -9.78305 -0.518166 -0.359494 -5.0039
2431.76 -1.03423 1.53219 11.1084 1.31725 1.75513 -10.6935 -0.509461 -0.484416 -5.0039
2431.78 -0.957617 1.26405 11.568 1.10548 2.1655 -11.1637 -0.502589 -0.61285 -5.0039
2431.8 -1.72371 0.957617 12.449 1.29691 1.04566 -12.5623 -0.468992 -0.670424 -5.0039
2431.81 -1.22575 0.421352 13.1768 2.18345 0.457029 -12.8423 -0.403171 -0.786336 -5.0039
2431.83 -1.41727 1.49388 13.7131 1.53619 1.44168 -12.8483 -0.359036 -0.882089 -5.0039
2431.85 -1.03423 2.03015 15.2453 0.94995 1.81735 -13.8233 -0.301462 -0.928515 -5.0039
2431.86 -0.344742 2.14506 14.9388 0.346959 2.40359 -14.2349 -0.243888 -1.00503 -5.0039
2431.88 -0.612875 2.10676 13.7131 0.236889 2.45025 -13.2861 -0.168599 -1.06856 -5.0039
2431.9 -0.57457 2.03015 13.0619 0.928415 2.09492 -13.0648 -0.121409 -1.08001 -5.0039
2431.91 -0.57457 1.83862 12.9853 0.965504 2.05184 -11.8804 -0.031765 -1.09681 -5.0039
2431.93 0.0766094 2.18337 12.3341 0.0574277 2.36291 -12.0012 0.0507018 -1.09834 -5.0039
2431.95 0.536266 2.4515 12.9087 -0.293121 2.37607 -12.0766 0.0846048 -1.0881 -5.0039
2431.96 0.919312 2.56641 12.9853 -1.00618 2.9683 -13.0325 0.162032 -1.08291 -5.0039
2431.98 0.727789 2.4898 13.8663 -0.921237 2.34616 -13.6331 0.212581 -1.08199 -5.0039
2432.0 0.383047 2.60472 13.4833 -0.491725 2.66441 -13.0229 0.276722 -1.07909 -5.0039
2432.01 0.459656 2.68133 13.2534 -0.258425 2.98624 -12.8303 0.312152 -1.07039 -5.0039
2432.03 0.881008 2.83455 12.7938 -0.764507 2.95513 -12.4917 0.375987 -1.04763 -5.0039
2432.04 0.881008 2.56641 12.066 -1.10548 2.81276 -11.8253 0.428216 -0.996932 -5.0039
2432.06 1.03423 2.41319 12.449 -1.21914 2.81994 -12.1998 0.447001 -0.966541 -5.0039
2432.08 1.34066 2.52811 12.6405 -1.42014 2.82114 -12.4738 0.471893 -0.897666 -5.0039
2432.09 1.91523 2.4515 12.7172 -1.90947 2.72423 -11.9342 0.486554 -0.830776 -5.0039
2432.11 1.99184 2.22167 12.3341 -2.05663 2.32104 -11.8851 0.489914 -0.796721 -5.0039
2432.13 1.87693 1.72371 12.6022 -2.30668 2.26122 -12.3817 0.492052 -0.728915 -5.0039
2432.14 2.37489 1.14914 12.0277 -2.52682 1.47159 -11.8074 0.477391 -0.647975 -5.0039
2432.16 3.33251 0.612875 12.2575 -2.97547 0.894915 -11.8504 0.463189 -0.572992 -5.0039
2432.18 2.79624 0.689484 11.3382 -2.95633 1.05882 -11.8768 0.446084 -0.532216 -5.0039
2432.2 3.14098 0.689484 11.1084 -3.12263 0.853041 -10.8491 0.420581 -0.466701 -5.0039
2432.21 2.79624 0.306437 11.4148 -2.93839 0.370887 -11.1625 0.387136 -0.399964 -5.0039
2432.23 2.94946 0.268133 11.4148 -3.05085 0.361316 -11.068 0.370795 -0.369115 -5.0039
2432.24 2.83455 -0.268133 11.3382 -2.98505 -0.0969093 -10.8574 0.31597 -0.319024 -5.0039
2432.26 3.10268 -0.536266 11.185 -3.0317 -0.74656 -11.0632 0.249386 -0.289092 -5.0039
2432.28 2.68133 -1.18745 11.4914 -3.16211 -1.2012 -10.4518 0.219606 -0.267254 -5.0039
2432.29 2.14506 -1.76202 10.9168 -2.24806 -1.78744 -10.4375 0.177304 -0.221439 -5.0039
2432.31 1.68541 -2.14506 9.92091 -1.535 -2.25523 -9.91107 0.124311 -0.16417 -5.0039
2432.33 1.68541 -2.25998 9.72939 -1.55414 -2.39522 -9.66221 0.103236 -0.103847 -5.0039
2432.34 1.18745 -2.91116 9.11651 -1.02413 -2.75414 -8.91685 0.0734565 -0.067806 -5.0039
2432.36 0.65118 -2.52811 8.69516 -1.21675 -3.09033 -8.62851 0.0421497 0.00992656 -5.0039
2432.37 0.727789 -3.2559 8.00568 -0.850648 -3.30688 -7.96451 0.00259618 0.078038 -5.0039
2432.39 -1.03423 -3.60064 8.42703 0.526421 -3.734 -7.66421 -0.0160352 0.114537 -5.0039
2432.41 -1.26405 -3.90708 6.97145 1.74556 -4.0989 -7.17966 -0.0644463 0.200669 -5.0039
2432.42 -0.881008 -3.44742 5.59248 1.28614 -3.87517 -5.37787 -0.122326 0.29688 -5.0039
2432.44 0.306437 -3.48573 4.78809 0.401994 -3.84766 -4.92802 -0.158214 0.342084 -5.0039
2432.46 2.60472 -4.32843 3.71555 -2.30548 -4.42552 -3.72323 -0.229838 0.364381 -5.0039
2432.47 2.87285 -4.21351 2.52811 -1.63549 -4.54157 -2.74098 -0.287259 0.337503 -5.0039
2432.49 0.881008 -4.63487 1.68541 -1.15334 -4.66002 -1.60439 -0.325438 0.303447 -5.0039
2432.51 0.268133 -4.36673 1.03423 -0.276371 -4.57508 -1.1677 -0.339794 0.286038 -5.0039
2432.52 -0.65118 -4.0986 0.881008 0.800399 -4.39322 -0.497707 -0.361327 0.256869 -5.0039
2432.54 -0.881008 -3.2559 0.497961 1.8652 -3.71845 -0.315852 -0.382401 0.238085 -5.0039
2432.56 -2.91116 -1.80032 0.919312 2.43111 -2.95633 -0.51685 -0.382554 0.218842 -5.0039
2432.57 -3.90708 -1.6471 1.30236 4.01515 -1.78624 -0.504885 -0.404698 0.213345 -5.0039
2432.59 -3.37081 -1.37897 0.0766094 3.94696 -1.53141 -0.39003 -0.475253 0.242208 -5.0039
2432.61 -3.2942 -0.842703 0.995922 4.19821 -1.15573 -0.598205 -0.53863 0.252593 -5.0039
2432.62 -3.2942 -0.65118 1.22575 3.79023 -0.97986 -0.988235 -0.573144 0.244499 -5.0039
2432.64 -3.44742 0.0383047 2.41319 3.8333 -0.11007 -2.17747 -0.645532 0.209374 -5.0039
2432.66 -3.71555 0.57457 2.29828 4.42792 0.744168 -2.19781 -0.752128 0.163254 -5.0039
2432.67 -3.2942 -0.383047 3.33251 3.67896 0.147159 -2.8989 -0.802371 0.133932 -5.0039
2432.69 -3.17929 -1.87693 3.75386 3.91107 -2.29831 -3.29013 -0.886365 0.0490219 -5.0039
2432.71 -4.59656 -2.10676 5.7074 3.72921 -1.14736 -5.51545 -0.925155 -0.0986547 -5.0039
2432.72 -1.91523 0.919312 5.7457 3.11187 0.568295 -6.33858 -0.935693 -0.180663 -5.0039
2432.74 -1.76202 3.98369 8.04398 1.97049 3.94098 -7.15095 -1.01388 -0.426995 -5.0039
2432.76 0.459656 3.52403 10.5338 0.384048 4.18026 -9.31047 -1.11681 -0.809549 -5.0039
2432.77 -0.153219 0.306437 10.8019 0.84347 2.34616 -10.3561 -1.12353 -1.27839 -5.0039
2432.79 -0.153219 -0.766094 12.4107 -0.400798 0.267996 -11.3085 -1.04122 -1.56183 -5.0039
2432.81 -0.459656 0.421352 13.2151 -0.635294 0.0646062 -13.3065 -0.753807 -2.09023 -5.0039
2432.82 0.497961 0.919312 15.8198 -1.01695 1.07318 -14.7948 -0.383929 -2.6145 -5.0039
2432.84 0.804398 1.14914 15.7049 -1.85803 0.208175 -15.0437 -0.179442 -2.87244 -5.0039
2432.86 0.191523 0.536266 17.9266 -1.30887 0.579063 -16.1468 0.311236 -3.32463 -5.0039
2432.87 1.57049 0.459656 19.0757 -2.0674 0.366102 -18.3733 0.887587 -3.6487 -5.0039
2432.89 0.957617 1.30236 21.1442 -1.11386 -0.675972 -18.5396 1.54106 -3.85593 -5.0039
2432.91 1.22575 0.421352 22.4465 -2.53639 -0.259621 -21.0054 1.89017 -3.91259 -5.0039
2432.92 1.91523 0.268133 24.515 -2.27198 0.26321 -23.2702 2.61893 -3.90389 -5.0039
2432.94 1.26405 0.229828 25.3194 -1.92622 0.315852 -24.0885 3.29455 -3.7162 -5.0039
2432.96 1.11084 0.727789 26.6984 -1.72642 0.876969 -25.8544 3.60349 -3.556 -5.0039
2432.97 1.14914 1.53219 25.894 -1.65583 1.07916 -25.8712 4.14044 -3.11862 -5.0039
2432.99 1.87693 1.22575 28.1922 -1.54098 1.32562 -26.9348 4.52636 -2.56701 -5.0039
2433.0 1.45558 1.18745 27.4645 -2.51246 1.40459 -27.2459 4.65815 -2.26356 -5.0039
2433.02 2.41319 1.26405 27.9241 -2.74816 1.74197 -28.057 4.81163 -1.62521 -5.0039
2433.04 3.06437 1.34066 26.1621 -2.87617 2.09492 -27.8536 4.73283 -0.985478 -5.0039
2433.05 2.25998 1.83862 25.2811 -3.6682 2.56032 -26.7171 4.64395 -0.684474 -5.0039
2433.07 4.903 2.10676 23.0977 -4.01755 2.17747 -24.0706 4.30446 -0.117133 -5.0039
2433.08 4.44334 1.80032 21.2974 -4.65045 1.98724 -22.5978 3.84112 0.357662 -5.0039
2433.1 4.40504 1.11084 17.8117 -4.67199 1.93579 -19.3723 3.56257 0.546571 -5.0039
2433.12 5.13283 0.766094 16.7391 -5.75833 1.07677 -16.7234 2.98102 0.817032 -5.0039
2433.13 4.97961 -0.459656 14.5558 -5.5669 -0.00119641 -14.6297 2.38543 0.939663 -5.0039
2433.15 2.56641 -2.03015 13.3683 -5.0333 -0.434297 -14.3067 2.09435 0.957073 -5.0039
2433.17 1.6471 -1.99184 12.1809 -2.11047 -1.86401 -12.3565 1.53907 0.894917 -5.0039
2433.18 3.79216 -2.33659 10.8402 -4.74377 -2.23609 -10.8861 1.03908 0.756251 -5.0039
2433.2 4.59656 -2.94946 9.95922 -5.55015 -2.65005 -9.4672 0.814589 0.626289 -5.0039
2433.22 1.6471 -3.2942 9.42295 -3.96371 -2.74337 -9.67657 0.440739 0.286801 -4.85974
2433.23 -1.80032 -2.03015 8.54194 2.61296 -2.07936 -8.70389 0.147982 -0.0835358 -4.55598
2433.25 0.497961 -2.22167 8.69516 -0.223729 -3.05324 -8.44068 -0.0670424 -0.387899 -4.28247
2433.27 -1.03423 -2.60472 8.73347 0.632901 -2.67039 -8.02313 -0.1518 -0.565661 -4.15694
2433.28 -1.34066 -2.25998 8.69516 1.2 -2.35454 -8.44188 -0.279318 -0.877813 -3.96115
2433.3 -1.45558 -2.25998 8.50364 1.30648 -2.33659 -8.71705 -0.348651 -1.18004 -3.80202
2433.32 -1.49388 -3.02607 8.38873 1.87238 -2.14875 -8.52323 -0.368046 -1.31886 -3.7278
2433.33 -0.881008 -2.83455 9.03991 0.613759 -2.83789 -8.27557 -0.355676 -1.55893 -3.63083
2433.35 -0.268133 -3.75386 8.73347 0.467797 -3.72203 -8.34855 -0.298866 -1.78953 -3.55737
2433.37 -0.268133 -3.14098 9.11651 1.42493 -3.48275 -7.94417 -0.260687 -1.88406 -3.53202
2433.38 -1.53219 -2.79624 8.73347 1.7659 -3.02692 -8.21815 -0.170431 -2.04304 -3.48789
2433.4 -0.727789 -4.02199 8.38873 0.98345 -4.05464 -7.90469 -0.0523817 -2.1759 -3.4494
2433.42 -0.995922 -4.40504 7.92907 0.884148 -4.84546 -8.03151 0.0198531 -2.2321 -3.44253
2433.43 -1.68541 -3.75386 7.96737 1.6319 -4.17428 -7.44407 0.193797 -2.31945 -3.4323
2433.45 -2.14506 -2.06845 7.08637 2.64646 -2.24088 -6.71665 0.350636 -2.34618 -3.42222
2433.46 -2.79624 -0.842703 6.24366 3.12263 -2.25284 -5.29651 0.480598 -2.31212 -3.41245
2433.48 -3.17929 -0.114914 3.83047 5.18046 -0.120837 -4.35613 0.530536 -2.28036 -3.40909
2433.5 -4.21351 -0.268133 2.52811 4.97707 -0.189033 -2.36889 0.621861 -2.17071 -3.39672
2433.51 -4.55826 0.306437 2.37489 5.19123 0.502493 -2.54836 0.718377 -2.04991 -3.38587
2433.53 -4.36673 0.229828 1.68541 5.00339 0.358923 -2.12363 0.765109 -1.99493 -3.38557
2433.55 -4.25182 0.459656 1.91523 4.95194 0.479761 -1.8664 0.841467 -1.86344 -3.37427
2433.56 -3.52403 0.0383047 1.83862 4.33938 0.117248 -1.70967 0.910189 -1.7344 -3.36129
2433.58 -3.02607 -0.57457 1.68541 3.98524 -0.501296 -1.71924 0.948673 -1.67453 -3.35197
2433.6 -2.52811 -0.995922 1.83862 3.34277 -1.11984 -1.67258 1.02839 -1.56504 -3.34876
2433.61 -2.4898 -1.6471 1.72371 3.06281 -1.91785 -1.67617 1.09742 -1.45813 -3.34937
2433.63 -2.4898 -2.33659 1.76202 3.01137 -2.31625 -1.59123 1.16446 -1.34375 -3.34662
2433.65 -2.4515 -1.76202 1.76202 2.99103 -2.199 -1.54576 1.20386 -1.28938 -3.34617
2433.66 -2.4898 -1.14914 1.95354 3.01495 -1.42014 -1.84128 1.28709 -1.18309 -3.34617
2433.68 -2.4898 -0.57457 1.91523 3.13699 -0.74656 -1.81256 1.36086 -1.07466 -3.34235
2433.7 -2.29828 -0.114914 2.37489 3.05803 -0.443868 -2.04586 1.39415 -1.02213 -3.3396
2433.71 -2.33659 -0.114914 2.64302 2.9671 -0.00717846 -2.38923 1.44088 -0.917977 -3.32876
2433.73 -2.64302 0.383047 2.25998 3.27338 0.531206 -2.18704 1.46898 -0.827722 -3.31303
2433.75 -2.68133 0.919312 2.56641 3.35713 0.880558 -2.37846 1.45691 -0.767399 -3.3031
2433.76 -2.98777 1.14914 2.52811 3.53659 1.25982 -2.37248 1.4195 -0.651793 -3.28569
2433.78 -3.10268 1.41727 2.22167 3.32961 1.62233 -2.24088 1.35444 -0.545044 -3.25637
2433.79 -2.75794 1.80032 2.52811 3.3655 1.90469 -2.27677 1.31137 -0.503964 -3.22888
2433.81 -2.52811 1.91523 2.98777 3.01495 2.33898 -2.96231 1.21089 -0.438296 -3.18566
2433.82 -2.87285 2.52811 3.71555 3.1669 2.48495 -3.34397 1.06917 -0.394924 -3.1345
2433.84 -2.22167 2.91116 5.13283 2.6345 3.4325 -4.44467 0.978759 -0.381333 -3.10533
2433.86 -2.06845 2.94946 3.98369 2.51246 3.3667 -4.16829 0.734871 -0.398742 -3.01157
2433.87 -1.68541 2.68133 3.75386 2.23968 3.37627 -3.56172 0.490219 -0.43234 -2.90054
2433.89 -1.11084 2.98777 4.59656 1.95494 3.21236 -3.67896 0.371101 -0.471893 -2.83457
2433.91 -0.881008 2.4515 3.83047 1.25384 3.06401 -3.68614 0.120646 -0.587194 -2.6481
2433.92 -0.995922 2.10676 3.56234 1.30887 2.63569 -3.33918 -0.0736092 -0.750753 -2.42605
2433.94 -0.383047 2.03015 3.94538 0.777667 2.77089 -3.89432 -0.15012 -0.8349 -2.32526
2433.96 -0.459656 1.72371 4.32843 0.71665 2.37129 -3.86201 -0.292146 -1.04611 -2.10229
2433.97 0.191523 1.53219 6.24366 -0.239282 2.01834 -5.71645 -0.42562 -1.26006 -1.87688
2433.99 0.727789 2.18337 8.1589 -0.671186 2.20738 -6.88654 -0.536492 -1.56214 -1.72401
2434.01 0.881008 1.57049 9.26973 -1.133 2.25404 -8.83549 -0.611629 -1.74036 -1.65941
2434.02 1.34066 1.41727 10.6104 -1.70728 2.07458 -10.1803 -0.756862 -2.11069 -1.51143
2434.04 1.34066 0.727789 11.9511 -2.11167 1.39143 -11.3731 -0.879035 -2.53295 -1.32756
2434.06 1.53219 0.65118 12.9853 -1.60558 1.64267 -12.0263 -0.906982 -2.75256 -1.23517
2434.07 1.11084 0.497961 12.4873 -1.54696 1.08873 -12.3123 -0.936609 -3.15161 -1.11544
2434.09 2.06845 0.306437 15.0154 -2.41436 0.652044 -14.7793 -0.912938 -3.50682 -1.04855
2434.1 1.72371 0.459656 17.85 -2.39282 0.387637 -16.3944 -0.878271 -3.69161 -1.03038
2434.12 2.4515 0.0 20.0717 -2.49691 0.480957 -19.2132 -0.787252 -4.04637 -1.02488
2434.14 2.56641 -1.22575 22.6381 -2.2002 -0.626919 -22.0857 -0.649808 -4.37608 -1.03725
2434.16 2.83455 0.65118 22.9062 -2.80199 1.26221 -21.4313 -0.465021 -4.63998 -1.05222
2434.17 1.26405 -0.383047 22.3699 -1.85204 0.118445 -21.7998 -0.333074 -4.73711 -1.06657
2434.19 1.22575 -0.536266 24.2086 -1.41775 -0.78006 -23.7607 -0.071624 -4.87394 -1.07818
2434.2 0.842703 -0.727789 25.9323 -1.34477 -0.583848 -25.7037 0.252898 -4.93869 -1.08245
2434.22 0.881008 -0.689484 27.7709 -0.705882 -0.683151 -26.6931 0.4273 -4.92831 -1.0652
2434.24 0.306437 -0.881008 28.1156 -0.145962 -0.870987 -27.9087 0.804662 -4.80781 -0.986242
2434.25 -0.536266 -1.30236 28.6519 0.830309 -1.39621 -27.6491 1.22051 -4.54819 -0.842689
2434.27 -0.421352 -1.18745 27.3495 1.12702 -1.22273 -27.551 1.43202 -4.35531 -0.753655
2434.29 -1.18745 -0.919312 25.013 1.64267 -1.03968 -25.1797 1.82603 -3.88861 -0.532369
2434.3 0.153219 -0.919312 20.9144 0.868594 -0.468993 -20.5161 2.1756 -3.3396 -0.24908
2434.32 -0.57457 0.0383047 19.9567 1.01097 -0.317049 -20.138 2.454 -2.81914 0.0389426
2434.34 -0.689484 0.57457 19.7269 1.19402 0.278764 -18.4271 2.5748 -2.54609 0.191354
2434.35 -0.114914 0.727789 17.1605 0.180658 1.24546 -16.7665 2.80097 -2.01234 0.480598
2434.37 0.0383047 0.306437 17.3137 0.813559 1.29571 -17.1063 3.00042 -1.4757 0.761291
2434.39 1.22575 0.689484 17.0839 0.265603 1.22752 -15.9075 3.10121 -1.21287 0.902859
2434.4 1.14914 0.268133 15.4368 -0.0909272 0.291924 -15.6754 3.25713 -0.721126 1.16248
2434.42 0.919312 0.995922 15.7432 -0.30987 1.35434 -15.3069 3.37197 -0.302073 1.38834
2434.44 1.99184 1.87693 14.5175 -0.905683 2.03509 -14.9121 3.41901 -0.104 1.49631
2434.45 2.29828 1.53219 15.092 -1.71805 2.12602 -14.3665 3.49018 0.198531 1.66949
2434.47 1.87693 0.0766094 14.4792 -1.45125 0.448654 -14.4132 3.52866 0.473726 1.7964
2434.49 1.53219 0.0766094 15.3219 -1.61755 -0.153141 -14.4646 3.58471 0.701273 1.88773
2434.5 1.49388 2.41319 15.6666 -1.0337 1.85204 -15.2973 3.61724 0.809549 1.93354
2434.52 1.91523 3.10268 15.59 -2.39163 3.64786 -15.3117 3.62884 1.00945 1.98699
2434.53 2.68133 1.83862 15.092 -2.75414 2.55434 -14.5842 3.60166 1.1411 2.02364
2434.55 2.83455 1.37897 14.9771 -2.21695 1.67258 -15.1214 3.57738 1.2002 2.02884
2434.57 3.10268 2.68133 13.5216 -2.55075 3.17169 -13.7647 3.50545 1.28266 2.03479
2434.58 2.71963 3.63894 14.0578 -2.62612 3.97089 -13.3567 3.41718 1.33459 2.03647
2434.6 2.94946 3.63894 13.1385 -3.14058 4.09292 -12.6903 3.37457 1.36223 2.03815
2434.62 3.56234 3.33251 11.3765 -3.34875 3.83091 -11.5597 3.25744 1.38972 2.0128
2434.63 3.17929 2.52811 10.9168 -3.07956 2.89053 -10.075 3.13221 1.36757 1.97676
2434.65 3.2559 2.75794 8.92499 -3.04487 3.09033 -9.57846 3.0728 1.34787 1.96332
2434.66 3.2559 2.52811 9.34634 -3.3009 2.80798 -9.12024 2.943 1.29106 1.93339
2434.68 2.91116 2.37489 10.1507 -2.84865 2.88096 -10.3226 2.86511 1.24998 1.90468
2434.7 3.2942 2.68133 11.7212 -3.07238 3.35713 -10.9436 2.64825 1.24296 1.88895
2434.71 2.94946 2.14506 9.92091 -2.88215 3.10708 -9.54736 2.39474 1.25487 1.84817
2434.73 3.33251 1.87693 8.61855 -2.81157 2.94317 -9.01137 2.27654 1.25563 1.82878
2434.74 2.94946 2.10676 7.81416 -2.80558 2.87856 -8.00877 2.03082 1.23929 1.80618
2434.76 3.33251 1.72371 6.81823 -3.24945 2.6345 -7.60917 1.90941 1.22845 1.79426
2434.77 3.17929 2.03015 7.23959 -3.26261 2.03031 -6.59222 1.67637 1.19271 1.78128
2434.79 2.94946 1.83862 7.85246 -3.00299 2.70269 -7.5015 1.43446 1.16416 1.76341
2434.8 2.68133 2.75794 8.58025 -3.07477 3.06042 -7.92024 1.28037 1.16629 1.74875
2434.82 2.94946 2.25998 7.92907 -2.71466 3.15015 -7.92024 0.962265 1.16309 1.73852
2435.43 2.37489 2.68133 8.77177 -2.04467 2.91805 -8.88933 -1.33046 0.211665 2.01998
2435.45 1.99184 2.91116 8.38873 -1.96331 3.23868 -8.07816 -1.28847 0.108887 1.99203
2435.46 1.18745 2.94946 7.50772 -1.41775 3.07119 -7.02413 -1.20401 -0.0901026 1.93797
2435.48 1.45558 3.71555 7.3545 -1.62114 3.78784 -7.26939 -1.14049 -0.28451 1.87948
2435.5 1.91523 3.48573 8.08229 -1.58764 3.85364 -7.20239 -1.10643 -0.39019 1.84787
2435.51 1.45558 4.29012 6.81823 -1.68215 4.30588 -6.51206 -1.03801 -0.6269 1.78296
2435.53 1.37897 4.02199 6.97145 -1.46441 4.61695 -6.54556 -0.988227 -0.822683 1.72096
2435.54 1.37897 4.0603 7.16298 -0.988235 4.45543 -6.69631 -0.969901 -0.924239 1.65789
2435.56 1.30236 4.0603 6.12875 -0.507278 4.84546 -5.04048 -0.940427 -1.12705 1.62872
2435.58 -0.804398 3.37081 4.78809 1.41057 3.64546 -5.00339 -0.940885 -1.25166 1.58749
2435.59 -1.18745 2.56641 5.86062 2.11406 2.66201 -5.78704 -0.931875 -1.28526 1.56336
2435.61 -0.727789 2.64302 6.28197 1.82213 3.28295 -5.52742 -0.86865 -1.33184 1.51647
2435.63 0.689484 4.55826 6.32027 -0.394816 4.42193 -6.06939 -0.797179 -1.40621 1.45187
2435.64 0.497961 5.05622 6.70332 -0.757328 5.52981 -5.52503 -0.780075 -1.55221 1.40316
2435.66 0.191523 3.44742 7.89076 1.29571 3.90628 -7.72283 -0.770301 -1.64537 1.37384
2435.68 -3.94538 1.30236 7.54602 3.76989 1.86401 -7.59721 -0.700204 -1.76937 1.31
2435.69 -2.41319 1.91523 8.23551 3.93859 1.90828 -7.93819 -0.598953 -1.81702 1.24204
2435.71 -0.153219 3.33251 8.69516 1.69771 3.07717 -7.7324 -0.540157 -1.8468 1.20631
2435.72 -0.383047 3.98369 7.96737 0.262014 4.41715 -7.85922 -0.450818 -1.94377 1.15072
2435.74 0.268133 3.63894 8.96329 0.235693 4.38245 -7.44407 -0.404087 -2.07648 1.11055
2435.76 -0.57457 3.37081 9.15482 0.815952 3.15254 -8.72423 -0.373086 -2.15345 1.08093
2435.77 0.229828 3.17929 9.11651 0.129212 3.46959 -8.91924 -0.295353 -2.24187 1.05359
2435.79 -1.80032 2.29828 8.38873 2.64407 2.55673 -8.27198 -0.201738 -2.28647 1.03954
2435.81 -2.60472 1.87693 9.15482 3.92303 1.56491 -9.35713 -0.159589 -2.28769 1.03633
2435.82 -0.612875 2.68133 9.30804 1.56251 3.88953 -7.98245 -0.0438296 -2.28861 1.0458
2435.84 -0.191523 3.06437 10.2657 0.430708 3.51625 -9.65025 0.0380264 -2.31732 1.06733
2435.86 -0.191523 2.83455 10.6487 0.301496 2.98744 -10.3848 0.144011 -2.35565 1.10063
2435.87 -0.842703 1.87693 10.9934 1.32921 2.63689 -10.7378 0.20632 -2.34496 1.12659
2435.89 -1.57049 1.91523 11.8745 2.26959 1.76949 -11.5382 0.333685 -2.28784 1.1892
2435.91 -1.45558 1.68541 11.3382 2.4012 1.28375 -11.519 0.481973 -2.1953 1.268
2435.92 -1.30236 1.80032 10.8785 1.96451 1.94895 -10.343 0.548862 -2.15559 1.31137
2435.94 -1.68541 1.26405 10.9168 1.59242 1.75753 -10.6397 0.664163 -2.06915 1.40377
2435.96 -1.34066 1.6088 10.9934 1.65583 1.90229 -10.873 0.793056 -1.96424 1.51021
2435.97 -1.11084 1.37897 10.9551 1.70369 1.63071 -10.8251 0.846506 -1.90086 1.56794
2435.99 -0.766094 1.53219 9.99752 1.85803 1.51825 -9.78425 0.959822 -1.7628 1.69408
2436.0 -0.919312 1.83862 9.30804 1.5673 1.87119 -8.98385 1.04595 -1.64964 1.81824
2436.02 -1.53219 1.34066 9.69109 2.42632 1.33519 -9.69332 1.12338 -1.51327 1.95813
2436.04 -2.25998 0.881008 9.99752 2.47657 1.45125 -8.80558 1.1611 -1.43538 2.02578
2436.05 -2.14506 0.65118 9.03991 2.78644 0.735793 -8.74337 1.22723 -1.28969 2.16139
2436.07 -2.06845 0.65118 9.26973 2.42273 1.42732 -8.29352 1.25411 -1.16034 2.29853
2436.09 -1.49388 1.03423 8.46534 2.06261 1.08873 -8.54716 1.30588 -1.08566 2.36389
2436.1 -1.30236 1.26405 9.30804 1.94776 1.43928 -9.07597 1.35597 -0.942718 2.48424
2436.12 -1.03423 1.57049 8.69516 2.74098 0.551545 -8.77328 1.38651 -0.867123 2.58381
2436.13 -1.91523 0.919312 8.73347 2.62732 0.717846 -8.42393 1.43905 -0.744034 2.62672
2436.15 -1.72371 0.421352 8.50364 2.39282 0.771685 -8.34138 1.48715 -0.617432 2.71774
2436.17 -1.57049 0.421352 7.96737 2.10449 0.805184 -7.54816 1.52579 -0.513585 2.79868
2436.18 -1.6088 0.268133 7.66094 2.01954 0.859023 -7.73599 1.53984 -0.467923 2.83105
2436.2 -1.53219 0.344742 8.1589 2.21815 0.479761 -7.37109 1.57771 -0.385914 2.89825
2436.22 -1.72371 0.153219 8.84838 2.21097 0.329013 -8.8343 1.60734 -0.304516 2.95918
2436.23 -1.72371 0.0766094 8.92499 2.14516 0.416351 -8.97906 1.62322 -0.259923 2.99003
2436.25 -1.53219 0.229828 10.1507 2.29831 0.155533 -9.89432 1.64139 -0.180816 3.04837
2436.27 -1.6088 0.0383047 9.53786 2.20259 0.0705882 -9.29851 1.65728 -0.096364 3.09556
2436.28 -1.80032 0.0383047 10.3806 2.57109 -0.117248 -9.90748 1.66415 -0.0609338 3.11663
2436.3 -1.53219 -0.153219 9.42295 2.25404 -0.282353 -9.64427 1.66995 0.0274889 3.15008
2436.32 -1.49388 -0.229828 10.8402 2.27677 0.175872 -9.51865 1.67484 0.109345 3.17971
2436.33 -1.80032 0.0 10.8785 2.41555 -0.0490528 -11.0859 1.66384 0.187383 3.20078
2436.35 -1.68541 -0.153219 11.9128 2.25284 0.00239282 -10.6205 1.65086 0.228005 3.21651
2436.37 -1.99184 -0.0766094 11.4914 2.55314 -0.155533 -11.2822 1.61482 0.298408 3.23285
2436.38 -1.68541 0.191523 11.3382 2.46221 0.527617 -11.0477 1.55236 0.379653 3.23804
2436.4 -1.83862 0.114914 12.7938 2.62732 0.191426 -12.1591 1.51388 0.425009 3.24125
2436.42 -1.76202 -0.229828 11.2999 1.8652 -0.118445 -11.1039 1.43156 0.533285 3.23239
2436.43 -1.99184 0.0383047 12.2192 2.74337 0.242871 -12.1113 1.3436 0.625984 3.22751
2436.45 -1.72371 -0.383047 12.2575 2.66321 0.0430708 -11.2857 1.28923 0.680198 3.22674
2436.46 -2.25998 0.0383047 12.9087 2.97428 0.59342 -13.0193 1.16965 0.78374 3.21468
2436.48 -1.99184 -0.229828 12.1426 2.71585 -0.0358923 -11.9079 1.00808 0.905607 3.20017
2436.5 -1.6088 -0.421352 10.8019 2.65244 -0.138784 -10.5272 0.928515 0.964862 3.19116
2436.51 -1.91523 -0.153219 10.8019 2.56271 -0.124427 -10.7127 0.799622 1.07466 3.17574
2436.53 -1.68541 -0.804398 10.189 2.01954 -0.6999 -10.2185 0.661567 1.17836 3.1458
2436.55 -1.76202 -0.383047 11.1084 1.94776 -0.620937 -10.3813 0.60552 1.22112 3.13389
2436.56 -1.30236 -1.03423 9.65278 2.11765 -0.652044 -9.33081 0.499229 1.29442 3.11236
2436.58 -1.26405 -1.37897 9.61448 1.62592 -0.990628 -9.36431 0.398742 1.35826 3.09052
2436.59 -0.65118 -1.07253 9.65278 1.30768 -1.41894 -8.37487 0.347582 1.39277 3.08395
2436.61 -0.57457 -1.95354 9.11651 1.31844 -1.51585 -9.04845 0.257938 1.43355 3.08304
2436.63 -0.766094 -1.87693 8.96329 0.860219 -1.83529 -8.95274 0.180053 1.48074 3.06547
2436.64 0.0383047 -2.14506 8.73347 0.57667 -1.89631 -7.91665 0.119577 1.51739 3.04913
2436.66 0.383047 -2.52811 8.84838 -0.180658 -2.61894 -8.44307 0.0913243 1.51724 3.05035
2436.68 0.459656 -3.21759 8.1589 -0.472582 -3.12383 -7.95972 0.0406225 1.52991 3.03844
2436.7 0.383047 -2.83455 8.88668 -0.222532 -2.95513 -8.56989 -0.0135917 1.55114 3.03722
2436.71 0.919312 -2.79624 7.69924 -0.711864 -3.26501 -7.58644 -0.0510072 1.56977 3.03737
2436.73 0.804398 -3.98369 7.69924 -0.798006 -3.20997 -7.62951 -0.0922406 1.55694 3.04593
2436.74 0.536266 -3.10268 8.58025 -0.664008 -3.02931 -8.28514 -0.128434 1.53358 3.04898
2436.76 0.995922 -3.56234 7.31619 -0.618545 -3.12742 -8.11286 -0.175776 1.51143 3.04699
2436.78 1.03423 -2.68133 7.12467 -1.1318 -3.76032 -6.82433 -0.189063 1.49005 3.05081
2436.79 0.995922 -3.2942 7.16298 -0.941576 -3.25783 -6.81236 -0.20861 1.44363 3.07128
2436.81 0.612875 -3.17929 6.81823 -0.380459 -3.24467 -7.08993 -0.215941 1.40774 3.08029
2436.83 1.14914 -3.44742 7.23959 -0.899701 -3.52463 -6.86381 -0.237321 1.39293 3.08227
2436.84 1.83862 -3.40912 8.00568 -1.5338 -3.19202 -7.34596 -0.256105 1.35062 3.09831
2436.86 1.80032 -3.40912 7.50772 -1.468 -3.05803 -7.98485 -0.295811 1.29213 3.11953
2436.88 2.4515 -3.44742 8.04398 -2.92642 -3.48754 -7.89272 -0.314901 1.26571 3.12198
2436.89 2.4898 -3.40912 7.89076 -3.04606 -3.4349 -7.80778 -0.370032 1.19989 3.14412
2436.91 3.14098 -3.63894 8.1589 -3.28176 -3.52223 -7.66182 -0.413708 1.12353 3.16504
2436.92 3.37081 -3.21759 8.77177 -3.07238 -3.71007 -7.71326 -0.44135 1.08199 3.18016
2436.94 3.33251 -3.56234 8.08229 -3.48754 -3.37747 -7.87358 -0.495411 0.99235 3.20964
2436.96 3.2559 -2.83455 7.96737 -3.52702 -3.04487 -7.73958 -0.544434 0.903775 3.23682
2436.97 3.71555 -2.98777 8.58025 -3.44806 -3.26859 -7.93579 -0.574213 0.820697 3.2637
2436.99 3.56234 -3.10268 8.23551 -3.71605 -2.82831 -7.74796 -0.646295 0.783587 3.27561
2437.01 3.33251 -2.41319 7.43111 -3.93619 -2.72303 -7.36152 -0.71181 0.71349 3.29531
2437.02 3.67725 -2.75794 7.43111 -3.69093 -2.86301 -7.47877 -0.788016 0.628275 3.31776
2437.04 3.52403 -2.14506 7.27789 -3.68614 -1.98724 -7.64626 -0.825278 0.596968 3.33105
2437.06 3.40912 -1.91523 7.20128 -3.54736 -2.16311 -6.69153 -0.905302 0.520152 3.35899
2437.07 3.2942 -1.99184 8.69516 -3.25184 -1.74437 -8.2672 -0.989296 0.471588 3.38877
2437.09 2.60472 -1.49388 9.07821 -3.15374 -1.65105 -7.68694 -1.04351 0.457385 3.40847
2437.11 2.4898 -1.30236 9.49956 -2.58664 -1.37827 -8.78165 -1.15606 0.419664 3.43688
2437.12 2.91116 -1.30236 10.1507 -2.38205 -1.20239 -9.78664 -1.26159 0.416305 3.45933
2437.14 2.18337 -0.919312 9.92091 -2.21216 -1.18325 -9.9661 -1.31367 0.42562 3.47063
2437.16 1.91523 -0.766094 10.4572 -2.04706 -1.03848 -10.069 -1.40835 0.453415 3.49445
2437.17 1.6471 -1.18745 10.6487 -1.77906 -1.12582 -10.4853 -1.48165 0.495564 3.52255
2437.19 1.76202 -0.995922 10.7636 -1.70489 -0.818345 -10.3813 -1.50532 0.525038 3.54989
2437.21 1.68541 -0.804398 12.0277 -1.64148 -0.661615 -11.9007 -1.56076 0.543517 3.56486
2437.22 1.49388 -1.11084 11.0318 -1.97527 -0.728614 -11.1015 -1.61879 0.583987 3.59235
2437.24 1.22575 -0.536266 11.3382 -1.77667 -0.602991 -11.7966 -1.63315 0.599106 3.61846
2437.25 1.49388 -0.383047 12.8704 -1.75872 -0.401994 -11.8493 -1.65163 0.634994 3.62869
2437.27 1.49388 -0.344742 11.4914 -1.56969 -0.522831 -11.1649 -1.67469 0.676839 3.63816
2437.29 1.30236 -0.344742 12.8321 -1.73599 -0.31346 -11.5059 -1.66919 0.712116 3.65175
2437.3 1.6471 -0.229828 12.4107 -1.9669 -0.332602 -11.6195 -1.66201 0.724028 3.65817
2437.32 1.83862 -0.804398 12.1426 -2.20857 -0.42353 -11.7906 -1.64292 0.744492 3.66748
2437.34 1.03423 -0.536266 11.4531 -1.23709 -0.410369 -11.3803 -1.59527 0.740979 3.68092
2437.35 2.22167 0.268133 12.4107 -1.46441 0.204586 -12.2548 -1.57313 0.747393 3.68611
2437.37 1.6088 -0.344742 13.4449 -1.42493 -0.157926 -12.6389 -1.50838 0.729984 3.68565
2437.39 2.33659 -0.153219 13.0236 -2.04108 -0.0155533 -12.6556 -1.44011 0.696692 3.68734
2437.4 1.95354 0.0766094 13.4449 -2.04347 -0.209372 -13.1091 -1.36635 0.64996 3.6826
2437.42 2.10676 0.0766094 13.1385 -2.01715 0.04666 -11.9773 -1.33337 0.623999 3.67726
2437.44 1.91523 0.191523 11.6446 -2.29591 0.179462 -11.8923 -1.26312 0.547793 3.67191
2437.45 1.76202 -0.268133 12.449 -2.36172 -0.0777667 -11.8313 -1.18523 0.452346 3.66519
2437.47 2.14506 -0.0383047 12.7938 -2.57827 -0.0789631 -12.2692 -1.14171 0.396604 3.65618
2437.49 1.99184 -0.0766094 12.2575 -2.07099 -0.0215354 -10.9627 -1.06321 0.276569 3.64121
2437.5 2.25998 -0.153219 11.4531 -2.16431 -0.0753739 -11.2056 -0.986547 0.152564 3.61372
2437.52 1.87693 0.153219 11.9511 -1.84606 0.289531 -11.3719 -0.950964 0.0992656 3.59265
2437.53 1.99184 0.306437 11.6829 -2.33659 0.228514 -11.5059 -0.888656 -0.0424551 3.5479
2437.55 1.80032 0.268133 10.9934 -1.7994 0.467797 -10.5894 -0.831235 -0.205098 3.4998
2437.57 2.14506 -0.0383047 11.3765 -1.61157 0.862612 -11.269 -0.807869 -0.284969 3.45994
2437.59 1.6471 0.612875 12.1809 -2.02552 0.398405 -12.1651 -0.752586 -0.532216 3.41993
2437.61 1.57049 0.536266 11.1084 -1.35314 0.710668 -11.1123 -0.722348 -0.710589 3.38465
2437.62 2.37489 0.459656 12.3341 -1.77188 0.258425 -12.5862 -0.710131 -0.788169 3.36571
2437.64 1.34066 0.191523 13.1768 -1.55055 0.860219 -12.1448 -0.695928 -0.981049 3.31562
2437.66 1.57049 0.421352 11.8745 -1.07318 0.80997 -10.9854 -0.697608 -1.15438 3.26171
2437.67 0.65118 0.344742 13.4066 -2.35932 0.666401 -13.3866 -0.712574 -1.21852 3.23697
2437.69 0.804398 0.421352 12.7555 -1.56132 0.644866 -12.6114 -0.732274 -1.3888 3.17833
2437.71 1.26405 0.919312 12.6405 -1.22034 0.861416 -12.8207 -0.756862 -1.52105 3.14321
2437.72 0.957617 0.536266 12.8704 -1.09232 0.82672 -12.8925 -0.76404 -1.591 3.12564
2437.74 1.14914 0.421352 13.2917 -0.90329 0.482154 -13.2407 -0.779922 -1.71057 3.09739
2437.75 0.65118 0.612875 13.7131 -0.582652 0.805184 -13.5829 -0.782824 -1.79793 3.07326
2437.77 0.383047 0.881008 14.0195 -0.278764 0.742971 -12.6652 -0.786642 -1.83015 3.05081
2437.79 0.191523 0.689484 14.5175 -0.227318 0.9667 -13.7803 -0.797179 -1.88681 3.03829
2437.8 0.306437 0.57457 14.211 -0.104088 0.924826 -14.0064 -0.80512 -1.92193 3.02791
2437.82 0.0383047 0.57457 15.4368 -0.150748 0.648455 -14.6692 -0.805426 -1.94591 3.01905
2437.84 -0.0383047 0.459656 15.0537 0.275174 0.772881 -14.4909 -0.787863 -1.94606 3.01981
2437.85 -0.306437 0.612875 13.9812 0.714257 0.71665 -14.9779 -0.754113 -1.93079 3.02134
2437.87 -0.344742 0.612875 14.7856 0.00598205 0.715454 -14.2684 -0.725402 -1.91079 3.025
2437.89 -0.689484 0.65118 14.3643 0.918843 0.629312 -14.1404 -0.706923 -1.88605 3.0334
2437.9 -0.804398 0.383047 12.9853 0.939182 1.02532 -13.5637 -0.650724 -1.80419 3.05631
2437.92 -0.804398 0.57457 12.8704 1.21436 0.619741 -12.8542 -0.595288 -1.71821 3.07891
2437.94 -0.57457 0.804398 13.1768 1.25623 0.836291 -12.7011 -0.562759 -1.67178 3.0925
2437.95 -0.536266 0.65118 12.947 0.990628 0.818345 -12.1878 -0.482278 -1.57389 3.12396
2437.97 -0.306437 0.689484 11.568 0.649651 0.725025 -11.5884 -0.399048 -1.47463 3.15985
2437.99 -0.536266 0.766094 10.8402 0.227318 1.03729 -11.2678 -0.31093 -1.36712 3.19482
2438.0 -0.497961 0.65118 11.6829 0.93679 1.11266 -11.3145 -0.260076 -1.31168 3.21636
2438.02 -0.459656 0.804398 9.92091 0.910469 1.04925 -10.1384 -0.160199 -1.22081 3.25698
2438.04 -0.153219 1.18745 10.4955 0.940379 0.672383 -10.6875 -0.0525344 -1.13926 3.29562
2438.05 -0.344742 0.919312 9.8443 0.762114 1.0002 -10.5416 0.00305432 -1.0933 3.317
2438.07 -0.842703 0.804398 10.3806 1.0002 0.586241 -10.3597 0.118661 -1.02366 3.35105
2438.09 -0.727789 0.421352 10.1124 1.19761 0.79322 -9.33559 0.253662 -0.959822 3.38862
2438.1 -0.995922 0.727789 9.76769 1.31725 0.868594 -9.07358 0.312763 -0.931417 3.40634
2438.12 -1.26405 0.229828 9.03991 1.84726 0.557528 -8.46341 0.422566 -0.893543 3.43428
2438.13 -1.41727 0.191523 8.77177 1.93699 0.0334995 -8.8666 0.534049 -0.856433 3.46177
2438.15 -1.37897 0.65118 8.81008 1.82812 0.317049 -7.85444 0.595593 -0.8349 3.47811
2438.17 -1.14914 0.383047 8.92499 1.74556 0.319442 -8.48135 0.694401 -0.805273 3.50881
2438.18 -1.14914 0.306437 9.61448 1.46441 0.245264 -9.18245 0.818101 -0.78206 3.53477
2438.2 -0.65118 0.0383047 9.95922 1.52542 0.192622 -8.65603 0.883464 -0.777479 3.55829
2438.22 -1.03423 0.306437 9.65278 1.05763 0.538385 -9.28295 1.00533 -0.785573 3.56898
2438.23 -0.842703 0.191523 10.6487 1.41416 0.238086 -10.0929 1.1075 -0.815505 3.59341
2438.25 -0.957617 -0.0766094 10.7253 1.11266 0.258425 -9.81176 1.2002 -0.846659 3.62228
2438.27 -0.995922 0.153219 10.7636 1.38185 -0.338584 -10.4937 1.24403 -0.868192 3.63052
2438.28 -0.804398 -0.421352 11.1467 1.50987 -0.0478564 -10.7127 1.31504 -0.920574 3.65221
2438.3 -0.842703 -0.153219 10.9934 1.40698 -0.478564 -10.7593 1.37918 -0.984715 3.66015
2438.32 -0.957617 -0.344742 12.1809 1.2682 -0.192622 -11.4341 1.403 -1.01404 3.66489
2438.33 -1.14914 -0.727789 12.2575 1.3328 -0.18664 -11.8313 1.42622 -1.06168 3.68046
2438.35 -0.995922 -0.421352 11.4914 1.33878 -0.734596 -11.854 1.43248 -1.10444 3.70077
2438.37 -0.804398 -0.57457 13.33 1.34716 -0.721436 -11.7966 1.44286 -1.13209 3.71956
2438.38 -1.11084 -0.459656 12.2192 1.6343 -0.405583 -12.323 1.41797 -1.14919 3.73391
2438.4 -0.65118 -0.344742 13.1385 1.45843 -0.570688 -12.883 1.35933 -1.14308 3.7527
2438.41 -0.689484 -0.459656 12.5256 1.42373 -0.604187 -12.4104 1.29412 -1.14155 3.76812
2438.43 -0.881008 -0.306437 11.9511 1.57328 -0.424726 -12.2907 1.25502 -1.1246 3.77988
2438.45 -0.344742 -0.919312 12.1809 1.22273 -0.629312 -10.8622 1.17149 -1.09345 3.79454
2438.46 -1.30236 -0.191523 10.7253 1.87837 -0.293121 -10.5691 1.08108 -1.03862 3.81684
2438.48 -1.26405 0.114914 10.5338 1.7994 -0.168694 -10.4877 1.02839 -0.993725 3.81898
2438.5 -1.30236 -0.459656 11.4148 1.84487 -0.501296 -10.8479 0.921948 -0.893237 3.8318
2438.51 -1.80032 -0.114914 10.9551 2.4993 -0.166301 -11.0776 0.818559 -0.779922 3.84326
2438.53 -1.03423 -0.421352 10.6487 1.60678 -0.660419 -10.4818 0.766636 -0.711047 3.84387
2438.54 -1.26405 -0.497961 11.2233 1.69412 -0.293121 -11.1446 0.66737 -0.544586 3.8402
2438.56 -1.37897 -0.766094 11.2999 1.89153 -0.388834 -11.3145 0.585819 -0.358272 3.8402
2438.58 -0.919312 -0.497961 10.2273 2.77328 -0.235693 -11.0596 0.556956 -0.252745 3.83623
2438.59 -1.30236 -0.497961 10.8785 2.64885 -0.238086 -10.9161 0.506102 -0.0248928 3.82585
2438.61 -1.07253 -0.497961 10.4572 1.83171 -0.535992 -10.276 0.46945 0.209069 3.81195
2438.63 -1.26405 -0.842703 10.2273 2.32582 -0.510867 -10.8215 0.461509 0.321315 3.79256
2438.64 -0.957617 -0.689484 9.65278 1.8664 -0.72981 -9.64547 0.457996 0.56169 3.76904
2438.66 -0.957617 -0.881008 10.0358 1.8987 -0.932004 -9.78066 0.483042 0.771523 3.74338
2438.68 -0.65118 -0.881008 8.84838 1.85922 -0.98345 -9.83569 0.534507 0.969137 3.71207
2438.69 -1.11084 -0.612875 10.8402 1.29452 -0.893719 -9.96012 0.576046 1.05237 3.70291
2438.71 -0.497961 -0.995922 9.46126 1.15214 -0.942772 -8.82353 0.65836 1.21241 3.68795
2438.73 -0.689484 -1.30236 10.1507 1.18325 -0.813559 -9.64068 0.747699 1.33795 3.66656
2438.74 -0.421352 -0.727789 10.4955 0.60658 -1.03011 -9.9326 0.795652 1.39964 3.66366
2438.76 -0.727789 -0.881008 11.6829 1.21436 -1.12223 -11.0429 0.887282 1.50288 3.65481
2438.77 -0.459656 -0.881008 11.9894 0.867398 -1.39741 -12.0514 0.984867 1.61482 3.64198
2438.79 -0.459656 -1.22575 13.1385 0.92004 -0.924826 -12.8064 1.03817 1.65819 3.63587
2438.81 -0.612875 -1.6088 13.8663 0.845862 -1.26221 -13.5182 1.13346 1.71821 3.63007
2438.82 -0.268133 -1.37897 13.8663 0.460618 -1.31127 -13.3256 1.23624 1.76296 3.62457
2438.84 -0.114914 -1.34066 15.7432 0.0801595 -0.954736 -13.742 1.29061 1.77945 3.62274
2438.86 0.0383047 -0.804398 16.7775 0.329013 -1.09591 -15.9924 1.37139 1.79396 3.62884
2438.87 0.268133 -1.03423 17.1222 -0.20339 -0.958325 -16.4435 1.43553 1.81671 3.62472
2438.89 0.766094 -1.49388 15.8964 -0.295514 -1.02293 -15.8847 1.48501 1.79762 3.62335
2438.91 0.344742 -0.995922 16.2795 -0.366102 -1.08634 -16.2784 1.51204 1.78021 3.62304
2438.92 1.03423 -1.11084 16.2412 -1.06959 -1.04806 -15.4504 1.5432 1.72081 3.62518
2438.94 1.37897 -1.22575 14.5558 -1.09113 -0.433101 -16.9017 1.53052 1.61589 3.63572
2438.96 1.22575 -1.22575 14.8239 -1.51825 -1.22991 -15.0413 1.51983 1.5713 3.63892
2438.97 1.57049 -0.881008 14.6707 -1.69172 -0.83988 -14.0949 1.48746 1.47509 3.64503
