2197.6 0.0383047 -0.0766094 -9.69109 0.421137 -0.119641 9.93739 -0.00167988 -0.0934624 0.0433714
2197.62 0.153219 0.0 -9.72939 0.404387 -0.112463 9.91346 -0.00351247 -0.090408 0.0447459
2197.63 0.114914 -0.153219 -9.72939 0.409173 -0.12682 9.93619 -0.00335976 -0.0890336 0.0448986
2197.65 0.229828 -0.0383047 -9.806 0.39003 -0.107677 9.93021 -0.00641408 -0.0879646 0.0447459
2197.67 0.114914 -0.153219 -9.69109 0.384048 -0.112463 9.93619 -0.00442877 -0.0905607 0.0415388
2197.68 0.306437 0.0383047 -9.57617 0.372084 -0.101695 9.93021 -0.0056505 -0.0858265 0.0458149
2197.7 0.229828 -0.114914 -9.65278 0.381655 -0.0777667 9.9338 -0.00412334 -0.0902553 0.0424551
2197.72 0.153219 -0.114914 -9.69109 0.385244 -0.0646062 9.93619 0.000458149 -0.0926988 0.0397062
2197.73 0.153219 -0.114914 -9.88261 0.382851 -0.0526421 9.93021 0.0 -0.0937678 0.0429133
2197.75 0.191523 0.0766094 -9.53786 0.391226 -0.0550349 9.92184 -0.00412334 -0.0891863 0.0427606
2197.77 0.306437 0.114914 -9.76769 0.39003 -0.0478564 9.91944 -0.000916298 -0.0908662 0.0413861
2197.78 0.229828 -0.114914 -9.65278 0.368495 -0.0490528 9.92543 -0.00412334 -0.0878119 0.0412334
2197.8 0.153219 -0.229828 -9.65278 0.358923 -0.0598205 9.92303 -0.00320704 -0.0907135 0.0426078
2197.82 0.191523 0.0383047 -9.69109 0.318245 -0.0514457 9.92423 -0.00366519 -0.0902553 0.0444404
2197.83 0.229828 -0.0383047 -9.38465 0.315852 -0.0526421 9.93021 -0.00351247 -0.0907135 0.0456622
2197.85 0.191523 0.0383047 -9.69109 0.291924 -0.0538385 9.94098 -0.00366519 -0.0890336 0.0438296
2197.87 0.344742 0.0 -9.69109 0.308674 -0.0478564 9.93739 -0.00397062 -0.0885754 0.0423024
2197.88 0.306437 0.0 -9.53786 0.308674 -0.0430708 9.9326 -0.00351247 -0.0940732 0.0424551
2197.9 0.306437 0.0766094 -9.88261 0.337388 -0.0334995 9.93859 -0.00641408 -0.0879646 0.0453567
2197.92 0.268133 -0.153219 -9.65278 0.339781 -0.0370887 9.92901 -0.00244346 -0.0939205 0.0474948
2197.93 0.153219 -0.0383047 -9.72939 0.362513 -0.0311067 9.92184 -0.00458149 -0.0962113 0.0456622
2197.95 0.421352 0.0766094 -9.8443 0.363709 -0.0299103 9.90509 -0.00595593 -0.0908662 0.0464257
2197.96 0.191523 0.0383047 -9.76769 0.379262 -0.0334995 9.92423 -0.00320704 -0.0948368 0.045204
2197.98 0.153219 -0.0383047 -9.69109 0.367298 -0.0430708 9.93499 -0.00229074 -0.0949895 0.046273
2198.0 0.306437 -0.0766094 -9.76769 0.370887 -0.0490528 9.93859 -0.00702495 -0.091477 0.0482583
2198.01 0.383047 0.114914 -9.61448 0.36012 -0.061017 9.91705 -0.00794125 -0.089339 0.0507018
2198.03 0.229828 -0.191523 -9.61448 0.354138 -0.0837488 9.93739 -0.00488692 -0.0946841 0.0476475
2198.05 0.191523 -0.153219 -9.65278 0.344566 -0.107677 9.92662 -0.00610865 -0.0928515 0.0500909
2198.06 0.229828 -0.0766094 -9.42295 0.364905 -0.104088 9.92782 -0.00733038 -0.091477 0.0508545
2198.08 0.268133 -0.114914 -9.806 0.387637 -0.114855 9.9314 -0.00305432 -0.0978911 0.0490219
2198.1 0.114914 -0.114914 -9.72939 0.394816 -0.111266 9.93619 -0.00473421 -0.0913243 0.0482583
2198.11 0.191523 -0.0766094 -9.57617 0.409173 -0.102891 9.92064 -0.00335976 -0.096364 0.0447459
2198.13 0.153219 -0.191523 -9.57617 0.422333 -0.0969093 9.9326 -0.00534507 -0.089339 0.0484111
2198.14 0.114914 -0.191523 -9.61448 0.431904 -0.106481 9.93978 -0.00549779 -0.0899499 0.0455095
2198.16 0.0766094 -0.114914 -9.49956 0.42353 -0.0921237 9.92543 -0.00274889 -0.0951423 0.0442877
2198.17 0.191523 -0.0383047 -9.76769 0.41994 -0.0969093 9.92184 -0.00534507 -0.089339 0.0467312
2198.19 0.191523 -0.0383047 -9.61448 0.428315 -0.0993021 9.91585 -0.00534507 -0.090408 0.0456622
2198.2 0.191523 -0.191523 -9.72939 0.405583 -0.12323 9.93619 -0.00320704 -0.0931569 0.044135
2198.22 0.153219 -0.0766094 -9.53786 0.382851 -0.130409 9.92901 -0.00473421 -0.0873537 0.045204
2198.8 0.153219 -0.114914 -9.72939 0.396012 -0.12323 9.93499 -0.00397062 -0.0901026 0.0433714
2198.81 0.191523 -0.114914 -9.61448 0.380459 -0.132802 9.92901 -0.00244346 -0.0908662 0.0421497
2198.83 0.306437 -0.114914 -9.69109 0.378066 -0.138784 9.92303 -0.00244346 -0.0910189 0.0444404
2198.85 0.114914 -0.0383047 -9.806 0.36012 -0.133998 9.92423 -0.000916298 -0.0939205 0.0429133
2198.87 0.191523 -0.153219 -9.57617 0.355334 -0.13998 9.92184 -0.00381791 -0.0865901 0.0458149
2198.88 0.268133 -0.153219 -9.76769 0.367298 -0.135194 9.91705 -0.00412334 -0.0901026 0.0432187
2198.9 0.114914 -0.114914 -9.69109 0.358923 -0.132802 9.93739 0.0018326 -0.0969748 0.0389426
2198.91 0.153219 0.0 -9.34634 0.375673 -0.111266 9.94457 -0.000458149 -0.0907135 0.0404698
2198.93 0.229828 -0.0766094 -9.57617 0.355334 -0.107677 9.92543 0.00122173 -0.0931569 0.0401644
2198.95 0.268133 -0.0383047 -9.69109 0.351745 -0.0885344 9.92184 -0.00244346 -0.0878119 0.0410807
2198.96 0.229828 -0.0766094 -9.88261 0.351745 -0.0634098 9.9338 -0.0018326 -0.0891863 0.0406225
2198.98 -0.0383047 -0.0383047 -9.88261 0.364905 -0.0478564 9.94815 -0.00320704 -0.0884227 0.0397062
2199.0 0.268133 0.0383047 -9.806 0.342173 -0.0311067 9.90748 -0.00152716 -0.0920879 0.0403171
2199.01 0.268133 0.0383047 -9.65278 0.314656 -0.0287139 9.91346 -0.00259618 -0.0884227 0.0416915
2199.03 0.344742 0.0383047 -9.61448 0.323031 -0.0251246 9.92064 -0.0018326 -0.0960585 0.0418443
2199.05 0.344742 0.0383047 -9.95922 0.333799 -0.0239282 9.91227 -0.00259618 -0.0919352 0.045204
2199.06 0.229828 0.114914 -10.0741 0.32662 -0.026321 9.91824 -0.00366519 -0.0891863 0.0439823
2199.08 0.191523 0.153219 -9.8443 0.331406 -0.0251246 9.90868 -0.00122173 -0.0962113 0.0424551
2199.1 0.191523 -0.114914 -9.61448 0.361316 -0.0275174 9.90868 -0.00381791 -0.0930042 0.0476475
2199.12 0.229828 0.0766094 -9.95922 0.379262 -0.0346959 9.92662 -0.00488692 -0.0913243 0.0488692
2199.13 0.0766094 -0.0383047 -9.42295 0.375673 -0.0287139 9.91944 -0.00458149 -0.0910189 0.0490219
2199.15 0.153219 -0.0383047 -9.72939 0.376869 -0.0311067 9.91824 -0.00717767 -0.0873537 0.0485638
2199.16 0.0383047 -0.114914 -9.65278 0.384048 -0.0382852 9.91705 -0.00473421 -0.0891863 0.0470366
2199.18 0.0766094 -0.0383047 -9.72939 0.39003 -0.0418744 9.92662 -0.0065668 -0.0896445 0.0478002
2199.2 0.153219 -0.0766094 -9.61448 0.394816 -0.0430708 9.92901 -0.00763582 -0.0878119 0.0499382
2199.21 0.0383047 -0.114914 -9.72939 0.375673 -0.0430708 9.94576 -0.00610865 -0.0894917 0.0497855
2199.23 0.268133 -0.114914 -9.806 0.384048 -0.0442672 9.93978 -0.00855211 -0.0868956 0.0511599
2199.25 0.268133 0.0 -9.46126 0.368495 -0.066999 9.92303 -0.00488692 -0.0945314 0.0468839
2199.26 0.114914 -0.0383047 -9.53786 0.379262 -0.0801595 9.9338 -0.00412334 -0.0956004 0.0478002
2199.28 0.268133 0.0383047 -9.72939 0.393619 -0.0825523 9.9326 -0.00763582 -0.0902553 0.0510072
2199.3 0.229828 -0.191523 -9.65278 0.394816 -0.11007 9.92662 -0.00992656 -0.0849102 0.054367
2199.31 0.229828 -0.114914 -9.69109 0.385244 -0.137587 9.91944 -0.00458149 -0.0925461 0.0502437
2199.33 0.229828 -0.114914 -9.92091 0.401994 -0.142373 9.92662 -0.00473421 -0.0925461 0.0459676
2199.35 0.153219 -0.114914 -9.69109 0.398405 -0.150748 9.93619 -0.00519235 -0.0930042 0.0458149
2199.36 0.229828 -0.0766094 -9.69109 0.376869 -0.153141 9.92901 -0.00778853 -0.0878119 0.0470366
2199.38 0.306437 -0.0383047 -9.61448 0.384048 -0.153141 9.92901 -0.00733038 -0.0868956 0.0465785
2199.4 0.229828 -0.0766094 -9.69109 0.366102 -0.142373 9.91705 -0.00320704 -0.0899499 0.0455095
2199.41 0.268133 -0.0766094 -9.72939 0.364905 -0.149551 9.94218 -0.00397062 -0.0858265 0.044135
2199.43 0.344742 -0.0766094 -9.69109 0.351745 -0.131605 9.93021 -0.00473421 -0.0888809 0.0438296
2199.45 0.153219 -0.229828 -9.99752 0.354138 -0.13998 9.92184 -0.00381791 -0.0913243 0.0429133
2199.46 0.306437 0.0 -9.53786 0.36012 -0.136391 9.92782 0.000305433 -0.0926988 0.0410807
2199.48 0.229828 -0.114914 -9.92091 0.357727 -0.107677 9.92543 -0.00274889 -0.0891863 0.0426078
2199.5 0.344742 -0.0766094 -9.65278 0.367298 -0.117248 9.9326 -0.00290161 -0.0897971 0.044135
2199.51 0.0766094 -0.114914 -9.65278 0.379262 -0.104088 9.91346 -0.00534507 -0.0853684 0.0433714
2199.53 0.268133 -0.114914 -9.806 0.380459 -0.0957129 9.93021 -0.00397062 -0.0879646 0.0432187
2199.55 0.229828 -0.114914 -9.72939 0.374477 -0.0897308 9.93021 -0.000763581 -0.0902553 0.0427606
2199.56 0.268133 -0.0766094 -9.806 0.350548 -0.0861416 9.92303 -0.000916298 -0.0910189 0.0426078
2199.58 0.191523 0.0 -9.72939 0.363709 -0.0681954 9.91227 0.00152716 -0.0968221 0.0395535
2199.6 0.268133 -0.153219 -9.806 0.378066 -0.04666 9.93978 -0.00106901 -0.0884227 0.0404698
2199.61 0.497961 0.0383047 -9.806 0.35653 -0.0346959 9.92064 -0.000152716 -0.0916298 0.0398589
2199.63 0.344742 -0.0766094 -9.69109 0.36012 -0.0299103 9.92782 -0.00290161 -0.089339 0.0415388
2199.65 0.268133 -0.0383047 -9.72939 0.349352 -0.0275174 9.91466 -0.00229074 -0.0919352 0.043066
2199.66 0.268133 -0.0383047 -9.76769 0.346959 -0.0239282 9.91346 -0.00412334 -0.0907135 0.043066
2199.68 0.0383047 0.0383047 -10.0358 0.358923 -0.0215354 9.91944 -0.00259618 -0.0926988 0.0418443
2199.7 0.268133 0.114914 -9.76769 0.362513 -0.0239282 9.91227 -0.00488692 -0.0897971 0.0444404
2199.71 0.229828 -0.0383047 -9.69109 0.370887 -0.0239282 9.91227 -0.00335976 -0.0939205 0.0444404
2199.73 0.191523 0.0383047 -9.76769 0.362513 -0.0251246 9.90748 -0.00626137 -0.0905607 0.0482583
2199.74 0.191523 0.0766094 -9.65278 0.364905 -0.026321 9.91107 -0.00580322 -0.0905607 0.0482583
2199.76 0.191523 -0.0383047 -9.61448 0.376869 -0.0394815 9.92303 -0.00442877 -0.091477 0.0464257
2199.78 0.153219 0.0 -9.76769 0.372084 -0.0382852 9.91944 -0.00702495 -0.0919352 0.0497855
2199.79 0.153219 0.0383047 -9.72939 0.369691 -0.04666 9.92901 -0.0108429 -0.0836885 0.0520762
2199.81 0.229828 0.0383047 -9.76769 0.364905 -0.061017 9.92543 -0.00549779 -0.0911716 0.0490219
2199.83 0.306437 -0.0383047 -9.65278 0.372084 -0.0717846 9.93978 -0.0056505 -0.0913243 0.0494801
2199.84 0.229828 0.0383047 -9.806 0.372084 -0.0658026 9.93619 -0.00305432 -0.0923933 0.0479529
2199.86 0.306437 -0.153219 -9.69109 0.367298 -0.0837488 9.9314 -0.00733038 -0.0884227 0.0485638
2199.88 0.344742 -0.153219 -9.49956 0.358923 -0.106481 9.93021 -0.00473421 -0.0926988 0.0467312
2199.89 0.229828 -0.0383047 -9.46126 0.352941 -0.0957129 9.92423 -0.00671952 -0.0917825 0.0490219
2199.91 0.306437 -0.0383047 -9.76769 0.357727 -0.120837 9.92662 -0.00503964 -0.091477 0.0491747
2199.93 0.229828 -0.153219 -9.76769 0.36012 -0.125623 9.94457 -0.00824668 -0.0870483 0.0520762
2199.94 0.191523 -0.114914 -9.806 0.37328 -0.12323 9.93978 -0.00641408 -0.0891863 0.0496328
2199.96 0.306437 -0.0383047 -9.95922 0.36012 -0.148355 9.91346 -0.0074831 -0.0852157 0.0511599
2199.98 0.306437 -0.153219 -9.61448 0.376869 -0.149551 9.9314 -0.0056505 -0.0926988 0.0481056
2199.99 0.191523 -0.114914 -9.65278 0.380459 -0.151944 9.93499 -0.00519235 -0.0922406 0.0453567
2200.01 0.153219 -0.0766094 -9.57617 0.378066 -0.142373 9.93619 -0.00335976 -0.0933096 0.0450513
2200.03 0.153219 -0.153219 -9.72939 0.376869 -0.147159 9.9326 -0.00549779 -0.08827 0.0448986
2200.04 0.191523 -0.153219 -9.72939 0.384048 -0.144766 9.92184 -0.00320704 -0.0896445 0.0424551
2200.06 0.153219 0.0 -9.53786 0.376869 -0.137587 9.9338 -0.00320704 -0.0934624 0.0413861
2200.08 0.306437 -0.229828 -9.49956 0.393619 -0.111266 9.92423 -0.00794125 -0.0836885 0.0438296
2200.09 0.191523 -0.0766094 -9.72939 0.392423 -0.105284 9.94218 -0.00442877 -0.0867428 0.0439823
2200.11 0.191523 0.0 -9.53786 0.370887 -0.0981057 9.91107 -0.00305432 -0.0875064 0.0423024
2200.12 0.229828 -0.114914 -9.92091 0.393619 -0.0837488 9.93978 -0.0018326 -0.0899499 0.0410807
2200.14 0.306437 -0.0383047 -9.8443 0.392423 -0.0789631 9.93021 -0.00473421 -0.087201 0.0412334
2200.16 0.191523 0.0766094 -9.806 0.398405 -0.0693918 9.93021 -0.000916298 -0.0920879 0.0412334
2200.17 0.0766094 -0.0766094 -9.92091 0.388834 -0.0550349 9.92064 -0.000458149 -0.0957531 0.0423024
2200.19 0.191523 -0.0383047 -9.76769 0.394816 -0.061017 9.93499 -0.00320704 -0.0865901 0.0445931
2200.21 0.191523 0.0766094 -9.65278 0.388834 -0.0454636 9.93619 -0.00335976 -0.0894917 0.043066
2200.22 0.268133 0.0 -9.69109 0.392423 -0.0382852 9.92901 0.000458149 -0.0916298 0.0406225
2200.24 0.153219 0.0383047 -9.76769 0.391226 -0.0323031 9.92064 0.0 -0.0960585 0.0387899
2200.26 0.229828 0.0 -9.806 0.367298 -0.0275174 9.92543 -0.00397062 -0.0887282 0.0410807
2200.27 0.268133 0.0 -9.806 0.344566 -0.0251246 9.9003 -0.00229074 -0.0930042 0.0424551
2200.29 0.268133 0.0766094 -9.69109 0.339781 -0.0239282 9.91705 -0.00503964 -0.086132 0.0447459
2200.31 0.191523 0.0766094 -9.72939 0.337388 -0.0239282 9.91944 -0.00198531 -0.0902553 0.0432187
2200.32 0.114914 0.0383047 -9.69109 0.34337 -0.020339 9.91466 -0.00595593 -0.0930042 0.0450513
2200.34 0.306437 -0.0766094 -9.65278 0.346959 -0.0251246 9.91585 -0.00351247 -0.0933096 0.0447459
2200.36 0.229828 0.0383047 -9.46126 0.331406 -0.0239282 9.91227 -0.00274889 -0.0962113 0.0450513
2200.37 0.229828 -0.0383047 -9.57617 0.346959 -0.0370887 9.92184 -0.0065668 -0.0908662 0.0488692
2200.39 0.344742 -0.0383047 -9.69109 0.345763 -0.026321 9.92303 -0.00351247 -0.0934624 0.0481056
2200.41 0.153219 -0.153219 -9.49956 0.348156 -0.0598205 9.92782 -0.00274889 -0.0975857 0.0465785
2200.42 0.344742 -0.114914 -9.57617 0.352941 -0.0741775 9.93499 -0.00671952 -0.0945314 0.0487165
2200.44 0.344742 -0.114914 -9.61448 0.345763 -0.0921237 9.92303 -0.00458149 -0.0930042 0.0481056
2200.46 0.153219 -0.153219 -9.65278 0.354138 -0.106481 9.93021 -0.00901026 -0.087201 0.0514654
2200.47 0.191523 -0.114914 -9.34634 0.37328 -0.105284 9.92543 -0.00519235 -0.0933096 0.0505491
2200.49 0.306437 -0.114914 -9.76769 0.366102 -0.113659 9.92901 -0.0074831 -0.0905607 0.0484111
2200.5 0.153219 -0.114914 -9.69109 0.372084 -0.120837 9.93619 -0.00412334 -0.0940732 0.0464257
2200.52 0.268133 0.114914 -9.806 0.350548 -0.132802 9.92184 -0.00824668 -0.0873537 0.0482583
2200.54 0.114914 -0.191523 -9.61448 0.372084 -0.128016 9.9338 -0.00687223 -0.0910189 0.0499382
2200.55 0.229828 -0.191523 -9.72939 0.372084 -0.114855 9.9326 -0.0056505 -0.0897971 0.0496328
2200.57 0.114914 -0.153219 -9.72939 0.369691 -0.119641 9.92662 -0.0074831 -0.0868956 0.0494801
2200.59 0.268133 0.0 -9.49956 0.367298 -0.12682 9.93499 -0.0065668 -0.0907135 0.0465785
2200.6 0.229828 -0.153219 -9.57617 0.368495 -0.136391 9.92782 -0.00381791 -0.0942259 0.0481056
2200.62 0.153219 -0.0766094 -9.65278 0.372084 -0.131605 9.92662 -0.00290161 -0.0937678 0.0439823
2200.64 0.306437 -0.114914 -9.72939 0.385244 -0.130409 9.9338 -0.00137445 -0.0949895 0.0450513
2200.65 0.153219 -0.0766094 -9.88261 0.392423 -0.132802 9.94696 -0.00198531 -0.0922406 0.0456622
2200.67 0.191523 -0.0766094 -9.806 0.409173 -0.118445 9.93859 -0.00167988 -0.0951423 0.0442877
2200.68 0.229828 -0.0383047 -9.61448 0.397208 -0.118445 9.91705 -0.00717767 -0.0849102 0.0453567
2200.7 0.153219 0.0383047 -9.61448 0.391226 -0.124427 9.92064 -0.00381791 -0.0920879 0.0413861
2200.72 0.191523 -0.0766094 -9.72939 0.398405 -0.104088 9.94576 -0.00320704 -0.0878119 0.0412334
2200.73 0.0766094 -0.114914 -9.65278 0.40678 -0.087338 9.93619 -0.00167988 -0.0913243 0.0404698
2200.75 0.0766094 -0.114914 -9.76769 0.401994 -0.0705882 9.92543 -0.00106901 -0.0925461 0.0438296
2200.77 0.268133 -0.0383047 -9.57617 0.386441 -0.0681954 9.92184 -0.00397062 -0.0885754 0.0427606
2200.78 0.229828 -0.0383047 -9.46126 0.404387 -0.0586241 9.94098 -0.00320704 -0.0888809 0.0413861
2200.8 0.191523 -0.0383047 -9.65278 0.384048 -0.0514457 9.91944 -0.000458149 -0.0959058 0.0409279
2200.82 0.153219 -0.114914 -9.72939 0.366102 -0.0370887 9.91705 -0.0018326 -0.0891863 0.0435241
2200.83 0.268133 -0.114914 -9.88261 0.381655 -0.0358923 9.92901 -0.00259618 -0.0870483 0.0435241
2200.85 0.114914 -0.114914 -9.8443 0.37328 -0.0370887 9.93619 -0.00167988 -0.0908662 0.0426078
2200.87 0.153219 -0.0383047 -9.95922 0.367298 -0.0311067 9.92662 -0.00610865 -0.087201 0.0433714
2200.88 0.268133 -0.0383047 -10.1507 0.366102 -0.040678 9.93859 -0.00381791 -0.0890336 0.0445931
2200.9 0.344742 -0.114914 -9.57617 0.351745 -0.0478564 9.93739 -0.00580322 -0.0849102 0.0445931
2200.91 0.268133 -0.0766094 -9.76769 0.323031 -0.0346959 9.91227 -0.00503964 -0.0884227 0.045204
2200.93 0.229828 0.0766094 -9.65278 0.323031 -0.0287139 9.92303 -0.00580322 -0.0899499 0.0467312
2200.95 0.306437 -0.0383047 -9.65278 0.330209 -0.0227318 9.91227 -0.00442877 -0.090408 0.0453567
2200.96 0.344742 0.0766094 -9.76769 0.331406 -0.026321 9.91346 -0.00381791 -0.0922406 0.0456622
2200.98 0.191523 0.0 -9.61448 0.324227 -0.0287139 9.92543 -0.00290161 -0.0946841 0.0461203
2201.0 0.229828 -0.0383047 -9.8443 0.333799 -0.0346959 9.92782 -0.00794125 -0.0867428 0.0484111
2201.01 0.229828 0.153219 -9.69109 0.325424 -0.0346959 9.92184 -0.00610865 -0.0931569 0.0482583
2201.03 0.191523 -0.0766094 -9.69109 0.32662 -0.0442672 9.94815 -0.00610865 -0.0908662 0.0499382
2201.05 0.114914 -0.0383047 -9.61448 0.349352 -0.0681954 9.93978 -0.00503964 -0.0942259 0.0485638
2201.06 0.153219 -0.114914 -9.72939 0.372084 -0.0885344 9.94457 -0.00549779 -0.0928515 0.0499382
2201.08 0.0766094 -0.0766094 -9.69109 0.368495 -0.105284 9.9326 -0.00381791 -0.0957531 0.0496328
2201.1 0.153219 -0.0383047 -9.76769 0.375673 -0.102891 9.91466 -0.00855211 -0.087201 0.0531453
2201.11 0.0766094 -0.0383047 -9.61448 0.372084 -0.131605 9.93619 -0.00717767 -0.0922406 0.0482583
2201.13 0.0766094 -0.153219 -10.0741 0.368495 -0.131605 9.92901 -0.00595593 -0.091477 0.0482583
2201.15 0.114914 -0.0766094 -9.76769 0.366102 -0.12323 9.9326 -0.00595593 -0.0887282 0.0455095
2201.16 0.268133 -0.0383047 -9.61448 0.379262 -0.128016 9.92184 -0.00397062 -0.0934624 0.047342
2201.18 0.114914 -0.153219 -9.49956 0.400798 -0.117248 9.9338 -0.00641408 -0.0884227 0.0526871
2201.2 0.153219 -0.114914 -9.76769 0.394816 -0.105284 9.92543 -0.00488692 -0.0917825 0.0464257
2201.21 0.229828 -0.153219 -9.69109 0.403191 -0.11007 9.90987 -0.00580322 -0.0913243 0.0478002
2201.23 0.153219 -0.114914 -9.65278 0.411565 -0.106481 9.91944 -0.00229074 -0.091477 0.046273
2201.25 0.191523 0.0 -9.46126 0.41994 -0.102891 9.9338 -0.00335976 -0.0931569 0.046273
2201.26 0.191523 -0.0766094 -9.72939 0.427119 -0.12682 9.91705 0.000305433 -0.0981966 0.0418443
2201.28 0.229828 -0.114914 -9.57617 0.430708 -0.113659 9.93499 -0.00351247 -0.0922406 0.0442877
2201.29 0.0766094 -0.153219 -9.38465 0.401994 -0.125623 9.94098 -0.00442877 -0.0897971 0.0435241
2201.31 0.0383047 -0.114914 -9.806 0.416351 -0.122034 9.93859 -0.00687223 -0.0836885 0.0435241
2201.33 0.191523 -0.114914 -9.72939 0.403191 -0.113659 9.92901 -0.00427606 -0.0865901 0.0436769
2201.34 0.229828 -0.191523 -9.53786 0.382851 -0.09332 9.9338 -0.00290161 -0.091477 0.0424551
2201.36 0.153219 -0.0766094 -9.72939 0.385244 -0.0849452 9.9338 -0.00488692 -0.0853684 0.0450513
2201.38 0.268133 -0.153219 -9.61448 0.375673 -0.0622134 9.92901 -0.000458149 -0.0922406 0.0389426
2201.39 0.191523 -0.0383047 -9.57617 0.367298 -0.0598205 9.92423 -0.00351247 -0.087201 0.0421497
2201.41 0.0383047 -0.114914 -9.65278 0.367298 -0.0562313 9.93859 -0.00152716 -0.0902553 0.0403171
2201.43 0.114914 -0.0383047 -9.69109 0.36012 -0.0514457 9.93499 -0.00442877 -0.0849102 0.0423024
2201.44 0.114914 0.0383047 -9.69109 0.364905 -0.0454636 9.94696 0.000152716 -0.0934624 0.0426078
2201.46 0.268133 -0.0766094 -9.69109 0.351745 -0.0418744 9.93739 -0.000916298 -0.091477 0.0427606
2201.48 0.229828 0.0383047 -9.806 0.340977 -0.040678 9.9338 -0.00442877 -0.0862847 0.0442877
2201.49 0.306437 -0.0383047 -9.806 0.319442 -0.0287139 9.92184 -0.00106901 -0.0933096 0.0401644
2201.51 0.306437 0.0766094 -9.72939 0.311067 -0.0346959 9.92064 -0.00213803 -0.0930042 0.0432187
2201.53 0.344742 -0.0766094 -9.72939 0.308674 -0.0334995 9.92423 -0.00427606 -0.089339 0.0476475
2201.54 0.268133 -0.0766094 -9.76769 0.294317 -0.0323031 9.92543 -0.00366519 -0.0891863 0.0468839
2201.56 0.383047 -0.0766094 -9.69109 0.302692 -0.0346959 9.92303 -0.00366519 -0.0897971 0.0459676
2201.58 0.191523 0.0766094 -10.0358 0.29671 -0.0334995 9.92064 -0.0056505 -0.091477 0.0478002
2201.59 0.229828 -0.0383047 -9.72939 0.31346 -0.0323031 9.91824 -0.00458149 -0.0920879 0.046273
2201.61 0.229828 0.0383047 -9.8443 0.345763 -0.0346959 9.92064 -0.00458149 -0.0919352 0.0478002
2201.62 0.153219 0.0766094 -9.69109 0.352941 -0.0323031 9.91107 -0.00427606 -0.0922406 0.0471893
2201.64 0.229828 0.0766094 -9.72939 0.367298 -0.0430708 9.92901 -0.00610865 -0.090408 0.0502437
2201.66 0.268133 -0.0383047 -9.92091 0.392423 -0.0478564 9.94098 -0.00809396 -0.0879646 0.0508545
2201.67 0.191523 -0.0383047 -9.806 0.368495 -0.0586241 9.92543 -0.00855211 -0.0916298 0.0508545
2201.69 0.268133 0.0 -9.69109 0.382851 -0.0993021 9.92064 -0.00809396 -0.0873537 0.0508545
2201.7 0.229828 -0.153219 -9.806 0.393619 -0.111266 9.93619 -0.00427606 -0.0962113 0.0494801
2201.72 0.191523 -0.153219 -9.61448 0.404387 -0.112463 9.93859 -0.00503964 -0.0910189 0.0502437
2201.74 0.0766094 0.0 -9.69109 0.40678 -0.117248 9.94457 -0.000916298 -0.0957531 0.0458149
2201.75 0.229828 -0.153219 -9.99752 0.424726 -0.12682 9.94218 -0.00610865 -0.0884227 0.0484111
2201.77 0.153219 -0.153219 -9.65278 0.403191 -0.120837 9.9338 -0.0056505 -0.0891863 0.0474948
2201.79 0.0766094 -0.0383047 -9.8443 0.409173 -0.130409 9.9338 -0.00442877 -0.0931569 0.0465785
2201.8 0.0 -0.0766094 -9.72939 0.427119 -0.119641 9.92901 -0.00580322 -0.0867428 0.0465785
2201.82 0.114914 -0.114914 -9.72939 0.433101 -0.12323 9.93739 -0.00381791 -0.0923933 0.0435241
2201.84 0.114914 -0.0383047 -9.69109 0.424726 -0.118445 9.9314 -0.00335976 -0.0913243 0.0439823
2201.85 0.229828 -0.0383047 -9.8443 0.422333 -0.117248 9.93619 -0.00397062 -0.0910189 0.0424551
2201.87 0.229828 -0.0766094 -9.42295 0.391226 -0.116052 9.93859 -0.00549779 -0.083994 0.046273
2201.89 0.344742 -0.114914 -9.72939 0.381655 -0.106481 9.93619 -0.000916298 -0.0897971 0.0436769
2201.9 0.229828 0.0383047 -9.72939 0.366102 -0.0921237 9.93859 -0.00427606 -0.0865901 0.044135
2201.92 0.153219 -0.0383047 -9.65278 0.345763 -0.0969093 9.92901 -0.00397062 -0.0859793 0.0427606
2201.94 0.383047 -0.0383047 -10.189 0.334995 -0.0993021 9.93859 -0.00397062 -0.087201 0.0424551
2201.95 0.268133 -0.0383047 -9.76769 0.354138 -0.11007 9.94098 0.0 -0.0956004 0.0400117
2201.97 0.306437 -0.114914 -9.53786 0.354138 -0.0849452 9.9326 -0.00381791 -0.0879646 0.0439823
2201.99 0.191523 -0.114914 -9.88261 0.354138 -0.0801595 9.93499 -0.00137445 -0.0920879 0.0421497
2202.0 0.229828 -0.0383047 -9.61448 0.357727 -0.0813559 9.92782 -0.00519235 -0.0887282 0.0410807
2202.02 0.153219 0.0 -9.8443 0.375673 -0.0705882 9.93021 -0.00320704 -0.0891863 0.0418443
2202.04 0.191523 -0.153219 -9.72939 0.364905 -0.0693918 9.9338 -0.00106901 -0.0928515 0.0403171
2202.06 0.191523 -0.114914 -9.76769 0.348156 -0.040678 9.93021 -0.00152716 -0.091477 0.0413861
2202.08 0.268133 -0.0383047 -9.8443 0.348156 -0.0311067 9.92901 -0.00641408 -0.085063 0.0458149
2202.09 0.268133 0.0766094 -9.72939 0.336191 -0.0370887 9.9338 -0.00381791 -0.0884227 0.0433714
2202.11 0.229828 0.0 -9.72939 0.317049 -0.0299103 9.92543 -0.00106901 -0.0939205 0.0427606
2202.13 0.306437 0.0383047 -9.72939 0.327816 -0.0323031 9.93021 -0.00458149 -0.0908662 0.0438296
2202.14 0.268133 0.0383047 -9.61448 0.337388 -0.0275174 9.91466 -0.00366519 -0.0919352 0.0484111
2202.16 0.268133 -0.0766094 -9.72939 0.325424 -0.0251246 9.90628 -0.00473421 -0.0928515 0.0478002
2202.18 0.229828 0.114914 -9.49956 0.344566 -0.0299103 9.91466 -0.00534507 -0.0901026 0.0487165
2202.19 0.153219 0.0383047 -9.806 0.364905 -0.0275174 9.90628 -0.00549779 -0.0917825 0.047342
2202.21 0.153219 0.114914 -9.61448 0.381655 -0.026321 9.90509 -0.00473421 -0.0917825 0.0468839
2202.22 0.229828 -0.0766094 -9.95922 0.37328 -0.0430708 9.92901 -0.00702495 -0.0868956 0.0471893
2202.24 0.153219 0.0 -9.92091 0.386441 -0.0370887 9.9314 -0.00626137 -0.0917825 0.0485638
2202.26 0.153219 0.0383047 -9.65278 0.394816 -0.0478564 9.94696 -0.00671952 -0.0931569 0.0507018
2202.27 0.0766094 0.0 -9.88261 0.382851 -0.0430708 9.9338 -0.00702495 -0.08827 0.0491747
2202.29 0.191523 0.0 -9.19312 0.381655 -0.0634098 9.92184 -0.00473421 -0.0946841 0.0459676
2202.31 0.191523 0.0 -9.72939 0.368495 -0.0801595 9.92901 -0.00519235 -0.0908662 0.0497855
2202.32 0.268133 -0.0383047 -9.38465 0.379262 -0.0837488 9.93619 -0.00412334 -0.0928515 0.0487165
2202.34 0.268133 -0.153219 -9.46126 0.39003 -0.0945165 9.93619 -0.00397062 -0.0943787 0.0487165
2202.36 0.344742 -0.114914 -9.88261 0.385244 -0.102891 9.90987 -0.00626137 -0.0901026 0.0485638
2202.37 0.114914 -0.191523 -9.69109 0.398405 -0.106481 9.92782 -0.00397062 -0.0928515 0.0461203
2202.39 0.153219 -0.0766094 -9.72939 0.397208 -0.125623 9.93021 -0.00763582 -0.0875064 0.0481056
2202.41 0.229828 0.0 -9.57617 0.416351 -0.141176 9.93021 -0.0056505 -0.0899499 0.0471893
2202.42 0.268133 -0.153219 -9.65278 0.409173 -0.133998 9.93859 -0.00687223 -0.0916298 0.0470366
2202.44 0.229828 -0.114914 -9.65278 0.416351 -0.13998 9.92423 -0.00412334 -0.0911716 0.0478002
2202.45 0.0383047 -0.153219 -9.88261 0.392423 -0.142373 9.92303 -0.00488692 -0.0890336 0.0464257
2202.47 0.153219 -0.0766094 -9.49956 0.382851 -0.138784 9.92423 -0.00458149 -0.0896445 0.0426078
2202.49 0.153219 -0.0766094 -9.53786 0.375673 -0.129212 9.93619 -0.00274889 -0.0913243 0.0429133
2202.5 0.268133 -0.0766094 -9.53786 0.370887 -0.122034 9.94098 -0.000305433 -0.0923933 0.0426078
2202.52 0.268133 -0.114914 -9.8443 0.330209 -0.116052 9.92901 -0.00213803 -0.0922406 0.0426078
2202.54 0.268133 -0.114914 -9.72939 0.346959 -0.106481 9.94218 0.000458149 -0.0925461 0.0403171
2202.55 0.268133 -0.0766094 -9.61448 0.334995 -0.0909272 9.91585 0.0 -0.0939205 0.0413861
2202.57 0.191523 -0.0766094 -9.57617 0.354138 -0.0849452 9.93499 -0.00290161 -0.0868956 0.0416915
2202.59 0.344742 0.0 -9.65278 0.354138 -0.09332 9.93619 -0.00229074 -0.0896445 0.0436769
2202.6 0.191523 -0.0766094 -9.95922 0.362513 -0.0777667 9.92184 -0.00442877 -0.0881173 0.0442877
2202.62 0.153219 -0.0766094 -9.53786 0.355334 -0.061017 9.92543 -0.00122173 -0.0919352 0.0435241
2202.64 0.153219 -0.0383047 -9.806 0.372084 -0.0538385 9.94098 -0.00106901 -0.0916298 0.0429133
2202.65 0.229828 0.0 -9.76769 0.367298 -0.0550349 9.92662 -0.000763581 -0.0928515 0.0413861
2202.67 0.153219 -0.0383047 -9.53786 0.358923 -0.0538385 9.9314 -0.000763581 -0.0930042 0.0436769
2202.69 0.229828 0.0 -9.61448 0.362513 -0.0299103 9.92064 -0.00381791 -0.0936151 0.0412334
2202.7 0.383047 -0.0766094 -9.61448 0.344566 -0.0311067 9.91346 -0.00412334 -0.0885754 0.0439823
2202.72 0.268133 0.0383047 -9.806 0.340977 -0.0251246 9.91585 -0.00213803 -0.0954477 0.0412334
2202.74 0.114914 -0.0383047 -9.69109 0.350548 -0.026321 9.90868 -0.00320704 -0.0896445 0.0442877
2202.75 0.114914 0.114914 -9.806 0.346959 -0.0251246 9.91107 -0.00335976 -0.0934624 0.045204
2202.77 0.268133 0.0 -9.76769 0.357727 -0.0275174 9.91585 -0.00580322 -0.0905607 0.0476475
2202.79 0.153219 0.0 -9.57617 0.37328 -0.026321 9.90389 -0.00412334 -0.0908662 0.0479529
2202.8 0.153219 -0.114914 -9.806 0.393619 -0.0287139 9.91107 -0.00626137 -0.0896445 0.0485638
2202.82 0.0766094 0.114914 -9.72939 0.394816 -0.0299103 9.90987 -0.00717767 -0.0875064 0.0468839
2202.83 0.114914 -0.114914 -9.806 0.410369 -0.0382852 9.93859 -0.00733038 -0.0897971 0.047342
2202.85 0.114914 -0.0383047 -9.99752 0.382851 -0.0586241 9.92064 -0.00671952 -0.0902553 0.0476475
2202.87 0.153219 -0.0383047 -9.95922 0.393619 -0.061017 9.91346 -0.00519235 -0.0920879 0.0487165
2202.88 0.191523 -0.114914 -9.61448 0.380459 -0.0586241 9.94815 -0.00962113 -0.0876591 0.0494801
2202.9 0.153219 0.0766094 -9.69109 0.370887 -0.0634098 9.93978 -0.00473421 -0.0933096 0.0464257
2202.92 0.114914 0.0 -9.99752 0.350548 -0.0813559 9.91107 -0.00763582 -0.0876591 0.0459676
2202.93 0.268133 -0.114914 -10.0358 0.350548 -0.09332 9.92303 -0.0056505 -0.0884227 0.0461203
2202.95 0.114914 -0.0766094 -9.806 0.349352 -0.0945165 9.9326 -0.00794125 -0.0870483 0.0484111
2202.97 0.191523 0.0383047 -9.69109 0.348156 -0.104088 9.93499 -0.00580322 -0.0920879 0.0474948
2202.98 0.153219 -0.153219 -9.65278 0.366102 -0.107677 9.92901 -0.00503964 -0.089339 0.0487165
2203.0 0.268133 -0.0383047 -9.65278 0.379262 -0.119641 9.94576 -0.00335976 -0.0957531 0.0447459
2203.02 0.191523 -0.153219 -9.8443 0.375673 -0.114855 9.94098 -0.00733038 -0.0891863 0.0468839
2203.03 0.153219 -0.0383047 -9.72939 0.382851 -0.12682 9.93739 -0.00687223 -0.0907135 0.0465785
2203.05 0.114914 0.0 -9.95922 0.375673 -0.133998 9.92782 -0.00534507 -0.0949895 0.0468839
2203.06 0.153219 -0.0766094 -9.42295 0.375673 -0.12323 9.9338 -0.00458149 -0.0911716 0.0448986
2203.08 0.191523 -0.0766094 -9.72939 0.357727 -0.118445 9.92423 -0.00549779 -0.0890336 0.045204
2203.1 0.114914 -0.0383047 -9.92091 0.369691 -0.12323 9.93619 -0.00397062 -0.0916298 0.0445931
2203.12 0.191523 -0.153219 -9.76769 0.349352 -0.135194 9.9314 -0.00335976 -0.0939205 0.0426078
2203.13 0.344742 -0.0383047 -9.65278 0.36012 -0.138784 9.91824 -0.00106901 -0.0966694 0.0435241
2203.15 0.229828 -0.0383047 -9.806 0.361316 -0.122034 9.93021 -0.0056505 -0.0875064 0.0465785
2203.16 0.114914 -0.0766094 -9.72939 0.361316 -0.118445 9.93021 -0.00213803 -0.0913243 0.0426078
2203.18 0.268133 -0.0766094 -9.72939 0.368495 -0.104088 9.92901 -0.0018326 -0.0936151 0.0438296
2203.2 0.268133 0.0766094 -9.61448 0.392423 -0.105284 9.92184 -0.00152716 -0.0937678 0.0426078
2203.21 0.191523 -0.0383047 -9.69109 0.418744 -0.087338 9.93859 -0.00305432 -0.0905607 0.0433714
2203.23 0.114914 0.0383047 -9.8443 0.41994 -0.0789631 9.92901 0.000916298 -0.0943787 0.0406225
2203.24 0.153219 0.0766094 -9.72939 0.40678 -0.0550349 9.93739 -0.00198531 -0.0899499 0.0415388
2203.26 0.229828 0.0 -9.65278 0.409173 -0.061017 9.93021 -0.00351247 -0.089339 0.0429133
2203.27 0.229828 -0.0766094 -9.8443 0.376869 -0.0562313 9.92543 -0.00106901 -0.0923933 0.043066
2203.29 0.344742 -0.0383047 -9.72939 0.352941 -0.0430708 9.91824 -0.0018326 -0.0896445 0.0415388
2203.3 0.191523 0.0766094 -9.61448 0.352941 -0.0478564 9.93619 -0.00381791 -0.0879646 0.0418443
2203.32 0.191523 -0.0383047 -9.53786 0.351745 -0.0311067 9.91227 0.000458149 -0.0968221 0.0413861
2203.34 0.268133 -0.0383047 -9.49956 0.327816 -0.0299103 9.89791 -0.00259618 -0.0897971 0.0455095
2203.35 0.191523 0.191523 -9.72939 0.345763 -0.0275174 9.90748 -0.00534507 -0.0876591 0.0459676
2203.37 0.268133 -0.0383047 -9.65278 0.351745 -0.0251246 9.91346 -0.00381791 -0.0911716 0.0418443
2203.96 0.229828 -0.0766094 -9.806 0.379262 -0.0346959 9.92901 -0.00229074 -0.0919352 0.044135
2203.98 0.114914 -0.0383047 -9.72939 0.385244 -0.0287139 9.91585 -0.00397062 -0.091477 0.0456622
2203.99 0.191523 -0.0766094 -9.8443 0.384048 -0.0346959 9.92423 -0.00503964 -0.0873537 0.0478002
2204.01 0.229828 -0.114914 -9.61448 0.344566 -0.0430708 9.92901 -0.00366519 -0.0916298 0.0453567
2204.03 0.191523 -0.0383047 -9.65278 0.354138 -0.0418744 9.94337 -0.00458149 -0.0913243 0.046273
2204.05 0.114914 -0.0766094 -9.69109 0.346959 -0.0478564 9.93499 -0.00152716 -0.0954477 0.0429133
2204.06 0.344742 0.0383047 -9.69109 0.319442 -0.0598205 9.93499 -0.00763582 -0.0856738 0.0470366
2204.08 0.306437 0.0 -9.76769 0.31346 -0.0717846 9.92782 -0.00610865 -0.0897971 0.0467312
2204.09 0.383047 0.0766094 -9.69109 0.321834 -0.066999 9.93859 -0.00580322 -0.0931569 0.0471893
2204.11 0.268133 -0.114914 -9.76769 0.320638 -0.0598205 9.92901 -0.0065668 -0.0913243 0.0467312
2204.13 0.153219 -0.0766094 -9.806 0.338584 -0.0753739 9.92423 -0.00366519 -0.0943787 0.047342
2204.14 0.114914 0.0 -9.57617 0.354138 -0.0861416 9.9338 -0.00397062 -0.0922406 0.0481056
2204.16 0.268133 0.0 -9.72939 0.366102 -0.0897308 9.93499 -0.00687223 -0.087201 0.0496328
2204.18 0.268133 0.0 -9.69109 0.368495 -0.0909272 9.9314 -0.00137445 -0.0949895 0.0476475
2204.2 0.153219 -0.191523 -9.88261 0.362513 -0.0993021 9.92543 -0.00366519 -0.095295 0.0474948
2204.21 0.153219 -0.0766094 -9.95922 0.375673 -0.102891 9.92782 -0.00473421 -0.0897971 0.0485638
2204.23 0.191523 -0.114914 -9.69109 0.37328 -0.107677 9.93859 -0.00626137 -0.090408 0.0478002
2204.24 0.306437 -0.229828 -9.72939 0.374477 -0.116052 9.9338 -0.00503964 -0.0902553 0.0479529
2204.26 0.191523 -0.0383047 -9.61448 0.397208 -0.12323 9.94457 -0.00442877 -0.091477 0.046273
2204.28 0.153219 -0.0766094 -9.53786 0.39003 -0.124427 9.94337 -0.00274889 -0.0945314 0.0459676
2204.29 0.153219 -0.0766094 -9.65278 0.398405 -0.106481 9.92782 -0.00137445 -0.0957531 0.044135
2204.31 0.229828 -0.114914 -9.61448 0.40678 -0.114855 9.93739 -0.00427606 -0.0890336 0.0470366
2204.33 0.114914 -0.0383047 -9.65278 0.401994 -0.106481 9.92543 -0.00549779 -0.0879646 0.0459676
2204.34 0.0766094 -0.0383047 -9.69109 0.410369 -0.104088 9.91824 -0.00290161 -0.089339 0.0450513
2204.36 0.191523 -0.153219 -9.72939 0.40678 -0.0909272 9.9326 -0.00503964 -0.0885754 0.0445931
2204.38 0.191523 -0.153219 -9.72939 0.42353 -0.0801595 9.93619 -0.00427606 -0.0891863 0.0444404
2204.39 0.191523 -0.0766094 -9.76769 0.405583 -0.0837488 9.93021 -0.00580322 -0.081245 0.0459676
2204.41 0.229828 -0.114914 -9.806 0.40678 -0.0777667 9.92184 -0.000916298 -0.0931569 0.0416915
2204.43 0.153219 -0.114914 -9.69109 0.378066 -0.0765703 9.92901 -0.00397062 -0.0890336 0.0448986
2204.44 0.114914 -0.0766094 -9.8443 0.384048 -0.0622134 9.93619 -0.00137445 -0.089339 0.0435241
2204.46 0.153219 -0.153219 -9.92091 0.379262 -0.0658026 9.92543 -0.00167988 -0.0943787 0.0390954
2204.48 0.191523 -0.114914 -9.806 0.346959 -0.0622134 9.91944 -0.00229074 -0.0913243 0.0403171
2204.49 0.153219 -0.114914 -9.8443 0.351745 -0.0658026 9.92423 -0.00473421 -0.0881173 0.043066
2204.51 0.229828 -0.0383047 -9.69109 0.338584 -0.0526421 9.9326 -0.00626137 -0.0849102 0.0438296
2204.53 0.229828 -0.114914 -9.61448 0.348156 -0.040678 9.93859 -0.0018326 -0.0943787 0.0424551
2204.54 0.383047 0.114914 -9.69109 0.348156 -0.0358923 9.92303 -0.00549779 -0.0858265 0.0436769
2204.56 0.229828 0.0 -9.806 0.350548 -0.0370887 9.9326 -0.00549779 -0.0859793 0.0453567
2204.58 0.383047 0.0 -9.76769 0.363709 -0.0394815 9.93499 -0.00519235 -0.0907135 0.0435241
2204.59 0.229828 -0.114914 -9.806 0.351745 -0.0382852 9.92662 -0.00320704 -0.0933096 0.0456622
2204.61 0.306437 -0.114914 -9.57617 0.344566 -0.0478564 9.94098 -0.00366519 -0.0937678 0.0456622
2204.63 0.229828 -0.0383047 -10.0358 0.32662 -0.0442672 9.92184 -0.00412334 -0.0917825 0.0447459
2204.64 0.344742 0.0383047 -9.76769 0.340977 -0.0502493 9.9326 -0.00229074 -0.0942259 0.0453567
2204.66 0.229828 -0.229828 -9.69109 0.331406 -0.0658026 9.9314 -0.00595593 -0.0923933 0.0467312
2204.68 0.268133 -0.0383047 -9.57617 0.332602 -0.0526421 9.93619 -0.00687223 -0.0881173 0.0471893
2204.69 0.229828 -0.114914 -9.8443 0.349352 -0.066999 9.92662 -0.0065668 -0.0876591 0.0491747
2204.71 0.191523 -0.0766094 -9.72939 0.361316 -0.0693918 9.93021 -0.00335976 -0.0946841 0.0476475
2204.73 0.114914 -0.0383047 -9.65278 0.372084 -0.0777667 9.93859 -0.00488692 -0.0930042 0.0464257
2204.74 0.229828 -0.153219 -9.69109 0.375673 -0.0693918 9.91705 -0.00717767 -0.0896445 0.0510072
2204.76 0.0 -0.0383047 -9.95922 0.388834 -0.0825523 9.92782 -0.00702495 -0.0881173 0.0511599
2204.78 0.229828 -0.0766094 -9.95922 0.397208 -0.0837488 9.92184 -0.00488692 -0.0934624 0.0493274
2204.79 0.0383047 -0.114914 -9.72939 0.375673 -0.0801595 9.91705 -0.00733038 -0.0876591 0.047342
2204.81 0.191523 -0.0766094 -9.65278 0.398405 -0.087338 9.91944 -0.00290161 -0.0951423 0.0471893
2204.83 0.153219 0.0383047 -9.806 0.407976 -0.0861416 9.94218 -0.00366519 -0.0916298 0.0461203
2204.84 0.268133 -0.153219 -9.69109 0.39003 -0.0861416 9.92064 -0.00167988 -0.0907135 0.0478002
2204.86 0.0766094 -0.0766094 -9.8443 0.392423 -0.100499 9.91824 -0.00229074 -0.0962113 0.0455095
2204.88 0.229828 -0.0383047 -9.76769 0.394816 -0.09332 9.92782 -0.00794125 -0.0879646 0.0479529
2204.89 0.191523 0.0383047 -9.49956 0.39003 -0.107677 9.94815 -0.00366519 -0.090408 0.0459676
2204.91 0.229828 -0.191523 -9.61448 0.398405 -0.113659 9.9338 -0.00198531 -0.0908662 0.0442877
2204.93 0.191523 -0.114914 -9.69109 0.409173 -0.111266 9.92423 -0.00290161 -0.0942259 0.0421497
2204.94 0.191523 -0.0383047 -9.69109 0.411565 -0.108873 9.91944 -0.00351247 -0.0920879 0.0436769
2204.96 0.0383047 -0.153219 -9.65278 0.388834 -0.105284 9.92901 -0.00717767 -0.0836885 0.0471893
2204.98 0.191523 0.0766094 -9.99752 0.396012 -0.105284 9.93859 -0.00167988 -0.0928515 0.0439823
2204.99 0.191523 -0.114914 -9.65278 0.401994 -0.105284 9.92423 -0.00503964 -0.0868956 0.0442877
2205.01 0.191523 -0.153219 -9.806 0.397208 -0.0957129 9.94337 -0.00412334 -0.0891863 0.0426078
2205.03 0.191523 -0.0383047 -9.61448 0.374477 -0.0909272 9.93499 -0.00412334 -0.0868956 0.0448986
2205.04 0.229828 -0.0383047 -9.23143 0.357727 -0.0885344 9.93499 -0.000458149 -0.0934624 0.0415388
2205.06 0.191523 0.0 -9.65278 0.361316 -0.0777667 9.93739 -0.00473421 -0.0864374 0.0424551
2205.08 0.191523 -0.0766094 -9.806 0.340977 -0.0777667 9.93859 -0.00549779 -0.0859793 0.0439823
2205.09 0.191523 -0.0766094 -9.57617 0.329013 -0.0777667 9.93619 -0.00198531 -0.0933096 0.0413861
2205.11 0.229828 0.0 -9.8443 0.330209 -0.0526421 9.9326 -0.000305433 -0.0960585 0.0409279
2205.13 0.268133 0.0766094 -9.65278 0.323031 -0.0598205 9.92901 -0.00381791 -0.0890336 0.0439823
2205.14 0.306437 -0.0383047 -9.76769 0.351745 -0.0442672 9.9326 -0.00763582 -0.0842994 0.0465785
2205.16 0.191523 -0.0383047 -9.76769 0.340977 -0.0394815 9.9326 -0.00152716 -0.0919352 0.0432187
2205.17 0.114914 -0.0383047 -10.1124 0.32662 -0.0382852 9.93499 -0.00290161 -0.0943787 0.0450513
2205.19 0.229828 -0.0766094 -9.61448 0.35653 -0.0418744 9.9326 -0.00412334 -0.091477 0.0447459
2205.21 0.114914 0.0383047 -9.69109 0.349352 -0.0394815 9.93859 -0.00442877 -0.0890336 0.0467312
2205.22 0.306437 0.0 -9.8443 0.358923 -0.0370887 9.92901 -0.0018326 -0.0948368 0.044135
2205.24 0.268133 -0.0766094 -9.46126 0.351745 -0.0323031 9.9314 -0.00198531 -0.0925461 0.0458149
2205.26 0.229828 0.0383047 -9.72939 0.346959 -0.040678 9.92901 -0.00473421 -0.0928515 0.0470366
2205.27 0.383047 -0.0383047 -9.69109 0.350548 -0.0514457 9.91944 -0.00763582 -0.0887282 0.0479529
2205.29 0.306437 0.0383047 -9.72939 0.376869 -0.0394815 9.9338 -0.0056505 -0.08827 0.0490219
2205.31 0.191523 0.0766094 -9.76769 0.376869 -0.0538385 9.93739 -0.00473421 -0.0905607 0.0474948
2205.32 0.229828 0.0 -9.76769 0.397208 -0.0562313 9.94337 -0.00702495 -0.0897971 0.0503964
2205.34 0.0383047 -0.114914 -9.806 0.385244 -0.0598205 9.93021 -0.00335976 -0.0939205 0.0491747
2205.36 0.153219 0.0383047 -9.53786 0.400798 -0.061017 9.92662 -0.00549779 -0.0931569 0.0491747
2205.37 0.0766094 -0.114914 -9.69109 0.400798 -0.0849452 9.92901 -0.00763582 -0.0888809 0.0482583
2205.39 0.0383047 -0.0766094 -9.76769 0.400798 -0.087338 9.92303 -0.00702495 -0.0879646 0.0491747
2205.41 0.153219 0.0 -9.8443 0.393619 -0.0909272 9.92303 -0.00687223 -0.0862847 0.0497855
2205.42 0.191523 -0.153219 -9.88261 0.405583 -0.0849452 9.9326 -0.00885754 -0.0835358 0.0479529
2205.44 0.191523 -0.0766094 -9.76769 0.387637 -0.107677 9.94218 -0.00733038 -0.0862847 0.0476475
2205.46 0.114914 -0.191523 -9.69109 0.403191 -0.117248 9.9314 -0.00503964 -0.0917825 0.0458149
2205.47 0.153219 -0.0766094 -9.806 0.394816 -0.118445 9.93739 -0.00412334 -0.0897971 0.045204
2205.49 0.114914 0.0766094 -9.92091 0.385244 -0.102891 9.93021 -0.00671952 -0.0858265 0.0496328
2205.51 0.229828 -0.153219 -9.806 0.379262 -0.101695 9.93859 -0.00427606 -0.0887282 0.0445931
2205.52 0.114914 -0.114914 -9.65278 0.385244 -0.111266 9.94457 -0.00290161 -0.090408 0.0438296
2205.54 0.229828 -0.0766094 -9.76769 0.393619 -0.116052 9.94457 -0.0065668 -0.0867428 0.0445931
2205.56 0.383047 -0.0383047 -9.65278 0.37328 -0.104088 9.93619 -0.00412334 -0.0896445 0.0456622
2205.57 0.153219 -0.0766094 -9.76769 0.368495 -0.12323 9.92901 -0.00244346 -0.0922406 0.0450513
2205.59 0.229828 -0.114914 -9.61448 0.39003 -0.117248 9.93619 -0.00717767 -0.0829249 0.0465785
2205.61 0.229828 -0.114914 -9.806 0.358923 -0.0909272 9.92782 -0.00473421 -0.0896445 0.044135
2205.62 0.268133 -0.153219 -9.57617 0.350548 -0.117248 9.93978 -0.00320704 -0.0896445 0.0435241
2205.64 0.191523 0.0766094 -9.53786 0.345763 -0.0993021 9.93499 -0.00503964 -0.0867428 0.0432187
2205.66 0.383047 -0.0383047 -9.57617 0.352941 -0.0837488 9.93499 -0.00488692 -0.0873537 0.0436769
2205.67 0.229828 -0.114914 -9.92091 0.330209 -0.0753739 9.92064 -0.00335976 -0.0899499 0.0447459
2205.69 0.191523 -0.0766094 -9.8443 0.337388 -0.0693918 9.9314 -0.00106901 -0.0931569 0.041997
2205.71 0.229828 -0.0383047 -9.72939 0.352941 -0.0538385 9.93021 -0.00503964 -0.08827 0.043066
2205.72 0.268133 -0.0766094 -9.65278 0.344566 -0.0478564 9.9326 -0.00412334 -0.087201 0.0433714
2205.74 0.229828 -0.0766094 -9.61448 0.37328 -0.0550349 9.94457 -0.000916298 -0.0948368 0.0415388
2205.75 0.268133 0.0 -9.8443 0.372084 -0.0454636 9.94218 -0.00397062 -0.0905607 0.0456622
2205.77 0.344742 0.0 -9.8443 0.362513 -0.0370887 9.92782 -0.00167988 -0.0943787 0.0433714
2205.78 0.114914 -0.0766094 -9.88261 0.366102 -0.0430708 9.92543 -0.00137445 -0.0942259 0.0424551
2205.8 0.191523 -0.114914 -9.69109 0.367298 -0.0394815 9.9326 -0.000610865 -0.0978911 0.0426078
2205.82 0.268133 0.0383047 -9.72939 0.364905 -0.04666 9.94098 -0.00397062 -0.0923933 0.0453567
2205.83 0.229828 0.0 -9.53786 0.366102 -0.0418744 9.93619 -0.00198531 -0.0946841 0.0433714
2205.85 0.268133 0.0383047 -9.72939 0.364905 -0.0430708 9.93619 -0.00671952 -0.0856738 0.0491747
2205.87 0.421352 -0.0383047 -9.61448 0.380459 -0.0334995 9.93021 -0.00687223 -0.0881173 0.0458149
2205.88 0.191523 0.0383047 -9.806 0.370887 -0.0287139 9.90748 -0.00717767 -0.0899499 0.0464257
2205.9 0.344742 0.0 -9.53786 0.355334 -0.0394815 9.92184 -0.00519235 -0.0937678 0.045204
2205.92 0.114914 -0.0383047 -9.76769 0.362513 -0.0502493 9.9314 -0.00946841 -0.0910189 0.0485638
2205.93 0.114914 0.0383047 -9.61448 0.385244 -0.0526421 9.92064 -0.00442877 -0.0933096 0.0479529
2205.95 0.268133 -0.0383047 -9.69109 0.393619 -0.04666 9.9338 -0.00397062 -0.0946841 0.046273
2205.97 0.191523 -0.0766094 -9.88261 0.392423 -0.0681954 9.94098 -0.00931569 -0.086132 0.0470366
2205.98 0.153219 0.0 -9.69109 0.399601 -0.0777667 9.92303 -0.00458149 -0.0923933 0.0456622
2206.0 0.268133 -0.0766094 -9.76769 0.394816 -0.0957129 9.91227 -0.00733038 -0.0881173 0.0485638
2206.02 0.191523 -0.114914 -9.69109 0.397208 -0.111266 9.9314 -0.00595593 -0.0910189 0.0479529
2206.03 0.229828 0.0383047 -9.72939 0.376869 -0.108873 9.91824 -0.00671952 -0.0896445 0.0467312
2206.05 0.229828 -0.229828 -9.65278 0.370887 -0.107677 9.92543 -0.0056505 -0.0940732 0.0458149
2206.07 0.153219 -0.114914 -9.61448 0.378066 -0.112463 9.9326 -0.00381791 -0.0933096 0.0429133
2206.08 0.0766094 -0.114914 -9.92091 0.36012 -0.114855 9.93978 -0.00274889 -0.0937678 0.0448986
2206.1 0.268133 -0.0766094 -9.72939 0.363709 -0.119641 9.9338 -0.00290161 -0.0907135 0.0448986
2206.12 0.191523 -0.0766094 -9.65278 0.36012 -0.118445 9.94218 -0.00671952 -0.0868956 0.0467312
2206.13 0.114914 -0.153219 -9.806 0.350548 -0.120837 9.93021 -0.00259618 -0.0919352 0.0444404
2206.15 0.191523 -0.0383047 -9.61448 0.363709 -0.113659 9.94337 -0.00488692 -0.0887282 0.0448986
2206.17 0.229828 -0.114914 -9.65278 0.346959 -0.119641 9.95055 -0.000458149 -0.0960585 0.0432187
2206.18 0.114914 -0.114914 -9.806 0.366102 -0.112463 9.9338 -0.00626137 -0.086132 0.046273
2206.2 0.344742 0.0 -9.65278 0.363709 -0.102891 9.92782 -0.000458149 -0.0946841 0.0424551
2206.21 0.191523 -0.153219 -9.65278 0.369691 -0.102891 9.9338 -0.00167988 -0.0936151 0.0458149
2206.23 0.114914 -0.0766094 -9.65278 0.36012 -0.0909272 9.92782 -0.00412334 -0.0876591 0.0455095
2206.25 0.0766094 -0.114914 -9.8443 0.36012 -0.0945165 9.93739 -0.0018326 -0.0937678 0.0423024
2206.26 0.0766094 0.0766094 -9.76769 0.36012 -0.0837488 9.92662 -0.00366519 -0.0913243 0.0435241
2206.28 0.0383047 -0.153219 -9.53786 0.369691 -0.0729811 9.9314 -0.000916298 -0.0926988 0.0392481
2206.3 0.191523 0.0 -9.65278 0.358923 -0.0586241 9.93021 -0.00213803 -0.0919352 0.0418443
2206.31 0.229828 -0.0766094 -9.72939 0.370887 -0.0681954 9.9326 -0.00366519 -0.08827 0.0447459
2206.33 0.153219 0.0766094 -9.57617 0.361316 -0.0454636 9.92782 -0.00274889 -0.0922406 0.0421497
2206.35 0.114914 -0.0766094 -9.99752 0.370887 -0.0334995 9.92782 -0.00626137 -0.0862847 0.0438296
2206.37 0.114914 -0.0383047 -9.69109 0.384048 -0.0299103 9.92303 -0.00244346 -0.0928515 0.0438296
2206.38 0.191523 0.0 -9.72939 0.386441 -0.0299103 9.91585 -0.00458149 -0.0907135 0.0459676
2206.4 0.0383047 -0.0383047 -9.8443 0.382851 -0.0299103 9.91466 -0.00458149 -0.0875064 0.0442877
2206.41 0.268133 0.0383047 -9.806 0.381655 -0.0287139 9.92064 -0.00488692 -0.0897971 0.0455095
2206.43 0.153219 -0.114914 -9.69109 0.367298 -0.0323031 9.92064 -0.0056505 -0.0897971 0.0458149
2206.45 0.229828 -0.0766094 -9.65278 0.386441 -0.0346959 9.9338 -0.00122173 -0.0960585 0.043066
2206.46 0.0383047 -0.0766094 -9.65278 0.378066 -0.0382852 9.92901 -0.00549779 -0.0910189 0.047342
2206.48 0.191523 0.0 -9.88261 0.379262 -0.0418744 9.9326 -0.00503964 -0.0894917 0.0479529
2206.5 0.191523 0.0383047 -9.65278 0.361316 -0.0454636 9.93739 -0.00473421 -0.0917825 0.046273
2206.51 0.229828 0.0766094 -9.72939 0.357727 -0.0490528 9.9338 -0.00274889 -0.0937678 0.0458149
2206.53 0.0766094 -0.114914 -9.76769 0.370887 -0.066999 9.92303 -0.00458149 -0.0913243 0.046273
2206.55 0.268133 -0.153219 -9.8443 0.37328 -0.0538385 9.94337 -0.00519235 -0.091477 0.044135
2206.56 0.191523 0.0383047 -9.69109 0.355334 -0.0693918 9.9338 -0.00519235 -0.0887282 0.0450513
2206.58 0.229828 -0.0383047 -9.49956 0.368495 -0.0705882 9.92662 -0.00580322 -0.0917825 0.0459676
2206.6 0.153219 -0.153219 -9.65278 0.369691 -0.0837488 9.93619 -0.0065668 -0.0896445 0.0470366
2206.61 0.114914 -0.0766094 -9.76769 0.357727 -0.0837488 9.9326 -0.00855211 -0.0888809 0.0493274
2206.63 0.268133 -0.114914 -9.69109 0.346959 -0.107677 9.92303 -0.00549779 -0.08827 0.0496328
2206.65 0.306437 -0.0383047 -9.76769 0.354138 -0.129212 9.92064 -0.00671952 -0.0879646 0.0487165
2206.66 0.191523 -0.114914 -9.72939 0.340977 -0.130409 9.93021 -0.00381791 -0.0926988 0.0471893
2206.68 0.383047 -0.0383047 -9.69109 0.367298 -0.130409 9.94098 -0.00534507 -0.0879646 0.0490219
2206.7 0.191523 -0.0383047 -9.72939 0.367298 -0.138784 9.92543 -0.00641408 -0.0881173 0.0474948
2206.71 0.0766094 -0.191523 -9.65278 0.350548 -0.131605 9.9326 -0.00397062 -0.0945314 0.0438296
2206.73 0.229828 -0.114914 -9.72939 0.368495 -0.116052 9.94218 -0.00809396 -0.0855211 0.0476475
2206.75 0.268133 -0.153219 -9.72939 0.366102 -0.128016 9.93619 -0.00458149 -0.0917825 0.0458149
2206.76 0.191523 -0.114914 -9.49956 0.380459 -0.0981057 9.93021 -0.000916298 -0.0957531 0.0432187
2206.78 0.191523 -0.191523 -9.46126 0.37328 -0.100499 9.92303 -0.00244346 -0.0949895 0.0444404
2206.79 0.229828 -0.114914 -9.69109 0.382851 -0.0897308 9.9314 -0.00351247 -0.0928515 0.044135
2206.81 0.0766094 0.0 -9.65278 0.380459 -0.0885344 9.92423 -0.00152716 -0.0949895 0.0424551
2206.83 0.268133 -0.114914 -9.806 0.381655 -0.0813559 9.92423 -0.00519235 -0.0884227 0.0435241
2206.84 0.306437 -0.0766094 -9.806 0.392423 -0.0849452 9.9326 0.000305433 -0.0969748 0.0415388
2206.86 0.306437 0.0 -9.72939 0.386441 -0.0897308 9.95294 -0.00152716 -0.0911716 0.0442877
2206.88 0.153219 -0.0383047 -9.806 0.392423 -0.0646062 9.93499 -0.000763581 -0.0936151 0.0406225
2206.89 0.306437 -0.0383047 -9.49956 0.396012 -0.0825523 9.94218 -0.000152716 -0.0933096 0.0426078
2206.91 0.191523 -0.0383047 -9.76769 0.382851 -0.0693918 9.92184 -0.00503964 -0.0888809 0.0444404
2206.93 0.153219 0.0 -9.69109 0.392423 -0.0622134 9.91466 -0.00320704 -0.0931569 0.0447459
2206.94 0.0766094 -0.0766094 -9.57617 0.403191 -0.0622134 9.93978 -0.00137445 -0.0948368 0.043066
2206.96 0.229828 0.0383047 -9.72939 0.384048 -0.0358923 9.93021 -0.00320704 -0.0881173 0.0407752
2206.98 0.153219 0.0 -9.76769 0.370887 -0.0311067 9.91466 -0.00305432 -0.0894917 0.043066
2206.99 0.114914 0.268133 -9.76769 0.379262 -0.0299103 9.91944 -0.00335976 -0.0896445 0.0423024
2207.01 0.114914 -0.0766094 -9.69109 0.36012 -0.0275174 9.90987 -0.00213803 -0.0945314 0.0412334
2207.03 0.268133 -0.0383047 -9.46126 0.372084 -0.0275174 9.91944 -0.0065668 -0.0855211 0.047342
2207.04 0.153219 -0.0766094 -9.69109 0.361316 -0.0454636 9.93978 -0.00412334 -0.0908662 0.0450513
2207.06 0.191523 -0.153219 -9.49956 0.352941 -0.0454636 9.94815 -0.00259618 -0.0954477 0.0450513
2207.08 0.229828 -0.0383047 -9.53786 0.350548 -0.0514457 9.91824 -0.0074831 -0.0858265 0.0494801
2207.09 0.306437 0.0 -9.65278 0.346959 -0.0574277 9.91824 -0.00442877 -0.0901026 0.0461203
2207.11 0.344742 0.0 -9.69109 0.346959 -0.0634098 9.92303 -0.00580322 -0.0881173 0.0461203
2207.12 0.191523 -0.0383047 -9.8443 0.344566 -0.0634098 9.9338 -0.00733038 -0.0868956 0.0484111
2207.14 0.344742 0.0766094 -9.72939 0.345763 -0.0693918 9.94218 -0.00549779 -0.0902553 0.0468839
2207.16 0.229828 -0.114914 -9.69109 0.357727 -0.0478564 9.94696 -0.00534507 -0.0901026 0.0465785
2207.17 0.153219 -0.0766094 -9.72939 0.355334 -0.0741775 9.93499 -0.00320704 -0.0937678 0.0459676
2207.19 0.229828 0.0766094 -9.49956 0.352941 -0.0861416 9.93499 -0.00671952 -0.089339 0.0479529
2207.21 0.229828 -0.114914 -9.76769 0.346959 -0.0897308 9.92064 -0.00687223 -0.0916298 0.0478002
2207.22 0.268133 -0.0766094 -9.76769 0.34337 -0.0729811 9.93619 -0.00458149 -0.0933096 0.0461203
2207.24 0.268133 -0.153219 -9.69109 0.342173 -0.087338 9.93859 -0.00794125 -0.0865901 0.0520762
2207.26 0.114914 0.0 -9.72939 0.35653 -0.102891 9.93499 -0.0056505 -0.0888809 0.0496328
2207.27 0.153219 -0.114914 -9.76769 0.368495 -0.119641 9.94098 -0.00213803 -0.0931569 0.0468839
2207.29 0.191523 -0.114914 -9.72939 0.387637 -0.113659 9.93021 -0.00351247 -0.0928515 0.0474948
2207.31 0.0766094 -0.0766094 -9.69109 0.387637 -0.125623 9.94218 -0.00366519 -0.0917825 0.0493274
2207.32 0.153219 -0.114914 -9.72939 0.380459 -0.11007 9.91227 -0.00503964 -0.0879646 0.0461203
2207.34 0.268133 -0.0766094 -9.69109 0.393619 -0.130409 9.92543 -0.00580322 -0.0885754 0.0467312
2207.36 0.0383047 -0.114914 -9.53786 0.403191 -0.112463 9.9338 -0.00519235 -0.0881173 0.0442877
2207.37 0.229828 -0.114914 -9.65278 0.404387 -0.107677 9.92782 -0.00152716 -0.091477 0.0432187
2207.39 0.344742 -0.191523 -9.72939 0.40678 -0.0969093 9.93978 -0.00381791 -0.0901026 0.0442877
2207.41 0.268133 -0.0383047 -9.61448 0.385244 -0.09332 9.92543 -0.00335976 -0.0891863 0.0439823
2207.42 0.344742 -0.0383047 -9.92091 0.385244 -0.0945165 9.92423 -0.00397062 -0.0885754 0.0439823
2207.44 0.191523 -0.114914 -9.99752 0.386441 -0.0765703 9.92064 -0.00335976 -0.0896445 0.043066
2207.45 0.191523 -0.114914 -9.69109 0.369691 -0.0909272 9.9314 -0.000916298 -0.0939205 0.0426078
2207.47 0.306437 -0.0383047 -9.65278 0.375673 -0.0837488 9.93499 -0.00503964 -0.0894917 0.0438296
2207.49 0.383047 0.0383047 -9.806 0.392423 -0.0681954 9.92901 -0.00595593 -0.0859793 0.0453567
2207.5 0.0766094 -0.114914 -9.65278 0.386441 -0.0741775 9.94696 -0.00198531 -0.0922406 0.0395535
2207.52 0.0383047 -0.0383047 -9.806 0.375673 -0.0681954 9.92782 -0.00595593 -0.0853684 0.0442877
2207.54 0.153219 -0.0766094 -9.806 0.375673 -0.0693918 9.92184 -0.000916298 -0.0910189 0.0412334
2207.55 0.344742 0.0 -9.65278 0.369691 -0.0646062 9.93739 -0.000458149 -0.0908662 0.0410807
2207.57 0.191523 -0.0766094 -9.69109 0.357727 -0.0490528 9.92901 -0.00198531 -0.0901026 0.0424551
2207.59 0.306437 0.0 -9.76769 0.36012 -0.0526421 9.92901 -0.00534507 -0.090408 0.0435241
2207.6 0.229828 0.0 -9.53786 0.345763 -0.0382852 9.92303 -0.00305432 -0.0931569 0.0432187
2207.62 0.229828 -0.0383047 -9.65278 0.338584 -0.0323031 9.92662 -0.00412334 -0.0891863 0.043066
2207.63 0.114914 -0.114914 -9.61448 0.339781 -0.0334995 9.9314 -0.0056505 -0.0890336 0.0433714
