2167.44 0.306437 -0.0766094 -9.65278 0.387637 -0.0705882 9.92662 -0.00335976 -0.091477 0.046273
2167.46 0.153219 -0.0383047 -9.8443 0.363709 -0.0897308 9.9338 -0.00488692 -0.0891863 0.0465785
2167.48 0.383047 0.0766094 -9.53786 0.362513 -0.0717846 9.9338 -0.00717767 -0.0852157 0.0474948
2167.49 0.229828 0.0383047 -9.76769 0.366102 -0.0861416 9.93739 -0.00244346 -0.0919352 0.0439823
2167.51 0.306437 0.0 -9.76769 0.355334 -0.0801595 9.9314 -0.00442877 -0.0878119 0.0461203
2167.53 0.229828 -0.114914 -9.38465 0.334995 -0.0777667 9.92782 -0.00824668 -0.0820086 0.0485638
2167.54 0.344742 0.0 -9.53786 0.327816 -0.0909272 9.9338 -0.00595593 -0.0888809 0.0453567
2167.56 0.459656 0.0766094 -9.65278 0.346959 -0.0717846 9.92303 -0.00366519 -0.0917825 0.0450513
2167.58 0.191523 -0.0766094 -9.65278 0.358923 -0.0837488 9.9338 -0.00305432 -0.0916298 0.0448986
2167.59 0.191523 -0.114914 -9.34634 0.35653 -0.0777667 9.93619 -0.00366519 -0.0936151 0.0444404
2167.61 0.229828 -0.0383047 -9.57617 0.376869 -0.0705882 9.93739 -0.00717767 -0.0858265 0.0484111
2167.63 0.153219 -0.114914 -9.61448 0.357727 -0.061017 9.9326 -0.00412334 -0.0908662 0.0468839
2167.64 0.268133 -0.0383047 -9.806 0.369691 -0.0693918 9.92303 -0.00473421 -0.0896445 0.0481056
2167.66 0.153219 -0.0383047 -9.61448 0.357727 -0.0574277 9.93619 -0.00320704 -0.0928515 0.0458149
2167.67 0.229828 -0.0383047 -9.72939 0.37328 -0.066999 9.9314 -0.0065668 -0.0891863 0.0468839
2167.69 0.114914 0.0383047 -9.65278 0.364905 -0.0753739 9.93021 -0.00778853 -0.0849102 0.047342
2167.71 0.191523 -0.153219 -9.57617 0.372084 -0.0741775 9.94337 -0.00580322 -0.0884227 0.047342
2167.72 0.306437 -0.0766094 -9.61448 0.380459 -0.0837488 9.93859 -0.00320704 -0.0959058 0.0464257
2167.74 0.0383047 -0.0766094 -9.42295 0.378066 -0.0741775 9.91346 -0.00458149 -0.091477 0.0484111
2167.76 0.191523 -0.0383047 -10.2273 0.366102 -0.0765703 9.91824 -0.00213803 -0.0939205 0.0448986
2167.77 0.268133 -0.0766094 -9.72939 0.397208 -0.0765703 9.92662 -0.00488692 -0.0916298 0.0448986
2167.79 0.153219 0.0766094 -9.53786 0.401994 -0.0801595 9.94098 -0.00580322 -0.0916298 0.0461203
2167.81 0.229828 0.114914 -9.76769 0.409173 -0.0729811 9.9338 -0.00458149 -0.0897971 0.0448986
2167.82 0.229828 0.0383047 -9.57617 0.388834 -0.0634098 9.9314 -0.00733038 -0.0867428 0.0474948
2167.84 0.191523 0.0 -9.69109 0.39003 -0.0813559 9.92303 -0.00198531 -0.0926988 0.0436769
2167.85 0.153219 -0.153219 -9.49956 0.388834 -0.0777667 9.92303 -0.00702495 -0.0842994 0.0470366
2167.87 0.153219 -0.191523 -9.53786 0.391226 -0.0741775 9.92782 -0.00641408 -0.0879646 0.0459676
2167.89 0.191523 -0.0766094 -9.69109 0.361316 -0.0825523 9.92782 -0.00335976 -0.0937678 0.0447459
2167.91 0.0766094 0.0 -9.72939 0.372084 -0.0825523 9.91466 -0.00412334 -0.0868956 0.0459676
2167.92 0.114914 -0.0383047 -9.61448 0.370887 -0.0861416 9.92662 -0.00198531 -0.0934624 0.0439823
2167.94 0.268133 -0.153219 -9.69109 0.376869 -0.0825523 9.9326 -0.00213803 -0.0956004 0.0424551
2167.95 0.229828 -0.114914 -9.69109 0.36012 -0.0981057 9.93859 -0.00442877 -0.089339 0.0424551
2167.97 0.153219 -0.0766094 -9.61448 0.380459 -0.0861416 9.93978 0.0018326 -0.0959058 0.0406225
2167.99 0.153219 -0.0766094 -9.53786 0.378066 -0.0729811 9.9326 -0.00335976 -0.0901026 0.0444404
2168.0 0.268133 -0.153219 -9.65278 0.35653 -0.0765703 9.92543 -0.00305432 -0.0899499 0.0464257
2168.02 0.268133 -0.0383047 -9.76769 0.369691 -0.0646062 9.92303 -0.00442877 -0.089339 0.043066
2168.04 0.0383047 0.0383047 -9.46126 0.366102 -0.0765703 9.92423 -0.00106901 -0.0943787 0.0426078
2168.05 0.153219 -0.0766094 -9.65278 0.351745 -0.0681954 9.92423 -0.00488692 -0.087201 0.0464257
2168.07 0.114914 0.0383047 -9.72939 0.352941 -0.0622134 9.92184 -0.00366519 -0.0936151 0.0439823
2168.08 0.229828 -0.0383047 -9.8443 0.349352 -0.0622134 9.92901 -0.000305433 -0.0937678 0.0442877
2168.1 0.191523 -0.0766094 -9.65278 0.354138 -0.0681954 9.92782 -0.00458149 -0.090408 0.045204
2168.12 0.306437 -0.114914 -9.69109 0.345763 -0.0622134 9.92782 -0.00488692 -0.090408 0.0470366
2168.13 0.229828 0.0 -9.95922 0.331406 -0.0550349 9.92184 -0.00503964 -0.0888809 0.0470366
2168.15 0.191523 -0.0383047 -9.76769 0.352941 -0.0538385 9.9338 -0.00305432 -0.0945314 0.045204
2168.17 0.153219 -0.0766094 -9.65278 0.354138 -0.0729811 9.95773 -0.00534507 -0.090408 0.0459676
2168.18 0.268133 -0.153219 -9.806 0.368495 -0.0598205 9.93739 -0.00503964 -0.0933096 0.0468839
2168.2 0.229828 0.0383047 -9.53786 0.376869 -0.0634098 9.92782 -0.00458149 -0.0878119 0.0468839
2168.22 0.153219 -0.153219 -9.65278 0.380459 -0.0574277 9.92303 -0.00412334 -0.0887282 0.0456622
2168.23 0.268133 0.0 -9.806 0.370887 -0.0538385 9.9338 -0.00503964 -0.0888809 0.0471893
2168.25 0.229828 0.0 -9.65278 0.385244 -0.0598205 9.93021 -0.00290161 -0.0925461 0.0447459
2168.27 0.344742 -0.114914 -9.65278 0.379262 -0.0586241 9.9314 -0.00412334 -0.0933096 0.046273
2168.28 0.268133 -0.114914 -9.69109 0.386441 -0.066999 9.91824 -0.00916297 -0.0855211 0.0485638
2168.3 0.153219 0.0383047 -9.61448 0.381655 -0.0586241 9.93739 -0.00152716 -0.0959058 0.0447459
2168.31 0.153219 -0.114914 -9.72939 0.381655 -0.0765703 9.91107 -0.00610865 -0.0890336 0.0468839
2168.33 0.0766094 0.0 -9.72939 0.374477 -0.0825523 9.9326 -0.00626137 -0.089339 0.0478002
2168.35 0.306437 -0.153219 -9.76769 0.388834 -0.0969093 9.91705 -0.00274889 -0.0928515 0.045204
2168.36 0.229828 -0.0766094 -9.46126 0.378066 -0.0777667 9.9314 -0.00473421 -0.0910189 0.0468839
2168.38 0.306437 -0.0383047 -9.69109 0.367298 -0.0849452 9.9314 -0.0018326 -0.0945314 0.0450513
2168.4 0.268133 -0.114914 -9.76769 0.396012 -0.0885344 9.94098 -0.00274889 -0.0928515 0.0447459
2168.41 0.191523 0.0 -9.69109 0.397208 -0.0837488 9.94218 -0.00503964 -0.0908662 0.0448986
2168.43 0.153219 0.0 -9.46126 0.386441 -0.0693918 9.9314 -0.00274889 -0.0908662 0.0453567
2168.45 0.229828 0.0 -9.65278 0.374477 -0.0729811 9.9326 -0.00519235 -0.085063 0.0474948
2168.46 0.191523 -0.0383047 -9.72939 0.354138 -0.0849452 9.92184 -0.00503964 -0.0887282 0.0474948
2168.48 0.191523 -0.0766094 -9.76769 0.369691 -0.0765703 9.93021 -0.00274889 -0.090408 0.0445931
2168.5 0.153219 0.114914 -9.57617 0.352941 -0.0861416 9.9326 -0.0065668 -0.0855211 0.0470366
2168.51 0.268133 0.0383047 -9.65278 0.35653 -0.0801595 9.92662 -0.00580322 -0.0868956 0.046273
2168.53 0.191523 -0.0766094 -9.34634 0.346959 -0.0801595 9.9314 -0.00534507 -0.0887282 0.0471893
2168.55 0.268133 -0.0383047 -9.61448 0.331406 -0.0897308 9.92423 -0.00381791 -0.0919352 0.0442877
2168.57 0.268133 -0.0766094 -9.76769 0.363709 -0.0765703 9.93021 -0.00335976 -0.0916298 0.0465785
2168.59 0.191523 -0.0766094 -9.69109 0.368495 -0.0741775 9.92423 -0.00305432 -0.0920879 0.0456622
2168.6 0.229828 -0.153219 -9.65278 0.350548 -0.0741775 9.92423 -0.00519235 -0.0875064 0.0479529
2168.62 0.229828 -0.0383047 -9.46126 0.364905 -0.0729811 9.91466 -0.00549779 -0.0876591 0.0481056
2168.64 0.229828 -0.0383047 -9.76769 0.36012 -0.0634098 9.92782 -0.00412334 -0.0907135 0.0455095
2168.65 0.114914 0.0 -9.65278 0.380459 -0.0741775 9.94218 -0.00549779 -0.0873537 0.047342
2168.67 0.229828 -0.153219 -9.61448 0.352941 -0.0514457 9.9314 -0.00229074 -0.0925461 0.0438296
2168.69 0.344742 -0.114914 -9.61448 0.380459 -0.0490528 9.92662 -0.00442877 -0.0937678 0.0459676
2168.7 0.306437 -0.114914 -9.61448 0.364905 -0.0526421 9.92662 -0.00320704 -0.0907135 0.0455095
2168.72 0.191523 -0.0766094 -9.69109 0.369691 -0.0574277 9.93619 0.0 -0.0977384 0.0458149
2168.74 0.0766094 -0.0383047 -9.76769 0.369691 -0.0634098 9.92303 -0.0056505 -0.0849102 0.0479529
2168.75 0.229828 -0.0383047 -9.806 0.369691 -0.0681954 9.92303 -0.00427606 -0.0902553 0.0455095
2168.77 0.191523 0.0 -9.57617 0.370887 -0.0622134 9.92303 -0.00458149 -0.0913243 0.0471893
2168.79 0.153219 0.0 -9.65278 0.391226 -0.0598205 9.92543 -0.00534507 -0.0885754 0.0471893
2168.8 0.114914 0.0 -10.0358 0.387637 -0.061017 9.93859 -0.00488692 -0.08827 0.046273
2168.82 0.229828 -0.0766094 -9.76769 0.386441 -0.0753739 9.93739 -0.00229074 -0.0940732 0.0448986
2168.83 0.229828 0.0383047 -9.69109 0.39003 -0.0634098 9.93739 -0.00794125 -0.0859793 0.0471893
2168.85 0.114914 -0.0383047 -9.65278 0.375673 -0.0801595 9.92662 -0.00458149 -0.0908662 0.0464257
2168.87 0.229828 -0.191523 -9.69109 0.378066 -0.0789631 9.92901 -0.00397062 -0.0910189 0.0470366
2168.88 0.191523 -0.114914 -9.806 0.376869 -0.066999 9.92064 -0.00320704 -0.0920879 0.0445931
2168.9 0.229828 0.0 -9.65278 0.370887 -0.0765703 9.92662 -0.0018326 -0.0943787 0.0416915
2168.92 0.268133 -0.0766094 -9.65278 0.358923 -0.0861416 9.92543 -0.00534507 -0.0873537 0.0459676
2168.93 0.114914 0.0 -9.72939 0.364905 -0.0753739 9.92423 -0.00427606 -0.0911716 0.0435241
2168.95 0.229828 -0.0766094 -9.88261 0.361316 -0.0813559 9.94218 -0.00610865 -0.0896445 0.0479529
2168.97 0.344742 -0.0766094 -9.65278 0.362513 -0.0801595 9.93859 -0.00580322 -0.08827 0.0471893
2168.98 0.229828 -0.114914 -9.69109 0.350548 -0.0801595 9.93021 -0.00198531 -0.0920879 0.0455095
2169.0 0.229828 -0.0766094 -9.72939 0.363709 -0.0777667 9.92901 -0.00366519 -0.0933096 0.0456622
2169.02 0.191523 0.0 -9.38465 0.357727 -0.0813559 9.92184 -0.00381791 -0.091477 0.0450513
2169.03 0.229828 -0.0766094 -9.61448 0.358923 -0.0765703 9.94098 -0.00213803 -0.0959058 0.0444404
2169.05 0.191523 -0.0766094 -9.57617 0.367298 -0.0801595 9.94218 0.0 -0.0978911 0.0421497
2169.07 0.153219 -0.0766094 -9.69109 0.357727 -0.0801595 9.93739 -0.00503964 -0.091477 0.0474948
2169.08 0.191523 -0.191523 -9.69109 0.344566 -0.0753739 9.9338 -0.00534507 -0.0896445 0.0474948
2169.1 0.268133 0.0 -9.806 0.355334 -0.0789631 9.93859 -0.00442877 -0.0891863 0.0456622
2169.12 0.153219 0.0383047 -9.65278 0.351745 -0.0681954 9.93619 -0.00106901 -0.0937678 0.0447459
2169.13 0.229828 -0.114914 -9.61448 0.364905 -0.0741775 9.92064 -0.00305432 -0.0926988 0.0461203
2169.15 0.229828 -0.114914 -9.30804 0.387637 -0.0777667 9.93859 -0.00122173 -0.0942259 0.0450513
2169.17 0.114914 -0.0766094 -9.72939 0.374477 -0.0717846 9.92782 -0.00305432 -0.0936151 0.0455095
2169.18 0.268133 -0.114914 -9.72939 0.386441 -0.0634098 9.9314 -0.00503964 -0.0894917 0.0453567
2169.2 0.0 -0.0383047 -9.8443 0.380459 -0.0646062 9.93499 -0.00305432 -0.0922406 0.0453567
2169.22 0.0766094 0.0383047 -9.72939 0.403191 -0.0693918 9.91944 -0.00213803 -0.0946841 0.0439823
2169.23 0.114914 -0.114914 -9.65278 0.391226 -0.0634098 9.92423 -0.00106901 -0.0957531 0.0453567
2169.25 0.191523 -0.0766094 -9.8443 0.397208 -0.0741775 9.93978 -0.00335976 -0.0936151 0.0444404
2169.27 0.153219 -0.114914 -9.76769 0.388834 -0.0658026 9.92423 -0.00397062 -0.0910189 0.044135
2169.28 0.229828 -0.0383047 -9.806 0.388834 -0.0693918 9.91346 -0.0065668 -0.0852157 0.0461203
2169.3 0.114914 0.0 -9.72939 0.384048 -0.0705882 9.9338 -0.00503964 -0.08827 0.0464257
2169.32 0.229828 0.0 -9.65278 0.388834 -0.0586241 9.94457 -0.00320704 -0.0911716 0.0450513
2169.33 0.268133 -0.0383047 -9.806 0.386441 -0.0765703 9.92543 -0.00717767 -0.0862847 0.0485638
2169.35 0.191523 0.0 -9.65278 0.378066 -0.0693918 9.92184 -0.00580322 -0.0901026 0.0465785
2169.37 0.153219 0.114914 -9.72939 0.386441 -0.0693918 9.93859 -0.00473421 -0.0922406 0.0427606
2169.38 0.344742 -0.0766094 -9.76769 0.374477 -0.066999 9.94218 -0.00213803 -0.0943787 0.0445931
2169.4 0.114914 -0.153219 -9.76769 0.375673 -0.0741775 9.92423 -0.00137445 -0.0954477 0.0433714
2169.42 0.191523 -0.0766094 -9.806 0.372084 -0.0777667 9.91824 -0.0056505 -0.085063 0.045204
2169.43 0.268133 0.0383047 -9.806 0.358923 -0.0801595 9.91944 -0.00229074 -0.0899499 0.0445931
2169.45 0.191523 -0.153219 -9.72939 0.367298 -0.0825523 9.92423 -0.0056505 -0.0867428 0.0458149
2169.47 0.191523 0.0 -10.1124 0.354138 -0.0765703 9.92662 -0.00106901 -0.0946841 0.0423024
2169.48 0.268133 -0.0766094 -9.8443 0.345763 -0.0729811 9.93978 -0.00595593 -0.0890336 0.0459676
2169.5 0.306437 -0.114914 -9.806 0.350548 -0.0813559 9.93978 -0.00259618 -0.0945314 0.041997
2169.52 0.268133 0.0 -9.61448 0.337388 -0.0837488 9.93499 -0.00381791 -0.0948368 0.0436769
2169.53 0.229828 -0.0383047 -9.46126 0.354138 -0.0849452 9.94218 -0.00458149 -0.0890336 0.0439823
2169.55 0.229828 -0.114914 -9.88261 0.340977 -0.0753739 9.93739 -0.0018326 -0.0923933 0.0459676
2169.57 0.191523 -0.0383047 -9.88261 0.351745 -0.0765703 9.92303 -0.00335976 -0.0934624 0.0455095
2169.58 0.229828 -0.0766094 -9.65278 0.374477 -0.0741775 9.93859 -0.00641408 -0.0891863 0.0456622
2169.6 0.306437 -0.0766094 -9.57617 0.350548 -0.0741775 9.94098 -0.00290161 -0.0936151 0.0447459
2169.62 0.306437 -0.114914 -9.34634 0.363709 -0.0801595 9.92782 -0.0065668 -0.0856738 0.0465785
2169.63 0.268133 0.0 -9.69109 0.357727 -0.0825523 9.93739 -0.00519235 -0.0905607 0.0476475
2169.65 0.114914 -0.0766094 -9.61448 0.361316 -0.0813559 9.9326 -0.00366519 -0.0894917 0.0455095
2169.67 0.344742 -0.0383047 -9.8443 0.372084 -0.0658026 9.91107 -0.00427606 -0.0875064 0.0465785
2169.68 0.229828 -0.0766094 -9.61448 0.374477 -0.0658026 9.92901 -0.00427606 -0.0934624 0.046273
2169.7 0.344742 -0.0383047 -9.76769 0.369691 -0.0634098 9.92901 -0.00733038 -0.0849102 0.0485638
2169.71 0.191523 -0.0766094 -9.65278 0.384048 -0.0574277 9.92423 -0.00351247 -0.0922406 0.0458149
2169.73 0.383047 0.0 -9.72939 0.382851 -0.0646062 9.92184 -0.00106901 -0.0960585 0.0423024
2169.75 0.268133 -0.0766094 -9.95922 0.382851 -0.066999 9.92423 -0.00244346 -0.0934624 0.0467312
2169.76 0.0 -0.0766094 -9.76769 0.375673 -0.061017 9.91346 -0.00427606 -0.0902553 0.0447459
2169.78 0.153219 0.0 -9.65278 0.405583 -0.0658026 9.92064 -0.00397062 -0.0905607 0.0453567
2169.8 0.114914 -0.0383047 -9.38465 0.398405 -0.061017 9.92064 -0.00595593 -0.0870483 0.0467312
2169.81 0.229828 -0.114914 -9.61448 0.393619 -0.0514457 9.92901 -0.00458149 -0.0908662 0.0465785
2169.83 0.0766094 -0.0383047 -9.65278 0.405583 -0.066999 9.90269 -0.00351247 -0.0919352 0.046273
2169.85 0.153219 -0.0766094 -9.72939 0.413958 -0.0777667 9.94457 -0.00106901 -0.0939205 0.0438296
2169.86 0.153219 -0.114914 -9.69109 0.399601 -0.0741775 9.92184 -0.00641408 -0.0890336 0.0442877
2169.88 0.229828 -0.0766094 -9.65278 0.387637 -0.0574277 9.93978 -0.00549779 -0.0884227 0.045204
2169.9 0.268133 0.0 -9.806 0.363709 -0.0813559 9.92423 -0.00351247 -0.0908662 0.0453567
2169.91 0.153219 -0.0383047 -9.57617 0.372084 -0.0837488 9.92423 -0.00167988 -0.0956004 0.0427606
2169.93 0.229828 -0.114914 -9.76769 0.36012 -0.0825523 9.94098 -0.00610865 -0.087201 0.0478002
2169.95 0.153219 0.0383047 -9.49956 0.352941 -0.0765703 9.92782 -0.00351247 -0.0919352 0.0450513
2169.96 0.344742 -0.0766094 -9.65278 0.364905 -0.0729811 9.92064 -0.0056505 -0.0885754 0.0468839
2169.98 0.153219 -0.153219 -9.8443 0.366102 -0.087338 9.93739 -0.00519235 -0.0867428 0.0465785
2170.0 0.0766094 -0.114914 -9.69109 0.361316 -0.0861416 9.9338 -0.0018326 -0.0930042 0.0426078
2170.01 0.229828 -0.0383047 -9.72939 0.37328 -0.0825523 9.93978 -0.00519235 -0.0887282 0.0450513
2170.03 0.229828 -0.114914 -9.806 0.352941 -0.0909272 9.9338 -0.00427606 -0.0901026 0.0439823
2170.04 0.268133 0.0 -9.49956 0.351745 -0.0825523 9.92184 -0.00534507 -0.0897971 0.044135
2170.06 0.229828 -0.114914 -9.72939 0.350548 -0.0765703 9.93021 -0.00381791 -0.0876591 0.0455095
2170.08 0.153219 0.0 -9.69109 0.35653 -0.0909272 9.93499 -0.00473421 -0.0899499 0.0459676
2170.09 0.153219 0.0 -9.8443 0.340977 -0.0825523 9.93859 -0.00381791 -0.091477 0.0450513
2170.11 0.344742 -0.0383047 -9.76769 0.323031 -0.0849452 9.93739 -0.00213803 -0.0930042 0.0433714
2170.13 0.229828 0.0 -9.72939 0.340977 -0.0681954 9.93021 -0.00427606 -0.090408 0.0476475
2170.14 0.268133 -0.0383047 -9.69109 0.334995 -0.0765703 9.91824 -0.00290161 -0.0923933 0.0470366
2170.16 0.268133 0.0383047 -9.88261 0.340977 -0.0634098 9.92184 -0.00397062 -0.0919352 0.0456622
2170.18 0.229828 -0.114914 -9.69109 0.35653 -0.0753739 9.9338 -0.000610865 -0.095295 0.0439823
2170.19 0.191523 0.0 -9.72939 0.370887 -0.0658026 9.94218 -0.00534507 -0.0907135 0.0465785
2170.21 0.268133 -0.0383047 -9.72939 0.37328 -0.0502493 9.9326 -0.00687223 -0.0899499 0.0485638
2170.23 0.114914 -0.114914 -9.72939 0.372084 -0.0550349 9.92782 -0.00244346 -0.0942259 0.0444404
2170.24 0.191523 0.0 -9.72939 0.388834 -0.04666 9.93739 -0.00351247 -0.0940732 0.0442877
2170.26 0.114914 0.0766094 -9.65278 0.399601 -0.0526421 9.91346 -0.00641408 -0.0865901 0.0447459
2170.27 0.268133 -0.0766094 -9.53786 0.380459 -0.0646062 9.92184 -0.0056505 -0.0888809 0.0455095
2170.29 0.114914 0.0 -9.65278 0.372084 -0.0586241 9.92662 -0.00381791 -0.0942259 0.0456622
2170.31 0.114914 -0.0383047 -9.72939 0.367298 -0.0514457 9.91585 -0.00687223 -0.0864374 0.0458149
2170.32 0.0766094 -0.0766094 -9.806 0.358923 -0.0574277 9.93739 -0.00763582 -0.0852157 0.0471893
2170.34 0.191523 -0.153219 -9.95922 0.386441 -0.0646062 9.92543 -0.00626137 -0.0888809 0.0467312
2170.36 0.229828 -0.114914 -9.65278 0.393619 -0.061017 9.91466 -0.00274889 -0.0930042 0.0465785
2170.37 0.191523 -0.0766094 -9.72939 0.391226 -0.0526421 9.93499 -0.00702495 -0.087201 0.0484111
2170.39 0.268133 0.0383047 -9.8443 0.410369 -0.0514457 9.94218 -0.00397062 -0.0943787 0.0459676
2170.41 0.153219 0.0 -9.53786 0.410369 -0.0622134 9.92423 -0.00397062 -0.0926988 0.045204
2170.42 0.191523 -0.0766094 -9.65278 0.398405 -0.0598205 9.93619 -0.00213803 -0.0965167 0.0423024
2170.44 0.306437 -0.114914 -9.61448 0.397208 -0.0658026 9.93619 -0.00122173 -0.0943787 0.0455095
2170.46 0.191523 -0.0383047 -9.53786 0.392423 -0.0813559 9.93499 -0.00626137 -0.0891863 0.044135
2170.47 0.229828 -0.0766094 -9.69109 0.368495 -0.09332 9.92662 -0.00397062 -0.0907135 0.047342
2170.49 0.191523 -0.0766094 -9.72939 0.355334 -0.0849452 9.92662 -0.00427606 -0.0902553 0.0444404
2170.51 0.268133 0.0383047 -9.95922 0.355334 -0.0981057 9.91824 -0.00458149 -0.0894917 0.0456622
2170.52 0.191523 -0.114914 -9.76769 0.352941 -0.108873 9.9338 -0.00351247 -0.0911716 0.0458149
2170.54 0.383047 -0.114914 -9.61448 0.363709 -0.104088 9.92662 -0.00458149 -0.087201 0.0464257
2170.56 0.229828 -0.114914 -9.72939 0.351745 -0.100499 9.92184 -0.00503964 -0.089339 0.0442877
2170.57 -0.0383047 -0.191523 -9.76769 0.348156 -0.0969093 9.92303 -0.00335976 -0.0930042 0.0436769
2170.59 0.191523 -0.0766094 -9.72939 0.349352 -0.0861416 9.91944 -0.00595593 -0.0879646 0.0467312
2170.61 0.306437 0.0 -9.76769 0.358923 -0.0969093 9.93739 -0.00549779 -0.0873537 0.0471893
2170.62 0.114914 0.0766094 -9.53786 0.366102 -0.09332 9.94218 -0.00167988 -0.0923933 0.0447459
2170.64 0.268133 -0.0383047 -9.53786 0.352941 -0.0861416 9.93499 -0.00381791 -0.0907135 0.0448986
2170.66 0.153219 0.0 -9.76769 0.345763 -0.0789631 9.9338 -0.000305433 -0.0949895 0.0427606
2170.67 0.153219 -0.0766094 -9.72939 0.331406 -0.0765703 9.92423 -0.00290161 -0.0913243 0.0445931
2170.69 0.229828 -0.0383047 -9.72939 0.348156 -0.0813559 9.94098 -0.00167988 -0.0934624 0.0445931
2170.71 0.0766094 -0.114914 -9.76769 0.331406 -0.087338 9.9314 -0.00488692 -0.0888809 0.0444404
2170.72 0.229828 -0.0766094 -9.53786 0.337388 -0.066999 9.92423 -0.00503964 -0.0887282 0.0476475
2170.74 0.191523 -0.0383047 -9.61448 0.338584 -0.066999 9.92303 -0.00473421 -0.08827 0.0459676
2170.75 0.153219 -0.0766094 -9.76769 0.346959 -0.066999 9.92064 -0.00610865 -0.0878119 0.0453567
2170.77 0.268133 0.0 -9.69109 0.372084 -0.0418744 9.93619 -0.00122173 -0.0956004 0.0429133
2170.78 0.268133 0.0766094 -9.806 0.369691 -0.0418744 9.93859 -0.00213803 -0.0925461 0.0435241
2170.8 0.268133 -0.0766094 -9.65278 0.396012 -0.04666 9.94457 -0.00626137 -0.0881173 0.0476475
2170.81 0.229828 0.0 -9.69109 0.405583 -0.0382852 9.92901 -0.00274889 -0.0942259 0.044135
2170.83 0.114914 -0.153219 -9.8443 0.37328 -0.0514457 9.92782 -0.00549779 -0.0901026 0.0459676
2170.85 0.153219 0.0766094 -9.88261 0.393619 -0.0394815 9.92064 -0.00458149 -0.0901026 0.0464257
2170.86 0.191523 -0.0383047 -9.61448 0.382851 -0.0418744 9.92303 -0.00412334 -0.0936151 0.0461203
2170.88 0.268133 0.0 -9.95922 0.393619 -0.061017 9.9338 -0.00733038 -0.0841467 0.0505491
2171.46 0.229828 -0.0766094 -9.69109 0.409173 -0.0586241 9.94098 -0.00427606 -0.0913243 0.0479529
2171.48 0.0383047 -0.0383047 -9.69109 0.385244 -0.0478564 9.9326 -0.00733038 -0.085063 0.0482583
2171.5 0.268133 0.0 -9.72939 0.39003 -0.066999 9.92662 -0.00549779 -0.0891863 0.0493274
2171.51 0.268133 0.0 -9.806 0.362513 -0.0562313 9.92782 -0.00335976 -0.0913243 0.0455095
2171.53 0.268133 0.0 -9.57617 0.381655 -0.0741775 9.9314 -0.00763582 -0.0867428 0.0464257
2171.55 0.191523 -0.0766094 -9.53786 0.379262 -0.0897308 9.93739 -0.00381791 -0.0917825 0.0448986
2171.56 0.191523 0.0 -9.806 0.382851 -0.0813559 9.9326 -0.0056505 -0.0864374 0.0461203
2171.58 0.229828 -0.153219 -9.69109 0.378066 -0.09332 9.9338 -0.00229074 -0.0936151 0.0429133
2171.6 0.268133 -0.153219 -9.806 0.368495 -0.106481 9.93021 -0.00519235 -0.0919352 0.0461203
2171.61 0.191523 -0.0766094 -9.95922 0.358923 -0.0969093 9.92782 -0.00442877 -0.0925461 0.0448986
2171.63 0.153219 -0.0766094 -9.72939 0.369691 -0.100499 9.9338 -0.00580322 -0.0896445 0.0467312
2171.65 0.153219 -0.114914 -9.72939 0.36012 -0.0993021 9.9314 -0.00534507 -0.0870483 0.047342
2171.66 0.0 -0.0766094 -9.65278 0.355334 -0.0969093 9.93499 -0.00320704 -0.0919352 0.0444404
2171.68 0.191523 -0.153219 -9.49956 0.348156 -0.0957129 9.92303 -0.00290161 -0.0942259 0.041997
2171.7 0.191523 -0.0766094 -9.65278 0.338584 -0.11007 9.92543 -0.00137445 -0.0930042 0.041997
2171.71 0.191523 -0.0766094 -9.65278 0.334995 -0.100499 9.91944 -0.00488692 -0.0881173 0.0448986
2171.73 0.344742 -0.0766094 -9.38465 0.345763 -0.0957129 9.94815 -0.00244346 -0.0908662 0.043066
2171.74 0.229828 0.0 -10.1124 0.331406 -0.0969093 9.93021 -0.00122173 -0.0962113 0.0435241
2171.76 0.153219 0.0383047 -9.65278 0.340977 -0.100499 9.9314 -0.00305432 -0.091477 0.0455095
2171.78 0.306437 -0.0383047 -9.57617 0.348156 -0.0801595 9.9326 -0.0018326 -0.095295 0.0458149
2171.79 0.268133 0.0 -9.49956 0.369691 -0.0789631 9.9326 -0.00320704 -0.0881173 0.0458149
2171.81 0.191523 -0.191523 -9.69109 0.376869 -0.0717846 9.9326 0.0 -0.0949895 0.0415388
2171.83 0.0766094 0.0 -9.57617 0.379262 -0.0622134 9.92782 -0.00167988 -0.0926988 0.0433714
2171.84 0.191523 0.0 -9.49956 0.386441 -0.0598205 9.91585 -0.00671952 -0.0876591 0.045204
2171.86 0.153219 -0.0383047 -9.38465 0.386441 -0.0514457 9.92184 -0.00366519 -0.0928515 0.0445931
2171.88 0.229828 -0.0766094 -9.69109 0.404387 -0.0430708 9.93859 -0.00320704 -0.0899499 0.0433714
2171.89 0.191523 0.0383047 -9.65278 0.381655 -0.0418744 9.95294 -0.00366519 -0.0942259 0.0438296
2171.91 0.153219 -0.0383047 -9.46126 0.39003 -0.0323031 9.92064 -0.00137445 -0.0971275 0.0438296
2171.93 0.0383047 0.0383047 -9.53786 0.384048 -0.0442672 9.92901 -0.00229074 -0.0917825 0.0455095
2171.94 0.191523 -0.0766094 -9.53786 0.393619 -0.0394815 9.92901 -0.00549779 -0.0899499 0.0458149
2171.96 0.0766094 -0.0383047 -9.806 0.387637 -0.0478564 9.93619 -0.00213803 -0.0940732 0.0445931
2171.97 0.229828 -0.0766094 -9.69109 0.404387 -0.040678 9.93859 0.0 -0.097433 0.0418443
2171.99 0.268133 -0.0383047 -9.72939 0.416351 -0.0418744 9.93619 -0.0065668 -0.0894917 0.0484111
2172.01 0.344742 -0.191523 -9.92091 0.40678 -0.0418744 9.92423 -0.00641408 -0.0876591 0.0499382
2172.02 0.191523 -0.114914 -9.57617 0.40678 -0.0634098 9.92901 -0.00870483 -0.0820086 0.046273
2172.04 0.191523 -0.0766094 -9.61448 0.416351 -0.0502493 9.94457 -0.00778853 -0.0864374 0.0439823
2172.06 0.229828 0.0 -9.57617 0.400798 -0.061017 9.94337 -0.00519235 -0.0905607 0.0442877
2172.07 0.191523 0.0383047 -9.65278 0.368495 -0.0658026 9.9314 -0.00702495 -0.0859793 0.0465785
2172.09 0.114914 -0.0766094 -9.806 0.354138 -0.0777667 9.9338 -0.00305432 -0.0933096 0.0458149
2172.11 0.268133 -0.0383047 -9.69109 0.362513 -0.0717846 9.91824 -0.00717767 -0.08827 0.0464257
2172.12 0.344742 0.0 -9.69109 0.337388 -0.0717846 9.93619 -0.00549779 -0.0934624 0.0439823
2172.14 0.268133 0.0 -9.65278 0.346959 -0.0801595 9.94696 -0.00641408 -0.0859793 0.0485638
2172.16 0.268133 -0.114914 -9.53786 0.331406 -0.0909272 9.93499 -0.00412334 -0.0920879 0.0458149
2172.17 0.191523 -0.114914 -9.76769 0.340977 -0.09332 9.9314 -0.00503964 -0.0879646 0.0482583
2172.19 0.306437 -0.114914 -9.76769 0.345763 -0.0993021 9.92423 -0.00503964 -0.0887282 0.047342
2172.2 0.268133 0.0 -9.65278 0.368495 -0.114855 9.94218 -0.00519235 -0.0901026 0.0464257
2172.22 0.191523 0.0 -9.92091 0.342173 -0.11007 9.92782 -0.00442877 -0.0928515 0.044135
2172.24 0.268133 -0.0383047 -9.72939 0.363709 -0.107677 9.9314 -0.00580322 -0.0890336 0.0468839
2172.25 0.153219 0.0 -9.72939 0.36012 -0.105284 9.92782 -0.00549779 -0.0885754 0.0488692
2172.27 0.191523 0.0383047 -9.69109 0.340977 -0.112463 9.92423 -0.00198531 -0.0931569 0.0456622
2172.29 0.268133 -0.0383047 -9.8443 0.348156 -0.102891 9.92662 -0.00351247 -0.0905607 0.0465785
2172.3 0.268133 -0.153219 -9.61448 0.346959 -0.0897308 9.92543 -0.00320704 -0.0923933 0.045204
2172.32 0.191523 -0.0766094 -9.72939 0.352941 -0.0861416 9.90509 -0.00458149 -0.0919352 0.0450513
2172.34 0.153219 -0.153219 -9.72939 0.372084 -0.0849452 9.94218 -0.0056505 -0.0901026 0.045204
2172.35 0.114914 -0.0766094 -9.76769 0.37328 -0.0765703 9.91466 -0.00213803 -0.0936151 0.0438296
2172.37 0.114914 -0.0383047 -9.65278 0.396012 -0.0729811 9.92423 -0.00335976 -0.0940732 0.0450513
2172.39 0.191523 -0.0766094 -9.65278 0.397208 -0.0837488 9.93619 -0.000610865 -0.0969748 0.0444404
2172.41 0.268133 -0.0766094 -9.46126 0.40678 -0.0681954 9.92423 -0.0018326 -0.0956004 0.0445931
2172.42 0.153219 0.0 -9.88261 0.412762 -0.066999 9.91585 -0.00503964 -0.0881173 0.0470366
2172.44 0.268133 0.0 -9.69109 0.410369 -0.0622134 9.92303 -0.0018326 -0.0926988 0.0455095
2172.45 0.153219 -0.0766094 -9.72939 0.41994 -0.0586241 9.90868 -0.00519235 -0.0881173 0.0459676
2172.47 0.0766094 -0.0383047 -9.72939 0.425922 -0.061017 9.92303 -0.00366519 -0.0901026 0.0464257
2172.49 0.229828 0.0 -9.61448 0.398405 -0.0562313 9.91466 -0.00488692 -0.090408 0.0438296
2172.5 0.191523 -0.0383047 -9.72939 0.39003 -0.0514457 9.91107 -0.00320704 -0.091477 0.041997
2172.52 0.153219 0.0383047 -9.806 0.384048 -0.0514457 9.92064 -0.00412334 -0.0907135 0.0448986
2172.54 0.114914 0.0 -9.69109 0.37328 -0.04666 9.92782 -0.00458149 -0.089339 0.0459676
2172.55 0.153219 -0.153219 -9.76769 0.37328 -0.0598205 9.92543 -0.00519235 -0.0867428 0.0453567
2172.57 0.153219 0.0766094 -9.76769 0.375673 -0.0514457 9.91705 -0.00335976 -0.0922406 0.0427606
2172.59 0.306437 -0.153219 -9.806 0.374477 -0.0454636 9.92782 -0.00503964 -0.0907135 0.0459676
2172.6 0.229828 0.0383047 -9.8443 0.384048 -0.0562313 9.93619 -0.00259618 -0.0930042 0.0445931
2172.62 0.383047 -0.0383047 -9.57617 0.385244 -0.0705882 9.93739 -0.00229074 -0.0936151 0.0456622
2172.63 0.268133 -0.114914 -9.65278 0.370887 -0.0693918 9.92423 -0.00626137 -0.0879646 0.0471893
2172.65 0.153219 -0.114914 -9.76769 0.362513 -0.0741775 9.9338 -0.00427606 -0.0923933 0.0439823
2172.67 0.306437 -0.114914 -9.92091 0.338584 -0.0741775 9.9326 -0.00366519 -0.0902553 0.0461203
2172.68 0.268133 -0.0766094 -9.57617 0.333799 -0.0981057 9.9314 -0.00534507 -0.0881173 0.0467312
2172.7 0.229828 -0.0766094 -9.76769 0.311067 -0.0897308 9.92423 -0.00610865 -0.0888809 0.0464257
2172.72 0.383047 -0.0383047 -9.8443 0.308674 -0.0849452 9.92662 -0.00458149 -0.0926988 0.0445931
2172.73 0.153219 -0.0383047 -9.38465 0.314656 -0.0729811 9.9338 -0.00442877 -0.0881173 0.0468839
2172.75 0.268133 -0.114914 -9.72939 0.31346 -0.0789631 9.92901 -0.00320704 -0.0922406 0.0447459
2172.77 0.229828 -0.0766094 -9.61448 0.321834 -0.0777667 9.92662 -0.00152716 -0.096364 0.0421497
2172.78 0.153219 0.0 -9.69109 0.336191 -0.0837488 9.93499 -0.00244346 -0.0942259 0.0450513
2172.8 0.421352 0.0383047 -9.806 0.331406 -0.0741775 9.92064 -0.00687223 -0.0899499 0.047342
2172.81 0.191523 -0.0766094 -9.61448 0.362513 -0.0801595 9.92423 -0.00717767 -0.0881173 0.0479529
2172.83 -0.0383047 -0.0766094 -9.69109 0.364905 -0.0837488 9.9326 -0.00549779 -0.0920879 0.0471893
2172.85 0.268133 -0.0383047 -9.69109 0.364905 -0.0921237 9.9326 -0.00381791 -0.0940732 0.0447459
2172.86 0.229828 -0.153219 -9.61448 0.361316 -0.0921237 9.9314 -0.00809396 -0.0823141 0.0494801
2172.88 0.191523 0.0 -9.72939 0.380459 -0.0849452 9.91824 -0.00442877 -0.0913243 0.0467312
2172.9 0.191523 -0.0383047 -9.65278 0.37328 -0.0765703 9.9326 -0.00473421 -0.0905607 0.0470366
2172.91 0.306437 0.0 -9.46126 0.375673 -0.0658026 9.92064 -0.00305432 -0.0916298 0.0459676
2172.93 0.268133 -0.191523 -9.65278 0.394816 -0.0801595 9.91944 -0.00534507 -0.0897971 0.0465785
2172.95 0.344742 -0.0766094 -9.57617 0.391226 -0.0729811 9.92184 -0.00442877 -0.091477 0.0455095
2172.96 0.0766094 -0.0383047 -9.65278 0.411565 -0.0801595 9.92303 -0.00442877 -0.0917825 0.0471893
2172.98 0.0383047 -0.0383047 -9.61448 0.433101 -0.0753739 9.93499 -0.00106901 -0.0943787 0.0442877
2173.0 0.153219 -0.0766094 -9.69109 0.440279 -0.0729811 9.93021 -0.00198531 -0.0928515 0.0429133
2173.01 0.0383047 -0.0383047 -9.65278 0.439083 -0.0717846 9.92901 -0.00397062 -0.0901026 0.0432187
2173.03 0.0383047 -0.114914 -9.53786 0.427119 -0.0741775 9.91705 -0.000916298 -0.0939205 0.0418443
2173.04 0.114914 0.0 -9.88261 0.421137 -0.0705882 9.9338 -0.00580322 -0.0841467 0.0464257
2173.06 0.0766094 -0.0383047 -9.8443 0.416351 -0.066999 9.91346 -0.00458149 -0.0875064 0.046273
2173.08 0.0766094 -0.0766094 -9.61448 0.403191 -0.0729811 9.92782 -0.00488692 -0.0876591 0.0435241
2173.09 0.191523 -0.0766094 -9.76769 0.386441 -0.066999 9.93619 -0.00412334 -0.0878119 0.044135
2173.11 0.229828 -0.0766094 -9.72939 0.394816 -0.0789631 9.92543 -0.00519235 -0.0865901 0.0450513
2173.12 0.191523 -0.0766094 -9.69109 0.36012 -0.0825523 9.91346 -0.00595593 -0.0873537 0.045204
2173.14 0.191523 -0.153219 -9.8443 0.349352 -0.0897308 9.93619 -0.00503964 -0.0888809 0.0447459
2173.16 0.114914 0.0 -10.0358 0.331406 -0.0693918 9.93739 -0.00213803 -0.091477 0.0433714
2173.17 0.229828 -0.114914 -9.69109 0.352941 -0.0753739 9.93739 -0.0065668 -0.0862847 0.0442877
2173.19 0.229828 0.0 -9.65278 0.342173 -0.0586241 9.94337 -0.00397062 -0.091477 0.0439823
2173.21 0.383047 0.0 -9.806 0.35653 -0.0801595 9.93619 -0.00412334 -0.0907135 0.0459676
2173.22 0.153219 0.0 -9.69109 0.333799 -0.0526421 9.93739 -0.00229074 -0.0937678 0.0432187
2173.24 0.229828 0.0383047 -9.72939 0.32662 -0.0729811 9.92184 -0.00427606 -0.0881173 0.0471893
2173.26 0.229828 0.0 -9.806 0.318245 -0.0837488 9.93619 -0.00458149 -0.0907135 0.0461203
2173.27 0.153219 -0.153219 -9.65278 0.314656 -0.0825523 9.93859 -0.00152716 -0.0962113 0.045204
2173.29 0.268133 -0.114914 -9.92091 0.311067 -0.0646062 9.93619 -0.00198531 -0.0956004 0.0445931
2173.31 0.497961 0.0 -9.72939 0.317049 -0.087338 9.9338 -0.00244346 -0.0936151 0.0453567
2173.32 0.268133 -0.0766094 -9.76769 0.319442 -0.0801595 9.94218 -0.00488692 -0.087201 0.046273
2173.34 0.229828 -0.229828 -9.95922 0.329013 -0.0705882 9.92901 -0.00335976 -0.0917825 0.0464257
2173.36 0.191523 -0.0383047 -9.57617 0.336191 -0.066999 9.9314 -0.0056505 -0.0926988 0.0470366
2173.37 0.114914 -0.153219 -9.65278 0.342173 -0.061017 9.92662 -0.00427606 -0.0928515 0.0461203
2173.39 0.114914 -0.0766094 -9.49956 0.370887 -0.061017 9.92782 -0.00519235 -0.0894917 0.0470366
2173.41 0.153219 0.0766094 -9.95922 0.388834 -0.0538385 9.93619 -0.0018326 -0.0968221 0.0464257
2173.42 0.229828 0.0766094 -9.49956 0.400798 -0.061017 9.92662 -0.00503964 -0.0910189 0.047342
2173.44 0.229828 -0.0766094 -9.61448 0.411565 -0.0586241 9.91346 -0.0065668 -0.0879646 0.0482583
2173.45 0.153219 0.0383047 -9.72939 0.410369 -0.0658026 9.91346 -0.00412334 -0.08827 0.047342
2173.47 0.191523 -0.191523 -9.57617 0.428315 -0.0741775 9.9314 -0.00534507 -0.0910189 0.0471893
2173.49 0.153219 -0.0383047 -9.69109 0.417547 -0.0681954 9.91944 -0.00458149 -0.0925461 0.047342
2173.5 0.268133 -0.0383047 -9.88261 0.434297 -0.0693918 9.91944 -0.00427606 -0.0928515 0.0455095
2173.52 0.114914 -0.0383047 -9.61448 0.428315 -0.0753739 9.92782 -0.00473421 -0.0930042 0.0459676
2173.54 0.114914 -0.114914 -9.53786 0.429512 -0.0801595 9.93978 -0.00534507 -0.0884227 0.0484111
2173.55 0.229828 0.0383047 -9.95922 0.435494 -0.0861416 9.93499 -0.00687223 -0.0867428 0.0470366
2173.57 0.306437 -0.114914 -9.806 0.428315 -0.0849452 9.9338 -0.00519235 -0.0905607 0.0459676
2173.59 0.153219 -0.0766094 -9.72939 0.415155 -0.0825523 9.92543 -0.00412334 -0.0888809 0.0442877
2173.6 0.114914 -0.0766094 -9.69109 0.393619 -0.0717846 9.92782 -0.00503964 -0.0897971 0.0455095
2173.62 0.114914 -0.114914 -9.76769 0.403191 -0.0837488 9.9314 -0.00473421 -0.087201 0.0445931
2173.64 0.0 0.0 -9.61448 0.394816 -0.0897308 9.94337 -0.00809396 -0.0853684 0.0453567
2173.66 0.268133 -0.0766094 -9.61448 0.374477 -0.0813559 9.93739 -0.00381791 -0.0890336 0.0438296
2173.67 0.306437 0.0383047 -9.76769 0.35653 -0.0957129 9.93739 -0.00839939 -0.0792598 0.0493274
2173.69 0.229828 0.0766094 -9.49956 0.342173 -0.0765703 9.93499 -0.00213803 -0.0928515 0.043066
2173.7 0.306437 -0.114914 -9.61448 0.311067 -0.0885344 9.93499 -0.0056505 -0.0894917 0.0445931
2173.72 0.268133 0.0383047 -9.72939 0.324227 -0.0969093 9.93859 -0.00290161 -0.0917825 0.0416915
2173.74 0.421352 -0.153219 -9.61448 0.314656 -0.0921237 9.92064 -0.00366519 -0.091477 0.0450513
2173.75 0.229828 -0.0766094 -9.99752 0.311067 -0.0837488 9.93021 -0.00152716 -0.0945314 0.0423024
2173.77 0.191523 -0.0383047 -9.806 0.31346 -0.087338 9.93499 -0.00427606 -0.0905607 0.0442877
2173.79 0.229828 -0.0383047 -9.69109 0.32662 -0.0693918 9.92662 -0.00427606 -0.0917825 0.0439823
2173.8 0.229828 -0.114914 -9.95922 0.315852 -0.0586241 9.92901 -0.00549779 -0.0896445 0.0450513
2173.82 0.268133 -0.0383047 -9.8443 0.332602 -0.0574277 9.92543 -0.00519235 -0.0908662 0.0471893
2173.84 0.306437 -0.0383047 -9.72939 0.340977 -0.0586241 9.91824 -0.00503964 -0.0902553 0.046273
2173.85 0.153219 0.0 -9.72939 0.358923 -0.0598205 9.93739 -0.00626137 -0.0867428 0.0494801
2173.87 0.268133 0.0383047 -9.99752 0.361316 -0.0717846 9.93021 -0.00412334 -0.0926988 0.0445931
2173.89 0.306437 0.0 -9.8443 0.355334 -0.0622134 9.92543 -0.00335976 -0.0945314 0.0450513
2173.9 0.114914 -0.114914 -9.57617 0.355334 -0.0526421 9.92184 0.000610865 -0.0989602 0.045204
2173.92 0.114914 -0.0383047 -9.806 0.355334 -0.0550349 9.92543 -0.00305432 -0.0960585 0.044135
2173.94 0.268133 0.0383047 -9.72939 0.372084 -0.0514457 9.92543 -0.00488692 -0.0940732 0.0464257
2173.95 0.0383047 0.153219 -9.92091 0.397208 -0.0430708 9.92901 -0.00717767 -0.089339 0.047342
2173.97 0.191523 -0.0383047 -9.69109 0.412762 -0.0526421 9.93619 -0.00610865 -0.0888809 0.0478002
2173.99 0.114914 -0.114914 -9.65278 0.409173 -0.0526421 9.9314 -0.00458149 -0.0919352 0.0458149
2174.0 0.153219 0.0766094 -9.65278 0.429512 -0.0550349 9.92423 -0.00397062 -0.0907135 0.0456622
2174.02 0.191523 -0.0766094 -9.65278 0.424726 -0.0454636 9.92901 -0.00885754 -0.0856738 0.0496328
2174.04 0.229828 -0.0383047 -9.57617 0.429512 -0.0514457 9.91944 -0.00366519 -0.096364 0.0467312
2174.05 0.114914 -0.0766094 -9.72939 0.422333 -0.0550349 9.91585 -0.00641408 -0.087201 0.0476475
2174.07 0.268133 -0.0383047 -9.72939 0.409173 -0.0574277 9.91585 -0.00274889 -0.0946841 0.0442877
2174.09 0.0 -0.114914 -9.57617 0.394816 -0.0729811 9.91107 -0.00717767 -0.0876591 0.047342
2174.1 0.114914 0.0 -9.76769 0.388834 -0.0741775 9.9326 -0.00580322 -0.0888809 0.0456622
2174.12 0.268133 -0.114914 -9.65278 0.385244 -0.0825523 9.94098 -0.00473421 -0.0928515 0.0465785
2174.14 0.153219 0.0766094 -9.88261 0.380459 -0.0921237 9.94457 -0.00397062 -0.0910189 0.0439823
2174.15 0.191523 -0.114914 -9.65278 0.363709 -0.0885344 9.93739 -0.00534507 -0.0868956 0.0478002
2174.17 0.0766094 0.0 -9.806 0.358923 -0.0993021 9.9326 -0.00412334 -0.0888809 0.0453567
2174.19 0.268133 -0.114914 -9.69109 0.357727 -0.0981057 9.9338 -0.00473421 -0.0885754 0.0461203
2174.2 0.268133 -0.114914 -9.8443 0.340977 -0.0837488 9.94098 -0.00412334 -0.0865901 0.0453567
2174.22 0.306437 -0.114914 -9.72939 0.339781 -0.104088 9.91466 -0.00305432 -0.0913243 0.0445931
2174.24 0.229828 -0.191523 -9.72939 0.342173 -0.0909272 9.93619 -0.00397062 -0.0878119 0.0448986
2174.25 0.191523 -0.114914 -9.72939 0.320638 -0.0861416 9.92303 -0.00442877 -0.0881173 0.0459676
2174.27 0.0766094 -0.0766094 -9.72939 0.323031 -0.0825523 9.92303 -0.00198531 -0.0925461 0.0439823
2174.29 0.191523 -0.191523 -10.0741 0.31346 -0.09332 9.93021 -0.00198531 -0.0926988 0.0450513
2174.3 0.383047 -0.0383047 -9.69109 0.32662 -0.0969093 9.93739 -0.000458149 -0.0942259 0.0432187
2174.32 0.229828 -0.114914 -9.8443 0.327816 -0.0921237 9.9326 -0.00503964 -0.0896445 0.0456622
2174.34 0.268133 -0.0766094 -9.69109 0.317049 -0.0825523 9.91705 -0.00488692 -0.0907135 0.0474948
2174.35 0.229828 -0.114914 -9.61448 0.339781 -0.0837488 9.9338 -0.00137445 -0.0949895 0.045204
2174.37 0.153219 -0.114914 -9.69109 0.36012 -0.0861416 9.92782 -0.00534507 -0.08827 0.0465785
2174.38 0.191523 -0.114914 -9.53786 0.374477 -0.0705882 9.93499 -0.00259618 -0.0934624 0.0445931
2174.4 0.0766094 0.114914 -9.95922 0.381655 -0.0658026 9.93739 -0.00595593 -0.0881173 0.0468839
2174.42 0.0766094 -0.0766094 -9.76769 0.387637 -0.0550349 9.92901 -0.00458149 -0.0884227 0.0455095
2174.43 0.153219 -0.0766094 -9.806 0.392423 -0.0586241 9.92543 -0.000610865 -0.0960585 0.0442877
2174.45 0.0766094 -0.0766094 -9.65278 0.400798 -0.0538385 9.92423 -0.00366519 -0.0905607 0.0429133
2174.47 0.191523 -0.0383047 -9.76769 0.413958 -0.0502493 9.93499 -0.00366519 -0.0911716 0.0447459
2174.48 0.0383047 -0.0766094 -9.76769 0.404387 -0.0442672 9.9314 -0.0018326 -0.0939205 0.0448986
2174.5 0.229828 -0.0766094 -9.65278 0.392423 -0.04666 9.92662 -0.00519235 -0.0885754 0.0478002
2174.52 0.114914 -0.0383047 -9.72939 0.39003 -0.0693918 9.91824 -0.00397062 -0.0884227 0.0450513
2174.53 0.191523 0.0 -9.65278 0.396012 -0.0418744 9.92782 -0.0065668 -0.0868956 0.0464257
2174.55 0.0766094 0.0 -9.53786 0.394816 -0.0562313 9.9338 -0.00442877 -0.0910189 0.0456622
2174.57 0.153219 0.191523 -9.72939 0.394816 -0.0454636 9.92543 -0.00503964 -0.0897971 0.0459676
2174.59 0.191523 -0.0766094 -9.72939 0.401994 -0.0598205 9.91107 -0.00534507 -0.0879646 0.0479529
2174.6 0.191523 0.0383047 -9.72939 0.393619 -0.0562313 9.9326 -0.00580322 -0.08827 0.0456622
2174.62 0.268133 -0.0383047 -9.92091 0.378066 -0.0634098 9.9338 -0.00488692 -0.0901026 0.0450513
2174.63 0.268133 -0.0766094 -9.57617 0.372084 -0.0634098 9.92662 -0.00259618 -0.0942259 0.0438296
2174.65 0.268133 -0.0383047 -9.806 0.364905 -0.0658026 9.9314 -0.00778853 -0.0835358 0.0465785
2174.67 0.229828 -0.0383047 -9.76769 0.352941 -0.0789631 9.93499 -0.00763582 -0.0864374 0.0479529
2174.68 0.268133 -0.114914 -9.76769 0.349352 -0.0586241 9.9314 -0.00641408 -0.0876591 0.0459676
2174.7 0.0766094 -0.0383047 -9.95922 0.344566 -0.0789631 9.93859 -0.00366519 -0.0934624 0.0445931
2174.72 0.153219 -0.229828 -9.76769 0.321834 -0.0885344 9.92184 -0.00794125 -0.0862847 0.0474948
2174.73 0.153219 -0.0766094 -9.69109 0.332602 -0.0957129 9.93859 -0.00427606 -0.0888809 0.0461203
2174.75 0.229828 0.0766094 -9.65278 0.323031 -0.0981057 9.9338 -0.00702495 -0.0862847 0.0491747
2174.77 0.268133 -0.0383047 -9.38465 0.339781 -0.0969093 9.94098 -0.0018326 -0.0945314 0.0438296
2174.79 0.191523 -0.0383047 -9.69109 0.351745 -0.107677 9.93499 -0.00351247 -0.0925461 0.0450513
2174.81 0.153219 -0.153219 -9.65278 0.361316 -0.114855 9.92782 -0.00687223 -0.0867428 0.0476475
2174.82 0.306437 -0.0383047 -9.61448 0.358923 -0.0993021 9.94098 -0.00488692 -0.090408 0.0458149
2174.84 0.191523 -0.114914 -9.69109 0.36012 -0.113659 9.94098 -0.00366519 -0.0917825 0.0447459
2174.86 0.191523 -0.0383047 -9.69109 0.355334 -0.101695 9.94218 -0.00152716 -0.0959058 0.0442877
2174.87 0.268133 0.0383047 -9.65278 0.363709 -0.0993021 9.9314 -0.000610865 -0.095295 0.0418443
2174.89 0.229828 -0.191523 -9.46126 0.362513 -0.0981057 9.9314 -0.00274889 -0.0913243 0.0459676
2174.91 0.153219 -0.0766094 -9.76769 0.370887 -0.105284 9.93021 -0.00152716 -0.0956004 0.0433714
2174.92 0.191523 -0.0383047 -9.8443 0.378066 -0.0849452 9.92543 -0.00626137 -0.0849102 0.047342
2174.94 0.229828 -0.114914 -9.57617 0.387637 -0.0705882 9.92901 -0.00198531 -0.0930042 0.0429133
2174.96 0.153219 0.0383047 -9.72939 0.400798 -0.066999 9.92662 -0.00137445 -0.0926988 0.0432187
2174.97 0.268133 -0.0383047 -9.61448 0.404387 -0.0681954 9.92184 -0.00305432 -0.0916298 0.0448986
2174.99 0.0766094 -0.114914 -9.99752 0.412762 -0.0550349 9.93619 -0.00290161 -0.0930042 0.0432187
2175.0 0.153219 -0.114914 -9.69109 0.416351 -0.066999 9.91346 -0.00305432 -0.0916298 0.0448986
2175.02 0.191523 0.114914 -9.76769 0.396012 -0.0454636 9.92662 -0.00198531 -0.0907135 0.043066
2175.04 0.0766094 -0.0383047 -9.61448 0.409173 -0.0538385 9.93859 -0.00503964 -0.0881173 0.0453567
2175.05 0.153219 -0.114914 -9.34634 0.39003 -0.0562313 9.9314 -0.00397062 -0.0910189 0.0435241
2175.07 0.229828 0.0766094 -9.57617 0.386441 -0.0430708 9.9314 -0.00137445 -0.0916298 0.0427606
2175.09 0.229828 -0.0383047 -9.61448 0.376869 -0.040678 9.93619 -0.00305432 -0.0922406 0.0423024
2175.1 0.306437 0.0766094 -9.49956 0.352941 -0.0394815 9.91705 -0.00229074 -0.0945314 0.0448986
2175.12 0.114914 -0.0766094 -9.38465 0.370887 -0.040678 9.93978 -0.00290161 -0.0933096 0.0433714
2175.14 0.114914 0.0766094 -9.69109 0.361316 -0.040678 9.93021 -0.00259618 -0.0931569 0.0416915
2175.16 0.191523 -0.0383047 -9.69109 0.355334 -0.0418744 9.93739 -0.00580322 -0.0890336 0.0467312
2175.17 0.191523 -0.0383047 -9.57617 0.352941 -0.0382852 9.92543 -0.00610865 -0.0864374 0.0478002
2175.19 0.229828 0.0 -9.42295 0.351745 -0.0478564 9.92901 -0.00473421 -0.0899499 0.0478002
2175.2 0.268133 -0.153219 -9.61448 0.344566 -0.0634098 9.93978 -0.00351247 -0.0946841 0.0455095
2175.22 0.229828 -0.0383047 -9.65278 0.342173 -0.0634098 9.92662 -0.00519235 -0.0897971 0.0474948
2175.24 0.191523 -0.0383047 -9.806 0.352941 -0.0789631 9.9338 -0.00473421 -0.090408 0.0461203
2175.25 0.191523 -0.0383047 -9.34634 0.349352 -0.0741775 9.93499 -0.00122173 -0.096364 0.0459676
2175.27 0.306437 -0.153219 -9.53786 0.330209 -0.09332 9.92782 -0.00381791 -0.0939205 0.0456622
2175.29 0.191523 -0.0766094 -9.65278 0.321834 -0.0765703 9.92064 -0.00427606 -0.0930042 0.0435241
2175.3 0.306437 -0.0383047 -9.65278 0.339781 -0.0837488 9.9314 -0.00274889 -0.0969748 0.0439823
2175.32 0.191523 -0.114914 -9.69109 0.345763 -0.0849452 9.92782 -0.00335976 -0.0960585 0.0461203
2175.34 0.191523 -0.0383047 -9.65278 0.351745 -0.0825523 9.9314 -0.00381791 -0.0942259 0.0456622
2175.35 0.306437 -0.0766094 -9.8443 0.366102 -0.0897308 9.93739 -0.00366519 -0.0965167 0.0467312
2175.37 0.268133 -0.114914 -9.65278 0.366102 -0.087338 9.93619 -0.00458149 -0.0933096 0.0470366
2175.38 0.153219 -0.229828 -9.53786 0.382851 -0.0957129 9.93978 -0.00366519 -0.0894917 0.0471893
2175.4 0.229828 -0.0766094 -9.65278 0.393619 -0.0945165 9.93859 -0.00290161 -0.0934624 0.0464257
2175.42 0.153219 -0.0766094 -9.65278 0.391226 -0.0957129 9.92662 -0.00244346 -0.0931569 0.0458149
2175.43 0.229828 -0.153219 -9.49956 0.394816 -0.105284 9.93021 -0.00381791 -0.08827 0.0470366
2175.45 0.114914 -0.114914 -9.806 0.397208 -0.11007 9.92782 -0.00244346 -0.0936151 0.044135
2175.47 0.114914 -0.114914 -9.65278 0.391226 -0.0885344 9.92303 -0.00397062 -0.0905607 0.0459676
2175.48 0.191523 -0.114914 -9.61448 0.385244 -0.0813559 9.92782 -0.00488692 -0.0878119 0.045204
2175.5 0.153219 -0.0766094 -9.92091 0.404387 -0.0837488 9.93739 -0.000305433 -0.0949895 0.0427606
2175.52 0.153219 -0.0766094 -10.0741 0.385244 -0.0777667 9.92064 -0.000916298 -0.0933096 0.0426078
2175.53 0.153219 -0.0383047 -9.8443 0.384048 -0.0646062 9.91705 -0.00244346 -0.0930042 0.0435241
2175.55 0.229828 -0.191523 -9.53786 0.397208 -0.0741775 9.92901 -0.00244346 -0.0922406 0.0444404
2175.57 0.268133 0.0383047 -9.806 0.386441 -0.0526421 9.95294 -0.000916298 -0.0907135 0.044135
2175.58 0.191523 0.114914 -9.72939 0.39003 -0.0634098 9.92064 -0.00351247 -0.0887282 0.0453567
2175.6 0.191523 0.0 -9.38465 0.367298 -0.0490528 9.9338 -0.00335976 -0.090408 0.0453567
2175.62 0.268133 0.0383047 -9.69109 0.369691 -0.0622134 9.92662 -0.000610865 -0.0933096 0.0435241
2175.63 0.268133 -0.0383047 -9.806 0.368495 -0.0646062 9.91824 -0.00351247 -0.0919352 0.0447459
2175.65 0.306437 -0.0383047 -9.65278 0.36012 -0.0693918 9.9326 -0.00320704 -0.091477 0.0447459
2175.67 0.114914 0.0383047 -9.72939 0.350548 -0.0622134 9.93739 -0.0018326 -0.0951423 0.0439823
2175.68 0.191523 -0.0383047 -9.88261 0.344566 -0.0538385 9.93499 -0.000763581 -0.0943787 0.0442877
2175.7 0.191523 -0.0383047 -9.65278 0.339781 -0.0717846 9.91705 -0.00320704 -0.0937678 0.0424551
2175.72 0.306437 0.0 -9.76769 0.333799 -0.0526421 9.92184 -0.00458149 -0.0926988 0.0448986
2175.73 0.344742 -0.0383047 -9.61448 0.34337 -0.0442672 9.94218 -0.00610865 -0.0862847 0.0471893
2175.75 0.268133 -0.0383047 -9.61448 0.350548 -0.061017 9.92662 -0.00412334 -0.0897971 0.0450513
2175.76 0.268133 0.0766094 -9.61448 0.351745 -0.061017 9.93739 -0.00320704 -0.0931569 0.0450513
2175.78 0.268133 -0.114914 -9.57617 0.363709 -0.061017 9.92423 -0.000458149 -0.0966694 0.044135
2175.8 0.0383047 -0.114914 -9.69109 0.358923 -0.0550349 9.92423 -0.00549779 -0.0885754 0.0502437
2175.81 0.191523 -0.0766094 -9.88261 0.350548 -0.0765703 9.95294 -0.00503964 -0.0939205 0.0474948
2175.83 0.229828 -0.0766094 -9.806 0.36012 -0.0729811 9.91944 -0.00763582 -0.087201 0.0490219
2175.84 0.153219 -0.0766094 -9.69109 0.362513 -0.0957129 9.92901 -0.00549779 -0.0908662 0.0458149
2175.86 0.0383047 -0.0383047 -9.8443 0.351745 -0.0981057 9.92303 -0.00366519 -0.0946841 0.0439823
2175.87 0.191523 -0.0383047 -9.76769 0.372084 -0.100499 9.92782 -0.00534507 -0.089339 0.0456622
2175.89 0.229828 -0.0766094 -9.76769 0.37328 -0.0897308 9.91346 -0.00427606 -0.0920879 0.0474948
2175.91 0.191523 -0.0383047 -9.806 0.368495 -0.102891 9.92901 -0.00381791 -0.0934624 0.0468839
2175.92 0.0383047 -0.114914 -9.76769 0.372084 -0.0849452 9.93021 -0.00702495 -0.0890336 0.0478002
2175.94 0.229828 -0.0383047 -9.72939 0.372084 -0.0957129 9.9326 -0.00229074 -0.0942259 0.043066
2176.51 0.229828 0.0 -9.76769 0.36012 -0.101695 9.92303 -0.00351247 -0.091477 0.0461203
2176.52 0.0766094 -0.0766094 -9.806 0.352941 -0.0909272 9.9338 -0.00458149 -0.0922406 0.046273
2176.54 0.153219 -0.114914 -9.806 0.357727 -0.0813559 9.92662 -0.00733038 -0.085063 0.0488692
2176.56 0.153219 0.0383047 -9.88261 0.362513 -0.0813559 9.9338 -0.00106901 -0.0977384 0.0413861
2176.57 0.306437 -0.0383047 -9.65278 0.355334 -0.0753739 9.92543 -0.00320704 -0.0911716 0.0445931
2176.59 0.229828 0.0766094 -9.806 0.351745 -0.0634098 9.9338 -0.00213803 -0.0917825 0.0465785
2176.61 0.383047 -0.0383047 -9.8443 0.361316 -0.0550349 9.91824 -0.00458149 -0.0907135 0.046273
2176.62 0.229828 -0.0383047 -9.65278 0.35653 -0.0550349 9.92662 -0.00274889 -0.0926988 0.0453567
2176.64 0.268133 0.0766094 -9.72939 0.367298 -0.0634098 9.92901 -0.00351247 -0.0926988 0.0458149
2176.66 0.229828 -0.0383047 -9.49956 0.376869 -0.0634098 9.91585 -0.00274889 -0.095295 0.0438296
2176.67 0.153219 -0.0383047 -9.61448 0.375673 -0.0598205 9.93739 -0.00794125 -0.0841467 0.0484111
2176.69 0.0766094 -0.0766094 -9.76769 0.379262 -0.0705882 9.92782 -0.00549779 -0.0919352 0.0464257
2176.71 0.153219 -0.114914 -9.76769 0.372084 -0.0646062 9.91107 -0.00687223 -0.0885754 0.0471893
2176.72 0.191523 0.0 -10.0358 0.380459 -0.0765703 9.9338 -0.00320704 -0.0965167 0.0456622
2176.74 0.0383047 -0.114914 -9.76769 0.364905 -0.0849452 9.92543 -0.0065668 -0.0910189 0.0459676
2176.76 0.0766094 -0.114914 -9.76769 0.361316 -0.0789631 9.92423 -0.00366519 -0.0901026 0.046273
2176.77 0.229828 0.0383047 -9.76769 0.392423 -0.0753739 9.9314 -0.0056505 -0.0865901 0.0468839
2176.79 0.306437 -0.114914 -10.0358 0.393619 -0.0777667 9.92543 -0.00274889 -0.091477 0.045204
2176.8 0.191523 -0.114914 -9.76769 0.39003 -0.0813559 9.94576 -0.00503964 -0.0890336 0.0448986
2176.82 0.306437 -0.0766094 -9.61448 0.401994 -0.0765703 9.9326 -0.00519235 -0.0870483 0.0450513
2176.84 0.229828 -0.0766094 -9.61448 0.379262 -0.0825523 9.93021 -0.00442877 -0.0923933 0.0445931
2176.85 0.153219 -0.153219 -9.76769 0.379262 -0.0753739 9.93499 -0.00366519 -0.0916298 0.0467312
2176.87 0.153219 -0.0383047 -9.69109 0.382851 -0.0825523 9.93978 -0.00259618 -0.0896445 0.0455095
2176.89 0.229828 -0.0766094 -9.61448 0.354138 -0.0885344 9.92064 -0.00610865 -0.0858265 0.0456622
2176.9 0.191523 -0.114914 -9.69109 0.368495 -0.0969093 9.9314 -0.00427606 -0.0885754 0.0450513
2176.92 0.344742 -0.114914 -9.49956 0.369691 -0.108873 9.94218 -0.00137445 -0.0954477 0.0432187
2176.94 0.191523 -0.153219 -9.53786 0.348156 -0.0909272 9.9314 -0.00610865 -0.0847575 0.0467312
2176.95 0.114914 -0.0766094 -9.88261 0.349352 -0.0909272 9.92901 -0.00335976 -0.0916298 0.0456622
2176.97 0.229828 -0.0383047 -9.69109 0.358923 -0.0957129 9.9326 -0.00733038 -0.087201 0.0459676
2176.99 0.229828 0.0383047 -9.57617 0.35653 -0.0897308 9.93739 -0.00366519 -0.0887282 0.0429133
2177.0 0.268133 -0.0383047 -9.61448 0.344566 -0.0957129 9.92901 -0.00549779 -0.0888809 0.043066
2177.02 0.114914 -0.0383047 -9.69109 0.346959 -0.066999 9.92782 -0.00473421 -0.0890336 0.0439823
2177.04 0.153219 -0.0766094 -9.65278 0.351745 -0.0586241 9.92543 -0.00274889 -0.0926988 0.0433714
2177.05 0.191523 -0.0383047 -9.42295 0.325424 -0.0514457 9.92303 -0.000916298 -0.0948368 0.043066
2177.07 0.268133 0.114914 -9.76769 0.331406 -0.0478564 9.93021 -0.00381791 -0.0901026 0.0456622
2177.08 0.268133 -0.0766094 -9.76769 0.333799 -0.061017 9.93619 -0.00137445 -0.0923933 0.045204
2177.1 0.306437 -0.114914 -9.76769 0.340977 -0.0634098 9.91585 -0.00320704 -0.0934624 0.043066
2177.12 0.344742 -0.114914 -9.42295 0.346959 -0.0646062 9.9338 -0.00488692 -0.0925461 0.0448986
2177.13 0.114914 -0.0383047 -9.65278 0.344566 -0.0646062 9.90987 -0.00320704 -0.0956004 0.0459676
2177.15 0.268133 -0.0383047 -9.76769 0.355334 -0.0622134 9.93499 -0.000458149 -0.0960585 0.0453567
2177.17 0.153219 -0.0766094 -9.95922 0.361316 -0.0693918 9.9326 -0.00595593 -0.0890336 0.0470366
2177.18 0.0766094 0.0 -9.76769 0.357727 -0.040678 9.92064 -0.00259618 -0.0913243 0.045204
2177.2 0.153219 0.0 -9.69109 0.370887 -0.040678 9.92901 -0.00763582 -0.0846048 0.0491747
2177.22 0.114914 0.0 -9.69109 0.368495 -0.0454636 9.92782 -0.00458149 -0.091477 0.0478002
2177.23 0.344742 -0.0766094 -9.57617 0.385244 -0.0526421 9.91824 -0.00381791 -0.0922406 0.0450513
2177.25 0.229828 0.0 -9.61448 0.39003 -0.0490528 9.93619 -0.000763581 -0.0969748 0.0442877
2177.27 0.191523 0.0766094 -9.76769 0.400798 -0.0442672 9.92423 -0.00610865 -0.0894917 0.0481056
2177.28 0.191523 -0.0383047 -9.88261 0.385244 -0.0502493 9.9338 -0.00641408 -0.0907135 0.0482583
2177.3 0.268133 -0.114914 -9.8443 0.387637 -0.0598205 9.92064 -0.00305432 -0.0923933 0.0468839
2177.32 0.114914 -0.153219 -9.72939 0.378066 -0.0765703 9.92662 -0.00320704 -0.0940732 0.0450513
2177.33 0.153219 -0.0766094 -9.69109 0.397208 -0.0921237 9.93739 -0.00244346 -0.0965167 0.0436769
2177.35 0.191523 -0.0383047 -9.53786 0.378066 -0.0897308 9.92423 -0.00595593 -0.090408 0.0484111
2177.37 0.114914 -0.0383047 -9.8443 0.397208 -0.0993021 9.92782 -0.00335976 -0.0956004 0.0459676
2177.38 0.114914 -0.114914 -9.72939 0.394816 -0.0945165 9.93021 -0.00641408 -0.08827 0.0474948
2177.4 0.191523 0.0 -9.69109 0.391226 -0.0837488 9.91944 -0.00458149 -0.0899499 0.0444404
2177.42 0.268133 -0.114914 -9.38465 0.39003 -0.09332 9.92184 -0.0074831 -0.0867428 0.0464257
2177.43 0.114914 -0.114914 -9.72939 0.393619 -0.108873 9.92901 -0.00458149 -0.0897971 0.044135
2177.45 0.0383047 0.0383047 -9.806 0.374477 -0.0837488 9.92543 -0.00488692 -0.089339 0.044135
2177.46 0.229828 -0.0766094 -9.72939 0.361316 -0.0813559 9.92184 -0.00335976 -0.0911716 0.0421497
