2348.96 0.191523 -0.0766094 -9.72939 0.439083 -0.0299103 9.91227 -0.00458149 -0.090408 0.0467312
2348.97 0.153219 0.0 -9.76769 0.447458 -0.0299103 9.91705 -0.00305432 -0.0902553 0.0447459
2348.99 0.191523 -0.0383047 -9.69109 0.439083 -0.0287139 9.91227 -0.00397062 -0.0931569 0.0438296
2349.01 0.114914 -0.0383047 -9.76769 0.417547 -0.0275174 9.90628 -0.00442877 -0.0884227 0.0439823
2349.02 0.229828 -0.114914 -9.95922 0.412762 -0.0394815 9.92543 -0.00534507 -0.0879646 0.0458149
2349.04 0.191523 -0.114914 -9.8443 0.397208 -0.0442672 9.92901 -0.00381791 -0.0911716 0.0458149
2349.06 0.191523 0.0 -9.53786 0.380459 -0.0430708 9.93619 -0.00595593 -0.0865901 0.0468839
2349.07 0.229828 -0.153219 -9.806 0.387637 -0.0622134 9.92064 -0.00763582 -0.085063 0.046273
2349.09 0.153219 0.0 -9.69109 0.367298 -0.066999 9.92423 -0.00534507 -0.0891863 0.0459676
2349.1 0.191523 0.0 -9.49956 0.361316 -0.0586241 9.9326 -0.0056505 -0.0891863 0.046273
2349.12 0.191523 -0.114914 -9.72939 0.370887 -0.0837488 9.93978 -0.00855211 -0.0835358 0.0490219
2349.14 0.229828 -0.153219 -9.69109 0.32662 -0.09332 9.9338 -0.00687223 -0.0868956 0.0484111
2349.15 0.268133 -0.0383047 -9.806 0.315852 -0.0909272 9.92901 -0.00458149 -0.0884227 0.0455095
2349.17 0.153219 -0.114914 -9.72939 0.324227 -0.118445 9.93499 -0.00198531 -0.095295 0.045204
2349.19 0.191523 -0.0383047 -9.57617 0.320638 -0.117248 9.93859 -0.00229074 -0.0942259 0.044135
2349.2 0.344742 0.0383047 -9.72939 0.297906 -0.112463 9.9314 -0.00442877 -0.0907135 0.0458149
2349.22 0.191523 -0.191523 -9.49956 0.29671 -0.108873 9.93619 -0.00442877 -0.0887282 0.0455095
2349.24 0.306437 -0.0383047 -9.65278 0.318245 -0.111266 9.93499 -0.00671952 -0.085063 0.0478002
2349.25 0.268133 -0.0766094 -9.65278 0.300299 -0.11007 9.94098 -0.00519235 -0.0934624 0.0458149
2349.27 0.153219 -0.0766094 -9.806 0.30987 -0.120837 9.95294 -0.00412334 -0.0913243 0.0455095
2349.29 0.229828 0.0 -9.92091 0.321834 -0.112463 9.92543 -0.00610865 -0.0885754 0.0455095
2349.3 0.229828 -0.0383047 -9.72939 0.339781 -0.11007 9.9326 -0.00397062 -0.091477 0.0487165
2349.32 0.229828 -0.114914 -9.76769 0.352941 -0.107677 9.9314 -0.00213803 -0.0946841 0.0459676
2349.34 0.191523 -0.153219 -9.53786 0.386441 -0.0969093 9.94815 -0.00152716 -0.0934624 0.0465785
2349.35 0.191523 0.0 -9.72939 0.405583 -0.104088 9.9326 0.000152716 -0.0981966 0.0442877
2349.37 0.344742 -0.0766094 -9.76769 0.404387 -0.0921237 9.92303 -0.00412334 -0.091477 0.0442877
2349.38 0.0766094 -0.0383047 -9.26973 0.40678 -0.0741775 9.91944 -0.00229074 -0.0943787 0.0442877
2349.4 0.191523 0.0383047 -9.76769 0.417547 -0.0729811 9.91466 -0.00442877 -0.0908662 0.0467312
2349.42 0.153219 0.0 -9.53786 0.425922 -0.0658026 9.91585 -0.00488692 -0.08827 0.0447459
2349.43 0.191523 0.0 -9.72939 0.417547 -0.0562313 9.9314 -0.00274889 -0.0933096 0.0435241
2349.45 0.229828 -0.0766094 -9.49956 0.431904 -0.0490528 9.92064 -0.000458149 -0.098502 0.0412334
2349.47 0.153219 -0.0383047 -9.61448 0.421137 -0.04666 9.92662 -0.000610865 -0.0956004 0.0413861
2349.48 0.229828 0.0766094 -9.72939 0.437886 -0.0418744 9.92901 -0.00274889 -0.0885754 0.0442877
2349.5 0.0766094 0.0383047 -9.95922 0.442672 -0.0430708 9.92782 -0.0065668 -0.0870483 0.0456622
2349.52 0.0766094 -0.114914 -9.65278 0.433101 -0.0346959 9.92782 -0.00229074 -0.0934624 0.041997
2349.53 0.191523 -0.0383047 -9.72939 0.411565 -0.0394815 9.92662 -0.00610865 -0.0847575 0.0467312
2349.55 0.0 -0.0383047 -9.76769 0.413958 -0.0502493 9.92303 -0.00351247 -0.0897971 0.045204
2349.56 0.0766094 0.0 -9.806 0.411565 -0.0490528 9.9338 -0.00381791 -0.0902553 0.0436769
2349.58 0.114914 0.0383047 -9.34634 0.396012 -0.0622134 9.91466 -0.00473421 -0.0908662 0.0442877
2349.6 0.229828 0.0 -9.69109 0.382851 -0.0478564 9.9326 -0.0018326 -0.0925461 0.043066
2349.62 0.268133 -0.153219 -9.65278 0.364905 -0.0741775 9.91824 -0.00397062 -0.0876591 0.0447459
2349.63 0.344742 -0.114914 -9.69109 0.348156 -0.0801595 9.92901 -0.00641408 -0.0858265 0.0474948
2349.65 0.268133 0.0 -9.806 0.340977 -0.0765703 9.93859 -0.0056505 -0.0888809 0.0448986
2349.66 0.459656 0.0 -9.72939 0.308674 -0.0765703 9.93739 -0.000763581 -0.0940732 0.0423024
2349.68 0.153219 -0.0383047 -9.76769 0.305085 -0.0729811 9.92901 -0.00641408 -0.0865901 0.0496328
2349.7 0.383047 -0.153219 -9.99752 0.299103 -0.0717846 9.94337 -0.00351247 -0.0926988 0.046273
2349.71 0.229828 -0.153219 -9.806 0.305085 -0.0837488 9.92901 -0.00244346 -0.0945314 0.0445931
2349.73 0.153219 -0.0766094 -9.69109 0.318245 -0.0861416 9.94576 -0.00152716 -0.0951423 0.0445931
2349.75 0.306437 -0.0383047 -9.99752 0.306281 -0.0897308 9.93021 -0.00274889 -0.095295 0.0470366
2349.76 0.268133 -0.153219 -9.69109 0.317049 -0.0885344 9.91705 -0.00442877 -0.0920879 0.0474948
2349.78 0.114914 -0.0766094 -9.69109 0.32662 -0.108873 9.9326 -0.000305433 -0.0971275 0.0453567
2349.8 0.191523 -0.0766094 -9.72939 0.337388 -0.106481 9.93499 -0.00397062 -0.096364 0.0479529
2349.81 0.191523 -0.0766094 -9.806 0.346959 -0.113659 9.93739 -0.00351247 -0.0931569 0.0471893
2349.83 0.306437 -0.229828 -9.69109 0.332602 -0.0993021 9.95055 -0.00717767 -0.087201 0.0497855
2349.85 0.153219 -0.0766094 -9.806 0.342173 -0.0957129 9.93499 -0.00274889 -0.0940732 0.0450513
2349.86 0.153219 -0.114914 -9.806 0.346959 -0.0969093 9.93739 -0.00244346 -0.0940732 0.0447459
2349.88 0.191523 -0.0766094 -9.8443 0.387637 -0.0753739 9.93499 0.000305433 -0.099571 0.043066
2349.9 0.0766094 -0.114914 -9.76769 0.398405 -0.0753739 9.92543 -0.00290161 -0.0943787 0.045204
2349.91 0.229828 -0.0766094 -9.76769 0.412762 -0.066999 9.92782 -0.00305432 -0.0934624 0.0464257
2349.93 0.191523 -0.0383047 -9.92091 0.424726 -0.0717846 9.93021 -0.00198531 -0.0966694 0.0458149
2349.95 0.153219 0.0766094 -9.76769 0.446261 -0.0622134 9.92782 -0.00503964 -0.0896445 0.0476475
2349.96 0.0766094 0.0383047 -9.76769 0.448654 -0.0658026 9.92423 -0.00335976 -0.0884227 0.0459676
2349.98 0.0383047 0.0 -9.76769 0.447458 -0.0705882 9.9338 -0.00366519 -0.0930042 0.044135
2350.0 0.0766094 -0.114914 -9.69109 0.460618 -0.0658026 9.91824 -0.00229074 -0.0940732 0.0418443
2350.01 0.114914 0.0 -9.806 0.451047 -0.061017 9.91944 -0.00610865 -0.0868956 0.0481056
2350.03 0.0766094 -0.114914 -9.65278 0.430708 -0.0693918 9.92064 -0.00320704 -0.089339 0.0438296
2350.04 0.229828 0.0 -9.72939 0.433101 -0.0622134 9.92423 -0.00458149 -0.0875064 0.0453567
2350.06 0.306437 -0.114914 -10.1124 0.415155 -0.066999 9.9314 -0.00458149 -0.0873537 0.044135
2350.08 0.0766094 0.114914 -9.76769 0.399601 -0.0586241 9.9326 -0.00381791 -0.0908662 0.0421497
2350.09 0.114914 0.0 -9.88261 0.394816 -0.0658026 9.92184 -0.0074831 -0.0835358 0.0445931
2350.11 0.153219 -0.0766094 -9.65278 0.388834 -0.066999 9.91824 -0.00137445 -0.0951423 0.041997
2350.13 0.114914 0.0 -10.0358 0.376869 -0.0574277 9.93859 -0.00503964 -0.089339 0.0429133
2350.14 0.229828 0.0766094 -9.76769 0.372084 -0.0502493 9.93619 -0.00381791 -0.0887282 0.045204
2350.16 0.306437 -0.0383047 -9.53786 0.361316 -0.0741775 9.93499 -0.00244346 -0.0916298 0.0407752
2350.18 0.0383047 -0.153219 -9.806 0.351745 -0.0729811 9.92064 -0.00366519 -0.0917825 0.044135
2350.19 0.229828 -0.191523 -9.76769 0.327816 -0.0801595 9.94098 -0.00458149 -0.0885754 0.0450513
2350.21 0.306437 -0.0383047 -9.65278 0.315852 -0.0705882 9.93499 -0.0018326 -0.0920879 0.0427606
2350.23 0.268133 -0.0383047 -10.0741 0.291924 -0.0849452 9.9326 -0.00397062 -0.0879646 0.0458149
2350.24 0.306437 -0.0383047 -9.69109 0.281157 -0.0945165 9.9314 -0.0065668 -0.0881173 0.0467312
2350.26 0.268133 -0.0383047 -9.806 0.284746 -0.0981057 9.9326 -0.00687223 -0.0876591 0.0459676
2350.28 0.153219 0.0383047 -9.65278 0.289531 -0.0969093 9.93859 -0.00427606 -0.0933096 0.0448986
2350.29 0.306437 -0.114914 -10.1124 0.314656 -0.0789631 9.93619 -0.0065668 -0.0887282 0.0474948
2350.31 0.229828 -0.0383047 -9.76769 0.315852 -0.0753739 9.93021 -0.000305433 -0.0943787 0.0467312
2350.33 0.268133 -0.0766094 -9.76769 0.323031 -0.0729811 9.9314 -0.00366519 -0.0928515 0.0445931
2350.34 0.268133 -0.0383047 -9.8443 0.334995 -0.0729811 9.92662 -0.00397062 -0.0942259 0.0455095
2350.36 0.268133 0.0383047 -9.72939 0.349352 -0.0634098 9.93978 -0.0018326 -0.0959058 0.0481056
2350.37 0.306437 0.0 -9.61448 0.368495 -0.0729811 9.93619 -0.0056505 -0.090408 0.0482583
2350.39 0.229828 0.0766094 -9.92091 0.378066 -0.0741775 9.92303 -0.00229074 -0.0949895 0.0474948
2350.41 0.191523 -0.0766094 -9.61448 0.381655 -0.066999 9.92303 -0.00259618 -0.0945314 0.046273
2350.42 0.229828 -0.0766094 -9.65278 0.394816 -0.066999 9.92901 -0.0018326 -0.0948368 0.0439823
2350.44 0.268133 -0.0766094 -9.76769 0.401994 -0.0693918 9.92064 -0.00442877 -0.0887282 0.0497855
2350.46 0.191523 -0.114914 -9.61448 0.425922 -0.0837488 9.93978 -0.00717767 -0.090408 0.0471893
2350.47 0.306437 0.0 -9.806 0.418744 -0.0717846 9.93499 -0.00244346 -0.0940732 0.0465785
2350.49 0.0766094 -0.0383047 -9.61448 0.417547 -0.0753739 9.92423 -0.0074831 -0.089339 0.0479529
2350.51 0.0766094 0.114914 -9.57617 0.446261 -0.0646062 9.92543 -0.00259618 -0.0948368 0.0445931
2350.52 0.114914 -0.0383047 -9.69109 0.454636 -0.0741775 9.92782 -0.00198531 -0.091477 0.0458149
2350.54 0.0766094 0.0 -9.69109 0.458225 -0.0753739 9.93499 -0.00839939 -0.0853684 0.0474948
2350.56 0.0766094 0.0 -9.65278 0.458225 -0.0646062 9.91585 -0.00580322 -0.0856738 0.0471893
2350.57 0.0383047 0.0383047 -9.92091 0.448654 -0.0574277 9.92184 -0.00534507 -0.0868956 0.0474948
2350.59 0.114914 0.0 -9.57617 0.43669 -0.066999 9.92303 -0.00580322 -0.0878119 0.0471893
2350.61 0.153219 -0.114914 -9.806 0.41994 -0.0729811 9.92184 -0.00290161 -0.0899499 0.0439823
2350.62 0.114914 -0.0383047 -9.72939 0.385244 -0.09332 9.92064 -0.00412334 -0.0919352 0.0432187
2350.64 0.0766094 -0.0383047 -9.57617 0.378066 -0.0921237 9.92064 -0.00366519 -0.0890336 0.0438296
2350.66 0.229828 -0.0766094 -9.69109 0.364905 -0.106481 9.92064 -0.00320704 -0.0897971 0.0415388
2350.67 0.268133 -0.153219 -9.72939 0.363709 -0.0981057 9.94576 -0.00488692 -0.0867428 0.0445931
2350.69 0.191523 -0.114914 -9.8443 0.345763 -0.0945165 9.93859 -0.00595593 -0.0865901 0.0426078
2350.7 0.191523 -0.0766094 -9.46126 0.32662 -0.0969093 9.92662 -0.00351247 -0.0867428 0.0427606
2350.72 0.344742 -0.114914 -9.76769 0.314656 -0.0981057 9.92423 -0.00366519 -0.0907135 0.0424551
2350.74 0.268133 -0.114914 -9.65278 0.323031 -0.0753739 9.93021 -0.00137445 -0.0911716 0.0406225
2350.75 0.344742 0.0 -9.61448 0.315852 -0.0765703 9.92782 -0.00167988 -0.0930042 0.0406225
2350.77 0.229828 -0.0383047 -9.69109 0.302692 -0.0753739 9.92782 -0.000916298 -0.0951423 0.0418443
2350.79 0.229828 0.0 -9.65278 0.318245 -0.0801595 9.93619 -0.00473421 -0.0875064 0.045204
2350.8 0.268133 -0.229828 -9.8443 0.299103 -0.0705882 9.93739 -0.00305432 -0.0899499 0.0474948
2350.82 0.344742 0.0383047 -9.72939 0.307478 -0.0753739 9.9338 -0.00503964 -0.08827 0.0453567
2350.84 0.229828 -0.114914 -9.65278 0.300299 -0.0693918 9.9338 -0.00351247 -0.0876591 0.0470366
2350.85 0.306437 0.0 -9.57617 0.295514 -0.0693918 9.94098 -0.00137445 -0.0920879 0.0450513
2350.87 0.459656 -0.114914 -9.69109 0.337388 -0.0693918 9.93978 -0.00763582 -0.0865901 0.0465785
2350.89 0.229828 -0.0383047 -9.49956 0.337388 -0.0550349 9.92901 -0.00259618 -0.0956004 0.0448986
2350.9 0.153219 0.0383047 -9.61448 0.357727 -0.0550349 9.92184 -0.00534507 -0.0920879 0.047342
2350.92 0.114914 0.0383047 -9.69109 0.364905 -0.0502493 9.93739 -0.00335976 -0.0942259 0.0444404
2350.94 -0.0383047 -0.114914 -9.61448 0.403191 -0.0514457 9.91466 -0.0074831 -0.0905607 0.0479529
2350.95 0.0766094 0.0 -9.46126 0.418744 -0.0370887 9.93619 -0.00442877 -0.0923933 0.0479529
2350.97 0.0766094 -0.0383047 -9.76769 0.425922 -0.0358923 9.92423 -0.00503964 -0.0928515 0.0474948
2350.99 0.114914 -0.114914 -9.49956 0.440279 -0.0370887 9.92901 -0.00244346 -0.0940732 0.0482583
2351.0 0.268133 -0.0383047 -9.95922 0.429512 -0.04666 9.9314 -0.00274889 -0.0943787 0.0468839
2351.02 0.153219 -0.0383047 -9.46126 0.443868 -0.0514457 9.91107 -0.00320704 -0.090408 0.0479529
2351.04 0.0766094 -0.0766094 -9.72939 0.428315 -0.0586241 9.91466 -0.00397062 -0.0919352 0.046273
2351.05 0.114914 0.153219 -9.57617 0.443868 -0.0741775 9.92423 -0.00305432 -0.0910189 0.0470366
2351.07 0.191523 -0.153219 -9.57617 0.427119 -0.0777667 9.92064 -0.00244346 -0.0960585 0.0448986
2351.09 0.114914 -0.114914 -9.69109 0.43669 -0.0765703 9.93021 -0.00198531 -0.0931569 0.0442877
2351.1 0.114914 -0.0766094 -9.38465 0.425922 -0.0717846 9.9326 -0.00702495 -0.0876591 0.0467312
2351.12 0.229828 -0.0766094 -9.34634 0.427119 -0.0897308 9.9314 -0.00503964 -0.0885754 0.0453567
2351.13 0.153219 0.0 -9.72939 0.437886 -0.0909272 9.94337 -0.00335976 -0.0875064 0.0465785
2351.15 0.114914 -0.114914 -9.76769 0.424726 -0.0813559 9.93499 -0.00809396 -0.0841467 0.0464257
2351.17 0.0383047 -0.0383047 -9.61448 0.394816 -0.0801595 9.92184 -0.00580322 -0.0852157 0.0464257
2351.18 0.229828 -0.0383047 -9.42295 0.384048 -0.0885344 9.91824 -0.00335976 -0.0891863 0.0435241
2351.2 0.229828 -0.153219 -9.57617 0.367298 -0.102891 9.93619 -0.0056505 -0.0864374 0.0447459
2351.22 0.306437 -0.0766094 -9.72939 0.352941 -0.114855 9.93978 -0.00198531 -0.0923933 0.0436769
2351.23 0.268133 -0.114914 -9.72939 0.312263 -0.114855 9.91705 -0.00274889 -0.0894917 0.044135
2351.25 0.0383047 -0.0766094 -9.65278 0.314656 -0.105284 9.93021 -0.00427606 -0.0865901 0.0455095
2351.27 0.344742 -0.114914 -9.76769 0.311067 -0.105284 9.93978 -0.00549779 -0.0867428 0.0450513
2351.28 0.306437 -0.114914 -9.72939 0.299103 -0.108873 9.92901 -0.00259618 -0.0905607 0.0436769
2351.3 0.229828 0.0383047 -9.69109 0.302692 -0.104088 9.94337 -0.00381791 -0.091477 0.0421497
2351.32 0.229828 -0.0383047 -9.806 0.325424 -0.101695 9.93739 -0.00610865 -0.0878119 0.0459676
2351.33 0.268133 -0.0383047 -9.69109 0.320638 -0.0945165 9.91944 -0.00244346 -0.0951423 0.0433714
2351.35 0.229828 -0.114914 -9.65278 0.332602 -0.0777667 9.92782 -0.00244346 -0.0931569 0.0429133
2351.37 0.229828 0.0 -9.69109 0.329013 -0.0705882 9.9314 -0.00442877 -0.0873537 0.0455095
2351.38 0.153219 -0.0766094 -9.88261 0.32662 -0.0598205 9.93619 0.000458149 -0.0978911 0.0415388
2351.4 0.153219 -0.0383047 -9.806 0.337388 -0.066999 9.92423 -0.00381791 -0.0925461 0.0444404
2351.42 0.191523 0.0 -9.69109 0.366102 -0.04666 9.94098 -0.00595593 -0.0908662 0.0458149
2351.43 0.268133 -0.0766094 -9.69109 0.36012 -0.04666 9.93499 -0.000916298 -0.0983493 0.0432187
2351.45 0.268133 0.0383047 -9.42295 0.379262 -0.0418744 9.93859 -0.00381791 -0.0933096 0.0465785
2351.47 0.153219 -0.0383047 -9.65278 0.372084 -0.0430708 9.93619 -0.00458149 -0.0916298 0.0455095
2351.48 0.0383047 0.0383047 -9.72939 0.386441 -0.0370887 9.92901 -0.0074831 -0.0842994 0.0494801
2351.5 0.114914 -0.0383047 -9.69109 0.416351 -0.0358923 9.92901 -0.000610865 -0.0971275 0.0442877
2351.52 0.153219 0.0 -9.42295 0.41994 -0.0394815 9.92303 -0.00366519 -0.096364 0.0491747
2351.53 0.0766094 -0.0383047 -9.61448 0.42353 -0.0394815 9.92064 -0.00549779 -0.0887282 0.0488692
2351.55 -0.0766094 -0.0766094 -9.72939 0.44985 -0.0430708 9.9326 -0.00794125 -0.0867428 0.047342
2351.57 0.0766094 -0.0383047 -9.8443 0.44985 -0.040678 9.92662 -0.00244346 -0.0962113 0.0445931
2351.58 0.114914 0.0 -9.65278 0.447458 -0.0430708 9.92901 -0.00626137 -0.0911716 0.0465785
2351.6 0.306437 -0.0766094 -9.46126 0.431904 -0.04666 9.92303 -0.00381791 -0.0910189 0.0468839
2351.62 0.114914 -0.114914 -9.61448 0.417547 -0.0634098 9.91227 -0.00458149 -0.0894917 0.0448986
2351.63 0.0383047 -0.153219 -9.69109 0.424726 -0.066999 9.91944 -0.0056505 -0.0894917 0.0456622
2351.65 0.153219 -0.0383047 -9.57617 0.40678 -0.0753739 9.93021 -0.00122173 -0.0957531 0.0436769
2351.67 0.306437 -0.114914 -9.49956 0.396012 -0.0921237 9.93021 -0.00412334 -0.0905607 0.0448986
2351.68 0.268133 -0.268133 -9.61448 0.381655 -0.0897308 9.9314 -0.00610865 -0.087201 0.0478002
2351.7 0.153219 0.0 -9.69109 0.381655 -0.09332 9.94696 -0.00534507 -0.0876591 0.0453567
2351.72 0.114914 -0.0766094 -9.46126 0.369691 -0.108873 9.92901 -0.00763582 -0.085063 0.0468839
2351.73 0.153219 -0.0383047 -9.72939 0.35653 -0.112463 9.92901 -0.00717767 -0.0870483 0.0450513
2351.75 0.229828 -0.153219 -9.69109 0.349352 -0.118445 9.93021 -0.00412334 -0.0920879 0.0429133
2351.77 0.153219 -0.114914 -9.69109 0.361316 -0.12323 9.94098 -0.00305432 -0.0917825 0.0432187
2351.78 0.229828 -0.153219 -9.65278 0.323031 -0.118445 9.93978 -0.00488692 -0.087201 0.0450513
2351.8 0.268133 -0.0383047 -9.42295 0.306281 -0.120837 9.92662 -0.00244346 -0.0916298 0.0450513
2351.82 0.229828 0.0383047 -9.76769 0.285942 -0.111266 9.91824 -0.0018326 -0.0923933 0.0435241
2351.83 0.268133 -0.0383047 -9.76769 0.308674 -0.113659 9.93859 -0.00335976 -0.0911716 0.0445931
2351.85 0.229828 0.0 -9.72939 0.306281 -0.106481 9.93619 -0.00259618 -0.0922406 0.0448986
2351.87 0.268133 -0.114914 -9.65278 0.300299 -0.101695 9.90868 -0.00320704 -0.0917825 0.0436769
2351.88 0.191523 -0.0766094 -9.88261 0.30987 -0.101695 9.93739 -0.000152716 -0.0939205 0.0423024
2351.9 0.229828 -0.0766094 -9.72939 0.337388 -0.0813559 9.9326 -0.00259618 -0.0937678 0.0450513
2351.92 0.344742 0.0383047 -9.65278 0.340977 -0.0753739 9.94098 -0.00152716 -0.0934624 0.0433714
2351.93 0.191523 -0.0766094 -9.65278 0.36012 -0.0801595 9.93739 -0.00244346 -0.0916298 0.0450513
2351.95 0.383047 -0.0766094 -10.0741 0.36012 -0.0574277 9.92901 -0.00198531 -0.0934624 0.0432187
2351.96 0.268133 0.0383047 -9.806 0.374477 -0.0538385 9.9326 -0.00213803 -0.0926988 0.045204
2351.98 0.153219 0.0 -9.69109 0.37328 -0.0490528 9.93021 -0.00320704 -0.0916298 0.0458149
2352.0 0.191523 0.0 -9.76769 0.385244 -0.0454636 9.92423 -0.000152716 -0.0968221 0.044135
2352.01 0.114914 -0.0383047 -9.806 0.409173 -0.0323031 9.92543 -0.00274889 -0.0901026 0.0445931
2352.03 0.114914 0.0766094 -9.72939 0.405583 -0.0299103 9.9338 -0.00198531 -0.0934624 0.0450513
2352.05 0.153219 0.0383047 -9.95922 0.421137 -0.0275174 9.91705 0.000458149 -0.0992656 0.0433714
2352.06 0.0383047 0.153219 -9.30804 0.416351 -0.0311067 9.90868 -0.00351247 -0.0930042 0.0445931
2352.08 0.191523 0.0 -9.76769 0.415155 -0.0323031 9.90628 -0.00458149 -0.0925461 0.0442877
2352.1 0.268133 0.0383047 -9.57617 0.43669 -0.0323031 9.92064 -0.00366519 -0.0913243 0.0442877
2352.11 0.229828 0.0383047 -9.53786 0.424726 -0.0311067 9.92184 -0.00366519 -0.0939205 0.0458149
2352.13 0.191523 0.0383047 -9.72939 0.424726 -0.0490528 9.95055 -0.00427606 -0.0908662 0.0464257
2352.14 0.153219 0.0 -9.806 0.427119 -0.0382852 9.92782 -0.00229074 -0.096364 0.0439823
2352.16 0.114914 0.0766094 -9.88261 0.410369 -0.0538385 9.9326 -0.00229074 -0.0926988 0.0433714
2352.18 0.229828 -0.114914 -9.61448 0.398405 -0.0622134 9.93499 -0.00595593 -0.0878119 0.0465785
2352.2 0.0766094 -0.0766094 -9.65278 0.393619 -0.0634098 9.9314 -0.00824668 -0.0841467 0.0482583
2352.21 0.114914 -0.0383047 -9.61448 0.375673 -0.0681954 9.93021 -0.00503964 -0.0910189 0.0467312
2352.23 0.229828 -0.0766094 -9.72939 0.351745 -0.0825523 9.92782 -0.00778853 -0.0862847 0.047342
2352.24 0.153219 -0.0766094 -9.72939 0.352941 -0.0837488 9.91944 -0.00458149 -0.0899499 0.0461203
2352.26 0.0 -0.0766094 -9.92091 0.344566 -0.104088 9.92423 0.0 -0.0992656 0.0436769
2352.28 0.268133 -0.0766094 -9.8443 0.332602 -0.113659 9.92423 -0.00626137 -0.0875064 0.0474948
2352.29 0.229828 -0.0766094 -9.72939 0.330209 -0.119641 9.93021 -0.00687223 -0.0878119 0.0458149
2352.31 0.268133 -0.114914 -9.69109 0.334995 -0.106481 9.9314 -0.00778853 -0.0847575 0.0488692
2352.33 0.344742 -0.0383047 -9.69109 0.315852 -0.116052 9.92184 -0.00290161 -0.0928515 0.0447459
2352.34 0.229828 -0.229828 -9.92091 0.311067 -0.12323 9.93021 -0.00641408 -0.0878119 0.0458149
2352.36 0.229828 -0.0383047 -9.99752 0.315852 -0.133998 9.91585 -0.00549779 -0.0875064 0.047342
2352.38 0.191523 -0.114914 -9.72939 0.325424 -0.125623 9.94098 -0.00397062 -0.0876591 0.0461203
2352.39 0.153219 0.0 -10.1507 0.32662 -0.119641 9.93021 -0.0018326 -0.0948368 0.0432187
2352.41 0.191523 -0.153219 -9.61448 0.327816 -0.116052 9.9326 0.000458149 -0.098502 0.0424551
2352.42 0.191523 -0.0383047 -9.95922 0.338584 -0.104088 9.92543 -0.00534507 -0.0897971 0.0467312
2352.44 0.268133 -0.0383047 -9.61448 0.321834 -0.112463 9.93499 -0.00351247 -0.0916298 0.0435241
2352.45 0.229828 -0.114914 -9.72939 0.346959 -0.087338 9.92662 0.0 -0.096364 0.0438296
2352.47 0.268133 0.0 -9.806 0.363709 -0.0921237 9.9338 -0.000305433 -0.0954477 0.043066
2352.49 0.191523 0.0 -9.92091 0.367298 -0.0777667 9.92543 -0.00290161 -0.0926988 0.0448986
2352.5 0.229828 -0.0766094 -9.65278 0.384048 -0.0705882 9.92782 -0.00519235 -0.0894917 0.0459676
2352.52 0.229828 -0.0383047 -9.76769 0.397208 -0.0502493 9.92782 -0.000305433 -0.0965167 0.0426078
2352.54 0.268133 0.0383047 -9.8443 0.41994 -0.0502493 9.92423 -0.00229074 -0.0899499 0.0459676
2352.55 0.229828 -0.0383047 -9.92091 0.422333 -0.0442672 9.93499 -0.000305433 -0.0969748 0.0438296
2352.57 0.114914 0.0 -9.806 0.437886 -0.0394815 9.92782 -0.00412334 -0.0890336 0.0456622
2352.59 0.191523 0.0 -9.76769 0.439083 -0.0299103 9.92064 -0.00488692 -0.0896445 0.0464257
2352.6 0.153219 -0.0766094 -9.65278 0.431904 -0.0370887 9.9326 -0.00351247 -0.0878119 0.0453567
2352.62 0.268133 -0.114914 -9.49956 0.416351 -0.0382852 9.92662 -0.00412334 -0.090408 0.0442877
2352.64 0.229828 0.0 -9.69109 0.422333 -0.0346959 9.92303 -0.00549779 -0.0876591 0.0478002
2352.66 0.191523 0.0383047 -9.806 0.416351 -0.0287139 9.91227 -0.00549779 -0.08827 0.0458149
2352.67 0.0766094 -0.0766094 -9.57617 0.418744 -0.0311067 9.92184 -0.00427606 -0.0911716 0.0471893
2352.69 0.268133 0.0383047 -9.76769 0.421137 -0.0382852 9.9338 -0.00626137 -0.0881173 0.0465785
2352.7 0.191523 0.0383047 -9.65278 0.398405 -0.0442672 9.9338 -0.00366519 -0.090408 0.0444404
2352.72 0.191523 0.0 -9.65278 0.380459 -0.04666 9.92064 -0.0056505 -0.0901026 0.0448986
2352.74 0.0766094 -0.153219 -9.8443 0.380459 -0.0705882 9.94576 -0.00335976 -0.0925461 0.0455095
2352.75 0.229828 0.0 -9.72939 0.362513 -0.0729811 9.92184 -0.00687223 -0.0876591 0.0474948
2352.77 0.191523 0.0 -9.72939 0.345763 -0.0825523 9.94815 -0.00488692 -0.0913243 0.0464257
2352.79 0.306437 -0.0766094 -9.65278 0.333799 -0.0825523 9.94457 -0.00641408 -0.0884227 0.0450513
2352.8 0.344742 0.0 -9.57617 0.333799 -0.0969093 9.93619 -0.00626137 -0.0856738 0.0461203
2352.82 0.229828 -0.0766094 -9.65278 0.325424 -0.105284 9.93499 -0.00610865 -0.090408 0.0455095
2352.84 0.306437 -0.114914 -9.61448 0.320638 -0.122034 9.94935 -0.0074831 -0.0873537 0.0470366
2352.85 0.191523 -0.114914 -10.1124 0.302692 -0.102891 9.9326 -0.0056505 -0.0875064 0.0455095
2352.87 0.191523 -0.0383047 -9.8443 0.29671 -0.105284 9.93499 -0.00442877 -0.0897971 0.0479529
2352.89 0.153219 -0.191523 -9.76769 0.301496 -0.108873 9.94337 -0.00351247 -0.091477 0.0450513
2352.9 0.229828 -0.0383047 -9.65278 0.308674 -0.125623 9.94696 -0.00626137 -0.0859793 0.0474948
2352.92 0.229828 -0.0766094 -9.8443 0.307478 -0.107677 9.92901 -0.00290161 -0.0948368 0.0461203
2352.94 0.268133 -0.0383047 -9.61448 0.323031 -0.0993021 9.92423 -0.00290161 -0.0957531 0.0447459
2352.95 0.191523 0.0 -9.61448 0.344566 -0.108873 9.91107 -0.00473421 -0.0890336 0.046273
2352.97 0.306437 -0.0766094 -9.92091 0.367298 -0.0981057 9.94457 -0.00427606 -0.090408 0.0461203
2352.99 0.114914 -0.114914 -9.76769 0.37328 -0.101695 9.92782 -0.00519235 -0.0897971 0.0461203
2353.0 0.0383047 -0.191523 -9.61448 0.382851 -0.0945165 9.94576 -0.00503964 -0.090408 0.0459676
2353.02 0.191523 0.0383047 -9.95922 0.369691 -0.0945165 9.93021 -0.00290161 -0.0930042 0.0455095
2353.04 0.114914 -0.0766094 -9.72939 0.405583 -0.0801595 9.9314 -0.000305433 -0.0948368 0.044135
2353.05 0.114914 -0.114914 -9.72939 0.409173 -0.0658026 9.91824 -0.00335976 -0.0919352 0.0476475
2353.07 0.153219 -0.0383047 -9.806 0.413958 -0.0562313 9.92423 -0.00259618 -0.0931569 0.0433714
2353.09 0.229828 0.0383047 -9.57617 0.411565 -0.0550349 9.92303 -0.0018326 -0.0922406 0.0429133
2353.1 0.0383047 0.0766094 -9.61448 0.431904 -0.0430708 9.92662 -0.00351247 -0.0902553 0.0445931
2353.12 0.191523 -0.153219 -9.57617 0.441475 -0.0418744 9.92782 -0.00320704 -0.0939205 0.041997
2353.14 0.114914 0.0766094 -9.65278 0.425922 -0.0442672 9.95055 0.000458149 -0.0962113 0.0429133
2353.15 0.153219 0.0383047 -9.76769 0.441475 -0.0334995 9.92184 -0.00442877 -0.0891863 0.0442877
2353.17 0.229828 0.0 -9.72939 0.445065 -0.0275174 9.91824 -0.00152716 -0.0916298 0.0445931
2353.18 0.0766094 0.0383047 -9.76769 0.439083 -0.0346959 9.92184 -0.00442877 -0.0908662 0.0453567
2353.2 0.191523 0.0 -9.8443 0.418744 -0.0346959 9.93021 -0.00381791 -0.0897971 0.0465785
2353.21 0.268133 -0.0383047 -9.65278 0.41994 -0.0442672 9.9326 -0.00442877 -0.0887282 0.0447459
2353.79 0.268133 -0.114914 -9.57617 0.397208 -0.061017 9.92423 -0.00595593 -0.0884227 0.0447459
2353.81 -0.0383047 -0.114914 -10.0358 0.391226 -0.0538385 9.92782 -0.00641408 -0.0853684 0.0444404
2353.82 0.229828 -0.114914 -9.69109 0.372084 -0.0777667 9.94218 -0.00381791 -0.0907135 0.0444404
2353.84 0.306437 -0.0766094 -9.76769 0.362513 -0.0741775 9.92543 -0.00641408 -0.0858265 0.0465785
2353.86 0.191523 -0.0383047 -9.57617 0.337388 -0.0909272 9.93739 -0.00412334 -0.0910189 0.0455095
2353.87 0.0766094 -0.0383047 -9.65278 0.338584 -0.0885344 9.94576 -0.00503964 -0.0879646 0.0438296
2353.89 0.229828 -0.0766094 -9.72939 0.31346 -0.108873 9.93739 -0.00488692 -0.0919352 0.0447459
2353.91 0.268133 -0.153219 -9.69109 0.302692 -0.09332 9.9338 -0.00534507 -0.089339 0.0450513
2353.92 0.268133 0.0766094 -9.53786 0.30987 -0.105284 9.9338 -0.00580322 -0.0858265 0.0484111
2353.94 0.191523 0.0 -9.30804 0.312263 -0.102891 9.93978 -0.00473421 -0.0879646 0.0455095
2353.96 0.153219 -0.153219 -9.65278 0.289531 -0.107677 9.92184 -0.00427606 -0.0911716 0.0450513
2353.97 0.229828 -0.229828 -9.69109 0.295514 -0.100499 9.94098 -0.00137445 -0.0954477 0.0439823
2353.99 0.229828 -0.0383047 -9.8443 0.314656 -0.107677 9.93859 -0.00427606 -0.090408 0.0461203
2354.01 0.306437 -0.114914 -9.95922 0.318245 -0.101695 9.9326 -0.00412334 -0.0913243 0.0453567
2354.02 0.268133 -0.0766094 -9.72939 0.324227 -0.116052 9.94457 -0.00381791 -0.0939205 0.0471893
2354.04 0.268133 -0.0383047 -9.61448 0.336191 -0.11007 9.93021 -0.00229074 -0.0917825 0.0448986
2354.06 0.268133 -0.0766094 -9.46126 0.346959 -0.0981057 9.93978 -0.00290161 -0.0910189 0.0447459
2354.07 0.229828 0.0 -9.49956 0.351745 -0.09332 9.92543 0.000305433 -0.0931569 0.045204
2354.09 0.344742 -0.0766094 -9.72939 0.36012 -0.0825523 9.92064 -0.00244346 -0.0945314 0.045204
2354.11 0.153219 -0.0766094 -9.76769 0.384048 -0.0705882 9.93739 -0.00198531 -0.0949895 0.0459676
2354.12 0.344742 0.0766094 -9.69109 0.40678 -0.066999 9.92543 -0.00106901 -0.0971275 0.0445931
2354.14 0.153219 0.0383047 -9.65278 0.397208 -0.0622134 9.91944 0.000763581 -0.0978911 0.0424551
2354.16 -0.0383047 -0.0766094 -9.61448 0.427119 -0.0418744 9.9314 -0.00427606 -0.090408 0.046273
2354.17 0.114914 0.0766094 -9.8443 0.431904 -0.0454636 9.9314 -0.00152716 -0.096364 0.0456622
2354.19 0.114914 -0.0383047 -9.49956 0.425922 -0.0454636 9.92423 -0.00320704 -0.0917825 0.0453567
2354.2 0.191523 0.0 -9.61448 0.445065 -0.040678 9.92662 -0.00229074 -0.0954477 0.0436769
2354.22 0.229828 0.0 -9.72939 0.451047 -0.0382852 9.92901 -0.00442877 -0.0902553 0.0468839
2354.24 0.153219 -0.0383047 -9.61448 0.447458 -0.0418744 9.92543 -0.00381791 -0.0916298 0.0455095
2354.25 0.229828 -0.0766094 -10.1507 0.433101 -0.0478564 9.92423 -0.00137445 -0.0946841 0.0429133
2354.27 0.191523 -0.114914 -9.76769 0.429512 -0.04666 9.92303 -0.00381791 -0.0923933 0.0448986
2354.29 0.0766094 -0.0383047 -9.69109 0.418744 -0.0574277 9.93499 -0.00427606 -0.0894917 0.0461203
2354.3 0.0766094 -0.0383047 -9.69109 0.410369 -0.0574277 9.9338 -0.00229074 -0.0922406 0.043066
2354.32 0.268133 -0.0383047 -9.57617 0.410369 -0.066999 9.92303 -0.00626137 -0.085063 0.0455095
2354.34 0.344742 -0.0766094 -9.69109 0.409173 -0.0765703 9.92303 -0.00687223 -0.0878119 0.0453567
2354.35 0.268133 0.0383047 -9.806 0.386441 -0.0693918 9.9314 -0.00427606 -0.0894917 0.044135
2354.37 0.191523 -0.153219 -9.69109 0.376869 -0.0705882 9.93978 -0.00427606 -0.0887282 0.0453567
2354.39 0.114914 -0.191523 -9.65278 0.354138 -0.0801595 9.92901 -0.00626137 -0.0852157 0.0445931
2354.41 0.229828 -0.153219 -9.61448 0.339781 -0.0837488 9.94337 -0.00412334 -0.0894917 0.0442877
2354.42 0.229828 -0.114914 -9.57617 0.324227 -0.087338 9.91944 -0.00274889 -0.0894917 0.0436769
2354.44 0.268133 -0.114914 -9.76769 0.320638 -0.113659 9.9314 -0.00641408 -0.0881173 0.0459676
2354.45 0.268133 -0.0766094 -9.69109 0.29671 -0.108873 9.93859 -0.00458149 -0.0873537 0.0450513
2354.47 0.383047 -0.0383047 -9.65278 0.307478 -0.107677 9.9338 -0.00122173 -0.0951423 0.0418443
2354.48 0.191523 -0.0383047 -9.76769 0.289531 -0.113659 9.93021 -0.00702495 -0.0907135 0.0465785
2354.5 0.229828 -0.191523 -9.72939 0.27996 -0.125623 9.93978 -0.00473421 -0.0902553 0.0445931
2354.52 0.306437 0.0383047 -10.0358 0.290728 -0.12323 9.93499 -0.00320704 -0.0946841 0.0427606
2354.53 0.229828 -0.191523 -9.806 0.311067 -0.101695 9.94218 -0.00335976 -0.0942259 0.043066
2354.55 0.268133 -0.0766094 -9.61448 0.305085 -0.0957129 9.92662 -0.00244346 -0.0937678 0.0455095
2354.57 0.191523 -0.114914 -9.46126 0.30987 -0.09332 9.92662 -0.00351247 -0.0913243 0.046273
2354.58 0.229828 -0.0766094 -9.69109 0.321834 -0.0789631 9.91346 -0.00549779 -0.090408 0.0478002
2354.6 0.0383047 -0.114914 -9.69109 0.352941 -0.0837488 9.94098 -0.00106901 -0.0945314 0.0455095
2354.62 0.229828 -0.0766094 -9.76769 0.34337 -0.0717846 9.92303 -0.000610865 -0.099571 0.0467312
2354.63 0.191523 -0.0383047 -9.99752 0.358923 -0.0658026 9.94098 -0.00351247 -0.0910189 0.0474948
2354.65 0.191523 -0.0383047 -9.69109 0.384048 -0.0514457 9.92423 -0.00442877 -0.0923933 0.0474948
2354.67 0.191523 -0.153219 -9.76769 0.397208 -0.0622134 9.91346 -0.00137445 -0.0939205 0.0438296
2354.68 0.306437 -0.114914 -9.69109 0.418744 -0.0526421 9.93859 -0.00137445 -0.0946841 0.0453567
2354.7 0.191523 -0.0383047 -9.46126 0.439083 -0.061017 9.93619 -0.000305433 -0.0975857 0.0461203
2354.72 0.153219 -0.0766094 -9.65278 0.446261 -0.0442672 9.92662 -0.00534507 -0.0920879 0.0470366
2354.73 0.114914 -0.0383047 -9.57617 0.443868 -0.0430708 9.92064 -0.00229074 -0.0936151 0.0450513
2354.75 0.0766094 -0.0383047 -10.189 0.459422 -0.0370887 9.9314 -0.00733038 -0.0859793 0.0481056
2354.77 0.0 -0.0383047 -9.61448 0.459422 -0.0430708 9.9314 -0.00488692 -0.0925461 0.0453567
2354.78 0.0383047 -0.0383047 -9.72939 0.461814 -0.0334995 9.91824 -0.00519235 -0.0902553 0.0438296
2354.8 0.153219 -0.0766094 -9.8443 0.451047 -0.0442672 9.93021 -0.00213803 -0.0931569 0.0438296
2354.82 0.229828 -0.0766094 -9.69109 0.455832 -0.0514457 9.94457 -0.00641408 -0.089339 0.0445931
2354.83 0.153219 -0.114914 -9.65278 0.448654 -0.0490528 9.94696 -0.00503964 -0.0917825 0.0436769
2354.85 0.153219 -0.0383047 -9.69109 0.421137 -0.061017 9.91944 -0.00595593 -0.0894917 0.0453567
2354.87 0.229828 -0.0766094 -9.95922 0.397208 -0.0837488 9.9338 -0.00503964 -0.0879646 0.0465785
2354.88 0.191523 0.0 -9.8443 0.380459 -0.0861416 9.93619 -0.00381791 -0.0878119 0.0450513
2354.9 0.306437 0.0 -9.69109 0.372084 -0.0909272 9.93499 -0.00366519 -0.090408 0.0447459
2354.92 0.268133 -0.0383047 -9.76769 0.35653 -0.101695 9.94337 -0.0074831 -0.0858265 0.0476475
2354.93 0.191523 -0.0766094 -9.99752 0.325424 -0.104088 9.93619 -0.00458149 -0.0876591 0.0445931
2354.95 0.229828 -0.114914 -9.92091 0.307478 -0.108873 9.93021 -0.00488692 -0.0885754 0.0448986
2354.96 0.268133 -0.0766094 -9.72939 0.29671 -0.104088 9.93739 -0.0056505 -0.0887282 0.0442877
2354.98 0.229828 -0.114914 -9.76769 0.294317 -0.106481 9.93859 -0.00259618 -0.0902553 0.0450513
2355.0 0.191523 -0.0766094 -9.34634 0.283549 -0.111266 9.93619 -0.00549779 -0.08827 0.0450513
2355.01 0.229828 -0.0766094 -9.65278 0.271585 -0.108873 9.93739 -0.00488692 -0.0897971 0.0458149
2355.03 0.191523 -0.229828 -9.69109 0.273978 -0.100499 9.94098 0.0 -0.0954477 0.0427606
2355.05 0.306437 -0.0766094 -9.72939 0.277567 -0.106481 9.94457 -0.00442877 -0.0923933 0.0468839
2355.06 0.421352 -0.0766094 -9.95922 0.281157 -0.113659 9.92782 -0.00519235 -0.0901026 0.0470366
2355.08 0.344742 0.0383047 -9.69109 0.312263 -0.0921237 9.94576 -0.00137445 -0.0949895 0.0455095
2355.1 0.268133 0.0 -9.72939 0.30987 -0.0813559 9.9338 -0.00320704 -0.0936151 0.0456622
2355.11 0.344742 -0.114914 -9.76769 0.321834 -0.0825523 9.91944 -0.00335976 -0.0930042 0.0470366
2355.13 0.153219 -0.0766094 -9.57617 0.349352 -0.0789631 9.94337 -0.00259618 -0.0951423 0.0467312
2355.15 0.268133 0.0 -9.76769 0.346959 -0.061017 9.93499 -0.0018326 -0.0969748 0.0453567
2355.16 0.268133 0.0383047 -9.34634 0.372084 -0.0634098 9.92184 -0.00320704 -0.0917825 0.0455095
2355.18 0.153219 0.0 -9.806 0.379262 -0.0538385 9.91705 -0.000763581 -0.0962113 0.0447459
2355.2 0.114914 -0.0383047 -9.69109 0.415155 -0.04666 9.91346 -0.00503964 -0.0879646 0.0487165
2355.21 0.0383047 -0.0383047 -9.72939 0.433101 -0.0442672 9.92303 -0.00244346 -0.0959058 0.0464257
2355.23 0.114914 0.0 -9.72939 0.430708 -0.0382852 9.91824 -0.00381791 -0.0925461 0.0476475
2355.25 0.0383047 0.0766094 -9.46126 0.464207 -0.0299103 9.92782 -0.00503964 -0.0902553 0.0467312
2355.26 0.0383047 -0.0383047 -9.42295 0.448654 -0.0514457 9.9326 -0.00442877 -0.089339 0.045204
2355.28 0.114914 -0.0383047 -9.76769 0.458225 -0.0358923 9.92423 -0.00366519 -0.0917825 0.0447459
2355.29 0.153219 -0.0766094 -9.72939 0.457029 -0.0454636 9.92662 -0.00244346 -0.090408 0.0445931
2355.31 0.191523 -0.0766094 -9.72939 0.471386 -0.0478564 9.94337 -0.00351247 -0.0931569 0.0455095
2355.33 0.0383047 0.0 -9.65278 0.458225 -0.0562313 9.91346 -0.00412334 -0.0919352 0.0450513
2355.34 0.0 -0.114914 -9.65278 0.440279 -0.0490528 9.91944 -0.00427606 -0.090408 0.0447459
2355.36 0.153219 -0.0766094 -9.53786 0.422333 -0.066999 9.92901 -0.00335976 -0.0931569 0.0435241
2355.38 0.153219 -0.0383047 -9.76769 0.394816 -0.0586241 9.92423 -0.00671952 -0.0884227 0.046273
2355.39 0.229828 -0.191523 -9.72939 0.407976 -0.0681954 9.91824 -0.00229074 -0.0901026 0.0442877
2355.41 0.153219 -0.153219 -9.69109 0.386441 -0.0765703 9.93619 -0.0074831 -0.0864374 0.0459676
2355.42 0.229828 -0.0766094 -10.2273 0.39003 -0.0957129 9.94576 -0.00549779 -0.0891863 0.0444404
2355.44 0.191523 -0.0766094 -9.72939 0.336191 -0.0945165 9.9314 -0.00687223 -0.0846048 0.0461203
2355.46 0.459656 -0.114914 -9.61448 0.330209 -0.107677 9.92543 -0.00794125 -0.0841467 0.0464257
2355.47 0.153219 -0.153219 -9.806 0.30987 -0.0969093 9.92901 -0.00274889 -0.08827 0.0442877
2355.49 0.344742 -0.0383047 -9.806 0.295514 -0.104088 9.93859 -0.00641408 -0.0823141 0.0482583
2355.51 0.306437 -0.114914 -9.69109 0.282353 -0.116052 9.94696 -0.00733038 -0.0838412 0.0481056
2355.52 0.114914 0.0383047 -9.65278 0.276371 -0.128016 9.92543 -0.00335976 -0.091477 0.0450513
2355.54 0.344742 -0.191523 -9.72939 0.264407 -0.12323 9.92303 -0.00274889 -0.0916298 0.0458149
2355.56 0.306437 -0.0766094 -9.72939 0.282353 -0.120837 9.93978 -0.0018326 -0.0949895 0.0445931
2355.57 0.344742 -0.114914 -9.65278 0.290728 -0.112463 9.93739 -0.00244346 -0.0934624 0.044135
2355.59 0.191523 -0.114914 -9.69109 0.276371 -0.11007 9.94815 -0.00244346 -0.0925461 0.0433714
2355.61 0.229828 -0.0766094 -9.65278 0.307478 -0.0981057 9.9338 -0.00213803 -0.0959058 0.0447459
2355.62 0.268133 -0.0766094 -9.72939 0.32662 -0.0789631 9.93021 -0.00137445 -0.096364 0.0432187
2355.64 0.229828 -0.0766094 -9.76769 0.340977 -0.0741775 9.9338 -0.00106901 -0.097433 0.0433714
2355.66 0.383047 0.0383047 -9.99752 0.352941 -0.0753739 9.93499 -0.00320704 -0.091477 0.0461203
2355.67 0.306437 -0.0383047 -9.38465 0.375673 -0.0562313 9.92423 -0.00397062 -0.0913243 0.0481056
2355.69 0.229828 -0.0383047 -9.806 0.367298 -0.0574277 9.92303 -0.00106901 -0.0966694 0.0432187
2355.7 0.306437 -0.0383047 -9.88261 0.388834 -0.0502493 9.92303 -0.00595593 -0.0879646 0.047342
2355.72 0.114914 0.0 -9.49956 0.413958 -0.0514457 9.93619 -0.00412334 -0.0930042 0.0453567
2355.74 0.0383047 -0.0383047 -9.69109 0.421137 -0.0502493 9.92303 -0.00244346 -0.0943787 0.0461203
2355.75 0.0766094 -0.0766094 -9.92091 0.42353 -0.04666 9.92303 -0.00610865 -0.0890336 0.0479529
2355.77 0.0766094 -0.0383047 -9.61448 0.440279 -0.0454636 9.91585 -0.00626137 -0.0853684 0.0482583
2355.79 0.191523 0.0383047 -9.49956 0.454636 -0.0346959 9.92423 -0.00488692 -0.0902553 0.0470366
2355.8 0.153219 -0.0383047 -9.76769 0.468993 -0.0382852 9.9338 -0.00610865 -0.0902553 0.0465785
2355.82 0.0766094 -0.0383047 -9.76769 0.473779 -0.040678 9.9314 -0.00366519 -0.0908662 0.045204
2355.84 0.153219 -0.0383047 -9.61448 0.452243 -0.0430708 9.92901 -0.00427606 -0.0913243 0.045204
2355.85 0.153219 0.0 -9.806 0.458225 -0.0370887 9.92782 -0.00366519 -0.089339 0.0458149
2355.87 0.191523 -0.0766094 -9.806 0.430708 -0.0562313 9.92303 -0.00335976 -0.0928515 0.0429133
2355.89 0.0383047 -0.0383047 -9.65278 0.425922 -0.0502493 9.92303 -0.00641408 -0.0838412 0.046273
2355.9 0.306437 0.0 -9.88261 0.403191 -0.0837488 9.9326 -0.00458149 -0.0911716 0.0447459
2355.92 0.0766094 0.0383047 -9.72939 0.387637 -0.066999 9.9326 -0.00381791 -0.0931569 0.0456622
2355.94 0.0383047 0.0383047 -9.69109 0.364905 -0.0897308 9.93978 -0.00290161 -0.0902553 0.0436769
2355.95 0.191523 -0.153219 -9.88261 0.354138 -0.0837488 9.9338 -0.0065668 -0.0878119 0.044135
2355.97 0.191523 -0.0766094 -9.69109 0.327816 -0.0945165 9.9314 -0.0056505 -0.0888809 0.0444404
2355.98 0.268133 0.0383047 -9.53786 0.329013 -0.107677 9.9326 -0.00503964 -0.0887282 0.0455095
2356.0 0.344742 -0.229828 -9.38465 0.324227 -0.120837 9.93499 -0.0056505 -0.086132 0.0458149
2356.02 0.306437 -0.114914 -9.76769 0.318245 -0.125623 9.94696 -0.00580322 -0.0884227 0.0435241
2356.03 0.229828 -0.0383047 -9.76769 0.314656 -0.114855 9.9326 -0.00595593 -0.0873537 0.0442877
2356.05 0.268133 -0.0766094 -9.53786 0.306281 -0.112463 9.93978 -0.00458149 -0.0873537 0.0453567
2356.07 0.421352 -0.153219 -9.34634 0.288335 -0.122034 9.92901 -0.00305432 -0.0913243 0.0444404
2356.08 0.191523 -0.0383047 -9.65278 0.294317 -0.125623 9.93978 -0.00351247 -0.0902553 0.044135
2356.1 0.229828 -0.0766094 -9.72939 0.287139 -0.117248 9.93499 -0.00274889 -0.0949895 0.0447459
2356.12 0.191523 -0.114914 -9.72939 0.29671 -0.111266 9.92782 -0.00167988 -0.0926988 0.0438296
2356.13 0.268133 -0.153219 -9.57617 0.305085 -0.11007 9.9326 -0.00427606 -0.090408 0.0448986
2356.15 0.268133 -0.0766094 -9.65278 0.315852 -0.0993021 9.9326 0.000916298 -0.0972803 0.0421497
2356.17 0.191523 -0.0766094 -9.65278 0.337388 -0.0969093 9.92303 -0.00137445 -0.095295 0.0456622
2356.18 0.191523 -0.0766094 -9.69109 0.36012 -0.0885344 9.94815 -0.00167988 -0.0943787 0.0456622
2356.2 0.229828 0.0 -9.8443 0.369691 -0.0741775 9.9338 -0.00534507 -0.0894917 0.0456622
2356.22 0.229828 -0.0383047 -9.69109 0.394816 -0.066999 9.9314 -0.00335976 -0.0908662 0.0464257
2356.23 0.191523 0.0 -9.72939 0.412762 -0.0502493 9.93021 -0.00198531 -0.0937678 0.0442877
2356.25 0.153219 0.0 -9.8443 0.416351 -0.0526421 9.94098 -0.00442877 -0.0875064 0.0461203
2356.27 0.0766094 0.0 -9.92091 0.447458 -0.0490528 9.94218 -0.00290161 -0.090408 0.045204
2356.28 0.114914 0.0 -9.806 0.452243 -0.0394815 9.9326 -0.000305433 -0.0960585 0.0448986
2356.3 0.114914 -0.0383047 -9.69109 0.42353 -0.0478564 9.92423 -0.00335976 -0.0901026 0.0432187
2356.32 0.191523 0.0766094 -9.69109 0.443868 -0.0311067 9.91585 -0.00626137 -0.0896445 0.044135
2356.33 0.344742 0.0383047 -9.8443 0.443868 -0.0323031 9.92303 -0.00702495 -0.0870483 0.0476475
2356.35 0.0383047 0.114914 -9.65278 0.440279 -0.0418744 9.93499 -0.00534507 -0.0881173 0.0476475
2356.37 0.0 -0.0766094 -9.76769 0.421137 -0.0442672 9.92064 -0.00671952 -0.0878119 0.046273
2356.38 0.153219 0.0 -9.76769 0.446261 -0.0358923 9.9326 -0.00320704 -0.090408 0.0432187
2356.4 0.229828 -0.0766094 -9.76769 0.430708 -0.04666 9.92423 -0.00595593 -0.0890336 0.0448986
2356.42 0.344742 -0.114914 -9.72939 0.413958 -0.0634098 9.92184 -0.00335976 -0.0902553 0.0445931
2356.43 0.306437 0.0383047 -9.65278 0.396012 -0.0514457 9.92303 -0.00152716 -0.0916298 0.044135
2356.45 0.229828 -0.0383047 -9.76769 0.378066 -0.0646062 9.92064 -0.0056505 -0.0881173 0.0444404
2356.46 0.383047 0.0 -9.72939 0.384048 -0.0598205 9.92543 -0.00442877 -0.0896445 0.044135
2356.48 0.229828 -0.0383047 -9.61448 0.344566 -0.0729811 9.9326 -0.00305432 -0.0916298 0.0435241
2356.5 0.383047 -0.153219 -9.806 0.305085 -0.0921237 9.92662 -0.00549779 -0.0862847 0.0456622
2356.52 0.229828 -0.0766094 -9.69109 0.311067 -0.0897308 9.9326 -0.00580322 -0.089339 0.046273
2356.53 0.229828 -0.0766094 -9.69109 0.302692 -0.0945165 9.93499 -0.00503964 -0.0890336 0.0444404
2356.55 0.153219 -0.153219 -9.69109 0.300299 -0.107677 9.92782 -0.00626137 -0.087201 0.046273
2356.57 0.344742 -0.153219 -9.65278 0.300299 -0.119641 9.94696 -0.00534507 -0.0894917 0.0474948
2356.58 0.344742 -0.0383047 -9.72939 0.294317 -0.117248 9.93978 -0.00198531 -0.0907135 0.0448986
2356.6 0.229828 0.0766094 -9.88261 0.29671 -0.12682 9.93499 -0.00488692 -0.0905607 0.0470366
2356.61 0.268133 -0.0766094 -9.69109 0.306281 -0.11007 9.93021 -0.00442877 -0.0902553 0.0481056
2356.63 0.268133 -0.306437 -9.806 0.314656 -0.116052 9.93859 -0.00671952 -0.0884227 0.0482583
2356.65 0.268133 -0.0383047 -9.49956 0.324227 -0.113659 9.9338 -0.00626137 -0.08827 0.0481056
2356.66 0.153219 -0.0766094 -9.65278 0.334995 -0.104088 9.92901 -0.0018326 -0.0968221 0.0455095
2356.68 0.191523 -0.0766094 -9.61448 0.334995 -0.0945165 9.91466 -0.00122173 -0.0977384 0.044135
2356.7 0.0766094 0.0 -9.57617 0.342173 -0.102891 9.93021 -0.00122173 -0.0945314 0.0445931
2356.71 0.191523 0.0 -10.1124 0.352941 -0.0909272 9.92303 -0.00351247 -0.0925461 0.0464257
2356.73 0.191523 -0.191523 -9.72939 0.367298 -0.0861416 9.93499 -0.00427606 -0.0913243 0.0456622
2356.75 0.191523 -0.114914 -9.806 0.409173 -0.0705882 9.92782 -0.00198531 -0.0940732 0.0435241
2356.76 0.153219 0.0766094 -9.99752 0.410369 -0.0681954 9.92662 -0.00488692 -0.0888809 0.0467312
2356.78 0.114914 -0.114914 -9.806 0.435494 -0.0646062 9.93619 -0.00106901 -0.0937678 0.0433714
2356.8 0.153219 0.0 -9.65278 0.422333 -0.0514457 9.92303 -0.00397062 -0.0919352 0.0453567
2356.81 0.114914 -0.0766094 -9.72939 0.445065 -0.04666 9.93739 -0.00503964 -0.0868956 0.0470366
2356.83 0.114914 -0.0383047 -9.76769 0.44985 -0.0394815 9.92543 -0.00427606 -0.0916298 0.0438296
2356.84 0.0383047 -0.0383047 -9.46126 0.437886 -0.0430708 9.91824 -0.00366519 -0.089339 0.0459676
2356.86 0.114914 -0.0383047 -9.61448 0.446261 -0.040678 9.92782 -0.00198531 -0.089339 0.0445931
2356.88 0.0383047 0.0 -9.69109 0.446261 -0.0299103 9.92782 -0.00717767 -0.0856738 0.0455095
2356.89 0.153219 -0.0383047 -9.61448 0.431904 -0.04666 9.93499 -0.00580322 -0.0879646 0.045204
2356.91 0.191523 -0.0766094 -9.65278 0.434297 -0.0454636 9.94576 -0.0056505 -0.0908662 0.044135
2356.93 0.191523 -0.114914 -9.69109 0.421137 -0.0418744 9.93619 -0.00229074 -0.0931569 0.0429133
2356.95 0.229828 -0.153219 -9.61448 0.388834 -0.040678 9.91585 -0.00458149 -0.0894917 0.045204
2356.96 0.268133 -0.153219 -9.49956 0.374477 -0.0526421 9.9326 -0.00397062 -0.0920879 0.0435241
2356.98 0.268133 -0.0383047 -9.57617 0.369691 -0.0550349 9.93739 -0.0056505 -0.0908662 0.0470366
2356.99 0.344742 -0.0766094 -9.46126 0.369691 -0.0646062 9.92901 -0.0074831 -0.086132 0.0464257
2357.01 0.344742 -0.114914 -9.69109 0.354138 -0.066999 9.9326 -0.00855211 -0.0832304 0.0476475
2357.02 0.229828 -0.153219 -9.69109 0.349352 -0.0789631 9.93021 -0.0056505 -0.0884227 0.0467312
2357.04 0.383047 0.0 -9.99752 0.331406 -0.0921237 9.92064 -0.00442877 -0.0891863 0.044135
2357.06 0.344742 -0.0383047 -9.76769 0.324227 -0.100499 9.93499 -0.0065668 -0.085063 0.0484111
2357.07 0.268133 -0.0383047 -9.72939 0.311067 -0.0969093 9.93619 -0.00397062 -0.0926988 0.0450513
2357.09 0.229828 -0.0383047 -9.65278 0.288335 -0.105284 9.93021 -0.00733038 -0.0864374 0.0467312
2357.11 0.229828 -0.0383047 -9.806 0.27996 -0.11007 9.93499 -0.00351247 -0.091477 0.0444404
2357.12 0.268133 -0.114914 -9.65278 0.285942 -0.119641 9.93021 -0.00809396 -0.0838412 0.0484111
2357.14 0.306437 -0.0383047 -9.69109 0.299103 -0.114855 9.9314 -0.00671952 -0.0873537 0.0485638
2357.16 0.114914 -0.0766094 -9.8443 0.311067 -0.105284 9.92543 -0.00259618 -0.0923933 0.0468839
2357.17 0.344742 -0.114914 -9.49956 0.305085 -0.107677 9.92423 -0.0018326 -0.0928515 0.0459676
2357.19 0.268133 -0.0766094 -9.8443 0.327816 -0.0993021 9.93619 -0.000152716 -0.099571 0.0427606
2357.21 0.153219 -0.191523 -9.65278 0.344566 -0.0861416 9.9326 -0.00442877 -0.0913243 0.0484111
2357.22 0.191523 -0.0766094 -9.46126 0.355334 -0.0981057 9.93619 -0.00244346 -0.0933096 0.0442877
2357.24 0.153219 -0.114914 -9.76769 0.368495 -0.0837488 9.91944 0.00244346 -0.101251 0.0418443
2357.26 0.421352 -0.114914 -9.72939 0.37328 -0.0705882 9.93021 -0.000916298 -0.0954477 0.0455095
2357.27 0.0 -0.0383047 -9.72939 0.387637 -0.0705882 9.92901 -0.00259618 -0.0925461 0.0439823
2357.29 0.229828 -0.229828 -9.69109 0.39003 -0.066999 9.93499 -0.00519235 -0.0887282 0.0453567
2357.31 0.153219 -0.0766094 -9.76769 0.424726 -0.0586241 9.92064 -0.00442877 -0.0910189 0.045204
2357.32 0.268133 0.0 -9.76769 0.431904 -0.0574277 9.92543 -0.00229074 -0.0948368 0.0447459
2357.34 0.229828 -0.0766094 -9.88261 0.437886 -0.061017 9.91705 -0.00442877 -0.0885754 0.0464257
2357.36 0.191523 0.114914 -9.76769 0.458225 -0.0454636 9.93739 -0.000610865 -0.0989602 0.0416915
2357.37 0.191523 0.0383047 -9.65278 0.44985 -0.0442672 9.9326 -0.00274889 -0.0911716 0.0455095
2357.39 0.229828 0.0383047 -9.69109 0.451047 -0.0418744 9.94098 -0.00320704 -0.0907135 0.0444404
2357.41 0.0766094 0.0 -9.65278 0.44985 -0.0442672 9.9314 -0.00610865 -0.0841467 0.0458149
2357.42 0.153219 -0.0383047 -9.57617 0.439083 -0.04666 9.9326 -0.00335976 -0.0923933 0.0439823
2357.44 0.0 -0.0383047 -9.65278 0.431904 -0.0454636 9.9326 -0.00320704 -0.0905607 0.0439823
2357.46 0.0766094 -0.114914 -9.61448 0.421137 -0.0490528 9.9338 -0.00503964 -0.0879646 0.0447459
2357.47 0.153219 -0.0766094 -9.95922 0.39003 -0.066999 9.92423 -0.00687223 -0.0853684 0.0467312
2357.49 0.229828 -0.0766094 -9.806 0.385244 -0.0681954 9.92901 -0.00641408 -0.0859793 0.0438296
2357.5 0.306437 -0.114914 -9.61448 0.380459 -0.0729811 9.92782 -0.00259618 -0.0908662 0.0426078
2357.52 0.191523 -0.0383047 -9.65278 0.367298 -0.0765703 9.93978 -0.00427606 -0.0891863 0.0450513
2357.54 0.191523 -0.153219 -9.57617 0.346959 -0.0777667 9.9326 -0.00366519 -0.0925461 0.043066
2357.55 0.268133 -0.0766094 -9.53786 0.346959 -0.0777667 9.94098 -0.00488692 -0.0890336 0.0450513
2357.57 0.229828 0.0383047 -9.76769 0.321834 -0.0789631 9.92064 -0.00671952 -0.0849102 0.045204
2357.59 0.229828 -0.153219 -9.57617 0.319442 -0.0885344 9.92303 -0.00412334 -0.090408 0.0455095
2357.6 0.191523 -0.0766094 -9.95922 0.312263 -0.0993021 9.92543 -0.00671952 -0.0875064 0.0470366
2357.62 0.229828 -0.0766094 -9.806 0.301496 -0.09332 9.93619 -0.00274889 -0.0933096 0.0439823
2357.63 0.344742 -0.114914 -9.95922 0.300299 -0.11007 9.92543 -0.00687223 -0.0864374 0.046273
2357.65 0.229828 -0.153219 -9.8443 0.294317 -0.11007 9.92782 -0.00534507 -0.0890336 0.0465785
2357.67 0.306437 -0.191523 -9.65278 0.287139 -0.106481 9.91466 -0.00381791 -0.0919352 0.0455095
2357.68 0.306437 -0.114914 -9.65278 0.302692 -0.11007 9.93021 -0.00473421 -0.0911716 0.0464257
2357.7 0.383047 -0.0383047 -9.76769 0.308674 -0.0981057 9.93859 -0.00442877 -0.0911716 0.0478002
2357.72 0.229828 -0.0766094 -9.65278 0.31346 -0.0957129 9.92423 -0.00534507 -0.0917825 0.0474948
2357.73 0.229828 -0.0766094 -9.72939 0.32662 -0.100499 9.92543 -0.00274889 -0.096364 0.0459676
2357.75 0.114914 0.0 -9.76769 0.323031 -0.0861416 9.92782 -0.00290161 -0.0931569 0.0450513
2357.77 0.191523 -0.0383047 -9.76769 0.350548 -0.087338 9.92662 -0.00305432 -0.090408 0.047342
2357.78 0.153219 -0.0766094 -9.88261 0.367298 -0.0753739 9.91705 -0.00427606 -0.0894917 0.0455095
2357.8 0.229828 -0.0766094 -9.69109 0.37328 -0.0765703 9.92423 -0.00458149 -0.0913243 0.0459676
2357.82 0.153219 0.0766094 -9.806 0.398405 -0.0634098 9.92064 0.0 -0.0983493 0.0424551
2357.83 0.0383047 0.0766094 -9.65278 0.401994 -0.0478564 9.92543 -0.000610865 -0.0968221 0.0445931
2357.85 0.114914 0.0 -9.88261 0.430708 -0.061017 9.92184 -0.00290161 -0.0949895 0.0459676
2357.87 0.191523 0.0383047 -9.8443 0.435494 -0.0490528 9.92184 -0.00198531 -0.095295 0.0459676
2357.88 0.229828 -0.114914 -9.61448 0.42353 -0.0586241 9.92423 -0.00122173 -0.0975857 0.0423024
2357.9 0.153219 -0.191523 -9.57617 0.440279 -0.0514457 9.91705 -0.00335976 -0.0916298 0.0444404
2357.91 0.0383047 0.0 -9.88261 0.440279 -0.0502493 9.91705 -0.00366519 -0.0931569 0.046273
2357.93 0.0766094 -0.153219 -9.65278 0.443868 -0.0526421 9.91585 -0.00122173 -0.0949895 0.0442877
2357.95 0.0766094 -0.0383047 -9.65278 0.439083 -0.0430708 9.92782 -0.0065668 -0.087201 0.0484111
2357.96 0.153219 0.0 -9.61448 0.44985 -0.0442672 9.93739 -0.00549779 -0.0901026 0.0433714
2357.98 0.191523 0.0 -9.69109 0.431904 -0.04666 9.91585 -0.00488692 -0.0907135 0.043066
2358.0 0.191523 0.114914 -9.95922 0.421137 -0.0646062 9.91585 -0.00259618 -0.0946841 0.0432187
2358.01 0.114914 0.0766094 -9.88261 0.418744 -0.0646062 9.93021 -0.00305432 -0.0891863 0.0448986
2358.03 0.268133 -0.0383047 -9.57617 0.403191 -0.0789631 9.93619 -0.00305432 -0.091477 0.0429133
2358.04 0.268133 0.0 -9.72939 0.379262 -0.0705882 9.93739 -0.00305432 -0.0916298 0.0433714
2358.06 0.229828 -0.0383047 -9.38465 0.368495 -0.0813559 9.94337 -0.00503964 -0.0885754 0.0453567
2358.08 0.229828 -0.0766094 -9.65278 0.361316 -0.087338 9.94337 -0.00702495 -0.0844521 0.0456622
2358.09 0.268133 -0.0383047 -9.76769 0.339781 -0.0861416 9.94576 -0.00473421 -0.0925461 0.0436769
2358.11 0.344742 -0.114914 -9.61448 0.319442 -0.0957129 9.9326 -0.00687223 -0.0867428 0.044135
2358.12 0.344742 -0.0383047 -9.8443 0.297906 -0.0945165 9.92662 -0.00549779 -0.0878119 0.0455095
2358.14 0.268133 -0.114914 -9.72939 0.29671 -0.0969093 9.92064 -0.00335976 -0.0902553 0.0433714
2358.15 0.344742 0.0 -9.57617 0.283549 -0.0981057 9.92543 -0.00763582 -0.0868956 0.0456622
2358.17 0.306437 -0.0766094 -9.65278 0.295514 -0.0957129 9.92543 -0.00305432 -0.0923933 0.0448986
2358.75 0.306437 -0.0766094 -9.49956 0.31346 -0.087338 9.93021 -0.00320704 -0.0934624 0.045204
2358.77 0.344742 -0.0766094 -9.69109 0.333799 -0.0777667 9.9338 -0.00152716 -0.0949895 0.0445931
2358.78 0.344742 0.0383047 -9.76769 0.349352 -0.0741775 9.9338 -0.00595593 -0.090408 0.0458149
2358.8 0.268133 -0.0383047 -9.53786 0.346959 -0.0634098 9.92303 -0.00351247 -0.0907135 0.0471893
2358.82 0.306437 -0.0766094 -9.69109 0.340977 -0.0634098 9.93021 -0.000610865 -0.0956004 0.0458149
2358.83 0.344742 0.0383047 -9.92091 0.362513 -0.066999 9.92543 -0.00427606 -0.0913243 0.047342
2358.85 0.153219 0.0 -9.69109 0.367298 -0.0693918 9.92543 -0.00213803 -0.0951423 0.0450513
2358.87 0.191523 -0.0766094 -9.46126 0.380459 -0.0622134 9.94337 -0.00198531 -0.0954477 0.0464257
2358.88 0.153219 -0.0383047 -9.61448 0.399601 -0.0562313 9.93739 0.000305433 -0.0983493 0.0433714
2358.9 0.191523 0.0 -9.72939 0.413958 -0.0514457 9.9326 -0.00381791 -0.0919352 0.0484111
2358.92 0.191523 -0.0383047 -9.69109 0.421137 -0.0478564 9.92662 -0.00229074 -0.0960585 0.0461203
2358.93 0.153219 0.114914 -9.69109 0.451047 -0.0478564 9.93499 -0.00244346 -0.0934624 0.0442877
2358.95 0.114914 -0.0766094 -9.69109 0.448654 -0.0370887 9.91466 -0.00427606 -0.0940732 0.0459676
