2238.79 0.268133 0.0383047 -9.72939 0.386441 -0.0538385 9.9326 -0.00427606 -0.0942259 0.0459676
2238.81 0.191523 -0.0766094 -9.65278 0.374477 -0.0693918 9.93619 -0.00274889 -0.0917825 0.0455095
2238.83 0.268133 -0.0766094 -9.8443 0.35653 -0.0837488 9.92543 -0.00320704 -0.0926988 0.0467312
2238.84 0.306437 -0.114914 -9.53786 0.352941 -0.0765703 9.92782 -0.00442877 -0.0897971 0.0450513
2238.86 0.229828 -0.0383047 -9.65278 0.339781 -0.0825523 9.91824 -0.00946841 -0.0824668 0.0485638
2238.88 0.268133 -0.0383047 -9.76769 0.339781 -0.0909272 9.92662 -0.00366519 -0.0923933 0.0439823
2238.89 0.229828 0.0766094 -10.0358 0.329013 -0.087338 9.92901 -0.00442877 -0.090408 0.0453567
2238.91 0.383047 -0.0383047 -9.69109 0.36012 -0.0861416 9.92543 -0.00320704 -0.0913243 0.0456622
2238.93 0.191523 -0.0766094 -9.69109 0.380459 -0.0705882 9.93619 -0.00473421 -0.089339 0.0458149
2238.94 0.191523 -0.153219 -9.46126 0.387637 -0.0813559 9.93499 -0.00397062 -0.0919352 0.0465785
2238.96 0.191523 -0.0383047 -9.61448 0.392423 -0.0681954 9.9326 -0.00244346 -0.0919352 0.0448986
2238.98 0.191523 -0.0766094 -9.61448 0.392423 -0.066999 9.93021 -0.00259618 -0.0911716 0.0450513
2238.99 0.114914 -0.0383047 -9.65278 0.386441 -0.061017 9.92782 -0.0018326 -0.0959058 0.0447459
2239.01 0.229828 -0.114914 -9.806 0.386441 -0.0801595 9.94457 -0.00274889 -0.0888809 0.0456622
2239.03 0.229828 -0.0383047 -9.806 0.354138 -0.0849452 9.91705 -0.00855211 -0.0815505 0.0471893
2239.04 0.191523 0.0 -9.65278 0.344566 -0.0921237 9.91944 -0.00549779 -0.0917825 0.0448986
2239.06 0.153219 0.0 -9.57617 0.35653 -0.0945165 9.91585 -0.00335976 -0.0920879 0.0433714
2239.07 0.306437 0.0 -9.61448 0.354138 -0.107677 9.92184 -0.00488692 -0.0890336 0.0458149
2239.09 0.268133 -0.0766094 -9.69109 0.349352 -0.0849452 9.92901 -0.00213803 -0.0917825 0.0447459
2239.11 0.229828 -0.114914 -9.72939 0.364905 -0.0921237 9.92901 -0.00503964 -0.0891863 0.0447459
2239.12 0.114914 0.0383047 -9.65278 0.385244 -0.0861416 9.92782 -0.000305433 -0.096364 0.0424551
2239.14 0.153219 0.0383047 -9.76769 0.403191 -0.0861416 9.9338 -0.00503964 -0.090408 0.0447459
2239.16 0.153219 -0.0766094 -9.69109 0.403191 -0.0825523 9.92901 -0.00320704 -0.0888809 0.045204
2239.17 0.153219 -0.0383047 -9.61448 0.380459 -0.0634098 9.93859 -0.00229074 -0.0934624 0.0427606
2239.19 0.229828 -0.114914 -9.65278 0.374477 -0.0741775 9.92543 -0.00687223 -0.0855211 0.0465785
2239.21 0.268133 -0.114914 -9.72939 0.36012 -0.066999 9.92064 -0.00259618 -0.0919352 0.041997
2239.22 0.153219 -0.153219 -9.76769 0.366102 -0.0753739 9.92662 -0.00259618 -0.0923933 0.0426078
2239.24 0.306437 -0.114914 -9.72939 0.337388 -0.066999 9.91944 -0.00580322 -0.0862847 0.047342
2239.26 0.229828 -0.0383047 -9.92091 0.34337 -0.0538385 9.93859 -0.0018326 -0.0934624 0.0435241
2239.27 0.0766094 0.0383047 -9.76769 0.333799 -0.0550349 9.92184 -0.00320704 -0.0933096 0.0448986
2239.29 0.344742 -0.0766094 -9.61448 0.351745 -0.061017 9.91466 -0.00244346 -0.0930042 0.0447459
2239.31 0.229828 -0.0383047 -9.57617 0.358923 -0.0514457 9.9338 -0.00473421 -0.0917825 0.0464257
2239.32 0.153219 -0.0766094 -9.38465 0.362513 -0.0526421 9.9314 -0.00473421 -0.0911716 0.0447459
2239.34 0.229828 -0.0383047 -9.72939 0.369691 -0.0526421 9.93499 -0.00351247 -0.0894917 0.0459676
2239.36 0.229828 -0.0383047 -9.65278 0.387637 -0.0538385 9.92782 -0.00122173 -0.0949895 0.0433714
2239.37 0.229828 -0.114914 -9.72939 0.39003 -0.0646062 9.91107 -0.00488692 -0.0919352 0.0478002
2239.39 0.191523 -0.0383047 -9.65278 0.388834 -0.0586241 9.9338 -0.00580322 -0.0925461 0.0455095
2239.41 0.229828 0.0766094 -9.49956 0.382851 -0.0622134 9.94218 -0.00488692 -0.0931569 0.0436769
2239.42 0.306437 -0.0766094 -9.806 0.378066 -0.0681954 9.93021 -0.00534507 -0.0899499 0.0458149
2239.44 0.229828 0.0 -9.69109 0.345763 -0.0849452 9.92303 -0.00381791 -0.0908662 0.0448986
2239.45 0.191523 -0.0383047 -9.69109 0.369691 -0.0705882 9.92423 -0.00595593 -0.0888809 0.046273
2239.47 0.191523 -0.0766094 -9.99752 0.362513 -0.0753739 9.94815 -0.00213803 -0.0939205 0.0447459
2239.49 0.191523 0.0 -9.72939 0.374477 -0.0681954 9.92423 -0.00320704 -0.0934624 0.0453567
2239.5 0.191523 -0.153219 -9.65278 0.376869 -0.0693918 9.93619 -0.00167988 -0.0934624 0.0435241
2239.52 0.114914 -0.0766094 -9.69109 0.379262 -0.0801595 9.93499 -0.00626137 -0.0879646 0.0482583
2239.54 0.114914 -0.0383047 -9.8443 0.407976 -0.087338 9.93619 -0.00503964 -0.0899499 0.0470366
2239.55 0.153219 -0.0766094 -9.61448 0.401994 -0.0909272 9.94696 -0.00320704 -0.0916298 0.0447459
2239.57 0.191523 0.0383047 -9.69109 0.391226 -0.0849452 9.92901 -0.00534507 -0.0897971 0.0453567
2239.59 0.344742 0.0 -9.95922 0.379262 -0.0789631 9.9338 -0.00335976 -0.0905607 0.0455095
2239.6 0.114914 0.0383047 -9.57617 0.366102 -0.0813559 9.9314 -0.00412334 -0.0913243 0.0445931
2239.62 0.153219 -0.0383047 -9.72939 0.35653 -0.0957129 9.93619 -0.00381791 -0.0891863 0.0458149
2239.64 0.268133 -0.114914 -9.72939 0.340977 -0.0825523 9.92901 -0.00320704 -0.0937678 0.0429133
2239.65 0.268133 -0.0383047 -9.806 0.330209 -0.0837488 9.93021 -0.00412334 -0.0901026 0.0447459
2239.67 0.229828 -0.114914 -9.46126 0.351745 -0.0825523 9.93499 -0.00259618 -0.0939205 0.0442877
2239.69 0.191523 0.0 -9.57617 0.348156 -0.0741775 9.93021 -0.00580322 -0.0888809 0.0459676
2239.7 0.268133 -0.0383047 -9.95922 0.37328 -0.0753739 9.9326 -0.00167988 -0.0949895 0.0432187
2239.72 0.153219 0.0 -9.49956 0.384048 -0.0646062 9.93619 -0.00335976 -0.090408 0.0458149
2239.74 0.191523 -0.0766094 -9.53786 0.37328 -0.0705882 9.90748 -0.00733038 -0.0836885 0.0461203
2239.75 0.229828 -0.0766094 -9.76769 0.407976 -0.0789631 9.9338 -0.00626137 -0.0881173 0.0470366
2239.77 0.191523 0.0383047 -9.92091 0.394816 -0.0849452 9.92423 -0.00335976 -0.0922406 0.0455095
2239.79 0.153219 -0.191523 -9.76769 0.407976 -0.0813559 9.93739 -0.000610865 -0.0980438 0.0450513
2239.8 0.191523 -0.0766094 -9.99752 0.386441 -0.0765703 9.92901 -0.00641408 -0.0859793 0.0471893
2239.82 0.191523 -0.114914 -9.61448 0.381655 -0.0741775 9.91227 -0.00290161 -0.0922406 0.0436769
2239.83 0.153219 -0.0766094 -9.76769 0.374477 -0.0885344 9.9326 -0.0018326 -0.0899499 0.0413861
2239.85 -0.0383047 -0.153219 -9.49956 0.372084 -0.0705882 9.92662 -0.00534507 -0.089339 0.0447459
2239.86 0.268133 -0.114914 -9.72939 0.386441 -0.0646062 9.93859 -0.00198531 -0.0949895 0.0439823
2239.88 0.191523 -0.0383047 -9.61448 0.380459 -0.0646062 9.93978 -0.00244346 -0.0894917 0.0445931
2239.89 0.268133 0.114914 -9.92091 0.372084 -0.0478564 9.91944 -0.00427606 -0.0902553 0.0453567
2239.91 0.191523 -0.0766094 -9.69109 0.385244 -0.0550349 9.93739 0.000305433 -0.0980438 0.043066
2239.93 0.268133 -0.0766094 -9.65278 0.378066 -0.0550349 9.9326 -0.00381791 -0.0899499 0.0461203
2239.94 0.153219 -0.153219 -9.38465 0.379262 -0.061017 9.92064 -0.00534507 -0.0873537 0.0453567
2240.5 0.191523 0.0766094 -9.65278 0.36012 -0.0394815 9.9338 -0.00473421 -0.0901026 0.044135
2240.52 0.268133 -0.0766094 -9.69109 0.346959 -0.0358923 9.9326 -0.00167988 -0.0936151 0.0453567
2240.54 0.268133 0.0 -9.72939 0.349352 -0.0358923 9.92303 -0.00397062 -0.0920879 0.0450513
2240.55 0.268133 -0.0383047 -9.69109 0.358923 -0.04666 9.94098 -0.00137445 -0.0934624 0.043066
2240.57 0.268133 -0.0766094 -9.61448 0.354138 -0.0634098 9.93859 -0.00259618 -0.0986547 0.0459676
2240.59 0.229828 -0.0766094 -9.76769 0.349352 -0.0801595 9.95174 -0.00290161 -0.0936151 0.047342
2240.6 0.153219 -0.114914 -9.76769 0.349352 -0.0861416 9.92782 -0.00335976 -0.0954477 0.047342
2240.62 0.191523 -0.0383047 -9.76769 0.372084 -0.087338 9.94457 -0.0065668 -0.0905607 0.0471893
2240.64 0.153219 -0.0766094 -9.49956 0.385244 -0.0825523 9.92782 -0.00626137 -0.0919352 0.0479529
2240.65 0.153219 -0.0383047 -9.69109 0.404387 -0.0945165 9.95055 -0.00519235 -0.0910189 0.0465785
2240.67 0.114914 -0.0383047 -9.53786 0.388834 -0.0861416 9.9314 -0.00274889 -0.0936151 0.045204
2240.68 0.153219 0.0 -9.69109 0.391226 -0.0837488 9.92662 -0.00351247 -0.0902553 0.0465785
2240.7 0.191523 -0.114914 -9.806 0.396012 -0.0945165 9.92184 -0.00259618 -0.0937678 0.0465785
2240.72 0.229828 0.0 -10.0358 0.404387 -0.0825523 9.93978 -0.000152716 -0.0956004 0.0426078
2240.73 0.153219 -0.0766094 -9.61448 0.379262 -0.0897308 9.92901 -0.00274889 -0.0913243 0.0458149
2240.75 0.0 -0.114914 -9.69109 0.382851 -0.0813559 9.92423 -0.00458149 -0.0894917 0.0458149
2240.77 0.0766094 -0.153219 -9.61448 0.378066 -0.101695 9.93021 -0.00397062 -0.0896445 0.0445931
2240.78 0.0766094 -0.0383047 -9.57617 0.379262 -0.0897308 9.93021 -0.00473421 -0.0868956 0.0464257
2240.8 0.191523 -0.153219 -9.72939 0.366102 -0.0897308 9.9314 -0.00274889 -0.0916298 0.046273
2240.82 0.268133 -0.0383047 -9.69109 0.385244 -0.0921237 9.95174 -0.00626137 -0.0879646 0.0456622
2240.83 0.306437 -0.0766094 -9.806 0.376869 -0.102891 9.92064 -0.00213803 -0.0908662 0.0442877
2240.85 0.229828 0.0 -9.26973 0.369691 -0.0981057 9.9338 -0.000458149 -0.0942259 0.0426078
2240.87 0.229828 -0.114914 -9.72939 0.376869 -0.0969093 9.94337 -0.00366519 -0.0920879 0.0445931
2240.88 0.344742 -0.191523 -9.76769 0.379262 -0.0801595 9.93619 -0.000152716 -0.0943787 0.0429133
2240.9 0.229828 0.0 -9.8443 0.375673 -0.0777667 9.93619 -0.00229074 -0.0922406 0.0413861
2240.92 0.114914 -0.114914 -9.53786 0.374477 -0.0634098 9.93619 -0.00488692 -0.0873537 0.0439823
2240.93 0.229828 -0.114914 -9.806 0.350548 -0.0825523 9.92184 0.000305433 -0.0975857 0.0392481
2240.95 0.306437 0.0766094 -9.53786 0.340977 -0.0681954 9.9326 -0.00473421 -0.0885754 0.044135
2240.96 0.153219 0.0 -9.88261 0.346959 -0.0777667 9.95653 -0.00198531 -0.0922406 0.0429133
2240.98 0.229828 -0.0383047 -9.61448 0.342173 -0.0562313 9.92782 -0.00305432 -0.0917825 0.045204
2241.0 0.268133 -0.0383047 -9.806 0.349352 -0.0681954 9.92543 -0.00320704 -0.0913243 0.0455095
2241.01 0.229828 -0.114914 -9.69109 0.367298 -0.0705882 9.9326 -0.00580322 -0.0894917 0.047342
2241.03 0.114914 -0.0766094 -9.57617 0.369691 -0.0753739 9.92901 -0.00626137 -0.0870483 0.0468839
2241.04 0.153219 0.153219 -9.49956 0.369691 -0.0622134 9.91705 -0.00213803 -0.0933096 0.0444404
2241.06 0.191523 -0.0383047 -9.65278 0.37328 -0.0658026 9.91585 0.000152716 -0.0959058 0.0432187
2241.08 0.191523 -0.0766094 -9.8443 0.369691 -0.04666 9.93499 -0.00320704 -0.0934624 0.0427606
2241.09 0.229828 -0.153219 -9.72939 0.37328 -0.0622134 9.92901 -0.00519235 -0.0868956 0.0450513
2241.11 0.114914 -0.0766094 -9.69109 0.387637 -0.0418744 9.93739 -0.00351247 -0.091477 0.044135
2241.13 0.153219 0.0 -9.65278 0.35653 -0.0550349 9.9326 -0.00626137 -0.0859793 0.0464257
2241.14 0.114914 0.0766094 -9.92091 0.351745 -0.0622134 9.92423 -0.00366519 -0.0902553 0.0447459
2241.16 0.229828 -0.0383047 -9.57617 0.363709 -0.04666 9.9314 -0.00519235 -0.0897971 0.0455095
2241.18 0.344742 -0.0383047 -9.76769 0.357727 -0.0598205 9.92423 -0.00763582 -0.0873537 0.0476475
2241.19 0.114914 -0.114914 -9.61448 0.350548 -0.061017 9.9326 -0.00320704 -0.0951423 0.0438296
2241.21 0.191523 -0.153219 -9.95922 0.372084 -0.0765703 9.93499 -0.00290161 -0.095295 0.0445931
2241.23 0.229828 -0.114914 -9.69109 0.372084 -0.0681954 9.93859 -0.00473421 -0.0931569 0.0470366
2241.24 0.114914 -0.0766094 -9.76769 0.381655 -0.0789631 9.94457 -0.00733038 -0.0878119 0.0470366
2241.26 0.268133 -0.0766094 -9.76769 0.380459 -0.0789631 9.9326 -0.00397062 -0.0939205 0.0459676
2241.28 0.229828 -0.0383047 -9.69109 0.368495 -0.0861416 9.92543 -0.00626137 -0.0897971 0.0491747
2241.29 0.229828 0.0 -9.95922 0.369691 -0.0957129 9.92782 -0.0056505 -0.0894917 0.0474948
2241.31 0.229828 0.0383047 -9.76769 0.37328 -0.100499 9.9314 -0.00641408 -0.0919352 0.0455095
2241.33 0.114914 0.0 -9.61448 0.380459 -0.0825523 9.93859 -0.00397062 -0.0908662 0.0453567
2241.34 0.153219 -0.114914 -9.92091 0.375673 -0.100499 9.92543 -0.00305432 -0.0923933 0.0458149
2241.36 0.306437 0.0 -9.88261 0.370887 -0.100499 9.92782 -0.0056505 -0.0888809 0.0455095
2241.38 0.114914 -0.0383047 -9.57617 0.378066 -0.0993021 9.92303 -0.00152716 -0.0951423 0.0444404
2241.39 0.153219 0.0 -9.72939 0.36012 -0.102891 9.91944 -0.00290161 -0.0933096 0.0456622
2241.41 0.229828 -0.0766094 -9.8443 0.374477 -0.0945165 9.91944 -0.00534507 -0.0881173 0.0484111
2241.43 0.268133 -0.114914 -9.76769 0.384048 -0.102891 9.91346 -0.00519235 -0.08827 0.0470366
2241.44 0.268133 0.0 -9.69109 0.379262 -0.105284 9.92543 -0.00351247 -0.08827 0.0450513
2241.46 0.114914 -0.114914 -9.806 0.387637 -0.11007 9.9314 -0.000763581 -0.0925461 0.0418443
2241.48 0.153219 -0.153219 -9.69109 0.401994 -0.11007 9.92662 -0.0018326 -0.0913243 0.0448986
2241.49 0.153219 -0.0766094 -9.46126 0.39003 -0.09332 9.92184 -0.000916298 -0.0926988 0.043066
2241.51 0.229828 -0.114914 -9.72939 0.384048 -0.0969093 9.92064 -0.00305432 -0.091477 0.0418443
2241.53 0.268133 -0.0766094 -9.65278 0.369691 -0.0765703 9.9314 -0.00580322 -0.0864374 0.0421497
2241.54 0.114914 -0.0383047 -9.49956 0.362513 -0.0717846 9.92303 -0.00152716 -0.0945314 0.043066
2241.56 0.0383047 0.0 -9.88261 0.358923 -0.0789631 9.93978 -0.00152716 -0.0917825 0.0415388
2241.58 0.153219 0.0766094 -9.61448 0.345763 -0.0693918 9.9326 -0.00274889 -0.0875064 0.0429133
2241.59 0.0766094 -0.0766094 -9.69109 0.340977 -0.0394815 9.93978 -0.00473421 -0.0888809 0.0455095
2241.61 0.268133 0.0 -9.72939 0.336191 -0.0382852 9.92782 -0.00122173 -0.0945314 0.043066
2241.63 0.306437 0.0 -9.69109 0.349352 -0.040678 9.9314 -0.00473421 -0.0902553 0.0447459
2241.64 0.268133 -0.0383047 -9.8443 0.36012 -0.0394815 9.93619 -0.00488692 -0.0868956 0.0458149
2241.66 0.229828 -0.0383047 -9.69109 0.375673 -0.0382852 9.91824 -0.00442877 -0.0911716 0.0471893
2241.67 0.191523 -0.0383047 -9.57617 0.370887 -0.040678 9.93499 -0.00534507 -0.0907135 0.0479529
2241.69 0.268133 0.0766094 -9.53786 0.380459 -0.040678 9.93739 -0.00519235 -0.0911716 0.0461203
2241.71 0.229828 0.0 -9.76769 0.379262 -0.0574277 9.92423 -0.00320704 -0.0930042 0.0436769
2241.72 0.268133 -0.0383047 -9.69109 0.382851 -0.0622134 9.92782 -0.00610865 -0.0890336 0.0456622
2241.74 0.153219 -0.0766094 -9.65278 0.366102 -0.0741775 9.91824 -0.00503964 -0.0931569 0.0442877
2241.76 0.153219 -0.0766094 -9.57617 0.351745 -0.0622134 9.92543 -0.00106901 -0.0971275 0.0427606
2241.77 0.306437 0.0383047 -9.65278 0.367298 -0.0574277 9.94218 -0.00351247 -0.0930042 0.0448986
2241.79 0.306437 -0.0766094 -9.69109 0.361316 -0.0646062 9.9326 -0.00366519 -0.0919352 0.045204
2241.81 0.191523 -0.0766094 -9.65278 0.362513 -0.0574277 9.93739 -0.00519235 -0.0916298 0.0445931
2241.82 0.268133 0.0383047 -9.46126 0.366102 -0.0562313 9.92543 -0.00229074 -0.0949895 0.0458149
2241.84 0.191523 0.0383047 -9.42295 0.381655 -0.0574277 9.91824 -0.0065668 -0.0907135 0.0494801
2241.86 0.153219 -0.0383047 -9.72939 0.376869 -0.0705882 9.92782 -0.00839939 -0.085063 0.0505491
2241.87 0.0766094 -0.0766094 -9.76769 0.399601 -0.0885344 9.94218 -0.00290161 -0.0948368 0.0467312
2241.89 0.153219 0.0 -9.99752 0.39003 -0.0885344 9.92782 -0.00794125 -0.0868956 0.0490219
2241.91 0.268133 -0.114914 -9.76769 0.381655 -0.0981057 9.91585 -0.0056505 -0.0897971 0.0470366
2241.92 0.268133 -0.153219 -9.65278 0.37328 -0.113659 9.9338 -0.00106901 -0.0965167 0.044135
2241.94 0.153219 -0.0766094 -9.806 0.367298 -0.112463 9.92423 -0.00641408 -0.0897971 0.047342
2241.96 0.268133 0.114914 -9.72939 0.348156 -0.105284 9.93739 -0.00610865 -0.0847575 0.0471893
2241.97 0.229828 -0.0766094 -9.61448 0.338584 -0.0969093 9.92543 -0.000152716 -0.0945314 0.0423024
2241.99 0.153219 -0.153219 -9.72939 0.350548 -0.104088 9.92064 -0.00442877 -0.0922406 0.0424551
2242.01 0.191523 0.0 -9.34634 0.364905 -0.101695 9.93859 -0.00381791 -0.0894917 0.0461203
2242.02 0.229828 -0.114914 -9.76769 0.349352 -0.0861416 9.92662 -0.000152716 -0.0966694 0.0427606
2242.04 0.0383047 -0.229828 -9.65278 0.381655 -0.0801595 9.92901 -0.00580322 -0.0881173 0.0450513
2242.06 0.229828 -0.0766094 -9.69109 0.393619 -0.100499 9.91705 -0.00259618 -0.0940732 0.0450513
2242.07 0.153219 -0.153219 -9.61448 0.401994 -0.09332 9.92901 -0.00534507 -0.0897971 0.0468839
2242.09 0.0766094 0.0 -9.69109 0.401994 -0.0969093 9.93859 -0.00458149 -0.0908662 0.0450513
2242.11 0.191523 -0.114914 -9.69109 0.396012 -0.0957129 9.9326 -0.000458149 -0.0945314 0.0435241
2242.12 0.191523 -0.0766094 -9.72939 0.388834 -0.0993021 9.92303 -0.00351247 -0.0897971 0.0438296
2242.14 0.0 -0.114914 -10.0741 0.380459 -0.101695 9.92662 -0.00137445 -0.0948368 0.0413861
2242.16 0.0383047 -0.114914 -9.72939 0.374477 -0.0921237 9.94337 0.000152716 -0.095295 0.0400117
2242.17 0.191523 -0.114914 -9.806 0.333799 -0.0897308 9.9326 -0.00473421 -0.0867428 0.044135
2242.19 0.114914 -0.114914 -9.46126 0.344566 -0.0646062 9.92662 -0.00427606 -0.0881173 0.0421497
2242.21 0.229828 -0.114914 -9.57617 0.340977 -0.0502493 9.9326 -0.00381791 -0.0858265 0.0444404
2242.22 0.229828 -0.0766094 -9.72939 0.345763 -0.0287139 9.92662 -0.00152716 -0.0945314 0.0415388
2242.24 0.114914 -0.114914 -9.8443 0.34337 -0.0323031 9.90509 -0.00198531 -0.0925461 0.0412334
2242.25 0.191523 0.0 -9.61448 0.361316 -0.026321 9.91585 -0.0018326 -0.0956004 0.0426078
2242.27 0.0383047 0.0 -9.88261 0.37328 -0.026321 9.91466 -0.0056505 -0.0879646 0.0450513
2242.29 0.191523 -0.0383047 -9.53786 0.367298 -0.0334995 9.92303 -0.00259618 -0.0902553 0.0464257
2242.3 0.229828 0.0383047 -9.61448 0.376869 -0.0382852 9.91944 -0.00244346 -0.0933096 0.0468839
2242.32 0.191523 -0.0766094 -9.806 0.355334 -0.0574277 9.91944 -0.00763582 -0.0856738 0.0494801
2242.34 0.306437 -0.0383047 -9.8443 0.351745 -0.0658026 9.9338 -0.00351247 -0.0926988 0.0461203
2242.35 0.191523 -0.0383047 -9.69109 0.355334 -0.0753739 9.92901 -0.00687223 -0.0896445 0.0476475
2242.37 0.383047 -0.0383047 -9.49956 0.345763 -0.0765703 9.9314 -0.00488692 -0.0907135 0.0488692
2242.38 0.229828 -0.114914 -9.69109 0.348156 -0.0969093 9.91346 -0.00687223 -0.0878119 0.046273
2242.4 0.153219 0.0766094 -9.49956 0.357727 -0.0825523 9.91824 -0.00351247 -0.0936151 0.0447459
2242.42 0.191523 0.114914 -10.1507 0.363709 -0.0813559 9.92782 -0.00381791 -0.0923933 0.0433714
2242.43 0.268133 -0.191523 -9.76769 0.385244 -0.066999 9.92064 -0.00626137 -0.0919352 0.0461203
2242.45 0.229828 -0.0383047 -9.57617 0.396012 -0.0586241 9.93499 -0.00794125 -0.086132 0.0484111
2242.47 0.114914 -0.153219 -9.34634 0.40678 -0.0801595 9.93499 -0.00534507 -0.0923933 0.0450513
2242.48 0.191523 -0.114914 -9.61448 0.407976 -0.0813559 9.92782 -0.00442877 -0.0916298 0.0448986
2242.5 0.114914 -0.0383047 -9.65278 0.386441 -0.0837488 9.92064 -0.0056505 -0.08827 0.0467312
2242.52 0.191523 0.0 -9.88261 0.379262 -0.0981057 9.92782 -0.00610865 -0.087201 0.0481056
2242.53 0.383047 -0.229828 -9.69109 0.370887 -0.117248 9.93739 -0.00595593 -0.0916298 0.0459676
2242.55 0.153219 -0.114914 -9.69109 0.361316 -0.130409 9.91346 -0.00473421 -0.0887282 0.0455095
2242.57 0.114914 0.0 -9.65278 0.344566 -0.12682 9.92303 -0.00503964 -0.0887282 0.046273
2242.58 0.153219 -0.0383047 -9.49956 0.352941 -0.125623 9.92782 -0.00244346 -0.0905607 0.0432187
2242.6 0.344742 0.0 -9.38465 0.349352 -0.114855 9.92782 -0.00335976 -0.0890336 0.044135
2242.62 0.191523 -0.114914 -9.72939 0.351745 -0.0993021 9.93739 -0.000763581 -0.095295 0.0415388
2242.63 0.153219 -0.153219 -9.69109 0.379262 -0.0741775 9.93739 -0.00534507 -0.0870483 0.0435241
2242.65 0.268133 -0.0383047 -9.61448 0.370887 -0.0574277 9.92782 -0.00244346 -0.090408 0.0421497
2242.67 0.191523 -0.153219 -9.806 0.382851 -0.0586241 9.92064 -0.00442877 -0.0902553 0.0421497
2242.68 0.191523 0.0 -9.76769 0.385244 -0.0490528 9.91585 -0.00519235 -0.0873537 0.0438296
2242.7 0.229828 0.0766094 -9.92091 0.376869 -0.0598205 9.91824 -0.00198531 -0.0899499 0.045204
2242.71 0.191523 0.0383047 -9.46126 0.385244 -0.0538385 9.93739 -0.00244346 -0.0917825 0.0461203
2242.73 0.191523 -0.114914 -9.69109 0.355334 -0.0777667 9.92303 -0.000763581 -0.0936151 0.0444404
2242.75 0.306437 -0.114914 -9.53786 0.338584 -0.0957129 9.92184 -0.00152716 -0.0951423 0.044135
2242.76 0.114914 -0.0383047 -9.65278 0.350548 -0.09332 9.93859 -0.00290161 -0.0923933 0.0444404
2242.78 0.153219 -0.191523 -9.46126 0.354138 -0.0969093 9.9314 -0.00733038 -0.0887282 0.0447459
2242.8 0.191523 0.0766094 -9.92091 0.363709 -0.0957129 9.93978 -0.0056505 -0.0868956 0.0458149
2242.81 0.268133 0.0 -9.76769 0.393619 -0.0634098 9.93739 -0.0018326 -0.0926988 0.0421497
2242.83 0.153219 -0.0766094 -9.72939 0.392423 -0.0526421 9.91944 -0.0018326 -0.0901026 0.0429133
2242.85 0.0766094 -0.0383047 -9.806 0.386441 -0.0430708 9.92423 -0.00198531 -0.0934624 0.0416915
2242.86 0.229828 -0.0383047 -9.61448 0.403191 -0.0299103 9.91585 -0.00412334 -0.0890336 0.0421497
2242.88 0.191523 0.0766094 -9.806 0.40678 -0.0311067 9.92662 -0.00549779 -0.0876591 0.0458149
2242.9 0.153219 -0.0383047 -9.806 0.388834 -0.0299103 9.92423 -0.00412334 -0.0896445 0.0464257
2242.91 0.191523 0.0 -9.8443 0.362513 -0.0299103 9.91944 -0.00274889 -0.0910189 0.0476475
2242.93 0.268133 -0.0383047 -9.65278 0.350548 -0.0514457 9.91944 -0.00305432 -0.0925461 0.0456622
2242.95 0.191523 -0.0383047 -9.72939 0.34337 -0.0634098 9.93619 -0.00610865 -0.0885754 0.0467312
2242.96 0.114914 -0.0383047 -9.806 0.331406 -0.0753739 9.93859 -0.00794125 -0.0852157 0.0484111
2242.98 0.306437 0.0383047 -9.72939 0.354138 -0.0825523 9.93619 -0.00641408 -0.0885754 0.0485638
2243.0 0.229828 -0.0766094 -9.806 0.339781 -0.0825523 9.9338 -0.00229074 -0.0960585 0.0435241
2243.01 0.306437 0.0 -9.65278 0.340977 -0.0861416 9.92303 -0.00458149 -0.0858265 0.0456622
2243.03 0.0383047 -0.0766094 -9.72939 0.37328 -0.0729811 9.9326 -0.00290161 -0.0951423 0.0423024
2243.05 0.191523 -0.0383047 -9.8443 0.386441 -0.0681954 9.93859 -0.00519235 -0.0920879 0.0455095
2243.06 0.229828 -0.0766094 -9.69109 0.375673 -0.0574277 9.9314 -0.00290161 -0.0926988 0.044135
2243.08 0.114914 -0.0383047 -9.69109 0.369691 -0.0514457 9.9314 -0.00580322 -0.0908662 0.045204
2243.09 0.191523 -0.0766094 -9.34634 0.355334 -0.0550349 9.92901 -0.00534507 -0.0884227 0.0479529
2243.11 0.153219 0.0 -9.76769 0.36012 -0.0586241 9.94576 -0.00442877 -0.0897971 0.046273
2243.13 0.153219 -0.0766094 -9.72939 0.34337 -0.0777667 9.9338 -0.00122173 -0.0971275 0.0455095
2243.14 0.153219 -0.0766094 -9.72939 0.336191 -0.11007 9.92662 -0.00580322 -0.0907135 0.0502437
2243.16 0.268133 0.0383047 -9.57617 0.346959 -0.113659 9.92901 -0.00702495 -0.0891863 0.0494801
2243.18 0.306437 -0.0383047 -9.72939 0.348156 -0.138784 9.91944 -0.00946841 -0.0846048 0.0511599
2243.2 0.153219 -0.114914 -9.76769 0.369691 -0.141176 9.9314 -0.00687223 -0.0876591 0.0497855
2243.21 0.114914 0.0 -9.806 0.369691 -0.141176 9.92543 -0.00290161 -0.0933096 0.0448986
2243.23 0.153219 -0.0766094 -9.30804 0.401994 -0.12682 9.93499 -0.000610865 -0.100029 0.0421497
2243.24 0.191523 -0.0383047 -9.69109 0.422333 -0.108873 9.93739 -0.00366519 -0.0926988 0.0432187
2243.26 0.229828 -0.0383047 -9.69109 0.404387 -0.0861416 9.91944 -0.00320704 -0.0908662 0.0403171
2243.28 -0.0766094 -0.114914 -9.57617 0.416351 -0.0825523 9.9326 -0.00397062 -0.0897971 0.0412334
2243.29 0.153219 -0.191523 -9.65278 0.416351 -0.0646062 9.93619 -0.00458149 -0.08827 0.0433714
2243.31 0.153219 -0.0766094 -9.72939 0.384048 -0.0658026 9.92782 -0.000610865 -0.0911716 0.0415388
2243.33 0.191523 0.0 -9.8443 0.37328 -0.0586241 9.92782 -0.00290161 -0.0911716 0.0439823
2243.34 0.0 -0.0766094 -9.99752 0.357727 -0.0705882 9.93619 -0.00137445 -0.0937678 0.0429133
2243.36 0.344742 -0.191523 -9.72939 0.357727 -0.0681954 9.9326 -0.00442877 -0.0890336 0.0468839
2243.38 0.191523 0.0 -9.57617 0.367298 -0.0777667 9.90868 -0.00458149 -0.0890336 0.0453567
2243.39 0.0 0.0383047 -9.8443 0.372084 -0.0777667 9.9338 -0.00641408 -0.0846048 0.0481056
2243.41 0.114914 -0.114914 -9.38465 0.378066 -0.0753739 9.92303 -0.00167988 -0.0933096 0.0427606
2243.43 0.153219 -0.114914 -9.65278 0.392423 -0.0765703 9.92662 -0.00458149 -0.0868956 0.044135
2243.44 0.114914 -0.0383047 -9.806 0.391226 -0.0646062 9.91944 -0.00580322 -0.0881173 0.0439823
2243.46 0.191523 -0.0766094 -9.46126 0.387637 -0.0598205 9.92064 -0.00503964 -0.0868956 0.0423024
2243.48 0.191523 0.0383047 -9.76769 0.372084 -0.0526421 9.9338 -0.00274889 -0.0905607 0.0403171
2243.5 0.344742 0.114914 -9.69109 0.355334 -0.0311067 9.92064 -0.00442877 -0.0916298 0.0416915
2243.52 0.229828 -0.0383047 -9.72939 0.350548 -0.0299103 9.92064 -0.00351247 -0.0910189 0.0444404
2243.53 0.114914 -0.114914 -9.65278 0.320638 -0.0299103 9.92543 -0.00610865 -0.0885754 0.0442877
2243.55 0.306437 -0.0383047 -9.61448 0.315852 -0.0311067 9.92423 -0.00381791 -0.090408 0.0455095
2243.57 0.306437 0.0 -9.806 0.297906 -0.0418744 9.93021 -0.00595593 -0.0891863 0.0465785
2243.58 0.191523 0.0383047 -9.76769 0.311067 -0.0586241 9.93021 -0.0065668 -0.0884227 0.0485638
2243.6 0.344742 -0.153219 -9.72939 0.331406 -0.0705882 9.92303 -0.00412334 -0.0936151 0.0481056
2243.62 0.153219 -0.191523 -9.69109 0.364905 -0.0789631 9.93739 -0.00351247 -0.0943787 0.046273
2243.63 0.191523 -0.153219 -9.69109 0.366102 -0.0837488 9.92303 -0.00626137 -0.0865901 0.0508545
2243.65 0.114914 -0.0766094 -9.76769 0.372084 -0.0837488 9.9314 -0.00290161 -0.0968221 0.0455095
2243.66 0.191523 -0.153219 -9.8443 0.387637 -0.0981057 9.91705 -0.00305432 -0.0959058 0.0445931
2243.68 0.268133 0.0 -9.53786 0.39003 -0.0861416 9.94457 -0.00519235 -0.0885754 0.0470366
2243.7 0.191523 0.0 -9.76769 0.381655 -0.0909272 9.92184 -0.00259618 -0.0922406 0.0465785
2243.71 0.229828 -0.0766094 -9.53786 0.379262 -0.066999 9.93499 -0.00534507 -0.0887282 0.0461203
2243.73 0.268133 -0.114914 -9.8443 0.369691 -0.0741775 9.92184 -0.00427606 -0.0933096 0.0444404
2243.75 0.191523 -0.114914 -9.61448 0.350548 -0.0717846 9.92662 -0.00778853 -0.0901026 0.0484111
2243.76 0.191523 -0.114914 -9.69109 0.37328 -0.0777667 9.93978 -0.00320704 -0.0922406 0.0474948
2243.78 0.268133 -0.153219 -9.46126 0.376869 -0.0909272 9.92901 -0.00687223 -0.085063 0.0491747
2243.8 0.191523 -0.0383047 -9.69109 0.393619 -0.0981057 9.92662 -0.00671952 -0.0887282 0.0485638
2243.81 0.153219 -0.153219 -9.69109 0.413958 -0.117248 9.93859 -0.00442877 -0.0910189 0.0471893
2243.83 0.153219 -0.114914 -9.72939 0.421137 -0.12323 9.9338 -0.00458149 -0.0864374 0.0465785
2243.85 0.268133 -0.268133 -9.806 0.43669 -0.119641 9.92303 -0.00458149 -0.0905607 0.0461203
2243.87 0.114914 -0.153219 -9.53786 0.424726 -0.124427 9.91824 -0.00412334 -0.0878119 0.0436769
2243.88 0.153219 0.0766094 -9.57617 0.405583 -0.119641 9.92543 -0.00213803 -0.0905607 0.0433714
2243.9 0.229828 0.0 -9.95922 0.388834 -0.0957129 9.92662 -0.00274889 -0.0923933 0.0403171
2243.91 0.114914 -0.0383047 -9.72939 0.357727 -0.087338 9.92901 -0.00229074 -0.08827 0.0410807
2243.93 0.268133 0.0 -9.61448 0.340977 -0.0622134 9.93859 -0.00458149 -0.0862847 0.0407752
2243.95 0.114914 -0.0383047 -9.76769 0.336191 -0.0550349 9.94218 -0.00213803 -0.0913243 0.0410807
2243.96 0.268133 0.0766094 -9.57617 0.324227 -0.0502493 9.93859 -0.00152716 -0.0930042 0.0412334
2243.98 0.306437 0.191523 -9.806 0.314656 -0.040678 9.92901 -0.00259618 -0.0925461 0.0412334
2243.99 0.344742 -0.0383047 -9.61448 0.332602 -0.040678 9.93619 -0.000305433 -0.0925461 0.043066
2244.01 0.306437 -0.153219 -9.69109 0.352941 -0.0430708 9.92543 -0.00534507 -0.0897971 0.0467312
2244.03 0.229828 -0.0766094 -9.69109 0.361316 -0.0430708 9.92184 -0.00412334 -0.091477 0.045204
2244.04 0.268133 -0.191523 -9.42295 0.351745 -0.0622134 9.92303 -0.00458149 -0.0873537 0.0487165
2244.06 0.229828 0.114914 -9.46126 0.385244 -0.0693918 9.92662 -0.00519235 -0.0878119 0.0455095
2244.08 0.153219 0.0 -9.72939 0.379262 -0.0813559 9.92782 -0.00152716 -0.0966694 0.0450513
2244.09 0.268133 0.0 -9.69109 0.362513 -0.0753739 9.92543 -0.00595593 -0.0862847 0.0468839
2244.11 0.229828 -0.0383047 -10.1124 0.339781 -0.0717846 9.93499 -0.00473421 -0.089339 0.0467312
2244.13 0.268133 -0.0766094 -9.57617 0.329013 -0.0622134 9.90987 -0.00397062 -0.0907135 0.0429133
2244.14 0.306437 0.0 -9.72939 0.327816 -0.0586241 9.92782 -0.00397062 -0.0875064 0.0442877
2244.16 0.153219 -0.0383047 -9.65278 0.331406 -0.0634098 9.92662 -0.00320704 -0.0913243 0.0458149
2244.17 0.153219 -0.0383047 -9.99752 0.349352 -0.0394815 9.9338 -0.00274889 -0.0930042 0.0447459
2244.19 0.153219 0.0383047 -9.72939 0.346959 -0.0538385 9.92303 -0.00305432 -0.0960585 0.0450513
2244.21 0.0383047 0.0 -9.65278 0.380459 -0.0634098 9.92184 -0.00427606 -0.0905607 0.0484111
2244.22 0.114914 -0.114914 -9.69109 0.404387 -0.0705882 9.92662 -0.00427606 -0.0905607 0.0481056
2244.24 0.229828 0.0 -9.8443 0.42353 -0.0849452 9.94098 -0.00198531 -0.0916298 0.0487165
2244.26 0.0383047 -0.0766094 -9.69109 0.43669 -0.0897308 9.93739 -0.00381791 -0.0911716 0.0490219
2244.27 0.114914 -0.0766094 -9.30804 0.404387 -0.112463 9.92782 -0.00198531 -0.0945314 0.0455095
2244.29 0.268133 -0.0383047 -9.72939 0.391226 -0.111266 9.92901 -0.00366519 -0.0928515 0.043066
2244.31 0.344742 -0.114914 -9.72939 0.378066 -0.102891 9.93739 -0.0018326 -0.0937678 0.0444404
2244.32 0.0766094 0.0 -9.8443 0.354138 -0.0921237 9.92423 -0.00442877 -0.0891863 0.044135
2244.34 0.268133 0.0 -9.8443 0.340977 -0.0849452 9.9338 -0.00503964 -0.0884227 0.0445931
2244.36 0.229828 0.0 -9.76769 0.34337 -0.0789631 9.93499 -0.00412334 -0.0913243 0.043066
2244.37 0.268133 -0.0766094 -9.61448 0.357727 -0.0705882 9.94696 -0.0056505 -0.0891863 0.0448986
2244.39 0.191523 -0.153219 -9.57617 0.366102 -0.0478564 9.92662 -0.00320704 -0.0908662 0.0455095
2244.41 0.153219 -0.191523 -9.42295 0.372084 -0.0430708 9.94457 -0.00519235 -0.0849102 0.047342
2244.42 0.229828 0.0383047 -9.72939 0.393619 -0.0478564 9.92303 -0.00106901 -0.0962113 0.0455095
2244.44 0.191523 -0.0383047 -9.46126 0.404387 -0.0765703 9.92782 -0.00320704 -0.0913243 0.0459676
2244.46 0.229828 -0.191523 -9.806 0.40678 -0.0753739 9.9326 -0.00549779 -0.0908662 0.0467312
2244.47 0.191523 -0.0766094 -9.8443 0.400798 -0.100499 9.91585 -0.00473421 -0.0899499 0.0478002
2244.49 0.344742 -0.114914 -9.72939 0.387637 -0.102891 9.91944 -0.00626137 -0.089339 0.0468839
2244.5 0.153219 -0.153219 -9.88261 0.385244 -0.107677 9.9326 -0.00473421 -0.089339 0.0464257
2244.52 0.191523 -0.114914 -10.0358 0.363709 -0.120837 9.92423 -0.00473421 -0.0867428 0.0458149
2244.54 0.229828 -0.153219 -9.61448 0.363709 -0.116052 9.93859 -0.00290161 -0.0923933 0.0409279
2244.55 0.191523 -0.0383047 -9.69109 0.354138 -0.0897308 9.91824 -0.00503964 -0.0879646 0.0442877
2244.57 0.114914 -0.0766094 -9.72939 0.367298 -0.0789631 9.93739 -0.00412334 -0.0873537 0.0432187
2244.59 0.191523 -0.114914 -9.72939 0.361316 -0.0622134 9.9326 -0.00137445 -0.0951423 0.0404698
2244.6 0.191523 0.0 -9.69109 0.39003 -0.0454636 9.94696 -0.00213803 -0.0934624 0.0413861
2244.62 0.0766094 -0.114914 -9.65278 0.369691 -0.0538385 9.9326 -0.00274889 -0.0928515 0.0439823
2244.64 0.191523 0.0383047 -9.88261 0.386441 -0.0430708 9.92901 -0.00198531 -0.0934624 0.0447459
2244.66 0.114914 -0.0383047 -9.57617 0.386441 -0.0598205 9.91944 -0.00290161 -0.091477 0.0445931
2244.67 0.268133 -0.0383047 -9.72939 0.378066 -0.0538385 9.90868 -0.00595593 -0.0853684 0.047342
2244.69 0.0 0.0 -9.61448 0.375673 -0.0705882 9.93021 -0.00290161 -0.0890336 0.0470366
2244.7 0.306437 -0.191523 -9.49956 0.337388 -0.0849452 9.93021 -0.00274889 -0.0905607 0.0450513
2244.72 -0.0383047 -0.0383047 -9.61448 0.330209 -0.0837488 9.93499 -0.00397062 -0.0899499 0.0450513
2244.74 0.268133 -0.0766094 -9.49956 0.324227 -0.0813559 9.92662 -0.00473421 -0.0884227 0.0436769
2244.75 0.344742 -0.114914 -9.69109 0.329013 -0.0777667 9.93619 -0.00320704 -0.0902553 0.041997
2244.77 0.268133 -0.114914 -9.61448 0.324227 -0.0478564 9.91705 -0.00274889 -0.0926988 0.0433714
2244.79 0.114914 -0.0383047 -9.88261 0.333799 -0.0299103 9.92064 -0.00595593 -0.0905607 0.0442877
2244.8 0.229828 0.0766094 -9.72939 0.352941 -0.0299103 9.91585 -0.00351247 -0.0949895 0.0424551
2244.82 0.191523 -0.0766094 -9.72939 0.355334 -0.0275174 9.92303 -0.00626137 -0.0879646 0.047342
2244.84 0.229828 0.0766094 -9.61448 0.37328 -0.0251246 9.91705 -0.00595593 -0.0878119 0.0487165
2244.85 0.229828 -0.0383047 -9.806 0.368495 -0.0370887 9.91824 -0.00519235 -0.0920879 0.0482583
2244.87 0.229828 -0.0383047 -9.92091 0.386441 -0.0586241 9.91466 -0.00549779 -0.0940732 0.0490219
2244.88 0.153219 -0.114914 -9.76769 0.362513 -0.0681954 9.92901 -0.00488692 -0.0946841 0.0491747
2244.9 0.229828 -0.153219 -9.65278 0.387637 -0.0921237 9.92064 -0.010232 -0.0821613 0.0523817
2244.92 0.153219 -0.153219 -9.806 0.399601 -0.113659 9.92782 -0.00534507 -0.0907135 0.0482583
2244.93 0.153219 -0.153219 -9.69109 0.39003 -0.118445 9.93499 -0.00641408 -0.0916298 0.0482583
2244.95 0.114914 -0.114914 -9.806 0.379262 -0.141176 9.92901 -0.0074831 -0.087201 0.0478002
2244.96 0.153219 -0.0766094 -9.61448 0.407976 -0.120837 9.94337 -0.00442877 -0.0911716 0.0438296
2244.98 0.153219 -0.114914 -9.76769 0.386441 -0.114855 9.9314 -0.00351247 -0.0930042 0.0427606
2244.99 0.114914 -0.114914 -9.72939 0.401994 -0.0849452 9.91466 -0.00595593 -0.0896445 0.0444404
2245.58 0.191523 0.0383047 -9.76769 0.352941 -0.136391 9.91944 -0.00427606 -0.0910189 0.0444404
2245.6 0.268133 -0.268133 -9.69109 0.369691 -0.11007 9.93859 0.00152716 -0.0989602 0.0397062
2245.62 0.0766094 -0.0383047 -9.65278 0.35653 -0.0861416 9.92184 -0.00213803 -0.0928515 0.041997
2245.63 0.229828 -0.0383047 -9.76769 0.357727 -0.0801595 9.92901 -0.00305432 -0.0907135 0.0427606
2245.65 0.0766094 -0.0766094 -9.69109 0.348156 -0.0622134 9.93499 -0.00244346 -0.0919352 0.0412334
2245.67 0.153219 -0.0383047 -9.69109 0.321834 -0.0562313 9.9326 -0.000458149 -0.0948368 0.0412334
2245.68 0.153219 0.0 -9.76769 0.32662 -0.0550349 9.94218 -0.0056505 -0.0879646 0.0438296
2245.7 0.153219 0.0 -9.806 0.314656 -0.0658026 9.91585 -0.00473421 -0.0896445 0.0476475
2245.72 0.268133 -0.191523 -9.88261 0.311067 -0.0813559 9.9326 -0.00412334 -0.0896445 0.0458149
2245.73 0.229828 -0.153219 -9.57617 0.318245 -0.0969093 9.92543 -0.00442877 -0.0911716 0.0484111
2245.75 0.344742 -0.229828 -9.806 0.319442 -0.0969093 9.92303 -0.00320704 -0.0925461 0.0468839
2245.77 0.229828 -0.114914 -9.53786 0.357727 -0.120837 9.93499 -0.00626137 -0.0879646 0.0479529
2245.78 0.229828 -0.0383047 -9.76769 0.376869 -0.111266 9.92662 -0.00213803 -0.0954477 0.0433714
2245.8 0.0766094 -0.114914 -9.806 0.413958 -0.0981057 9.93859 -0.00229074 -0.0905607 0.044135
2245.82 0.114914 0.0 -9.53786 0.40678 -0.0849452 9.91227 -0.00534507 -0.0887282 0.0450513
2245.83 0.153219 -0.0766094 -9.69109 0.422333 -0.0693918 9.91944 -0.00458149 -0.0890336 0.0424551
2245.85 0.114914 0.0766094 -9.76769 0.424726 -0.0514457 9.92901 -0.00244346 -0.090408 0.0442877
2245.87 0.0383047 0.114914 -9.72939 0.451047 -0.0382852 9.93859 -0.00351247 -0.0908662 0.0418443
2245.88 0.153219 -0.0766094 -9.88261 0.407976 -0.0370887 9.92662 -0.00687223 -0.0838412 0.0459676
2245.9 0.229828 -0.114914 -9.69109 0.381655 -0.0334995 9.91824 -0.00427606 -0.0864374 0.044135
2245.92 0.268133 0.0383047 -10.1124 0.374477 -0.0334995 9.92423 -0.00305432 -0.0910189 0.0465785
2245.93 0.191523 0.0 -9.65278 0.391226 -0.0370887 9.93021 -0.00305432 -0.0910189 0.0468839
2245.95 0.344742 0.0 -9.69109 0.37328 -0.0430708 9.9326 -0.00366519 -0.0908662 0.0455095
2245.96 0.153219 -0.0766094 -10.0741 0.364905 -0.0717846 9.91944 -0.00305432 -0.0925461 0.047342
2245.98 0.306437 -0.114914 -9.76769 0.362513 -0.0646062 9.92662 -0.00397062 -0.0907135 0.0478002
2246.0 0.306437 -0.0383047 -9.61448 0.39003 -0.0801595 9.93739 -0.0018326 -0.0917825 0.0471893
2246.01 0.191523 0.0383047 -9.72939 0.378066 -0.0765703 9.93021 -0.00290161 -0.091477 0.0445931
2246.03 0.114914 -0.0383047 -10.1507 0.354138 -0.0526421 9.92184 -0.0056505 -0.0881173 0.0432187
2246.05 0.191523 0.153219 -9.76769 0.355334 -0.0538385 9.91944 -0.0056505 -0.0897971 0.0442877
2246.06 0.268133 0.0383047 -9.61448 0.338584 -0.0370887 9.93021 -0.00702495 -0.0875064 0.0453567
2246.08 0.229828 0.0766094 -9.806 0.34337 -0.0382852 9.94935 -0.00549779 -0.0896445 0.0447459
2246.1 0.306437 0.0383047 -9.92091 0.319442 -0.0323031 9.92782 -0.00580322 -0.0896445 0.0447459
2246.11 0.229828 -0.0766094 -9.46126 0.307478 -0.0370887 9.93978 -0.00381791 -0.0940732 0.0476475
2246.13 0.229828 -0.0383047 -9.65278 0.288335 -0.0454636 9.9314 -0.00534507 -0.0925461 0.0494801
2246.14 0.268133 -0.0383047 -9.69109 0.317049 -0.0813559 9.92303 -0.00824668 -0.0859793 0.0499382
2246.16 0.114914 0.0 -9.46126 0.338584 -0.106481 9.92662 -0.00366519 -0.0956004 0.0494801
2246.18 0.268133 0.0383047 -9.88261 0.361316 -0.133998 9.91107 -0.00335976 -0.0943787 0.0490219
2246.2 0.268133 -0.153219 -9.69109 0.361316 -0.133998 9.92303 -0.00702495 -0.0890336 0.0505491
2246.21 0.268133 -0.114914 -9.806 0.399601 -0.145962 9.92901 -0.00977384 -0.0852157 0.0507018
2246.23 0.191523 0.0383047 -9.806 0.417547 -0.151944 9.94218 -0.00381791 -0.0923933 0.0444404
2246.24 0.114914 -0.0766094 -9.72939 0.417547 -0.153141 9.92662 -0.00488692 -0.0890336 0.0456622
2246.26 0.0383047 -0.153219 -9.65278 0.429512 -0.122034 9.93978 -0.00229074 -0.0946841 0.0413861
2246.28 0.229828 -0.0766094 -9.69109 0.413958 -0.116052 9.9326 -0.00274889 -0.0907135 0.0439823
2246.29 0.229828 -0.114914 -9.92091 0.410369 -0.100499 9.91585 -0.00213803 -0.090408 0.0415388
2246.31 0.153219 -0.0766094 -9.76769 0.381655 -0.087338 9.92901 -0.0074831 -0.0823141 0.0445931
2246.33 0.191523 -0.0383047 -9.88261 0.376869 -0.0789631 9.93021 -0.00305432 -0.0926988 0.0423024
2246.34 0.153219 -0.153219 -10.0358 0.374477 -0.0813559 9.93739 -0.00412334 -0.0891863 0.0450513
2246.36 0.191523 0.0 -9.69109 0.355334 -0.0777667 9.91944 -0.00503964 -0.0881173 0.0476475
2246.38 0.191523 -0.0383047 -9.72939 0.379262 -0.0813559 9.92782 -0.00137445 -0.0936151 0.0442877
2246.39 0.191523 0.0383047 -9.72939 0.382851 -0.09332 9.92543 -0.000305433 -0.0926988 0.0435241
2246.41 0.344742 0.0 -9.76769 0.392423 -0.100499 9.92423 -0.00335976 -0.0916298 0.0448986
2246.43 0.306437 0.0 -9.95922 0.391226 -0.0909272 9.92901 -0.00641408 -0.0818559 0.0467312
2246.44 0.229828 -0.0766094 -9.69109 0.381655 -0.0729811 9.93619 0.000152716 -0.091477 0.0418443
2246.46 0.229828 -0.0766094 -9.61448 0.37328 -0.0502493 9.94457 -0.00442877 -0.0884227 0.0410807
2246.48 0.344742 0.0 -9.8443 0.362513 -0.0346959 9.92543 -0.00595593 -0.0847575 0.0410807
2246.49 0.191523 0.0766094 -9.8443 0.333799 -0.0251246 9.92064 -0.00366519 -0.0905607 0.0403171
2246.51 0.306437 -0.0766094 -9.65278 0.319442 -0.0251246 9.93021 -0.00320704 -0.0899499 0.043066
2246.53 0.268133 0.0383047 -9.57617 0.311067 -0.0239282 9.90868 -0.00473421 -0.0855211 0.0464257
2246.54 0.229828 -0.0766094 -9.57617 0.312263 -0.0239282 9.91944 -0.00488692 -0.0905607 0.047342
2246.56 0.0766094 -0.0383047 -10.1124 0.32662 -0.0334995 9.93499 -0.00274889 -0.0948368 0.0474948
2246.58 0.191523 -0.0383047 -9.76769 0.332602 -0.0287139 9.90868 -0.00458149 -0.0926988 0.0484111
2246.59 0.153219 0.0 -9.69109 0.350548 -0.0717846 9.90868 -0.00473421 -0.0931569 0.0476475
2246.61 0.344742 0.0383047 -9.8443 0.392423 -0.0885344 9.93859 -0.00702495 -0.0894917 0.0507018
2246.63 0.306437 0.0383047 -9.72939 0.411565 -0.106481 9.91824 -0.00335976 -0.0948368 0.0470366
2246.64 0.268133 -0.114914 -9.65278 0.412762 -0.111266 9.92423 -0.00351247 -0.0908662 0.0467312
2246.66 0.153219 -0.114914 -9.806 0.411565 -0.0969093 9.92064 -0.00305432 -0.0934624 0.0455095
2246.68 0.114914 -0.0766094 -10.0358 0.410369 -0.107677 9.91824 -0.00595593 -0.0885754 0.0445931
2246.69 0.0383047 -0.114914 -9.65278 0.40678 -0.0885344 9.93619 -0.00427606 -0.0908662 0.0439823
2246.71 0.0766094 -0.114914 -9.806 0.385244 -0.0801595 9.9326 -0.00733038 -0.0858265 0.046273
2246.73 0.306437 -0.0383047 -9.61448 0.370887 -0.0658026 9.92303 -0.0018326 -0.0923933 0.0444404
2246.74 0.229828 -0.0766094 -9.72939 0.342173 -0.0741775 9.92423 -0.00412334 -0.0911716 0.0447459
2246.76 0.306437 0.0 -9.806 0.351745 -0.0681954 9.93859 -0.00671952 -0.0856738 0.0474948
2246.78 0.229828 -0.114914 -9.8443 0.349352 -0.0849452 9.92303 -0.00687223 -0.08827 0.0484111
2246.79 0.306437 -0.114914 -9.65278 0.354138 -0.108873 9.92064 -0.00503964 -0.0888809 0.0474948
2246.81 0.0383047 -0.191523 -9.72939 0.385244 -0.105284 9.92423 -0.00458149 -0.0885754 0.0485638
2246.83 0.114914 -0.0383047 -9.30804 0.39003 -0.116052 9.92543 -0.00580322 -0.0853684 0.0500909
2246.84 0.191523 -0.0383047 -9.806 0.410369 -0.117248 9.94696 -0.00427606 -0.0897971 0.0442877
2246.86 0.153219 0.0766094 -9.65278 0.400798 -0.124427 9.93021 -0.00488692 -0.0884227 0.045204
2246.88 0.268133 -0.0766094 -9.76769 0.396012 -0.105284 9.92901 -0.00381791 -0.0907135 0.0432187
2246.89 0.0766094 -0.0383047 -9.76769 0.368495 -0.0849452 9.9338 -0.00244346 -0.0930042 0.0412334
2246.91 0.344742 -0.153219 -9.69109 0.350548 -0.0598205 9.9338 -0.00366519 -0.0876591 0.0433714
2246.92 0.153219 -0.0766094 -9.65278 0.336191 -0.0502493 9.9326 -0.00229074 -0.0911716 0.0423024
2246.94 0.344742 0.0383047 -9.69109 0.319442 -0.0454636 9.93021 -0.00290161 -0.0897971 0.0427606
2246.96 0.229828 -0.0383047 -9.57617 0.342173 -0.0382852 9.93619 -0.00335976 -0.0923933 0.0426078
2246.97 0.114914 -0.0766094 -9.8443 0.320638 -0.0442672 9.94337 -0.00320704 -0.0936151 0.045204
2246.99 0.153219 -0.0766094 -9.806 0.344566 -0.0514457 9.9326 -0.000763581 -0.0954477 0.044135
2247.01 0.191523 -0.114914 -9.61448 0.378066 -0.0753739 9.92901 -0.00274889 -0.0937678 0.0478002
2247.02 0.0 -0.153219 -9.49956 0.405583 -0.0909272 9.93021 -0.00213803 -0.0928515 0.0450513
2247.04 0.114914 -0.114914 -9.72939 0.431904 -0.101695 9.91944 -0.00626137 -0.0856738 0.0470366
2247.06 0.153219 -0.0766094 -9.8443 0.427119 -0.0909272 9.92303 -0.00442877 -0.0907135 0.0448986
2247.07 0.191523 -0.153219 -9.88261 0.415155 -0.0909272 9.92184 -0.0018326 -0.0934624 0.0426078
2247.09 0.153219 -0.0766094 -9.38465 0.417547 -0.066999 9.92423 -0.00320704 -0.089339 0.0426078
2247.11 0.0 -0.153219 -9.57617 0.398405 -0.066999 9.92782 -0.000458149 -0.0942259 0.0407752
2247.12 0.229828 -0.0383047 -9.53786 0.345763 -0.0622134 9.92423 -0.00244346 -0.0916298 0.0403171
2247.14 0.268133 -0.0383047 -9.42295 0.348156 -0.0490528 9.94935 -0.00198531 -0.0922406 0.0427606
2247.16 0.229828 -0.0383047 -9.65278 0.323031 -0.0311067 9.92303 -0.00442877 -0.0876591 0.0442877
2247.17 0.268133 0.0383047 -9.76769 0.332602 -0.0346959 9.93021 -0.00213803 -0.0913243 0.0456622
2247.19 0.268133 -0.0766094 -9.53786 0.332602 -0.0323031 9.91346 -0.00412334 -0.0887282 0.0488692
2247.21 0.114914 -0.0383047 -9.49956 0.355334 -0.0442672 9.93859 -0.0018326 -0.0910189 0.0478002
2247.22 0.191523 0.0383047 -9.65278 0.378066 -0.0550349 9.92423 -0.00809396 -0.087201 0.0491747
2247.24 0.229828 -0.0766094 -9.42295 0.392423 -0.0729811 9.93021 -0.00595593 -0.08827 0.0503964
2247.25 0.153219 -0.153219 -9.61448 0.388834 -0.0705882 9.93739 -0.00397062 -0.0916298 0.0488692
2247.27 0.229828 -0.114914 -9.88261 0.384048 -0.0909272 9.92662 -0.00397062 -0.0939205 0.0455095
2247.29 0.229828 -0.0383047 -9.72939 0.361316 -0.0909272 9.92782 -0.00305432 -0.0923933 0.0436769
2247.3 0.268133 -0.0766094 -9.57617 0.346959 -0.0945165 9.9314 -0.00427606 -0.0902553 0.0423024
2247.32 0.344742 -0.114914 -9.65278 0.329013 -0.0777667 9.92782 -0.00763582 -0.0879646 0.0470366
2247.33 0.306437 -0.191523 -9.65278 0.32662 -0.0813559 9.94098 -0.00473421 -0.0913243 0.0453567
2247.35 0.344742 -0.0766094 -9.61448 0.324227 -0.0837488 9.93739 -0.00198531 -0.0977384 0.0436769
2247.37 0.268133 0.0 -9.95922 0.31346 -0.0490528 9.92901 -0.00687223 -0.0867428 0.0478002
2247.38 0.229828 -0.0383047 -9.72939 0.348156 -0.061017 9.93619 -0.00290161 -0.0940732 0.0455095
2247.4 0.268133 -0.0383047 -9.806 0.35653 -0.0490528 9.92423 -0.00763582 -0.0865901 0.0487165
2247.42 0.191523 -0.0383047 -9.88261 0.416351 -0.0813559 9.93739 -0.00290161 -0.095295 0.0471893
2247.43 0.191523 -0.114914 -9.61448 0.412762 -0.113659 9.92423 -0.00458149 -0.0907135 0.0490219
2247.45 0.268133 -0.0766094 -9.61448 0.430708 -0.100499 9.91824 -0.00366519 -0.0923933 0.0488692
2247.47 0.229828 0.0 -9.65278 0.44985 -0.125623 9.9314 -0.000610865 -0.0956004 0.0464257
2247.48 0.306437 0.0 -9.53786 0.410369 -0.129212 9.92662 -0.00335976 -0.0943787 0.0448986
2247.5 0.191523 -0.0383047 -9.806 0.397208 -0.124427 9.92184 -0.00335976 -0.0896445 0.0447459
2247.52 0.153219 -0.114914 -9.69109 0.387637 -0.125623 9.91346 -0.00274889 -0.0905607 0.0448986
2247.53 0.153219 -0.191523 -9.42295 0.358923 -0.112463 9.91705 -0.00458149 -0.0881173 0.0426078
2247.55 0.229828 -0.0766094 -9.806 0.35653 -0.0969093 9.92064 -0.000458149 -0.0933096 0.0389426
2247.57 0.229828 -0.0766094 -9.76769 0.355334 -0.0813559 9.92423 0.000458149 -0.0945314 0.0383318
2247.58 0.114914 -0.153219 -9.76769 0.355334 -0.0526421 9.92901 -0.00152716 -0.0939205 0.0410807
2247.6 0.153219 0.0 -9.49956 0.397208 -0.040678 9.93739 -0.00412334 -0.0887282 0.0426078
2247.62 0.229828 -0.153219 -9.69109 0.393619 -0.0346959 9.92782 -0.00213803 -0.0925461 0.0436769
2247.63 -0.0383047 0.0 -9.72939 0.405583 -0.0370887 9.91346 -0.00381791 -0.0862847 0.045204
2247.65 0.268133 -0.0383047 -9.92091 0.396012 -0.0442672 9.92423 -0.00442877 -0.0896445 0.0445931
2247.67 0.153219 -0.0383047 -9.53786 0.39003 -0.0622134 9.9326 -0.00152716 -0.0922406 0.0445931
2247.68 0.0383047 -0.0766094 -9.61448 0.37328 -0.0646062 9.92303 -0.0065668 -0.0821613 0.0478002
2247.7 0.268133 -0.153219 -9.61448 0.362513 -0.09332 9.91107 -0.00366519 -0.0890336 0.0447459
2247.72 0.114914 0.0 -9.69109 0.349352 -0.0957129 9.94576 -0.00427606 -0.08827 0.0429133
2247.73 0.268133 -0.0766094 -9.46126 0.332602 -0.0801595 9.94696 -0.00580322 -0.0853684 0.0424551
2247.75 0.306437 -0.153219 -9.76769 0.31346 -0.087338 9.91944 -0.00198531 -0.0899499 0.0412334
2247.77 0.344742 -0.153219 -9.72939 0.30987 -0.0598205 9.9326 -0.000916298 -0.0945314 0.0421497
2247.78 0.153219 0.0 -9.69109 0.31346 -0.0574277 9.91585 -0.00335976 -0.0923933 0.0424551
2247.8 0.229828 0.0 -9.69109 0.336191 -0.0299103 9.91346 0.000305433 -0.0949895 0.0418443
2247.82 0.0383047 0.0 -9.72939 0.362513 -0.0251246 9.91705 -0.00397062 -0.0916298 0.0433714
2247.83 0.268133 -0.0766094 -9.69109 0.369691 -0.026321 9.91227 -0.00290161 -0.0933096 0.046273
2247.85 0.0766094 -0.0383047 -9.46126 0.358923 -0.0275174 9.90987 -0.00259618 -0.0951423 0.0471893
2247.87 0.153219 -0.0766094 -9.49956 0.384048 -0.0394815 9.92184 -0.00473421 -0.0923933 0.047342
2247.88 0.153219 0.0 -9.65278 0.372084 -0.0598205 9.92543 -0.00412334 -0.0922406 0.0496328
2247.9 0.0383047 -0.191523 -9.8443 0.362513 -0.0777667 9.91585 -0.00442877 -0.0907135 0.0485638
2247.92 0.344742 -0.114914 -10.1507 0.352941 -0.117248 9.93499 -0.00167988 -0.0946841 0.0458149
2247.93 0.268133 0.0 -9.99752 0.357727 -0.111266 9.92423 -0.00335976 -0.0939205 0.0471893
2247.95 0.229828 0.0383047 -9.61448 0.349352 -0.12682 9.92184 -0.00610865 -0.0910189 0.0470366
2247.96 0.191523 -0.114914 -9.76769 0.364905 -0.108873 9.92543 -0.00641408 -0.0894917 0.0470366
2247.98 0.0766094 0.0 -9.92091 0.370887 -0.0825523 9.93739 -0.00351247 -0.0928515 0.0439823
2248.0 0.191523 -0.0766094 -9.65278 0.391226 -0.0646062 9.9338 -0.00427606 -0.0923933 0.0450513
2248.01 0.153219 -0.0766094 -9.72939 0.412762 -0.0490528 9.93859 -0.0074831 -0.0899499 0.0461203
2248.03 0.229828 0.0766094 -9.92091 0.421137 -0.0430708 9.94337 -0.00152716 -0.0951423 0.0432187
2248.05 0.153219 0.0 -9.69109 0.431904 -0.0514457 9.94815 -0.00733038 -0.0873537 0.0468839
2248.06 0.114914 -0.153219 -9.88261 0.440279 -0.0526421 9.94935 -0.00534507 -0.0896445 0.047342
2248.08 0.229828 -0.0383047 -9.92091 0.407976 -0.0753739 9.92901 -0.00290161 -0.0934624 0.0467312
2248.1 0.114914 0.0 -9.72939 0.394816 -0.107677 9.92662 -0.00626137 -0.0858265 0.0496328
2248.11 0.0 0.0 -9.76769 0.381655 -0.117248 9.92064 -0.00412334 -0.0913243 0.047342
2248.13 0.229828 -0.0766094 -9.76769 0.380459 -0.130409 9.92782 -0.00381791 -0.0931569 0.0461203
2248.15 0.306437 -0.153219 -9.88261 0.363709 -0.136391 9.9326 -0.00122173 -0.0945314 0.041997
2248.16 0.153219 -0.0383047 -9.57617 0.357727 -0.129212 9.92064 -0.00305432 -0.0887282 0.0433714
2248.18 0.229828 -0.153219 -9.76769 0.380459 -0.119641 9.93619 0.000458149 -0.0945314 0.0404698
2248.2 0.191523 -0.191523 -9.69109 0.393619 -0.0993021 9.94218 -0.00580322 -0.0867428 0.0426078
2248.21 0.344742 -0.114914 -10.0358 0.392423 -0.0646062 9.93499 -0.00320704 -0.0881173 0.0403171
2248.23 0.191523 0.0383047 -9.69109 0.403191 -0.0658026 9.93619 -0.00412334 -0.0897971 0.0403171
2248.25 0.0766094 0.0383047 -9.65278 0.398405 -0.0442672 9.93978 -0.000763581 -0.0959058 0.0387899
2248.26 0.306437 0.0383047 -9.53786 0.367298 -0.0370887 9.92543 -0.00427606 -0.0865901 0.0429133
2248.28 0.191523 0.0766094 -9.88261 0.344566 -0.040678 9.91705 -0.00351247 -0.090408 0.0455095
2248.29 0.191523 -0.0766094 -9.72939 0.348156 -0.0454636 9.93859 -0.000152716 -0.0942259 0.0423024
2248.31 0.229828 -0.0766094 -9.95922 0.32662 -0.0705882 9.9314 -0.00626137 -0.0849102 0.0476475
2248.33 0.229828 -0.153219 -9.88261 0.315852 -0.09332 9.93859 -0.00244346 -0.0890336 0.0456622
2248.34 0.268133 0.0 -9.72939 0.300299 -0.0897308 9.9314 -0.00366519 -0.0873537 0.047342
2248.36 0.229828 0.0 -9.8443 0.293121 -0.102891 9.92303 -0.00503964 -0.0856738 0.0467312
2248.38 0.268133 -0.0766094 -9.8443 0.30987 -0.087338 9.92064 -0.00106901 -0.0940732 0.0429133
2248.39 0.191523 -0.153219 -9.72939 0.334995 -0.0705882 9.94218 -0.00290161 -0.0925461 0.0413861
2248.41 0.229828 0.114914 -9.806 0.332602 -0.0430708 9.92662 -0.00198531 -0.090408 0.0400117
2248.43 0.191523 0.153219 -9.69109 0.364905 -0.0251246 9.91944 -0.00351247 -0.0920879 0.0435241
2248.44 0.0383047 -0.0766094 -9.806 0.367298 -0.0239282 9.90987 -0.00381791 -0.0920879 0.0439823
2248.46 0.229828 0.0766094 -9.92091 0.378066 -0.00957129 9.90987 -0.00641408 -0.0864374 0.0481056
2248.48 0.191523 0.0766094 -9.76769 0.36012 -0.0239282 9.90269 -0.00335976 -0.0920879 0.0455095
2248.49 0.114914 0.0766094 -9.65278 0.368495 -0.0287139 9.91466 -0.00595593 -0.0888809 0.0485638
2248.51 0.229828 -0.114914 -9.49956 0.357727 -0.040678 9.92543 -0.00671952 -0.0876591 0.0526871
2248.53 0.191523 -0.114914 -9.65278 0.379262 -0.0681954 9.92064 -0.00427606 -0.0949895 0.0488692
2248.54 0.153219 -0.0383047 -9.76769 0.366102 -0.0909272 9.92662 -0.00763582 -0.08827 0.052229
2248.56 0.191523 -0.0383047 -9.65278 0.370887 -0.114855 9.93021 -0.00320704 -0.0922406 0.0474948
2248.58 0.229828 -0.0766094 -9.49956 0.394816 -0.0921237 9.92782 -0.00503964 -0.0925461 0.0487165
2248.59 0.0 -0.0766094 -9.72939 0.415155 -0.112463 9.9314 -0.00595593 -0.0907135 0.0461203
2248.61 0.0766094 -0.0766094 -9.61448 0.428315 -0.104088 9.93859 -0.00626137 -0.0899499 0.0461203
2248.63 0.114914 -0.0383047 -9.49956 0.431904 -0.087338 9.91944 -0.00733038 -0.0879646 0.0465785
2248.64 0.191523 0.0383047 -9.72939 0.435494 -0.0813559 9.92662 -0.00427606 -0.0934624 0.0415388
2248.66 0.0383047 0.0 -9.72939 0.434297 -0.0837488 9.94337 -0.00580322 -0.0862847 0.0450513
2248.68 -0.0383047 -0.0383047 -9.69109 0.41994 -0.0741775 9.92064 -0.00473421 -0.0881173 0.0436769
2248.69 0.191523 -0.0766094 -9.72939 0.387637 -0.0789631 9.92662 -0.00274889 -0.0920879 0.0427606
2248.71 0.268133 -0.0766094 -9.76769 0.376869 -0.0909272 9.91107 -0.00519235 -0.0888809 0.0461203
2248.73 0.306437 0.0 -9.76769 0.372084 -0.113659 9.93021 -0.00458149 -0.091477 0.046273
2248.74 0.268133 -0.114914 -9.806 0.366102 -0.125623 9.93859 -0.00717767 -0.0835358 0.0481056
2248.76 0.153219 -0.0383047 -9.8443 0.349352 -0.148355 9.91585 -0.000763581 -0.0957531 0.0436769
