314.108 0.114914 0.0766094 -10.1124 0.569491 -0.0227318 10.148 0.0235183 -0.0612392 0.00320704
314.124 0.191523 0.114914 -9.49956 0.357727 0.00358923 9.82732 0.0279471 -0.0523817 0.0290161
314.141 0.306437 0.153219 -9.38465 0.22014 0.0574277 9.7005 0.0280998 -0.0508545 0.0633773
314.158 0.383047 0.191523 -9.49956 0.040678 0.144766 9.66221 0.0280998 -0.0534507 0.0713185
314.174 0.306437 0.153219 -9.38465 0.0275174 0.128016 9.85484 0.0270308 -0.0675006 0.0600175
314.191 0.421352 0.153219 -9.92091 0.0562313 0.0729811 9.98644 0.0245873 -0.0792598 0.0378736
314.207 0.344742 0.153219 -10.0358 0.26321 0.0514457 10.1695 0.0219911 -0.0777326 0.0448986
314.224 0.0766094 0.153219 -9.92091 0.494118 0.122034 10.1551 0.0242819 -0.0762054 0.0864374
314.241 -0.0383047 0.153219 -9.57617 0.492921 0.232104 9.97448 0.0244346 -0.0649044 0.144011
314.257 0.268133 0.229828 -9.57617 0.378066 0.260818 9.87398 0.0210748 -0.057574 0.15684
314.274 0.459656 0.344742 -9.57617 0.142373 0.248853 9.82492 0.0114537 -0.0528398 0.111177
314.29 0.421352 0.344742 -9.53786 0.0299103 0.362513 9.83091 0.00305432 -0.0589485 0.0600175
314.307 0.191523 0.268133 -9.72939 0.0909272 0.385244 9.85843 -0.00839939 -0.0720821 0.0557414
314.323 0.0766094 0.344742 -9.806 0.479761 0.281157 9.97089 -0.0169515 -0.0720821 0.0641408
314.338 0.0766094 0.153219 -10.0741 0.460618 0.0275174 9.96251 -0.0319177 -0.0600175 0.0291688
314.354 0.459656 0.0383047 -9.61448 0.221336 -0.0502493 9.98764 -0.0342084 -0.0507018 -0.00946841
314.369 0.57457 0.0766094 -9.53786 -0.150748 -0.0705882 9.90987 -0.0319177 -0.0549779 -0.0659734
314.385 0.65118 -0.0766094 -9.65278 -0.196211 -0.0813559 9.94935 -0.0148135 -0.0798706 -0.033903
314.401 0.383047 -0.0383047 -9.8443 -0.0430708 -0.0215354 9.99362 -0.00534507 -0.0934624 0.00488692
314.415 0.268133 0.0766094 -9.8443 0.240479 0.0155533 10.0606 0.00503964 -0.100335 0.0901026
314.431 0.191523 0.0766094 -9.88261 0.329013 0.020339 10.0522 0.00458149 -0.0942259 0.121104
314.447 0.0383047 0.114914 -9.806 0.479761 0.0358923 9.93619 0.00290161 -0.0842994 0.133627
314.462 0.0766094 0.114914 -9.57617 0.496511 0.0239282 9.83809 0.00580322 -0.0783434 0.0792598
314.478 0.268133 0.191523 -9.65278 0.394816 0.040678 9.79502 0.00549779 -0.0682642 0.0482583
316.175 0.268133 -0.229828 -9.69109 0.288335 -0.271585 9.95892 -0.0751364 -0.0659734 -0.610712
316.192 0.191523 -0.306437 -9.72939 0.297906 -0.265603 9.91466 -0.0720821 -0.0661261 -0.626137
316.208 0.153219 -0.153219 -9.57617 0.358923 -0.284746 9.94098 -0.0665843 -0.0740674 -0.660803
316.224 0.268133 -0.268133 -9.61448 0.272782 -0.271585 9.98644 -0.0603229 -0.0778853 -0.611323
316.24 0.344742 -0.306437 -9.49956 0.215354 -0.30987 9.95773 -0.0572686 -0.0734565 -0.580933
316.256 0.306437 -0.421352 -9.61448 0.0658026 -0.425922 9.91107 -0.0476475 -0.0765108 -0.602313
316.273 -0.114914 -0.612875 -9.57617 0.526421 -0.805184 9.90269 -0.0352775 -0.076969 -0.633773
316.289 0.344742 -0.344742 -10.0741 0.459422 -0.664008 10.0475 -0.0251982 -0.0733038 -0.59483
316.306 0.344742 -0.153219 -9.72939 0.26321 -0.368495 10.0451 -0.020464 -0.0687223 -0.636827
316.323 0.421352 -0.268133 -9.57617 0.151944 -0.282353 9.89073 0.000458149 -0.0616974 -0.733344
316.339 0.383047 -0.229828 -9.46126 0.120837 -0.312263 9.7986 0.014508 -0.0655153 -0.837954
316.356 0.344742 -0.268133 -9.95922 0.0215354 -0.285942 9.85843 0.0166461 -0.0745255 -0.882547
316.372 0.459656 -0.229828 -9.92091 0.0370887 -0.259621 10.0798 0.0216857 -0.0864374 -0.968527
316.389 0.383047 -0.229828 -9.8443 0.155533 -0.240479 10.075 0.0244346 -0.087201 -1.00167
316.406 0.191523 -0.114914 -9.46126 0.178265 -0.087338 9.98883 0.0270308 -0.0916298 -1.00472
316.421 0.57457 0.0 -9.53786 -0.0921237 -0.107677 9.68016 0.0290161 -0.0907135 -0.969748
316.438 0.497961 -0.0766094 -9.88261 -0.117248 -0.0239282 10.2042 0.0340557 -0.0960585 -0.809855
316.453 0.536266 -0.114914 -10.3423 -0.0394815 0.00717846 10.2078 0.0394008 -0.100182 -0.689209
316.47 0.497961 -0.0766094 -10.1124 -0.0849452 -0.0239282 10.3693 0.0400117 -0.106443 -0.53298
316.487 0.57457 0.114914 -9.69109 0.0514457 -0.122034 9.91944 0.0300851 -0.129198 -0.680962
316.503 0.497961 0.229828 -9.65278 0.102891 -0.0813559 9.77229 0.0178678 -0.150578 -1.08093
316.52 0.344742 0.229828 -9.26973 0.397208 -0.00957129 9.74716 0.00977384 -0.152564 -1.33062
316.536 0.306437 0.306437 -9.49956 0.440279 0.12323 9.69571 -0.0018326 -0.158672 -1.89383
316.553 0.0 0.0766094 -9.57617 0.480957 0.0311067 9.8668 -0.0187841 -0.152869 -2.25318
316.57 0.114914 0.344742 -10.189 0.498903 0.0358923 10.2891 -0.0233656 -0.148593 -2.34511
316.586 -0.229828 0.153219 -10.1507 0.508475 0.0646062 10.2604 -0.0322231 -0.13775 -2.40849
316.603 0.0 0.268133 -9.49956 0.384048 0.190229 9.74836 -0.0357356 -0.122631 -2.28326
316.619 0.0766094 0.229828 -9.49956 0.308674 0.238086 9.59043 -0.0372628 -0.116064 -2.18797
316.636 0.268133 0.383047 -9.65278 0.199801 0.246461 9.6981 -0.0403171 -0.110719 -2.02624
316.652 0.306437 0.268133 -9.61448 0.0418744 0.374477 9.84048 -0.0482583 -0.11469 -1.95355
316.668 0.306437 0.421352 -9.88261 0.0538385 0.37328 9.93978 -0.0609338 -0.125838 -1.90452
316.685 0.383047 0.306437 -10.0358 -0.020339 0.399601 10.1145 -0.0702495 -0.127518 -1.8862
316.701 0.383047 0.191523 -10.304 0.0574277 0.247657 10.1731 -0.0824668 -0.14508 -1.8245
316.718 0.344742 0.191523 -10.0358 0.153141 0.157926 10.0152 -0.090408 -0.156534 -1.73196
316.735 0.268133 0.229828 -9.88261 0.27996 0.235693 10.1085 -0.0962113 -0.160658 -1.66888
316.751 0.229828 0.383047 -9.92091 0.273978 0.21655 9.89552 -0.10736 -0.163559 -1.64277
316.768 0.344742 0.191523 -9.07821 0.118445 0.184247 9.51266 -0.117286 -0.163406 -1.67148
316.783 0.459656 0.344742 -9.42295 0.0215354 0.149551 9.56889 -0.119119 -0.16982 -1.64979
316.8 0.383047 0.0 -9.8443 0.0490528 -0.0299103 10.1049 -0.122784 -0.186925 -1.5632
316.817 0.459656 0.0383047 -10.304 0.102891 -0.0394815 10.526 -0.125075 -0.208763 -1.62643
316.833 0.344742 0.114914 -9.8443 0.247657 -0.0741775 10.2628 -0.1237 -0.218384 -1.67789
316.849 0.0383047 0.114914 -9.49956 0.369691 0.0167498 9.83569 -0.119882 -0.227242 -1.7344
316.866 0.0 0.229828 -9.53786 0.415155 0.114855 9.56411 -0.120035 -0.231212 -1.70752
316.882 -0.0383047 0.191523 -9.34634 0.514457 0.0909272 9.67537 -0.121409 -0.230449 -1.6136
316.899 -0.114914 0.0383047 -9.76769 0.564706 0.138784 9.97328 -0.124769 -0.229227 -1.55954
316.915 -0.0383047 0.114914 -10.0741 0.535992 0.0789631 10.2855 -0.134848 -0.224951 -1.42851
316.932 0.114914 0.0766094 -9.69109 0.410369 0.0358923 10.0618 -0.142179 -0.227242 -1.33382
316.949 0.114914 -0.153219 -9.61448 0.352941 -0.0299103 9.81894 -0.14447 -0.230296 -1.30252
316.964 0.0766094 -0.0766094 -9.57617 0.40678 -0.101695 9.78066 -0.152105 -0.240375 -1.20371
316.982 0.0 -0.114914 -9.49956 0.54676 -0.18664 10.0869 -0.15012 -0.24343 -1.05924
316.997 0.0 -0.191523 -9.806 0.538385 -0.171087 10.1827 -0.146608 -0.244804 -1.00182
317.014 -0.153219 -0.0383047 -9.72939 0.655633 -0.122034 10.1168 -0.141568 -0.246637 -0.948826
317.03 -0.268133 -0.268133 -9.49956 0.701097 -0.141176 9.86441 -0.130878 -0.255494 -0.836885
317.045 -0.344742 -0.421352 -9.30804 0.821934 -0.301496 9.72323 -0.13042 -0.249844 -0.731816
317.062 -0.306437 -0.497961 -9.46126 0.894915 -0.441475 9.7986 -0.1237 -0.254883 -0.4751
317.077 -0.306437 -0.536266 -9.46126 0.908076 -0.44985 9.69212 -0.120493 -0.251524 -0.251676
317.094 -0.421352 -0.459656 -9.806 1.07198 -0.545563 9.98046 -0.112705 -0.248928 -0.189826
317.111 -0.383047 -0.459656 -9.92091 1.13898 -0.591027 10.0762 -0.103542 -0.233656 -0.101098
317.126 -0.306437 -0.344742 -9.65278 1.17129 -0.556331 9.91585 -0.0969748 -0.221591 -0.0745255
317.144 -0.306437 -0.344742 -9.30804 1.16291 -0.522831 9.82732 -0.0937678 -0.208458 -0.113468
317.16 -0.344742 -0.383047 -9.38465 1.20239 -0.506082 9.61914 -0.0846048 -0.202807 -0.249538
317.176 -0.344742 -0.229828 -9.61448 1.35912 -0.333799 9.85962 -0.0781907 -0.19059 -0.388663
317.193 -0.842703 -0.229828 -9.69109 1.42971 -0.289531 9.9661 -0.0745255 -0.182343 -0.41493
317.209 -0.881008 -0.191523 -9.53786 1.5015 -0.315852 10.0857 -0.0668897 -0.164475 -0.382096
317.226 -0.65118 -0.153219 -9.72939 1.38903 -0.251246 9.94337 -0.0638354 -0.142637 -0.342237
317.242 -0.65118 -0.268133 -9.69109 1.43928 -0.289531 9.84646 -0.0630718 -0.122631 -0.344986
317.259 -0.612875 -0.306437 -9.57617 1.39023 -0.27996 9.79143 -0.0696386 -0.100182 -0.395535
317.276 -0.497961 -0.114914 -9.72939 1.45244 -0.259621 9.95892 -0.0720821 -0.0772744 -0.555582
317.292 -0.65118 -0.191523 -9.69109 1.45962 -0.162712 9.88834 -0.0818559 -0.0537561 -0.65332
317.309 -0.65118 -0.153219 -9.72939 1.4333 -0.137587 9.99123 -0.0842994 -0.0384845 -0.655611
317.325 -0.727789 -0.153219 -9.38465 1.37468 -0.160319 9.95174 -0.0878119 -0.0155771 -0.585972
317.342 -0.727789 -0.191523 -9.49956 1.32682 -0.248853 9.81775 -0.0922406 0.00839939 -0.466395
317.359 -0.65118 -0.383047 -9.30804 1.28734 -0.340977 9.7017 -0.0916298 0.0171042 -0.353385
317.375 -0.459656 -0.344742 -9.806 1.19043 -0.470189 9.86919 -0.0901026 0.0346666 -0.314137
317.392 -0.459656 -0.383047 -9.53786 1.07079 -0.5001 9.80937 -0.0865901 0.0450513 -0.273057
317.408 -0.421352 -0.421352 -9.88261 1.07557 -0.485743 9.99721 -0.0876591 0.0555887 -0.255494
317.424 -0.383047 -0.459656 -9.65278 0.989432 -0.467797 10.1061 -0.0842994 0.0642935 -0.229533
317.44 -0.229828 -0.383047 -9.49956 0.886541 -0.491725 9.9338 -0.0792598 0.0728457 -0.125075
317.456 -0.229828 -0.344742 -9.46126 0.80997 -0.496511 9.7675 -0.0713185 0.0752891 -0.0198531
317.473 -0.153219 -0.421352 -9.46126 0.701097 -0.521635 9.72682 -0.0711658 0.0762054 0.0210748
317.49 -0.0766094 -0.344742 -10.0358 0.637687 -0.506082 9.99362 -0.0670424 0.0759 0.0458149
317.506 -0.153219 -0.344742 -9.69109 0.599402 -0.486939 10.0726 -0.0610865 0.0705549 0.0242819
317.522 0.0383047 -0.497961 -9.57617 0.478564 -0.497707 9.98524 -0.0629191 0.0708604 0.0128282
317.538 0.114914 -0.459656 -9.23143 0.424726 -0.534796 9.82134 -0.0584903 0.0560469 0.0242819
317.555 0.191523 -0.497961 -9.53786 0.391226 -0.573081 9.90748 -0.0571159 0.0464257 0.0461203
317.572 0.191523 -0.344742 -9.806 0.415155 -0.595813 9.95174 -0.0568105 0.0447459 0.0444404
317.588 0.114914 -0.459656 -9.806 0.455832 -0.641276 9.96251 -0.0566577 0.0410807 0.00335976
317.605 0.0383047 -0.459656 -9.76769 0.421137 -0.569491 9.91107 -0.0613919 0.0314596 -0.0319177
317.621 0.229828 -0.536266 -9.57617 0.448654 -0.579063 9.89312 -0.0627664 0.0268781 -0.055436
317.638 0.306437 -0.459656 -9.61448 0.342173 -0.624527 9.96371 -0.0586431 0.0209221 -0.045204
317.655 0.229828 -0.421352 -9.806 0.376869 -0.646062 10.0164 -0.0526871 0.0166461 -0.0561996
317.671 0.229828 -0.383047 -9.46126 0.429512 -0.683151 9.97328 -0.045204 0.00595593 -0.131641
317.688 0.191523 -0.497961 -9.38465 0.381655 -0.683151 9.84407 -0.041997 0.00229074 -0.171653
317.704 0.306437 -0.57457 -9.38465 0.306281 -0.752542 9.74716 -0.0366519 0.000305433 -0.23335
317.721 0.306437 -0.497961 -9.57617 0.2668 -0.747757 9.92543 -0.0282525 -0.00977384 -0.301462
317.738 0.268133 -0.612875 -9.92091 0.178265 -0.748953 10.1085 -0.0242819 -0.0161879 -0.311083
317.754 0.306437 -0.497961 -9.76769 0.155533 -0.689133 10.1109 -0.0200058 -0.0195477 -0.299324
317.77 0.306437 -0.344742 -9.57617 0.16989 -0.654437 9.90269 -0.00534507 -0.0366519 -0.238543
317.785 0.306437 -0.497961 -9.65278 0.191426 -0.665205 9.8668 -0.00106901 -0.0380264 -0.193797
317.802 0.268133 -0.57457 -9.46126 0.183051 -0.701097 9.82971 0.0065668 -0.0474948 -0.10965
317.819 0.229828 -0.536266 -9.46126 0.199801 -0.74656 9.82612 0.0163406 -0.0580322 -0.0552833
317.835 0.268133 -0.57457 -9.76769 0.217747 -0.758524 9.91944 0.0154243 -0.0627664 -0.0531453
317.852 0.153219 -0.459656 -9.8443 0.331406 -0.696311 10.1551 0.0146608 -0.0655153 -0.0647517
317.868 0.344742 -0.383047 -9.53786 0.241675 -0.540778 9.81296 0.010232 -0.0881173 -0.0943787
317.885 0.383047 -0.344742 -9.69109 0.222532 -0.532403 9.83928 0.0172569 -0.0943787 -0.133169
317.902 0.191523 -0.383047 -9.92091 0.307478 -0.537189 10.1348 0.0122173 -0.0888809 -0.145844
317.918 0.229828 -0.421352 -10.0741 0.362513 -0.494118 10.349 0.00320704 -0.0931569 -0.143553
317.935 0.191523 -0.306437 -9.61448 0.392423 -0.457029 9.8333 0.00229074 -0.0945314 -0.108581
317.951 0.0766094 -0.306437 -9.65278 0.342173 -0.437886 9.71127 0.00137445 -0.0934624 -0.104763
317.968 0.191523 -0.229828 -9.38465 0.364905 -0.437886 9.78904 -0.00320704 -0.101709 -0.105832
317.984 0.229828 -0.191523 -9.42295 0.350548 -0.416351 9.79741 -0.00229074 -0.102625 -0.089339
317.999 0.191523 -0.383047 -9.69109 0.333799 -0.418744 9.95414 -0.00397062 -0.097433 -0.0685696
318.015 0.229828 -0.421352 -9.8443 0.333799 -0.51685 10.1037 0.00534507 -0.107207 -0.00519235
318.032 0.0766094 -0.344742 -9.806 0.331406 -0.528814 9.99242 0.0111483 -0.109345 0.0542143
318.048 0.114914 -0.383047 -9.69109 0.342173 -0.528814 9.9649 0.0129809 -0.108581 0.067806
318.064 0.268133 -0.383047 -9.42295 0.287139 -0.518046 9.76391 0.0190895 -0.121715 0.065668
318.08 0.344742 -0.383047 -9.88261 0.273978 -0.512064 10.0092 0.0213803 -0.126449 0.0655153
318.097 0.421352 -0.421352 -9.61448 0.253639 -0.537189 9.93619 0.0224493 -0.129503 0.0708604
318.114 0.0383047 -0.421352 -9.72939 0.332602 -0.575474 10.0427 0.0251982 -0.136834 0.0623082
318.13 0.153219 -0.344742 -9.69109 0.307478 -0.556331 9.86321 0.0172569 -0.140804 0.0293215
318.147 0.153219 -0.306437 -9.57617 0.290728 -0.532403 9.87159 0.0142026 -0.151036 0.00274889
318.163 0.229828 -0.344742 -9.61448 0.351745 -0.520439 9.92543 0.0129809 -0.151953 0.00152716
318.179 0.153219 -0.421352 -9.8443 0.439083 -0.54317 10.0762 0.00687223 -0.152258 0.0116064
318.195 0.191523 -0.459656 -9.69109 0.48335 -0.541974 10.0941 0.0122173 -0.156076 0.0195477
318.211 0.114914 -0.383047 -9.95922 0.528814 -0.502493 10.0259 0.0131336 -0.156229 0.0354302
318.227 0.114914 -0.421352 -9.69109 0.496511 -0.531206 9.96012 0.0222966 -0.159741 0.0354302
318.243 0.0383047 -0.268133 -9.30804 0.528814 -0.485743 9.84766 0.0241292 -0.160352 -0.0277944
318.26 -0.229828 -0.306437 -9.26973 0.600598 -0.470189 9.81057 0.0267254 -0.157145 -0.0476475
318.277 -0.306437 -0.421352 -9.76769 0.707079 -0.473779 9.95533 0.029627 -0.148288 -0.0516181
318.293 -0.268133 -0.383047 -9.69109 0.721436 -0.504885 9.97567 0.0316123 -0.14508 -0.0129809
318.31 -0.114914 -0.421352 -9.72939 0.693918 -0.535992 9.95174 0.031765 -0.143553 -0.00610865
318.326 -0.114914 -0.421352 -9.69109 0.714257 -0.522831 9.95892 0.0311541 -0.145233 -0.0186314
318.343 -0.229828 -0.383047 -9.49956 0.752542 -0.512064 9.84526 0.0348193 -0.139583 0.000305433
318.36 -0.0766094 -0.306437 -9.69109 0.784845 -0.510867 9.86082 0.0290161 -0.124464 0.0143553
318.376 -0.191523 -0.268133 -9.69109 0.830309 -0.491725 9.88116 0.033903 -0.119424 0.0065668
318.393 -0.153219 -0.344742 -9.42295 0.85663 -0.472582 9.84167 0.0401644 -0.112705 -0.0276416
318.409 -0.229828 -0.383047 -9.53786 0.865005 -0.476171 9.82732 0.043066 -0.106596 -0.0675006
318.425 -0.344742 -0.229828 -9.65278 0.851844 -0.498903 9.92184 0.0438296 -0.100182 -0.0673479
318.442 -0.306437 -0.268133 -9.46126 0.872184 -0.497707 9.90628 0.0464257 -0.0934624 -0.0586431
318.458 -0.0383047 -0.383047 -9.72939 0.778863 -0.42353 10.0164 0.0511599 -0.0862847 -0.0519235
318.475 -0.153219 -0.383047 -9.57617 0.813559 -0.433101 9.98524 0.0566577 -0.0733038 -0.0444404
318.491 -0.191523 -0.229828 -9.76769 0.768096 -0.330209 9.97567 0.0610865 -0.0636827 -0.0103847
318.508 -0.229828 -0.114914 -9.65278 0.744168 -0.269192 9.91705 0.0638354 -0.0561996 0.0239765
318.525 -0.191523 -0.153219 -9.65278 0.759721 -0.262014 9.89312 0.0629191 -0.0542143 0.0364992
318.54 -0.306437 -0.268133 -9.8443 0.768096 -0.248853 9.82612 0.0577268 -0.0407752 0.0345139
318.556 -0.114914 -0.153219 -9.76769 0.696311 -0.270389 9.88235 0.0548251 -0.0375682 -0.0128282
318.572 -0.114914 -0.268133 -9.61448 0.613759 -0.305085 9.95892 0.0520762 -0.033903 -0.0311541
318.588 0.0 -0.229828 -9.65278 0.571884 -0.312263 10.0415 0.0519235 -0.0400117 -0.0552833
318.605 -0.191523 -0.268133 -9.69109 0.553938 -0.32662 9.99601 0.0503964 -0.0332921 -0.0558941
318.621 0.0 -0.229828 -9.65278 0.544367 -0.294317 9.94696 0.0485638 -0.0302378 -0.0577268
318.638 0.0 -0.229828 -9.72939 0.561117 -0.281157 9.85962 0.046273 -0.0313068 -0.0708604
318.655 -0.0383047 -0.191523 -9.53786 0.58983 -0.234497 9.88116 0.0474948 -0.0303905 -0.0969748
318.671 -0.0766094 -0.191523 -9.72939 0.618545 -0.226122 9.92543 0.0458149 -0.0279471 -0.139277
318.688 0.153219 -0.114914 -9.95922 0.624527 -0.244068 9.97926 0.0481056 -0.0293215 -0.162643
318.704 -0.0383047 -0.268133 -9.65278 0.598205 -0.272782 9.9649 0.047342 -0.0219911 -0.199447
318.721 -0.0766094 -0.268133 -9.76769 0.574277 -0.301496 9.92662 0.0528398 -0.022602 -0.210443
318.738 -0.0383047 -0.114914 -9.34634 0.524028 -0.315852 9.77827 0.0510072 -0.0125227 -0.194102
318.753 0.0766094 -0.306437 -9.806 0.497707 -0.301496 10.0857 0.0662789 -0.0195477 -0.151036
318.769 0.0 -0.344742 -10.0358 0.492921 -0.338584 10.0965 0.0729984 -0.0103847 -0.0901026
318.785 0.229828 -0.153219 -9.46126 0.488136 -0.352941 10.0618 0.0754418 -0.00794125 -0.0847575
318.802 0.0 -0.229828 -9.69109 0.424726 -0.252443 9.85005 0.0788016 -0.0065668 -0.136834
318.819 0.229828 -0.153219 -9.49956 0.35653 -0.174676 9.73639 0.0820086 -0.014508 -0.220217
318.835 0.344742 -0.0383047 -9.49956 0.354138 -0.100499 9.8345 0.0795652 -0.00992656 -0.259618
318.852 0.306437 -0.0766094 -9.69109 0.329013 -0.0358923 10.0331 0.0746782 -0.0189368 -0.307876
318.868 0.268133 0.0 -9.95922 0.342173 -0.0370887 10.0427 0.0661261 -0.0154243 -0.310014
318.885 0.306437 -0.0383047 -9.65278 0.327816 -0.0287139 10.0032 0.0613919 -0.0207694 -0.344833
318.902 0.344742 0.0383047 -9.49956 0.34337 -0.0287139 9.85244 0.0529926 -0.0187841 -0.380874
318.918 0.268133 -0.0383047 -9.57617 0.37328 -0.0370887 9.8333 0.0485638 -0.0190895 -0.463036
318.935 0.153219 -0.0383047 -9.806 0.348156 -0.0454636 9.90987 0.0439823 -0.0198531 -0.48915
318.951 0.268133 0.0766094 -9.61448 0.291924 -0.0538385 9.9661 0.0491747 -0.0274889 -0.472504
318.967 0.229828 0.0 -9.69109 0.283549 -0.026321 10.002 0.0516181 -0.025809 -0.401338
318.984 0.306437 0.191523 -9.8443 0.32662 0.0334995 9.95414 0.0546724 -0.0210748 -0.346208
319.0 0.268133 0.114914 -9.65278 0.374477 -0.0227318 9.91227 0.0503964 -0.0160352 -0.356287
319.017 0.191523 0.114914 -9.65278 0.40678 0.0275174 9.88355 0.0464257 -0.0189368 -0.451277
319.033 0.229828 0.0383047 -9.46126 0.361316 0.0705882 9.91824 0.0436769 -0.0126754 -0.606131
319.05 0.344742 0.344742 -9.53786 0.32662 0.0741775 9.93021 0.0375682 -0.00778853 -0.763582
319.067 0.383047 0.191523 -9.69109 0.283549 0.15673 9.96132 0.0300851 -0.00839939 -0.834289
319.083 0.344742 0.268133 -9.806 0.246461 0.125623 9.97208 0.0218384 -0.00473421 -0.934471
319.1 0.268133 0.114914 -9.806 0.232104 0.116052 9.98405 0.0161879 -0.00733038 -0.992045
319.116 0.344742 0.153219 -9.65278 0.202193 0.0801595 9.97687 0.0143553 -0.00778853 -1.00121
319.132 0.383047 0.0 -9.95922 0.0849452 0.0227318 9.88714 0.0132863 -0.00229074 -0.99907
319.148 0.383047 -0.0383047 -9.76769 0.0622134 -0.00717846 9.91705 0.0200058 -0.00687223 -0.907593
319.164 0.536266 0.268133 -9.99752 0.0849452 0.118445 10.0893 0.0255036 -0.00855211 -0.825126
319.181 0.383047 0.114914 -9.30804 0.0969093 0.0717846 9.77468 0.0280998 -0.00977384 -0.685849
319.198 0.536266 0.0766094 -9.65278 0.0490528 0.0131605 9.73998 0.0259618 0.0 -0.562607
319.214 0.459656 0.0766094 -9.53786 0.0789631 0.0227318 9.84885 0.0273362 0.00671952 -0.506865
319.231 0.612875 0.0383047 -9.69109 -0.0227318 0.0418744 10.0044 0.0389426 0.00610865 -0.422566
319.247 0.57457 0.0383047 -9.806 -0.125623 0.020339 10.1396 0.0500909 0.00580322 -0.403476
319.264 0.57457 0.0766094 -9.61448 -0.210568 0.00239282 10.0355 0.0474948 0.00473421 -0.429896
319.281 0.65118 0.0 -9.61448 -0.327816 -0.0191426 9.84766 0.0345139 -0.00763582 -0.438143
319.297 0.689484 0.153219 -9.99752 -0.376869 0.206979 10.1635 0.0186314 -0.0320704 -0.420886
319.314 0.689484 0.229828 -9.38465 -0.287139 0.185444 9.90987 -0.00671952 -0.0528398 -0.483042
319.33 0.57457 0.306437 -9.34634 -0.302692 0.132802 9.6981 -0.0177151 -0.0652099 -0.509003
319.347 0.65118 0.191523 -9.88261 -0.329013 0.160319 9.98285 -0.0297797 -0.0838412 -0.505033
319.364 0.804398 0.0766094 -9.806 -0.374477 0.116052 10.0271 -0.022602 -0.0946841 -0.483958
319.38 0.727789 0.229828 -9.76769 -0.403191 0.136391 10.1085 -0.0129809 -0.104305 -0.465327
319.396 0.612875 0.0 -9.69109 -0.318245 0.11007 10.0451 0.00412334 -0.113163 -0.410654
319.411 0.57457 0.191523 -9.38465 -0.276371 0.0897308 9.76989 0.0157298 -0.119882 -0.318413
319.428 0.536266 0.191523 -9.42295 -0.175872 0.133998 9.70768 0.0151189 -0.123089 -0.24343
319.444 0.497961 0.0766094 -9.57617 -0.101695 0.163908 9.87757 0.00946841 -0.129809 -0.0960585
319.46 0.344742 0.0766094 -9.95922 -0.0323031 0.167498 10.1587 0.00198531 -0.133932 0.02474
319.477 0.536266 0.306437 -9.65278 -0.0239282 0.221336 9.91824 0.000916298 -0.142026 0.0542143
319.493 0.612875 0.306437 -9.26973 -0.0514457 0.258425 9.5677 -0.00717767 -0.145691 0.0626137
319.51 0.459656 0.421352 -10.189 0.0155533 0.34337 10.392 -0.0131336 -0.152564 0.0167988
319.527 0.57457 0.229828 -10.7253 0.0370887 0.363709 10.8861 -0.0152716 -0.150425 -0.00519235
319.543 0.383047 0.383047 -9.30804 -0.0227318 0.300299 10.1755 -0.0190895 -0.154549 -0.0151189
319.56 0.65118 0.306437 -8.46534 0.040678 0.262014 8.73141 -0.0345139 -0.150578 -0.0884227
319.575 0.459656 0.268133 -9.30804 0.0622134 0.196211 9.01854 -0.057574 -0.148746 -0.275653
319.591 0.459656 0.306437 -9.8443 0.16989 0.240479 10.1767 -0.0664316 -0.152869 -0.363006
319.607 0.383047 0.344742 -10.2657 0.0502493 0.329013 10.4937 -0.0884227 -0.145997 -0.443183
319.621 0.459656 0.344742 -10.1507 -0.00478564 0.349352 10.4291 -0.0945314 -0.150731 -0.454942
319.637 0.536266 0.344742 -9.8443 -0.0299103 0.305085 9.93859 -0.102931 -0.153938 -0.473421
319.653 0.344742 0.0383047 -9.19312 0.00717846 0.193819 9.59163 -0.106443 -0.161116 -0.488387
319.668 0.421352 0.114914 -9.46126 0.143569 0.0741775 9.69212 -0.109039 -0.161726 -0.488081
319.684 0.497961 0.0383047 -9.57617 0.244068 -0.00358923 10.0714 -0.104153 -0.166155 -0.435089
319.7 0.229828 0.0766094 -9.806 0.265603 0.00598205 10.0594 -0.0997237 -0.162796 -0.373391
319.715 0.229828 0.153219 -9.95922 0.242871 0.128016 10.2042 -0.0945314 -0.155771 -0.189521
320.322 0.268133 -0.383047 -9.57617 0.236889 -0.421137 9.91107 0.0516181 -0.0969748 0.0954477
320.337 0.306437 -0.306437 -9.72939 0.265603 -0.380459 10.0152 0.0519235 -0.096364 0.0262672
320.355 0.229828 -0.268133 -9.65278 0.349352 -0.366102 10.0307 0.0503964 -0.0940732 -0.0813978
320.37 0.306437 -0.306437 -9.65278 0.317049 -0.290728 9.96849 0.0526871 -0.0977384 -0.122937
320.388 0.191523 -0.153219 -9.72939 0.29671 -0.25005 9.87877 0.0487165 -0.0901026 -0.178678
320.405 0.191523 -0.191523 -9.61448 0.327816 -0.234497 9.85723 0.0497855 -0.0905607 -0.182038
320.42 0.191523 -0.153219 -9.72939 0.339781 -0.217747 9.88235 0.0529926 -0.0928515 -0.132252
320.437 0.0 -0.229828 -9.69109 0.334995 -0.251246 9.9649 0.0493274 -0.0789543 -0.104305
320.453 0.153219 -0.191523 -9.69109 0.320638 -0.222532 10.0044 0.0491747 -0.0754418 -0.0372628
320.47 0.191523 -0.153219 -9.38465 0.283549 -0.200997 9.82971 0.0529926 -0.0736092 0.0169515
320.487 0.383047 -0.0766094 -10.3806 0.311067 -0.297906 9.78425 0.0598648 -0.076969 0.0244346
320.503 0.153219 -0.344742 -9.806 0.254835 -0.380459 10.1611 0.0566577 -0.0696386 0.0241292
320.52 0.383047 -0.268133 -9.23143 0.180658 -0.332602 9.51266 0.0577268 -0.0670424 0.000152716
320.536 0.421352 -0.459656 -8.92499 0.138784 -0.534796 8.68594 0.0629191 -0.0665843 -0.0161879
320.553 0.229828 -0.268133 -9.99752 0.251246 -0.412762 10.6816 0.0745255 -0.0704022 -0.0277944
320.57 0.0383047 0.114914 -10.8785 0.325424 -0.040678 10.7163 0.0826195 -0.0681114 -0.030696
320.586 0.268133 -0.191523 -9.42295 0.0897308 -0.465404 10.4076 0.0821613 -0.0641408 -0.044135
320.603 0.344742 0.0766094 -9.38465 0.102891 -0.151944 9.46122 0.0849102 -0.0693332 -0.0500909
320.619 0.306437 -0.0383047 -9.03991 0.111266 -0.00119641 9.51147 0.0824668 -0.0665843 -0.0155771
320.636 0.306437 -0.0766094 -9.65278 0.150748 -0.00239282 9.87996 0.0754418 -0.0664316 0.0998765
320.653 0.268133 0.0766094 -9.72939 0.124427 -0.0287139 10.2257 0.0673479 -0.0603229 0.161116
320.669 0.306437 0.0766094 -9.95922 0.179462 -0.0478564 10.0953 0.068875 -0.0743728 0.203571
320.686 0.459656 0.153219 -9.806 0.128016 0.0143569 10.051 0.0638354 -0.0853684 0.138208
320.702 0.344742 0.191523 -9.95922 0.157926 0.0658026 10.0774 0.0578795 -0.0827722 -0.0056505
320.719 0.383047 0.153219 -9.57617 0.143569 0.108873 9.9015 0.0481056 -0.0867428 -0.0714712
320.736 0.229828 0.114914 -9.49956 0.165105 0.100499 9.83091 0.0406225 -0.0885754 -0.140957
320.752 0.306437 0.114914 -9.61448 0.165105 0.0837488 9.83569 0.0305433 -0.0829249 -0.140652
320.769 0.306437 0.153219 -9.72939 0.232104 0.0693918 9.93859 0.0310014 -0.0832304 -0.125686
320.785 0.191523 0.0 -9.69109 0.251246 0.0658026 9.98166 0.0267254 -0.0795652 -0.0704022
320.802 0.268133 0.0 -9.69109 0.253639 0.0418744 10.0439 0.0255036 -0.0749837 -0.00274889
320.819 0.344742 0.0766094 -9.72939 0.265603 0.0705882 10.0128 0.0238237 -0.0704022 0.0363465
320.835 0.229828 0.153219 -9.57617 0.282353 0.0646062 9.84287 0.0218384 -0.0659734 0.0853684
320.852 0.114914 0.114914 -9.69109 0.2668 0.0394815 9.89432 0.014508 -0.0639881 0.0902553
320.868 0.383047 0.191523 -9.61448 0.232104 0.0179462 9.90628 0.00794125 -0.0571159 0.0659734
320.885 0.383047 0.0 -9.53786 0.161515 0.0215354 9.96251 0.0074831 -0.0613919 0.0465785
320.902 0.421352 0.0383047 -9.76769 0.107677 0.020339 9.95414 0.000458149 -0.0594066 0.00839939
320.918 0.459656 0.0 -9.88261 0.0981057 -0.00717846 10.0152 -0.000763581 -0.0702495 -0.0201585
320.935 0.421352 0.114914 -9.65278 0.0574277 0.0107677 9.96251 0.000610865 -0.0788016 -0.0332921
320.951 0.421352 0.0383047 -9.88261 0.0717846 0.0143569 9.94457 -0.00595593 -0.0763581 -0.0652099
320.968 0.344742 0.153219 -9.65278 0.0658026 0.0143569 9.95294 -0.0120646 -0.0786489 -0.0380264
320.985 0.344742 -0.0383047 -9.26973 0.0658026 0.00957129 9.90628 -0.011301 -0.0838412 0.00671952
321.001 0.268133 0.0766094 -9.65278 0.114855 0.00837488 9.92184 -0.0152716 -0.0795652 0.025809
321.018 0.229828 0.0383047 -9.72939 0.12682 -0.0227318 9.95174 -0.01237 -0.0824668 0.0592539
321.034 0.268133 0.0383047 -9.69109 0.0993021 -0.0251246 9.9314 -0.0120646 -0.0804815 0.0868956
321.051 0.268133 0.0 -9.57617 0.0658026 -0.0107677 9.91107 -0.0114537 -0.0804815 0.0920879
321.068 0.421352 0.0 -9.76769 0.04666 -0.0239282 9.9003 -0.0122173 -0.0821613 0.0702495
321.084 0.536266 -0.0766094 -9.61448 0.0251246 -0.0239282 9.92064 -0.0132863 -0.0902553 0.0368046
321.101 0.57457 0.0766094 -9.61448 0.0155533 -0.0251246 9.91227 -0.0166461 -0.0917825 -0.00458149
321.117 0.383047 -0.0383047 -9.8443 0.0526421 -0.0418744 9.95294 -0.0163406 -0.104916 -0.0302378
321.134 0.344742 -0.0766094 -9.8443 0.111266 -0.087338 9.98644 -0.0200058 -0.106749 -0.0552833
321.151 0.344742 -0.114914 -9.61448 0.130409 -0.0981057 9.98405 -0.0167988 -0.111788 -0.0470366
321.167 0.306437 -0.114914 -9.65278 0.148355 -0.108873 9.90987 -0.0158825 -0.109803 -0.0325286
321.184 0.306437 -0.0766094 -9.57617 0.116052 -0.11007 9.89911 -0.00885754 -0.109498 0.00106901
321.2 0.497961 -0.114914 -9.88261 0.0981057 -0.0825523 9.96371 -0.00244346 -0.111941 0.0372628
321.217 0.383047 -0.191523 -9.72939 0.100499 -0.0945165 9.99123 0.000458149 -0.111636 0.057574
321.234 0.268133 -0.114914 -9.72939 0.133998 -0.118445 9.97567 0.00519235 -0.110414 0.107207
321.25 0.306437 -0.0766094 -9.57617 0.197408 -0.172283 9.91107 0.0125227 -0.109498 0.137445
321.267 0.306437 0.0 -9.65278 0.26321 -0.18664 9.95892 0.0198531 -0.107512 0.113468
321.283 0.306437 0.0 -9.61448 0.265603 -0.133998 9.95653 0.0241292 -0.10965 0.0806342
321.3 0.344742 -0.0383047 -9.88261 0.2668 -0.0526421 9.98644 0.0227547 -0.10232 0.0103847
321.317 0.268133 -0.114914 -9.65278 0.283549 -0.0598205 9.88116 0.0242819 -0.102167 -0.0574213
321.333 0.344742 -0.0383047 -9.65278 0.29671 -0.0275174 9.86201 0.0253509 -0.0988074 -0.074831
321.35 0.153219 -0.0383047 -9.61448 0.329013 -0.0299103 9.91107 0.0279471 -0.0960585 -0.0896445
321.366 0.153219 -0.0383047 -9.69109 0.345763 -0.0287139 9.91107 0.0277944 -0.0858265 -0.0720821
321.383 0.153219 0.0 -9.61448 0.382851 -0.0251246 9.9338 0.0285579 -0.0729984 -0.043066
321.4 0.114914 0.0 -9.88261 0.401994 -0.0251246 9.92662 0.0261145 -0.0644463 -0.0239765
321.416 0.0766094 0.114914 -9.88261 0.384048 -0.0131605 9.8668 0.0291688 -0.0557414 0.00870483
321.433 0.0383047 0.191523 -9.72939 0.366102 0.0346959 9.95773 0.0354302 -0.0497855 0.0200058
321.45 0.306437 0.153219 -9.8443 0.303888 0.0885344 9.95892 0.0381791 -0.0514654 0.00916297
321.466 0.421352 0.268133 -9.72939 0.187837 0.153141 9.89791 0.0332921 -0.0406225 -0.0320704
321.483 0.536266 0.268133 -9.8443 0.116052 0.153141 9.9649 0.0267254 -0.0412334 -0.073762
321.499 0.421352 0.306437 -9.53786 0.113659 0.175872 9.95294 0.0241292 -0.0458149 -0.0853684
321.516 0.57457 0.344742 -9.69109 -0.0239282 0.240479 9.88116 0.0167988 -0.0448986 -0.144622
321.533 0.421352 0.229828 -9.69109 -0.0299103 0.165105 10.0331 0.00122173 -0.0484111 -0.229685
321.549 0.459656 0.229828 -9.49956 -0.0287139 0.192622 10.069 -0.0100793 -0.0613919 -0.257632
321.566 0.536266 0.114914 -9.65278 -0.0251246 0.147159 10.0487 -0.0138972 -0.0623082 -0.265268
321.582 0.497961 0.0766094 -9.61448 -0.0251246 0.132802 9.86919 -0.0171042 -0.0733038 -0.264352
321.599 0.689484 0.153219 -9.53786 -0.00957129 0.133998 9.90389 -0.0244346 -0.0777326 -0.220522
321.615 0.497961 0.153219 -9.76769 0.0119641 0.138784 9.9338 -0.0255036 -0.0818559 -0.194561
321.631 0.536266 0.229828 -9.72939 0.0191426 0.131605 9.93859 -0.0305433 -0.0821613 -0.140194
321.647 0.383047 0.114914 -9.76769 -0.0191426 0.155533 9.93739 -0.0352775 -0.0844521 -0.110567
321.663 0.57457 0.229828 -9.72939 -0.0239282 0.142373 9.94098 -0.036041 -0.0887282 -0.10965
321.68 0.536266 0.191523 -9.65278 -0.0370887 0.137587 9.95773 -0.0387899 -0.0933096 -0.0923933
321.697 0.383047 0.268133 -9.38465 -0.0287139 0.150748 9.93978 -0.044135 -0.0962113 -0.0772744
321.713 0.421352 0.268133 -10.0741 -0.00837488 0.136391 9.92543 -0.0464257 -0.101709 -0.0777326
321.73 0.497961 0.153219 -9.72939 0.0454636 0.162712 9.92782 -0.0537561 -0.110567 -0.0867428
321.746 0.497961 0.0766094 -9.65278 0.0729811 0.0634098 9.96969 -0.0621555 -0.11469 -0.0960585
321.77 0.459656 -0.0383047 -9.99752 0.0550349 -0.0107677 9.90389 -0.0652099 -0.115912 -0.0939205
321.786 0.421352 0.0 -9.806 0.0538385 0.0191426 9.98046 -0.0652099 -0.119119 -0.0890336
321.803 0.421352 0.0 -9.806 0.0849452 0.0167498 9.97448 -0.0665843 -0.117439 -0.095295
321.82 0.306437 -0.0383047 -9.806 0.111266 -0.00358923 9.94576 -0.0670424 -0.123242 -0.10568
321.836 0.383047 0.0383047 -9.38465 0.102891 -0.0370887 9.85364 -0.0697913 -0.120951 -0.0833831
321.853 0.344742 -0.229828 -9.53786 0.119641 -0.0574277 9.88235 -0.0693332 -0.117286 0.023671
321.869 0.306437 -0.0383047 -9.72939 0.125623 -0.0813559 9.91944 -0.0664316 -0.117744 0.12874
321.886 0.383047 -0.0383047 -9.69109 0.149551 -0.0861416 9.97448 -0.0652099 -0.116064 0.151953
321.903 0.421352 0.0383047 -9.57617 0.135194 -0.12682 9.98405 -0.0598648 -0.120799 0.146149
321.919 0.268133 -0.191523 -9.69109 0.12682 -0.149551 9.99721 -0.0591012 -0.121409 0.152716
321.935 0.344742 -0.229828 -9.34634 0.35653 -0.113659 9.96132 -0.0578795 -0.124616 0.157145
321.95 0.268133 -0.0766094 -9.53786 0.32662 -0.147159 9.90509 -0.0600175 -0.121104 0.0925461
321.966 0.191523 -0.0383047 -9.69109 0.393619 -0.137587 9.87637 -0.0649044 -0.112246 -0.0578795
321.983 0.268133 0.0383047 -9.72939 0.349352 -0.185444 9.9326 -0.0687223 -0.107054 -0.13943
321.999 0.268133 -0.191523 -9.72939 0.269192 -0.205783 9.95414 -0.0681114 -0.103389 -0.258396
322.016 0.306437 -0.306437 -9.61448 0.314656 -0.20339 9.94457 -0.0665843 -0.0980438 -0.292604
322.033 0.153219 -0.268133 -9.61448 0.242871 -0.284746 9.94098 -0.0613919 -0.0917825 -0.274737
322.049 0.344742 -0.268133 -9.53786 0.0981057 -0.367298 9.84885 -0.0503964 -0.0925461 -0.184023
322.066 0.383047 -0.383047 -9.65278 0.131605 -0.372084 10.0068 -0.0400117 -0.0867428 -0.0555887
322.082 0.383047 -0.383047 -9.76769 0.211765 -0.384048 9.9015 -0.0308487 -0.0902553 -0.00106901
322.099 0.344742 -0.191523 -9.57617 0.142373 -0.384048 10.0463 -0.0271835 -0.0847575 0.0290161
322.116 0.344742 -0.306437 -9.65278 0.133998 -0.331406 9.97448 -0.0128282 -0.0946841 0.00733038
322.132 0.306437 -0.344742 -9.53786 0.144766 -0.331406 9.8321 -0.00397062 -0.089339 -0.00641408
322.149 0.497961 -0.344742 -9.69109 0.150748 -0.32662 9.9326 0.000916298 -0.0910189 -0.0178678
322.165 0.421352 -0.0766094 -9.72939 0.18664 -0.361316 9.99841 0.00794125 -0.0922406 -0.0630718
322.182 0.229828 -0.344742 -9.69109 0.191426 -0.394816 9.94696 0.00824668 -0.0873537 -0.111483
322.199 0.306437 -0.344742 -9.72939 0.295514 -0.417547 9.9673 0.0109956 -0.0885754 -0.11805
322.214 0.153219 -0.229828 -9.46126 0.199801 -0.368495 9.97567 0.0180205 -0.0891863 -0.0817032
322.231 0.229828 -0.191523 -9.806 0.2333 -0.252443 9.91705 0.0264199 -0.0881173 -0.014508
322.247 0.229828 -0.153219 -9.65278 0.151944 -0.205783 9.92184 0.0302378 -0.0835358 0.0109956
322.264 0.383047 -0.114914 -9.53786 0.11007 -0.160319 9.87877 0.036041 -0.0865901 0.0516181
322.281 0.421352 -0.153219 -9.61448 0.131605 -0.20339 9.95892 0.0387899 -0.0817032 0.0583376
322.297 0.344742 -0.114914 -9.806 0.141176 -0.177069 9.94815 0.044135 -0.0832304 0.0348193
322.314 0.459656 -0.0766094 -9.72939 0.112463 -0.18664 9.9661 0.0401644 -0.076969 0.0200058
322.33 0.57457 -0.0383047 -9.8443 0.0562313 -0.153141 9.91227 0.046273 -0.0868956 -0.0316123
322.347 0.57457 -0.153219 -9.72939 0.0227318 -0.145962 9.87518 0.041997 -0.0896445 -0.096364
322.363 0.459656 -0.0383047 -9.76769 0.0574277 -0.153141 9.94337 0.0406225 -0.0891863 -0.115148
322.38 0.383047 -0.114914 -9.72939 0.125623 -0.0981057 10.0104 0.0444404 -0.098502 -0.136681
322.396 0.344742 -0.153219 -9.8443 0.148355 -0.0346959 9.94935 0.0413861 -0.0896445 -0.16585
322.412 0.306437 0.0 -9.72939 0.149551 -0.0143569 9.84407 0.0415388 -0.089339 -0.181274
322.429 0.421352 0.0766094 -9.65278 0.193819 0.0562313 9.87877 0.0429133 -0.0911716 -0.190743
322.446 0.344742 0.0766094 -9.49956 0.30987 0.026321 9.92184 0.0387899 -0.0859793 -0.137139
322.462 0.344742 0.0 -9.57617 0.454636 -0.0311067 9.89073 0.0361938 -0.0726929 -0.0647517
322.479 0.0 0.153219 -9.806 0.507278 0.0849452 10.081 0.0323759 -0.0696386 -0.0297797
322.495 0.383047 0.229828 -9.69109 0.283549 0.112463 9.87159 0.0244346 -0.0592539 0.00809396
322.512 0.383047 0.268133 -9.72939 0.264407 0.0789631 9.93978 0.0131336 -0.0603229 -0.0482583
322.529 0.459656 0.191523 -9.76769 0.150748 0.0574277 9.94576 0.00839939 -0.0633773 -0.0574213
322.545 0.421352 0.0 -9.65278 0.0418744 0.0119641 9.90509 -0.00320704 -0.0623082 -0.0606284
322.562 0.459656 0.0766094 -9.72939 -0.0334995 -0.0179462 9.95055 -0.00946841 -0.0720821 -0.0445931
322.578 0.497961 0.0383047 -9.61448 -0.0969093 -0.0239282 9.94576 -0.00901026 -0.0754418 -0.0287107
322.595 0.65118 0.0 -9.57617 -0.150748 -0.00598205 10.0798 -0.00442877 -0.0926988 0.00641408
322.612 0.612875 -0.0766094 -9.76769 -0.162712 -0.0215354 9.99003 -0.00549779 -0.102931 0.0792598
322.628 0.612875 0.0383047 -9.61448 -0.18664 -0.0239282 9.86321 -0.00458149 -0.113163 0.0919352
322.645 0.536266 0.0383047 -9.92091 -0.0897308 -0.0239282 9.84407 -0.00733038 -0.117286 0.0775799
322.66 0.497961 0.153219 -9.69109 -0.0969093 0.026321 9.88594 -0.00824668 -0.133779 0.0424551
322.677 0.497961 -0.0766094 -9.61448 -0.0586241 -0.0167498 9.90389 -0.0117592 -0.143248 0.0355829
322.693 0.497961 0.0 -9.65278 -0.0346959 -0.0227318 9.96371 -0.0100793 -0.151647 0.0368046
322.708 0.459656 -0.0766094 -9.72939 -0.00358923 -0.0143569 10.0104 -0.013439 -0.158672 0.0274889
322.725 0.459656 0.0383047 -9.57617 0.0442672 -0.0119641 10.0092 -0.0169515 -0.16585 -0.00198531
322.741 0.306437 0.0 -9.65278 0.107677 -0.0251246 9.90987 -0.0207694 -0.164628 -0.0213803
322.758 0.421352 0.0383047 -9.65278 0.196211 -0.0239282 9.85364 -0.0261145 -0.17318 -0.052229
322.775 0.153219 0.114914 -9.65278 0.270389 -0.0299103 9.87877 -0.0308487 -0.17486 -0.0424551
322.791 0.344742 -0.0766094 -9.72939 0.265603 -0.0251246 9.88714 -0.0340557 -0.172264 -0.0255036
322.808 0.191523 -0.114914 -9.806 0.305085 -0.0646062 9.92543 -0.0358883 -0.172417 0.00671952
322.825 0.0766094 -0.0766094 -9.69109 0.36012 -0.0442672 9.95294 -0.0369573 -0.173791 0.0358883
322.841 0.229828 0.0 -9.65278 0.350548 -0.0299103 9.95414 -0.03711 -0.175776 0.0471893
322.858 0.268133 0.0383047 -9.69109 0.36012 -0.0143569 9.95414 -0.0395535 -0.169057 0.0502437
322.874 0.191523 0.0766094 -9.65278 0.364905 -0.0251246 9.89552 -0.0468839 -0.16753 0.0285579
322.891 0.0766094 -0.0383047 -9.53786 0.394816 -0.0311067 9.88594 -0.0511599 -0.16585 0.00549779
322.908 0.229828 -0.191523 -9.38465 0.452243 -0.104088 9.88235 -0.0508545 -0.161421 0.00305432
322.923 0.114914 -0.114914 -9.76769 0.478564 -0.154337 9.93499 -0.0481056 -0.157145 0.00122173
322.941 0.0383047 -0.191523 -9.61448 0.465404 -0.12682 9.96132 -0.046273 -0.150731 0.00442877
322.956 0.0383047 -0.0766094 -9.72939 0.45344 -0.100499 9.94576 -0.047342 -0.143706 0.00274889
322.973 -0.268133 -0.0766094 -9.76769 0.650847 -0.066999 9.98883 -0.0444404 -0.142332 -0.0018326
322.99 -0.153219 -0.114914 -9.72939 0.735793 -0.0622134 9.92662 -0.046273 -0.129045 0.00641408
323.005 0.191523 0.268133 -10.189 0.887737 -0.0993021 9.92064 -0.0474948 -0.12034 0.0216857
323.022 -0.268133 -0.229828 -9.42295 0.894915 -0.136391 9.87398 -0.0507018 -0.102625 0.0386372
323.038 -0.268133 -0.114914 -9.72939 0.71665 -0.187837 9.87757 -0.0531453 -0.0745255 0.0502437
323.054 -0.0766094 -0.268133 -9.46126 0.647258 -0.226122 9.88355 -0.053298 -0.06353 0.0606284
323.071 0.114914 -0.153219 -9.49956 0.552742 -0.270389 9.88834 -0.0490219 -0.0514654 0.0725402
323.087 -0.0766094 -0.268133 -9.65278 0.586241 -0.329013 9.93739 -0.0436769 -0.043066 0.0745255
323.104 0.0383047 -0.191523 -9.49956 0.591027 -0.333799 9.98524 -0.0342084 -0.0374155 0.0583376
323.12 0.306437 -0.268133 -9.42295 0.439083 -0.330209 9.95055 -0.0302378 -0.0323759 0.047342
323.137 0.344742 -0.306437 -9.49956 0.2668 -0.299103 9.92423 -0.0264199 -0.0248928 0.0109956
323.154 0.421352 -0.0766094 -9.65278 0.217747 -0.253639 9.93499 -0.0216857 -0.0274889 -0.0232129
323.17 0.268133 -0.229828 -9.53786 0.0370887 -0.192622 9.93499 -0.0161879 -0.0377209 -0.0290161
323.187 0.383047 -0.191523 -9.8443 -0.00358923 -0.175872 9.87518 -0.0175624 -0.0502437 -0.0120646
323.203 0.497961 -0.114914 -9.42295 -0.0334995 -0.209372 9.94696 -0.0206167 -0.0629191 0.0355829
323.22 0.421352 -0.153219 -9.72939 -0.0239282 -0.17348 9.96849 -0.0195477 -0.0693332 0.0598648
323.237 0.383047 -0.0383047 -9.806 0.0777667 -0.154337 10.057 -0.0207694 -0.0838412 0.0792598
323.253 0.421352 -0.0766094 -10.0741 0.00239282 -0.100499 10.0487 -0.0255036 -0.0956004 0.0586431
323.269 0.344742 -0.153219 -9.65278 0.0382852 -0.132802 9.97328 -0.0279471 -0.106138 0.0416915
323.285 0.383047 -0.268133 -9.72939 0.125623 -0.155533 9.90748 -0.0310014 -0.12034 0.0198531
323.301 0.344742 -0.0766094 -9.53786 0.2333 -0.122034 9.93739 -0.0380264 -0.126602 0.0119119
323.318 0.383047 -0.153219 -9.61448 0.205783 -0.148355 9.9003 -0.0394008 -0.131031 0.0316123
323.334 0.114914 -0.268133 -9.72939 0.288335 -0.174676 9.86082 -0.0390954 -0.129809 0.0502437
323.351 0.191523 -0.268133 -9.72939 0.35653 -0.253639 9.84885 -0.0412334 -0.125838 0.0855211
323.367 -0.0383047 -0.229828 -9.72939 0.412762 -0.270389 9.97687 -0.0412334 -0.130114 0.103542
323.384 0.114914 -0.191523 -9.69109 0.451047 -0.269192 10.002 -0.0377209 -0.136223 0.101709
323.401 0.0766094 -0.0383047 -9.57617 0.479761 -0.297906 9.92303 -0.0426078 -0.127518 0.0786489
323.417 0.114914 -0.229828 -9.8443 0.434297 -0.276371 9.95174 -0.0401644 -0.127824 0.0474948
323.434 0.0766094 -0.191523 -9.61448 0.441475 -0.238086 9.92184 -0.0397062 -0.121715 0.0401644
323.45 0.153219 -0.153219 -9.57617 0.392423 -0.229711 9.95653 -0.0381791 -0.122326 0.0251982
323.465 0.114914 -0.229828 -9.61448 0.442672 -0.2333 9.91227 -0.0421497 -0.107665 0.0261145
323.482 0.0766094 -0.268133 -9.72939 0.497707 -0.2333 9.86321 -0.0397062 -0.111177 0.0299324
323.498 0.0 -0.306437 -9.76769 0.533599 -0.327816 9.95294 -0.0357356 -0.106749 0.0636827
323.515 0.0383047 -0.268133 -9.72939 0.509671 -0.374477 9.98524 -0.0320704 -0.0956004 0.100793
323.532 0.0383047 -0.268133 -9.69109 0.488136 -0.329013 9.98405 -0.0323759 -0.0896445 0.0959058
323.548 0.153219 -0.114914 -9.65278 0.435494 -0.234497 9.97687 -0.034972 -0.0881173 0.0661261
323.565 0.114914 -0.153219 -9.53786 0.385244 -0.166301 9.89791 -0.0442877 -0.091477 0.0116064
323.581 0.191523 -0.114914 -9.76769 0.376869 -0.189033 9.89911 -0.0511599 -0.0954477 -0.01237
323.598 0.0766094 -0.268133 -9.65278 0.369691 -0.223729 9.90868 -0.0568105 -0.0966694 -0.00885754
323.615 0.153219 -0.191523 -9.57617 0.357727 -0.256032 9.9649 -0.0618501 -0.095295 0.0207694
323.631 0.229828 -0.153219 -9.53786 0.368495 -0.301496 9.94935 -0.0613919 -0.0969748 0.0468839
323.648 0.191523 -0.383047 -9.76769 0.348156 -0.323031 9.92303 -0.0632245 -0.0946841 0.0545197
323.664 0.268133 -0.344742 -9.72939 0.345763 -0.346959 9.9326 -0.0589485 -0.100487 0.0630718
323.681 0.229828 -0.306437 -9.65278 0.362513 -0.424726 9.96012 -0.0587958 -0.0986547 0.0917825
323.698 0.191523 -0.306437 -9.65278 0.364905 -0.45344 9.94935 -0.0583376 -0.0986547 0.113315
323.714 0.268133 -0.383047 -9.61448 0.400798 -0.488136 9.89671 -0.0606284 -0.0951423 0.11301
323.731 -0.0766094 -0.383047 -9.69109 0.592223 -0.524028 9.91824 -0.0546724 -0.0949895 0.0896445
323.747 -0.0766094 -0.306437 -9.69109 0.68674 -0.480957 9.93499 -0.0520762 -0.0873537 0.0342084
323.764 0.153219 -0.306437 -9.69109 0.57667 -0.488136 9.91585 -0.0529926 -0.0807869 0.00916297
323.781 0.0383047 -0.421352 -9.88261 0.502493 -0.53001 9.91705 -0.052229 -0.0697913 -0.0256563
323.797 0.153219 -0.383047 -9.61448 0.424726 -0.561117 9.94337 -0.0423024 -0.074831 -0.0346666
323.814 0.114914 -0.459656 -9.65278 0.387637 -0.575474 9.94815 -0.0401644 -0.0707076 -0.0137445
323.83 0.0383047 -0.536266 -9.69109 0.346959 -0.581456 9.94696 -0.0264199 -0.0754418 0.00335976
323.847 -0.0383047 -0.536266 -9.57617 0.324227 -0.613759 9.90628 -0.0229074 -0.0679587 0.0478002
323.864 0.229828 -0.383047 -9.57617 0.183051 -0.587438 9.94337 -0.0146608 -0.0775799 0.0823141
323.88 0.191523 -0.421352 -9.72939 0.350548 -0.62333 9.9649 -0.00916297 -0.0827722 0.0887282
323.897 0.229828 -0.459656 -9.61448 0.307478 -0.631705 9.98883 -0.00473421 -0.0827722 0.0899499
323.913 0.344742 -0.421352 -9.57617 0.288335 -0.618545 9.96251 0.00351247 -0.0873537 0.062461
323.93 0.268133 -0.383047 -9.65278 0.244068 -0.613759 9.92901 0.00931569 -0.0910189 0.0461203
323.946 0.344742 -0.459656 -9.61448 0.259621 -0.57667 9.89911 0.0178678 -0.102625 0.0160352
323.962 0.383047 -0.383047 -9.23143 0.317049 -0.538385 9.93499 0.0222966 -0.103847 0.00397062
323.979 0.268133 -0.421352 -9.57617 0.363709 -0.507278 9.93739 0.0219911 -0.105374 0.0117592
323.994 0.114914 -0.344742 -9.42295 0.399601 -0.448654 9.94935 0.0288634 -0.10736 0.0369573
324.011 0.0383047 -0.383047 -9.806 0.440279 -0.459422 9.92782 0.0299324 -0.105069 0.0681114
324.027 0.114914 -0.421352 -9.65278 0.492921 -0.448654 9.92782 0.0345139 -0.110108 0.076969
324.042 0.114914 -0.344742 -9.57617 0.470189 -0.407976 9.92423 0.0348193 -0.0994183 0.091477
324.058 0.191523 -0.153219 -9.57617 0.446261 -0.391226 9.9326 0.0343612 -0.0934624 0.0833831
324.073 0.191523 -0.268133 -9.76769 0.407976 -0.403191 9.96849 0.0345139 -0.0928515 0.0772744
324.088 0.0766094 -0.268133 -9.72939 0.457029 -0.37328 9.94935 0.0331394 -0.0948368 0.066737
324.104 0.0 -0.344742 -9.69109 0.476171 -0.368495 9.91705 0.0346666 -0.0957531 0.0618501
324.119 0.0766094 -0.268133 -9.34634 0.547956 -0.35653 9.89432 0.0369573 -0.0986547 0.0594066
324.135 0.0383047 -0.229828 -9.65278 0.555135 -0.32662 9.91466 0.0314596 -0.0864374 0.0488692
324.151 0.0383047 -0.229828 -9.46126 0.470189 -0.246461 9.90748 0.0271835 -0.0786489 0.0372628
324.166 0.0383047 -0.0383047 -9.65278 0.392423 -0.133998 9.97208 0.020464 -0.0729984 0.0244346
324.764 0.0 -0.383047 -9.42295 0.533599 -0.567099 9.91944 -0.0380264 -0.13439 0.113926
324.781 0.114914 -0.383047 -9.61448 0.575474 -0.567099 9.87398 -0.0406225 -0.122937 0.0809396
324.797 -0.0383047 -0.344742 -9.61448 0.613759 -0.568295 9.90868 -0.0357356 -0.12538 0.0303905
324.814 0.0 -0.383047 -9.92091 0.604187 -0.567099 9.91227 -0.0381791 -0.11973 0.00488692
324.83 -0.0766094 -0.57457 -9.69109 0.604187 -0.613759 9.97448 -0.0386372 -0.112705 -0.0409279
324.847 -0.114914 -0.612875 -9.69109 0.62333 -0.666401 9.96371 -0.032834 -0.115148 -0.0401644
324.864 -0.191523 -0.497961 -9.806 0.635294 -0.6999 9.95174 -0.0270308 -0.110261 -0.00274889
324.88 -0.114914 -0.497961 -9.806 0.630509 -0.689133 9.91824 -0.022602 -0.11469 0.0164934
324.897 0.0383047 -0.536266 -9.57617 0.577866 -0.697508 9.86082 -0.0210748 -0.103236 0.0499382
324.913 -0.0383047 -0.459656 -9.69109 0.575474 -0.692722 9.94696 -0.0111483 -0.103389 0.0612392
324.93 0.114914 -0.57457 -9.69109 0.524028 -0.728614 9.95653 -0.00870483 -0.0969748 0.0578795
324.947 0.0383047 -0.57457 -9.65278 0.531206 -0.740578 9.98883 0.00610865 -0.0980438 0.0413861
324.963 0.0766094 -0.497961 -9.61448 0.51685 -0.6999 9.94815 0.0146608 -0.0887282 0.0261145
324.98 0.0766094 -0.459656 -9.61448 0.538385 -0.691525 9.92901 0.0218384 -0.0865901 0.0169515
324.996 -0.0383047 -0.497961 -9.53786 0.540778 -0.655633 9.88714 0.0342084 -0.0856738 -0.0109956
325.013 -0.306437 -0.65118 -9.65278 0.582652 -0.637687 9.86201 0.0386372 -0.0745255 -0.0192422
325.03 -0.114914 -0.421352 -9.65278 0.624527 -0.625723 9.89432 0.0453567 -0.0714712 0.000916298
325.046 -0.0766094 -0.536266 -9.806 0.668794 -0.677169 10.0283 0.0491747 -0.0644463 0.0181732
325.063 0.229828 -0.689484 -9.65278 0.241675 -0.912862 10.0164 0.0563523 -0.0578795 0.0378736
325.079 0.229828 -0.536266 -9.30804 0.205783 -0.79322 9.95414 0.0781907 -0.0728457 0.0994183
325.096 0.191523 -0.497961 -9.53786 0.34337 -0.711864 9.9003 0.0865901 -0.0815505 0.130114
325.113 0.114914 -0.383047 -9.38465 0.375673 -0.522831 9.78305 0.0968221 -0.0868956 0.138361
325.129 0.268133 -0.268133 -9.53786 0.187837 -0.442672 9.82492 0.101862 -0.0936151 0.187994
325.146 0.268133 -0.191523 -9.92091 0.104088 -0.411565 9.89911 0.104611 -0.10736 0.264505
325.162 0.306437 -0.268133 -9.8443 0.155533 -0.252443 10.1671 0.104153 -0.112399 0.277638
325.179 0.344742 -0.153219 -9.806 0.179462 -0.16989 10.1874 0.0962113 -0.127824 0.222202
325.196 0.383047 -0.0383047 -9.88261 0.178265 -0.0741775 10.0822 0.0884227 -0.150425 0.141721
325.212 0.306437 0.0383047 -9.46126 0.217747 -0.0346959 9.94696 0.0832304 -0.16249 0.100487
325.228 0.114914 0.0766094 -9.49956 0.376869 0.00239282 9.73998 0.0629191 -0.165239 0.023671
325.244 -0.0383047 -0.0383047 -9.53786 0.569491 -0.0646062 9.77109 0.0496328 -0.169362 -0.0403171
325.261 -0.191523 -0.153219 -9.07821 0.612562 -0.138784 9.75554 0.0433714 -0.163254 -0.0435241
325.278 -0.191523 -0.344742 -9.53786 0.85663 -0.2668 9.82492 0.0476475 -0.154243 0.00320704
325.293 -0.344742 -0.191523 -9.88261 0.881755 -0.248853 9.99601 0.0534507 -0.140346 0.098502
325.31 -0.268133 -0.114914 -9.99752 0.868594 -0.154337 10.0845 0.0545197 -0.125227 0.172722
325.326 -0.191523 -0.0383047 -9.72939 0.92004 -0.0358923 10.1085 0.0591012 -0.111025 0.180663
325.343 -0.229828 -0.0383047 -9.806 0.947557 -0.0299103 10.0307 0.0485638 -0.0832304 0.165544
325.36 -0.344742 0.229828 -9.53786 0.957129 -0.0239282 9.85843 0.0345139 -0.0601702 0.129351
325.376 -0.383047 -0.114914 -9.34634 0.927218 -0.0897308 9.60957 0.033903 -0.0571159 0.12034
325.393 -0.229828 -0.153219 -9.69109 0.899701 -0.17348 9.82134 0.0230602 -0.0311541 0.11469
325.409 -0.229828 0.0383047 -9.57617 0.7334 -0.0837488 9.8333 0.0166461 -0.0105374 0.104458
325.426 -0.0766094 -0.0766094 -9.61448 0.662812 -0.0346959 9.84287 0.0163406 -0.00671952 0.0971275
325.443 -0.114914 0.114914 -10.0358 0.583848 -0.0251246 10.0786 0.00549779 -0.00809396 0.086132
325.459 0.229828 0.0 -9.76769 0.447458 -0.0239282 10.1133 -0.0111483 -0.00626137 0.0875064
325.476 0.268133 0.0383047 -9.72939 0.352941 -0.0251246 10.0355 -0.0279471 -0.0265726 0.0910189
325.492 0.229828 -0.0383047 -9.49956 0.163908 -0.0622134 9.89791 -0.0355829 -0.0305433 0.0933096
325.509 0.536266 -0.191523 -9.72939 0.00358923 -0.160319 9.89312 -0.0439823 -0.0598648 0.0853684
325.526 0.421352 -0.268133 -9.88261 -0.0251246 -0.206979 10.0164 -0.052229 -0.0864374 0.0546724
325.542 0.497961 -0.191523 -9.88261 0.00358923 -0.198604 9.98405 -0.0566577 -0.0945314 0.0485638
325.559 0.536266 0.0 -9.95922 -0.0299103 -0.0957129 10.0558 -0.0606284 -0.119119 0.0618501
325.575 0.268133 0.0 -9.806 0.262014 -0.117248 10.0128 -0.0639881 -0.147677 0.0638354
