2398.79 1.6471 4.55826 15.9347 -1.48594 5.3001 -15.2375 1.77838 -0.783893 -1.07436
2398.8 1.87693 3.94538 15.9347 -1.47278 5.22353 -15.545 1.55236 -0.581238 -1.05435
2398.82 2.25998 3.52403 14.8622 -1.93938 4.43509 -14.6608 1.43889 -0.485638 -1.04718
2398.83 2.14506 2.75794 15.1303 -2.27318 3.59043 -14.7673 1.21883 -0.311847 -1.02717
2399.43 3.40912 -2.37489 1.30236 -3.45164 -1.68215 -1.47757 0.309861 -0.495717 -1.08581
2399.45 3.60064 -2.87285 1.6471 -3.22792 -3.20399 -1.21196 0.332922 -0.502895 -1.09467
2399.46 3.79216 -2.4515 1.26405 -3.52582 -2.56032 -0.885344 0.358578 -0.516639 -1.10383
2399.48 3.10268 -3.63894 0.804398 -3.29492 -3.07717 -1.11027 0.374766 -0.507934 -1.11055
2399.5 3.17929 -3.33251 1.03423 -3.0987 -3.94098 -0.885344 0.415846 -0.503811 -1.113
2399.51 3.33251 -2.41319 0.881008 -3.69691 -2.65125 -0.650847 0.475559 -0.479376 -1.11712
2399.53 4.29012 -1.6471 0.842703 -4.10369 -1.82931 -0.561117 0.503505 -0.470061 -1.12659
2399.55 3.98369 -2.03015 1.18745 -3.87996 -2.21934 -0.553938 0.509461 -0.471282 -1.13331
2399.56 4.59656 -1.6088 0.804398 -4.26042 -1.74437 -0.611366 0.540768 -0.451429 -1.13468
2399.58 4.59656 -1.80032 0.65118 -4.38365 -2.01715 -0.348156 0.554666 -0.429744 -1.14354
2399.6 3.90708 -3.56234 0.612875 -3.70528 -3.08195 -0.336191 0.56841 -0.421344 -1.14446
2399.61 3.2559 -3.2559 0.65118 -3.19681 -3.64786 -0.372084 0.608269 -0.402713 -1.1556
2399.63 3.44742 -3.75386 0.497961 -3.09751 -3.91107 -0.338584 0.635911 -0.371711 -1.16171
2399.65 3.67725 -3.75386 0.497961 -3.13579 -4.27478 -0.339781 0.655306 -0.355065 -1.16752
2399.66 3.60064 -4.40504 0.459656 -4.08455 -3.73878 -0.331406 0.669508 -0.355982 -1.17133
2399.68 4.44334 -3.71555 0.57457 -4.465 -4.1659 -0.297906 0.690736 -0.357662 -1.18386
2399.7 4.71148 -4.82639 0.459656 -4.64327 -3.79741 -0.289531 0.724638 -0.355371 -1.17561
2399.71 2.56641 -4.9413 -0.344742 -3.02333 -5.65304 -0.265603 0.746019 -0.338114 -1.19088
2399.73 3.86877 -4.86469 0.536266 -3.79023 -4.80957 -0.350548 0.779922 -0.333074 -1.20127
2399.74 3.67725 -6.81823 0.459656 -2.04945 -7.16052 -0.485743 0.803746 -0.320552 -1.20432
2399.76 5.01791 -4.74978 0.689484 -4.54875 -5.32403 -0.57667 0.827722 -0.305738 -1.20997
2399.78 1.72371 -7.3928 0.727789 -2.22054 -7.08275 -0.644866 0.835663 -0.308029 -1.217
2399.8 2.25998 -7.16298 1.22575 -1.96092 -7.12343 -1.15095 0.864222 -0.264657 -1.2173
2399.81 2.14506 -6.16705 1.26405 -2.04706 -6.47737 -1.11625 0.860098 -0.238848 -1.21913
2399.83 0.612875 -7.69924 1.14914 -0.806381 -7.2347 -1.53739 0.84055 -0.199906 -1.22448
2399.84 -1.41727 -7.62263 4.40504 1.8018 -7.81256 -3.02931 0.807106 -0.110414 -1.22921
2399.86 -1.26405 -6.62671 6.43519 2.55314 -7.46919 -5.37547 0.680962 0.0806342 -1.30771
2399.88 -3.06437 -4.82639 7.46941 4.75454 -4.75693 -8.64048 0.53634 0.263894 -1.41431
2399.89 -2.56641 -3.63894 7.58433 3.21595 -3.57368 -7.75992 0.103236 0.756862 -1.7092
2399.91 -2.14506 -1.95354 9.8443 3.92183 -0.36012 -9.73878 -0.403018 1.22005 -2.0128
2399.93 -3.2559 -1.76202 9.65278 3.14536 -0.508475 -9.55932 -0.807411 1.47829 -2.22553
2399.95 -3.17929 -1.80032 10.304 3.91944 -2.04347 -9.76391 -1.64613 1.8074 -2.47675
2399.96 -1.26405 -1.03423 13.5216 2.3665 -0.0311067 -13.8844 -2.4117 2.01769 -2.67712
2399.98 -1.80032 -2.06845 15.9731 3.40738 -0.591027 -15.7376 -2.82922 2.1785 -2.88848
2399.99 -1.34066 -1.07253 17.85 1.13659 -1.4321 -17.458 -3.58547 2.21958 -2.98576
2400.01 1.99184 -0.65118 20.4164 -2.10209 -0.321834 -20.053 -4.27697 2.22553 -3.14428
2400.03 3.02607 -0.536266 24.0936 -2.79601 0.262014 -23.9701 -4.95396 2.04441 -3.17039
2400.04 2.4515 -0.536266 26.9282 -2.58185 -0.318245 -25.3651 -5.00405 1.91063 -3.16856
2400.06 2.33659 -1.18745 31.9461 -2.47059 0.607777 -31.3603 -5.00405 1.58489 -3.09464
2400.08 1.14914 -0.459656 37.1172 -0.689133 0.04666 -36.9643 -5.00405 1.20249 -2.99935
2400.09 0.0383047 -0.497961 38.8793 -0.0155533 -0.0909272 -37.1533 -5.0039 1.00762 -2.97766
2400.11 -0.114914 -0.57457 39.7603 -0.528814 -0.492921 -39.1801 -5.0039 0.623082 -2.93765
2400.13 -2.25998 1.57049 44.7016 2.81755 1.92981 -39.1801 -5.0039 0.235183 -2.90436
2400.14 -0.842703 -1.6471 43.8972 0.492921 -1.85444 -39.1801 -5.00405 0.0282525 -2.90344
2400.16 -0.65118 -3.2942 45.3911 0.875773 -1.84726 -39.1801 -5.00405 -0.33903 -2.88099
2400.18 -1.6088 -2.10676 44.3951 2.11884 -3.68136 -39.1801 -5.00405 -0.62858 -2.84297
2400.19 -3.2942 -2.68133 38.3813 1.97767 -5.45683 -39.1801 -5.00405 -0.793361 -2.70873
2400.21 -6.93315 -4.25182 30.9119 4.36211 -4.57268 -34.4542 -5.0039 -0.818559 -2.60656
2400.22 -3.67725 -3.98369 26.8899 4.37288 -5.28096 -27.1621 -4.99443 -0.749226 -2.31793
2400.24 -4.17521 -2.37489 21.4506 4.16112 -3.63589 -21.1322 -4.37654 -0.528857 -1.93919
2400.26 -4.74978 -6.85654 20.4164 5.58006 -3.57009 -20.1739 -3.97337 -0.389732 -1.75624
2400.27 -1.76202 -0.268133 15.5517 3.35952 -1.56251 -15.1657 -3.18032 -0.0499382 -1.31199
2400.29 -1.57049 0.191523 11.9894 2.44307 0.0681954 -11.5753 -2.4737 0.189979 -0.910647
2400.31 -5.7074 0.459656 9.95922 5.21276 -0.00119641 -10.5248 -2.15024 0.323453 -0.707993
2400.32 -4.17521 0.114914 9.11651 5.4341 -0.0658026 -9.18604 -1.54824 0.652251 -0.352927
2400.34 -4.02199 0.689484 8.1589 3.56889 0.710668 -7.7659 -0.973872 1.01251 -0.0241292
2400.36 -2.10676 1.49388 7.89076 3.399 0.942772 -7.79821 -0.70616 1.17866 0.142179
2400.37 -1.68541 1.22575 8.42703 5.05484 1.18205 -8.01715 -0.180969 1.47646 0.456774
2400.39 -1.49388 1.03423 8.81008 2.31984 1.32323 -8.51126 0.337045 1.7512 0.709062
2400.41 -5.47757 1.03423 9.30804 2.94556 1.5661 -8.25404 0.588416 1.86207 0.841467
2400.42 -1.72371 1.49388 9.03991 4.03071 1.42851 -9.10469 1.0739 2.09053 1.05649
2400.44 -2.25998 1.45558 10.4955 3.09153 1.97527 -10.1049 1.51647 2.20782 1.217
2400.45 -4.44334 1.41727 10.687 4.6337 1.17607 -10.2317 1.73791 2.25104 1.29473
2400.47 -1.87693 2.33659 12.0277 2.93719 2.12243 -11.4736 2.16109 2.34114 1.37781
2400.49 -1.95354 1.57049 13.3683 2.79123 1.8018 -12.7801 2.56059 2.34129 1.42209
2400.5 -0.995922 2.68133 14.5175 2.31147 1.93819 -13.7336 2.75241 2.32159 1.43248
2400.52 -0.65118 1.99184 15.2453 1.04925 2.7003 -14.6632 3.11862 2.23836 1.42988
2400.53 -1.53219 1.6471 16.7775 1.94177 1.8664 -16.209 3.441 2.0913 1.37735
2400.55 -1.91523 1.03423 17.6585 2.42513 1.468 -17.001 3.59922 2.00119 1.33153
2400.57 0.421352 2.71963 19.114 0.650847 3.47557 -18.0634 3.88159 1.81809 1.21165
2400.58 0.497961 3.14098 19.0374 -0.230907 3.40738 -18.6173 4.06989 1.54915 1.07222
2400.6 -1.45558 5.01791 16.7008 0.240479 2.94078 -18.7956 4.19466 1.24403 0.906219
2400.62 -0.229828 2.79624 19.114 0.332602 3.37747 -19.2826 4.23589 1.09772 0.837801
2400.63 -0.229828 3.06437 19.6503 0.281157 3.40738 -19.3579 4.26155 0.768468 0.698677
2400.65 -1.83862 3.71555 17.6968 1.34955 2.70748 -19.5326 4.22612 0.467006 0.59147
2400.67 -1.34066 1.91523 18.3479 1.74676 1.82453 -18.8447 4.1913 0.31261 0.552833
2400.68 -1.72371 2.14506 17.352 1.76112 2.09252 -17.6004 4.08195 0.0361938 0.504422
2400.7 -1.87693 0.957617 16.7391 2.26361 1.65224 -16.5823 3.91259 -0.21533 0.4835
2400.72 -2.4898 2.60472 16.3561 1.9322 3.45643 -15.8859 3.8173 -0.34239 0.485638
2400.73 -1.18745 2.71963 12.6788 1.40578 4.63848 -14.1344 3.58013 -0.572686 0.524733
2400.75 -1.99184 4.40504 12.7555 1.03609 5.41615 -12.7143 3.26126 -0.816727 0.598342
2400.77 -1.95354 2.4515 11.6063 1.92144 4.22453 -11.7117 2.90955 -1.0374 0.692874
2400.79 -2.22167 1.76202 10.4189 2.17268 1.91665 -10.7139 2.55204 -1.22875 0.797332
2400.81 -1.72371 1.49388 9.8443 2.14636 2.24447 -9.77827 2.21637 -1.403 0.90744
2400.82 -1.53219 2.98777 9.34634 1.8676 2.89292 -9.6993 2.03449 -1.47829 0.963334
2400.84 -2.4898 3.67725 8.12059 2.62134 4.532 -8.89651 1.64552 -1.61772 1.08398
2400.86 -2.18337 4.02199 7.54602 2.80678 4.47458 -7.66301 1.22998 -1.71332 1.20539
2400.87 -2.71963 3.21759 7.3928 2.73978 4.19701 -7.56491 1.02488 -1.73974 1.25823
2400.89 -2.29828 2.29828 6.70332 2.79482 3.05803 -6.44985 0.637285 -1.78357 1.33474
2400.91 -2.14506 1.45558 5.86062 2.81276 2.99701 -6.59581 0.297644 -1.79335 1.37857
2400.92 -1.87693 1.03423 5.86062 2.37846 1.44885 -5.34437 -0.0190895 -1.7709 1.40529
2400.94 -1.26405 -0.229828 4.74978 1.99681 1.18804 -5.4652 -0.165239 -1.7596 1.40972
2400.95 -1.30236 0.0766094 4.55826 1.97049 0.181854 -4.49133 -0.411112 -1.71592 1.41629
2400.97 -1.41727 0.0766094 4.25182 1.79462 0.501296 -4.29392 -0.62522 -1.6527 1.4082
2400.99 -1.41727 -0.306437 3.86877 1.71565 -0.0346959 -3.9338 -0.715323 -1.61833 1.39613
2401.0 -1.14914 -0.306437 3.2559 1.83051 -0.154337 -3.2327 -0.849866 -1.54564 1.37154
2401.02 -0.881008 -0.344742 2.14506 1.58405 -0.528814 -2.22891 -0.943939 -1.47341 1.3494
2401.04 -0.919312 -0.57457 2.18337 1.42732 -0.608973 -2.05304 -0.976468 -1.43843 1.34543
2401.05 -0.727789 -0.57457 2.14506 1.35673 -0.611366 -1.95852 -1.0203 -1.38162 1.33505
2401.07 -0.459656 -0.383047 2.03015 1.21914 -0.501296 -2.15833 -1.05955 -1.31794 1.32344
2401.09 -0.689484 -0.268133 2.03015 1.06959 -0.59342 -1.81017 -1.09085 -1.26877 1.31214
2401.1 -0.497961 -0.383047 2.03015 1.05045 -0.362513 -2.27677 -1.10719 -1.24006 1.30466
2401.12 -0.421352 -0.344742 2.79624 0.939182 -0.381655 -2.42991 -1.14675 -1.16935 1.28999
2401.14 -0.536266 -0.268133 3.2942 1.12822 -0.197408 -3.2674 -1.18447 -1.09818 1.26083
2401.15 -0.612875 -0.459656 3.67725 0.963111 -0.124427 -3.40977 -1.20386 -1.05588 1.24143
2401.17 -0.268133 -0.268133 3.86877 0.798006 -0.18664 -3.30688 -1.24464 -0.960127 1.19928
2401.19 -0.459656 -0.268133 4.13691 1.09232 -0.118445 -3.91466 -1.27671 -0.862389 1.16858
2401.2 -0.383047 -0.306437 3.79216 0.824327 -0.246461 -3.66221 -1.2877 -0.809243 1.15683
2401.22 0.421352 0.0 4.0603 0.760917 -0.41994 -4.21017 -1.3071 -0.709062 1.12308
2401.24 -0.536266 -0.306437 4.25182 1.09232 -0.400798 -4.25324 -1.2961 -0.613309 1.11101
2401.25 -0.383047 -0.268133 3.94538 1.28016 -0.256032 -4.09412 -1.28633 -0.496481 1.07879
2401.27 -0.153219 -0.497961 3.40912 0.711864 -0.29671 -3.70887 -1.27854 -0.438907 1.06978
2401.29 -1.11084 -0.344742 4.25182 0.585045 -0.540778 -4.31904 -1.24907 -0.335518 1.06016
2401.3 -0.383047 -0.57457 5.40096 0.98345 -0.604187 -5.25224 -1.18202 -0.233961 1.07069
2401.32 -0.344742 -1.03423 6.66501 1.05643 -0.991825 -5.91266 -1.14232 -0.183107 1.07482
2401.34 -0.421352 -0.995922 6.32027 1.14736 -1.29093 -5.93898 -1.02717 -0.0662789 1.08642
2401.35 -0.268133 -1.26405 6.70332 0.744168 -1.37946 -6.39123 -0.893543 0.0221439 1.09345
2401.37 -0.957617 -1.30236 7.27789 0.887737 -1.12702 -6.45823 -0.824821 0.0589485 1.10108
2401.38 0.229828 -1.34066 7.85246 1.03609 -1.30409 -7.11506 -0.671493 0.126602 1.11071
2401.4 -0.229828 -1.6088 8.54194 0.857827 -1.55773 -8.12004 -0.483652 0.202807 1.13071
2401.42 0.0383047 -1.26405 9.49956 0.358923 -2.18345 -8.87498 -0.262061 0.251371 1.13545
2401.43 0.344742 -1.87693 10.6487 0.0837488 -2.06381 -9.41815 -0.132863 0.248317 1.12323
2401.45 -0.65118 -3.14098 10.4572 -0.664008 -1.91426 -10.3633 0.143553 0.22938 1.08673
2401.47 1.53219 -2.52811 11.2999 -1.46201 -2.57707 -11.0656 0.436005 0.146455 1.03175
2401.48 1.57049 -2.41319 12.6405 -1.26221 -2.58544 -11.4509 0.583529 0.0742201 0.976162
2401.5 1.68541 -2.22167 13.5982 -1.37707 -2.1344 -12.4618 0.867887 -0.108276 0.834442
2401.52 3.2559 -2.79624 12.1426 -2.27557 -2.52562 -11.5131 1.11972 -0.325591 0.662941
2401.53 1.6088 -2.33659 12.7555 -1.94058 -2.00638 -12.469 1.22753 -0.440586 0.570395
2401.55 2.60472 -2.56641 15.7049 -2.39282 -2.13918 -12.3805 1.4227 -0.673479 0.393092
2401.57 2.25998 -1.72371 13.1385 -1.7671 -1.61755 -12.7561 1.59008 -0.896444 0.23503
2401.58 2.4898 -1.34066 13.4066 -1.77787 -0.679561 -13.1163 1.70844 -1.13819 0.0908662
2401.6 2.64302 -0.995922 14.9771 -2.46819 -0.928415 -14.217 1.75364 -1.26861 0.0154243
2401.62 2.83455 -0.612875 16.2412 -2.72542 -0.687936 -15.405 1.81564 -1.53266 -0.141568
2401.63 1.68541 -1.49388 18.2713 -2.59023 1.18923 -16.5272 1.85443 -1.81534 -0.303905
2401.65 4.13691 -0.421352 18.2713 -2.62612 -0.85663 -16.9268 1.85382 -1.94041 -0.348193
2401.66 2.29828 -0.57457 18.0798 -2.74337 -0.267996 -17.653 1.8274 -2.19881 -0.430965
2401.68 2.33659 -0.421352 18.9225 -3.27458 -0.235693 -18.3458 1.76815 -2.42101 -0.487623
2401.7 2.4898 -0.153219 18.5395 -2.52562 0.677169 -18.3553 1.72493 -2.52501 -0.505949
2401.71 2.18337 0.459656 19.4971 -2.41436 0.835095 -19.0899 1.60337 -2.71255 -0.533896
2401.73 2.06845 0.65118 18.8076 -2.34855 1.07557 -18.6317 1.43309 -2.87901 -0.555582
2401.75 2.29828 0.57457 19.3056 -1.85085 0.650847 -18.4235 1.33107 -2.95231 -0.567799
2401.76 1.68541 0.153219 19.2673 -1.74317 1.00499 -19.6451 1.10643 -3.06349 -0.575588
2401.78 -0.0383047 0.383047 20.5696 -1.57448 1.82213 -19.4812 0.866054 -3.11388 -0.581543
2401.8 0.306437 0.229828 18.1564 -1.40698 0.0167498 -19.0385 0.58643 -3.1261 -0.581696
2401.81 1.53219 -0.306437 17.9649 -1.58046 0.0909272 -18.0538 0.457996 -3.11847 -0.569479
2401.83 0.842703 -0.383047 17.85 -0.568295 0.244068 -17.6495 0.197004 -3.08609 -0.604451
2401.84 0.995922 -0.459656 16.7775 -1.21436 -0.168694 -16.867 -0.0928515 -2.9911 -0.640645
2401.86 1.45558 -1.37897 16.7775 -0.541974 -0.131605 -17.2953 -0.226631 -2.92788 -0.675006
2401.88 0.995922 -1.07253 16.5476 -0.654437 -0.803988 -16.2413 -0.489303 -2.78677 -0.742201
2401.89 0.957617 -1.45558 16.088 -0.582652 -0.993021 -16.0175 -0.719905 -2.59923 -0.817338
2401.91 1.34066 -2.03015 15.6283 -0.575474 -1.5326 -15.1143 -0.81581 -2.48271 -0.865749
2401.93 1.03423 -1.6471 14.2493 -0.798006 -1.34955 -14.2804 -0.988533 -2.23943 -0.95524
2401.95 0.995922 -1.83862 13.2917 -0.969093 -1.61755 -13.2455 -1.14369 -1.97661 -1.07787
2401.96 1.26405 -2.4515 12.7938 -0.867398 -1.72881 -13.3125 -1.21669 -1.84649 -1.13392
2401.98 1.53219 -2.60472 12.4873 -0.993021 -2.76371 -12.4211 -1.34207 -1.58168 -1.26984
2401.99 1.57049 -2.64302 11.568 -1.11864 -2.54716 -11.3743 -1.44042 -1.31993 -1.41308
2402.01 1.6088 -2.64302 12.2958 -0.832702 -2.68116 -11.9988 -1.48532 -1.20081 -1.48532
2402.03 2.52811 -2.52811 11.6446 -1.52183 -2.63689 -11.3001 -1.58428 -0.950506 -1.63773
2402.04 2.29828 -2.03015 11.7595 -1.83529 -1.73839 -11.5645 -1.66827 -0.7309 -1.78006
2402.06 2.10676 -3.52403 11.3765 -1.59362 -2.60818 -11.5454 -1.75059 -0.524733 -1.91888
2402.08 1.41727 -2.98777 11.7978 -1.07557 -3.34636 -10.855 -1.77365 -0.42165 -1.98363
2402.09 2.71963 -1.22575 10.9934 -2.04586 -1.17009 -10.8909 -1.83229 -0.234419 -2.10535
2402.11 2.10676 -1.45558 11.0701 -1.67498 -1.59482 -10.9771 -1.90682 -0.0858265 -2.2095
2402.13 1.45558 -2.29828 10.9934 -1.37827 -1.97049 -10.5404 -1.94301 -0.0105374 -2.25501
2402.14 -0.0766094 -5.01791 11.4914 -0.026321 -4.65643 -11.1039 -1.99188 0.129045 -2.3442
2402.16 0.57457 -4.59656 11.9894 -0.276371 -4.67797 -11.8983 -1.97325 0.273057 -2.42437
2402.17 1.26405 -3.33251 11.2999 -0.229711 -3.97807 -11.9509 -1.96531 0.3514 -2.46698
2402.19 0.804398 -3.48573 12.0277 -0.364905 -3.38824 -12.0909 -1.94225 0.489914 -2.54211
2402.21 0.421352 -3.67725 12.4107 -0.133998 -3.84407 -12.1077 -1.91491 0.617584 -2.60992
2402.22 0.383047 -3.44742 11.8745 -0.0765703 -3.85484 -11.4652 -1.89613 0.672257 -2.64016
2402.24 0.804398 -3.40912 10.9551 -0.276371 -3.51027 -10.4698 -1.86543 0.765567 -2.69972
2402.26 0.766094 -3.06437 11.0701 -0.276371 -3.19322 -10.7139 -1.83886 0.827417 -2.74034
2402.27 0.459656 -3.10268 10.6104 -0.234497 -3.20877 -10.4806 -1.80877 0.885449 -2.78463
2402.29 -0.153219 -3.37081 11.1467 0.087338 -3.37268 -10.9819 -1.7906 0.9024 -2.80418
2402.31 -0.0383047 -3.48573 11.1084 0.489332 -3.54736 -10.8227 -1.74326 0.947605 -2.83762
2402.32 -0.306437 -3.37081 11.8361 0.916451 -4.03071 -10.9065 -1.69301 0.973566 -2.859
2402.34 -0.191523 -3.02607 11.2233 0.477368 -3.15613 -10.526 -1.65712 0.989449 -2.86205
2402.36 0.191523 -3.10268 11.6063 0.367298 -3.03529 -10.922 -1.59894 1.00548 -2.86389
2402.37 0.114914 -2.64302 10.8019 -0.114855 -2.80199 -10.5332 -1.5264 1.00671 -2.87229
2402.39 0.344742 -2.41319 10.3423 0.306281 -2.58066 -10.2054 -1.49173 0.998306 -2.8732
2402.41 0.804398 -2.52811 9.806 -0.180658 -2.68594 -10.1228 -1.42836 0.968832 -2.88069
2402.42 0.421352 -2.75794 9.99752 -0.31346 -2.89053 -9.57009 -1.35887 0.925613 -2.88756
2402.44 0.0383047 -2.68133 10.6104 -0.48335 -2.91206 -9.65025 -1.32069 0.907288 -2.89214
2402.45 0.497961 -2.52811 10.0741 -0.61017 -2.54477 -9.54855 -1.23532 0.870177 -2.91367
2402.47 0.421352 -2.29828 10.8019 -0.339781 -2.45862 -10.1838 -1.12842 0.815963 -2.92467
2402.49 0.804398 -2.4515 9.806 -0.21655 -2.77328 -9.72323 -1.0713 0.786642 -2.92803
2402.5 0.804398 -2.64302 9.8443 -0.00717846 -2.4347 -10.1898 -0.945925 0.705702 -2.94101
2402.52 0.995922 -2.56641 9.88261 0.0311067 -2.7338 -9.99841 -0.812298 0.622777 -2.95521
2402.54 0.306437 -2.41319 9.57617 0.342173 -2.37607 -9.2686 -0.663247 0.542601 -2.97109
2402.55 0.727789 -3.02607 8.77177 0.0825523 -3.59043 -9.05563 -0.595135 0.515265 -2.97705
2402.57 0.229828 -2.37489 9.23143 0.204586 -2.1655 -8.70509 -0.450055 0.439365 -2.99858
2402.58 0.114914 -1.83862 8.61855 -0.337388 -2.28873 -8.2014 -0.321162 0.352316 -3.03432
2402.6 0.0766094 -1.95354 8.00568 0.0442672 -2.20259 -8.05902 -0.254425 0.325897 -3.0473
2402.62 0.268133 -1.87693 7.92907 0.106481 -1.99322 -7.38784 -0.128129 0.259159 -3.07678
2402.63 -0.0383047 -1.6088 7.3545 0.364905 -1.81496 -6.86022 -0.00687223 0.20128 -3.10335
2402.65 -0.114914 -1.68541 7.3545 0.248853 -1.86042 -7.08873 0.0484111 0.172417 -3.11801
2402.67 -0.0766094 -1.53219 7.00976 0.592223 -1.49791 -6.78963 0.165239 0.123395 -3.14489
2402.68 -0.344742 -1.22575 6.32027 0.772881 -1.37468 -6.03111 0.263283 0.0901026 -3.17222
2402.7 -0.268133 -1.18745 5.89892 0.672383 -1.44646 -5.81695 0.316734 0.0762054 -3.1962
2402.72 -0.421352 -1.03423 5.93723 0.782453 -1.26102 -5.82173 0.394771 0.068875 -3.20567
2402.73 -0.383047 -1.03423 6.09044 0.896112 -1.21555 -5.88275 0.468839 0.0618501 -3.23056
2402.75 -0.383047 -0.766094 6.01384 0.893719 -1.06481 -5.53819 0.532216 0.0687223 -3.25438
2402.77 -0.727789 -0.57457 4.97961 1.14855 -0.79322 -4.82393 0.557109 0.06353 -3.26736
2402.78 -0.881008 -0.268133 4.32843 1.18325 -0.585045 -4.63729 0.598953 0.0693332 -3.29226
2402.8 -0.727789 -0.421352 4.9413 1.26341 -0.58983 -4.79881 0.629344 0.0835358 -3.31303
2402.82 -0.689484 -0.65118 4.44334 1.22273 -0.539581 -4.39681 0.643699 0.0983493 -3.32066
2402.83 -0.689484 -0.497961 4.48165 1.32084 -0.446261 -3.77587 0.66905 0.121409 -3.34311
2402.85 -0.65118 -0.383047 4.48165 1.29452 -0.575474 -4.23051 0.677144 0.154549 -3.3619
2402.87 -0.57457 -0.383047 5.13283 1.04207 -0.327816 -4.89212 0.681573 0.179747 -3.3732
2402.88 -0.229828 -0.0383047 5.78401 0.806381 -0.376869 -5.59681 0.691499 0.190132 -3.40313
2402.9 -0.344742 -0.612875 6.01384 0.64008 -0.551545 -5.82054 0.714407 0.162185 -3.45597
2402.92 -0.344742 -0.344742 6.12875 1.15813 -0.307478 -5.10509 0.732885 0.155465 -3.49919
2402.93 -0.65118 -0.57457 6.81823 1.0002 -0.238086 -6.57547 0.736398 0.148746 -3.52225
2402.95 -0.344742 -0.229828 7.50772 0.594616 -0.234497 -7.23589 0.75564 0.137139 -3.56929
2402.96 -0.497961 -0.0766094 7.92907 0.7334 -0.0622134 -7.65344 0.777173 0.100945 -3.62747
2402.98 -0.459656 0.0383047 7.31619 0.541974 -0.0143569 -7.47278 0.787405 0.0878119 -3.66061
2403.0 -0.229828 -0.0383047 7.77585 0.707079 -0.0454636 -7.07677 0.803899 0.0514654 -3.71772
2403.01 -0.383047 0.0 6.47349 1.0349 -0.0478564 -6.64726 0.841009 0.0163406 -3.77209
2403.03 -0.497961 -0.153219 6.74162 0.738185 0.154337 -6.33619 0.854447 0.0151189 -3.79469
2403.04 -0.689484 -0.153219 7.50772 0.929611 -0.214158 -6.59462 0.86865 -0.00335976 -3.84402
2403.06 -0.229828 -0.306437 8.04398 0.502493 0.43669 -8.04826 0.898125 -0.0300851 -3.90083
2403.08 -0.383047 -0.114914 7.77585 0.342173 -0.417547 -7.19402 0.925308 -0.0517708 -3.92924
2403.09 -0.383047 0.306437 8.92499 0.587438 0.570688 -8.77687 0.970359 -0.0757473 -3.98712
2403.11 -0.612875 0.268133 9.19312 0.650847 0.565902 -9.08794 0.983187 -0.0930042 -4.04225
2403.13 -0.229828 0.383047 9.69109 0.375673 0.307478 -9.24347 0.994794 -0.104458 -4.07065
2403.14 -0.268133 0.497961 10.1124 0.257228 0.812363 -9.7986 1.00503 -0.113774 -4.12868
2403.16 -0.268133 0.727789 9.8443 0.172283 0.842273 -10.3131 0.977079 -0.118508 -4.18305
2403.18 0.421352 0.957617 10.8019 0.190229 1.00977 -11.0381 0.945467 -0.129809 -4.23574
2403.2 -0.919312 3.33251 12.5639 -0.619741 -0.0993021 -12.5731 0.925308 -0.150425 -4.26766
2403.21 0.459656 0.383047 12.1809 0.131605 1.35434 -11.8253 0.860404 -0.175929 -4.29805
2403.23 0.0766094 1.11084 12.3724 -0.131605 1.28973 -12.2142 0.796568 -0.217315 -4.31225
2403.24 0.459656 1.22575 12.3724 -0.728614 1.48116 -12.2225 0.754724 -0.235336 -4.32538
2403.26 0.344742 1.6471 13.7897 -0.644866 1.97408 -13.0086 0.66905 -0.282372 -4.34126
2403.28 0.65118 1.68541 14.0195 -0.784845 2.13918 -13.809 0.559858 -0.363006 -4.35699
2403.29 1.07253 1.80032 14.6324 -0.784845 1.93819 -13.0947 0.491136 -0.415236 -4.37013
2403.31 1.18745 1.87693 14.8622 -1.68574 2.43709 -14.9049 0.357203 -0.55772 -4.39105
2403.33 1.57049 1.41727 14.1344 -1.68096 2.04586 -13.681 0.217468 -0.714254 -4.40449
2403.34 1.18745 1.37897 12.7555 -1.3675 2.45623 -13.2586 0.154854 -0.795957 -4.42083
2403.36 0.957617 1.6471 12.7938 -1.16291 2.08654 -11.7811 0.0609338 -0.965472 -4.42877
2403.37 0.995922 1.53219 12.2958 -1.33639 2.02193 -12.1651 -0.000458149 -1.10903 -4.4416
2403.39 1.37897 1.45558 12.5256 -1.74317 1.7348 -12.4594 -0.0282525 -1.28221 -4.45733
2403.41 1.6471 1.22575 13.7514 -1.90229 1.70249 -13.3364 -0.0323759 -1.36437 -4.46848
2403.42 1.68541 1.6088 14.3643 -1.85444 1.72164 -13.681 -0.0264199 -1.53724 -4.48543
2403.44 1.72371 1.14914 14.8622 -1.96092 1.49192 -14.2959 -0.00412334 -1.70386 -4.50544
2403.46 1.68541 1.18745 15.0154 -2.08654 1.44048 -14.217 0.0221439 -1.78861 -4.51674
2403.47 1.6088 0.689484 14.4409 -1.81974 1.24786 -14.0447 0.0842994 -1.93217 -4.53476
2403.49 1.83862 1.30236 15.3219 -1.92981 1.58166 -14.8044 0.180205 -2.04395 -4.54819
2403.51 1.41727 0.727789 14.4409 -1.9681 1.10189 -14.7529 0.232129 -2.08519 -4.55797
2403.52 1.87693 0.881008 16.088 -2.10568 0.982253 -15.265 0.350484 -2.13528 -4.56606
2403.54 1.91523 0.65118 15.7432 -2.04586 0.853041 -15.1466 0.479835 -2.16475 -4.57523
2403.56 1.83862 0.65118 15.207 -2.07817 0.84347 -14.8774 0.611323 -2.14948 -4.58088
2403.57 1.91523 0.229828 15.7432 -2.10209 0.677169 -16.1396 0.676228 -2.12749 -4.58485
2403.59 1.68541 0.344742 15.5134 -1.88794 0.519242 -14.7673 0.810923 -2.05373 -4.59035
2403.61 1.49388 0.65118 14.0961 -2.35454 0.106481 -13.8736 0.938747 -1.92087 -4.6044
2403.62 2.22167 0.727789 13.33 -1.29811 0.675972 -13.7803 0.991434 -1.83092 -4.61356
2403.64 1.80032 0.421352 13.6365 -2.12363 0.838684 -13.6128 1.08215 -1.653 -4.61631
2403.66 2.06845 0.268133 12.7938 -2.00877 0.486939 -12.5025 1.11941 -1.43675 -4.62852
2403.67 1.95354 0.0766094 13.2917 -2.1679 0.262014 -12.7729 1.12323 -1.33092 -4.63219
2403.69 1.91523 -0.153219 12.6788 -1.87478 0.0753739 -13.0612 1.10612 -1.10505 -4.64059
2403.71 1.91523 -0.612875 13.7131 -1.69172 -0.240479 -13.1713 1.06642 -0.844827 -4.65495
2403.72 1.26405 -1.18745 12.449 -1.31964 -0.948754 -12.8052 0.966541 -0.582001 -4.66991
2403.74 1.07253 -1.41727 11.568 -1.19641 -1.29332 -11.5131 0.906371 -0.457385 -4.67755
2403.76 1.14914 -1.41727 12.066 -0.904487 -1.29212 -12.2297 0.765719 -0.224951 -4.69236
2403.77 0.957617 -1.26405 12.066 -1.02772 -1.22991 -11.8792 0.590096 -0.00702495 -4.7087
2403.79 1.26405 -1.6471 12.4107 -1.133 -1.19043 -12.8495 0.483652 0.0960585 -4.71725
2403.81 -0.268133 -2.41319 12.1043 0.0837488 -2.18943 -11.8504 0.247553 0.283594 -4.73176
2403.82 -1.22575 -3.33251 12.5256 1.85085 -3.24945 -12.5551 0.0219911 0.451735 -4.74153
2403.84 -0.268133 -3.75386 11.6829 1.38185 -3.61436 -11.5573 -0.206778 0.598342 -4.75161
2403.86 -1.18745 -3.2559 11.4148 1.61396 -3.25065 -10.8814 -0.325438 0.655764 -4.75329
2403.87 -0.612875 -3.06437 10.6487 1.22632 -2.98026 -10.4841 -0.56841 0.73823 -4.76078
2403.89 1.45558 -2.94946 11.185 -0.105284 -2.97188 -10.8215 -0.814283 0.705091 -4.76673
2403.91 1.99184 -3.67725 11.1084 -2.1679 -3.7328 -10.3454 -0.931111 0.660345 -4.76398
2403.92 1.45558 -3.98369 10.2657 -1.30648 -4.00319 -10.2664 -1.13239 0.565203 -4.7649
2403.94 1.03423 -3.90708 10.6487 -0.897308 -4.01755 -10.1743 -1.29763 0.454484 -4.75528
2403.96 0.383047 -3.48573 10.3806 -0.306281 -3.6993 -10.1635 -1.3662 0.394008 -4.7452
2403.97 -0.842703 -2.94946 10.304 1.08634 -3.23868 -10.3214 -1.49647 0.254883 -4.72397
2403.99 -0.881008 -2.25998 11.568 2.14038 -2.44666 -11.2582 -1.59421 0.096364 -4.68991
2404.0 -2.29828 -1.22575 11.3765 2.04706 -1.71805 -11.1362 -1.63773 0.0323759 -4.6806
2404.02 -2.14506 -0.536266 12.4107 2.02672 -0.848255 -12.1795 -1.73929 -0.0809396 -4.65097
2404.04 -2.29828 0.229828 11.8745 2.86181 -0.427119 -11.4197 -1.85901 -0.192728 -4.62012
2404.05 -2.25998 -0.344742 12.4107 3.31406 -0.184247 -12.2357 -1.95324 -0.296728 -4.58515
2404.07 -2.14506 -0.727789 12.0277 2.50648 -0.696311 -11.4915 -1.99371 -0.349873 -4.57034
2404.09 -1.99184 -0.804398 12.1809 2.36889 -0.671186 -12.006 -2.05907 -0.480598 -4.55003
2404.1 -2.22167 -0.536266 12.7172 2.72662 -0.429512 -12.1711 -2.10153 -0.616974 -4.53094
2404.12 -2.10676 -0.842703 13.4066 2.40479 -0.491725 -12.7549 -2.11665 -0.689361 -4.52437
2404.14 -2.14506 -1.76202 14.0195 2.81755 -1.71565 -13.0265 -2.11558 -0.82253 -4.50956
2404.15 -2.83455 -0.383047 13.5216 3.5677 -0.392423 -13.1617 -2.06854 -0.927752 -4.49474
2404.17 -1.6088 -0.229828 13.9046 2.71226 -0.678365 -12.8148 -2.01036 -1.03679 -4.48573
2404.19 -2.18337 0.153219 14.0578 3.07358 0.0801595 -13.8449 -1.97126 -1.08123 -4.48161
2404.2 -2.25998 0.421352 13.2917 2.60339 0.571884 -12.871 -1.89063 -1.16263 -4.47489
2404.22 -2.37489 0.383047 13.6365 2.71107 0.599402 -13.0971 -1.8077 -1.24891 -4.46558
2404.24 -2.03015 0.689484 12.9087 2.83908 0.735793 -12.1531 -1.7683 -1.29488 -4.46344
2404.25 -1.6088 1.26405 12.7172 2.31266 1.33639 -12.0873 -1.69057 -1.37429 -4.45794
2404.27 -1.14914 1.6471 12.4107 1.64626 1.7324 -12.274 -1.59115 -1.44577 -4.45305
2404.29 -0.995922 1.6471 12.2192 1.74915 2.05902 -12.1304 -1.53678 -1.48471 -4.44908
2404.3 -0.919312 1.87693 12.8704 1.5984 2.03629 -12.3242 -1.41934 -1.53281 -4.44649
2404.32 -1.91523 0.957617 12.3724 1.2993 2.21695 -11.9462 -1.29167 -1.56901 -4.44618
2404.34 -0.766094 2.22167 12.3724 1.30768 2.45025 -11.6901 -1.15728 -1.60887 -4.43962
2404.35 -0.344742 2.41319 12.0277 0.674776 2.65364 -11.604 -1.09116 -1.62368 -4.43839
2404.37 -0.497961 2.18337 11.9128 0.614955 2.52323 -11.3623 -0.949285 -1.65499 -4.43916
2404.38 -0.995922 3.06437 11.0701 1.41176 3.28295 -10.7593 -0.801608 -1.65514 -4.43916
2404.4 -0.881008 3.60064 10.9551 1.38544 3.38345 -11.0201 -0.736398 -1.62337 -4.43732
2404.42 -0.114914 3.06437 11.2999 0.314656 3.52223 -10.4483 -0.611629 -1.56 -4.43687
2404.43 0.57457 2.98777 10.6487 -0.270389 3.41934 -9.97567 -0.491441 -1.49387 -4.43122
2404.45 0.881008 3.37081 9.99752 -0.429512 3.2004 -10.6193 -0.440434 -1.4447 -4.42679
2404.47 0.842703 3.14098 9.15482 -1.09113 3.52343 -9.18245 -0.345444 -1.34238 -4.41823
2404.48 0.842703 3.56234 9.72939 -0.869791 3.69811 -9.20758 -0.237321 -1.26968 -4.4077
2404.5 0.995922 4.44334 9.61448 -0.71665 3.54257 -9.51745 -0.195171 -1.22494 -4.40235
2404.52 1.45558 3.98369 9.72939 -1.58166 3.06162 -9.60239 -0.122478 -1.13667 -4.39655
2404.53 1.99184 1.14914 8.84838 -1.90828 1.28734 -8.47657 -0.0471893 -1.04397 -4.3967
2404.55 3.2942 0.0 9.95922 -3.18604 1.21675 -8.9659 0.00366519 -0.970359 -4.38326
2404.57 3.63894 0.0 9.46126 -3.09153 0.637687 -9.09631 0.120188 -0.934318 -4.3851
2404.58 4.59656 -0.612875 9.49956 -4.06899 -0.388834 -9.08435 0.222355 -0.844368 -4.3828
2404.6 5.17113 -1.80032 8.92499 -4.68395 -1.64985 -9.02453 0.335365 -0.753349 -4.38418
2404.62 5.13283 -0.229828 8.58025 -4.88136 -0.875773 -8.62134 0.387747 -0.716545 -4.38494
2404.63 4.48165 1.91523 8.42703 -4.28195 1.95135 -8.37966 0.444557 -0.620181 -4.37914
2404.65 4.44334 0.65118 7.31619 -4.33818 0.71665 -6.99541 0.435394 -0.53634 -4.38204
2404.66 4.74978 -0.383047 6.81823 -4.44108 0.066999 -6.47856 0.42562 -0.493732 -4.37578
2404.68 4.71148 0.766094 6.01384 -4.81795 0.324227 -5.84088 0.412945 -0.418137 -4.37425
2404.7 5.24774 -1.03423 5.09452 -4.934 -1.04686 -4.94357 0.366977 -0.366977 -4.38952
2404.71 4.82639 -2.87285 4.40504 -3.90269 -2.93001 -4.45663 0.352316 -0.339794 -4.39365
2404.73 3.83047 -2.4515 4.59656 -3.75195 -2.81276 -4.30349 0.348651 -0.274278 -4.39136
2404.74 4.21351 -2.14506 4.44334 -4.1324 -2.34855 -3.94337 0.331852 -0.218232 -4.40296
2404.76 4.55826 -1.72371 3.94538 -4.3346 -2.14516 -3.97926 0.312457 -0.201738 -4.408
2404.78 4.67317 -2.29828 3.67725 -4.7007 -2.06142 -3.61675 0.270766 -0.175013 -4.42419
2404.79 3.17929 -4.40504 4.0603 -3.85364 -3.46002 -3.7986 0.237321 -0.147829 -4.43305
2404.81 2.98777 -3.44742 3.56234 -2.38564 -4.86819 -3.66341 0.241597 -0.11469 -4.43122
2404.83 1.99184 -4.48165 4.25182 -2.48375 -4.21735 -3.70887 0.268017 -0.0510072 -4.44588
2404.84 1.30236 -5.63079 3.60064 -0.912862 -6.0682 -2.95513 0.274278 0.0253509 -4.44588
2404.86 3.06437 -4.21351 3.14098 -2.48973 -4.91605 -2.95513 0.286954 0.081245 -4.45382
2404.87 0.191523 -5.24774 2.91116 -0.817148 -5.91864 -3.00658 0.288176 0.155312 -4.46344
2404.89 2.29828 -5.05622 3.40912 -2.21695 -5.24028 -3.43848 0.277944 0.230754 -4.47443
2404.91 2.68133 -5.89892 3.37081 -0.380459 -5.87677 -3.37627 0.262977 0.271224 -4.47398
2404.92 0.727789 -5.59248 3.56234 -0.104088 -5.97727 -3.46002 0.225715 0.348499 -4.4726
2404.94 -0.0383047 -5.78401 4.0603 0.611366 -5.8995 -3.75673 0.179442 0.420428 -4.46756
2404.96 0.57457 -6.01384 3.71555 0.484546 -6.22373 -3.98166 0.149204 0.454942 -4.46145
2404.97 -0.881008 -5.82231 4.29012 0.739382 -6.11246 -3.9015 0.0815505 0.501368 -4.45641
2404.99 0.229828 -5.89892 4.78809 0.714257 -5.9318 -4.68275 0.00809396 0.550695 -4.4442
2405.01 -1.99184 -5.05622 4.0986 0.370887 -6.05743 -4.73659 -0.0809396 0.576657 -4.43274
2405.02 -2.60472 -5.20944 5.09452 1.6343 -5.48674 -4.6014 -0.124922 0.587041 -4.43503
2405.04 -0.421352 -5.55418 5.28605 0.42353 -5.72722 -4.89691 -0.223118 0.585514 -4.42327
2405.06 -2.52811 -4.67317 5.09452 1.85683 -5.02971 -5.02253 -0.30864 0.553902 -4.41656
2405.07 -2.37489 -6.12875 5.17113 1.04806 -5.69851 -4.71745 -0.348499 0.528093 -4.40923
2405.09 -3.71555 -3.90708 4.86469 3.46959 -4.48654 -4.57627 -0.413556 0.454331 -4.40021
2405.11 -3.83047 -4.25182 5.24774 4.10847 -4.29272 -5.01894 -0.494343 0.420733 -4.39258
2405.12 -3.44742 -4.63487 4.903 3.13938 -4.7665 -5.38026 -0.529162 0.395688 -4.38662
2405.14 -2.29828 -4.74978 5.05622 3.51266 -4.57627 -4.58106 -0.600327 0.317803 -4.36967
2405.16 -2.4515 -4.63487 5.20944 3.19322 -5.00818 -5.38265 -0.643699 0.232587 -4.36051
2405.17 -3.56234 -3.75386 5.40096 3.64786 -4.30588 -4.98305 -0.653167 0.17486 -4.35898
2405.19 -5.05622 -2.25998 5.78401 5.10389 -3.0987 -5.31805 -0.664316 0.0627664 -4.34692
2405.2 -5.55418 -1.22575 6.05214 5.96411 -1.48953 -5.74158 -0.682489 -0.0290161 -4.32248
2405.22 -5.17113 -0.919312 6.85654 5.2331 -1.58166 -5.72602 -0.706007 -0.118508 -4.29041
2405.24 -3.98369 -1.76202 6.66501 5.04048 -2.02552 -6.47976 -0.710589 -0.179747 -4.27712
2405.25 -4.67317 -1.11084 5.86062 5.13739 -1.00499 -6.65803 -0.70616 -0.280387 -4.25452
2405.27 -5.13283 -2.14506 6.58841 5.32881 -0.727418 -5.52742 -0.671188 -0.390496 -4.23055
2405.29 -4.67317 -1.41727 6.5501 5.65783 -1.35314 -5.93539 -0.639729 -0.435699 -4.21237
2405.3 -5.20944 -1.11084 6.47349 5.86361 -1.55653 -6.1663 -0.540768 -0.531147 -4.1916
2405.32 -5.32435 -0.268133 6.85654 5.61236 -0.330209 -6.40917 -0.483805 -0.579253 -4.18489
2405.33 -5.47757 -0.114914 7.04806 5.87677 -0.232104 -6.5994 -0.383165 -0.659429 -4.16442
2405.35 -4.9413 0.536266 7.81416 5.54417 0.44985 -7.22393 -0.273668 -0.728151 -4.14227
2405.36 -5.20944 -0.0766094 7.85246 5.50708 0.137587 -7.24666 -0.212123 -0.754571 -4.13708
2405.38 -3.63894 2.94946 8.04398 4.35015 2.40479 -8.24446 -0.0722348 -0.803593 -4.11784
2405.39 -3.71555 4.55826 8.46534 4.02712 5.62552 -7.99442 -0.00580322 -0.832151 -4.11326
2405.41 -4.0986 2.37489 8.69516 4.81795 2.69432 -8.01954 0.0774271 -0.871857 -4.10685
2405.42 -4.0986 1.83862 9.53786 4.74257 3.45284 -8.47896 0.208763 -0.889572 -4.08837
2405.44 -2.87285 2.37489 9.19312 5.07757 2.33539 -8.46461 0.293368 -0.885755 -4.08088
2405.46 -3.02607 3.06437 9.92091 3.59521 3.17767 -9.48275 0.438448 -0.858724 -4.06424
2406.05 4.59656 -0.344742 7.66094 -4.76171 -0.801595 -7.28973 0.415083 -0.536798 -3.86479
2406.07 4.29012 0.383047 8.12059 -4.12283 0.512064 -7.77547 0.512516 -0.540616 -3.88342
2406.08 4.21351 1.22575 7.69924 -4.07976 1.14616 -7.67856 0.57177 -0.513737 -3.89533
2406.1 4.71148 0.268133 8.46534 -5.50469 -0.240479 -7.55414 0.592692 -0.515417 -3.89824
2406.12 4.78809 0.306437 8.1972 -4.79761 0.574277 -7.7683 0.590248 -0.489456 -3.90618
2406.13 4.74978 0.383047 8.92499 -5.02493 0.380459 -7.68335 0.586278 -0.455705 -3.91183
2406.15 5.47757 0.57457 8.42703 -5.15653 0.486939 -8.26122 0.585056 -0.44471 -3.91473
2406.17 4.71148 -1.26405 8.23551 -5.34317 -0.442672 -7.80539 0.534049 -0.438143 -3.92374
2406.18 4.21351 -2.4515 9.03991 -4.2676 -2.37727 -8.53998 0.498619 -0.431576 -3.93305
2406.2 4.44334 -2.14506 7.89076 -4.29272 -2.56152 -7.68216 0.488081 -0.419512 -3.93886
2406.22 3.48573 -3.33251 8.81008 -3.72802 -3.26501 -8.42991 0.491441 -0.386067 -3.95016
2406.23 4.67317 -1.83862 7.92907 -4.80359 -1.92383 -7.76231 0.491594 -0.338267 -3.96635
2406.25 3.48573 -3.2559 9.65278 -4.56311 -2.3677 -8.39043 0.490525 -0.313985 -3.96833
2406.27 2.22167 -4.0986 8.84838 -2.333 -4.22812 -8.47777 0.481209 -0.237474 -3.97719
2406.28 2.06845 -4.32843 9.0016 -1.9322 -4.43031 -8.7996 0.458454 -0.161421 -3.98788
2406.3 2.25998 -4.21351 10.5721 -2.19182 -4.28315 -8.99462 0.440586 -0.115454 -3.9917
2406.32 0.995922 -5.36266 9.42295 -1.87597 -4.52124 -9.1992 0.385761 -0.0401644 -4.00163
2406.33 -1.14914 -6.43519 10.304 1.72403 -6.49292 -10.1731 0.311236 0.0137445 -4.00712
2406.35 -1.45558 -6.93315 10.0358 1.05882 -6.85184 -10.1731 0.280845 0.0676533 -4.00941
2406.36 0.0383047 -6.01384 10.3423 0.145962 -6.08255 -10.0642 0.226784 0.176998 -4.00743
2406.38 -0.421352 -5.32435 10.4189 0.726221 -5.45204 -10.2078 0.142942 0.273362 -4.00712
2406.4 0.268133 -4.903 9.88261 0.118445 -5.09312 -10.2473 0.00809396 0.289855 -4.01033
2406.41 -1.72371 -5.66909 10.1507 1.51705 -5.27019 -9.9003 -0.0597121 0.288939 -4.00178
2406.43 -2.14506 -4.78809 11.0701 3.23749 -4.92203 -10.855 -0.185398 0.312916 -3.99078
2406.45 0.0 -5.28605 9.95922 3.27817 -5.59561 -10.0343 -0.327271 0.340557 -3.9862
2406.46 0.536266 -5.17113 11.0318 -1.75155 -4.87657 -10.5571 -0.384845 0.322231 -3.98391
2406.48 -2.03015 -4.55826 11.7212 2.04945 -4.99382 -10.5607 -0.524428 0.261298 -3.98284
2406.5 -2.75794 -3.90708 10.9934 3.48754 -3.68614 -10.8479 -0.66233 0.20464 -3.9807
2406.51 -2.79624 -4.74978 11.1467 4.55354 -3.5665 -11.1852 -0.734107 0.177151 -3.96864
2406.53 -0.114914 -5.7074 10.7636 0.435494 -5.27258 -10.4578 -0.862389 0.0844521 -3.96513
2406.55 0.344742 -3.90708 11.8361 2.29232 -3.98764 -11.2104 -0.957226 -0.0650571 -3.95947
2406.56 -2.33659 -3.60064 11.6063 2.31864 -3.93499 -11.1123 -1.05267 -0.19563 -3.95306
2406.58 -3.44742 -2.71963 11.9511 4.35493 -2.58544 -10.8191 -1.09788 -0.247859 -3.94558
2406.59 -4.903 -0.995922 11.2999 5.59322 -0.866202 -11.001 -1.21745 -0.29856 -3.93015
2406.61 -4.0603 -2.22167 11.8745 5.88873 -0.934397 -11.5537 -1.34512 -0.330936 -3.90664
2406.63 -2.25998 -3.52403 12.0277 2.93001 -3.33799 -11.482 -1.40331 -0.36148 -3.89656
2406.64 -1.95354 -4.71148 12.0277 1.9657 -4.83111 -12.012 -1.44577 -0.480445 -3.89259
2406.66 -2.29828 -3.44742 12.7938 1.84008 -5.0656 -11.4102 -1.41858 -0.627816 -3.89457
2406.68 -4.51995 0.344742 12.2575 4.28195 -0.945165 -11.6566 -1.41293 -0.686918 -3.89411
2406.69 -4.86469 1.18745 12.449 5.61236 1.93938 -11.7404 -1.43889 -0.762207 -3.8793
2406.71 -4.51995 0.497961 11.6063 4.92682 0.443868 -10.8706 -1.49784 -0.813978 -3.86632
2406.73 -3.90708 -0.536266 11.7595 4.50329 -0.179462 -11.6518 -1.52319 -0.841925 -3.85135
2406.74 -3.40912 -2.4515 11.185 3.82732 -2.09013 -11.1302 -1.52884 -0.914007 -3.83486
2406.76 -3.60064 -3.10268 12.4107 4.84068 -3.18006 -11.6973 -1.43492 -0.973719 -3.81974
2406.78 -4.74978 -1.68541 11.4914 4.85863 -2.42632 -11.3216 -1.37109 -0.99739 -3.80294
2406.79 -3.98369 0.191523 12.2192 5.11585 -0.283549 -11.415 -1.27732 -1.00075 -3.79362
2406.81 -3.21759 2.22167 11.5297 3.52822 2.46819 -11.2666 -1.22585 -1.00503 -3.77118
2406.83 -2.83455 2.4898 11.6829 4.44586 4.64088 -10.7976 -1.22463 -1.00701 -3.75743
2406.84 -3.71555 0.804398 11.1084 4.59781 1.83171 -10.879 -1.21196 -1.00029 -3.7333
2406.86 -5.24774 -0.344742 11.8745 5.35992 -0.189033 -11.2726 -1.1469 -0.97265 -3.69894
2406.88 -4.97961 1.07253 11.1084 5.06919 1.04806 -10.9723 -1.03725 -0.908356 -3.66992
2406.89 -4.02199 1.07253 11.7595 5.01894 0.803988 -11.0859 -1.00014 -0.871246 -3.65465
2406.91 -3.21759 1.76202 11.8745 3.92901 1.94177 -11.8349 -0.947757 -0.800997 -3.61999
2406.92 -3.21759 1.68541 11.6063 3.89312 2.0327 -11.3444 -0.935235 -0.744186 -3.59204
2406.94 -4.40504 1.6471 11.9128 4.19222 1.79701 -11.5047 -0.927446 -0.708603 -3.57555
2406.96 -4.13691 1.95354 11.5297 4.68275 2.17508 -11.2953 -0.91813 -0.615294 -3.54363
2406.97 -3.98369 2.75794 10.9551 3.86321 2.94556 -10.5284 -0.927293 -0.521832 -3.5027
2407.0 -1.07253 3.40912 10.2273 1.97408 3.58205 -10.416 -0.937678 -0.503658 -3.48773
2407.01 0.766094 4.44334 11.2999 -0.488136 4.74736 -10.8203 -0.957378 -0.505033 -3.46849
2407.03 2.06845 4.59656 10.9934 -1.99561 5.38265 -10.5643 -0.995863 -0.554054 -3.45566
2407.05 2.41319 4.78809 10.6104 -2.37368 5.27139 -10.2652 -1.0119 -0.591317 -3.44955
2407.06 2.4515 4.55826 11.7212 -2.47418 5.10509 -11.0166 -1.03526 -0.709062 -3.44177
2407.08 1.22575 4.25182 10.7636 -1.12941 4.60618 -10.7079 -1.03221 -0.846048 -3.43001
2407.1 0.842703 4.17521 11.6829 0.571884 4.78923 -11.5262 -1.01724 -0.896597 -3.42711
2407.11 -1.95354 4.63487 11.8745 2.6656 4.89452 -11.7942 -0.977995 -0.941801 -3.41
2407.13 -0.459656 4.9413 11.2999 1.13539 5.52981 -10.9053 -0.928209 -0.947146 -3.39809
2407.15 -0.344742 4.74978 11.9128 0.878166 5.23908 -11.3025 -0.887129 -0.924239 -3.3816
2407.16 -0.114914 4.40504 10.8785 -1.01695 5.07398 -10.7354 -0.857044 -0.92317 -3.38099
2407.18 1.72371 4.25182 11.7978 -1.55653 4.52842 -11.476 -0.777479 -0.953713 -3.37381
2407.2 0.957617 4.32843 10.8785 -1.22991 4.45065 -10.7462 -0.682489 -0.967152 -3.37442
2407.21 1.22575 3.94538 12.1809 -2.0339 4.36451 -11.7416 -0.629955 -0.969748 -3.3761
2407.23 0.957617 5.32435 11.4148 -0.22014 5.88634 -11.2714 -0.514501 -0.954019 -3.37259
2407.25 3.98369 3.14098 11.7212 -4.01994 3.57248 -11.0512 -0.396299 -0.95188 -3.38358
2407.26 4.44334 1.91523 11.2233 -4.85743 2.41196 -11.3575 -0.309098 -0.980591 -3.38908
2407.28 4.9413 3.52403 11.7978 -4.72223 3.42532 -11.1147 -0.0896445 -1.04107 -3.40649
2407.29 3.44742 2.52811 10.8785 -3.39302 2.81157 -10.5571 0.113468 -1.04977 -3.41336
2407.31 4.59656 1.26405 10.7253 -4.00558 1.82094 -10.6325 0.336739 -1.02579 -3.42955
2407.33 4.71148 3.40912 10.4572 -4.6002 2.84626 -10.0235 0.453567 -1.01113 -3.43001
2407.34 2.41319 2.83455 10.189 -1.67617 3.6658 -9.98166 0.622166 -0.942107 -3.41183
2407.36 5.20944 1.41727 10.687 -4.68036 1.74078 -10.7115 0.81016 -0.838412 -3.41015
2407.38 4.67317 1.49388 10.8785 -4.43988 1.28973 -10.1097 0.908356 -0.797332 -3.39198
2407.39 4.0986 1.68541 10.8019 -4.58943 1.75992 -10.7115 1.09223 -0.694401 -3.36205
2407.41 4.21351 2.60472 10.3806 -3.89671 2.24088 -10.0953 1.23303 -0.555582 -3.32708
2407.43 4.59656 0.114914 10.5721 -5.83489 -0.440279 -10.2437 1.29412 -0.481973 -3.31471
2407.44 4.97961 -0.153219 10.2273 -4.76889 -0.537189 -10.2102 1.44011 -0.341626 -3.25606
2407.46 4.44334 -0.497961 10.3423 -4.92323 -0.769292 -10.1898 1.55664 -0.189368 -3.21422
2407.48 4.78809 -0.766094 10.6104 -4.86819 -0.537189 -10.7761 1.60413 -0.10797 -3.19299
2407.49 5.66909 0.727789 10.3806 -6.268 1.43809 -10.3789 1.67942 0.0606284 -3.15848
2407.51 5.43926 0.0383047 10.8402 -5.75593 0.162712 -10.654 1.68446 0.214261 -3.12748
2407.52 5.78401 -1.68541 10.7636 -4.80479 -1.98126 -10.7342 1.69469 0.288939 -3.10884
2407.54 6.01384 0.65118 10.6104 -5.85045 1.01934 -10.3777 1.70309 0.431271 -3.08578
2407.56 5.89892 -1.34066 11.0701 -6.00957 -1.5003 -10.8873 1.66293 0.553596 -3.07861
2407.57 5.93723 -0.497961 9.72939 -6.01795 -0.747757 -10.008 1.64246 0.606283 -3.07372
2407.59 5.43926 -2.03015 10.7636 -5.97847 -1.01456 -10.6229 1.55389 0.709672 -3.06593
2407.61 5.43926 -3.63894 9.8443 -5.44247 -3.77228 -9.64666 1.49311 0.790765 -3.05005
2407.62 5.97553 -0.497961 10.0358 -6.67238 -1.10548 -9.94457 1.39094 0.853837 -3.0809
2407.64 4.78809 -5.66909 9.53786 -6.38883 -2.75175 -9.77229 1.31275 0.864527 -3.08594
2407.66 6.16705 -3.2559 9.65278 -5.80738 -3.44207 -9.17647 1.23593 0.907288 -3.08838
2407.67 7.16298 -5.17113 9.0016 -7.81376 -1.51107 -9.37747 1.10948 0.892627 -3.09922
2407.69 4.48165 -4.51995 8.77177 -4.3992 -4.38006 -8.7996 1.06795 0.896139 -3.10976
2407.7 6.12875 -4.97961 8.61855 -5.24028 -4.85025 -8.51605 0.969596 0.890183 -3.1232
2407.72 5.66909 -3.90708 8.84838 -5.07278 -4.88016 -8.12482 0.885449 0.86361 -3.13191
2407.74 4.55826 -5.24774 8.31211 -5.25344 -4.49611 -8.37607 0.833525 0.847575 -3.13725
2407.75 3.48573 -5.20944 7.89076 -2.84746 -5.4987 -7.66421 0.74495 0.802677 -3.13465
2407.77 4.97961 -4.71148 7.96737 -5.02014 -4.70907 -7.50867 0.662483 0.760833 -3.14
2407.79 4.48165 -5.09452 7.46941 -4.72343 -5.28933 -7.31605 0.61621 0.710589 -3.13526
2407.8 4.21351 -5.97553 7.3928 -4.75932 -5.81934 -7.16291 0.533438 0.625984 -3.12702
2407.82 3.60064 -7.00976 7.00976 -1.06959 -7.27777 -6.84347 0.484263 0.544434 -3.11037
2407.84 2.56641 -6.12875 7.04806 -2.28514 -6.34337 -6.80279 0.452193 0.505796 -3.0867
2407.85 1.37897 -6.58841 7.62263 -1.37348 -6.55274 -7.02652 0.431882 0.475864 -3.07433
2407.87 1.95354 -6.28197 6.20536 -1.84487 -6.23928 -6.1998 0.406225 0.416457 -3.04898
2407.89 0.612875 -6.28197 7.04806 -1.85563 -6.5324 -6.80758 0.384692 0.35308 -3.02088
2407.9 0.804398 -6.35858 6.77993 0.223729 -7.18923 -6.2668 0.371864 0.331394 -3.00026
2407.92 0.383047 -6.24366 7.00976 -1.77188 -6.58744 -6.65444 0.366214 0.268017 -2.97766
2407.94 0.383047 -6.35858 6.47349 -0.258425 -6.46062 -6.56231 0.353691 0.1996 -2.94941
2407.95 -0.114914 -6.24366 4.13691 -0.36012 -6.51924 -6.85663 0.348804 0.165544 -2.93078
2407.97 -0.114914 -6.35858 6.93315 0.247657 -6.5324 -6.72742 0.33903 0.109039 -2.90268
2407.98 -0.881008 -5.86062 7.04806 1.25025 -6.01316 -7.10788 0.32101 0.0675006 -2.88114
2408.0 -1.11084 -5.89892 6.32027 1.2323 -5.59202 -6.42831 0.312916 0.0453567 -2.86664
2408.02 -1.49388 -5.63079 6.47349 1.41655 -5.74875 -6.35534 0.290008 0.00259618 -2.859
2408.03 -1.99184 -5.47757 6.62671 2.12004 -5.38385 -6.23211 0.254578 -0.019395 -2.85198
2408.05 -1.53219 -5.13283 6.70332 1.98245 -5.48554 -6.51805 0.220675 -0.0467312 -2.84755
2408.07 -1.95354 -4.63487 6.93315 2.0985 -5.15533 -6.51087 0.20464 -0.0708604 -2.84174
2408.08 -1.95354 -5.32435 7.00976 3.18485 -5.08834 -6.67837 0.150731 -0.0922406 -2.82937
2408.1 -2.22167 -4.67317 7.62263 3.03051 -4.532 -7.50987 0.110872 -0.130114 -2.82327
2408.12 -2.56641 -3.86877 8.1589 3.22313 -4.48295 -8.1679 0.0838412 -0.153938 -2.82036
2408.13 -3.60064 -4.0986 8.50364 4.51047 -4.26042 -7.95374 0.000610865 -0.160658 -2.80784
2408.15 -3.02607 -3.79216 7.96737 4.39801 -3.89073 -7.72283 -0.089339 -0.164781 -2.79669
2408.16 -3.33251 -4.0986 7.43111 3.85603 -4.31426 -7.35793 -0.13775 -0.170126 -2.79379
2408.18 -4.51995 -2.64302 7.3545 4.79761 -2.83549 -7.23111 -0.222049 -0.199447 -2.78829
2408.2 -4.29012 -2.79624 7.23959 4.51406 -2.78883 -6.90568 -0.331852 -0.228005 -2.79104
2408.21 -3.94538 -2.60472 7.66094 4.30229 -3.24826 -7.02293 -0.390343 -0.246942 -2.79089
2408.23 -4.29012 -2.56641 7.81416 5.22712 -1.61396 -7.54337 -0.511752 -0.299629 -2.79089
2408.25 -4.32843 -1.6088 7.58433 4.87178 -1.59362 -7.45603 -0.649502 -0.35476 -2.77363
2408.26 -4.0986 -1.68541 7.85246 4.84546 -2.24447 -7.2658 -0.776104 -0.434478 -2.77149
2408.28 -4.0986 -2.03015 7.46941 5.3324 -1.25743 -7.53978 -0.845132 -0.470977 -2.76875
2408.3 -5.32435 -0.229828 8.00568 5.75474 -0.323031 -7.72522 -0.958142 -0.556803 -2.76309
2408.31 -4.55826 -2.94946 7.96737 5.08116 -3.31765 -7.67976 -1.06443 -0.641103 -2.74844
2408.33 -5.63079 -0.191523 7.96737 5.58125 -1.74796 -7.79342 -1.09467 -0.68646 -2.73576
2408.35 -5.55418 -0.919312 8.35042 6.0 -0.435494 -8.17986 -1.16981 -0.778242 -2.70934
2408.36 -5.51587 -0.0766094 8.31211 6.28116 0.100499 -7.82572 -1.24632 -0.868803 -2.65971
2408.38 -5.89892 -1.45558 8.35042 5.91984 -1.62712 -7.80778 -1.27121 -0.917825 -2.63374
2408.4 -5.7074 -0.153219 8.23551 6.2991 -0.731007 -8.1679 -1.28236 -1.00961 -2.57648
2408.41 -7.16298 0.65118 8.04398 8.63809 1.60917 -8.12004 -1.29885 -1.08612 -2.51768
2408.43 -6.24366 -0.842703 8.65686 6.31944 -0.758524 -7.87956 -1.30145 -1.15118 -2.45293
2408.45 -6.24366 0.995922 8.27381 6.66999 0.384048 -8.10329 -1.28679 -1.18019 -2.42849
2408.46 -6.32027 0.497961 8.27381 7.00499 0.480957 -7.58166 -1.25716 -1.23028 -2.38283
2408.48 -5.93723 0.957617 7.96737 6.85304 1.10668 -7.55533 -1.22265 -1.26663 -2.33213
2408.5 -6.05214 1.11084 7.96737 7.15454 1.50987 -7.38066 -1.20524 -1.28159 -2.30968
2408.51 -6.47349 0.727789 7.12467 7.00618 0.821934 -7.04207 -1.17042 -1.29626 -2.25776
2408.53 -6.24366 1.03423 6.85654 7.00738 1.35314 -6.7322 -1.11865 -1.3042 -2.22019
2408.55 -5.86062 1.76202 6.66501 6.93918 1.35075 -6.5671 -1.09039 -1.30511 -2.19881
2408.56 -6.01384 1.68541 6.43519 6.56351 2.59621 -6.30987 -1.0432 -1.30145 -2.16048
2408.58 -5.66909 2.60472 6.35858 6.55633 2.78046 -5.92822 -0.983035 -1.28419 -2.13222
2408.59 -6.01384 2.4515 5.78401 6.38166 3.4002 -5.77388 -0.939511 -1.268 -2.10626
2408.61 -6.09044 1.95354 5.66909 7.15573 1.92144 -5.38026 -0.917061 -1.24998 -2.09237
2408.63 -5.32435 3.56234 5.55418 6.27637 3.83569 -5.15653 -0.85628 -1.21196 -2.06289
2408.64 -5.86062 2.94946 5.17113 6.70349 3.52941 -5.00698 -0.811687 -1.16721 -2.03785
2408.66 -6.12875 2.33659 5.24774 6.85304 2.69073 -5.21994 -0.783435 -1.1356 -2.02074
2408.68 -4.82639 4.25182 5.59248 5.47119 4.54517 -5.04048 -0.718225 -1.07115 -1.99142
2408.69 -5.51587 2.52811 4.903 6.54078 2.58903 -4.85743 -0.673021 -1.01556 -1.96546
2408.71 -4.21351 5.55418 5.32435 4.79521 5.60997 -5.07996 -0.642936 -0.981813 -1.95095
2408.73 -4.44334 2.64302 5.55418 7.72762 2.29113 -5.02971 -0.608269 -0.9108 -1.92178
2408.74 -4.78809 4.86469 5.40096 5.41256 5.49751 -5.04885 -0.536034 -0.817185 -1.89246
2408.76 -5.47757 3.60064 5.51587 6.68315 3.97089 -5.03928 -0.51221 -0.779769 -1.8668
2408.78 -4.59656 3.90708 5.17113 5.5992 5.00459 -5.06321 -0.46105 -0.687681 -1.84695
2408.79 -4.36673 4.63487 6.05214 5.25942 4.91605 -5.81097 -0.414166 -0.603229 -1.82175
2408.81 -3.90708 5.13283 5.59248 4.20419 6.51565 -5.3659 -0.377209 -0.530994 -1.79304
2408.83 -3.33251 4.71148 6.09044 3.92303 5.54895 -5.55613 -0.358731 -0.49251 -1.78296
2408.84 -3.63894 4.67317 5.86062 5.83011 4.71266 -5.6339 -0.308945 -0.42562 -1.75425
2408.86 -5.32435 3.79216 6.47349 6.07896 4.06181 -6.14237 -0.243888 -0.313221 -1.73302
2408.87 -3.21759 4.67317 6.97145 4.21017 5.38026 -6.30508 -0.205862 -0.257174 -1.72401
2408.89 -3.71555 4.67317 6.70332 4.83948 4.83111 -6.55872 -0.140652 -0.150578 -1.69912
2408.91 -2.83455 5.78401 7.00976 3.62871 6.05862 -6.52283 -0.0810924 -0.0375682 -1.67973
2408.92 -2.41319 5.7074 7.58433 3.79143 5.75115 -6.94756 -0.0574213 0.00794125 -1.6698
2408.94 -2.29828 5.51587 7.23959 3.88355 5.67338 -6.77288 -0.00106901 0.089339 -1.65285
2408.96 -1.91523 6.5118 7.92907 1.58166 6.86261 -7.38066 0.0412334 0.153633 -1.64002
2408.97 -1.03423 6.32027 8.12059 1.9334 6.41037 -7.58525 0.0896445 0.193492 -1.6246
2408.99 -1.68541 6.62671 7.81416 1.8664 7.13539 -7.29452 0.113468 0.211665 -1.61589
2409.01 -2.22167 5.43926 8.92499 2.74576 5.65663 -8.51007 0.159283 0.258396 -1.59253
2409.02 -2.52811 5.63079 8.77177 3.11545 5.87438 -8.58186 0.198378 0.295201 -1.58596
2409.04 -1.53219 5.86062 8.81008 2.87737 6.24287 -8.34258 0.283441 0.368352 -1.5713
