445.713 0.0383047 0.344742 -9.8443 0.522831 0.278764 10.0427 -0.0561996 -0.182038 0.0432187
445.73 0.0766094 0.191523 -9.49956 0.833898 0.366102 9.95174 -0.0613919 -0.185856 0.0259618
445.746 -0.191523 0.306437 -9.61448 0.999003 0.175872 9.90269 -0.068875 -0.184176 -0.0175624
445.763 -0.0766094 0.344742 -9.57617 0.787238 0.275174 9.92782 -0.0755945 -0.16982 -0.032834
445.78 -0.0766094 0.191523 -9.65278 0.728614 0.209372 9.9003 -0.0789543 -0.163712 -0.0366519
445.796 -0.0766094 0.114914 -9.65278 0.631705 0.175872 9.85723 -0.0788016 -0.154396 0.00412334
445.813 -0.229828 0.229828 -9.57617 0.899701 0.0849452 9.83569 -0.0719294 -0.157603 0.0636827
445.829 -0.421352 0.114914 -9.99752 0.82672 0.061017 9.87637 -0.0736092 -0.14844 0.0875064
445.846 -0.344742 0.0383047 -9.69109 0.965504 -0.0227318 9.95055 -0.0734565 -0.146302 0.10736
445.863 -0.497961 0.0 -9.69109 1.27896 -0.0418744 9.97807 -0.0745255 -0.139277 0.146608
445.879 -0.459656 0.0383047 -9.49956 1.2012 -0.0969093 9.91705 -0.0745255 -0.117286 0.140804
445.895 -0.268133 -0.153219 -9.57617 1.08514 -0.117248 9.83569 -0.074831 -0.106596 0.125838
445.911 -0.114914 -0.191523 -9.49956 0.875773 -0.179462 9.82732 -0.0743728 -0.0980438 0.106749
445.928 -0.268133 -0.114914 -9.72939 0.80997 -0.240479 9.9326 -0.0708604 -0.0928515 0.095295
445.945 -0.114914 -0.191523 -9.30804 0.857827 -0.282353 9.94576 -0.0673479 -0.0937678 0.0804815
445.961 -0.191523 -0.306437 -9.65278 0.896112 -0.354138 9.94815 -0.0580322 -0.0885754 0.0445931
445.978 -0.114914 -0.268133 -9.806 0.824327 -0.357727 9.99003 -0.0438296 -0.0873537 0.0109956
445.994 -0.268133 -0.306437 -9.65278 0.772881 -0.357727 10.002 -0.0357356 -0.0891863 -0.0056505
446.011 -0.229828 -0.306437 -9.38465 0.735793 -0.378066 9.90748 -0.0290161 -0.0930042 -0.00901026
446.028 -0.268133 -0.306437 -9.53786 0.777667 -0.385244 9.85364 -0.0201585 -0.0934624 0.00213803
446.044 -0.344742 -0.421352 -9.65278 0.845862 -0.421137 9.91227 -0.00259618 -0.098502 0.0305433
446.06 -0.459656 -0.421352 -9.92091 1.07079 -0.440279 9.98285 0.00335976 -0.091477 0.0407752
446.076 -0.383047 -0.383047 -9.76769 1.13659 -0.413958 10.0881 0.020464 -0.0786489 0.0273362
446.093 -0.268133 -0.229828 -9.76769 1.21914 -0.354138 10.0068 0.0329867 -0.062461 -0.0395535
446.11 -0.497961 -0.306437 -9.61448 1.19163 -0.325424 9.9015 0.0380264 -0.0548251 -0.0933096
446.126 -0.459656 -0.268133 -9.15482 1.14616 -0.362513 9.68854 0.0465785 -0.0273362 -0.117286
446.143 -0.229828 -0.306437 -9.38465 0.841077 -0.305085 9.80459 0.0661261 -0.0132863 0.00580322
446.159 -0.191523 -0.114914 -9.65278 0.693918 -0.239282 9.8333 0.0818559 -0.00839939 0.122478
446.176 -0.268133 -0.153219 -9.8443 0.865005 -0.259621 9.98046 0.0884227 -0.00839939 0.140499
446.193 0.191523 -0.0766094 -9.76769 0.502493 -0.178265 10.1109 0.10064 -0.00778853 0.149967
446.209 -0.0383047 -0.114914 -9.99752 0.519242 -0.171087 10.0235 0.110567 -0.0174097 0.163865
446.225 0.114914 0.153219 -9.61448 0.678365 -0.101695 9.91585 0.116523 -0.0209221 0.153938
446.241 0.191523 0.268133 -9.30804 0.437886 0.166301 9.85962 0.112094 -0.0300851 0.0702495
446.258 0.153219 0.344742 -9.49956 0.553938 0.248853 9.81894 0.0991129 -0.0403171 -0.0363465
446.275 0.191523 0.268133 -9.72939 0.551545 0.258425 9.8345 0.0876591 -0.0386372 -0.0589485
446.291 -0.0383047 0.268133 -9.76769 0.616152 0.229711 10.0379 0.0760527 -0.0479529 -0.0652099
446.308 -0.191523 0.229828 -10.0741 0.586241 0.224925 9.99721 0.0736092 -0.0526871 -0.0203113
446.325 0.0383047 0.344742 -9.76769 0.549153 0.239282 10.0068 0.0714712 -0.0540616 0.0690278
446.341 0.0766094 0.268133 -9.76769 0.48335 0.260818 10.0379 0.0675006 -0.052229 0.105222
446.358 0.0383047 0.421352 -9.34634 0.439083 0.318245 9.801 0.0638354 -0.0578795 0.152411
446.374 0.0 0.383047 -9.30804 0.41994 0.370887 9.77827 0.062461 -0.0679587 0.175624
446.391 0.0383047 0.344742 -9.8443 0.445065 0.378066 9.82971 0.0589485 -0.0704022 0.177304
446.408 0.114914 0.383047 -9.8443 0.451047 0.37328 9.98764 0.0488692 -0.0736092 0.14279
446.424 0.153219 0.421352 -9.76769 0.424726 0.358923 10.0271 0.0392481 -0.0801761 0.103847
446.441 0.0 0.344742 -9.76769 0.427119 0.334995 9.98285 0.0331394 -0.0801761 0.0930042
446.457 0.0766094 0.421352 -9.42295 0.459422 0.385244 9.92184 0.0210748 -0.0930042 0.052229
446.474 0.0766094 0.383047 -9.69109 0.564706 0.440279 9.87518 0.0122173 -0.108123 -0.0157298
446.49 -0.153219 0.459656 -9.42295 0.594616 0.441475 9.88475 0.00167988 -0.10965 -0.0377209
446.505 -0.229828 0.421352 -9.72939 0.655633 0.421137 9.7017 -0.0181732 -0.111483 -0.0487165
446.522 -0.114914 0.459656 -9.72939 0.748953 0.385244 10.081 -0.0331394 -0.106749 -0.0380264
446.538 -0.153219 0.459656 -9.57617 0.937986 0.379262 9.89911 -0.0429133 -0.102778 -0.0720821
446.555 -0.191523 0.383047 -9.65278 0.90329 0.27996 9.88116 -0.0470366 -0.0920879 -0.0568105
446.572 -0.153219 0.306437 -9.88261 0.857827 0.342173 9.98285 -0.0517708 -0.0853684 -0.00641408
446.588 -0.114914 0.497961 -9.8443 0.778863 0.399601 10.008 -0.0604756 -0.0685696 0.0395535
446.605 0.229828 0.268133 -9.99752 0.447458 0.311067 10.051 -0.0650571 -0.068875 0.056505
446.621 0.229828 0.344742 -9.806 0.21655 0.291924 10.0941 -0.0653626 -0.0864374 0.0933096
446.638 -0.114914 0.306437 -9.49956 0.620937 0.157926 9.74836 -0.0707076 -0.105985 0.0897971
446.655 -0.459656 0.0 -9.49956 0.78006 0.0945165 9.78185 -0.0726929 -0.105832 0.0933096
446.671 -0.191523 0.0383047 -9.57617 0.798006 0.0239282 9.82492 -0.076969 -0.096364 0.0948368
446.688 -0.229828 0.0383047 -9.61448 0.580259 -0.020339 9.95294 -0.0774271 -0.0894917 0.0965167
446.704 0.268133 0.0766094 -9.88261 0.457029 -0.0275174 10.075 -0.0740674 -0.0930042 0.0994183
446.721 0.383047 0.0 -9.8443 0.303888 -0.0442672 10.1228 -0.0685696 -0.0954477 0.101709
446.738 0.229828 -0.114914 -9.72939 0.331406 -0.0729811 9.9003 -0.0529926 -0.115759 0.0972803
446.754 0.229828 -0.0383047 -9.69109 0.478564 -0.116052 9.81655 -0.0427606 -0.126755 0.091477
446.771 -0.114914 0.0 -9.53786 0.53001 -0.125623 9.77109 -0.0398589 -0.129351 0.089339
446.787 -0.114914 -0.0383047 -9.72939 0.625723 -0.116052 9.89193 -0.0361938 -0.130725 0.0792598
446.804 -0.191523 -0.0383047 -9.88261 0.664008 -0.0813559 9.99242 -0.0343612 -0.131947 0.0636827
446.82 -0.191523 -0.0766094 -9.72939 0.685544 -0.087338 10.0116 -0.0334449 -0.127518 0.0513127
446.835 -0.229828 -0.153219 -9.72939 0.747757 -0.136391 9.99601 -0.0265726 -0.135307 0.0510072
446.851 -0.114914 -0.153219 -9.72939 1.14736 -0.185444 9.84287 -0.019395 -0.136986 0.0711658
446.866 -0.57457 -0.114914 -9.57617 1.32084 -0.206979 9.85244 -0.0138972 -0.129351 0.0809396
446.882 -0.421352 -0.114914 -9.42295 1.18325 -0.179462 9.91824 -0.00717767 -0.0972803 0.0545197
446.898 -0.344742 -0.0766094 -9.57617 1.17129 -0.166301 9.95294 -0.00549779 -0.0864374 -0.0293215
446.913 -0.459656 -0.0766094 -9.76769 1.27298 -0.179462 9.93021 0.00549779 -0.065668 -0.0757473
446.929 -0.383047 -0.0383047 -9.65278 0.991825 -0.0849452 9.87278 0.0155771 -0.0392481 -0.14844
446.945 -0.459656 0.0766094 -9.88261 0.937986 -0.0813559 9.8668 0.0210748 -0.0313068 -0.158978
446.96 -0.306437 -0.229828 -9.76769 0.955932 -0.118445 9.84407 0.0316123 -0.00702495 -0.0704022
446.975 -0.191523 -0.229828 -9.92091 0.832702 -0.137587 9.82492 0.0395535 -0.00381791 -0.0148135
447.58 -0.153219 -0.0383047 -9.806 0.726221 -0.0334995 9.90987 -0.090408 -0.117592 -0.000610865
447.597 -0.153219 0.0766094 -9.8443 0.722632 -0.0358923 9.9314 -0.0859793 -0.120188 -0.00152716
447.614 -0.268133 0.0766094 -9.69109 0.723829 -0.0574277 9.93499 -0.0888809 -0.110719 0.00901026
447.63 -0.268133 -0.0766094 -9.76769 0.820738 -0.0945165 9.91705 -0.0867428 -0.115606 0.0175624
447.647 -0.344742 -0.153219 -9.88261 0.906879 -0.119641 9.91107 -0.079107 -0.113621 0.0322231
447.663 -0.153219 -0.0766094 -9.49956 0.818345 -0.12323 9.96251 -0.0784962 -0.107207 0.0342084
447.68 -0.0766094 -0.114914 -9.69109 0.695115 -0.161515 9.97208 -0.0728457 -0.0988074 0.0331394
447.697 0.0766094 -0.191523 -9.69109 0.646062 -0.149551 9.91346 -0.0630718 -0.104 0.0322231
447.713 -0.153219 -0.153219 -9.46126 0.683151 -0.190229 9.89193 -0.0586431 -0.100182 0.0332921
447.729 -0.153219 -0.153219 -9.57617 0.747757 -0.241675 9.8668 -0.0467312 -0.104153 0.0433714
447.745 -0.421352 -0.344742 -9.72939 0.879362 -0.342173 9.90389 -0.0378736 -0.100793 0.066737
447.761 -0.306437 -0.268133 -9.69109 0.999003 -0.421137 9.92064 -0.0303905 -0.0969748 0.079107
447.777 -0.421352 -0.344742 -9.806 1.25384 -0.435494 9.94935 -0.0164934 -0.0841467 0.0858265
447.793 -0.344742 -0.344742 -9.46126 1.24666 -0.446261 9.90748 -0.00534507 -0.0679587 0.0183259
447.81 -0.306437 -0.229828 -9.76769 0.990628 -0.400798 9.87518 0.000610865 -0.0578795 0.0157298
447.826 -0.421352 -0.306437 -9.69109 0.878166 -0.331406 9.90628 0.0106901 -0.045204 -0.0222966
447.843 0.0766094 -0.153219 -9.65278 0.421137 -0.2333 9.97687 0.0261145 -0.0372628 -0.0224493
447.86 0.0 -0.229828 -9.8443 0.497707 -0.251246 10.0008 0.0361938 -0.0468839 0.00305432
447.876 0.0 -0.0766094 -9.61448 0.618545 -0.200997 9.92662 0.0487165 -0.0481056 0.0171042
447.893 -0.0766094 -0.114914 -9.76769 0.914058 -0.21655 9.91705 0.0606284 -0.0458149 0.0942259
447.909 -0.0383047 -0.0383047 -9.53786 0.811167 -0.189033 9.90987 0.0679587 -0.0397062 0.076969
447.926 0.229828 0.344742 -9.57617 0.403191 0.129212 9.91346 0.0652099 -0.0354302 0.0844521
447.943 0.229828 0.459656 -9.46126 0.297906 0.340977 9.93978 0.0526871 -0.0502437 -0.0074831
447.959 0.306437 0.383047 -9.92091 0.443868 0.287139 10.0534 0.0392481 -0.0743728 -0.0389426
447.976 -0.114914 0.191523 -9.69109 0.618545 0.214158 9.97567 0.0319177 -0.0762054 -0.0265726
447.992 -0.229828 0.229828 -9.76769 0.691525 0.141176 9.8333 0.0233656 -0.0800233 0.0332921
448.009 0.0 0.268133 -9.49956 0.539581 0.189033 9.84287 0.0180205 -0.0772744 0.0942259
448.026 0.0 0.0766094 -9.57617 0.563509 0.177069 9.84407 0.0119119 -0.0789543 0.127976
448.042 0.153219 0.153219 -9.76769 0.434297 0.157926 9.9649 0.00901026 -0.0804815 0.137597
448.059 0.0383047 0.114914 -10.0358 0.464207 0.0801595 10.0199 0.00503964 -0.0907135 0.136528
448.075 0.153219 0.191523 -10.1507 0.468993 0.0849452 10.0295 0.00366519 -0.0972803 0.0891863
448.092 0.268133 0.229828 -9.69109 0.441475 0.0981057 9.97328 0.00122173 -0.100182 0.0476475
448.109 0.0766094 0.153219 -9.57617 0.551545 0.106481 9.88116 -0.00549779 -0.109192 -0.00671952
448.125 0.0 0.191523 -9.76769 0.717846 0.087338 9.8668 -0.011301 -0.116523 -0.0206167
448.142 -0.306437 0.0766094 -9.42295 0.790828 0.0765703 9.87039 -0.0169515 -0.114537 -0.0256563
448.158 -0.191523 0.0383047 -9.65278 0.829113 0.0514457 9.92543 -0.0219911 -0.105527 -0.0294742
448.175 -0.229828 0.114914 -9.76769 0.764507 0.020339 9.91705 -0.0229074 -0.099571 -0.0103847
448.192 -0.383047 0.0 -9.30804 0.711864 0.00837488 9.92184 -0.0219911 -0.0916298 0.0726929
448.208 -0.229828 -0.0766094 -9.46126 0.683151 -0.0143569 9.88953 -0.0155771 -0.0957531 0.114385
448.225 -0.268133 -0.0383047 -9.72939 0.771685 -0.0394815 9.97448 -0.014508 -0.0826195 0.177456
448.241 -0.153219 0.0383047 -9.76769 0.702293 -0.0442672 10.0415 -0.0120646 -0.0841467 0.163712
448.258 0.0383047 0.0 -9.99752 0.565902 -0.026321 9.9996 -0.011301 -0.0855211 0.1321
448.275 0.0383047 0.0 -9.88261 0.498903 0.0538385 9.94337 -0.0146608 -0.0881173 0.0294742
448.291 0.153219 0.114914 -9.61448 0.431904 0.0945165 9.90628 -0.0210748 -0.0983493 -0.0699441
448.308 0.0383047 0.153219 -9.61448 0.416351 0.128016 9.92543 -0.0277944 -0.109498 -0.087201
448.325 -0.0383047 -0.0766094 -9.76769 0.527617 0.0502493 9.89073 -0.0299324 -0.114843 -0.0600175
448.341 -0.153219 0.0383047 -9.72939 0.721436 -0.0251246 9.89911 -0.0267254 -0.122326 0.0401644
448.358 -0.268133 0.0 -9.65278 0.821934 -0.0825523 9.91466 -0.0216857 -0.117286 0.129962
448.374 -0.344742 -0.0766094 -9.49956 0.748953 -0.112463 9.89312 -0.0180205 -0.114385 0.145844
448.391 -0.114914 -0.114914 -9.61448 0.709472 -0.106481 9.89552 -0.0140499 -0.110567 0.129962
448.408 -0.0383047 0.0766094 -9.806 0.607777 -0.0945165 9.90868 -0.0140499 -0.104 0.0777326
448.424 -0.0766094 -0.114914 -9.34634 0.539581 -0.102891 9.93859 -0.010232 -0.10797 0.0265726
448.441 -0.114914 -0.191523 -9.76769 0.514457 -0.17348 9.96132 -0.00778853 -0.108429 0.0181732
448.457 -0.0383047 -0.153219 -9.72939 0.562313 -0.191426 10.0092 0.00244346 -0.120035 0.0311541
448.474 -0.0383047 -0.114914 -9.65278 0.600598 -0.174676 9.9661 0.0114537 -0.126296 0.0615447
448.491 -0.229828 -0.0766094 -9.69109 0.638883 -0.131605 9.9661 0.0149662 -0.129351 0.0759
448.507 -0.191523 -0.0766094 -9.65278 0.697508 -0.0885344 9.91107 0.0197004 -0.134085 0.0896445
448.524 -0.306437 -0.0766094 -9.69109 0.784845 -0.0897308 9.92782 0.0229074 -0.139277 0.0832304
448.54 -0.421352 0.0383047 -9.69109 1.01934 -0.105284 9.8668 0.0232129 -0.135612 0.0856738
448.557 -0.689484 0.0766094 -9.38465 1.20479 -0.0227318 9.85005 0.0268781 -0.126296 0.0470366
448.574 -0.497961 0.0766094 -9.8443 1.13061 0.0478564 9.98644 0.0259618 -0.101098 0.0120646
448.59 -0.536266 0.0383047 -9.806 1.11386 0.0574277 10.0331 0.0232129 -0.078038 -0.0291688
448.607 -0.689484 -0.0383047 -9.49956 1.32443 -0.0358923 9.90269 0.0270308 -0.0702495 -0.0395535
448.623 -0.536266 0.0 -9.95922 1.28016 -0.0741775 9.76152 0.0329867 -0.0401644 -0.0503964
448.64 -0.344742 -0.114914 -9.23143 0.977468 -0.0741775 9.68734 0.0400117 -0.0174097 -0.0323759
448.657 -0.421352 -0.0383047 -9.806 0.904487 -0.0574277 9.87278 0.0468839 -0.0135917 0.0074831
448.673 -0.153219 -0.0766094 -9.69109 0.760917 -0.0909272 9.99721 0.0478002 0.000458149 0.0665843
448.69 -0.0383047 -0.153219 -9.8443 0.59342 -0.0550349 10.0642 0.0537561 0.000458149 0.184634
448.706 -0.229828 0.0766094 -9.46126 0.667597 -0.0550349 10.0199 0.0621555 -0.0074831 0.218384
448.723 -0.191523 0.114914 -9.61448 0.659222 -0.0107677 9.9673 0.065668 -0.00580322 0.203876
448.74 0.191523 0.153219 -9.72939 0.374477 0.0251246 10.0044 0.0659734 -0.00503964 0.153938
448.756 0.229828 0.153219 -9.69109 0.465404 0.0143569 9.90868 0.0707076 -0.0157298 0.0826195
448.772 0.0383047 0.153219 -9.53786 0.51326 -0.00358923 9.82492 0.0722348 -0.0149662 0.0652099
448.788 -0.0766094 0.0766094 -9.61448 0.768096 -0.0346959 9.8668 0.078038 -0.0264199 0.00946841
448.805 0.0383047 0.191523 -9.72939 0.391226 0.163908 9.99721 0.0830777 -0.0222966 -0.0163406
448.822 0.383047 0.383047 -9.95922 0.240479 0.324227 9.98883 0.0801761 -0.0232129 -0.0381791
448.838 0.229828 0.421352 -9.806 0.195015 0.437886 10.002 0.066737 -0.0394008 -0.11805
448.855 0.306437 0.421352 -9.69109 0.329013 0.397208 9.94696 0.057574 -0.0545197 -0.0507018
448.871 0.191523 0.344742 -9.76769 0.349352 0.372084 9.99841 0.055436 -0.0650571 0.0704022
448.888 0.612875 0.421352 -9.65278 0.321834 0.40678 9.92543 0.0526871 -0.0679587 0.125075
448.905 0.306437 0.421352 -9.57617 0.291924 0.496511 9.82732 0.0413861 -0.0806342 0.176693
448.921 0.153219 0.383047 -9.8443 0.272782 0.482154 9.85843 0.0329867 -0.0980438 0.177609
448.938 0.229828 0.497961 -10.0358 0.299103 0.509671 9.92423 0.0233656 -0.100335 0.153938
448.954 0.306437 0.421352 -9.69109 0.342173 0.514457 9.97089 0.00274889 -0.108887 0.0432187
448.971 0.268133 0.421352 -9.76769 0.431904 0.491725 9.96012 -0.014508 -0.122173 -0.0687223
448.987 0.0766094 0.459656 -9.76769 0.442672 0.435494 9.93739 -0.0241292 -0.126296 -0.0971275
449.003 0.0 0.268133 -9.92091 0.539581 0.329013 9.93499 -0.0308487 -0.137597 -0.108734
449.02 -0.0766094 0.153219 -9.65278 0.581456 0.247657 9.89432 -0.036041 -0.139888 -0.0357356
449.035 -0.0766094 0.0766094 -9.72939 0.604187 0.214158 9.86919 -0.0348193 -0.140804 0.0160352
449.052 -0.0383047 0.268133 -9.8443 0.626919 0.211765 9.91107 -0.0355829 -0.137139 0.123242
449.069 -0.153219 0.268133 -9.76769 0.594616 0.199801 10.0032 -0.0326813 -0.133932 0.175776
449.085 0.0383047 0.114914 -9.61448 0.617348 0.162712 10.0187 -0.0320704 -0.132863 0.163865
449.102 -0.114914 0.268133 -9.8443 0.711864 0.118445 9.9314 -0.0319177 -0.12706 0.141873
449.118 -0.114914 0.306437 -9.57617 0.799202 0.09332 9.84526 -0.0308487 -0.122326 0.0508545
449.135 -0.459656 0.191523 -9.806 0.878166 0.100499 9.86201 -0.0273362 -0.115606 -0.0610865
449.152 -0.421352 0.0 -9.65278 1.00857 0.150748 9.74596 -0.0291688 -0.105374 -0.0959058
449.168 -0.383047 -0.0383047 -9.8443 0.981057 0.0957129 9.90748 -0.0280998 -0.0829249 -0.0762054
449.185 -0.344742 0.0383047 -9.92091 0.909272 0.0514457 10.0965 -0.0213803 -0.0685696 -0.0122173
449.201 0.0383047 0.0383047 -10.0741 0.680758 0.105284 10.1037 -0.0201585 -0.0563523 0.0270308
449.217 0.268133 0.114914 -9.76769 0.287139 0.0705882 10.0271 -0.0116064 -0.0604756 0.0838412
449.234 0.153219 0.114914 -9.46126 0.363709 0.113659 9.76391 -0.00488692 -0.0717766 0.0846048
449.25 0.0766094 0.306437 -9.57617 0.567099 0.125623 9.69332 -0.00335976 -0.0833831 0.041997
449.267 -0.268133 0.0 -9.69109 0.681954 0.0526421 9.78425 -0.00503964 -0.0821613 0.036041
449.283 -0.191523 0.0383047 -9.65278 0.739382 -0.0251246 9.99242 -0.00397062 -0.0827722 0.0574213
449.3 -0.268133 0.0766094 -9.95922 0.754935 -0.0239282 10.1145 0.00320704 -0.079107 0.0647517
449.317 -0.114914 0.0383047 -9.806 0.613759 -0.00598205 10.1791 0.00549779 -0.0757473 0.0620028
449.333 0.191523 0.114914 -9.65278 0.350548 0.0346959 9.97807 0.0146608 -0.0784962 0.0711658
449.358 0.229828 0.153219 -9.42295 0.281157 0.0765703 9.78904 0.0262672 -0.0931569 0.0922406
449.374 0.268133 0.191523 -9.49956 0.355334 0.0897308 9.7986 0.0326813 -0.105985 0.0891863
449.39 0.191523 0.191523 -9.8443 0.477368 0.0909272 9.9661 0.0357356 -0.113774 0.0746782
449.407 -0.0383047 0.153219 -9.69109 0.551545 0.0993021 10.0379 0.0348193 -0.11805 0.053298
449.423 -0.153219 0.191523 -9.72939 0.641276 0.178265 10.0642 0.0322231 -0.118355 0.0461203
449.44 -0.229828 0.229828 -9.65278 0.685544 0.253639 9.94098 0.0357356 -0.123547 0.0303905
449.456 -0.191523 0.344742 -9.806 0.672383 0.305085 9.83928 0.0293215 -0.117286 0.0244346
449.473 -0.344742 0.344742 -9.49956 0.692722 0.325424 9.82612 0.0268781 -0.118202 0.0239765
449.49 -0.383047 0.268133 -9.19312 0.973878 0.27996 9.72562 0.0256563 -0.117286 0.0375682
449.506 -0.536266 0.306437 -9.61448 1.37348 0.282353 9.83091 0.0222966 -0.0931569 0.0597121
449.523 -0.344742 0.268133 -9.88261 1.17488 0.254835 10.0092 0.0235183 -0.0789543 0.047342
449.538 -0.383047 0.344742 -9.88261 1.07916 0.271585 10.1444 0.0166461 -0.046273 -0.00824668
449.554 -0.268133 0.268133 -9.65278 0.6999 0.253639 10.0056 0.0158825 -0.0313068 -0.0653626
449.57 0.0383047 0.229828 -9.57617 0.503689 0.262014 9.89073 0.0192422 -0.0297797 -0.0629191
449.586 0.114914 0.229828 -9.38465 0.264407 0.205783 9.73041 0.023671 -0.0368046 0.0183259
449.603 -0.0766094 0.229828 -9.53786 0.636491 0.148355 9.72203 0.0293215 -0.047342 0.135765
449.619 -0.191523 0.114914 -9.76769 0.869791 0.111266 9.82492 0.0303905 -0.0502437 0.15516
449.636 -0.191523 0.0766094 -9.88261 0.792024 0.09332 10.1599 0.0282525 -0.0406225 0.130572
449.653 0.421352 0.0383047 -9.806 0.345763 0.0693918 10.3071 0.0329867 -0.0337503 0.114843
449.669 0.0383047 0.153219 -9.88261 0.378066 0.0251246 10.1898 0.0413861 -0.0450513 0.0699441
449.686 0.268133 0.0766094 -9.42295 0.37328 0.066999 9.74237 0.0468839 -0.0450513 0.0586431
449.702 0.153219 0.191523 -9.34634 0.717846 0.113659 9.63709 0.0627664 -0.0578795 0.068875
449.718 0.0383047 0.306437 -9.57617 0.630509 0.245264 9.69571 0.0652099 -0.0519235 0.00671952
449.735 0.0 0.536266 -9.76769 0.40678 0.460618 9.8656 0.0626137 -0.0545197 -0.0105374
449.75 0.0 0.536266 -10.0741 0.422333 0.624527 10.1527 0.0513127 -0.0551306 -0.0355829
449.767 0.0383047 0.57457 -9.99752 0.561117 0.564706 10.1683 0.0406225 -0.0552833 -0.0540616
449.783 -0.191523 0.421352 -9.76769 0.587438 0.527617 10.1145 0.034972 -0.0529926 -0.0313068
449.8 -0.0766094 0.421352 -9.46126 0.61017 0.468993 9.82014 0.0314596 -0.0540616 0.0465785
449.817 0.114914 0.497961 -9.19312 0.404387 0.533599 9.69332 0.0267254 -0.0578795 0.123853
449.833 0.153219 0.57457 -9.46126 0.37328 0.525224 9.77468 0.020464 -0.0578795 0.150273
449.85 0.153219 0.459656 -9.806 0.32662 0.51685 10.014 0.0109956 -0.0583376 0.143553
449.866 0.344742 0.57457 -9.76769 0.288335 0.485743 10.1097 0.00473421 -0.0653626 0.0745255
449.883 0.0766094 0.306437 -9.65278 0.281157 0.471386 10.0917 0.000458149 -0.0763581 -0.00427606
449.9 0.306437 0.268133 -9.61448 0.295514 0.211765 9.96849 0.00381791 -0.0867428 -0.0189368
449.915 0.383047 0.306437 -9.57617 0.345763 0.197408 9.8333 0.00855211 -0.0916298 0.0174097
449.932 0.0766094 0.229828 -9.57617 0.409173 0.259621 9.81416 0.00794125 -0.0972803 0.0563523
449.949 0.153219 0.459656 -9.76769 0.471386 0.413958 9.8333 0.00916297 -0.102473 0.0691805
449.965 0.0766094 0.497961 -9.8443 0.504885 0.463011 9.96132 0.00641408 -0.104 0.0682642
449.982 0.0766094 0.536266 -9.88261 0.575474 0.553938 10.0893 0.0018326 -0.110414 0.0232129
449.998 -0.0383047 0.536266 -9.806 0.643669 0.562313 10.0905 -0.00320704 -0.105527 -0.00244346
450.015 -0.114914 0.421352 -9.69109 0.637687 0.474975 9.95294 -0.00671952 -0.0994183 -0.0392481
450.032 0.0383047 0.268133 -9.57617 0.643669 0.299103 9.77588 -0.0125227 -0.0852157 -0.0161879
450.048 -0.153219 0.229828 -9.53786 0.619741 0.230907 9.72084 -0.00473421 -0.0800233 0.0259618
450.065 -0.191523 0.191523 -9.38465 0.648455 0.204586 9.81057 -0.000916298 -0.0809396 0.0337503
450.081 -0.0383047 0.268133 -9.88261 0.647258 0.195015 9.98285 0.00335976 -0.0755945 0.0273362
450.098 -0.0766094 0.229828 -9.72939 0.571884 0.239282 10.0439 0.00977384 -0.0702495 0.0319177
450.115 0.114914 0.344742 -9.88261 0.409173 0.282353 10.0439 0.0146608 -0.0711658 0.0484111
450.131 0.344742 0.383047 -9.69109 0.145962 0.471386 9.97926 0.0158825 -0.0766636 0.0896445
450.147 0.344742 0.497961 -9.69109 0.230907 0.611366 9.82373 0.0128282 -0.0949895 0.054367
450.163 0.229828 0.497961 -9.57617 0.321834 0.604187 9.7328 0.00458149 -0.0983493 0.0467312
450.18 -0.153219 0.421352 -9.806 0.658026 0.452243 9.87159 -0.000152716 -0.10965 0.0659734
450.197 0.114914 0.344742 -10.1507 0.617348 0.431904 10.1013 -0.00778853 -0.102014 0.0731511
450.213 0.0 0.497961 -9.95922 0.533599 0.520439 10.1121 -0.0138972 -0.095295 0.0513127
450.23 0.114914 0.344742 -9.99752 0.467797 0.393619 10.0415 -0.0158825 -0.0951423 0.0407752
450.246 0.344742 0.344742 -9.46126 0.39003 0.372084 9.88834 -0.00855211 -0.10064 0.0337503
450.262 0.0766094 0.536266 -9.38465 0.308674 0.441475 9.78425 -0.00702495 -0.0998765 0.0568105
450.278 0.229828 0.459656 -9.15482 0.251246 0.501296 9.66221 -0.00671952 -0.104153 0.0754418
450.294 0.229828 0.344742 -9.65278 0.34337 0.476171 9.84407 -0.014508 -0.117286 0.0972803
450.311 0.229828 0.268133 -9.88261 0.354138 0.401994 9.9673 -0.0174097 -0.127671 0.085063
450.327 0.229828 0.191523 -10.0741 0.351745 0.246461 10.1611 -0.0183259 -0.134848 0.0823141
450.344 0.0383047 0.306437 -10.0741 0.422333 0.2333 10.1037 -0.0146608 -0.143248 0.0725402
450.361 0.0766094 0.306437 -9.76769 0.472582 0.318245 9.90389 -0.0103847 -0.152716 0.0487165
450.377 0.0766094 0.383047 -9.49956 0.51326 0.370887 9.82612 -0.0105374 -0.15012 0.0413861
450.394 -0.0766094 0.421352 -9.30804 0.587438 0.411565 9.76391 -0.00549779 -0.157909 0.0369573
450.41 -0.344742 0.306437 -9.72939 0.906879 0.36012 9.79382 -0.00916297 -0.148135 0.0484111
450.427 -0.57457 0.268133 -9.65278 1.17488 0.337388 9.82373 -0.00885754 -0.12706 0.0696386
450.444 -0.57457 0.383047 -10.0358 1.26221 0.323031 10.0845 -0.00458149 -0.116064 0.0528398
450.46 -0.497961 0.459656 -9.99752 1.34716 0.311067 10.1874 -0.0105374 -0.0798706 -0.0508545
450.476 -0.57457 0.153219 -9.57617 1.29212 0.257228 10.0594 -0.010232 -0.0503964 -0.171959
450.493 -0.459656 0.0383047 -9.26973 0.904487 0.133998 9.62632 -0.00824668 -0.0329867 -0.143553
450.509 0.0766094 0.0766094 -9.23143 0.372084 0.107677 9.54616 0.00962113 -0.0207694 0.0612392
450.526 -0.114914 0.114914 -9.76769 0.619741 0.108873 9.85843 0.025809 -0.0248928 0.191354
450.542 -0.0383047 0.306437 -10.1507 0.565902 0.129212 10.1168 0.0320704 -0.0241292 0.20464
450.559 0.0 0.191523 -10.0741 0.478564 0.167498 10.319 0.044135 -0.0273362 0.179289
450.575 0.229828 0.229828 -9.72939 0.364905 0.167498 10.1635 0.0514654 -0.0274889 0.0838412
450.592 0.114914 0.306437 -9.38465 0.364905 0.143569 9.94576 0.0542143 -0.0319177 0.0332921
450.609 -0.0766094 0.268133 -9.38465 0.562313 0.135194 9.6335 0.0613919 -0.0378736 0.0361938
450.625 -0.0383047 0.421352 -9.42295 0.632901 0.333799 9.65504 0.0729984 -0.0465785 0.0494801
450.642 -0.114914 0.421352 -9.53786 0.658026 0.407976 9.82492 0.0723875 -0.0368046 0.0245873
450.658 0.383047 0.612875 -9.88261 0.37328 0.535992 10.0666 0.0714712 -0.0348193 0.00626137
450.674 0.306437 0.57457 -9.76769 0.0191426 0.692722 10.1683 0.0658207 -0.0378736 -0.0415388
450.69 0.536266 0.65118 -9.88261 0.118445 0.709472 10.1623 0.0615447 -0.0546724 -0.110414
450.706 0.459656 0.727789 -9.69109 0.0658026 0.766899 9.91346 0.0620028 -0.0670424 -0.123242
450.723 0.344742 0.65118 -9.46126 0.0646062 0.770489 9.79621 0.0493274 -0.0795652 -0.064599
450.74 0.229828 0.536266 -9.49956 0.181854 0.722632 9.79023 0.0369573 -0.0986547 0.0479529
450.756 0.344742 0.65118 -9.76769 0.300299 0.720239 9.82492 0.031765 -0.105985 0.104
450.773 0.191523 0.612875 -9.88261 0.348156 0.754935 10.002 0.0189368 -0.115454 0.171959
450.789 0.229828 0.65118 -10.0358 0.345763 0.842273 10.0965 0.00534507 -0.124922 0.14676
450.806 0.344742 0.689484 -9.76769 0.349352 0.847059 10.0295 -0.00778853 -0.12202 0.0781907
450.823 0.306437 0.57457 -9.69109 0.332602 0.84347 9.89911 -0.0181732 -0.133779 0.0529926
450.839 0.114914 0.536266 -9.57617 0.370887 0.727418 9.82492 -0.030696 -0.139888 0.0323759
450.856 0.229828 0.497961 -9.65278 0.336191 0.6999 9.82732 -0.0387899 -0.142179 0.0299324
450.872 0.268133 0.727789 -9.72939 0.671186 0.58983 9.84526 -0.041997 -0.149662 0.0372628
450.889 -0.0766094 0.497961 -10.1507 0.634098 0.725025 9.90269 -0.0502437 -0.146149 0.0581849
450.906 -0.0383047 0.497961 -9.88261 0.573081 0.601795 10.0104 -0.062461 -0.136223 0.0804815
450.922 -0.0766094 0.497961 -9.8443 0.635294 0.575474 10.008 -0.0644463 -0.13439 0.0755945
450.939 -0.0766094 0.65118 -9.57617 0.605384 0.605384 9.89671 -0.0700968 -0.137597 0.0587958
450.955 -0.153219 0.842703 -9.69109 0.741775 0.969093 9.83569 -0.0827722 -0.13042 0.0361938
450.971 0.459656 0.536266 -10.6487 0.789631 0.93679 9.8321 -0.0934624 -0.12706 0.0114537
450.988 0.0383047 0.383047 -9.57617 0.601795 0.42353 9.97328 -0.104763 -0.117744 -0.0213803
451.003 -0.191523 0.229828 -9.72939 0.587438 0.129212 9.99003 -0.0992656 -0.11973 -0.0282525
451.02 -0.114914 -0.0383047 -9.61448 0.629312 0.0358923 9.88355 -0.0867428 -0.116981 -0.00916297
451.036 0.114914 0.0766094 -9.49956 0.527617 -0.0622134 9.8345 -0.0726929 -0.120646 0.0171042
451.053 0.0766094 0.191523 -9.49956 0.489332 0.141176 9.8321 -0.055436 -0.123547 0.0482583
451.07 0.114914 0.421352 -9.69109 0.518046 0.306281 9.93619 -0.0508545 -0.131336 0.0300851
451.086 -0.0383047 0.421352 -9.806 0.520439 0.417547 9.98883 -0.0500909 -0.133932 0.0135917
451.103 -0.268133 0.306437 -9.76769 0.807577 0.302692 9.98285 -0.0539089 -0.135459 0.0262672
451.119 -0.421352 0.153219 -9.8443 1.07318 0.218943 9.94337 -0.0531453 -0.126144 0.0380264
451.136 -0.421352 0.229828 -9.65278 1.02532 0.227318 9.92901 -0.0511599 -0.113774 0.0432187
451.153 -0.344742 0.306437 -9.76769 0.892523 0.232104 9.88475 -0.0445931 -0.095295 0.0481056
451.169 -0.229828 0.229828 -9.53786 0.783649 0.204586 9.82851 -0.0395535 -0.0795652 0.0557414
451.186 -0.0383047 0.229828 -9.23143 0.707079 0.206979 9.82492 -0.0294742 -0.0728457 0.0684169
451.202 0.0383047 0.191523 -9.49956 0.514457 0.171087 9.868 -0.0248928 -0.074831 0.0784962
451.219 0.0383047 0.268133 -9.61448 0.443868 0.142373 9.95294 -0.0198531 -0.074831 0.101556
451.236 0.0 0.306437 -9.49956 0.459422 0.150748 10.057 -0.0148135 -0.087201 0.114079
451.251 0.0383047 0.306437 -9.806 0.526421 0.238086 10.063 -0.0137445 -0.0868956 0.111636
451.268 0.153219 0.421352 -9.49956 0.528814 0.372084 9.9996 -0.0140499 -0.0997237 0.0783434
451.284 0.0766094 0.459656 -9.806 0.482154 0.485743 9.87278 -0.0201585 -0.104611 0.0291688
451.3 0.114914 0.497961 -9.53786 0.479761 0.51326 9.83689 -0.0245873 -0.106596 0.00916297
451.316 0.0 0.383047 -9.61448 0.540778 0.540778 9.8345 -0.0372628 -0.11133 -0.00717767
451.331 0.114914 0.344742 -9.61448 0.65324 0.443868 9.85843 -0.0453567 -0.110261 -0.00397062
451.347 -0.344742 0.306437 -9.88261 0.952343 0.299103 9.93619 -0.0433714 -0.110567 0.000458149
451.363 -0.268133 0.268133 -9.92091 0.952343 0.154337 10.1061 -0.0404698 -0.0971275 0.0389426
451.378 -0.268133 0.268133 -9.99752 1.06481 0.160319 10.118 -0.0392481 -0.0833831 0.0418443
451.394 -0.383047 0.306437 -9.46126 0.99661 0.193819 9.80937 -0.0423024 -0.0653626 -0.0817032
451.409 -0.229828 0.229828 -9.65278 0.868594 0.15673 9.61436 -0.0383318 -0.0529926 -0.0826195
451.425 -0.114914 0.0 -9.11651 0.702293 0.0358923 9.6323 -0.032834 -0.0493274 -0.0285579
451.44 -0.191523 -0.191523 -9.65278 0.766899 -0.0789631 9.93499 -0.0164934 -0.0484111 0.0959058
451.455 -0.229828 -0.153219 -9.88261 0.884148 -0.102891 10.1085 -0.00855211 -0.0384845 0.146913
451.471 -0.114914 0.0 -9.8443 0.777667 -0.0334995 10.2365 0.011301 -0.0325286 0.140041
452.083 -0.191523 -0.0766094 -9.49956 0.707079 -0.0622134 9.81176 0.0137445 -0.153174 -0.00290161
452.1 -0.229828 0.229828 -9.38465 0.70349 0.0287139 9.77827 0.0264199 -0.15348 -0.0212276
452.116 -0.229828 0.459656 -9.72939 0.662812 0.346959 9.89073 0.0299324 -0.154243 -0.0109956
452.132 -0.114914 0.421352 -9.76769 0.564706 0.582652 10.0929 0.022602 -0.156229 0.0302378
452.148 0.0 0.497961 -9.95922 0.531206 0.573081 10.1192 0.0111483 -0.158825 0.0687223
452.164 0.0 0.383047 -9.806 0.551545 0.384048 10.0068 0.00855211 -0.164323 0.0786489
452.181 -0.268133 0.268133 -9.76769 0.753739 0.238086 9.87278 0.00809396 -0.173486 0.0775799
452.198 -0.306437 0.268133 -9.42295 1.11027 0.200997 9.75673 0.00809396 -0.171806 0.0253509
452.214 -0.57457 0.421352 -9.57617 1.25982 0.357727 9.7352 0.00473421 -0.159436 -0.00992656
452.231 -0.57457 0.497961 -9.65278 1.42612 0.532403 9.82492 -0.00366519 -0.141263 -0.0613919
452.247 -0.57457 0.459656 -9.72939 1.35314 0.618545 9.94576 -0.0232129 -0.108429 -0.0607811
452.264 -0.689484 0.344742 -9.88261 1.30648 0.527617 10.0092 -0.0285579 -0.0936151 -0.0423024
452.281 -0.497961 0.383047 -9.72939 1.15932 0.372084 9.98405 -0.034972 -0.0707076 0.0122173
452.296 -0.497961 0.191523 -9.53786 0.943968 0.22014 9.90389 -0.0322231 -0.0542143 0.104305
452.313 -0.191523 0.114914 -9.65278 0.863809 0.17348 9.89312 -0.0271835 -0.0546724 0.14508
452.329 -0.114914 0.268133 -9.57617 0.900898 0.11007 9.82492 -0.0227547 -0.0455095 0.177456
452.346 -0.191523 0.306437 -9.806 0.855434 0.145962 9.9649 -0.0209221 -0.0400117 0.114537
452.362 -0.191523 0.268133 -9.8443 0.872184 0.178265 9.99123 -0.0207694 -0.0392481 0.0568105
452.378 -0.153219 0.268133 -9.65278 0.740578 0.195015 9.89911 -0.019395 -0.0374155 -0.0591012
452.395 0.0383047 0.191523 -9.30804 0.599402 0.163908 9.78066 -0.0183259 -0.0410807 -0.0865901
452.411 0.0766094 0.0383047 -9.76769 0.51685 0.131605 9.82612 -0.0103847 -0.0513127 0.0297797
452.427 -0.153219 -0.114914 -9.92091 0.568295 -0.104088 10.0451 -0.00717767 -0.0482583 0.0983493
452.444 -0.153219 -0.191523 -9.92091 0.786042 -0.0945165 10.1898 0.010232 -0.0537561 0.0957531
452.46 0.0383047 -0.229828 -9.76769 0.459422 -0.283549 9.92662 0.0300851 -0.0465785 0.0936151
452.477 -0.191523 -0.153219 -9.07821 0.608973 -0.302692 9.82253 0.046273 -0.0514654 0.119577
452.493 -0.421352 0.153219 -9.49956 0.952343 0.0323031 9.66102 0.0694859 -0.0513127 0.120493
452.51 -0.306437 0.497961 -9.65278 0.941576 0.460618 9.83569 0.0739146 -0.0424551 0.0810924
452.527 -0.229828 0.612875 -9.8443 0.879362 0.472582 9.95892 0.0630718 -0.0369573 0.0479529
452.543 -0.229828 0.344742 -10.3423 0.719043 0.492921 10.1982 0.0561996 -0.029627 0.0331394
452.56 0.0766094 0.383047 -9.806 0.485743 0.366102 10.1575 0.0481056 -0.0322231 -0.0105374
452.576 0.114914 0.306437 -9.72939 0.357727 0.355334 10.0331 0.0467312 -0.0400117 -0.0178678
452.593 0.0766094 0.344742 -9.42295 0.36012 0.329013 9.74716 0.0481056 -0.0448986 0.000763581
452.61 0.229828 0.306437 -9.49956 0.366102 0.375673 9.7328 0.0508545 -0.0569632 0.0448986
452.626 0.114914 0.459656 -9.65278 0.522831 0.4666 9.95892 0.0496328 -0.0699441 0.0650571
452.643 0.153219 0.536266 -9.99752 0.586241 0.522831 10.0092 0.0485638 -0.0726929 0.0517708
452.659 0.0383047 0.612875 -9.8443 0.526421 0.643669 10.0642 0.0361938 -0.0719294 0.0343612
452.676 0.114914 0.65118 -9.65278 0.45344 0.628116 9.93859 0.0250455 -0.0800233 0.032834
452.693 -0.153219 0.497961 -9.65278 0.486939 0.634098 9.92184 0.0135917 -0.0910189 0.0484111
452.709 0.153219 0.497961 -9.53786 0.446261 0.622134 9.83569 0.00381791 -0.089339 0.0499382
452.726 0.268133 0.65118 -9.49956 0.374477 0.622134 9.84287 -0.0103847 -0.0988074 0.0450513
452.742 0.0766094 0.421352 -9.49956 0.476171 0.601795 9.83689 -0.0183259 -0.109956 0.0418443
452.759 0.0383047 0.57457 -9.76769 0.555135 0.573081 9.91107 -0.023671 -0.110108 0.030696
452.776 0.0 0.612875 -9.8443 0.59342 0.613759 9.97567 -0.0329867 -0.114232 0.00122173
452.792 0.229828 0.57457 -9.99752 0.392423 0.61017 9.9649 -0.0415388 -0.119424 0.0219911
452.809 0.229828 0.114914 -9.95922 0.294317 0.628116 9.95414 -0.0455095 -0.120035 0.073762
452.825 -0.114914 0.0766094 -9.806 0.574277 -0.00478564 10.0199 -0.0493274 -0.129045 0.0815505
452.842 0.0766094 -0.114914 -9.57617 0.654437 -0.20339 9.85364 -0.0332921 -0.139888 0.0586431
452.859 -0.114914 -0.229828 -9.57617 0.638883 -0.256032 9.79143 -0.00763582 -0.144622 0.0384845
452.875 -0.114914 0.114914 -9.53786 0.642473 -0.0418744 9.81655 0.00641408 -0.147677 0.032834
452.892 0.0 0.383047 -9.57617 0.624527 0.350548 9.87996 0.021533 -0.144622 0.0355829
452.908 -0.0766094 0.842703 -9.806 0.614955 0.960718 10.0104 0.0131336 -0.14676 0.0195477
452.925 -0.0383047 0.881008 -9.88261 0.550349 1.03011 10.0594 0.000916298 -0.149509 0.00763582
452.942 -0.0383047 0.766094 -9.61448 0.488136 0.897308 10.0499 -0.0264199 -0.150578 -0.0142026
452.958 0.153219 0.191523 -9.61448 0.394816 0.482154 9.96371 -0.0444404 -0.166155 0.0074831
452.975 -0.114914 0.268133 -9.61448 0.446261 0.435494 9.8345 -0.0507018 -0.176998 0.044135
452.991 -0.344742 0.191523 -9.61448 0.756132 0.061017 9.82612 -0.047342 -0.181885 0.0458149
453.008 -0.421352 0.459656 -9.76769 1.1007 0.418744 9.77468 -0.0459676 -0.179594 0.0239765
453.025 -0.421352 0.497961 -9.65278 1.13061 0.555135 9.83091 -0.0552833 -0.16585 -0.0167988
453.041 -0.421352 0.536266 -9.69109 1.01575 0.681954 9.90509 -0.0632245 -0.156381 -0.0120646
453.058 -0.268133 0.459656 -9.806 0.853041 0.54676 10.057 -0.0729984 -0.149051 0.0389426
453.075 -0.306437 0.421352 -9.76769 0.788435 0.417547 9.97208 -0.0788016 -0.145691 0.0865901
453.091 -0.344742 0.344742 -9.88261 0.825523 0.380459 9.87518 -0.081245 -0.142637 0.109803
453.108 -0.344742 0.459656 -9.69109 0.942772 0.37328 9.82492 -0.0841467 -0.137445 0.104
453.124 -0.229828 0.383047 -9.69109 0.905683 0.319442 9.8345 -0.08827 -0.130267 0.0765108
453.141 -0.153219 0.229828 -9.57617 0.865005 0.130409 9.91466 -0.0919352 -0.127518 0.0277944
453.158 -0.114914 0.114914 -9.92091 0.772881 0.0801595 9.95055 -0.0920879 -0.126755 0.00503964
453.174 -0.0766094 0.229828 -9.72939 0.689133 0.132802 9.96969 -0.087201 -0.133627 -0.0245873
453.191 0.0383047 0.0 -9.8443 0.750149 -0.144766 10.0463 -0.0820086 -0.144775 -0.00809396
453.207 -0.268133 -0.306437 -9.76769 0.84347 -0.320638 10.0319 -0.073762 -0.150884 -0.00855211
453.224 -0.344742 -0.421352 -9.88261 0.892523 -0.472582 9.85484 -0.0503964 -0.155312 -0.0109956
453.24 -0.383047 -0.229828 -9.53786 1.02173 -0.288335 9.74716 -0.0227547 -0.156381 0.0235183
453.255 -0.306437 -0.268133 -9.38465 1.05404 -0.281157 9.77109 -0.0146608 -0.149204 0.0450513
453.272 -0.497961 -0.191523 -9.76769 1.17368 -0.136391 9.92303 0.00671952 -0.142179 0.0786489
453.288 -0.536266 0.306437 -9.92091 1.3675 0.294317 10.0822 0.0195477 -0.130725 0.104763
453.306 -0.612875 0.344742 -9.88261 1.31605 0.330209 10.1372 0.0183259 -0.113315 0.115759
453.323 -0.612875 0.191523 -9.53786 1.32802 0.302692 9.98764 0.0126754 -0.0983493 0.096364
453.339 -0.57457 0.191523 -9.30804 1.2682 0.196211 9.80578 0.0157298 -0.0821613 0.0384845
453.355 -0.612875 0.306437 -9.38465 1.27896 0.142373 9.64188 0.0157298 -0.0636827 -0.0137445
453.371 -0.612875 0.229828 -9.49956 1.29212 0.171087 9.667 0.0154243 -0.0546724 -0.0345139
453.388 -0.497961 0.268133 -9.92091 1.28495 0.283549 9.82492 0.0142026 -0.043066 -0.0623082
453.405 -0.421352 0.306437 -9.8443 1.15214 0.257228 10.0618 0.00458149 -0.025809 -0.0487165
453.421 -0.421352 0.268133 -10.1124 1.05165 0.271585 10.1432 -0.000152716 -0.0200058 -0.0125227
453.438 -0.306437 0.268133 -9.76769 0.904487 0.259621 10.1204 -0.00198531 -0.0177151 0.013439
453.454 -0.306437 0.191523 -9.8443 0.817148 0.276371 9.89552 -0.00244346 -0.0197004 0.0548251
453.471 -0.191523 0.344742 -9.46126 0.796809 0.302692 9.77827 -0.00351247 -0.0216857 0.0745255
453.488 -0.153219 0.459656 -9.57617 0.771685 0.349352 9.72443 -0.00733038 -0.021533 0.0685696
453.504 -0.191523 0.497961 -9.49956 0.742971 0.375673 9.82492 -0.0146608 -0.0164934 0.0436769
453.521 0.0 0.268133 -10.0741 0.629312 0.307478 10.0654 -0.0207694 -0.0197004 0.014508
453.537 0.0766094 0.344742 -9.806 0.519242 0.259621 10.1037 -0.0206167 -0.025809 0.00198531
453.554 0.306437 0.114914 -9.8443 0.199801 0.16989 10.1037 -0.0201585 -0.0412334 0.0387899
453.57 0.268133 0.0 -9.95922 0.36012 -0.0753739 10.0594 -0.0128282 -0.0691805 0.129503
453.586 0.229828 -0.153219 -9.61448 0.605384 -0.232104 9.97328 -0.00458149 -0.0836885 0.13042
453.603 -0.0383047 -0.153219 -9.61448 0.649651 -0.275174 9.79502 0.0111483 -0.101251 0.0962113
453.618 -0.114914 -0.0383047 -9.42295 0.713061 -0.0394815 9.72203 0.0276416 -0.106443 0.0705549
453.634 -0.153219 0.153219 -9.46126 0.874577 0.0251246 9.7998 0.0320704 -0.104458 0.0404698
453.651 -0.191523 0.421352 -9.806 0.83988 0.495314 9.95174 0.033903 -0.101862 -0.00763582
453.666 -0.0383047 0.497961 -9.99752 0.6999 0.515653 10.2185 0.023671 -0.0980438 -0.00931569
453.683 -0.114914 0.229828 -9.76769 0.662812 0.424726 10.1827 0.0219911 -0.0988074 0.00809396
453.7 -0.153219 0.191523 -9.806 0.61017 0.217747 9.98764 0.0206167 -0.103083 0.0649044
453.716 -0.114914 0.191523 -9.49956 0.678365 0.138784 9.73759 0.0261145 -0.110719 0.12706
453.733 -0.268133 0.191523 -9.61448 0.79322 0.143569 9.71127 0.0268781 -0.112552 0.140957
453.749 -0.306437 0.383047 -9.65278 0.965504 0.29671 9.74836 0.025809 -0.114232 0.122326
453.766 -0.306437 0.497961 -9.65278 1.02652 0.592223 9.94098 0.0125227 -0.111483 0.0447459
453.783 -0.229828 0.497961 -9.99752 0.970289 0.649651 10.1276 -0.0103847 -0.110261 -0.0203113
453.798 -0.344742 0.383047 -10.0358 0.833898 0.551545 10.1133 -0.0197004 -0.108276 -0.0409279
453.815 -0.344742 0.344742 -9.92091 0.829113 0.478564 9.97208 -0.0311541 -0.111788 -0.0465785
453.83 -0.268133 0.306437 -9.49956 0.789631 0.441475 9.85125 -0.0407752 -0.110108 -0.00687223
453.846 -0.344742 0.383047 -9.65278 0.815952 0.391226 9.77588 -0.0426078 -0.110872 0.0253509
453.863 -0.268133 0.344742 -9.53786 0.870987 0.334995 9.81416 -0.0458149 -0.10797 0.0838412
453.879 -0.268133 0.344742 -9.46126 0.880558 0.299103 9.92901 -0.0516181 -0.104 0.0994183
453.896 -0.229828 0.344742 -9.76769 0.837488 0.287139 9.97926 -0.0525344 -0.102625 0.0894917
453.912 -0.229828 0.229828 -9.88261 0.744168 0.273978 10.0977 -0.0580322 -0.101098 0.0752891
453.929 -0.153219 -0.191523 -9.76769 0.776471 -0.241675 10.0319 -0.0537561 -0.106901 0.0369573
453.946 -0.191523 -0.383047 -9.30804 0.74656 -0.422333 9.90389 -0.0436769 -0.114079 0.0100793
453.962 -0.229828 -0.306437 -9.42295 0.771685 -0.428315 9.72682 -0.0195477 -0.111941 0.0164934
453.979 -0.268133 -0.191523 -9.46126 0.844666 -0.252443 9.7675 0.0103847 -0.119424 0.067806
453.994 -0.497961 0.421352 -9.65278 0.909272 0.00957129 9.82492 0.0164934 -0.114537 0.106291
454.011 -0.229828 0.536266 -10.1124 1.02413 0.614955 9.97328 0.0213803 -0.114232 0.110567
454.028 -0.459656 0.497961 -9.88261 0.99661 0.54317 10.1157 0.00106901 -0.111177 0.0878119
454.044 -0.153219 0.344742 -9.806 0.911665 0.427119 10.1085 -0.0114537 -0.10232 0.0415388
454.061 -0.421352 0.114914 -9.57617 0.862612 0.0945165 9.93739 -0.0117592 -0.104153 0.0235183
454.077 -0.191523 0.114914 -9.61448 0.847059 -0.0107677 9.77946 -0.00702495 -0.100182 0.0151189
454.094 -0.229828 0.0383047 -9.57617 0.948754 0.0897308 9.77827 0.000916298 -0.105985 0.0207694
454.111 -0.459656 0.229828 -9.8443 1.05284 0.162712 9.82014 0.00122173 -0.105985 0.0166461
454.127 -0.383047 0.344742 -9.88261 1.15454 0.297906 9.94218 -0.00259618 -0.0981966 -0.0074831
454.144 -0.421352 0.306437 -9.72939 1.05284 0.433101 9.99362 -0.0125227 -0.0836885 -0.0206167
454.16 -0.344742 0.536266 -9.806 0.993021 0.446261 9.99242 -0.0140499 -0.0836885 0.0056505
454.176 -0.191523 0.344742 -9.8443 0.848255 0.403191 9.93021 -0.0256563 -0.0821613 0.0284052
454.192 -0.383047 0.191523 -9.69109 0.764507 0.312263 9.9015 -0.0300851 -0.0865901 0.0708604
454.208 -0.306437 0.268133 -9.57617 0.756132 0.314656 9.86082 -0.0348193 -0.0862847 0.115454
454.225 -0.114914 0.229828 -9.38465 0.862612 0.281157 9.87398 -0.0377209 -0.089339 0.124158
454.241 -0.306437 0.268133 -9.65278 0.893719 0.189033 9.89073 -0.0426078 -0.0888809 0.108581
454.258 -0.306437 0.114914 -9.76769 0.921237 0.157926 9.93499 -0.046273 -0.0888809 0.0707076
454.275 -0.268133 0.114914 -9.99752 0.90329 0.0430708 9.95174 -0.0435241 -0.0922406 0.0416915
454.291 -0.0383047 0.153219 -9.61448 0.741775 0.0801595 9.90509 -0.0445931 -0.0902553 0.0241292
454.308 -0.229828 -0.268133 -9.806 0.774078 -0.491725 10.0558 -0.0337503 -0.0966694 0.0597121
454.325 -0.536266 -0.612875 -9.65278 0.984646 -0.752542 10.0008 -0.0175624 -0.100335 0.0591012
454.34 -0.804398 -0.57457 -9.34634 1.45962 -0.803988 9.78784 0.0245873 -0.0988074 0.105069
454.356 -0.57457 -0.344742 -9.34634 1.39741 -0.386441 9.65743 0.0673479 -0.0697913 0.230296
454.372 -0.65118 0.306437 -9.69109 1.28734 0.0514457 9.71366 0.0809396 -0.0577268 0.243735
454.39 -0.344742 0.344742 -10.0358 1.05165 0.368495 9.91227 0.0809396 -0.0381791 0.188299
454.406 -0.229828 0.383047 -9.92091 0.929611 0.344566 10.1575 0.0704022 -0.0265726 0.085063
454.422 -0.229828 0.383047 -9.8443 0.80997 0.32662 10.1838 0.0647517 -0.0219911 0.00335976
454.439 -0.114914 0.229828 -9.99752 0.72981 0.299103 10.0582 0.0636827 -0.0262672 -0.0300851
454.455 -0.0383047 0.229828 -9.95922 0.65324 0.215354 9.8345 0.0594066 -0.03711 -0.0481056
454.473 -0.229828 0.306437 -9.53786 0.654437 0.210568 9.74118 0.0578795 -0.0468839 -0.0125227
454.489 -0.153219 0.421352 -9.57617 0.734596 0.374477 9.77827 0.055436 -0.0458149 0.0114537
454.505 -0.306437 0.612875 -9.95922 0.851844 0.558724 9.88594 0.0427606 -0.0479529 0.0455095
454.522 -0.191523 0.497961 -9.95922 0.734596 0.626919 10.0642 0.0262672 -0.052229 0.0587958
454.538 0.0 0.459656 -9.806 0.562313 0.719043 10.0594 0.0181732 -0.053298 0.0580322
454.555 0.0766094 0.536266 -9.88261 0.501296 0.556331 9.98764 -0.000610865 -0.0639881 0.032834
454.572 0.114914 0.612875 -9.65278 0.463011 0.60658 9.83569 -0.0143553 -0.0754418 0.0329867
454.588 0.0383047 0.497961 -9.61448 0.518046 0.586241 9.82612 -0.0293215 -0.0923933 0.0291688
454.605 -0.0766094 0.383047 -9.806 0.617348 0.545563 9.82732 -0.0387899 -0.0936151 0.0284052
454.621 -0.229828 0.344742 -9.72939 0.64008 0.467797 9.90269 -0.0528398 -0.101709 0.0242819
454.638 -0.0766094 0.383047 -10.0741 0.60658 0.443868 9.99123 -0.0620028 -0.111483 0.0445931
454.655 0.114914 0.344742 -9.806 0.506082 0.435494 10.0917 -0.0662789 -0.117133 0.0673479
454.671 0.0 0.153219 -9.88261 0.619741 0.150748 10.1073 -0.0700968 -0.130572 0.10736
454.688 -0.306437 -0.229828 -9.53786 0.658026 -0.281157 9.84526 -0.0594066 -0.135459 0.0726929
454.704 -0.229828 -0.229828 -9.11651 0.677169 -0.378066 9.73041 -0.0481056 -0.13943 0.0600175
454.721 -0.229828 -0.114914 -9.49956 0.715454 -0.204586 9.70409 -0.0239765 -0.138514 0.0621555
454.738 -0.229828 0.383047 -9.69109 0.937986 0.325424 9.85843 -0.0116064 -0.137445 0.0601702
454.753 -0.421352 0.612875 -9.72939 0.999003 0.480957 9.95533 -0.0190895 -0.138666 0.0552833
454.77 -0.421352 0.459656 -9.92091 1.04806 0.569491 10.1922 -0.0303905 -0.129503 0.0513127
454.786 -0.344742 0.344742 -9.92091 1.03011 0.401994 10.0786 -0.0465785 -0.130878 0.0458149
454.803 -0.344742 0.229828 -9.65278 1.01815 0.226122 9.95773 -0.056505 -0.122631 0.045204
454.82 -0.344742 0.191523 -9.76769 0.947557 0.119641 9.74836 -0.0539089 -0.124464 0.054367
454.836 -0.306437 0.306437 -9.72939 0.964307 0.206979 9.69332 -0.0542143 -0.118355 0.0644463
454.853 -0.344742 0.153219 -9.65278 0.928415 0.195015 9.87757 -0.056505 -0.113621 0.0708604
454.868 -0.306437 0.191523 -9.72939 0.917647 0.198604 10.0211 -0.0597121 -0.108276 0.0720821
454.884 -0.268133 0.153219 -9.95922 0.863809 0.136391 10.1109 -0.0603229 -0.106138 0.0671951
454.901 -0.268133 0.191523 -9.49956 0.851844 0.13998 9.9649 -0.0615447 -0.108276 0.0632245
454.917 -0.344742 0.229828 -9.46126 0.860219 0.142373 9.88355 -0.0630718 -0.105985 0.064599
454.934 -0.229828 0.191523 -9.30804 0.929611 0.0849452 9.76989 -0.0601702 -0.112705 0.0650571
454.95 -0.229828 0.0766094 -9.38465 0.97986 0.0370887 9.79382 -0.0595593 -0.106596 0.0633773
454.967 -0.344742 0.0 -9.76769 0.970289 0.00358923 9.85244 -0.0571159 -0.106901 0.0616974
454.984 -0.344742 0.153219 -9.76769 0.940379 0.0143569 10.014 -0.0574213 -0.10064 0.0694859
455.0 -0.268133 -0.114914 -9.46126 0.833898 -0.0753739 10.13 -0.0526871 -0.101709 0.0998765
455.017 -0.153219 -0.383047 -9.61448 0.892523 -0.258425 9.96849 -0.0386372 -0.107512 0.146455
455.033 -0.268133 -0.344742 -9.42295 0.847059 -0.506082 9.84048 -0.0261145 -0.107818 0.164475
455.05 -0.421352 -0.306437 -9.38465 0.869791 -0.355334 9.72682 0.000458149 -0.109498 0.216704
455.067 -0.229828 0.0766094 -9.53786 0.965504 -0.0155533 9.82014 0.0160352 -0.113621 0.220064
455.082 -0.459656 0.268133 -9.8443 0.995414 0.0813559 9.90628 0.0158825 -0.10965 0.205862
455.098 -0.344742 0.57457 -9.92091 1.00857 0.641276 9.94935 0.00503964 -0.10965 0.159894
455.115 -0.383047 0.497961 -9.806 1.04327 0.451047 10.0307 -0.0210748 -0.100487 0.13607
455.131 0.153219 -0.153219 -9.72939 0.917647 -0.104088 10.1204 -0.0287107 -0.100182 0.119119
455.148 -0.268133 -0.153219 -9.65278 0.836291 -0.218943 9.90987 -0.0308487 -0.0945314 0.11805
455.164 -0.268133 -0.0383047 -9.46126 0.897308 -0.181854 9.7675 -0.0129809 -0.104611 0.123242
455.181 -0.383047 0.0383047 -9.61448 0.961914 -0.0430708 9.77946 -0.00549779 -0.104916 0.131031
455.198 -0.459656 0.191523 -9.72939 1.11506 0.119641 9.87518 -0.00717767 -0.0965167 0.131794
455.214 -0.459656 0.191523 -9.8443 1.17488 0.264407 9.98166 -0.0146608 -0.0901026 0.112705
455.23 -0.536266 0.229828 -9.95922 1.11864 0.2668 10.0068 -0.0224493 -0.0815505 0.101098
455.245 -0.344742 0.191523 -9.72939 0.985843 0.12682 9.9661 -0.0308487 -0.0824668 0.104916
455.261 -0.344742 0.0383047 -9.72939 0.823131 0.0346959 9.86321 -0.0346666 -0.0849102 0.151189
455.278 -0.229828 0.0383047 -9.61448 0.82672 0.0167498 9.84766 -0.033903 -0.0858265 0.201891
455.294 -0.268133 0.0766094 -9.57617 0.97986 0.0490528 9.83689 -0.0358883 -0.0841467 0.20861
455.311 -0.383047 0.153219 -9.65278 1.03011 0.0418744 9.91227 -0.0368046 -0.0813978 0.190895
455.327 -0.383047 0.0 -9.61448 1.01815 0.0287139 9.99003 -0.0372628 -0.0775799 0.159894
455.344 -0.383047 -0.0383047 -9.69109 0.855434 -0.00358923 10.0379 -0.0386372 -0.0733038 0.14844
455.361 -0.191523 0.0766094 -9.69109 0.731007 -0.0251246 9.92184 -0.0348193 -0.0865901 0.156687
455.377 -0.153219 -0.153219 -9.72939 0.66999 -0.222532 9.89791 -0.0345139 -0.0997237 0.18723
455.394 -0.268133 -0.383047 -9.72939 0.786042 -0.362513 9.89791 -0.0340557 -0.103847 0.185703
455.41 -0.191523 -0.459656 -9.65278 0.848255 -0.632901 9.8656 -0.0195477 -0.113774 0.163406
455.427 -0.268133 -0.383047 -9.65278 0.924826 -0.43669 9.85244 0.00335976 -0.115759 0.171042
455.444 -0.344742 0.0766094 -9.65278 0.95354 -0.160319 9.8656 0.0172569 -0.117744 0.196088
455.46 -0.306437 0.383047 -9.57617 0.988235 0.35653 9.92303 0.0158825 -0.116064 0.210748
455.477 -0.383047 0.497961 -10.0358 0.977468 0.550349 10.0845 -0.00473421 -0.113163 0.214872
455.493 -0.383047 0.114914 -9.806 1.01575 0.375673 10.0068 -0.0284052 -0.108276 0.19395
455.509 -0.229828 -0.191523 -9.49956 0.981057 -0.106481 9.96371 -0.0297797 -0.111483 0.182038
455.525 -0.229828 -0.229828 -9.69109 0.993021 -0.297906 9.85843 -0.025809 -0.109956 0.176845
455.541 -0.536266 -0.268133 -9.61448 1.05165 -0.302692 9.85125 -0.0125227 -0.111788 0.173486
455.557 -0.497961 0.0 -9.46126 1.25145 -0.0825523 9.82612 -0.00794125 -0.111177 0.170737
455.574 -0.727789 0.114914 -9.57617 1.33639 0.0681954 9.84646 -0.0114537 -0.0975857 0.162796
455.597 -0.536266 0.0 -9.76769 1.19163 0.0897308 9.91585 -0.0238237 -0.0797179 0.180663
455.614 -0.612875 -0.114914 -9.65278 1.04207 -0.0251246 9.91466 -0.0264199 -0.0736092 0.230143
455.63 -0.421352 -0.114914 -9.72939 0.959521 -0.0801595 9.93739 -0.0265726 -0.0717766 0.2755
455.647 -0.344742 -0.153219 -9.806 0.932004 -0.09332 9.92303 -0.0244346 -0.0725402 0.284358
455.663 -0.268133 0.0383047 -9.76769 0.971486 -0.0753739 9.90389 -0.020464 -0.0714712 0.272599
455.68 -0.268133 0.0766094 -9.65278 1.0325 -0.04666 9.89791 -0.020464 -0.068875 0.228769
455.697 -0.383047 0.0 -9.76769 1.01575 -0.04666 9.88714 -0.0203113 -0.0652099 0.171348
