365.88 -0.612875 0.229828 -9.69109 1.39262 0.181854 9.86321 0.0114537 -0.13439 -0.525038
365.897 -0.65118 0.383047 -9.46126 1.27777 0.305085 9.76032 0.0132863 -0.121868 -0.383929
365.913 -0.65118 0.229828 -9.49956 1.28495 0.338584 9.70768 0.00763582 -0.115912 -0.391564
365.93 -0.497961 0.344742 -9.806 1.35912 0.330209 10.008 -0.00381791 -0.11133 -0.505033
365.947 -0.65118 0.344742 -9.65278 1.31844 0.421137 10.0271 -0.0132863 -0.109192 -0.573144
365.963 -0.727789 0.459656 -9.76769 1.38425 0.526421 9.89791 -0.0219911 -0.106901 -0.60384
365.98 -0.766094 0.497961 -9.76769 1.5326 0.520439 9.92543 -0.0352775 -0.102473 -0.640034
365.996 -0.766094 0.344742 -9.53786 1.61037 0.379262 9.82851 -0.0481056 -0.0879646 -0.635147
366.013 -0.57457 0.306437 -9.61448 1.49791 0.416351 9.96969 -0.0503964 -0.086132 -0.641256
366.03 -0.459656 0.306437 -9.76769 1.32802 0.270389 9.9649 -0.0595593 -0.0708604 -0.74327
366.046 -0.57457 0.268133 -9.34634 1.32443 0.242871 9.79382 -0.067806 -0.0639881 -0.858113
366.062 -0.57457 0.344742 -9.49956 1.32682 0.294317 9.65863 -0.071624 -0.0578795 -0.908814
366.078 -0.612875 0.229828 -9.61448 1.36391 0.136391 9.84167 -0.0717766 -0.0548251 -0.949131
366.095 -0.57457 0.383047 -9.65278 1.39621 0.247657 9.72203 -0.0768163 -0.044135 -1.06413
366.112 -0.536266 0.383047 -9.19312 1.31366 0.224925 9.85723 -0.0806342 -0.0412334 -1.25502
366.128 -0.497961 0.421352 -9.38465 1.25384 0.355334 9.82492 -0.0827722 -0.0436769 -1.3465
366.145 -0.57457 0.497961 -9.806 1.25145 0.349352 9.90868 -0.0928515 -0.0435241 -1.52548
366.161 -0.536266 0.383047 -9.8443 1.22752 0.384048 9.98764 -0.104153 -0.0438296 -1.70966
366.178 -0.57457 0.421352 -9.72939 1.2347 0.391226 9.93499 -0.107818 -0.0412334 -1.79213
366.195 -0.383047 0.459656 -9.49956 1.14736 0.401994 9.98644 -0.119424 -0.0438296 -1.90834
366.211 -0.57457 0.536266 -9.53786 1.07318 0.403191 9.82612 -0.128434 -0.0345139 -1.94866
366.228 -0.383047 0.421352 -9.92091 1.01815 0.409173 9.76989 -0.134543 -0.0290161 -1.97951
366.244 -0.306437 0.344742 -9.49956 0.909272 0.405583 9.84407 -0.141415 -0.0259618 -1.96851
366.261 -0.344742 0.497961 -9.76769 0.799202 0.457029 9.89432 -0.141721 -0.0320704 -1.85046
366.279 -0.229828 0.459656 -10.0358 0.823131 0.478564 10.1671 -0.141415 -0.0401644 -1.59482
366.295 -0.306437 0.421352 -9.72939 0.79322 0.556331 10.0343 -0.140957 -0.0368046 -1.46913
366.312 -0.0766094 0.344742 -9.49956 0.664008 0.370887 9.82373 -0.140499 -0.0490219 -1.27365
366.328 -0.0383047 0.421352 -9.61448 0.681954 0.329013 9.83809 -0.140957 -0.0620028 -1.20615
366.345 -0.191523 0.421352 -9.61448 0.68674 0.385244 9.91824 -0.144164 -0.0725402 -1.24174
366.361 -0.191523 0.536266 -9.92091 0.831506 0.476171 10.0893 -0.144011 -0.0777326 -1.25808
366.377 -0.497961 0.497961 -9.99752 0.911665 0.538385 9.96251 -0.152258 -0.0736092 -1.23563
366.394 -0.268133 0.421352 -9.53786 0.82672 0.539581 9.85364 -0.161421 -0.0749837 -1.17958
366.41 -0.268133 0.536266 -9.42295 0.697508 0.463011 9.63948 -0.166766 -0.0772744 -1.17958
366.427 -0.0766094 0.497961 -9.76769 0.744168 0.480957 9.90628 -0.177456 -0.086132 -1.26006
366.444 -0.0383047 0.497961 -9.92091 0.863809 0.555135 10.1659 -0.191964 -0.0878119 -1.37338
366.46 -0.306437 0.497961 -10.2657 0.917647 0.555135 10.1827 -0.199447 -0.0887282 -1.42011
366.477 -0.268133 0.459656 -9.69109 1.00857 0.498903 9.94098 -0.215941 -0.0859793 -1.44897
366.493 -0.344742 0.383047 -9.72939 1.04686 0.410369 9.76511 -0.224187 -0.0867428 -1.3717
366.509 -0.459656 0.153219 -9.38465 1.0014 0.323031 9.5677 -0.224187 -0.0806342 -1.28786
366.525 -0.612875 0.153219 -9.92091 1.04088 0.151944 9.94576 -0.219911 -0.0653626 -0.99403
366.541 -0.612875 0.0766094 -10.189 1.13779 0.0646062 10.1408 -0.212276 -0.0442877 -0.654389
366.558 -0.497961 0.0383047 -9.95922 1.21795 0.00598205 10.0463 -0.204487 -0.0287107 -0.401033
366.575 -0.459656 0.0 -9.69109 1.12822 -0.0251246 10.002 -0.195782 -0.0169515 -0.290466
366.591 -0.421352 0.0383047 -9.61448 1.10309 -0.0382852 9.67657 -0.180053 0.00290161 -0.129045
366.608 -0.57457 -0.268133 -9.34634 1.09232 -0.0897308 9.70409 -0.164323 0.0274889 -0.0160352
366.624 -0.268133 -0.268133 -9.53786 1.05165 -0.287139 9.79263 -0.157145 0.0323759 0.00549779
366.641 -0.191523 -0.114914 -9.76769 0.899701 -0.247657 9.9673 -0.145539 0.0412334 -0.0280998
366.657 0.153219 -0.0766094 -9.53786 0.830309 -0.187837 10.0056 -0.140652 0.0542143 -0.284358
366.673 -0.0766094 -0.114914 -9.49956 0.72981 -0.180658 9.96969 -0.139735 0.0545197 -0.467617
366.69 0.114914 -0.114914 -9.65278 0.619741 -0.223729 9.89552 -0.143706 0.0630718 -0.754418
366.706 0.0766094 -0.0766094 -9.65278 0.600598 -0.272782 9.9015 -0.150731 0.0653626 -0.99235
366.723 0.114914 -0.229828 -9.57617 0.495314 -0.312263 9.97089 -0.152411 0.064599 -1.09116
366.74 0.153219 -0.153219 -9.8443 0.442672 -0.305085 10.0319 -0.150273 0.0659734 -1.20035
366.756 0.0766094 -0.268133 -9.61448 0.386441 -0.37328 9.97208 -0.141568 0.062461 -1.17683
366.773 0.306437 -0.229828 -9.69109 0.332602 -0.404387 9.93739 -0.132405 0.0600175 -1.09039
366.789 0.0383047 -0.306437 -9.57617 0.382851 -0.394816 9.80818 -0.125075 0.0577268 -1.03847
366.806 0.0383047 -0.383047 -9.76769 0.305085 -0.43669 10.0439 -0.105069 0.0493274 -0.8546
366.823 0.229828 -0.306437 -9.46126 0.256032 -0.428315 9.91585 -0.0792598 0.0499382 -0.542143
366.838 0.191523 -0.497961 -9.42295 0.179462 -0.463011 9.72203 -0.0653626 0.0471893 -0.392786
366.855 0.306437 -0.344742 -9.69109 0.153141 -0.479761 9.87637 -0.0433714 0.0378736 -0.227547
366.87 0.306437 -0.344742 -9.65278 0.136391 -0.478564 10.0128 -0.0294742 0.0352775 -0.217621
366.886 0.344742 -0.383047 -9.8443 0.165105 -0.407976 10.0762 -0.0221439 0.032834 -0.228922
366.902 0.268133 -0.229828 -9.65278 0.217747 -0.31346 9.99482 -0.0122173 0.032834 -0.147982
366.917 0.344742 -0.268133 -9.57617 0.235693 -0.311067 10.063 -0.00809396 0.0326813 -0.0824668
366.933 0.383047 -0.191523 -9.65278 0.155533 -0.273978 9.83689 0.00198531 0.0276416 -0.0203113
366.948 0.421352 -0.114914 -9.65278 0.101695 -0.229711 9.84167 0.00213803 0.025809 -0.0332921
366.963 0.421352 -0.153219 -9.57617 0.12323 -0.285942 9.81057 0.00198531 0.0284052 -0.045204
366.979 0.421352 -0.344742 -9.42295 0.0598205 -0.317049 9.92184 0.00626137 0.02474 -0.129351
366.994 0.459656 -0.268133 -9.61448 0.066999 -0.336191 9.88475 0.00671952 0.0253509 -0.178373
367.01 0.421352 -0.153219 -9.61448 0.0394815 -0.288335 10.0319 0.0146608 0.023671 -0.225409
367.611 0.421352 -0.153219 -9.806 0.178265 -0.0658026 10.0211 0.00916297 -0.135917 0.00259618
367.627 0.268133 0.0766094 -9.8443 0.199801 -0.0741775 10.0714 0.00839939 -0.136223 0.0293215
367.643 0.268133 -0.0766094 -9.61448 0.205783 -0.0753739 9.90868 0.0132863 -0.143553 0.0676533
367.658 0.191523 0.0383047 -9.72939 0.264407 -0.0430708 9.9326 0.01237 -0.137292 0.0620028
367.674 0.0 -0.0766094 -9.65278 0.412762 -0.0658026 9.94457 0.00763582 -0.134085 0.045204
367.691 0.268133 0.0383047 -9.61448 0.446261 -0.0993021 9.93978 0.00274889 -0.127976 0.00733038
367.707 0.0383047 -0.153219 -9.57617 0.446261 -0.0909272 9.88235 0.00626137 -0.131031 -0.0377209
367.723 0.229828 0.0 -9.46126 0.435494 -0.0897308 9.86321 0.00687223 -0.129656 -0.0461203
367.739 0.0383047 -0.153219 -9.61448 0.486939 -0.157926 9.9314 0.0103847 -0.116675 -0.0447459
367.754 -0.153219 -0.191523 -9.69109 0.538385 -0.155533 9.97328 0.0190895 -0.108887 -0.014508
367.771 0.0383047 -0.153219 -9.806 0.540778 -0.157926 9.93859 0.020464 -0.104458 -0.00290161
367.787 0.153219 0.0 -9.61448 0.474975 -0.129212 9.85244 0.0233656 -0.0986547 -0.019395
367.804 0.153219 -0.0766094 -9.49956 0.367298 -0.112463 9.9015 0.0210748 -0.0884227 -0.0276416
367.821 0.306437 -0.0766094 -9.76769 0.334995 -0.0981057 9.92901 0.0241292 -0.0852157 -0.0122173
367.837 0.268133 -0.191523 -9.69109 0.289531 -0.159123 9.97089 0.0227547 -0.079107 0.0551306
367.854 0.191523 -0.191523 -9.92091 0.34337 -0.17348 10.051 0.0241292 -0.0806342 0.129962
367.87 0.268133 -0.114914 -9.95922 0.272782 -0.137587 10.1803 0.0276416 -0.0800233 0.140499
367.887 0.191523 0.114914 -9.8443 0.260818 -0.0394815 10.0175 0.0372628 -0.0846048 0.239154
367.904 0.191523 -0.0766094 -9.69109 0.275174 -0.0717846 9.92543 0.0436769 -0.0907135 0.270002
367.92 0.191523 -0.0383047 -9.57617 0.2668 -0.0681954 9.84766 0.0516181 -0.097433 0.278096
367.936 0.153219 0.0383047 -9.46126 0.368495 -0.0562313 9.74955 0.0560469 -0.0986547 0.261908
367.951 0.191523 0.0766094 -9.57617 0.403191 0.00239282 9.82492 0.0600175 -0.099571 0.194561
367.968 0.229828 0.114914 -9.61448 0.345763 0.0729811 9.89671 0.0584903 -0.0962113 0.0957531
367.985 0.191523 0.153219 -9.99752 0.344566 0.11007 10.0235 0.0551306 -0.0922406 0.0529926
368.001 0.0766094 0.0766094 -9.8443 0.320638 0.168694 10.0714 0.0471893 -0.0913243 -0.00870483
368.018 0.268133 0.153219 -9.806 0.342173 0.138784 9.98883 0.0361938 -0.0978911 -0.0821613
368.033 0.0766094 0.191523 -9.53786 0.410369 0.15673 9.90269 0.0342084 -0.10064 -0.122631
368.049 0.114914 0.191523 -9.53786 0.410369 0.125623 9.77468 0.0230602 -0.0888809 -0.142484
368.065 0.0383047 0.153219 -9.76769 0.428315 0.107677 9.82492 0.0177151 -0.0824668 -0.0714712
368.081 0.0766094 -0.0766094 -9.8443 0.351745 0.0646062 9.98405 0.0177151 -0.0823141 -0.025809
368.098 0.0766094 0.153219 -9.95922 0.342173 0.0849452 10.1109 0.0148135 -0.0765108 0.0507018
368.115 0.268133 0.229828 -9.88261 0.342173 0.122034 10.1037 0.0119119 -0.0804815 0.0584903
368.131 0.344742 0.268133 -9.69109 0.398405 0.191426 9.95653 0.00794125 -0.0798706 0.0337503
368.148 0.153219 0.229828 -9.65278 0.391226 0.193819 9.84287 -0.00198531 -0.0739146 -0.0222966
368.164 0.229828 0.0766094 -9.26973 0.318245 0.165105 9.8333 -0.00733038 -0.0717766 -0.0154243
368.181 0.306437 0.114914 -9.65278 0.300299 0.147159 9.87159 -0.0122173 -0.0668897 0.00519235
368.198 0.191523 0.114914 -9.88261 0.242871 0.111266 9.99003 -0.013439 -0.0694859 0.046273
368.214 0.344742 0.229828 -9.806 0.16989 0.111266 10.0367 -0.0135917 -0.0771217 0.0879646
368.231 0.306437 0.229828 -9.95922 0.181854 0.118445 10.0068 -0.0155771 -0.0804815 0.133932
368.247 0.306437 0.191523 -9.72939 0.192622 0.148355 9.97208 -0.0132863 -0.0870483 0.148135
368.264 0.229828 0.268133 -9.76769 0.311067 0.187837 9.92423 -0.0157298 -0.0867428 0.156534
368.281 0.0766094 0.306437 -9.69109 0.259621 0.209372 9.83809 -0.0212276 -0.0916298 0.103083
368.297 0.344742 0.229828 -9.38465 0.13998 0.200997 9.82492 -0.0264199 -0.0881173 0.087201
368.314 0.383047 0.153219 -9.65278 0.114855 0.133998 9.83928 -0.0273362 -0.099571 0.143706
368.329 0.344742 0.114914 -9.72939 0.181854 0.0454636 9.93021 -0.0335976 -0.104153 0.144622
368.346 0.344742 0.153219 -9.69109 0.147159 0.0179462 10.0582 -0.0372628 -0.107665 0.117592
368.363 0.306437 0.0383047 -9.99752 0.131605 -0.00358923 10.1097 -0.0426078 -0.112399 0.0594066
368.379 0.344742 -0.153219 -9.72939 0.155533 -0.132802 9.94457 -0.0432187 -0.1237 0.0
368.396 0.344742 -0.191523 -9.76769 0.195015 -0.11007 9.88953 -0.0467312 -0.120493 -0.0549779
368.412 0.306437 -0.0766094 -9.61448 0.242871 -0.0622134 9.86321 -0.0458149 -0.122478 -0.0690278
368.429 0.153219 -0.114914 -9.72939 0.278764 -0.0849452 9.90269 -0.045204 -0.1237 -0.0426078
368.446 0.344742 -0.153219 -9.8443 0.267996 -0.118445 10.0355 -0.0398589 -0.131947 0.00855211
368.462 0.306437 -0.0383047 -9.88261 0.240479 -0.183051 10.0415 -0.0389426 -0.124311 0.0375682
368.479 0.344742 -0.191523 -9.65278 0.208175 -0.21655 10.0235 -0.0253509 -0.131947 0.087201
368.495 0.306437 -0.0383047 -9.88261 0.264407 -0.130409 9.90389 -0.0148135 -0.141415 0.127976
368.512 0.344742 -0.0383047 -9.65278 0.294317 -0.0741775 9.85843 -0.00641408 -0.148135 0.142179
368.529 0.0383047 0.0 -9.61448 0.44985 -0.0167498 9.85244 -0.00381791 -0.145691 0.149051
368.545 0.0 0.0766094 -9.69109 0.497707 0.0131605 9.89671 0.00519235 -0.146913 0.0942259
368.569 0.114914 0.0766094 -9.8443 0.479761 -0.0107677 9.89911 0.00412334 -0.140652 0.0511599
368.585 0.114914 -0.114914 -9.72939 0.541974 -0.118445 9.94935 0.00488692 -0.142332 0.0155771
368.602 0.0 -0.0383047 -9.72939 0.53001 -0.061017 9.92782 0.00717767 -0.140652 0.00610865
368.618 -0.229828 -0.114914 -9.76769 0.51326 -0.0394815 9.95414 0.00473421 -0.130267 0.00962113
368.635 -0.114914 -0.0383047 -9.57617 0.635294 -0.0275174 9.94935 0.00442877 -0.122937 0.0155771
368.652 -0.191523 0.0766094 -9.69109 0.662812 -0.026321 9.9015 0.00198531 -0.117133 0.022602
368.668 -0.0766094 0.0383047 -9.69109 0.643669 -0.0394815 9.91585 -0.00442877 -0.101098 0.0207694
368.685 -0.0383047 0.0766094 -9.57617 0.591027 -0.0526421 9.9338 -0.00824668 -0.0925461 0.0255036
368.701 -0.0766094 -0.0766094 -9.34634 0.600598 -0.040678 9.93499 -0.00687223 -0.0858265 0.0305433
368.718 -0.153219 0.0 -9.69109 0.59342 -0.0275174 9.90509 0.000610865 -0.0846048 0.0525344
368.735 -0.114914 0.0383047 -9.806 0.595813 -0.0239282 9.91466 -0.00152716 -0.079107 0.0650571
368.751 0.0766094 0.153219 -9.46126 0.586241 0.0 9.93021 0.00855211 -0.0781907 0.0849102
368.768 0.0 0.114914 -9.76769 0.569491 0.0394815 9.94098 0.00503964 -0.065668 0.0978911
368.784 0.114914 0.191523 -9.69109 0.532403 0.0430708 9.92423 0.00687223 -0.0649044 0.103083
368.801 0.0383047 0.153219 -9.69109 0.524028 0.107677 9.95533 0.00274889 -0.0583376 0.102167
368.817 -0.0766094 0.229828 -9.76769 0.506082 0.12682 9.96969 -0.00152716 -0.0580322 0.0841467
368.833 -0.0383047 0.191523 -9.65278 0.502493 0.12323 9.94098 -0.00381791 -0.0569632 0.0464257
368.849 0.0766094 0.191523 -9.53786 0.480957 0.210568 9.88235 -0.00778853 -0.0566577 0.0253509
368.866 0.114914 0.306437 -9.49956 0.441475 0.162712 9.86082 -0.0171042 -0.0508545 -0.0222966
368.882 0.114914 0.0383047 -9.65278 0.434297 0.185444 9.87039 -0.0271835 -0.0494801 -0.0520762
368.899 0.153219 -0.0383047 -9.806 0.397208 0.087338 9.95773 -0.0355829 -0.0423024 -0.0536034
368.915 0.0766094 -0.114914 -9.8443 0.319442 -0.0514457 9.95892 -0.0352775 -0.0493274 -0.0308487
368.932 0.191523 0.0 -9.61448 0.337388 -0.0239282 9.95773 -0.0314596 -0.0485638 0.0418443
368.949 0.229828 0.0383047 -9.8443 0.327816 -0.0275174 9.90509 -0.0287107 -0.0493274 0.0846048
368.964 0.191523 -0.114914 -9.72939 0.318245 -0.131605 9.95414 -0.02474 -0.0496328 0.152564
368.98 0.268133 -0.153219 -9.69109 0.325424 -0.0957129 9.94218 -0.0238237 -0.0484111 0.184176
368.996 0.344742 -0.0383047 -10.0741 0.324227 -0.0287139 10.0223 -0.0250455 -0.0471893 0.183565
369.013 0.268133 0.114914 -9.8443 0.278764 -0.00957129 10.0164 -0.0267254 -0.0494801 0.142484
369.03 0.383047 0.0383047 -9.76769 0.25005 -0.0299103 9.99721 -0.0270308 -0.0610865 0.0794125
369.046 0.268133 -0.0383047 -9.65278 0.232104 -0.0562313 9.96132 -0.0280998 -0.0587958 0.0519235
369.063 0.268133 0.0 -9.72939 0.224925 -0.0598205 9.8668 -0.0265726 -0.0629191 -0.0018326
369.079 0.306437 0.0766094 -9.53786 0.262014 -0.0239282 9.82732 -0.021533 -0.0690278 -0.0503964
369.096 0.344742 0.0383047 -9.76769 0.265603 -0.0179462 9.88116 -0.0198531 -0.0762054 -0.0659734
369.112 0.229828 -0.0766094 -9.95922 0.246461 -0.026321 9.96849 -0.0201585 -0.0795652 -0.0600175
369.128 0.268133 0.0 -9.53786 0.228514 -0.0945165 9.96251 -0.0197004 -0.0847575 -0.0403171
369.146 0.306437 -0.114914 -9.65278 0.234497 -0.122034 9.94696 -0.0167988 -0.0832304 -0.00931569
369.161 0.421352 -0.229828 -9.26973 0.259621 -0.0849452 9.94696 -0.0169515 -0.0789543 0.0135917
369.177 0.268133 -0.0383047 -9.61448 0.289531 -0.0813559 9.90269 -0.0142026 -0.083994 0.0626137
369.194 0.306437 -0.114914 -9.61448 0.287139 -0.0945165 9.91824 -0.0164934 -0.0803288 0.108429
369.21 0.153219 -0.153219 -9.8443 0.319442 -0.151944 9.9326 -0.0152716 -0.0844521 0.116523
369.227 0.229828 0.0 -9.76769 0.291924 -0.122034 10.0068 -0.0157298 -0.076969 0.120799
369.243 0.306437 -0.0766094 -9.69109 0.318245 -0.0885344 9.98405 -0.0125227 -0.0827722 0.117286
369.26 0.191523 -0.0383047 -9.72939 0.318245 -0.0981057 9.94696 -0.0117592 -0.0792598 0.115301
369.277 0.229828 0.0 -9.65278 0.325424 -0.142373 9.93739 -0.00931569 -0.0821613 0.0905607
369.293 0.153219 -0.114914 -9.57617 0.305085 -0.141176 9.9326 -0.0056505 -0.0801761 0.0499382
369.31 0.229828 -0.153219 -9.38465 0.259621 -0.168694 9.92423 -0.00167988 -0.0846048 0.013439
369.326 0.268133 -0.191523 -9.69109 0.232104 -0.153141 9.91705 0.00106901 -0.0829249 0.00213803
369.343 0.344742 -0.0766094 -9.69109 0.276371 -0.0753739 9.9314 0.0120646 -0.0910189 -0.0018326
369.36 0.114914 0.0 -10.0358 0.26321 -0.0275174 9.94696 0.0120646 -0.0922406 0.0154243
369.376 0.306437 -0.0383047 -9.806 0.253639 -0.026321 9.93859 0.0131336 -0.0962113 0.0230602
369.393 0.229828 0.0383047 -9.69109 0.258425 -0.0418744 9.9326 0.0137445 -0.0966694 0.0464257
369.409 0.306437 -0.0766094 -9.806 0.251246 -0.0358923 9.90868 0.011301 -0.0954477 0.0546724
369.426 0.229828 0.0383047 -9.69109 0.253639 -0.0287139 9.87637 0.0056505 -0.0913243 0.0453567
369.443 0.383047 0.0383047 -9.99752 0.259621 -0.0251246 9.88475 0.0018326 -0.0933096 0.0363465
369.459 0.229828 0.153219 -9.88261 0.2333 -0.0215354 9.95653 -0.0018326 -0.0960585 0.0163406
369.476 0.268133 0.0383047 -9.806 0.239282 -0.00358923 9.94337 -0.00122173 -0.100487 -0.00198531
369.492 0.114914 0.0766094 -9.57617 0.271585 0.0191426 9.93859 -0.00274889 -0.0991129 -0.00305432
369.509 0.268133 0.0 -9.69109 0.29671 0.066999 9.93739 -0.00519235 -0.0945314 0.011301
369.526 0.191523 0.191523 -9.72939 0.318245 0.0801595 9.98166 -0.00595593 -0.105985 0.054367
369.541 0.153219 0.0383047 -9.72939 0.318245 0.061017 9.98285 -0.00885754 -0.104 0.0777326
369.558 0.0766094 0.0766094 -9.72939 0.338584 0.0107677 9.9649 -0.0142026 -0.10797 0.112094
369.575 0.191523 0.114914 -9.69109 0.339781 -0.00837488 9.91705 -0.020464 -0.0977384 0.125838
369.59 0.383047 -0.0383047 -9.65278 0.348156 -0.020339 9.91824 -0.0181732 -0.105222 0.123242
369.607 0.191523 0.0383047 -9.65278 0.334995 -0.0311067 9.89193 -0.0227547 -0.105832 0.106443
369.622 0.306437 -0.0383047 -9.76769 0.340977 -0.105284 9.94337 -0.02474 -0.101556 0.0668897
369.639 0.229828 -0.114914 -9.69109 0.344566 -0.143569 9.95773 -0.0210748 -0.104611 0.0392481
369.656 0.0766094 -0.0383047 -9.69109 0.321834 -0.129212 9.97567 -0.0175624 -0.101251 -0.000763581
369.672 0.306437 -0.0383047 -9.53786 0.307478 -0.0490528 9.93619 -0.0180205 -0.102167 -0.00427606
369.689 0.344742 0.0 -9.38465 0.312263 -0.040678 9.93859 -0.0171042 -0.104916 0.0190895
369.705 0.153219 0.0 -9.72939 0.350548 -0.0442672 9.93978 -0.0157298 -0.10797 0.0299324
369.722 0.191523 0.0383047 -9.69109 0.374477 -0.0705882 9.87877 -0.0142026 -0.106901 0.0592539
369.739 0.0383047 -0.0766094 -9.61448 0.39003 -0.087338 9.89791 -0.0167988 -0.102473 0.0829249
369.755 0.114914 -0.191523 -9.57617 0.369691 -0.143569 9.9003 -0.0187841 -0.0956004 0.0942259
369.772 0.191523 0.0383047 -9.65278 0.384048 -0.12323 9.93978 -0.013439 -0.0992656 0.0965167
369.787 0.344742 0.0 -9.8443 0.376869 -0.0502493 9.97328 -0.0184787 -0.0917825 0.0870483
369.804 0.191523 -0.153219 -9.95922 0.330209 -0.0334995 9.98524 -0.0172569 -0.0930042 0.0723875
369.821 0.344742 0.0766094 -9.72939 0.297906 -0.020339 9.93619 -0.0200058 -0.0899499 0.0361938
369.837 0.268133 0.0 -9.72939 0.183051 -0.0275174 9.89911 -0.021533 -0.100182 -0.0285579
369.854 0.306437 0.0 -9.76769 0.162712 -0.0574277 9.9661 -0.0256563 -0.106596 -0.087201
369.87 0.344742 -0.114914 -9.99752 0.252443 -0.0849452 10.0905 -0.0244346 -0.108581 -0.0916298
369.887 0.268133 -0.153219 -9.23143 0.264407 -0.111266 9.99242 -0.0209221 -0.12034 -0.0783434
369.904 0.268133 -0.0383047 -9.53786 0.294317 -0.153141 9.86201 -0.0183259 -0.121562 -0.0526871
369.92 0.191523 -0.191523 -9.61448 0.294317 -0.16989 9.83569 -0.0152716 -0.123547 -0.0427606
369.937 0.153219 -0.153219 -9.46126 0.329013 -0.191426 9.85364 -0.0140499 -0.123395 -0.0119119
369.953 0.114914 -0.0766094 -9.57617 0.400798 -0.184247 10.0056 -0.0120646 -0.124464 0.0429133
369.97 0.191523 -0.191523 -9.76769 0.431904 -0.183051 10.0439 -0.00870483 -0.125227 0.0943787
369.987 0.0766094 -0.153219 -9.76769 0.447458 -0.192622 9.98166 -0.00641408 -0.112705 0.110872
370.003 0.153219 -0.114914 -9.8443 0.498903 -0.191426 9.92184 -0.00381791 -0.108581 0.119424
370.02 -0.0383047 -0.153219 -9.57617 0.51326 -0.187837 9.88235 0.00320704 -0.112705 0.113774
370.036 0.0 -0.153219 -9.69109 0.514457 -0.206979 9.85484 0.00412334 -0.105985 0.107054
370.053 -0.0766094 -0.0383047 -9.65278 0.503689 -0.226122 9.85603 0.0106901 -0.102931 0.0815505
370.07 0.153219 -0.229828 -9.806 0.485743 -0.215354 9.92303 0.0201585 -0.0942259 0.0476475
370.086 -0.0766094 -0.153219 -9.76769 0.498903 -0.196211 9.98046 0.0224493 -0.0926988 0.0285579
370.104 0.153219 0.0383047 -9.95922 0.480957 -0.0442672 9.99601 0.0255036 -0.0917825 -0.00580322
370.12 0.114914 0.0 -9.69109 0.435494 -0.0346959 9.94815 0.0277944 -0.0945314 -0.0563523
370.137 0.153219 0.0 -9.72939 0.461814 -0.0442672 9.94218 0.0267254 -0.0940732 -0.104763
370.154 0.114914 0.0766094 -9.61448 0.484546 -0.0239282 9.89791 0.0253509 -0.0896445 -0.109192
370.17 0.0 0.0 -9.95922 0.507278 -0.00598205 9.90269 0.021533 -0.0875064 -0.0957531
370.187 0.0383047 -0.0383047 -9.8443 0.468993 -0.0299103 9.99721 0.0219911 -0.0865901 -0.0433714
370.203 0.0383047 -0.0766094 -9.76769 0.460618 -0.0346959 10.0259 0.0222966 -0.0856738 0.00244346
370.22 -0.0766094 -0.0383047 -9.806 0.512064 -0.0454636 9.98644 0.0224493 -0.0717766 0.118966
370.237 0.0766094 0.0766094 -9.806 0.528814 -0.0251246 9.87039 0.0239765 -0.0691805 0.223271
370.253 0.0 0.0383047 -9.72939 0.515653 -0.0239282 9.83569 0.0235183 -0.0612392 0.277333
370.27 0.153219 -0.0766094 -9.53786 0.490529 -0.026321 9.83689 0.0239765 -0.0603229 0.279471
370.286 0.0766094 -0.0383047 -9.69109 0.479761 -0.0287139 9.90269 0.0209221 -0.0561996 0.23335
370.303 0.153219 -0.0383047 -9.69109 0.441475 -0.0239282 9.96371 0.021533 -0.0526871 0.147066
370.32 0.229828 0.0766094 -9.38465 0.398405 -0.0107677 9.96132 0.0155771 -0.0461203 0.104305
370.336 0.229828 0.153219 -9.65278 0.339781 0.00598205 9.94696 0.0132863 -0.0485638 0.0308487
370.353 0.191523 -0.114914 -9.806 0.337388 0.00717846 9.92423 0.0122173 -0.0529926 -0.000763581
370.369 0.306437 -0.0766094 -9.72939 0.32662 0.0143569 9.92901 0.00885754 -0.0529926 0.00946841
370.386 0.306437 0.0383047 -9.806 0.29671 -0.0155533 9.95414 0.01237 -0.0574213 0.0164934
370.403 0.306437 0.0766094 -9.76769 0.259621 -0.0131605 9.91107 0.00855211 -0.0551306 0.0439823
370.419 0.383047 0.0383047 -9.76769 0.291924 0.0191426 9.92543 0.0105374 -0.0592539 0.057574
370.436 0.268133 0.0766094 -9.72939 0.284746 0.0370887 9.92184 0.0116064 -0.0627664 0.0612392
370.452 0.191523 0.114914 -9.76769 0.306281 0.102891 9.95892 0.00641408 -0.0652099 0.0471893
370.469 0.344742 0.153219 -9.8443 0.314656 0.113659 10.0116 -0.000763581 -0.0644463 0.0132863
370.486 0.191523 0.0383047 -9.8443 0.300299 0.122034 9.99841 -0.00519235 -0.0653626 0.00122173
370.502 0.191523 0.0766094 -9.76769 0.289531 0.0813559 9.96132 -0.00733038 -0.0707076 0.00458149
370.519 0.153219 0.0383047 -9.61448 0.242871 0.0299103 9.91466 -0.0105374 -0.0713185 0.0332921
370.535 0.268133 0.0766094 -9.57617 0.236889 0.00358923 9.91824 -0.0184787 -0.0719294 0.0639881
370.552 0.306437 -0.0383047 -9.72939 0.262014 -0.0251246 9.88714 -0.0195477 -0.0682642 0.0711658
370.569 0.0766094 -0.114914 -9.69109 0.294317 -0.0346959 9.91227 -0.0177151 -0.0733038 0.0713185
370.585 0.153219 0.0766094 -9.72939 0.312263 -0.0251246 9.89312 -0.0198531 -0.0693332 0.0655153
370.602 0.229828 0.0383047 -9.72939 0.327816 -0.0239282 9.9003 -0.020464 -0.0696386 0.0650571
370.618 0.229828 0.0 -9.72939 0.344566 -0.0239282 9.92184 -0.0219911 -0.0592539 0.0682642
370.635 0.268133 0.0766094 -9.65278 0.327816 -0.0251246 9.92782 -0.0184787 -0.06353 0.0592539
370.652 0.344742 0.114914 -9.26973 0.311067 -0.0251246 9.93739 -0.0167988 -0.0647517 0.0340557
370.668 0.344742 -0.0766094 -9.46126 0.351745 -0.124427 9.94815 -0.00962113 -0.0740674 0.0128282
370.685 0.229828 0.0383047 -9.69109 0.307478 -0.0514457 9.95294 -0.00641408 -0.0705549 -0.0172569
370.701 0.114914 0.0383047 -9.65278 0.253639 -0.0239282 9.9314 -0.00580322 -0.0642935 -0.00977384
370.718 0.229828 0.0383047 -9.57617 0.235693 -0.0251246 9.93499 -0.00320704 -0.066737 0.00274889
370.735 0.306437 0.114914 -10.1507 0.229711 -0.0155533 9.9314 -0.00763582 -0.0638354 0.0346666
370.751 0.344742 -0.0766094 -9.92091 0.224925 -0.0143569 9.9673 -0.00549779 -0.0700968 0.0610865
370.768 0.344742 0.0 -9.806 0.230907 -0.00598205 9.98166 -0.00931569 -0.0693332 0.0823141
370.784 0.344742 0.153219 -9.69109 0.185444 0.0191426 9.94696 -0.0125227 -0.0676533 0.0876591
370.801 0.421352 0.0766094 -9.88261 0.191426 0.0287139 9.89432 -0.0160352 -0.068875 0.0781907
370.818 0.383047 0.229828 -9.95922 0.179462 0.026321 9.90628 -0.0174097 -0.076969 0.0531453
370.834 0.383047 0.0383047 -9.72939 0.187837 0.0346959 9.93619 -0.0201585 -0.0739146 0.0423024
370.851 0.344742 0.0 -9.61448 0.198604 0.0179462 9.94098 -0.0210748 -0.0815505 0.0210748
370.867 0.229828 0.0766094 -9.69109 0.235693 0.026321 9.91824 -0.0277944 -0.0788016 0.0117592
370.884 0.268133 0.0383047 -9.76769 0.230907 0.0143569 9.9338 -0.0323759 -0.0777326 0.00534507
370.901 0.229828 -0.0383047 -9.76769 0.204586 -0.0239282 9.94337 -0.0335976 -0.0778853 0.00870483
370.917 0.344742 -0.0383047 -9.8443 0.209372 -0.0311067 9.95892 -0.031765 -0.0824668 0.0276416
370.934 0.191523 0.0 -9.72939 0.191426 -0.0502493 9.92184 -0.0305433 -0.0821613 0.0616974
370.95 0.459656 0.0 -9.69109 0.226122 -0.0358923 9.91944 -0.0316123 -0.0836885 0.0742201
370.968 0.191523 -0.0383047 -9.38465 0.267996 -0.0574277 9.92662 -0.0248928 -0.0894917 0.076969
370.985 0.344742 -0.0766094 -9.65278 0.285942 -0.0825523 9.94218 -0.0285579 -0.0849102 0.0707076
371.001 0.268133 -0.0766094 -9.61448 0.264407 -0.0825523 9.93739 -0.0294742 -0.0813978 0.0615447
371.018 0.268133 -0.0766094 -9.65278 0.222532 -0.116052 9.94576 -0.0256563 -0.0826195 0.0581849
371.034 0.153219 -0.0383047 -9.8443 0.191426 -0.122034 9.96371 -0.0242819 -0.0797179 0.0618501
371.051 0.306437 0.0 -9.72939 0.199801 -0.106481 9.97926 -0.0232129 -0.0836885 0.056505
371.068 0.344742 -0.0383047 -9.806 0.212961 -0.0885344 9.97687 -0.0209221 -0.0879646 0.0529926
371.084 0.383047 -0.114914 -9.61448 0.214158 -0.106481 9.94815 -0.0183259 -0.08827 0.0427606
371.101 0.229828 -0.0766094 -9.8443 0.218943 -0.11007 9.89791 -0.0180205 -0.0891863 0.0221439
371.117 0.268133 -0.153219 -9.53786 0.180658 -0.131605 9.88953 -0.0203113 -0.0838412 0.0132863
371.134 0.268133 -0.114914 -9.72939 0.228514 -0.0861416 9.93859 -0.0201585 -0.087201 0.00702495
371.151 0.344742 -0.0766094 -9.61448 0.229711 -0.0586241 9.9649 -0.0171042 -0.0901026 0.0300851
371.167 0.268133 -0.114914 -10.0741 0.197408 -0.0717846 9.9661 -0.0174097 -0.0842994 0.0627664
371.184 0.306437 -0.0383047 -9.95922 0.205783 -0.0909272 9.95055 -0.0142026 -0.0905607 0.0739146
371.2 0.306437 -0.0766094 -9.65278 0.174676 -0.112463 9.91585 -0.0151189 -0.0930042 0.0873537
371.217 0.306437 -0.191523 -9.76769 0.161515 -0.12682 9.93021 -0.0164934 -0.0911716 0.0879646
371.234 0.268133 -0.153219 -9.53786 0.155533 -0.130409 9.9338 -0.0172569 -0.091477 0.0827722
371.25 0.383047 -0.0766094 -9.46126 0.187837 -0.132802 9.9326 -0.0143553 -0.0968221 0.0563523
371.267 0.229828 -0.191523 -9.72939 0.212961 -0.163908 9.96132 -0.013439 -0.0986547 0.0167988
371.283 0.229828 -0.229828 -9.72939 0.197408 -0.198604 9.97687 -0.0126754 -0.0971275 -0.01237
371.3 0.383047 -0.229828 -9.61448 0.217747 -0.244068 9.94457 -0.00824668 -0.10232 -0.0183259
371.316 0.383047 -0.191523 -9.57617 0.228514 -0.209372 9.9015 -0.00549779 -0.0959058 -0.0125227
371.332 0.268133 -0.114914 -9.65278 0.236889 -0.18664 9.92184 -0.00229074 -0.0965167 0.00274889
371.349 0.153219 -0.0766094 -9.88261 0.287139 -0.117248 9.92303 -0.00213803 -0.0965167 0.0116064
371.366 0.421352 0.0 -9.57617 0.256032 -0.0454636 9.97448 0.00229074 -0.0931569 0.0448986
371.382 0.306437 -0.0383047 -9.69109 0.202193 -0.0382852 9.99242 0.00259618 -0.0939205 0.0849102
371.398 0.421352 0.0 -9.76769 0.200997 -0.0370887 9.99841 0.00122173 -0.0945314 0.099571
371.412 0.344742 -0.0766094 -9.8443 0.230907 -0.0526421 9.94576 0.00152716 -0.096364 0.102167
371.428 0.268133 0.191523 -9.69109 0.215354 -0.061017 9.92423 0.00229074 -0.098502 0.0951423
371.444 0.383047 -0.0383047 -9.69109 0.198604 -0.04666 9.88475 -0.00137445 -0.0949895 0.0745255
371.459 0.383047 0.0 -9.46126 0.184247 -0.0454636 9.89791 0.000763581 -0.102473 0.0455095
371.474 0.421352 -0.0383047 -9.72939 0.200997 -0.0729811 9.94815 0.000916298 -0.105832 0.0372628
371.489 0.421352 -0.0766094 -9.88261 0.224925 -0.0945165 10.0283 -0.00290161 -0.105069 0.0267254
371.504 0.344742 -0.153219 -9.65278 0.209372 -0.0921237 10.0175 -0.00305432 -0.107512 0.0242819
371.52 0.229828 -0.0383047 -9.42295 0.224925 -0.087338 9.90509 -0.00167988 -0.108887 0.0305433
371.535 0.268133 -0.0383047 -9.69109 0.227318 -0.0837488 9.88116 -0.00244346 -0.107818 0.0406225
372.131 0.229828 0.0766094 -9.8443 0.18664 0.0299103 9.96849 0.0103847 -0.096364 0.0287107
372.147 0.268133 0.0383047 -9.806 0.190229 0.0681954 9.99721 0.00778853 -0.0946841 0.0255036
372.163 0.268133 0.191523 -9.65278 0.228514 0.0478564 10.0116 0.00381791 -0.099571 0.0326813
372.179 0.306437 0.0383047 -9.61448 0.239282 -0.0131605 9.97208 -0.00152716 -0.104153 0.043066
372.195 0.268133 0.0766094 -9.57617 0.265603 -0.0239282 9.92064 0.000152716 -0.108887 0.0484111
372.211 0.268133 -0.0766094 -9.57617 0.260818 -0.0167498 9.86321 0.00137445 -0.105069 0.0597121
372.228 0.268133 0.114914 -9.57617 0.294317 0.00837488 9.87039 -0.00198531 -0.102473 0.0658207
372.244 0.229828 0.0766094 -9.72939 0.303888 -0.0299103 9.88714 -0.00412334 -0.104916 0.0615447
372.261 0.268133 0.114914 -9.95922 0.330209 -0.0418744 9.97926 -0.000763581 -0.110872 0.0331394
372.278 0.229828 0.114914 -9.806 0.351745 -0.0191426 10.0175 -0.000916298 -0.104763 0.0140499
372.294 0.268133 0.0 -9.69109 0.35653 -0.0239282 9.99362 0.000610865 -0.103694 0.0116064
372.311 0.114914 -0.0383047 -9.72939 0.34337 -0.0131605 9.89193 -0.000610865 -0.100029 0.0198531
372.327 0.0 0.0 -9.57617 0.302692 -0.0646062 9.8656 0.00244346 -0.106138 0.0447459
372.344 0.306437 -0.0766094 -9.69109 0.295514 -0.0622134 9.91944 0.00198531 -0.103542 0.0749837
372.361 0.191523 0.114914 -9.806 0.297906 -0.0562313 9.91705 0.00305432 -0.099571 0.0803288
372.377 0.268133 0.0766094 -9.76769 0.287139 -0.0251246 9.95773 0.00458149 -0.10232 0.0745255
372.394 0.344742 0.153219 -9.806 0.297906 0.040678 10.0056 0.00626137 -0.102473 0.0621555
372.41 0.344742 0.114914 -9.8443 0.348156 0.0717846 9.9996 0.00412334 -0.105832 0.052229
372.426 0.268133 0.114914 -9.88261 0.349352 0.0957129 9.95533 -0.0056505 -0.101556 0.0319177
372.443 0.344742 0.229828 -9.806 0.381655 0.0765703 9.92184 -0.00885754 -0.110108 0.0148135
372.459 0.229828 -0.0383047 -9.61448 0.355334 0.0323031 9.88594 -0.0142026 -0.103847 0.0132863
372.476 0.229828 0.0 -9.65278 0.352941 -0.0119641 9.89671 -0.0135917 -0.106443 0.0187841
372.492 0.114914 0.153219 -9.95922 0.369691 0.0 9.89671 -0.0174097 -0.0954477 0.0423024
372.509 0.191523 -0.0383047 -9.88261 0.392423 0.0191426 9.91824 -0.0166461 -0.0986547 0.0503964
372.526 0.229828 0.153219 -9.65278 0.393619 0.0191426 9.94696 -0.0181732 -0.0962113 0.0474948
372.542 0.306437 0.0766094 -9.76769 0.396012 0.0215354 9.95533 -0.0227547 -0.0943787 0.0316123
372.559 0.114914 -0.0766094 -9.99752 0.404387 0.0 9.93499 -0.023671 -0.090408 0.0178678
372.575 0.0766094 0.0383047 -9.57617 0.416351 0.00717846 9.91227 -0.0229074 -0.0910189 0.0120646
372.592 0.0 -0.0383047 -9.65278 0.40678 -0.0227318 9.89911 -0.0241292 -0.0910189 0.00977384
372.609 0.191523 -0.0383047 -9.806 0.396012 -0.0251246 9.93859 -0.0285579 -0.0823141 0.0198531
372.624 0.153219 -0.153219 -10.0741 0.381655 -0.0239282 9.96132 -0.0245873 -0.0827722 0.0375682
372.641 0.306437 0.114914 -9.76769 0.370887 -0.026321 9.94098 -0.0235183 -0.0826195 0.0513127
372.658 0.268133 0.0383047 -9.76769 0.363709 -0.0287139 9.92901 -0.025809 -0.0772744 0.0694859
372.674 0.344742 -0.0766094 -9.806 0.366102 -0.0538385 9.92184 -0.0221439 -0.0868956 0.062461
372.691 0.0766094 -0.191523 -10.0358 0.337388 -0.0658026 9.9015 -0.0245873 -0.0820086 0.0525344
372.707 0.191523 -0.0383047 -9.76769 0.351745 -0.0658026 9.91824 -0.0207694 -0.0803288 0.03711
372.724 0.229828 0.0766094 -9.76769 0.35653 -0.0311067 9.9649 -0.0183259 -0.0784962 0.0198531
372.741 0.0 0.153219 -9.76769 0.375673 -0.0239282 9.96969 -0.0161879 -0.0824668 0.0105374
372.757 0.191523 0.0 -9.69109 0.349352 -0.020339 9.9673 -0.0201585 -0.0823141 0.00488692
372.774 0.0766094 0.0383047 -9.76769 0.339781 -0.0311067 9.89911 -0.0232129 -0.0807869 0.00962113
372.79 0.0766094 -0.0766094 -9.65278 0.338584 -0.040678 9.87757 -0.0203113 -0.0772744 0.0232129
372.806 0.229828 0.0766094 -9.88261 0.364905 -0.0693918 9.92064 -0.0230602 -0.0723875 0.0271835
372.823 0.0766094 0.0 -9.65278 0.374477 -0.0849452 9.9661 -0.025809 -0.0722348 0.0322231
372.839 0.114914 -0.191523 -9.61448 0.374477 -0.0897308 9.98285 -0.0242819 -0.0731511 0.0268781
372.856 0.153219 0.0383047 -9.49956 0.366102 -0.0981057 9.94457 -0.0206167 -0.0720821 0.0210748
372.872 0.114914 -0.114914 -9.61448 0.36012 -0.113659 9.91466 -0.0241292 -0.0653626 0.0149662
372.889 0.306437 -0.114914 -9.53786 0.36012 -0.12323 9.89791 -0.0213803 -0.0615447 0.0105374
372.906 0.229828 -0.0766094 -9.76769 0.368495 -0.122034 9.91107 -0.0189368 -0.0639881 0.00992656
372.922 0.153219 -0.191523 -9.99752 0.344566 -0.160319 9.92901 -0.0183259 -0.054367 0.019395
372.939 0.268133 -0.153219 -9.65278 0.319442 -0.171087 9.93739 -0.0114537 -0.0595593 0.0242819
372.955 0.0766094 -0.0383047 -9.72939 0.312263 -0.0969093 9.93739 -0.00442877 -0.0623082 0.0303905
372.972 0.191523 -0.114914 -9.57617 0.294317 -0.135194 9.96969 -0.00167988 -0.064599 0.0323759
372.989 0.383047 -0.0766094 -9.34634 0.276371 -0.147159 9.95773 -0.000916298 -0.0598648 0.032834
373.005 0.306437 -0.153219 -9.65278 0.267996 -0.129212 9.94218 0.00244346 -0.0610865 0.0354302
373.021 0.344742 -0.0766094 -9.806 0.235693 0.00837488 9.86321 -0.00106901 -0.056505 0.0366519
373.037 0.191523 -0.191523 -9.57617 0.218943 -0.118445 9.91346 0.00290161 -0.0642935 0.0397062
373.054 0.229828 -0.114914 -9.57617 0.215354 -0.137587 9.95533 0.00290161 -0.0587958 0.0340557
373.072 0.268133 -0.0766094 -9.806 0.197408 -0.145962 9.97567 0.00763582 -0.0673479 0.0242819
373.087 0.153219 0.114914 -9.806 0.168694 -0.0777667 9.96849 0.0103847 -0.0662789 0.0282525
373.104 0.268133 -0.0383047 -9.95922 0.145962 -0.0215354 9.93739 0.00901026 -0.0720821 0.0478002
373.12 0.344742 0.0766094 -9.61448 0.122034 -0.0239282 9.91705 0.0065668 -0.079107 0.064599
373.137 0.306437 0.114914 -9.61448 0.119641 -0.0107677 9.90389 0.00213803 -0.0725402 0.0711658
373.154 0.383047 0.114914 -9.76769 0.137587 0.0598205 9.93978 0.00167988 -0.0838412 0.0702495
373.17 0.229828 -0.0383047 -9.61448 0.165105 0.150748 9.9661 -0.00488692 -0.0864374 0.0711658
373.187 0.344742 0.191523 -9.65278 0.159123 0.131605 9.94696 -0.0116064 -0.0868956 0.0690278
373.203 0.306437 0.114914 -9.69109 0.112463 0.0131605 9.95773 -0.0218384 -0.0940732 0.0616974
373.22 0.306437 0.114914 -9.806 0.12323 0.00837488 9.93619 -0.0274889 -0.0951423 0.0616974
373.236 0.344742 0.0 -9.69109 0.125623 -0.0418744 9.93499 -0.0274889 -0.101709 0.0632245
373.252 0.306437 0.0766094 -9.76769 0.128016 -0.026321 9.91227 -0.0291688 -0.106901 0.062461
373.268 0.459656 0.0766094 -9.76769 0.168694 0.0179462 9.94815 -0.03711 -0.104305 0.0577268
373.283 0.229828 0.0383047 -9.72939 0.204586 0.020339 9.97448 -0.0380264 -0.110414 0.0500909
373.3 0.229828 0.0766094 -9.72939 0.20339 0.0394815 9.96371 -0.0442877 -0.114079 0.0369573
373.317 0.268133 0.0766094 -9.88261 0.218943 0.0586241 9.9661 -0.0513127 -0.116217 0.0323759
373.333 0.268133 0.114914 -9.806 0.244068 0.0370887 9.96012 -0.0519235 -0.11973 0.0332921
373.349 0.306437 -0.0766094 -9.88261 0.229711 -0.0251246 9.90628 -0.0586431 -0.120188 0.0439823
373.365 0.153219 -0.0766094 -9.8443 0.245264 -0.0382852 9.90987 -0.0644463 -0.115759 0.062461
373.381 0.344742 -0.0383047 -9.49956 0.257228 -0.0693918 9.89791 -0.065668 -0.118355 0.067806
373.397 0.306437 -0.0766094 -9.61448 0.26321 -0.112463 9.94935 -0.0664316 -0.120493 0.0671951
373.413 0.153219 -0.153219 -9.72939 0.273978 -0.141176 9.97328 -0.0722348 -0.119271 0.0609338
373.429 0.268133 -0.153219 -9.65278 0.297906 -0.209372 9.94696 -0.0739146 -0.111636 0.0580322
373.445 0.114914 -0.153219 -9.53786 0.311067 -0.2668 9.97328 -0.0668897 -0.118661 0.0545197
373.461 0.268133 -0.306437 -9.806 0.314656 -0.300299 9.9673 -0.0604756 -0.116217 0.0649044
373.478 0.191523 -0.268133 -9.57617 0.319442 -0.299103 9.93859 -0.0563523 -0.118355 0.0713185
373.494 0.344742 -0.229828 -9.53786 0.315852 -0.303888 9.89791 -0.0513127 -0.119424 0.0887282
373.511 0.229828 -0.191523 -9.69109 0.329013 -0.289531 9.90868 -0.0481056 -0.114079 0.0966694
373.528 0.191523 -0.229828 -9.38465 0.303888 -0.320638 9.91346 -0.044135 -0.118355 0.0949895
373.544 0.306437 -0.191523 -9.57617 0.287139 -0.342173 9.90628 -0.0389426 -0.117897 0.0846048
373.56 0.229828 -0.153219 -9.69109 0.344566 -0.346959 9.94098 -0.0374155 -0.112246 0.0620028
373.576 0.268133 -0.268133 -9.61448 0.354138 -0.339781 9.97328 -0.0354302 -0.110414 0.0455095
373.593 0.344742 -0.268133 -9.69109 0.345763 -0.339781 9.98285 -0.0305433 -0.11301 0.0197004
373.61 0.191523 -0.229828 -9.53786 0.346959 -0.358923 9.96849 -0.0270308 -0.114995 0.0201585
373.626 0.191523 -0.268133 -9.53786 0.364905 -0.376869 9.93739 -0.0187841 -0.112705 0.0424551
373.643 0.191523 -0.268133 -9.53786 0.391226 -0.364905 9.88116 -0.0140499 -0.113774 0.0540616
373.659 0.114914 -0.344742 -9.57617 0.392423 -0.35653 9.89671 -0.00458149 -0.113468 0.066737
373.676 0.114914 -0.344742 -9.72939 0.382851 -0.352941 9.97687 -0.00244346 -0.104305 0.0849102
373.693 0.0766094 -0.306437 -9.72939 0.375673 -0.344566 9.99003 0.00152716 -0.10797 0.0910189
373.709 0.153219 -0.306437 -9.76769 0.386441 -0.342173 9.97328 0.00855211 -0.109803 0.10064
373.726 0.0 -0.229828 -9.72939 0.411565 -0.325424 9.94337 0.0108429 -0.103083 0.0968221
373.742 0.0383047 -0.229828 -9.72939 0.412762 -0.297906 9.92064 0.0140499 -0.104916 0.0804815
373.759 0.0766094 -0.153219 -9.57617 0.428315 -0.254835 9.92064 0.019395 -0.102778 0.0696386
373.776 0.0383047 -0.191523 -9.69109 0.427119 -0.210568 9.93499 0.0197004 -0.103083 0.0529926
373.792 0.0766094 -0.0383047 -9.76769 0.433101 -0.185444 9.94218 0.0151189 -0.0959058 0.0403171
373.808 0.0766094 -0.153219 -9.42295 0.434297 -0.101695 9.97567 0.011301 -0.0931569 0.0302378
373.825 0.191523 0.0383047 -9.76769 0.470189 -0.0598205 9.94815 0.0117592 -0.096364 0.014508
373.841 0.229828 -0.0383047 -9.57617 0.477368 -0.0681954 9.90628 0.000458149 -0.0887282 0.0143553
373.858 -0.0383047 -0.114914 -9.57617 0.486939 -0.0957129 9.9015 -0.00274889 -0.0836885 0.0167988
373.874 0.0766094 -0.0766094 -9.53786 0.482154 -0.12682 9.91705 -0.00794125 -0.0810924 0.0181732
373.891 0.0766094 -0.114914 -9.61448 0.458225 -0.143569 9.9314 -0.0126754 -0.0707076 0.0299324
373.908 0.191523 -0.153219 -9.69109 0.45344 -0.144766 9.91944 -0.0146608 -0.0694859 0.0372628
373.924 0.0766094 -0.114914 -9.92091 0.399601 -0.174676 9.93619 -0.00962113 -0.0772744 0.0568105
373.941 0.0766094 -0.153219 -9.92091 0.37328 -0.214158 9.9338 -0.0152716 -0.0649044 0.0766636
373.957 0.191523 -0.191523 -9.57617 0.374477 -0.227318 9.92782 -0.0140499 -0.0665843 0.0685696
373.974 0.153219 -0.191523 -9.69109 0.339781 -0.247657 9.91585 -0.0151189 -0.0642935 0.0610865
373.99 0.191523 -0.153219 -9.61448 0.332602 -0.259621 9.95414 -0.0100793 -0.0682642 0.0378736
374.005 0.153219 -0.268133 -9.69109 0.317049 -0.252443 9.96371 -0.00794125 -0.068875 0.0187841
374.022 0.153219 -0.0766094 -9.8443 0.302692 -0.196211 9.97208 -0.00335976 -0.071624 0.0126754
374.038 0.344742 -0.57457 -9.57617 0.235693 -0.197408 9.94457 -0.00717767 -0.0704022 0.0186314
374.055 0.191523 -0.229828 -9.76769 0.264407 -0.128016 9.94935 -0.00839939 -0.0755945 0.041997
374.072 0.153219 0.0383047 -9.72939 0.291924 -0.0526421 9.95294 -0.0100793 -0.0781907 0.0510072
374.088 0.306437 -0.191523 -9.34634 0.267996 -0.11007 9.92662 -0.0157298 -0.0902553 0.0471893
374.104 0.268133 -0.153219 -9.69109 0.217747 -0.0622134 9.93739 -0.0244346 -0.0836885 0.0560469
374.12 0.344742 -0.153219 -9.38465 0.210568 -0.264407 9.97807 -0.0224493 -0.0923933 0.0542143
374.137 0.383047 -0.0383047 -9.49956 0.26321 -0.185444 9.93619 -0.0274889 -0.0878119 0.0548251
374.153 0.497961 -0.191523 -9.72939 0.198604 -0.165105 9.9649 -0.0303905 -0.0920879 0.0494801
374.169 0.229828 -0.191523 -9.8443 0.257228 -0.20339 9.98046 -0.031765 -0.095295 0.0500909
374.186 0.383047 -0.191523 -9.76769 0.251246 -0.212961 9.96849 -0.0319177 -0.101862 0.0513127
374.202 0.268133 -0.191523 -9.65278 0.258425 -0.308674 9.88355 -0.0368046 -0.0992656 0.0500909
374.219 0.191523 -0.306437 -9.57617 0.293121 -0.302692 9.87518 -0.0348193 -0.103847 0.0429133
374.236 0.191523 -0.306437 -9.65278 0.320638 -0.35653 9.90269 -0.0329867 -0.101709 0.0384845
374.252 0.229828 -0.344742 -9.42295 0.333799 -0.381655 9.9314 -0.0274889 -0.102625 0.0242819
374.269 0.191523 -0.229828 -9.69109 0.354138 -0.386441 9.94576 -0.0238237 -0.103847 0.0167988
374.285 0.153219 -0.268133 -9.72939 0.351745 -0.372084 9.96371 -0.0203113 -0.105832 0.0161879
374.302 0.306437 -0.191523 -9.72939 0.337388 -0.362513 9.9314 -0.0158825 -0.0992656 0.0262672
374.319 0.153219 -0.344742 -9.8443 0.32662 -0.367298 9.93499 -0.00885754 -0.100182 0.0348193
374.335 0.268133 -0.268133 -9.69109 0.324227 -0.368495 9.91346 -0.00412334 -0.102167 0.0447459
374.352 0.306437 -0.268133 -9.76769 0.301496 -0.386441 9.96012 0.000305433 -0.104 0.0488692
374.368 0.268133 -0.344742 -9.76769 0.300299 -0.363709 9.96012 0.00351247 -0.104305 0.0536034
374.385 0.191523 -0.344742 -9.92091 0.299103 -0.387637 9.97926 0.010232 -0.11133 0.0516181
374.401 0.191523 -0.191523 -9.806 0.301496 -0.410369 9.95055 0.00992656 -0.106291 0.0470366
374.416 0.306437 -0.344742 -9.69109 0.334995 -0.418744 9.94457 0.0183259 -0.110872 0.0250455
374.433 0.114914 -0.344742 -9.57617 0.354138 -0.427119 9.94935 0.0197004 -0.112857 0.00503964
374.45 0.114914 -0.229828 -9.76769 0.362513 -0.363709 9.94576 0.0264199 -0.111025 0.00351247
374.466 0.306437 -0.306437 -9.57617 0.35653 -0.318245 9.90269 0.0305433 -0.108734 0.0161879
374.483 0.191523 -0.153219 -9.61448 0.333799 -0.312263 9.91944 0.0386372 -0.114385 0.0429133
374.499 0.268133 -0.229828 -9.806 0.334995 -0.312263 9.91585 0.0413861 -0.112857 0.0566577
374.516 0.191523 -0.191523 -9.69109 0.357727 -0.293121 9.9673 0.0459676 -0.114995 0.0728457
374.533 0.153219 -0.191523 -9.46126 0.358923 -0.252443 9.96012 0.0481056 -0.114079 0.0743728
374.549 0.229828 -0.191523 -9.72939 0.345763 -0.234497 9.96371 0.0474948 -0.114843 0.0668897
374.566 0.153219 -0.0766094 -9.72939 0.358923 -0.162712 9.92064 0.0461203 -0.111177 0.0566577
374.582 0.153219 -0.0766094 -9.69109 0.374477 -0.0765703 9.90748 0.0470366 -0.123242 0.0439823
374.599 0.153219 -0.0383047 -9.61448 0.39003 -0.0382852 9.94457 0.0442877 -0.122937 0.0386372
374.616 0.191523 0.0383047 -9.76769 0.39003 -0.0179462 9.94576 0.0407752 -0.123242 0.0384845
374.632 0.229828 0.0766094 -9.69109 0.399601 -0.0239282 9.93499 0.032834 -0.124616 0.0427606
374.649 0.0766094 0.0383047 -9.88261 0.399601 -0.0239282 9.96251 0.0232129 -0.121715 0.056505
374.665 0.0766094 0.0 -9.92091 0.405583 -0.0143569 9.95414 0.020464 -0.122478 0.0649044
374.682 0.153219 -0.0766094 -9.92091 0.421137 -0.00478564 9.91824 0.011301 -0.123395 0.0778853
374.699 0.0766094 -0.0766094 -9.57617 0.455832 -0.0191426 9.92064 -0.00106901 -0.12034 0.0789543
374.715 -0.0383047 0.0766094 -9.76769 0.484546 0.0311067 9.9649 -0.00839939 -0.119577 0.0699441
374.732 -0.0383047 0.0766094 -9.72939 0.510867 0.0119641 9.94218 -0.0108429 -0.124006 0.0664316
374.748 0.0 -0.114914 -9.26973 0.521635 -0.0191426 9.92184 -0.0233656 -0.116217 0.0616974
374.765 0.0383047 -0.0383047 -9.69109 0.526421 -0.0418744 9.92901 -0.0293215 -0.114537 0.0539089
374.782 0.0766094 0.0383047 -9.806 0.544367 -0.0598205 9.93739 -0.0287107 -0.117897 0.0526871
374.805 -0.0383047 -0.114914 -9.806 0.605384 -0.101695 9.91944 -0.0395535 -0.105832 0.0545197
374.823 0.0 -0.191523 -9.49956 0.598205 -0.114855 9.93859 -0.0439823 -0.0957531 0.0510072
374.838 0.0 -0.153219 -9.65278 0.588634 -0.151944 9.91824 -0.0438296 -0.0936151 0.0447459
374.855 0.0383047 -0.0766094 -9.61448 0.573081 -0.18664 9.92184 -0.0438296 -0.0934624 0.03711
374.87 0.114914 -0.191523 -9.53786 0.59342 -0.199801 9.94218 -0.0482583 -0.0804815 0.0345139
374.887 -0.114914 -0.191523 -9.65278 0.581456 -0.205783 9.95414 -0.0502437 -0.074831 0.0361938
374.904 -0.0383047 -0.229828 -9.65278 0.591027 -0.192622 9.99123 -0.0478002 -0.0760527 0.0424551
374.92 -0.0383047 -0.191523 -9.69109 0.604187 -0.191426 9.99242 -0.0490219 -0.0685696 0.0615447
374.936 0.114914 -0.191523 -9.69109 0.611366 -0.183051 9.91107 -0.0485638 -0.0658207 0.0658207
374.952 -0.0383047 -0.153219 -9.69109 0.637687 -0.2333 9.82851 -0.0478002 -0.0578795 0.0739146
374.969 -0.114914 -0.191523 -9.65278 0.625723 -0.253639 9.8668 -0.0499382 -0.0485638 0.0671951
374.985 0.0383047 -0.344742 -9.65278 0.550349 -0.291924 9.92543 -0.0485638 -0.0471893 0.0584903
375.001 0.0766094 -0.229828 -9.38465 0.524028 -0.31346 10.0152 -0.0471893 -0.0400117 0.0323759
375.018 0.229828 -0.153219 -9.806 0.467797 -0.312263 10.008 -0.0467312 -0.0352775 0.000152716
375.034 0.191523 -0.229828 -9.806 0.455832 -0.308674 9.96969 -0.0442877 -0.0383318 -0.0151189
375.051 0.0766094 -0.344742 -9.53786 0.404387 -0.301496 9.87518 -0.0459676 -0.0320704 -0.0293215
375.068 0.0766094 -0.229828 -9.30804 0.374477 -0.337388 9.86321 -0.0415388 -0.0384845 -0.0209221
375.084 0.153219 -0.268133 -9.65278 0.333799 -0.348156 9.87637 -0.0416915 -0.033903 0.00763582
375.101 0.114914 -0.344742 -9.76769 0.312263 -0.372084 9.95294 -0.0332921 -0.0409279 0.0209221
375.117 0.191523 -0.268133 -9.65278 0.272782 -0.37328 9.98405 -0.0294742 -0.0404698 0.0427606
375.134 0.114914 -0.459656 -9.34634 0.269192 -0.376869 9.97208 -0.0253509 -0.0464257 0.0529926
375.151 0.306437 -0.306437 -9.30804 0.223729 -0.355334 9.96969 -0.0227547 -0.0497855 0.0537561
375.167 0.229828 -0.229828 -9.72939 0.252443 -0.321834 9.94218 -0.0241292 -0.0496328 0.0444404
375.184 0.268133 -0.268133 -9.61448 0.264407 -0.321834 9.9015 -0.0235183 -0.0516181 0.0244346
375.2 0.153219 -0.268133 -9.42295 0.256032 -0.321834 9.91346 -0.0219911 -0.0587958 0.0151189
375.217 0.689484 -0.306437 -9.53786 0.227318 -0.346959 9.96849 -0.0222966 -0.0604756 0.00778853
375.234 0.57457 -0.383047 -9.65278 -0.0323031 -0.43669 10.0175 -0.0187841 -0.0740674 -0.0479529
375.25 0.536266 -0.268133 -9.69109 -0.0239282 -0.435494 10.0068 -0.0146608 -0.0943787 -0.0997237
375.267 0.536266 -0.114914 -9.72939 -0.0598205 -0.269192 9.91705 -0.0146608 -0.106749 -0.111636
375.283 0.268133 -0.191523 -9.806 -0.0239282 -0.09332 9.85125 -0.0171042 -0.119577 -0.0517708
375.3 0.268133 -0.191523 -9.65278 0.166301 -0.205783 9.87278 -0.020464 -0.133474 0.0609338
375.317 0.306437 -0.306437 -9.46126 0.318245 -0.319442 9.82492 -0.0203113 -0.140652 0.130725
375.333 -0.0383047 -0.459656 -9.95922 0.464207 -0.51685 10.0092 -0.0142026 -0.136681 0.258243
375.35 0.114914 -0.191523 -9.88261 0.455832 -0.409173 10.185 -0.00335976 -0.131641 0.37049
375.366 0.191523 -0.268133 -9.8443 0.433101 -0.387637 10.1767 0.00152716 -0.130114 0.417068
375.383 0.229828 -0.191523 -9.69109 0.441475 -0.287139 9.98524 -0.00122173 -0.128434 0.393703
375.4 0.191523 -0.229828 -9.46126 0.43669 -0.358923 9.86441 -0.00549779 -0.128893 0.297644
375.416 0.0383047 -0.421352 -9.23143 0.451047 -0.556331 9.75673 -0.00733038 -0.122937 0.200058
375.433 0.0383047 -0.383047 -9.42295 0.485743 -0.573081 9.73878 -0.00488692 -0.115759 0.167072
375.45 0.0383047 -0.306437 -9.65278 0.619741 -0.448654 9.82732 0.00580322 -0.116217 0.121868
375.466 -0.229828 -0.153219 -9.8443 0.679561 -0.160319 9.94337 0.0117592 -0.105832 0.163254
375.483 -0.191523 -0.0383047 -10.1124 0.675972 -0.0454636 9.9649 0.0074831 -0.0911716 0.270613
375.499 -0.229828 0.114914 -9.88261 0.715454 -0.0227318 10.0463 -0.000763581 -0.0868956 0.316581
375.516 -0.191523 0.0 -9.88261 0.738185 -0.0681954 10.1408 -0.0148135 -0.071013 0.318566
375.533 -0.0766094 -0.114914 -9.76769 0.711864 -0.113659 10.1085 -0.0311541 -0.0558941 0.219911
375.549 -0.0383047 0.0383047 -9.806 0.595813 -0.154337 9.96371 -0.0375682 -0.0517708 0.174249
375.566 0.153219 -0.191523 -9.30804 0.482154 -0.197408 9.8321 -0.0484111 -0.0453567 0.101709
375.582 0.153219 -0.229828 -9.46126 0.388834 -0.299103 9.71725 -0.0528398 -0.0364992 0.0856738
375.599 0.229828 -0.306437 -9.49956 0.332602 -0.331406 9.75554 -0.0555887 -0.0354302 0.107207
375.616 0.344742 -0.306437 -9.72939 0.196211 -0.349352 9.89552 -0.0558941 -0.0325286 0.179442
375.632 0.191523 -0.268133 -9.76769 0.157926 -0.294317 10.0451 -0.0551306 -0.0438296 0.272446
375.649 0.306437 -0.268133 -9.88261 0.165105 -0.302692 10.0534 -0.0591012 -0.0481056 0.324827
375.665 0.383047 -0.191523 -9.72939 0.165105 -0.30987 10.0307 -0.0589485 -0.0539089 0.327118
375.682 0.459656 -0.191523 -10.0358 0.120837 -0.367298 9.98285 -0.0659734 -0.0595593 0.286496
375.698 0.421352 -0.344742 -9.61448 0.102891 -0.442672 9.90987 -0.0713185 -0.0649044 0.197309
