496.865 -0.383047 0.497961 -9.42295 0.94995 0.539581 9.68973 0.140194 -0.0458149 0.0981966
496.881 -0.344742 0.497961 -9.57617 0.989432 0.624527 9.80818 0.131183 -0.0397062 0.161726
496.898 -0.344742 0.536266 -9.65278 0.95354 0.626919 9.87877 0.11805 -0.0374155 0.171806
496.914 -0.268133 0.459656 -9.46126 0.876969 0.648455 10.0056 0.107818 -0.0325286 0.155007
496.931 -0.229828 0.65118 -9.69109 0.869791 0.6999 9.92184 0.0922406 -0.0314596 0.0907135
496.948 -0.229828 0.536266 -9.61448 0.893719 0.65324 9.8321 0.0801761 -0.036041 0.00610865
496.964 -0.0766094 0.57457 -9.49956 0.85663 0.540778 9.82971 0.0728457 -0.0387899 -0.0302378
496.981 -0.229828 0.459656 -9.72939 0.849452 0.43669 9.8333 0.0650571 -0.0400117 -0.095295
496.996 -0.191523 0.344742 -9.53786 0.818345 0.368495 9.87996 0.0620028 -0.0427606 -0.125533
497.013 -0.153219 0.383047 -9.92091 0.765703 0.350548 9.98405 0.0649044 -0.0491747 -0.126755
497.029 -0.191523 0.421352 -9.8443 0.721436 0.325424 10.0594 0.0720821 -0.0511599 -0.0981966
497.044 -0.229828 0.344742 -9.806 0.705882 0.295514 10.0152 0.0794125 -0.057574 -0.041997
497.061 -0.229828 0.268133 -9.49956 0.735793 0.300299 9.84526 0.0858265 -0.0644463 -0.0106901
497.076 -0.268133 0.306437 -9.72939 0.836291 0.265603 9.83569 0.0978911 -0.067806 0.0824668
497.093 -0.306437 0.268133 -9.806 0.900898 0.284746 9.96969 0.112246 -0.0668897 0.157298
497.11 -0.268133 0.497961 -9.806 0.893719 0.425922 9.95653 0.118355 -0.0652099 0.179136
497.126 -0.268133 0.65118 -9.8443 0.910469 0.616152 9.9338 0.120799 -0.0612392 0.16417
497.143 -0.344742 0.766094 -9.65278 0.977468 0.748953 9.83091 0.116981 -0.0569632 0.101404
497.159 -0.229828 0.727789 -9.53786 0.9667 0.765703 9.79023 0.110414 -0.0545197 0.0620028
497.176 -0.344742 0.881008 -9.49956 0.99661 0.863809 9.82373 0.0960585 -0.041997 -0.00702495
497.193 -0.268133 0.842703 -9.88261 1.00857 0.948754 9.8333 0.0833831 -0.0343612 -0.0432187
497.209 -0.383047 0.804398 -9.69109 1.00379 0.970289 9.85364 0.0694859 -0.0264199 -0.0461203
497.226 -0.268133 1.07253 -9.69109 0.997807 1.03968 9.91705 0.0603229 -0.0158825 -0.0397062
497.241 -0.383047 0.881008 -9.92091 0.95354 1.04327 9.92423 0.045204 -0.00916297 -0.0175624
497.257 -0.229828 0.804398 -9.69109 0.909272 1.01815 9.88594 0.0297797 -0.00397062 0.0178678
497.274 -0.306437 0.957617 -9.49956 0.933201 1.01575 9.80339 0.0229074 -0.00122173 0.0299324
497.29 -0.191523 0.957617 -9.95922 0.776471 1.01456 9.82492 0.00702495 0.00641408 0.0442877
497.307 0.153219 0.804398 -9.61448 0.544367 0.933201 9.94576 -0.00671952 0.00503964 0.0230602
497.325 0.153219 0.689484 -9.69109 0.471386 0.899701 9.97208 -0.0106901 -0.00167988 0.000610865
497.34 0.0766094 0.766094 -9.61448 0.382851 0.863809 9.96132 -0.0233656 -0.013439 -0.0432187
497.357 0.0766094 0.612875 -9.76769 0.340977 0.80997 9.89911 -0.0322231 -0.0218384 -0.0711658
497.373 0.191523 0.497961 -9.69109 0.302692 0.790828 9.86082 -0.0314596 -0.0348193 -0.056505
497.39 0.229828 0.612875 -9.57617 0.199801 0.762114 9.85364 -0.0325286 -0.053298 -0.0404698
497.407 0.268133 0.612875 -9.69109 0.189033 0.72981 9.92662 -0.0378736 -0.0691805 0.0355829
497.423 0.268133 0.689484 -9.72939 0.227318 0.738185 9.99123 -0.0361938 -0.0847575 0.104
497.44 0.229828 0.612875 -9.42295 0.297906 0.709472 10.0164 -0.03711 -0.0942259 0.119882
497.456 0.383047 0.65118 -9.61448 0.348156 0.685544 9.89193 -0.0372628 -0.10736 0.114537
497.473 0.153219 0.536266 -9.61448 0.424726 0.642473 9.78904 -0.0432187 -0.11973 0.0807869
497.49 0.153219 0.612875 -9.65278 0.455832 0.647258 9.80219 -0.0383318 -0.13271 0.0546724
497.506 0.0383047 0.536266 -9.806 0.495314 0.65683 9.92662 -0.0467312 -0.135917 0.00442877
497.522 -0.0383047 0.57457 -9.8443 0.577866 0.666401 10.0247 -0.047342 -0.146302 -0.0464257
497.538 0.0 0.497961 -10.0358 0.571884 0.667597 9.98644 -0.0484111 -0.148288 -0.06353
497.555 -0.114914 0.383047 -9.30804 0.624527 0.598205 9.84407 -0.0505491 -0.153174 -0.0711658
497.572 -0.0766094 0.536266 -9.53786 0.689133 0.507278 9.7986 -0.047342 -0.158825 -0.034972
497.588 -0.153219 0.459656 -9.65278 0.736989 0.470189 9.82492 -0.0415388 -0.156992 0.00839939
497.605 -0.268133 0.497961 -9.95922 0.788435 0.398405 9.92901 -0.0389426 -0.153938 0.0222966
497.621 -0.268133 0.383047 -9.88261 0.89013 0.361316 9.99482 -0.0276416 -0.149509 0.0206167
497.638 -0.344742 0.383047 -9.69109 0.924826 0.351745 9.94457 -0.0148135 -0.142484 0.0111483
497.655 -0.344742 0.306437 -9.61448 0.937986 0.34337 9.88235 -0.00671952 -0.138056 0.0180205
497.671 -0.344742 0.306437 -9.806 0.995414 0.378066 9.8321 0.00488692 -0.124769 0.0652099
497.688 -0.383047 0.421352 -9.49956 1.0014 0.43669 9.87877 0.0154243 -0.113468 0.0939205
497.704 -0.306437 0.497961 -9.76769 1.01456 0.488136 9.91824 0.0174097 -0.103389 0.091477
497.721 -0.268133 0.421352 -9.69109 1.02891 0.563509 9.9338 0.0253509 -0.101404 0.0783434
497.738 -0.459656 0.57457 -9.65278 1.04447 0.594616 9.87996 0.02474 -0.0936151 0.0448986
497.754 -0.459656 0.536266 -9.72939 1.04806 0.61017 9.83928 0.020464 -0.0762054 0.0192422
497.771 -0.536266 0.57457 -9.57617 1.08754 0.649651 9.82612 0.0212276 -0.0714712 0.0065668
497.787 -0.421352 0.612875 -9.61448 1.07797 0.708275 9.89193 0.0171042 -0.0583376 -0.0116064
497.803 -0.268133 0.727789 -9.76769 1.04566 0.787238 9.97089 0.0119119 -0.0436769 -0.0251982
497.82 -0.383047 0.689484 -9.65278 1.02173 0.795613 9.94815 0.00702495 -0.0395535 -0.0334449
497.837 -0.306437 0.689484 -9.57617 0.952343 0.811167 9.83091 -0.000763581 -0.02474 -0.0374155
497.853 -0.268133 0.65118 -9.57617 0.906879 0.775274 9.78904 -0.00671952 -0.0138972 -0.0151189
497.869 -0.191523 0.65118 -9.806 0.893719 0.757328 9.82492 -0.0106901 -0.00580322 0.0180205
497.886 -0.114914 0.689484 -9.806 0.765703 0.760917 9.94576 -0.0152716 -0.00290161 0.0302378
497.903 0.0 0.57457 -9.806 0.654437 0.711864 9.9673 -0.0213803 0.00290161 0.0392481
497.919 -0.114914 0.497961 -9.49956 0.638883 0.664008 9.94815 -0.0229074 0.00244346 0.0436769
497.936 0.0 0.421352 -9.806 0.581456 0.60658 9.89073 -0.0250455 0.00442877 0.044135
497.952 -0.0383047 0.421352 -9.72939 0.463011 0.553938 9.84526 -0.0184787 -0.00122173 0.0558941
497.969 0.0766094 0.459656 -9.65278 0.486939 0.512064 9.87039 -0.0131336 -0.0129809 0.099571
497.986 0.0 0.459656 -9.8443 0.486939 0.515653 9.90389 -0.0114537 -0.0142026 0.106749
498.002 0.306437 0.421352 -9.76769 0.339781 0.491725 9.97328 -0.00809396 -0.0192422 0.0934624
498.019 0.306437 0.57457 -9.61448 0.264407 0.587438 9.92423 -0.00503964 -0.032834 0.0743728
498.034 0.229828 0.57457 -9.76769 0.277567 0.679561 9.89193 -0.0056505 -0.0369573 0.0613919
498.05 0.229828 0.727789 -9.92091 0.308674 0.74656 9.87877 -0.0056505 -0.0528398 0.0250455
498.066 0.114914 0.536266 -9.61448 0.319442 0.735793 9.91705 -0.0120646 -0.0659734 0.0100793
498.082 0.191523 0.727789 -9.72939 0.332602 0.731007 9.94337 -0.0129809 -0.0719294 0.00381791
498.098 0.229828 0.57457 -9.72939 0.337388 0.696311 9.94696 -0.0229074 -0.0774271 0.00137445
498.115 0.114914 0.612875 -9.76769 0.334995 0.714257 9.90987 -0.0241292 -0.0870483 0.0114537
498.13 0.306437 0.65118 -9.38465 0.35653 0.735793 9.88116 -0.0245873 -0.0931569 0.0157298
498.147 0.0766094 0.65118 -9.46126 0.422333 0.745364 9.9003 -0.033903 -0.100487 0.0332921
498.163 0.114914 0.497961 -9.65278 0.495314 0.72981 9.92064 -0.0394008 -0.106596 0.0368046
498.18 0.0383047 0.612875 -9.76769 0.527617 0.726221 9.90868 -0.0421497 -0.108276 0.034972
498.197 0.114914 0.65118 -9.806 0.491725 0.727418 9.92662 -0.0470366 -0.111636 0.0305433
498.213 0.0383047 0.612875 -9.8443 0.544367 0.705882 9.90389 -0.0558941 -0.109345 0.0221439
498.23 0.114914 0.497961 -9.61448 0.575474 0.665205 9.88594 -0.0598648 -0.111177 0.011301
498.246 -0.114914 0.57457 -9.69109 0.631705 0.586241 9.89312 -0.0592539 -0.113774 0.0140499
498.263 -0.383047 0.536266 -9.49956 0.695115 0.532403 9.87637 -0.0630718 -0.108123 0.0297797
498.28 -0.114914 0.497961 -9.65278 0.698704 0.5001 9.8668 -0.0615447 -0.106443 0.0305433
498.296 -0.268133 0.421352 -9.72939 0.672383 0.526421 9.87996 -0.0626137 -0.100182 0.0342084
498.313 -0.114914 0.497961 -9.65278 0.631705 0.564706 9.92423 -0.064599 -0.0916298 0.034972
498.329 -0.0766094 0.612875 -9.806 0.597009 0.582652 9.95773 -0.0621555 -0.0894917 0.0287107
498.346 -0.153219 0.612875 -9.69109 0.600598 0.585045 9.95294 -0.0642935 -0.0901026 0.0337503
498.363 0.0 0.421352 -9.72939 0.549153 0.601795 9.89312 -0.0668897 -0.0926988 0.0374155
498.378 0.114914 0.459656 -9.72939 0.5001 0.613759 9.87637 -0.0731511 -0.090408 0.0415388
498.393 0.114914 0.421352 -9.76769 0.478564 0.619741 9.88953 -0.0768163 -0.0934624 0.0432187
498.408 0.153219 0.57457 -9.69109 0.479761 0.598205 9.94935 -0.0815505 -0.100182 0.0410807
498.424 0.0383047 0.536266 -9.49956 0.464207 0.598205 9.94457 -0.0888809 -0.101862 0.0348193
498.448 0.0383047 0.459656 -9.30804 0.431904 0.575474 9.89671 -0.0951423 -0.109345 0.0174097
498.463 0.191523 0.344742 -9.65278 0.416351 0.575474 9.92543 -0.10232 -0.116981 -0.0135917
498.478 -0.0383047 0.344742 -9.72939 0.637687 0.397208 9.93739 -0.108429 -0.115454 -0.0630718
498.493 0.0383047 0.383047 -9.72939 0.62333 0.26321 9.8333 -0.10965 -0.118202 -0.163254
498.509 0.0383047 0.229828 -9.65278 0.616152 0.21655 9.82851 -0.106596 -0.122173 -0.223118
498.525 0.229828 0.344742 -9.76769 0.575474 0.192622 9.91585 -0.104763 -0.122173 -0.370795
499.122 0.306437 -0.191523 -9.34634 0.634098 -0.325424 9.57248 -0.273362 -0.205403 -2.31747
499.139 -0.383047 -0.536266 -9.76769 0.7334 -0.617348 9.61197 -0.264657 -0.210443 -2.30861
499.156 -0.383047 -0.689484 -9.8443 0.764507 -0.830309 10.0032 -0.242208 -0.222202 -2.03907
499.172 -0.421352 -0.459656 -9.92091 0.825523 -0.717846 10.1683 -0.218232 -0.223729 -1.63987
499.189 -0.229828 -0.383047 -9.69109 0.805184 -0.351745 10.2317 -0.197157 -0.217621 -1.45707
499.205 -0.421352 -0.421352 -9.69109 0.888933 -0.478564 9.84526 -0.160047 -0.200517 -1.16248
499.222 -0.421352 -0.65118 -9.19312 0.987039 -0.770489 9.51505 -0.142332 -0.190284 -0.842994
499.239 -0.536266 -0.689484 -9.34634 1.07677 -0.769292 9.57368 -0.136528 -0.193339 -0.628427
499.255 -0.612875 -0.689484 -9.8443 1.18804 -0.752542 10.0917 -0.120799 -0.186008 -0.169362
499.272 -0.383047 -0.689484 -10.2273 1.14018 -0.83988 10.3801 -0.101404 -0.175471 0.215635
499.288 -0.383047 -0.727789 -9.8443 1.15573 -0.896112 10.2963 -0.0899499 -0.158825 0.330478
499.305 -0.497961 -0.612875 -9.38465 1.19761 -0.959521 9.65982 -0.0508545 -0.115912 0.327118
499.322 -0.383047 -0.497961 -9.26973 1.21914 -0.927218 9.533 -0.00320704 -0.0765108 0.0290161
499.338 -0.344742 -0.612875 -9.8443 1.20239 -0.99661 9.71007 0.0322231 -0.0545197 -0.321468
499.355 -0.459656 -0.497961 -9.99752 1.17966 -0.912862 10.1396 0.0467312 -0.0580322 -0.482125
499.371 -0.497961 -0.497961 -10.0741 1.14377 -0.715454 10.2413 0.0598648 -0.0335976 -0.713032
499.388 -0.459656 -0.459656 -9.72939 1.04207 -0.5001 10.0391 0.0817032 -0.0245873 -0.663552
499.405 -0.344742 -0.383047 -9.23143 1.0014 -0.443868 9.90748 0.0888809 -0.0128282 -0.61056
499.421 -0.344742 -0.268133 -9.15482 0.954736 -0.39003 9.61436 0.0989602 -0.000152716 -0.512669
499.438 -0.459656 -0.191523 -9.34634 0.934397 -0.238086 9.65384 0.106443 0.0125227 -0.369115
499.454 -0.268133 -0.0766094 -9.72939 0.988235 -0.200997 9.82612 0.108581 0.0300851 -0.279165
499.471 -0.268133 -0.0766094 -9.92091 0.937986 -0.150748 10.1886 0.106443 0.0381791 -0.256563
499.488 -0.306437 -0.114914 -9.8443 0.960718 -0.167498 10.1037 0.100945 0.0561996 -0.22098
499.504 -0.344742 -0.191523 -9.65278 0.926022 -0.106481 9.83569 0.101251 0.0745255 -0.135001
499.521 -0.191523 -0.0766094 -9.30804 0.53001 -0.0681954 9.58804 0.101556 0.0859793 -0.0759
499.537 -0.0766094 0.0 -9.806 0.512064 0.0454636 9.79263 0.105832 0.0939205 0.190284
499.554 -0.153219 0.153219 -9.76769 0.70349 0.13998 10.008 0.10064 0.096364 0.366672
499.571 -0.153219 0.229828 -9.95922 0.732203 0.159123 10.1001 0.0945314 0.099571 0.383012
499.587 0.0 0.306437 -9.88261 0.637687 0.196211 10.051 0.0836885 0.0994183 0.366824
499.604 0.306437 0.497961 -9.69109 0.385244 0.445065 9.83809 0.0751364 0.106291 0.337656
499.62 0.612875 0.689484 -9.72939 0.00837488 0.693918 9.87757 0.0684169 0.120493 0.216704
499.637 0.957617 0.536266 -9.806 -0.417547 0.666401 9.92543 0.0743728 0.124464 0.129962
499.654 0.957617 0.344742 -9.57617 -0.165105 0.526421 9.91107 0.065668 0.125686 0.0163406
499.67 0.536266 0.268133 -9.61448 -0.229711 0.399601 9.82492 0.034972 0.0902553 0.0346666
499.687 0.766094 0.191523 -9.65278 -0.252443 0.352941 9.9003 0.0197004 0.0766636 0.065668
499.703 0.497961 -0.0766094 -9.38465 -0.149551 0.0418744 9.77109 -0.0172569 0.0613919 0.122478
499.72 0.383047 0.114914 -9.65278 0.183051 0.0801595 9.89671 -0.0594066 0.0297797 0.173944
499.737 0.268133 0.0 -9.69109 0.210568 0.119641 9.94337 -0.0685696 -0.00809396 0.213803
499.753 0.229828 -0.0766094 -10.3806 0.16989 -0.135194 10.1551 -0.0675006 -0.0197004 0.239612
499.77 0.191523 -0.0383047 -9.99752 0.277567 -0.181854 10.1575 -0.0647517 -0.025809 0.267101
499.786 0.229828 -0.0766094 -9.92091 -0.0215354 -0.104088 10.2401 -0.0587958 -0.0171042 0.234114
499.803 0.919312 -0.114914 -9.42295 -0.193819 -0.125623 10.2078 -0.0561996 -0.020464 0.155771
499.82 1.22575 -0.153219 -9.61448 -0.561117 -0.357727 9.78664 -0.0649044 -0.02474 -0.162185
499.836 0.957617 -0.191523 -9.57617 -0.482154 -0.412762 9.65504 -0.0824668 -0.0410807 -0.527024
499.853 0.842703 -0.268133 -9.42295 -0.446261 -0.345763 9.60838 -0.0865901 -0.0620028 -0.69944
499.869 0.57457 0.0 -10.0358 -0.34337 -0.0311067 10.0582 -0.074831 -0.0740674 -0.678213
499.886 0.306437 -0.229828 -9.88261 0.133998 -0.107677 10.1755 -0.0429133 -0.101404 -0.461203
499.903 0.344742 -0.114914 -9.46126 0.124427 -0.105284 10.002 -0.0198531 -0.143095 -0.143553
499.919 0.306437 -0.306437 -9.72939 0.267996 -0.403191 9.92423 -0.0166461 -0.149356 -0.0319177
499.936 0.229828 -0.191523 -9.806 0.234497 -0.349352 10.0726 -0.000610865 -0.16081 0.202654
499.952 0.268133 -0.268133 -9.57617 0.166301 -0.323031 9.99003 0.0126754 -0.153022 0.283747
499.969 0.344742 -0.268133 -9.806 0.22014 -0.441475 9.97807 0.0186314 -0.150578 0.240681
499.986 0.306437 -0.344742 -9.65278 0.172283 -0.495314 9.88355 0.0288634 -0.14844 0.0923933
500.002 0.306437 -0.459656 -9.30804 0.235693 -0.51685 9.60957 0.0346666 -0.142484 -0.0410807
500.018 0.229828 -0.459656 -9.49956 0.275174 -0.540778 9.75793 0.0387899 -0.139583 -0.0632245
500.034 0.344742 -0.268133 -9.8443 0.214158 -0.338584 9.97926 0.0513127 -0.138666 -0.115606
500.051 0.229828 -0.0766094 -10.0358 0.120837 -0.16989 10.3442 0.0604756 -0.131947 -0.141873
500.067 0.306437 -0.153219 -9.72939 0.183051 -0.228514 10.0403 0.0691805 -0.140804 -0.129503
500.083 0.268133 -0.191523 -9.46126 0.31346 -0.241675 9.75673 0.0803288 -0.141263 -0.0537561
500.1 0.191523 -0.153219 -9.69109 0.348156 -0.0646062 9.8345 0.0959058 -0.141415 0.102778
500.116 0.153219 0.0766094 -9.72939 0.41994 -0.0239282 10.0295 0.099571 -0.13439 0.264046
500.132 0.153219 0.153219 -9.95922 0.459422 0.0741775 10.1515 0.101556 -0.136834 0.290924
500.149 0.153219 0.229828 -9.88261 0.45344 0.0454636 9.94815 0.0939205 -0.125227 0.231976
500.165 0.191523 0.153219 -9.49956 0.443868 0.0765703 9.76391 0.0876591 -0.117133 0.0888809
500.182 0.0766094 0.229828 -9.49956 0.447458 0.107677 9.77827 0.0829249 -0.113621 0.0354302
500.199 -0.0383047 0.268133 -9.72939 0.45344 0.214158 9.91705 0.0760527 -0.109345 0.00335976
500.215 0.114914 0.229828 -9.65278 0.484546 0.265603 9.96012 0.0659734 -0.095295 0.0468839
500.232 0.114914 0.344742 -9.95922 0.482154 0.302692 9.99841 0.0612392 -0.0916298 0.083994
500.248 0.114914 0.459656 -10.0741 0.442672 0.370887 10.0929 0.0534507 -0.0833831 0.0908662
500.265 0.229828 0.421352 -9.72939 0.348156 0.45344 10.008 0.0368046 -0.0784962 0.0917825
500.282 0.268133 0.421352 -9.46126 0.346959 0.445065 9.86201 0.0181732 -0.0752891 0.0534507
500.298 0.306437 0.344742 -9.76769 0.320638 0.413958 9.67059 0.0114537 -0.0798706 0.0274889
500.315 0.268133 0.344742 -9.53786 0.275174 0.338584 9.78544 -0.010232 -0.0691805 -0.0264199
500.331 0.344742 0.306437 -9.76769 0.197408 0.306281 10.0499 -0.0268781 -0.0652099 -0.0818559
500.348 0.459656 0.268133 -10.0358 0.172283 0.248853 10.1348 -0.0326813 -0.0681114 -0.10064
500.365 0.344742 0.0766094 -10.0741 0.100499 0.149551 10.0786 -0.041997 -0.0717766 -0.114995
500.381 0.459656 0.0766094 -9.57617 0.0837488 0.106481 9.85723 -0.046273 -0.0704022 -0.0853684
500.398 0.57457 0.0766094 -9.42295 0.0885344 0.0837488 9.78664 -0.0427606 -0.0862847 -0.0346666
500.414 0.421352 0.191523 -9.88261 0.0562313 0.087338 9.79621 -0.0439823 -0.0884227 -0.0122173
500.431 0.153219 0.114914 -9.92091 0.135194 0.0131605 10.1145 -0.0456622 -0.0989602 0.0239765
500.448 0.306437 -0.0766094 -9.76769 0.184247 -0.0538385 10.051 -0.0386372 -0.10736 0.0416915
500.464 0.153219 0.0383047 -9.95922 0.227318 -0.114855 10.0582 -0.0354302 -0.108429 0.0429133
500.481 0.344742 -0.153219 -9.38465 0.22014 -0.177069 9.93021 -0.0248928 -0.108123 0.0323759
500.496 0.383047 -0.0766094 -9.69109 0.166301 -0.175872 9.81296 -0.0171042 -0.111636 0.0352775
500.513 0.268133 -0.0766094 -9.57617 0.135194 -0.144766 9.88953 -0.0122173 -0.110414 0.0508545
500.53 0.344742 0.0 -6.20536 -0.0131605 -0.132802 7.52184 -0.00671952 -0.105832 0.0989602
500.546 0.383047 0.191523 -11.9894 -0.0382852 0.122034 11.8193 -0.000763581 -0.113163 0.126449
500.563 0.344742 0.191523 -11.3382 0.339781 0.148355 12.0586 -0.0279471 -0.1237 0.0867428
500.579 0.421352 0.0 -9.30804 0.293121 -0.12682 9.50549 -0.0201585 -0.127213 0.00397062
500.596 0.421352 0.306437 -9.69109 0.18664 0.161515 9.86441 -0.000916298 -0.126907 -0.0433714
500.613 0.268133 0.229828 -9.34634 0.133998 0.131605 9.38465 0.0128282 -0.152258 -0.0801761
500.629 0.344742 0.306437 -9.42295 0.0598205 0.235693 9.19681 0.0166461 -0.174555 -0.0942259
500.646 0.306437 0.421352 -9.88261 0.0586241 0.413958 10.1324 0.0195477 -0.213039 -0.000305433
500.662 0.268133 0.268133 -9.99752 0.04666 0.294317 10.2473 0.0276416 -0.247706 0.0355829
500.679 0.344742 0.191523 -10.1124 0.087338 0.226122 10.3585 0.0279471 -0.262061 0.0381791
500.695 0.344742 0.0383047 -9.88261 0.180658 0.0801595 10.075 0.0239765 -0.291688 0.0494801
500.712 0.153219 0.153219 -9.72939 0.31346 0.11007 9.99482 0.0119119 -0.302836 0.145691
500.728 0.153219 0.191523 -9.65278 0.366102 0.105284 10.0187 0.00167988 -0.290466 0.254273
500.744 0.0766094 0.153219 -9.61448 0.464207 0.0729811 10.0008 0.00167988 -0.288939 0.286648
500.761 -0.0383047 0.0383047 -9.76769 0.599402 0.0478564 10.0283 -0.00733038 -0.259618 0.323758
500.778 -0.0766094 0.0 -9.72939 0.750149 -0.0251246 9.81775 -0.0148135 -0.240834 0.308181
500.794 -0.153219 0.0766094 -9.61448 0.811167 -0.0658026 9.6981 -0.0181732 -0.223271 0.299629
500.811 -0.114914 -0.0383047 -9.99752 0.898505 -0.087338 10.3035 -0.0299324 -0.196393 0.257022
500.827 -0.306437 -0.114914 -10.1507 0.965504 -0.174676 10.3908 -0.0517708 -0.164934 0.147677
500.844 -0.229828 -0.153219 -10.0741 0.981057 -0.181854 10.3083 -0.062461 -0.153785 0.0725402
500.861 -0.229828 -0.0766094 -9.38465 0.981057 -0.211765 9.77707 -0.0699441 -0.124158 -0.0438296
500.877 -0.306437 -0.229828 -9.38465 0.93679 -0.229711 9.60479 -0.0665843 -0.0867428 -0.103694
500.894 -0.383047 -0.191523 -9.72939 0.929611 -0.245264 9.84646 -0.057574 -0.0702495 -0.118966
500.91 -0.191523 -0.0766094 -9.42295 0.841077 -0.273978 9.9015 -0.0534507 -0.0693332 -0.118355
500.927 -0.268133 -0.306437 -9.76769 0.7334 -0.217747 9.97448 -0.0413861 -0.0609338 -0.0899499
500.944 -0.268133 -0.229828 -9.88261 0.691525 -0.197408 10.1372 -0.0267254 -0.0540616 0.00534507
500.96 -0.0383047 -0.153219 -9.92091 0.635294 -0.154337 10.1874 -0.0169515 -0.056505 0.0591012
500.976 0.0 -0.153219 -9.34634 0.57667 -0.0921237 9.96849 -0.00610865 -0.0589485 0.131336
500.992 -0.0383047 -0.0766094 -9.42295 0.488136 -0.0382852 9.68255 0.00366519 -0.0655153 0.148898
501.008 0.114914 0.114914 -9.49956 0.507278 -0.0251246 9.63589 0.00595593 -0.0675006 0.144622
501.025 0.191523 0.114914 -9.61448 0.520439 0.00957129 9.80459 0.0155771 -0.0884227 0.101556
501.04 0.153219 0.153219 -9.806 0.467797 0.0311067 10.002 0.0213803 -0.10965 0.0264199
501.057 0.0 0.0766094 -9.61448 0.43669 0.0107677 9.96371 0.0262672 -0.123242 -0.0181732
501.074 0.0 0.0 -9.53786 0.439083 -0.0251246 9.90987 0.0329867 -0.143095 -0.08827
501.09 0.0383047 -0.153219 -9.72939 0.533599 -0.0753739 10.0164 0.0389426 -0.162796 -0.0959058
501.107 -0.0766094 -0.153219 -9.72939 0.600598 -0.111266 10.0427 0.0407752 -0.165697 -0.0739146
501.123 -0.344742 -0.0766094 -10.1124 0.689133 -0.107677 10.0845 0.0487165 -0.164323 -0.00870483
501.14 -0.229828 -0.0383047 -9.806 0.741775 -0.09332 10.0379 0.0519235 -0.149662 0.052229
501.157 -0.0766094 0.0 -9.806 0.770489 -0.0909272 10.0546 0.0546724 -0.136986 0.0920879
501.173 -0.229828 -0.0766094 -9.95922 0.838684 -0.0526421 10.1444 0.0507018 -0.124769 0.114385
501.19 -0.229828 0.114914 -9.26973 0.905683 -0.0179462 10.0678 0.0481056 -0.110872 0.170126
501.206 -0.306437 0.229828 -9.92091 0.945165 0.0861416 10.0008 0.0467312 -0.0888809 0.207847
501.223 -0.153219 0.114914 -9.92091 0.941576 0.0981057 10.0463 0.043066 -0.0746782 0.205709
501.24 -0.229828 0.153219 -9.76769 0.905683 0.0741775 10.0594 0.0429133 -0.0691805 0.175013
501.256 -0.114914 0.191523 -9.99752 0.820738 0.0681954 10.1264 0.0369573 -0.0569632 0.150884
501.273 -0.153219 0.153219 -9.806 0.799202 0.0394815 10.069 0.0348193 -0.0542143 0.140041
501.289 -0.229828 0.229828 -9.53786 0.736989 0.0777667 9.81535 0.0331394 -0.0453567 0.145233
501.305 -0.114914 0.153219 -9.57617 0.65324 0.0993021 9.72443 0.0319177 -0.0421497 0.149509
501.322 0.114914 0.153219 -9.03991 0.614955 0.0909272 9.59043 0.0340557 -0.0351248 0.120188
501.338 0.0383047 0.229828 -9.23143 0.544367 0.0909272 9.45882 0.0355829 -0.0357356 0.0951423
501.355 0.0766094 0.153219 -9.23143 0.510867 0.105284 9.46002 0.0354302 -0.0395535 0.0421497
501.371 -0.0383047 0.114914 -9.34634 0.53001 0.133998 9.68854 0.0314596 -0.0571159 -0.00641408
501.388 -0.114914 0.268133 -9.8443 0.552742 0.162712 9.87877 0.022602 -0.0620028 -0.0219911
501.405 0.114914 0.229828 -10.0741 0.557528 0.206979 10.2616 0.0242819 -0.0798706 -0.0421497
501.421 0.191523 0.191523 -9.99752 0.474975 0.210568 10.3083 0.0342084 -0.0901026 -0.0507018
501.437 0.0766094 0.191523 -9.95922 0.495314 0.221336 10.2245 0.0415388 -0.0954477 -0.0378736
501.452 0.191523 0.268133 -9.34634 0.417547 0.269192 9.84048 0.0485638 -0.114995 0.0525344
501.469 0.114914 0.306437 -9.15482 0.369691 0.397208 9.68973 0.0464257 -0.12538 0.203113
501.486 0.153219 0.383047 -9.65278 0.382851 0.427119 9.70648 0.0438296 -0.135765 0.25809
501.502 0.0766094 0.421352 -9.806 0.391226 0.446261 9.92543 0.0282525 -0.144775 0.29688
501.519 0.153219 0.383047 -9.69109 0.451047 0.37328 10.0044 0.010232 -0.149815 0.225104
501.535 0.0766094 0.306437 -9.806 0.48335 0.324227 9.91466 -0.00809396 -0.15012 0.0931569
501.552 -0.0383047 0.191523 -9.57617 0.562313 0.211765 9.82612 -0.0103847 -0.15684 0.0305433
501.569 0.0383047 0.229828 -9.806 0.598205 0.132802 9.89791 -0.0212276 -0.150731 -0.0523817
501.585 -0.114914 0.191523 -9.61448 0.617348 0.124427 10.0295 -0.0303905 -0.148593 -0.0847575
501.602 -0.153219 0.0766094 -9.806 0.613759 0.150748 10.0104 -0.0314596 -0.151189 -0.0743728
501.618 -0.229828 0.344742 -9.53786 0.620937 0.148355 9.9003 -0.0316123 -0.143706 -0.0111483
501.635 -0.0766094 0.0766094 -9.65278 0.611366 0.190229 9.87518 -0.0221439 -0.147218 0.0810924
501.651 -0.114914 0.229828 -9.38465 0.619741 0.202193 9.91227 -0.021533 -0.149967 0.140652
501.667 -0.153219 0.268133 -9.69109 0.600598 0.22014 9.96251 -0.0219911 -0.160047 0.233961
501.684 -0.0766094 0.229828 -9.69109 0.626919 0.204586 9.89432 -0.0259618 -0.172111 0.256563
501.7 -0.0766094 0.229828 -9.61448 0.643669 0.187837 9.85843 -0.0251982 -0.181274 0.216704
501.717 0.0 0.0766094 -9.49956 0.668794 0.0945165 9.8668 -0.0233656 -0.185856 0.178067
501.734 0.0 0.0 -9.69109 0.721436 0.0 9.90748 -0.022602 -0.192728 0.0781907
501.75 -0.191523 -0.0383047 -9.61448 0.76331 -0.0514457 9.88834 -0.0242819 -0.198226 -0.0158825
501.767 -0.229828 0.0766094 -9.76769 0.799202 -0.0801595 9.88116 -0.0222966 -0.200517 -0.0448986
501.783 -0.306437 -0.0766094 -9.99752 0.882951 -0.135194 9.96132 -0.0131336 -0.202654 -0.0604756
501.8 -0.268133 -0.0766094 -9.8443 0.914058 -0.125623 10.0463 0.00122173 -0.196393 -0.0262672
501.817 -0.344742 -0.0383047 -9.69109 0.89013 -0.131605 10.0379 0.0100793 -0.193797 0.000305433
501.833 -0.268133 -0.0766094 -9.38465 0.908076 -0.151944 9.89073 0.0267254 -0.196088 0.0459676
501.849 -0.306437 -0.114914 -9.8443 1.01575 -0.120837 9.86441 0.0384845 -0.191659 0.0829249
501.866 -0.306437 -0.0766094 -9.806 1.07079 -0.0825523 9.89193 0.0516181 -0.191048 0.107818
501.882 -0.536266 0.0383047 -9.65278 1.19402 -0.0215354 9.94457 0.0561996 -0.185092 0.114843
501.899 -0.459656 0.0383047 -9.69109 1.24187 0.0179462 9.92662 0.0642935 -0.176235 0.106291
501.915 -0.421352 0.153219 -9.53786 1.24546 0.0490528 9.87278 0.0687223 -0.161574 0.0661261
501.932 -0.459656 0.153219 -9.72939 1.24427 0.0789631 9.87159 0.071013 -0.157298 0.0397062
501.949 -0.344742 0.306437 -9.72939 1.21077 0.128016 9.84048 0.0665843 -0.14111 0.000763581
501.964 -0.497961 0.229828 -9.65278 1.22512 0.150748 9.8321 0.0675006 -0.132252 -0.020464
501.98 -0.65118 0.306437 -9.76769 1.30528 0.204586 9.84287 0.0664316 -0.126296 -0.0169515
501.996 -0.689484 0.344742 -9.69109 1.3986 0.281157 9.9003 0.067806 -0.11469 0.0106901
502.013 -0.727789 1.41727 -8.1589 1.30887 0.404387 9.97089 0.068875 -0.097433 0.0478002
502.03 -0.57457 0.268133 -9.806 1.22273 0.320638 9.98644 0.0676533 -0.0901026 0.052229
502.046 -0.536266 0.497961 -9.61448 1.10668 0.382851 9.89193 0.0618501 -0.0832304 0.0606284
502.063 -0.383047 0.459656 -9.72939 1.11625 0.415155 9.82373 0.0563523 -0.0810924 0.0458149
502.079 -0.421352 0.383047 -9.53786 1.11625 0.435494 9.82253 0.0481056 -0.076969 0.0184787
502.096 -0.766094 0.497961 -9.95922 1.19761 0.44985 9.84766 0.0471893 -0.0778853 0.00931569
502.113 -0.804398 0.0766094 -9.88261 1.26102 0.496511 9.88235 0.033903 -0.0615447 0.022602
502.129 -0.612875 0.459656 -9.65278 1.22034 0.477368 9.90269 0.0256563 -0.0438296 0.0390954
502.146 -0.306437 0.383047 -9.69109 0.927218 0.492921 9.88953 0.0207694 -0.0380264 0.0421497
502.162 -0.268133 0.459656 -9.69109 0.845862 0.470189 9.94696 0.0103847 -0.0384845 0.0366519
502.179 -0.191523 0.344742 -9.65278 0.777667 0.482154 9.89791 -0.00152716 -0.0429133 0.0143553
502.196 -0.114914 0.57457 -9.57617 0.717846 0.507278 9.87877 -0.00794125 -0.044135 0.0186314
502.212 -0.114914 0.497961 -9.76769 0.776471 0.574277 9.92423 -0.0146608 -0.0578795 0.03711
502.229 -0.344742 0.497961 -9.72939 0.892523 0.581456 9.92064 -0.0241292 -0.0653626 0.087201
502.245 -0.306437 0.344742 -9.69109 0.900898 0.568295 9.91466 -0.0346666 -0.0697913 0.110567
502.261 -0.229828 0.421352 -9.46126 0.815952 0.461814 9.79023 -0.0363465 -0.0763581 0.108429
502.278 -0.114914 0.421352 -9.42295 0.757328 0.372084 9.81176 -0.0468839 -0.0818559 0.0868956
502.294 -0.153219 0.306437 -9.99752 0.744168 0.323031 9.86441 -0.0513127 -0.0945314 0.0358883
502.311 -0.229828 0.191523 -9.72939 0.771685 0.245264 10.0068 -0.0520762 -0.101709 0.0163406
502.327 -0.306437 0.229828 -9.92091 0.835095 0.217747 10.0271 -0.0514654 -0.103389 -0.00198531
502.344 -0.268133 0.229828 -9.65278 0.899701 0.160319 9.9338 -0.0516181 -0.106443 -0.00335976
502.361 -0.344742 0.114914 -9.57617 0.967896 0.155533 9.87637 -0.0470366 -0.110719 0.00702495
502.376 -0.536266 0.0 -9.69109 1.31486 0.0634098 9.82971 -0.0429133 -0.101404 0.052229
502.392 -0.57457 0.114914 -9.53786 1.33519 0.0705882 9.82732 -0.0316123 -0.0931569 0.111636
502.408 -0.536266 0.114914 -9.65278 1.22393 0.0634098 9.84885 -0.0285579 -0.0849102 0.137597
502.425 -0.57457 0.0383047 -9.8443 1.20479 0.0562313 9.98764 -0.0195477 -0.0684169 0.160199
502.442 -0.268133 0.268133 -9.61448 1.08156 0.0729811 9.99841 -0.0117592 -0.0606284 0.155007
502.458 -0.306437 0.114914 -9.61448 0.982253 0.0765703 9.94457 -0.00977384 -0.0548251 0.11805
502.475 -0.229828 0.229828 -9.72939 0.82672 0.100499 9.89432 -0.00427606 -0.0586431 0.0948368
502.491 -0.229828 0.191523 -9.57617 0.786042 0.0981057 9.82373 -0.00229074 -0.0604756 0.0523817
502.508 -0.268133 0.229828 -9.46126 0.757328 0.12323 9.83569 -0.00320704 -0.0659734 0.0180205
502.525 -0.153219 0.153219 -9.65278 0.713061 0.162712 9.94337 -0.00335976 -0.0662789 0.00977384
502.541 -0.306437 0.191523 -9.8443 0.727418 0.197408 10.0463 0.000763581 -0.0853684 -0.00152716
502.558 -0.191523 0.306437 -9.49956 0.742971 0.217747 9.97807 0.00381791 -0.0937678 0.00290161
502.574 -0.191523 0.344742 -9.57617 0.747757 0.238086 9.92662 0.00381791 -0.099571 0.00916297
502.589 -0.153219 0.191523 -9.69109 0.719043 0.267996 9.83928 0.0100793 -0.111025 0.0265726
502.605 -0.191523 0.306437 -9.72939 0.685544 0.2668 9.83689 0.0103847 -0.125227 0.0508545
502.621 -0.153219 0.268133 -9.69109 0.665205 0.276371 9.88714 0.00870483 -0.131031 0.0574213
502.638 -0.0766094 0.383047 -9.92091 0.683151 0.305085 9.9649 0.00702495 -0.143859 0.0478002
502.655 -0.191523 0.306437 -9.69109 0.830309 0.307478 9.96012 0.00198531 -0.154854 0.0195477
502.671 -0.191523 0.344742 -9.806 0.878166 0.300299 9.92782 -0.000610865 -0.15852 0.0128282
502.688 -0.306437 0.306437 -9.53786 0.932004 0.290728 9.8345 -0.00397062 -0.159283 0.0138972
502.704 -0.383047 0.344742 -9.95922 1.0337 0.294317 9.85125 -0.00351247 -0.160963 0.0332921
502.721 -0.306437 0.153219 -9.61448 1.01456 0.271585 9.87518 -0.00580322 -0.160199 0.0664316
502.738 -0.306437 0.268133 -9.65278 0.960718 0.239282 9.88116 -0.00901026 -0.159894 0.078038
502.754 -0.268133 0.229828 -9.8443 0.977468 0.161515 9.87996 -0.0126754 -0.155312 0.0774271
502.771 -0.65118 0.0766094 -9.92091 0.973878 0.13998 9.92543 -0.00962113 -0.162643 0.0413861
502.787 -0.344742 0.0 -9.69109 1.08514 0.00837488 9.91705 -0.00595593 -0.165544 0.0189368
502.804 -0.383047 0.229828 -9.49956 1.02054 0.0299103 9.87518 0.00427606 -0.160352 0.0143553
502.821 -0.459656 0.0766094 -9.72939 0.945165 0.111266 9.84526 0.0132863 -0.161421 0.0239765
502.836 -0.497961 0.268133 -9.61448 1.01934 0.137587 9.88235 0.0187841 -0.168904 0.0319177
502.852 -0.383047 0.268133 -9.65278 1.25145 0.171087 9.88475 0.0232129 -0.171959 0.0687223
502.868 -0.689484 0.268133 -9.57617 1.401 0.189033 9.88116 0.0288634 -0.168446 0.0988074
502.885 -0.766094 0.153219 -9.76769 1.49551 0.178265 9.93978 0.0332921 -0.166919 0.0978911
502.902 -0.612875 0.306437 -9.8443 1.61994 0.18664 10.0247 0.0364992 -0.149662 0.0714712
502.918 -0.881008 0.344742 -9.806 1.69651 0.171087 9.93739 0.0375682 -0.120493 0.0429133
502.935 -0.881008 0.344742 -9.76769 1.6654 0.223729 9.84646 0.043066 -0.102931 0.0216857
502.951 -0.766094 0.383047 -9.57617 1.54217 0.308674 9.73639 0.0456622 -0.0943787 0.0160352
502.968 -0.689484 0.383047 -9.57617 1.41176 0.376869 9.78185 0.0447459 -0.0739146 0.0230602
502.985 -0.57457 0.383047 -9.95922 1.28973 0.381655 9.90628 0.0383318 -0.0589485 0.0427606
503.001 -0.536266 0.459656 -10.1124 1.26221 0.39003 9.95653 0.0342084 -0.0558941 0.0481056
503.018 -0.65118 0.383047 -9.72939 1.32323 0.399601 9.98764 0.0282525 -0.0517708 0.0606284
503.034 -0.727789 0.459656 -9.8443 1.42134 0.424726 9.92901 0.0232129 -0.0378736 0.0424551
503.05 -0.689484 0.344742 -9.57617 1.44048 0.452243 9.87518 0.0203113 -0.0291688 0.036041
503.066 -0.689484 0.383047 -9.49956 1.47398 0.515653 9.78544 0.0151189 -0.0151189 0.0404698
503.081 -0.689484 0.459656 -9.46126 1.45364 0.540778 9.78066 0.00717767 -0.00305432 0.0676533
503.098 -0.65118 0.459656 -9.57617 1.39262 0.571884 9.83809 0.00259618 0.00213803 0.079107
503.115 -0.536266 0.57457 -9.57617 1.29212 0.573081 9.91346 -0.00870483 0.019395 0.0865901
503.131 -0.459656 0.612875 -9.92091 1.2 0.527617 9.9338 -0.0184787 0.0242819 0.0581849
503.148 -0.421352 0.459656 -9.72939 1.04686 0.495314 9.91227 -0.0262672 0.0305433 0.0398589
503.164 -0.114914 0.459656 -9.49956 0.642473 0.410369 9.77707 -0.034972 0.0302378 0.00366519
503.18 0.0 0.268133 -9.49956 0.48335 0.384048 9.82612 -0.0374155 0.0128282 -0.0232129
503.197 0.0766094 0.306437 -9.69109 0.458225 0.342173 9.87159 -0.0407752 0.00244346 -0.0276416
503.213 -0.0383047 0.229828 -9.34634 0.510867 0.294317 10.0331 -0.0497855 -0.0120646 -0.021533
503.229 -0.306437 0.344742 -9.76769 0.818345 0.288335 10.0391 -0.0448986 -0.0378736 0.0238237
503.244 -0.344742 0.383047 -9.57617 0.909272 0.285942 9.98883 -0.0409279 -0.0404698 0.0529926
503.261 -0.153219 0.344742 -9.57617 0.825523 0.284746 9.87398 -0.0340557 -0.0464257 0.102167
503.278 -0.306437 0.191523 -9.61448 0.65324 0.200997 9.85484 -0.0305433 -0.0520762 0.11133
503.294 0.0 0.153219 -9.53786 0.631705 0.153141 9.83091 -0.0288634 -0.0662789 0.0713185
503.311 -0.0383047 0.153219 -9.65278 0.618545 0.154337 9.85125 -0.0293215 -0.0725402 0.0384845
503.327 -0.153219 0.268133 -9.99752 0.612562 0.167498 9.90509 -0.0262672 -0.0862847 -0.0018326
503.344 -0.0766094 0.229828 -9.69109 0.607777 0.184247 9.96132 -0.0239765 -0.0934624 -0.00335976
503.361 0.0383047 0.0766094 -9.69109 0.635294 0.161515 10.0271 -0.0242819 -0.0943787 -0.00671952
503.377 0.306437 0.153219 -9.57617 0.405583 0.0885344 9.88475 -0.0171042 -0.11301 -0.0207694
503.394 0.229828 0.0766094 -9.95922 0.32662 0.061017 9.83091 -0.0109956 -0.136223 -0.0374155
503.41 0.191523 0.153219 -9.65278 0.352941 0.0957129 9.90509 -0.00595593 -0.155618 -0.0364992
503.427 0.191523 0.191523 -9.806 0.618545 0.133998 9.96132 0.00320704 -0.177914 -0.00931569
503.444 -0.497961 0.153219 -9.76769 1.0337 0.151944 9.99123 0.0135917 -0.194408 0.0607811
503.46 -0.536266 0.306437 -9.8443 1.20239 0.180658 9.91466 0.0262672 -0.191354 0.160658
503.477 -0.766094 0.306437 -9.72939 1.49192 0.195015 9.88355 0.0326813 -0.186772 0.211818
503.493 -0.804398 0.344742 -9.69109 1.74078 0.302692 9.84167 0.0392481 -0.161268 0.285274
503.51 -0.881008 0.459656 -9.69109 1.5996 0.428315 9.80937 0.0355829 -0.13042 0.295353
503.527 -0.459656 0.497961 -9.76769 1.41057 0.463011 9.81416 0.0274889 -0.112552 0.266795
503.543 -0.459656 0.497961 -9.72939 1.16291 0.471386 9.88235 0.0117592 -0.0957531 0.139277
503.56 -0.65118 0.421352 -9.88261 1.01097 0.430708 9.94935 -0.0018326 -0.0888809 -0.00534507
503.576 -0.191523 0.459656 -9.72939 0.866202 0.477368 9.99003 -0.0189368 -0.0902553 -0.127518
503.593 -0.229828 0.306437 -9.72939 0.977468 0.349352 9.90269 -0.0241292 -0.0954477 -0.166613
503.61 -0.57457 0.191523 -9.57617 1.22393 0.312263 9.82612 -0.0282525 -0.0942259 -0.187383
503.626 -0.65118 0.191523 -9.53786 1.54816 0.211765 9.8656 -0.0212276 -0.0887282 -0.0949895
503.643 -0.919312 0.191523 -9.69109 1.66301 0.141176 9.92782 -0.0138972 -0.0824668 -0.0207694
503.659 -0.766094 0.229828 -9.8443 1.5984 0.107677 9.95892 0.00137445 -0.0552833 0.105985
503.676 -0.689484 0.229828 -9.53786 1.49312 0.112463 9.9673 0.0140499 -0.0337503 0.163101
503.693 -1.18745 0.0766094 -9.806 1.20359 0.154337 9.90628 0.0190895 -0.0230602 0.159589
503.709 -0.459656 0.191523 -9.69109 1.7336 -0.0143569 9.80219 0.0230602 0.00213803 0.139277
503.726 -0.421352 0.421352 -9.806 1.28495 0.332602 9.84526 0.0259618 0.0201585 0.0722348
503.742 -0.421352 0.383047 -9.46126 1.11506 0.376869 9.82373 0.0227547 0.0279471 0.0395535
503.759 -0.306437 0.383047 -9.57617 1.07318 0.398405 9.85603 0.0192422 0.0323759 0.0280998
503.776 -0.0766094 0.497961 -9.69109 0.827916 0.411565 9.88834 0.0137445 0.0368046 0.00473421
503.792 -0.57457 0.919312 -9.49956 0.876969 0.484546 9.96849 0.00702495 0.0284052 0.00167988
503.809 0.689484 0.766094 -9.76769 0.0813559 0.531206 9.65264 0.00351247 0.0264199 0.00962113
503.825 -0.0766094 0.459656 -9.46126 0.339781 0.519242 9.77588 -0.00106901 0.0152716 0.0245873
503.842 0.268133 0.459656 -9.8443 0.192622 0.544367 9.91824 -0.00870483 -0.00824668 0.0503964
503.859 0.0 0.497961 -10.189 0.378066 0.522831 10.1683 -0.0221439 -0.0395535 0.0395535
503.875 -0.459656 0.421352 -9.806 0.847059 0.358923 10.1492 -0.0310014 -0.0398589 0.0343612
503.892 -0.497961 0.344742 -9.65278 1.22632 0.37328 9.95414 -0.0319177 -0.0415388 0.0591012
503.908 -0.65118 0.344742 -9.57617 1.29571 0.349352 9.73998 -0.0271835 -0.0187841 0.128129
503.925 -0.306437 0.383047 -9.26973 1.17966 0.34337 9.67418 -0.0262672 -0.0065668 0.139735
503.942 -0.0383047 0.383047 -9.42295 0.659222 0.357727 9.63111 -0.0273362 0.000305433 0.10568
503.956 0.114914 0.421352 -9.49956 0.374477 0.37328 9.82253 -0.0355829 -0.00519235 0.0545197
503.972 0.689484 0.421352 -9.76769 -0.087338 0.36012 9.97448 -0.0380264 -0.021533 0.0261145
503.988 0.497961 0.306437 -10.0741 -0.0598205 0.308674 10.2831 -0.0505491 -0.0516181 -0.0300851
504.003 0.421352 0.268133 -9.95922 0.0215354 0.284746 10.3418 -0.054367 -0.0725402 -0.0438296
504.019 0.268133 0.268133 -9.806 0.363709 0.155533 10.13 -0.0511599 -0.105985 -0.0390954
504.034 -0.0383047 0.153219 -9.49956 0.44985 0.136391 9.91705 -0.0395535 -0.1237 -0.00519235
504.05 0.0 0.229828 -9.26973 0.486939 0.167498 9.64068 -0.0308487 -0.130267 0.0352775
504.066 0.114914 0.153219 -9.38465 0.4666 0.18664 9.70528 -0.0212276 -0.148746 0.109345
504.081 0.191523 0.191523 -9.65278 0.431904 0.155533 9.82253 -0.0213803 -0.152564 0.121868
504.096 0.0766094 0.114914 -9.61448 0.36012 0.163908 9.9996 -0.0177151 -0.181732 0.0969748
504.682 -0.229828 0.268133 -9.72939 0.798006 0.342173 9.9314 -0.0109956 -0.00885754 0.119424
504.698 0.0 0.153219 -9.65278 0.637687 0.124427 9.83569 -0.0151189 -0.0142026 0.132558
504.714 0.0383047 0.153219 -9.53786 0.575474 0.0107677 9.80818 -0.0152716 -0.0154243 0.0965167
504.731 0.0 0.0383047 -9.57617 0.454636 0.00119641 9.82851 -0.00885754 -0.032834 0.0671951
504.747 -0.268133 0.191523 -9.72939 0.570688 0.0993021 9.97328 -0.00335976 -0.0433714 0.0262672
504.764 0.0 0.344742 -9.65278 0.613759 0.153141 9.98883 0.000305433 -0.0471893 0.0227547
504.781 0.0 0.344742 -9.72939 0.600598 0.275174 9.94218 -0.00106901 -0.0520762 0.030696
504.797 -0.0766094 0.383047 -9.76769 0.622134 0.344566 9.86441 -0.00458149 -0.0610865 0.0479529
504.814 0.114914 0.344742 -9.53786 0.631705 0.358923 9.88475 -0.0065668 -0.0687223 0.0511599
504.83 -0.0766094 0.268133 -9.69109 0.64008 0.325424 9.9326 -0.00870483 -0.0757473 0.0459676
504.847 0.114914 0.229828 -9.76769 0.673579 0.21655 9.95055 -0.0177151 -0.0768163 0.0413861
504.864 -0.229828 0.306437 -9.8443 0.814756 0.189033 9.98524 -0.0126754 -0.0885754 0.047342
504.88 -0.191523 0.229828 -9.49956 0.815952 0.224925 9.95533 -0.014508 -0.0774271 0.0476475
504.897 -0.229828 0.268133 -9.72939 0.709472 0.276371 9.88594 -0.0140499 -0.0784962 0.0387899
504.913 -0.229828 0.383047 -9.53786 0.65324 0.278764 9.81894 -0.0206167 -0.0766636 0.00870483
504.93 -0.0766094 0.421352 -9.72939 0.597009 0.378066 9.84048 -0.0297797 -0.0833831 -0.031765
504.947 -0.153219 0.459656 -9.49956 0.636491 0.382851 9.88116 -0.0351248 -0.0870483 -0.0491747
504.963 -0.229828 0.229828 -9.53786 0.710668 0.254835 9.93739 -0.0415388 -0.0881173 -0.055436
504.98 -0.306437 0.0766094 -9.8443 0.721436 0.0598205 9.99242 -0.0381791 -0.095295 -0.0245873
504.995 -0.0766094 0.114914 -9.88261 0.636491 0.0430708 9.99242 -0.033903 -0.100793 0.0403171
505.012 0.0 0.191523 -9.57617 0.600598 0.144766 10.0032 -0.0259618 -0.101709 0.0639881
505.029 -0.0383047 0.0 -9.46126 0.613759 0.0837488 9.88475 -0.0209221 -0.111177 0.0647517
505.045 -0.0383047 -0.0383047 -9.57617 0.689133 0.0155533 9.87757 -0.0146608 -0.115301 0.0891863
505.062 -0.459656 -0.114914 -9.42295 1.0325 -0.0251246 9.76391 -0.00870483 -0.116217 0.106138
505.078 -0.881008 0.229828 -9.65278 1.50389 0.00598205 9.82492 -0.00381791 -0.0926988 0.169362
505.095 -0.842703 0.153219 -9.806 1.66301 0.0634098 10.0271 0.00534507 -0.0586431 0.232434
505.113 -1.11084 0.0766094 -10.304 1.75035 0.0789631 10.1827 0.00855211 -0.0366519 0.260992
505.128 -1.11084 0.0 -9.806 1.78026 -0.0490528 10.0726 0.0180205 0.0122173 0.270002
505.145 -0.536266 0.383047 -9.34634 1.41176 0.136391 9.66221 0.0239765 0.0520762 0.209679
505.162 -0.268133 0.306437 -9.19312 1.30289 0.214158 9.5653 0.0210748 0.0795652 0.109498
505.179 -0.306437 0.306437 -9.61448 0.988235 0.270389 9.79382 0.0143553 0.0913243 0.0629191
505.196 -0.229828 0.344742 -9.95922 0.799202 0.287139 10.118 0.00641408 0.102473 -0.0375682
505.211 -0.114914 0.268133 -9.76769 0.661615 0.305085 10.1779 0.00122173 0.101098 -0.157756
505.228 0.153219 0.344742 -9.95922 0.491725 0.275174 10.1324 -0.00335976 0.0972803 -0.21197
505.251 0.497961 0.421352 -9.46126 -0.0442672 0.454636 9.79502 -0.00977384 0.0873537 -0.132863
505.268 0.497961 0.229828 -9.65278 -0.200997 0.405583 9.75195 -0.0142026 0.0595593 0.0368046
505.284 0.57457 0.191523 -9.72939 -0.370887 0.311067 9.83928 -0.0198531 0.0381791 0.121409
505.301 0.727789 0.383047 -9.88261 -0.5001 0.410369 9.96969 -0.0222966 -0.000152716 0.247095
505.318 0.842703 0.459656 -9.806 -0.527617 0.463011 10.0833 -0.0268781 -0.0465785 0.307265
505.334 0.57457 0.383047 -10.0358 -0.368495 0.424726 10.1707 -0.0329867 -0.0682642 0.299018
505.351 0.497961 0.344742 -9.95922 -0.0346959 0.331406 10.0247 -0.0447459 -0.109192 0.25809
505.367 0.459656 0.344742 -9.806 0.0801595 0.202193 9.85962 -0.0485638 -0.139125 0.197615
505.384 0.497961 0.0383047 -9.42295 -0.0107677 -0.0239282 9.78784 -0.0531453 -0.143706 0.169515
505.401 0.612875 -0.0766094 -9.61448 -0.128016 -0.0334995 9.82014 -0.0448986 -0.168293 0.112399
505.417 0.383047 0.0383047 -9.99752 -0.104088 -0.0251246 9.96371 -0.0383318 -0.200975 0.0551306
505.434 0.268133 0.0766094 -9.95922 -0.0155533 -0.0382852 9.97926 -0.032834 -0.229227 0.0366519
505.45 0.0383047 0.459656 -9.61448 0.80997 0.337388 9.86321 -0.0305433 -0.229685 0.0933096
505.467 0.0 0.766094 -9.806 0.674776 0.756132 9.97687 -0.0410807 -0.211665 0.214872
505.484 -0.0383047 0.383047 -9.72939 0.564706 0.442672 9.98524 -0.0676533 -0.207389 0.164475
505.5 -0.0383047 0.153219 -9.76769 0.574277 0.267996 9.93619 -0.0803288 -0.207389 0.119271
505.517 0.0383047 0.153219 -9.49956 0.655633 0.0622134 9.67298 -0.0878119 -0.214719 0.0239765
505.533 -0.191523 0.0 -9.69109 0.715454 -0.0634098 9.79621 -0.0873537 -0.214566 -0.0325286
505.55 -0.268133 -0.114914 -9.46126 0.762114 -0.132802 9.92901 -0.0844521 -0.215635 -0.0529926
505.567 -0.268133 -0.114914 -9.88261 0.867398 -0.100499 10.1145 -0.0815505 -0.211359 -0.0325286
505.583 -0.344742 -0.114914 -9.8443 0.941576 -0.0705882 10.0475 -0.0786489 -0.213039 0.00702495
505.6 -0.421352 -0.153219 -9.61448 0.984646 -0.142373 9.98644 -0.0629191 -0.196088 0.0345139
505.616 -0.268133 -0.268133 -9.38465 1.15813 -0.362513 9.87039 -0.0528398 -0.183718 0.0540616
505.633 -0.344742 -0.497961 -9.53786 1.06839 -0.540778 9.87278 -0.0274889 -0.164475 0.0820086
505.65 -0.306437 -0.383047 -9.61448 0.945165 -0.485743 9.88714 0.00259618 -0.153785 0.06353
505.666 -0.306437 -0.191523 -9.61448 0.924826 -0.331406 9.91107 0.0116064 -0.147218 0.0404698
505.682 -0.344742 0.268133 -9.72939 1.03729 0.12323 9.97328 0.0242819 -0.139125 -0.0065668
505.699 -0.344742 0.612875 -9.72939 1.08275 0.727418 9.93499 0.0111483 -0.130878 -0.043066
505.714 -0.383047 0.766094 -9.57617 1.09711 0.932004 9.84526 -0.00351247 -0.131641 -0.0517708
505.731 -0.191523 0.497961 -9.46126 1.00259 0.671186 9.73639 -0.0432187 -0.120951 -0.0453567
505.747 -0.306437 0.0383047 -9.69109 0.954736 0.0131605 9.85603 -0.0641408 -0.108123 -0.00488692
505.763 -0.268133 -0.229828 -9.806 0.97986 -0.211765 9.99003 -0.0629191 -0.102931 0.0250455
505.78 -0.383047 -0.306437 -9.806 1.00499 -0.439083 10.1288 -0.0499382 -0.0948368 0.0676533
505.796 -0.383047 -0.383047 -9.69109 1.04806 -0.425922 10.0415 -0.0323759 -0.0849102 0.0994183
505.813 -0.344742 -0.191523 -9.57617 1.066 -0.439083 9.94935 -0.0116064 -0.0696386 0.116064
505.829 -0.306437 -0.229828 -9.61448 1.00499 -0.379262 9.90987 0.00122173 -0.0618501 0.118813
505.846 -0.344742 -0.0766094 -9.57617 0.898505 -0.185444 9.89312 0.0210748 -0.0613919 0.0980438
505.862 -0.191523 0.0383047 -9.53786 0.821934 -0.0981057 9.88834 0.0264199 -0.0607811 0.0864374
505.878 -0.191523 0.0766094 -9.53786 0.774078 -0.0287139 9.82373 0.0348193 -0.0641408 0.0899499
505.894 -0.0766094 0.153219 -9.65278 0.683151 0.124427 9.82492 0.032834 -0.0623082 0.0849102
505.91 0.153219 0.0383047 -9.72939 0.510867 0.202193 9.8333 0.0294742 -0.0739146 0.0943787
505.927 0.268133 0.229828 -9.8443 0.367298 0.116052 9.96849 0.0253509 -0.0832304 0.0795652
505.944 0.306437 0.0 -9.8443 0.369691 0.087338 10.0702 0.0164934 -0.10064 0.0198531
505.96 0.0383047 0.0766094 -10.0741 0.479761 0.00478564 10.0786 0.011301 -0.115148 -0.014508
505.977 -0.153219 -0.0383047 -9.806 0.671186 -0.0239282 10.0463 0.0132863 -0.127976 -0.02474
505.993 -0.114914 -0.114914 -9.57617 0.585045 -0.101695 9.89073 0.0126754 -0.129809 -0.0331394
506.01 0.0 -0.153219 -9.53786 0.501296 -0.21655 9.75195 0.0314596 -0.15012 -0.0426078
506.027 0.0383047 -0.114914 -9.34634 0.519242 -0.223729 9.74118 0.0478002 -0.164781 -0.0111483
506.043 0.0 0.344742 -9.57617 0.510867 0.183051 9.88953 0.0513127 -0.167224 0.00137445
506.06 -0.0383047 0.57457 -9.806 0.555135 0.794417 9.97807 0.0383318 -0.180358 0.0493274
506.076 0.153219 0.344742 -9.72939 0.455832 0.161515 9.98285 0.00717767 -0.194102 0.0519235
506.093 0.0 -0.536266 -9.42295 0.490529 -0.288335 10.0164 0.00442877 -0.203265 0.0468839
506.11 0.0 -0.57457 -9.72939 0.531206 -0.814756 10.1168 0.030696 -0.219453 0.0584903
506.126 -0.229828 -0.459656 -9.72939 0.715454 -0.638883 9.97926 0.0743728 -0.237627 0.0662789
506.142 -0.459656 0.957617 -10.0358 0.710668 0.537189 9.92184 0.0908662 -0.24343 0.0555887
506.158 -0.459656 1.53219 -9.34634 0.985843 1.59482 9.64068 0.0673479 -0.251829 -0.0245873
506.175 -0.344742 1.03423 -9.49956 0.943968 1.334 9.6012 -0.00229074 -0.256258 -0.066737
506.192 -0.344742 0.65118 -9.61448 0.887737 1.05045 9.7017 -0.0529926 -0.260381 -0.043066
506.208 -0.344742 0.191523 -9.92091 1.05643 0.400798 9.92184 -0.0649044 -0.263436 -0.0224493
506.225 -0.421352 -0.268133 -10.1507 1.24427 -0.354138 10.2054 -0.0729984 -0.253204 0.0323759
506.241 -0.421352 -0.497961 -9.806 1.2 -0.573081 10.1755 -0.0505491 -0.24908 0.0774271
506.258 -0.344742 -0.497961 -9.57617 1.19163 -0.643669 9.97328 -0.0329867 -0.243735 0.0879646
506.274 -0.344742 -0.383047 -9.46126 1.10309 -0.492921 9.76032 -0.000152716 -0.241139 0.0826195
506.29 -0.383047 -0.229828 -9.42295 1.05643 -0.369691 9.69691 0.0261145 -0.242208 0.0720821
506.307 -0.383047 -0.344742 -9.38465 1.14736 -0.424726 9.77946 0.0404698 -0.247553 0.0763581
506.324 -0.65118 -0.421352 -9.76769 1.30409 -0.457029 9.95892 0.0639881 -0.245262 0.0983493
506.34 -0.65118 0.0383047 -10.0358 1.47637 -0.131605 10.1635 0.0913243 -0.246637 0.0933096
506.357 -0.919312 0.191523 -9.95922 1.62592 0.0179462 10.1515 0.100487 -0.243277 0.0798706
506.373 -0.881008 0.268133 -9.57617 1.97408 0.18664 9.87278 0.105069 -0.235794 0.0962113
506.39 -1.30236 0.344742 -9.34634 2.03509 0.443868 9.61555 0.102473 -0.200975 0.180816
506.407 -1.11084 0.383047 -9.49956 2.01595 0.514457 9.59043 0.0937678 -0.170126 0.233961
506.423 -1.18745 0.57457 -9.53786 1.95733 0.647258 9.77707 0.0820086 -0.151036 0.232434
506.44 -1.03423 0.65118 -9.65278 1.90229 0.725025 9.85962 0.0568105 -0.128282 0.177762
506.456 -1.03423 0.57457 -9.76769 1.92981 0.750149 9.94935 0.0224493 -0.100793 0.0745255
506.473 -0.957617 0.65118 -9.806 1.90349 0.756132 10.0068 0.00778853 -0.0896445 0.0155771
506.49 -0.995922 0.497961 -9.61448 1.84726 0.630509 9.84766 -0.0174097 -0.0649044 -0.0745255
506.506 -0.957617 0.383047 -9.38465 1.82094 0.349352 9.68614 -0.0361938 -0.0424551 -0.0887282
506.523 -0.766094 0.191523 -9.46126 1.80419 0.141176 9.68255 -0.0413861 -0.023671 -0.108734
506.539 -1.11084 0.344742 -9.806 1.82931 0.212961 9.80818 -0.0398589 -0.0164934 -0.1237
506.556 -0.957617 0.383047 -9.57617 1.64028 0.393619 9.93499 -0.041997 0.00152716 -0.115912
506.573 -0.57457 0.536266 -9.72939 1.48953 0.738185 9.90509 -0.0537561 0.0120646 -0.125991
506.589 -0.153219 0.153219 -9.61448 1.12463 0.396012 9.92064 -0.0626137 0.0137445 -0.0897971
506.606 0.0 -0.383047 -9.38465 0.437886 -0.557528 10.0762 -0.0563523 -0.00152716 0.0192422
506.622 0.153219 -0.344742 -9.806 0.303888 -0.454636 10.0391 -0.020464 -0.0340557 0.117286
506.638 0.114914 0.114914 -9.806 0.340977 -0.214158 9.97807 -0.00106901 -0.0606284 0.148746
506.655 -0.383047 0.612875 -9.69109 0.854237 0.680758 9.84407 0.00794125 -0.0934624 0.206167
506.671 -0.497961 1.49388 -9.53786 1.17368 1.54337 9.79263 -0.0232129 -0.115301 0.169057
506.687 -0.459656 1.41727 -9.42295 1.18564 1.62712 9.78904 -0.0526871 -0.121715 0.0279471
506.703 -0.57457 0.727789 -9.61448 1.2323 1.11506 9.72084 -0.118355 -0.133627 -0.0302378
506.72 -0.536266 0.268133 -9.53786 1.22273 0.247657 9.82492 -0.154549 -0.133779 -0.0641408
506.737 -0.497961 -0.344742 -9.76769 1.20239 -0.066999 9.89073 -0.156534 -0.130114 -0.0464257
506.753 -0.65118 -0.497961 -9.57617 1.31486 -0.577866 9.96371 -0.149662 -0.124616 -0.041997
506.77 -0.881008 -0.804398 -9.69109 1.53021 -0.872184 9.88834 -0.12202 -0.121715 -0.0743728
506.786 -1.14914 -0.727789 -9.8443 1.8341 -0.971486 10.0164 -0.0765108 -0.109803 -0.0548251
506.803 -0.957617 -0.804398 -9.69109 1.84487 -0.994217 9.94218 -0.0507018 -0.0971275 -0.0163406
506.82 -0.842703 -0.612875 -9.8443 1.74676 -0.814756 9.94576 -0.00122173 -0.0745255 0.071624
506.836 -0.804398 -0.306437 -9.23143 1.56371 -0.460618 9.71246 0.0421497 -0.0549779 0.127824
506.853 -0.766094 -0.344742 -9.26973 1.50389 -0.467797 9.61914 0.0569632 -0.0435241 0.169057
506.869 -0.919312 -0.229828 -9.49956 1.71685 -0.506082 9.81775 0.0817032 -0.0303905 0.18158
506.886 -1.18745 -0.229828 -9.806 1.81615 -0.339781 10.1527 0.100945 -0.0158825 0.176235
506.903 -1.11084 0.0 -10.1507 1.8341 -0.253639 10.2353 0.119119 0.00320704 0.0926988
506.919 -1.03423 0.804398 -9.72939 1.61994 0.429512 10.0905 0.125686 0.0142026 0.0406225
506.935 -0.536266 1.95354 -9.38465 1.29811 1.86281 9.51386 0.0978911 0.0261145 -0.15012
506.951 -0.344742 1.26405 -9.0016 0.985843 1.64148 9.29851 0.0154243 0.0268781 -0.250302
