617.4 6.5501 2.37489 -6.77993 -6.29432 2.467 6.9679 -0.0143553 -0.0968221 -0.0959058
617.416 6.5118 2.25998 -6.70332 -6.19262 2.46341 6.98704 -0.0140499 -0.0986547 -0.0962113
617.433 6.35858 2.22167 -6.77993 -6.19502 2.4335 7.00379 -0.0154243 -0.097433 -0.0794125
617.45 6.5118 2.22167 -6.47349 -6.31107 2.42393 6.97627 -0.0181732 -0.0905607 -0.0675006
617.466 6.47349 2.22167 -6.77993 -6.38046 2.38205 6.99781 -0.0157298 -0.0917825 -0.047342
617.483 6.66501 2.10676 -6.85654 -6.41276 2.37248 6.9679 -0.0125227 -0.0931569 -0.0161879
617.499 6.32027 2.22167 -6.66501 -6.36491 2.40239 6.98106 -0.0116064 -0.0930042 -0.00397062
617.516 6.43519 2.25998 -6.5501 -6.31466 2.50169 6.97388 -0.0100793 -0.0966694 0.0233656
617.533 6.5501 2.18337 -6.66501 -6.25603 2.41316 7.00618 -0.00946841 -0.0956004 0.0389426
617.549 6.47349 2.10676 -6.70332 -6.19262 2.31984 6.99661 -0.011301 -0.0945314 0.0377209
617.566 6.5118 2.03015 -6.85654 -6.20578 2.26361 6.98943 -0.0129809 -0.0901026 0.0175624
617.582 6.5501 2.06845 -6.70332 -6.24646 2.29711 6.97866 -0.0117592 -0.0897971 -0.00274889
617.599 6.47349 2.22167 -6.81823 -6.25244 2.35454 7.00139 -0.0119119 -0.087201 -0.0169515
617.616 6.35858 2.25998 -6.74162 -6.33978 2.42991 7.0002 -0.00962113 -0.0920879 -0.0270308
617.632 6.5501 2.41319 -6.74162 -6.35294 2.44786 6.97747 -0.0119119 -0.0920879 -0.0394008
617.649 6.62671 2.33659 -6.89484 -6.3996 2.40837 6.98106 -0.0116064 -0.0910189 -0.0413861
617.665 6.70332 2.06845 -6.77993 -6.45583 2.3007 6.98225 -0.0138972 -0.0875064 -0.0410807
617.681 6.39688 2.03015 -6.58841 -6.46301 2.24327 6.98345 -0.0120646 -0.0894917 -0.032834
617.697 6.58841 2.14506 -6.66501 -6.43669 2.26361 6.98345 -0.011301 -0.0894917 -0.0129809
617.712 6.5118 2.03015 -6.47349 -6.39242 2.24566 6.97986 -0.00855211 -0.091477 -0.00427606
617.729 6.43519 1.99184 -6.47349 -6.29671 2.199 6.99302 -0.00870483 -0.0916298 0.00549779
617.745 6.35858 2.18337 -6.70332 -6.28834 2.20857 7.0002 -0.00901026 -0.0876591 0.0167988
617.762 6.62671 2.10676 -6.74162 -6.29432 2.28993 6.99183 -0.0074831 -0.0908662 0.0175624
617.779 6.5501 2.22167 -6.5118 -6.36251 2.38205 6.99781 -0.0074831 -0.0916298 0.0163406
617.795 6.66501 2.25998 -6.66501 -6.3996 2.38564 6.98345 -0.00778853 -0.091477 0.0210748
617.812 6.47349 2.18337 -6.74162 -6.40319 2.35573 7.00499 -0.00763582 -0.0894917 0.0227547
617.828 6.5501 2.06845 -6.5118 -6.30269 2.266 6.98824 -0.00839939 -0.0879646 0.0355829
617.845 6.5501 2.10676 -6.70332 -6.35294 2.24925 6.99183 -0.00839939 -0.0879646 0.045204
617.861 6.5501 2.06845 -6.74162 -6.34217 2.28634 6.97508 -0.00809396 -0.0884227 0.052229
617.877 6.62671 2.14506 -6.58841 -6.4008 2.32104 6.97388 -0.00458149 -0.0922406 0.0568105
617.894 6.58841 2.22167 -6.5118 -6.47976 2.42871 6.98704 -0.00671952 -0.0879646 0.0781907
617.91 6.74162 2.25998 -6.74162 -6.50847 2.45025 6.999 -0.00901026 -0.08827 0.0867428
617.927 6.85654 2.37489 -6.62671 -6.55274 2.467 6.99183 -0.0100793 -0.0884227 0.0855211
617.944 6.62671 2.25998 -6.66501 -6.48933 2.44068 6.97866 -0.00870483 -0.0919352 0.0824668
617.96 6.81823 2.22167 -6.70332 -6.51805 2.41196 6.999 -0.0114537 -0.089339 0.0704022
617.977 6.74162 2.14506 -6.81823 -6.55992 2.35334 6.99183 -0.0103847 -0.0905607 0.0586431
617.993 6.70332 2.10676 -6.66501 -6.7322 2.33779 6.99302 -0.0119119 -0.0934624 0.0410807
618.01 7.00976 2.10676 -6.39688 -6.81954 2.29591 6.99422 -0.0142026 -0.0960585 0.0427606
618.027 7.00976 2.03015 -6.62671 -6.8004 2.24686 6.99661 -0.0122173 -0.0981966 0.0595593
618.043 6.77993 1.99184 -6.66501 -6.75613 2.22413 7.00618 -0.00977384 -0.101709 0.0736092
618.059 6.77993 1.87693 -6.77993 -6.62931 2.05184 6.97029 -0.00901026 -0.101556 0.10064
618.075 6.81823 1.87693 -6.74162 -6.57667 2.05543 7.0002 -0.00962113 -0.102931 0.101404
618.091 6.70332 2.22167 -6.77993 -6.59222 2.26241 7.01456 -0.00412334 -0.10736 0.110414
618.108 6.58841 2.22167 -6.5118 -6.44506 2.49212 7.03968 -0.00290161 -0.108276 0.133779
618.124 6.5118 2.25998 -6.77993 -6.34576 2.49212 7.00379 -0.00580322 -0.105527 0.153327
618.141 6.39688 2.06845 -6.74162 -6.19741 2.31027 7.04566 -0.0074831 -0.107665 0.141873
618.158 6.74162 1.91523 -6.58841 -6.47378 2.17268 6.98106 -0.00870483 -0.10568 0.0852157
618.174 6.85654 2.06845 -6.97145 -6.6676 2.16072 7.0325 -0.00870483 -0.107512 0.0180205
618.191 6.77993 1.99184 -6.74162 -6.72981 2.16311 6.99063 -0.00442877 -0.113163 -0.00778853
618.207 6.70332 2.03015 -6.70332 -6.58265 2.20977 7.00139 -0.00778853 -0.104 -0.0346666
618.224 6.58841 2.06845 -6.5118 -6.55274 2.27438 7.03968 -0.00381791 -0.109039 -0.0210748
618.241 6.74162 2.10676 -6.74162 -6.57667 2.32223 7.01814 -0.00229074 -0.112552 0.0372628
618.256 6.81823 2.10676 -6.66501 -6.61615 2.3342 7.02652 -0.000610865 -0.11469 0.073762
618.273 6.66501 1.95354 -6.89484 -6.30389 2.22293 7.01695 0.000763581 -0.117439 0.142179
618.289 6.39688 2.03015 -6.77993 -6.22971 2.199 7.01217 0.00412334 -0.118661 0.176693
618.306 6.39688 2.03015 -6.89484 -6.08016 2.17029 7.02054 0.00427606 -0.115759 0.186467
618.323 6.32027 2.25998 -6.77993 -6.08016 2.37488 7.03131 0.00595593 -0.114079 0.183107
618.339 6.24366 2.29828 -6.85654 -5.9677 2.38445 7.05284 0.00320704 -0.111636 0.153327
618.356 6.12875 2.29828 -6.77993 -5.94377 2.38325 7.04088 0.00290161 -0.113163 0.124616
618.372 6.12875 2.25998 -6.70332 -5.87797 2.39522 7.0325 0.00351247 -0.112552 0.0597121
618.389 6.09044 2.22167 -6.77993 -5.88036 2.3677 7.02533 0.00198531 -0.110414 0.00458149
618.405 6.01384 2.22167 -6.77993 -5.83011 2.37846 7.01217 0.00152716 -0.105527 -0.00855211
618.421 6.09044 2.37489 -6.77993 -5.91266 2.42871 7.0337 0.00320704 -0.10568 -0.0140499
618.437 6.39688 2.29828 -6.81823 -6.30508 2.50409 7.0325 0.00442877 -0.102778 0.0212276
618.452 6.47349 2.41319 -6.66501 -6.42592 2.5675 7.03968 0.00442877 -0.100945 0.0474948
618.469 6.5118 2.56641 -6.66501 -6.41755 2.66082 7.01934 0.00427606 -0.0989602 0.0890336
618.486 6.5501 2.4515 -6.74162 -6.33978 2.73021 7.07318 0.00213803 -0.101862 0.0980438
618.501 6.62671 2.68133 -6.77993 -6.35773 2.74337 7.03729 0.00122173 -0.101098 0.0934624
618.518 6.66501 2.37489 -6.89484 -6.47378 2.74816 7.03729 -0.00106901 -0.102167 0.0823141
618.534 6.70332 2.60472 -6.74162 -6.52522 2.73739 7.04566 -0.00442877 -0.101862 0.0713185
618.551 6.74162 2.4898 -6.70332 -6.60658 2.65962 7.04088 -0.00778853 -0.102778 0.0586431
618.568 6.85654 2.37489 -6.70332 -6.61974 2.60937 7.04207 -0.00855211 -0.10736 0.0606284
618.584 6.81823 2.10676 -6.77993 -6.52642 2.29831 7.07318 -0.00885754 -0.108734 0.065668
618.601 6.74162 2.33659 -6.77993 -6.46301 2.31984 7.06002 -0.00839939 -0.111941 0.0618501
618.617 6.77993 1.95354 -6.77993 -6.58385 2.22413 7.06241 -0.00962113 -0.110567 0.0613919
618.634 6.81823 1.80032 -6.85654 -6.65683 2.06142 7.06241 -0.00519235 -0.114843 0.0601702
618.651 6.74162 1.83862 -6.58841 -6.69153 2.05304 7.07677 -0.000763581 -0.115912 0.0699441
618.666 6.85654 1.95354 -6.70332 -6.65205 2.04467 7.08514 0.00137445 -0.124769 0.0803288
618.682 6.24366 2.22167 -6.89484 -6.0347 2.37009 7.14736 0.00229074 -0.124006 0.0991129
618.698 6.74162 2.4515 -6.58841 -6.21535 2.72423 7.06839 -0.00122173 -0.122173 0.0836885
618.714 6.70332 2.4515 -6.70332 -6.62811 2.4993 7.11745 0.000916298 -0.129045 0.0894917
618.732 7.12467 2.56641 -6.81823 -6.86381 2.62971 7.03849 0.00702495 -0.131031 0.126449
618.747 7.16298 2.68133 -6.81823 -6.85184 2.80678 7.11027 -0.00106901 -0.130114 0.143553
618.764 6.85654 2.79624 -6.81823 -6.74178 2.83908 7.09113 -0.00259618 -0.135459 0.140194
618.781 6.74162 3.14098 -6.85654 -6.51326 3.32483 7.04088 -0.00733038 -0.135917 0.0894917
618.797 6.32027 2.75794 -6.77993 -6.02752 2.90847 7.06002 -0.0128282 -0.143095 -0.0351248
618.814 6.28197 2.52811 -6.85654 -5.80379 2.70269 7.09113 -0.0137445 -0.140804 -0.0598648
618.83 5.40096 1.83862 -6.62671 -5.31685 2.20499 7.11984 -0.0135917 -0.136376 -0.0374155
618.847 5.01791 1.34066 -7.00976 -5.03689 1.63908 7.11625 -0.00717767 -0.131641 0.0294742
618.864 5.32435 1.53219 -6.85654 -5.09073 1.63549 7.13898 -0.000305433 -0.123089 0.0997237
618.88 5.28605 1.41727 -6.74162 -5.03689 1.6666 7.13061 0.00473421 -0.122631 0.104763
618.896 5.40096 1.22575 -6.81823 -4.96511 1.42493 7.10668 0.00962113 -0.110414 0.0827722
618.911 5.24774 1.18745 -6.81823 -4.94477 1.44766 7.1007 0.0171042 -0.100182 0.0560469
618.928 5.32435 1.53219 -6.85654 -5.00459 1.58644 7.12582 0.0197004 -0.0940732 0.0510072
618.944 5.32435 1.6088 -6.74162 -4.98664 1.82453 7.11625 0.0276416 -0.086132 0.0629191
618.96 5.47757 1.87693 -7.04806 -5.09432 1.98006 7.10907 0.0325286 -0.0742201 0.0959058
618.977 5.7457 2.14506 -6.58841 -5.44845 2.19541 7.14736 0.036041 -0.0728457 0.115301
618.993 5.78401 2.56641 -6.81823 -6.13998 2.65484 7.11625 0.0369573 -0.0700968 0.133474
619.01 6.66501 2.87285 -6.93315 -6.49292 3.08076 7.07557 0.0313068 -0.0697913 0.115148
619.027 6.85654 2.98777 -6.5501 -6.61137 3.17886 7.05284 0.0313068 -0.0722348 0.0983493
619.043 6.93315 2.98777 -6.89484 -6.7334 3.21476 7.10548 0.0280998 -0.0751364 0.0595593
619.06 7.00976 3.17929 -6.89484 -6.84347 3.42054 7.1342 0.0206167 -0.0789543 0.0314596
619.075 7.20128 3.10268 -6.97145 -6.92961 3.40977 7.11147 0.0197004 -0.0830777 0.0297797
619.092 7.3545 2.94946 -6.89484 -7.10548 3.24586 7.12343 0.00962113 -0.0896445 0.0534507
619.109 7.12467 2.83455 -6.85654 -6.92722 3.0341 7.07916 0.00855211 -0.100029 0.0682642
619.124 6.85654 2.83455 -7.00976 -6.83031 2.97906 7.11027 0.00595593 -0.0994183 0.0681114
619.141 6.74162 2.68133 -6.81823 -6.54676 2.83549 7.08275 0.00244346 -0.104305 0.0684169
619.158 6.5118 2.60472 -6.85654 -6.21894 2.84507 7.09591 0.000458149 -0.105222 0.078038
619.174 6.28197 2.56641 -6.74162 -6.10409 2.80319 7.09472 -0.00122173 -0.105069 0.0739146
619.191 5.82231 2.29828 -6.97145 -5.77268 2.55075 7.11745 -0.0018326 -0.10568 0.0641408
619.207 5.7457 2.22167 -6.77993 -5.52861 2.44427 7.09472 -0.00290161 -0.100487 0.0389426
619.224 5.82231 2.52811 -6.85654 -5.6327 2.61416 7.08754 -0.000610865 -0.0975857 0.0111483
619.241 5.89892 2.56641 -6.89484 -5.70329 2.69432 7.08395 0.000763581 -0.0971275 0.00610865
619.257 5.89892 2.25998 -7.00976 -5.75713 2.59501 7.08275 0.00167988 -0.0917825 0.0128282
619.274 6.09044 2.22167 -6.74162 -5.7332 2.38684 7.02772 0.00274889 -0.0887282 0.0363465
619.29 6.20536 2.14506 -6.89484 -5.79302 2.2672 7.05404 0.00626137 -0.0827722 0.0334449
619.306 6.43519 2.56641 -6.81823 -6.15075 2.62612 7.1665 0.00931569 -0.0781907 0.0210748
619.322 6.5501 2.52811 -6.70332 -6.25842 2.69312 7.15454 0.00351247 -0.0876591 -0.0322231
619.338 6.39688 2.06845 -6.77993 -6.25005 2.46819 7.1342 -0.00229074 -0.0885754 -0.0516181
619.355 6.5118 2.22167 -6.74162 -6.3661 2.28395 7.08873 -0.000916298 -0.0875064 -0.0606284
619.371 6.58841 2.64302 -6.70332 -6.51206 2.75294 7.08156 0.00259618 -0.0901026 -0.0598648
619.388 6.5501 3.02607 -6.81823 -6.47498 3.02094 7.05882 -0.00290161 -0.0916298 -0.0361938
619.405 6.62671 2.94946 -6.93315 -6.32901 3.22313 7.09711 -0.0056505 -0.0885754 -0.0155771
619.421 6.24366 2.83455 -6.70332 -5.99402 2.98863 6.97029 -0.00427606 -0.0936151 0.0461203
619.438 5.59248 2.83455 -6.43519 -5.72124 2.99581 6.75972 -0.0074831 -0.087201 0.0989602
619.453 5.55418 3.06437 -6.66501 -5.23549 3.18844 6.7992 -0.00992656 -0.0815505 0.101862
619.469 5.7074 3.10268 -6.93315 -6.34337 3.37149 7.17607 -0.0160352 -0.0798706 0.0746782
619.486 7.3545 2.79624 -6.70332 -6.77169 3.24347 7.18445 -0.0219911 -0.0926988 0.0566577
619.502 6.85654 2.71963 -6.47349 -6.93799 2.91326 6.88774 -0.0229074 -0.100335 0.0606284
619.519 6.66501 2.98777 -6.47349 -6.11605 3.08794 6.7322 -0.0274889 -0.090408 0.0438296
619.535 6.93315 2.37489 -6.77993 -6.71904 2.55194 7.18205 -0.03711 -0.0881173 -0.0749837
619.552 6.93315 1.49388 -6.89484 -6.77886 2.04227 7.34836 -0.0372628 -0.0942259 -0.111941
619.569 6.93315 1.41727 -6.74162 -6.82433 1.5661 7.32802 -0.0172569 -0.105527 -0.0931569
619.585 6.74162 1.34066 -6.5501 -6.0012 1.45962 6.81715 -0.0105374 -0.101251 -0.0167988
619.602 5.13283 0.689484 -6.74162 -5.50708 1.24905 6.75374 -0.00397062 -0.0881173 0.136986
619.618 5.13283 1.26405 -7.00976 -4.94716 0.658026 7.44646 0.0065668 -0.0810924 0.251676
619.635 4.9413 1.34066 -7.3928 -4.88734 1.45962 7.6666 0.0177151 -0.0765108 0.419817
619.652 4.97961 1.6471 -7.50772 -4.73659 1.79103 7.76112 0.0218384 -0.0760527 0.451124
619.668 5.78401 2.06845 -6.97145 -5.1984 2.08175 7.44287 0.0186314 -0.0671951 0.408516
619.685 6.28197 2.68133 -7.08637 -5.86122 2.62134 7.14855 0.0183259 -0.0693332 0.210748
619.701 5.66909 2.56641 -6.89484 -5.50349 2.67876 7.00499 0.0166461 -0.0685696 -0.0300851
619.718 6.01384 2.60472 -6.66501 -5.54417 2.6345 7.0325 0.0171042 -0.0613919 -0.211359
619.735 6.05214 2.79624 -6.85654 -5.77867 2.83549 7.14736 0.0186314 -0.057574 -0.238696
619.751 6.43519 3.02607 -6.85654 -6.19741 3.20279 7.07677 0.0140499 -0.0641408 -0.223729
619.768 6.97145 2.4515 -6.85654 -6.42592 2.90728 7.05165 0.00687223 -0.0595593 -0.194408
619.784 7.12467 2.37489 -6.81823 -6.91765 2.57707 7.08156 0.0065668 -0.0609338 -0.171959
619.801 7.58433 2.87285 -6.81823 -7.33639 3.01855 7.04207 0.010232 -0.0739146 -0.0959058
619.818 7.96737 2.91116 -6.89484 -8.00638 3.12144 7.05165 0.00702495 -0.0817032 0.0401644
619.834 7.73755 2.41319 -6.97145 -7.80299 2.88574 7.04806 0.00397062 -0.0806342 0.100945
619.851 7.46941 2.29828 -6.81823 -7.2335 2.53519 7.06959 0.0100793 -0.0867428 0.136223
619.867 6.58841 2.18337 -6.85654 -6.3661 2.29472 7.11147 0.00778853 -0.0960585 0.102167
619.884 6.28197 2.25998 -7.04806 -6.11964 2.29232 7.11027 0.00794125 -0.0998765 0.0711658
619.901 6.32027 2.22167 -6.81823 -6.05145 2.37488 7.0672 0.00687223 -0.0978911 0.0714712
619.917 6.28197 2.37489 -6.81823 -5.90788 2.52084 7.06002 0.010232 -0.0959058 0.0864374
619.934 5.97553 2.60472 -6.70332 -5.79063 2.89173 7.04925 0.0122173 -0.0975857 0.113926
619.95 5.82231 2.79624 -6.89484 -5.65304 2.93121 7.05882 0.00824668 -0.0919352 0.133932
619.967 5.86062 2.87285 -6.97145 -5.62672 3.03529 7.08036 0.00778853 -0.0897971 0.154549
619.983 5.7457 2.87285 -6.74162 -5.60519 3.07477 7.07916 0.00137445 -0.0855211 0.137445
619.999 6.12875 3.02607 -6.74162 -5.69611 3.12383 7.07797 0.00152716 -0.0859793 0.117744
620.016 6.16705 2.75794 -6.62671 -5.94497 2.98265 7.05284 -0.00290161 -0.0815505 0.0783434
620.033 6.12875 2.4898 -6.93315 -5.88156 2.71585 7.07318 -0.00335976 -0.0801761 0.0581849
620.049 6.09044 2.4898 -6.85654 -5.82891 2.64407 7.07318 -0.00320704 -0.0755945 0.0620028
620.066 6.32027 2.56641 -7.04806 -5.97009 2.64287 7.08275 -0.00442877 -0.0763581 0.0676533
620.082 6.77993 2.56641 -6.66501 -6.34337 2.76132 7.06361 -0.00671952 -0.0768163 0.0765108
620.099 6.66501 2.60472 -6.81823 -6.49531 2.67517 7.02054 -0.00839939 -0.0760527 0.0682642
620.116 6.58841 2.37489 -6.77993 -6.58863 2.59621 7.0983 -0.00702495 -0.0777326 0.0725402
620.132 6.70332 2.60472 -6.5501 -6.62572 2.67996 7.05284 -0.00870483 -0.0759 0.083994
620.149 6.62671 2.56641 -6.70332 -6.47737 2.76849 7.06361 -0.0109956 -0.0821613 0.0529926
620.165 6.58841 2.60472 -6.62671 -6.41156 2.77328 7.05284 -0.00977384 -0.0879646 0.0239765
620.182 6.74162 2.4898 -6.77993 -6.3338 2.70269 7.07079 -0.00977384 -0.0864374 0.0174097
620.199 6.47349 2.37489 -6.66501 -6.25842 2.61894 7.05165 -0.0103847 -0.0867428 0.0209221
620.215 6.47349 2.37489 -6.58841 -6.22732 2.59382 7.05045 -0.00855211 -0.0899499 0.036041
620.232 6.28197 2.29828 -6.85654 -6.15195 2.57228 7.05643 -0.0119119 -0.0826195 0.0421497
620.248 6.35858 2.41319 -6.81823 -6.09452 2.51007 7.05763 -0.00916297 -0.08827 0.0474948
620.265 6.43519 2.41319 -6.81823 -6.11964 2.54237 7.06002 -0.0056505 -0.0905607 0.0537561
620.282 6.35858 2.41319 -6.74162 -6.20219 2.58185 7.05643 -0.00610865 -0.08827 0.0540616
620.298 6.5501 2.4898 -6.85654 -6.34696 2.67398 7.07557 -0.00839939 -0.0868956 0.0540616
620.315 6.58841 2.64302 -6.70332 -6.46181 2.72423 7.06481 -0.00763582 -0.0907135 0.053298
620.331 6.62671 2.41319 -6.97145 -6.44626 2.7003 7.05882 -0.00641408 -0.0937678 0.0572686
620.347 6.5501 2.41319 -6.62671 -6.38046 2.6345 7.06002 -0.00626137 -0.0949895 0.0574213
620.364 6.5501 2.41319 -6.81823 -6.2345 2.59501 7.06481 -0.00534507 -0.0948368 0.046273
620.38 6.32027 2.41319 -6.97145 -6.16989 2.601 7.0672 -0.00595593 -0.0951423 0.0288634
620.397 6.28197 2.56641 -6.89484 -6.05743 2.61655 7.06002 -0.00595593 -0.0968221 0.0218384
620.413 6.20536 2.37489 -6.81823 -6.02153 2.60818 7.06481 -0.00824668 -0.0948368 0.0108429
620.43 6.20536 2.41319 -6.77993 -5.96531 2.61535 7.0672 -0.00839939 -0.0905607 0.0111483
620.447 6.16705 2.52811 -6.62671 -5.96411 2.65005 7.06481 -0.00519235 -0.0933096 0.0114537
620.463 6.20536 2.56641 -6.77993 -5.98205 2.67398 7.07079 -0.00442877 -0.0894917 0.0235183
620.479 6.24366 2.4898 -6.85654 -6.08973 2.668 7.07079 -0.0065668 -0.090408 0.0355829
620.495 6.47349 2.52811 -6.85654 -6.11605 2.7015 7.06481 -0.00794125 -0.0894917 0.0407752
620.512 6.43519 2.52811 -6.70332 -6.17348 2.6991 7.06481 -0.00534507 -0.0919352 0.0424551
620.529 6.5118 2.37489 -6.77993 -6.20578 2.64407 7.0672 -0.00962113 -0.0875064 0.0340557
620.545 6.5118 2.29828 -6.85654 -6.24886 2.56032 7.08036 -0.00855211 -0.0911716 0.0177151
620.562 6.5118 2.4515 -6.85654 -6.27757 2.54836 7.04447 -0.00702495 -0.0930042 0.0140499
620.578 6.35858 2.33659 -6.5501 -6.16989 2.56152 7.08156 -0.00763582 -0.0891863 0.0291688
620.594 6.5118 2.25998 -6.74162 -6.18305 2.56152 7.07079 -0.0056505 -0.0878119 0.0435241
620.611 6.39688 2.41319 -7.00976 -6.14836 2.56391 7.06361 -0.00335976 -0.0926988 0.0468839
620.627 6.43519 2.56641 -6.66501 -6.15912 2.56152 7.06241 -0.0056505 -0.0905607 0.0577268
620.644 6.32027 2.33659 -6.77993 -6.12084 2.52323 7.05882 -0.00549779 -0.0865901 0.0552833
620.66 6.39688 2.37489 -6.66501 -6.12921 2.53041 7.08156 -0.00549779 -0.086132 0.0540616
620.677 6.62671 2.41319 -6.97145 -6.16989 2.57946 7.06361 -0.00412334 -0.0858265 0.0569632
620.694 6.43519 2.41319 -6.93315 -6.27876 2.59501 7.07677 -0.00351247 -0.087201 0.0566577
620.71 6.5118 2.52811 -6.70332 -6.25484 2.61775 7.066 -0.00167988 -0.0917825 0.0636827
620.727 6.47349 2.4898 -6.74162 -6.20459 2.70628 7.06481 -0.0018326 -0.0890336 0.0708604
620.743 6.32027 2.41319 -6.62671 -6.19741 2.65723 7.0672 -0.00290161 -0.0933096 0.0804815
620.759 6.47349 2.4898 -6.70332 -6.18784 2.64407 7.03131 -0.00397062 -0.0888809 0.0798706
620.783 6.5501 2.56641 -6.62671 -6.15195 2.70628 7.066 -0.00320704 -0.0920879 0.064599
620.799 6.43519 2.4898 -6.66501 -6.04786 2.7003 7.03729 -0.0065668 -0.0899499 0.0390954
620.816 6.39688 2.56641 -6.93315 -5.92702 2.6668 7.07677 -0.00687223 -0.0896445 0.0284052
620.832 6.28197 2.64302 -6.93315 -5.98205 2.8319 7.07079 -0.00641408 -0.0890336 0.030696
620.849 6.43519 2.4515 -6.5501 -6.02512 2.63809 6.999 -0.0109956 -0.0853684 0.0200058
620.866 6.35858 2.71963 -6.85654 -6.03709 2.66919 7.08275 -0.00901026 -0.0873537 0.0261145
620.881 6.39688 2.71963 -6.93315 -6.18425 2.8331 7.04686 -0.00977384 -0.0830777 0.0253509
620.898 6.5501 2.68133 -6.5501 -6.30748 2.78285 6.9667 -0.0135917 -0.0864374 0.00794125
620.913 6.66501 2.60472 -6.97145 -6.19502 2.67517 6.99063 -0.0117592 -0.0873537 -0.0109956
620.93 6.20536 2.25998 -6.58841 -6.01914 2.67398 6.83869 -0.0114537 -0.0873537 -0.0132863
620.947 6.24366 2.41319 -6.81823 -6.17827 2.51366 7.09591 -0.0117592 -0.0868956 0.00794125
620.963 6.58841 2.25998 -6.89484 -6.03828 2.44905 6.95474 -0.0105374 -0.0887282 0.0284052
620.98 6.5118 2.37489 -6.70332 -6.18544 2.52682 6.999 -0.00855211 -0.0885754 0.0351248
620.996 6.43519 2.41319 -6.77993 -6.18186 2.50648 7.08036 -0.00962113 -0.0913243 0.0326813
621.013 6.32027 2.52811 -7.16298 -6.16391 2.49093 7.07318 -0.00885754 -0.0847575 0.0395535
621.03 6.35858 2.41319 -6.81823 -6.14118 2.51844 7.06481 -0.00503964 -0.0899499 0.0403171
621.046 6.43519 2.37489 -6.81823 -6.17109 2.50768 7.07318 -0.00610865 -0.0902553 0.0390954
621.063 6.43519 2.33659 -6.74162 -6.26082 2.47657 7.06122 -0.0065668 -0.0891863 0.033903
621.079 6.62671 2.4515 -6.93315 -6.27637 2.49332 7.07438 -0.00610865 -0.087201 0.0332921
621.096 6.58841 2.29828 -6.81823 -6.30987 2.50768 7.07916 -0.00733038 -0.0870483 0.0320704
621.113 6.5501 2.37489 -6.85654 -6.34576 2.50648 7.07677 -0.00519235 -0.0902553 0.0380264
621.129 6.62671 2.37489 -6.77993 -6.35892 2.51844 7.07318 -0.00259618 -0.0954477 0.0459676
621.146 6.66501 2.22167 -6.5118 -6.31346 2.48853 7.08036 -0.00473421 -0.0894917 0.0497855
621.162 6.43519 2.22167 -6.77993 -6.27637 2.47657 7.06959 -0.00488692 -0.0887282 0.0505491
621.179 6.39688 2.37489 -6.81823 -6.32183 2.47178 7.06241 -0.000916298 -0.0925461 0.046273
621.196 6.62671 2.22167 -6.81823 -6.34696 2.44666 7.066 -0.0018326 -0.0911716 0.0507018
621.212 6.62671 2.18337 -7.00976 -6.36491 2.40957 7.06959 0.0 -0.0884227 0.0592539
621.229 6.62671 2.18337 -6.43519 -6.31944 2.40957 7.08156 0.000763581 -0.097433 0.0682642
621.245 6.5501 2.25998 -6.85654 -6.32782 2.42273 7.06361 0.00274889 -0.0939205 0.066737
621.262 6.47349 2.29828 -6.81823 -6.25842 2.52443 7.0672 0.00351247 -0.0956004 0.0609338
621.279 6.28197 2.4898 -6.66501 -6.10768 2.64766 7.05524 0.00671952 -0.099571 0.0594066
621.295 6.32027 2.37489 -6.85654 -6.067 2.60818 7.05284 0.00397062 -0.0937678 0.0618501
621.312 6.24366 2.60472 -6.89484 -6.05025 2.7015 7.07916 0.00442877 -0.095295 0.0642935
621.328 6.35858 2.60472 -6.62671 -6.09691 2.77448 7.07438 0.00106901 -0.0916298 0.0626137
621.345 6.32027 2.52811 -6.85654 -6.1998 2.72064 7.06241 0.00152716 -0.0978911 0.0482583
621.362 6.39688 2.52811 -6.89484 -6.27398 2.72423 7.07677 0.000305433 -0.0940732 0.0389426
621.378 6.58841 2.4898 -6.74162 -6.34337 2.69192 7.06122 0.00167988 -0.0983493 0.0288634
621.395 6.5118 2.33659 -6.81823 -6.32782 2.53639 7.06122 -0.000610865 -0.0971275 0.0297797
621.411 6.39688 2.22167 -6.62671 -6.335 2.52323 7.0672 0.00305432 -0.097433 0.0436769
621.427 6.47349 2.4515 -6.81823 -6.29791 2.56032 7.07677 0.00244346 -0.096364 0.0519235
621.443 6.28197 2.4898 -6.81823 -6.14596 2.66201 7.07198 0.00244346 -0.101556 0.0517708
621.457 6.39688 2.68133 -6.85654 -6.11007 2.75294 7.0995 0.00290161 -0.100335 0.0542143
621.473 6.05214 2.71963 -6.58841 -6.00957 2.91326 7.0672 -0.000152716 -0.0968221 0.0638354
621.489 6.12875 2.68133 -6.74162 -5.92822 2.89771 7.05882 -0.0018326 -0.096364 0.0742201
621.504 6.32027 2.68133 -6.58841 -6.04786 2.83669 7.07079 -0.00106901 -0.0954477 0.0760527
621.52 6.43519 2.56641 -6.85654 -6.17109 2.69432 7.04088 -0.00106901 -0.100945 0.055436
621.535 6.47349 2.33659 -6.81823 -6.31585 2.54118 7.08275 -0.00366519 -0.0978911 0.0369573
621.551 6.70332 2.18337 -6.97145 -6.47976 2.38086 7.07797 -0.00106901 -0.102014 0.0122173
621.567 6.66501 2.18337 -6.81823 -6.44267 2.38086 7.10788 -0.00320704 -0.101251 0.0132863
621.581 6.74162 2.14506 -6.74162 -6.46899 2.34616 7.0995 -0.00381791 -0.0983493 0.0239765
622.179 6.66501 2.37489 -6.85654 -6.43191 2.62373 7.06481 0.0218384 -0.0943787 0.131794
622.196 6.5501 2.60472 -6.70332 -6.63051 2.66919 7.04686 0.0197004 -0.0926988 0.136986
622.212 6.66501 2.83455 -6.85654 -6.47856 2.92642 7.07916 0.0200058 -0.0966694 0.131336
622.229 6.5118 2.94946 -6.93315 -6.27518 3.05683 7.05165 0.0161879 -0.100945 0.111025
622.245 6.24366 2.71963 -6.70332 -6.17109 3.01495 7.05045 0.0125227 -0.0997237 0.095295
622.262 6.32027 2.56641 -6.74162 -6.08853 2.78405 7.07318 0.00839939 -0.0968221 0.083994
622.279 6.16705 2.52811 -6.81823 -6.0658 2.72423 7.06481 0.00901026 -0.10232 0.0759
622.295 6.20536 2.4898 -6.74162 -6.1675 2.72423 7.06361 0.00351247 -0.0971275 0.0673479
622.312 6.5118 2.37489 -6.77993 -6.25005 2.62373 7.08395 0.00534507 -0.101404 0.0606284
622.327 6.5118 2.37489 -6.89484 -6.28953 2.64526 7.07677 0.00381791 -0.0997237 0.0467312
622.344 6.5118 2.4898 -6.85654 -6.21416 2.668 7.07198 0.00244346 -0.0989602 0.0372628
622.36 6.43519 2.41319 -7.04806 -6.15792 2.69312 7.06002 0.00106901 -0.0972803 0.0308487
622.375 6.35858 2.52811 -6.85654 -6.13519 2.69312 7.07198 -0.000152716 -0.0971275 0.0157298
622.392 6.28197 2.4898 -6.77993 -6.08375 2.70748 7.07079 -0.000458149 -0.0978911 -0.00351247
622.408 6.12875 2.4515 -6.97145 -6.09452 2.66321 7.06002 -0.00320704 -0.0962113 -0.00488692
622.425 6.35858 2.4515 -6.93315 -6.09691 2.60219 7.07198 -0.00198531 -0.0989602 0.0206167
622.442 6.43519 2.33659 -6.81823 -6.06461 2.53639 7.05882 -0.00320704 -0.0948368 0.0435241
622.458 6.24366 2.41319 -6.77993 -6.0335 2.58425 7.08036 -0.000763581 -0.0994183 0.0464257
622.475 6.43519 2.33659 -6.81823 -6.07657 2.56152 7.07318 -0.00213803 -0.0930042 0.0659734
622.491 6.24366 2.41319 -6.89484 -6.01795 2.56989 7.08634 -0.00335976 -0.0934624 0.0719294
622.508 6.16705 2.41319 -6.70332 -6.07059 2.52203 7.1007 -0.00335976 -0.0922406 0.0607811
622.524 6.32027 2.14506 -6.85654 -6.18186 2.47418 7.07916 -0.00488692 -0.0875064 0.0574213
622.541 6.39688 2.10676 -6.70332 -6.24526 2.44666 7.08754 -0.00305432 -0.0916298 0.06353
622.557 6.47349 2.22167 -6.77993 -6.20698 2.42752 7.06241 -0.00137445 -0.0930042 0.0668897
622.574 6.5118 2.25998 -6.77993 -6.2668 2.43589 7.08634 -0.00335976 -0.0858265 0.0700968
622.59 6.5501 2.4515 -6.85654 -6.17946 2.55194 7.09233 0.000610865 -0.0902553 0.0801761
622.607 6.39688 2.41319 -6.89484 -6.1328 2.64048 7.07318 -0.000610865 -0.08827 0.0873537
622.623 6.24366 2.4898 -6.77993 -6.12921 2.64646 7.08514 -0.000610865 -0.0910189 0.0827722
622.64 6.47349 2.4515 -6.74162 -6.17587 2.57109 7.07916 0.00122173 -0.0913243 0.0655153
622.657 6.16705 2.18337 -7.08637 -6.15792 2.44068 7.08275 -0.0018326 -0.0911716 0.047342
622.673 6.35858 2.41319 -6.89484 -6.16271 2.46461 7.07916 -0.000916298 -0.0896445 0.0461203
622.69 6.5501 2.37489 -6.74162 -6.15314 2.59741 7.06839 0.000152716 -0.087201 0.0505491
622.706 6.28197 2.64302 -6.70332 -6.12203 2.75055 7.07318 0.00137445 -0.0911716 0.0627664
622.723 6.28197 2.60472 -6.74162 -6.10528 2.80319 7.07198 -0.00167988 -0.0901026 0.0665843
622.74 6.39688 2.64302 -6.97145 -6.15673 2.78285 7.08514 -0.00335976 -0.0867428 0.0572686
622.755 6.35858 2.41319 -7.04806 -6.268 2.66201 7.06959 -0.00549779 -0.0917825 0.0329867
622.771 6.58841 2.33659 -6.85654 -6.28953 2.63091 7.07438 -0.0056505 -0.0894917 0.0270308
622.787 6.5501 2.41319 -6.89484 -6.25484 2.60219 7.08514 -0.00488692 -0.0891863 0.0319177
622.804 6.39688 2.37489 -6.66501 -6.20339 2.52323 7.08036 -0.00397062 -0.0908662 0.0470366
622.821 6.35858 2.33659 -6.58841 -6.17467 2.50289 7.07797 -0.00534507 -0.0885754 0.0589485
622.837 6.35858 2.37489 -6.77993 -6.21296 2.52921 7.08156 -0.00320704 -0.0933096 0.0561996
622.854 6.39688 2.4515 -6.81823 -6.22971 2.6321 7.09233 -0.00412334 -0.0890336 0.0433714
622.87 6.32027 2.4898 -6.77993 -6.16511 2.68235 7.09233 -0.00503964 -0.0897971 0.0366519
622.887 6.39688 2.4515 -6.70332 -6.15314 2.66919 7.07677 -0.00473421 -0.089339 0.0380264
622.904 6.39688 2.41319 -6.89484 -6.15195 2.61296 7.07677 -0.00595593 -0.0907135 0.0377209
622.919 6.35858 2.4515 -6.77993 -6.12084 2.62851 7.07198 -0.00641408 -0.0890336 0.0343612
622.936 6.35858 2.37489 -6.77993 -6.09332 2.61057 7.1007 -0.00794125 -0.0896445 0.0310014
622.952 6.32027 2.52811 -6.77993 -6.14596 2.61894 7.07797 -0.00794125 -0.0878119 0.0314596
622.969 6.5118 2.52811 -6.74162 -6.22014 2.62014 7.07557 -0.00671952 -0.0911716 0.0303905
622.986 6.20536 2.41319 -6.85654 -6.24766 2.5998 7.07916 -0.00901026 -0.0896445 0.0285579
623.002 6.43519 2.41319 -6.81823 -6.28235 2.58305 7.08036 -0.00778853 -0.0887282 0.0299324
623.018 6.77993 2.37489 -6.77993 -6.27278 2.54118 7.08395 -0.0074831 -0.0910189 0.0334449
623.034 6.35858 2.4898 -6.5501 -6.19502 2.51486 7.08873 -0.00809396 -0.0905607 0.0259618
623.051 6.58841 2.33659 -6.93315 -6.21535 2.51366 7.08634 -0.00626137 -0.0939205 0.0264199
623.068 6.39688 2.25998 -6.89484 -6.20578 2.46819 7.08634 -0.00763582 -0.0911716 0.0346666
623.084 6.43519 2.37489 -6.70332 -6.23928 2.48016 7.08873 -0.00503964 -0.0916298 0.0488692
623.101 6.28197 2.41319 -6.70332 -6.22971 2.5005 7.07557 -0.00381791 -0.0943787 0.0551306
623.117 6.39688 2.37489 -6.77993 -6.25962 2.55793 7.08514 -0.00549779 -0.0920879 0.062461
623.134 6.35858 2.4515 -6.70332 -6.3015 2.53759 7.08754 -0.00290161 -0.0926988 0.0636827
623.15 6.5118 2.37489 -7.16298 -6.31824 2.53519 7.09711 -0.00503964 -0.0916298 0.0661261
623.166 6.5501 2.4898 -6.70332 -6.3338 2.54477 7.08395 -0.00381791 -0.0942259 0.0673479
623.183 6.58841 2.41319 -6.85654 -6.29671 2.5675 7.07079 -0.0018326 -0.0945314 0.0682642
623.2 6.47349 2.4515 -6.97145 -6.28475 2.56869 7.10189 -0.00335976 -0.0949895 0.0771217
623.216 6.43519 2.4515 -7.04806 -6.28953 2.5986 7.11266 -0.00320704 -0.0933096 0.0852157
623.233 6.5118 2.4898 -6.77993 -6.20937 2.68116 7.08514 -0.00366519 -0.0931569 0.098502
623.249 6.47349 2.4898 -6.81823 -6.14955 2.68116 7.08156 -0.00305432 -0.0969748 0.096364
623.266 6.35858 2.52811 -6.89484 -6.12562 2.70508 7.09591 -0.00473421 -0.0946841 0.090408
623.283 6.58841 2.4515 -6.85654 -6.16391 2.72662 7.08634 -0.0074831 -0.0942259 0.0818559
623.298 6.5118 2.37489 -6.81823 -6.35175 2.65005 7.09472 -0.00717767 -0.0977384 0.0693332
623.314 6.97145 2.4515 -7.12467 -6.47737 2.60459 7.09352 -0.00427606 -0.103389 0.0655153
623.33 6.81823 2.52811 -6.74162 -6.57188 2.668 7.08754 -0.00733038 -0.0981966 0.0609338
623.347 6.74162 2.4515 -6.85654 -6.55992 2.64766 7.09591 -0.00702495 -0.104763 0.054367
623.364 6.66501 2.4515 -6.81823 -6.45583 2.65603 7.08156 -0.0065668 -0.104916 0.0679587
623.38 6.5501 2.4898 -6.70332 -6.32423 2.64646 7.08993 -0.00824668 -0.101862 0.0798706
623.397 6.5501 2.41319 -6.81823 -6.29312 2.62493 7.0983 -0.0056505 -0.109345 0.0965167
623.413 6.39688 2.56641 -6.81823 -6.27996 2.67039 7.08754 -0.00641408 -0.108887 0.102625
623.43 6.32027 2.41319 -6.89484 -6.22134 2.68355 7.10189 -0.00610865 -0.113315 0.0937678
623.447 6.35858 2.4515 -7.20128 -6.16869 2.61894 7.0995 -0.00839939 -0.111788 0.0821613
623.463 6.35858 2.41319 -6.85654 -6.05264 2.52921 7.10429 -0.00931569 -0.10736 0.0755945
623.48 6.05214 2.25998 -6.77993 -6.01555 2.4347 7.08873 -0.00992656 -0.108276 0.0668897
623.496 6.01384 2.18337 -6.70332 -5.84566 2.27318 7.11386 -0.0056505 -0.10797 0.0641408
623.513 6.05214 2.06845 -6.81823 -5.68774 2.24088 7.11386 -0.00335976 -0.104153 0.0711658
623.529 5.86062 1.95354 -6.81823 -5.69851 2.25882 7.11266 -0.000305433 -0.101556 0.083994
623.545 6.01384 2.22167 -6.62671 -5.62552 2.41795 7.1007 0.000458149 -0.0960585 0.0942259
623.562 6.09044 2.33659 -6.5118 -5.75713 2.50648 7.11864 0.00366519 -0.0933096 0.109956
623.578 5.93723 2.29828 -6.85654 -5.78704 2.534 7.10668 0.00458149 -0.0933096 0.114537
623.595 5.93723 2.37489 -6.85654 -5.75115 2.54118 7.11745 0.00259618 -0.0887282 0.117744
623.612 5.89892 2.41319 -6.62671 -5.65424 2.54836 7.0983 0.00916297 -0.0887282 0.134848
623.628 5.97553 2.56641 -6.85654 -5.74038 2.69551 7.14616 0.00763582 -0.0856738 0.16921
623.645 6.09044 2.60472 -6.70332 -5.7344 2.73021 7.08395 0.00671952 -0.0806342 0.178525
623.661 6.16705 2.94946 -6.81823 -5.90668 3.04367 7.02652 0.00946841 -0.0794125 0.181121
623.678 6.16705 2.14506 -6.74162 -5.65424 2.0004 7.25743 0.00733038 -0.0797179 0.159283
623.695 5.78401 2.94946 -6.66501 -5.64467 2.89412 6.8339 0.0105374 -0.0781907 0.107054
623.71 6.09044 2.52811 -6.81823 -5.81336 2.78285 7.21914 -0.00229074 -0.0731511 -0.0329867
623.727 5.82231 2.83455 -6.85654 -5.74995 2.79721 7.00499 -0.000763581 -0.0745255 -0.0870483
623.743 6.32027 3.14098 -6.85654 -5.82652 3.05444 7.11745 -0.00229074 -0.0708604 -0.116064
623.76 6.20536 3.10268 -6.85654 -6.3015 3.24826 7.10309 -0.00687223 -0.0694859 -0.113621
623.777 7.92907 2.25998 -6.85654 -7.602 2.46102 7.12941 -0.00885754 -0.0743728 -0.081245
623.793 7.31619 3.21759 -7.04806 -7.18445 3.45045 7.01695 0.0 -0.0862847 0.00794125
623.81 7.31619 2.79624 -7.04806 -7.20957 3.0664 7.00139 -0.00885754 -0.0859793 0.00351247
623.826 7.23959 2.71963 -6.77993 -6.86381 2.91446 7.13779 -0.00839939 -0.0919352 0.0262672
623.843 6.5501 2.79624 -6.81823 -6.38046 2.92283 7.09113 -0.0105374 -0.100487 0.0442877
623.86 6.5501 2.52811 -7.08637 -6.24407 2.98624 7.10309 -0.0149662 -0.0994183 0.0514654
623.876 6.5501 2.60472 -6.62671 -6.30389 2.75414 7.11027 -0.0140499 -0.101404 0.0754418
623.893 6.43519 2.56641 -6.74162 -6.11366 2.76012 7.07677 -0.011301 -0.107054 0.0899499
623.909 6.43519 2.25998 -6.5501 -6.16391 2.62851 7.08754 -0.014508 -0.102931 0.071013
623.926 6.12875 2.37489 -6.89484 -6.13878 2.45743 7.10907 -0.0135917 -0.102014 0.065668
623.943 6.12875 2.41319 -6.85654 -5.83011 2.56869 7.09591 -0.0111483 -0.106901 0.0458149
623.958 6.20536 2.41319 -6.85654 -5.74636 2.55434 7.09352 -0.0138972 -0.101404 0.0229074
623.975 5.78401 2.37489 -6.97145 -5.72483 2.49691 7.12941 -0.0119119 -0.0989602 0.0235183
623.991 5.66909 2.52811 -6.77993 -5.54895 2.59741 7.09233 -0.00824668 -0.100029 0.0291688
624.007 5.78401 2.4515 -6.85654 -5.59681 2.62134 7.11027 -0.00916297 -0.0919352 0.0424551
624.024 5.7074 2.29828 -6.77993 -5.58245 2.51246 7.11506 -0.00855211 -0.0894917 0.0510072
624.04 5.78401 2.37489 -6.85654 -5.58844 2.54237 7.0995 -0.00870483 -0.0838412 0.046273
624.057 5.97553 2.41319 -6.74162 -5.80857 2.61296 7.12702 -0.00885754 -0.0810924 0.022602
624.074 6.09044 2.4515 -6.93315 -5.82891 2.65125 7.09711 -0.00702495 -0.0846048 0.0100793
624.09 6.12875 2.60472 -6.62671 -5.96172 2.68475 7.1007 -0.00885754 -0.0792598 -0.00595593
624.107 6.01384 2.41319 -6.81823 -6.05264 2.6321 7.1007 -0.00794125 -0.0765108 -0.00595593
624.122 6.28197 2.41319 -6.74162 -6.07657 2.62253 7.12702 -0.00717767 -0.0775799 0.00229074
624.138 6.09044 2.4898 -6.93315 -6.07298 2.68714 7.10548 -0.00763582 -0.0751364 0.0172569
624.155 6.20536 2.4515 -6.89484 -6.10887 2.64287 7.10189 -0.00962113 -0.0723875 0.0285579
624.171 6.32027 2.52811 -6.89484 -6.14596 2.65364 7.10548 -0.00763582 -0.0739146 0.0299324
624.188 6.58841 2.4898 -6.85654 -6.29312 2.69312 7.10189 -0.00366519 -0.0821613 0.0251982
624.204 6.66501 2.52811 -6.74162 -6.47139 2.76849 7.11147 -0.00962113 -0.0786489 0.0290161
624.221 6.81823 2.60472 -6.85654 -6.5671 2.84387 7.10309 -0.00717767 -0.0833831 0.0392481
624.238 6.66501 2.71963 -6.97145 -6.64128 2.84507 7.09711 -0.0114537 -0.0841467 0.0442877
624.254 6.58841 2.56641 -6.81823 -6.61137 2.78285 7.10189 -0.010232 -0.0867428 0.0496328
624.271 6.5501 2.41319 -6.74162 -6.40678 2.67637 7.10668 -0.0106901 -0.0875064 0.0525344
624.287 6.24366 2.41319 -6.74162 -6.29791 2.6333 7.11386 -0.0126754 -0.0878119 0.0520762
624.303 6.28197 2.4515 -6.58841 -6.14357 2.5663 7.09472 -0.0103847 -0.0916298 0.0505491
624.32 6.28197 2.41319 -6.85654 -6.09093 2.54716 7.0995 -0.0111483 -0.0933096 0.0633773
624.336 6.20536 2.33659 -7.00976 -6.067 2.54596 7.11266 -0.0108429 -0.0897971 0.0665843
624.353 6.35858 2.29828 -6.93315 -6.04068 2.534 7.09113 -0.0100793 -0.089339 0.064599
624.369 6.32027 2.29828 -6.74162 -5.9318 2.55434 7.10548 -0.00839939 -0.0878119 0.0508545
624.386 6.12875 2.41319 -6.85654 -5.91027 2.53639 7.0995 -0.00901026 -0.0879646 0.0418443
624.403 6.24366 2.29828 -6.81823 -5.90668 2.54955 7.11386 -0.00885754 -0.0899499 0.0415388
624.419 6.28197 2.33659 -7.00976 -6.03709 2.63689 7.10548 -0.00458149 -0.0884227 0.0426078
624.435 6.28197 2.60472 -6.43519 -6.11486 2.65484 7.11266 -0.00687223 -0.0878119 0.0381791
624.45 6.58841 2.60472 -6.5118 -6.25603 2.66201 7.0983 -0.00763582 -0.0868956 0.0329867
624.467 6.43519 2.4515 -6.81823 -6.28714 2.71107 7.10429 -0.0105374 -0.0844521 0.0255036
624.484 6.47349 2.4898 -6.66501 -6.22253 2.72662 7.11864 -0.00901026 -0.08827 0.0233656
624.5 6.62671 2.60472 -6.85654 -6.20937 2.73619 7.11745 -0.0100793 -0.0885754 0.0229074
624.517 6.35858 2.4515 -6.77993 -6.14477 2.72064 7.08754 -0.0108429 -0.087201 0.0138972
624.533 6.35858 2.4515 -6.89484 -6.09093 2.70748 7.10668 -0.0108429 -0.0908662 0.000458149
624.55 6.39688 2.4515 -6.85654 -6.09571 2.6656 7.0995 -0.00946841 -0.0899499 -0.00962113
624.567 6.24366 2.33659 -6.70332 -6.09093 2.59023 7.09352 -0.011301 -0.0890336 -0.0126754
624.583 6.35858 2.4515 -6.77993 -6.06461 2.55553 7.10189 -0.0131336 -0.0855211 -0.0227547
624.6 6.16705 2.41319 -6.85654 -6.08136 2.54237 7.11147 -0.01237 -0.087201 -0.0368046
624.616 6.24366 2.29828 -6.70332 -6.02632 2.5316 7.09113 -0.0105374 -0.0878119 -0.0484111
624.633 6.32027 2.29828 -6.58841 -6.1017 2.45743 7.09591 -0.0122173 -0.0852157 -0.0795652
624.65 6.39688 2.29828 -6.81823 -6.09571 2.49452 7.10668 -0.0137445 -0.0875064 -0.110261
624.666 6.43519 2.25998 -6.85654 -6.12323 2.53639 7.11147 -0.0138972 -0.0835358 -0.121409
624.682 6.47349 2.37489 -6.77993 -6.21655 2.51605 7.10548 -0.0128282 -0.086132 -0.144164
624.699 6.35858 2.33659 -6.81823 -6.3015 2.47178 7.11027 -0.0137445 -0.0891863 -0.16081
624.714 6.47349 2.33659 -6.70332 -6.34217 2.44905 7.08993 -0.0146608 -0.0884227 -0.172569
624.731 6.5501 2.18337 -6.81823 -6.42592 2.41077 7.12343 -0.0155771 -0.0894917 -0.205098
624.747 6.5118 2.10676 -6.89484 -6.38644 2.36052 7.10429 -0.0149662 -0.0910189 -0.238085
624.764 6.5118 2.18337 -6.81823 -6.3673 2.33539 7.11984 -0.0143553 -0.0920879 -0.26817
624.781 6.5501 2.03015 -7.20128 -6.3003 2.24447 7.10907 -0.0148135 -0.0926988 -0.279776
624.797 6.43519 1.91523 -6.58841 -6.24287 2.25045 7.10668 -0.0126754 -0.0957531 -0.288787
624.814 6.5118 2.18337 -6.77993 -6.26321 2.29591 7.08395 -0.0151189 -0.0962113 -0.280234
624.83 6.5118 1.91523 -6.81823 -6.31466 2.18345 7.0995 -0.0146608 -0.0934624 -0.274431
624.847 6.58841 1.83862 -7.04806 -6.4008 2.1332 7.10189 -0.0119119 -0.0951423 -0.245568
624.864 6.58841 1.91523 -6.81823 -6.39362 2.1009 7.09352 -0.0117592 -0.0923933 -0.212581
624.88 6.62671 1.87693 -6.85654 -6.37448 2.12004 7.11266 -0.0109956 -0.090408 -0.202044
624.897 6.62671 1.87693 -7.04806 -6.37687 2.09731 7.0995 -0.010232 -0.0926988 -0.209374
624.912 6.43519 1.72371 -6.81823 -6.35892 1.92263 7.11984 -0.0111483 -0.0969748 -0.239459
624.929 6.70332 1.80032 -6.89484 -6.42233 1.9992 7.11506 -0.0114537 -0.0942259 -0.251829
624.946 6.62671 2.10676 -6.89484 -6.37448 2.17508 7.10788 -0.0108429 -0.0960585 -0.240223
624.962 6.43519 2.10676 -7.00976 -6.3673 2.17866 7.12223 -0.010232 -0.0937678 -0.180511
624.979 6.58841 1.87693 -6.97145 -6.39841 2.15354 7.11984 -0.0117592 -0.0925461 -0.127518
624.995 6.58841 1.87693 -6.89484 -6.37089 2.06022 7.1007 -0.0103847 -0.0923933 -0.108276
625.012 6.74162 1.91523 -6.85654 -6.41276 2.04467 7.11864 -0.00962113 -0.0905607 -0.0830777
625.029 6.58841 1.68541 -6.81823 -6.4666 1.91186 7.12223 -0.00870483 -0.0959058 -0.0630718
625.045 6.77993 1.72371 -6.74162 -6.48574 1.83529 7.10907 -0.00717767 -0.0969748 -0.0597121
625.062 6.89484 1.57049 -6.85654 -6.52283 1.74317 7.11266 -0.00839939 -0.0942259 -0.0781907
625.078 6.74162 1.53219 -6.66501 -6.51087 1.70847 7.14736 -0.00687223 -0.0954477 -0.0922406
625.094 6.74162 1.53219 -6.77993 -6.54796 1.81974 7.15454 -0.00702495 -0.0940732 -0.0894917
625.111 6.5501 1.6088 -6.85654 -6.33619 1.74676 7.10788 -0.00641408 -0.0945314 -0.0868956
625.127 6.5118 1.6088 -6.89484 -6.32542 1.76351 7.10907 -0.00397062 -0.0965167 -0.0817032
625.144 6.43519 1.72371 -6.62671 -6.25603 1.78863 7.12941 -0.00412334 -0.0942259 -0.0783434
625.16 6.66501 1.76202 -6.81823 -6.25364 1.86401 7.10788 -0.00290161 -0.0960585 -0.0720821
625.177 6.32027 1.53219 -6.89484 -6.36491 1.83529 7.12463 -0.00366519 -0.0917825 -0.0609338
625.194 6.43519 1.57049 -6.81823 -6.36969 1.81854 7.11386 -0.00244346 -0.089339 -0.0499382
625.21 6.70332 1.57049 -7.16298 -6.39601 1.81615 7.11984 -0.0018326 -0.0919352 -0.0435241
625.227 6.5501 1.68541 -6.74162 -6.34935 1.83649 7.10907 -0.00122173 -0.0926988 -0.0308487
625.243 6.39688 1.72371 -6.81823 -6.33021 1.81735 7.1342 -0.00106901 -0.090408 -0.0155771
625.26 6.62671 1.72371 -6.81823 -6.35773 1.84965 7.12702 -0.000305433 -0.0917825 -0.0164934
625.277 6.43519 1.72371 -6.62671 -6.37208 1.84726 7.11147 -0.00473421 -0.0856738 -0.0169515
625.293 6.5118 1.57049 -6.77993 -6.38166 1.8006 7.10907 -0.00274889 -0.0916298 -0.022602
625.31 6.62671 1.6088 -6.77993 -6.37328 1.75633 7.11625 -0.00290161 -0.0891863 -0.0171042
625.326 6.62671 1.6471 -6.81823 -6.42831 1.74437 7.12104 -0.00335976 -0.0859793 -0.0161879
625.343 6.58841 1.6088 -6.62671 -6.42233 1.77069 7.11864 -0.00381791 -0.0838412 -0.0227547
625.359 6.5501 1.72371 -6.74162 -6.46181 1.78983 7.14138 -0.000458149 -0.0891863 -0.0364992
625.375 6.77993 1.68541 -6.97145 -6.47139 1.8006 7.09113 -0.00580322 -0.0829249 -0.0412334
625.392 6.58841 1.6088 -6.5118 -6.49053 1.7671 7.12822 -0.00351247 -0.0890336 -0.0555887
625.408 6.5501 1.72371 -6.89484 -6.49531 1.78385 7.11864 -0.0065668 -0.0868956 -0.0607811
625.424 6.66501 1.49388 -6.77993 -6.48215 1.74915 7.12702 -0.00733038 -0.0846048 -0.0607811
625.441 6.47349 1.53219 -6.85654 -6.45942 1.68574 7.10189 -0.0056505 -0.091477 -0.0558941
625.457 6.70332 1.57049 -6.81823 -6.39482 1.70369 7.11147 -0.00427606 -0.0884227 -0.0409279
625.474 6.62671 1.6471 -6.77993 -6.39601 1.70369 7.10548 -0.00259618 -0.0885754 -0.010232
625.491 6.5501 1.53219 -6.77993 -6.38285 1.6331 7.11027 -0.00259618 -0.087201 -0.000458149
625.507 6.5118 1.41727 -6.97145 -6.40678 1.63071 7.11386 -0.00442877 -0.0818559 0.00885754
625.524 6.58841 1.68541 -6.77993 -6.43908 1.68933 7.09711 -0.00290161 -0.0849102 -0.00458149
625.54 6.5501 1.53219 -6.93315 -6.40558 1.7324 7.12104 -0.00488692 -0.0849102 -0.013439
625.557 6.74162 1.6471 -6.62671 -6.59821 1.82931 7.14138 -0.00641408 -0.0833831 -0.0135917
625.574 6.70332 1.45558 -6.74162 -6.51446 1.67139 7.10548 -0.00626137 -0.0862847 -0.0222966
625.589 6.77993 1.6088 -6.97145 -6.56471 1.6989 7.11745 -0.00534507 -0.0847575 -0.023671
625.605 6.70332 1.57049 -6.74162 -6.54796 1.64506 7.11745 -0.00687223 -0.0890336 -0.0302378
625.621 6.70332 1.49388 -6.77993 -6.55514 1.62831 7.11027 -0.00717767 -0.0864374 -0.0380264
625.638 6.74162 1.68541 -6.81823 -6.58863 1.69292 7.11027 -0.0074831 -0.0875064 -0.0468839
625.655 6.74162 1.37897 -6.85654 -6.60419 1.59362 7.11984 -0.00931569 -0.0870483 -0.0772744
625.671 6.77993 1.26405 -6.74162 -6.59581 1.54457 7.0995 -0.0109956 -0.090408 -0.106443
625.688 6.58841 1.22575 -6.81823 -6.60419 1.4345 7.10668 -0.00870483 -0.0907135 -0.106291
625.704 6.74162 1.41727 -6.89484 -6.52642 1.52303 7.13181 -0.00549779 -0.0939205 -0.0922406
625.721 8.54194 1.83862 -8.27381 -7.20479 1.18804 7.92024 -0.0203113 -0.097433 -0.413708
625.738 7.46941 1.57049 -7.77585 -7.32443 1.05284 7.97528 -0.0836885 -0.129045 -2.3361
625.754 7.3928 1.41727 -6.05214 -6.41875 1.55533 6.30987 -0.123089 -0.130114 -2.92314
625.771 6.66501 0.57457 -6.24366 -6.87577 0.972682 6.42712 -0.167835 -0.116675 -3.49323
625.787 5.93723 0.766094 -7.3545 -7.23111 1.9322 7.35912 -0.137597 -0.115606 -2.54105
625.804 4.78809 0.689484 -6.77993 -6.20818 1.96451 7.00259 -0.108887 -0.109192 -1.48226
625.821 4.78809 -0.229828 -7.00976 -5.39342 0.421137 7.3005 -0.0438296 -0.0875064 0.358425
625.837 5.66909 -0.191523 -6.89484 -5.27737 -0.607777 7.20718 0.00733038 -0.087201 0.47281
625.854 6.62671 -0.0766094 -6.77993 -5.78704 -0.0538385 7.133 0.00259618 -0.0749837 0.238543
625.87 7.43111 -0.268133 -6.5501 -7.02293 -0.288335 6.89731 -0.0174097 -0.0681114 0.0902553
625.887 7.43111 -0.191523 -6.85654 -7.43569 -0.321834 7.21675 -0.0174097 -0.0788016 -0.0320704
625.904 7.58433 -0.0766094 -6.77993 -7.44885 0.00119641 7.09113 -0.011301 -0.0795652 -0.0384845
625.92 7.43111 -0.268133 -6.97145 -7.39502 -0.116052 7.13181 -0.0155771 -0.0853684 -0.0563523
625.937 7.00976 -0.383047 -6.62671 -6.8985 -0.440279 7.16889 -0.0163406 -0.0923933 -0.0661261
625.953 6.89484 -0.0383047 -6.85654 -6.5671 -0.061017 7.11027 -0.00733038 -0.0832304 -0.0636827
625.97 6.66501 0.153219 -6.85654 -6.49531 0.0490528 7.17607 -0.00717767 -0.0879646 -0.0794125
625.987 6.66501 0.268133 -6.5501 -6.52881 0.137587 7.13061 -0.0106901 -0.0852157 -0.0751364
626.003 6.66501 0.153219 -7.20128 -6.46301 0.0753739 7.11864 -0.0100793 -0.083994 -0.0925461
626.02 6.74162 0.0 -6.77993 -6.45703 -0.0239282 7.11625 -0.00794125 -0.0820086 -0.119424
626.036 6.81823 -0.268133 -6.89484 -6.44985 -0.087338 7.14736 -0.00946841 -0.081245 -0.122784
626.053 6.70332 -0.229828 -6.74162 -6.53839 -0.124427 7.12822 -0.00794125 -0.0807869 -0.107665
626.07 6.77993 -0.268133 -6.81823 -6.67837 -0.198604 7.12822 -0.00580322 -0.0827722 -0.124464
626.086 6.81823 -0.229828 -6.77993 -6.70229 -0.217747 7.12941 -0.0056505 -0.0807869 -0.133016
626.103 6.89484 -0.191523 -6.77993 -6.7669 -0.259621 7.10907 -0.00595593 -0.0797179 -0.158825
626.119 7.20128 -0.191523 -6.85654 -6.90568 -0.252443 7.12463 -0.00366519 -0.0807869 -0.204029
626.136 7.27789 -0.0766094 -6.70332 -6.97029 -0.195015 7.13659 -0.00641408 -0.0842994 -0.277944
626.153 7.31619 0.153219 -7.04806 -7.03729 -0.336191 7.38186 -0.00488692 -0.0846048 -0.345139
626.169 7.04806 -0.0766094 -7.04806 -6.97627 -0.314656 7.26461 -0.00901026 -0.0928515 -1.00762
626.186 7.04806 0.383047 -6.5501 -6.9667 0.434297 6.94875 -0.0358883 -0.0844521 -0.875064
626.202 7.12467 -0.229828 -6.70332 -6.9679 -0.102891 7.13898 -0.047342 -0.0879646 -0.821614
626.218 6.97145 -0.459656 -7.04806 -6.84108 -0.629312 7.26341 -0.0436769 -0.0956004 -0.899041
626.235 6.77993 -0.383047 -6.28197 -6.6006 -0.435494 7.04088 -0.0378736 -0.0876591 -0.929431
626.251 6.77993 -0.536266 -6.32027 -6.67956 -0.441475 6.90209 -0.0361938 -0.0800233 -0.826806
626.267 6.81823 -0.766094 -6.85654 -6.85543 -0.789631 6.92602 -0.0319177 -0.0833831 -0.459371
626.283 6.70332 -0.919312 -7.00976 -6.41755 -1.22752 7.21914 -0.022602 -0.0977384 -0.444404
626.3 6.62671 -1.11084 -6.89484 -6.29432 -1.34237 7.21316 -0.0195477 -0.0936151 -0.622166
626.316 6.62671 -0.881008 -6.74162 -6.58146 -0.997807 7.01217 -0.0285579 -0.0870483 -0.822988
626.332 6.89484 -1.18745 -6.85654 -6.71186 -1.32802 7.0672 -0.0410807 -0.0868956 -0.696234
626.349 7.08637 -1.37897 -6.81823 -6.61137 -1.53021 7.10668 -0.0276416 -0.0922406 -0.703106
626.366 6.74162 -1.37897 -6.81823 -6.50489 -1.53978 7.1342 -0.020464 -0.0940732 -0.777173
626.382 6.74162 -1.37897 -6.74162 -6.64008 -1.44526 7.04088 -0.0294742 -0.0868956 -0.814741
626.399 6.77993 -1.41727 -6.66501 -6.68913 -1.6678 7.09711 -0.0340557 -0.0885754 -0.684474
626.415 6.70332 -1.49388 -6.85654 -6.54556 -1.79222 7.13181 -0.0276416 -0.0908662 -0.690736
626.432 6.70332 -1.53219 -6.77993 -6.42951 -1.69292 7.10189 -0.0181732 -0.0913243 -0.766941
626.449 6.77993 -1.49388 -6.66501 -6.65563 -1.65583 7.06839 -0.0267254 -0.0855211 -0.725555
626.465 6.58841 -1.76202 -6.66501 -6.6341 -1.86162 7.09472 -0.0305433 -0.0890336 -0.691957
626.482 6.81823 -1.76202 -7.16298 -6.58983 -2.02792 7.15214 -0.0282525 -0.0878119 -0.741132
626.498 6.85654 -1.91523 -6.70332 -6.77527 -1.98724 7.07677 -0.0270308 -0.0879646 -0.778853
626.515 7.04806 -2.10676 -6.85654 -6.77527 -2.11167 7.08993 -0.0271835 -0.091477 -0.709672
626.531 6.74162 -2.18337 -6.81823 -6.57428 -2.44786 7.10429 -0.0222966 -0.0957531 -0.696081
626.547 6.74162 -2.22167 -6.77993 -6.4654 -2.4993 7.14975 -0.0210748 -0.0933096 -0.734718
626.564 6.47349 -2.37489 -6.5118 -6.41635 -2.49811 7.10907 -0.0224493 -0.0937678 -0.763276
626.58 6.5118 -2.41319 -6.93315 -6.32542 -2.58544 7.10907 -0.0238237 -0.0937678 -0.754113
626.597 6.43519 -2.60472 -6.85654 -6.21057 -2.71107 7.08036 -0.0186314 -0.096364 -0.774577
626.614 6.5118 -2.52811 -6.85654 -6.3661 -2.64885 7.09591 -0.0198531 -0.0930042 -0.661567
626.63 6.47349 -2.4898 -6.97145 -6.34098 -2.70748 7.05524 -0.0200058 -0.0948368 -0.6269
626.646 6.47349 -2.52811 -7.00976 -6.37448 -2.75773 7.1665 -0.0166461 -0.0930042 -0.644157
626.662 6.5501 -2.71963 -6.74162 -6.54078 -2.82592 7.12463 -0.0146608 -0.0925461 -0.482889
626.679 6.77993 -2.87285 -6.89484 -6.60538 -2.84267 7.10907 -0.0106901 -0.0926988 -0.237474
626.696 6.58841 -2.56641 -6.47349 -6.82911 -2.85224 7.13061 0.000610865 -0.095295 -0.0684169
626.712 6.5118 -2.64302 -6.85654 -6.48335 -2.81874 7.08395 0.00534507 -0.0940732 0.123242
626.729 6.58841 -2.56641 -6.70332 -6.42114 -2.71107 7.13898 0.00519235 -0.095295 0.209221
626.745 6.5118 -3.21759 -6.85654 -6.15195 -3.77348 7.30648 0.0111483 -0.104 0.239917
626.762 6.81823 -2.71963 -6.5118 -6.62453 -2.91446 6.92842 0.0198531 -0.101862 0.256869
626.779 6.77993 -2.52811 -6.89484 -6.22253 -2.80798 7.18325 0.014508 -0.100945 0.331852
626.794 5.7457 -2.41319 -6.47349 -5.96411 -2.90728 7.08275 0.0131336 -0.0989602 0.361021
626.81 5.86062 -2.37489 -6.77993 -5.61356 -2.49332 7.10189 0.0167988 -0.098502 0.361327
626.825 5.63079 -1.80032 -6.97145 -5.56331 -2.30189 7.14257 0.0155771 -0.0969748 0.340252
626.842 5.55418 -1.83862 -6.70332 -5.68415 -1.96092 7.07318 0.00290161 -0.090408 0.244041
626.858 6.05214 -1.68541 -6.81823 -5.7344 -1.83171 7.16411 -0.00259618 -0.0862847 0.127671
626.874 5.82231 -1.6471 -6.85654 -5.68176 -1.85683 7.10548 -0.00839939 -0.0868956 0.0368046
626.891 5.97553 -2.14506 -6.81823 -5.85763 -2.20977 7.13181 -0.0119119 -0.0820086 0.00824668
626.908 6.5118 -2.60472 -6.85654 -6.27278 -2.70867 7.14138 -0.0138972 -0.0794125 -0.00595593
626.924 6.89484 -3.44742 -6.85654 -6.91406 -3.65982 7.17966 -0.000916298 -0.083994 0.0650571
626.941 7.62263 -3.94538 -6.85654 -7.34716 -4.07737 7.12941 0.0065668 -0.0864374 0.135917
626.957 7.73755 -3.94538 -6.97145 -7.5996 -4.21854 7.17368 0.0305433 -0.111788 0.275958
626.974 6.89484 -2.94946 -6.5118 -6.82911 -3.0987 6.97747 0.0369573 -0.114232 0.394771
626.997 6.39688 -2.18337 -6.89484 -6.18664 -2.38086 7.066 0.0177151 -0.0962113 0.392175
627.014 6.20536 -2.14506 -6.97145 -5.98684 -2.39522 7.20359 0.0065668 -0.0846048 0.350178
627.031 5.82231 -1.72371 -6.77993 -5.82413 -2.15713 7.14855 0.022602 -0.0983493 0.324827
