677.273 -6.58841 -1.07253 -5.97553 7.69292 -1.30289 6.11964 -0.00870483 -0.0937678 -0.0598648
677.289 -7.00976 -1.18745 -6.12875 7.71924 -1.36989 6.32542 -0.00687223 -0.0957531 -0.0775799
677.306 -6.81823 -1.18745 -5.36266 7.68933 -1.34118 6.55992 -0.00733038 -0.091477 -0.101556
677.323 -6.81823 -1.14914 -6.35858 7.70249 -1.37827 6.57428 -0.0132863 -0.0901026 -0.136223
677.346 -6.93315 -1.07253 -6.16705 7.78864 -1.33878 6.47737 -0.0125227 -0.0942259 -0.14508
677.363 -6.89484 -1.22575 -6.24366 7.72881 -1.32323 6.51446 -0.0125227 -0.0885754 -0.108887
677.379 -6.62671 -1.11084 -6.58841 7.56491 -1.29691 6.61974 -0.00916297 -0.0917825 -0.0917825
677.396 -6.70332 -1.07253 -5.7457 7.5326 -1.24666 6.11007 -0.0114537 -0.097433 -0.0690278
677.412 -6.93315 -1.11084 -5.86062 7.6666 -1.27298 6.08853 -0.0135917 -0.0916298 -0.0890336
677.429 -6.81823 -0.995922 -6.20536 7.68096 -1.25743 6.19502 -0.0180205 -0.0846048 -0.0940732
677.446 -6.70332 -1.03423 -6.20536 7.54098 -1.12941 6.52762 -0.0137445 -0.0852157 -0.102778
677.462 -6.66501 -0.881008 -6.74162 7.65224 -1.09232 6.88774 -0.0174097 -0.0907135 -0.119271
677.479 -6.85654 -1.07253 -6.58841 7.68814 -1.13659 6.79083 -0.0213803 -0.0855211 -0.111788
677.494 -6.81823 -0.995922 -7.23959 7.68694 -1.16291 7.40818 -0.0140499 -0.0966694 -0.0838412
677.511 -7.00976 -0.804398 -6.16705 7.84846 -1.01097 6.43669 -0.0152716 -0.110261 -0.0284052
677.528 -6.85654 -0.727789 -6.01384 7.93101 -1.05763 6.11725 -0.0184787 -0.102931 -0.0335976
677.544 -6.81823 -0.881008 -6.32027 7.70848 -1.07916 6.4678 -0.0248928 -0.0998765 -0.0392481
677.561 -6.74162 -0.727789 -5.86062 7.51585 -1.08873 6.20937 -0.020464 -0.106901 -0.0351248
677.577 -6.97145 -0.995922 -6.62671 7.71565 -1.11506 6.24766 -0.014508 -0.100487 -0.0633773
677.594 -6.81823 -1.03423 -6.58841 7.62114 -1.11864 6.69153 -0.0138972 -0.0885754 -0.0497855
677.611 -6.70332 -0.995922 -6.24366 7.69412 -1.17488 6.45942 -0.011301 -0.089339 -0.0313068
677.627 -6.77993 -0.957617 -6.01384 7.77667 -1.19761 6.29073 -0.0114537 -0.0945314 -0.0140499
677.644 -6.93315 -0.995922 -5.78401 7.78624 -1.15932 6.25842 -0.0125227 -0.0916298 -0.0163406
677.66 -6.89484 -0.766094 -6.20536 7.70369 -1.0325 6.28355 -0.00977384 -0.0942259 -0.0436769
677.677 -6.97145 -0.727789 -6.32027 7.68933 -0.991825 6.54437 -0.0138972 -0.0956004 -0.0639881
677.693 -6.81823 -0.727789 -6.12875 7.68694 -0.990628 6.53958 -0.0155771 -0.0939205 -0.0395535
677.709 -7.00976 -0.804398 -6.39688 7.74915 -0.995414 6.41156 -0.01237 -0.0954477 -0.0279471
677.726 -6.97145 -0.804398 -6.20536 7.74556 -0.993021 6.3673 -0.013439 -0.0962113 -0.0198531
677.742 -6.85654 -0.919312 -6.09044 7.76471 -1.00499 6.38046 -0.0129809 -0.0939205 -0.0157298
677.759 -6.85654 -0.612875 -5.97553 7.85563 -1.01456 6.18903 -0.014508 -0.090408 -0.0137445
677.776 -6.97145 -0.842703 -6.12875 7.84965 -1.02173 6.34816 -0.0151189 -0.0925461 -0.0467312
677.792 -6.93315 -0.957617 -6.28197 7.72283 -1.1342 6.49172 -0.0132863 -0.089339 -0.0374155
677.809 -6.85654 -1.07253 -6.32027 7.78864 -1.19163 6.44267 -0.0143553 -0.0896445 -0.0380264
677.825 -6.97145 -0.804398 -6.39688 7.8018 -1.08873 6.42114 -0.0137445 -0.0896445 -0.044135
677.842 -6.89484 -0.766094 -6.39688 7.77188 -1.05165 6.36491 -0.013439 -0.085063 -0.0335976
677.859 -6.85654 -0.766094 -6.16705 7.81376 -0.98345 6.40319 -0.00901026 -0.0879646 -0.000458149
677.875 -7.04806 -0.689484 -6.24366 7.85803 -0.897308 6.35175 -0.00763582 -0.0919352 0.0149662
677.892 -7.04806 -0.766094 -6.47349 7.83171 -0.9667 6.40917 -0.00824668 -0.0876591 0.00687223
677.908 -6.89484 -0.804398 -6.35858 7.78864 -1.00618 6.4355 -0.00931569 -0.0884227 -0.000458149
677.924 -6.74162 -0.919312 -6.12875 7.74676 -1.08395 6.46062 -0.00641408 -0.0930042 0.0106901
677.941 -6.89484 -0.919312 -6.32027 7.75513 -1.08275 6.39003 -0.0100793 -0.0858265 0.0346666
677.957 -6.85654 -0.689484 -5.82231 7.69531 -0.937986 6.37328 -0.00702495 -0.0885754 0.0398589
677.974 -6.77993 -0.766094 -6.12875 7.67856 -0.902094 6.38285 -0.00519235 -0.0911716 0.0378736
677.991 -6.81823 -0.766094 -6.24366 7.68216 -0.92004 6.37687 -0.00824668 -0.0870483 0.0358883
678.007 -6.89484 -0.842703 -6.12875 7.73001 -0.959521 6.38166 -0.0065668 -0.0920879 0.0282525
678.024 -6.77993 -0.919312 -5.89892 7.67378 -0.964307 6.38644 -0.00610865 -0.0884227 0.0332921
678.04 -6.81823 -0.766094 -6.12875 7.65823 -0.945165 6.4008 -0.0056505 -0.0936151 0.0412334
678.057 -6.89484 -0.804398 -6.24366 7.78146 -0.929611 6.40558 -0.00702495 -0.0911716 0.0621555
678.074 -6.85654 -0.727789 -5.78401 7.8664 -0.876969 6.4008 -0.00885754 -0.087201 0.0659734
678.09 -6.89484 -0.65118 -6.20536 7.8329 -0.820738 6.37208 -0.00901026 -0.0842994 0.065668
678.107 -7.04806 -0.804398 -6.09044 7.72044 -0.891326 6.38524 -0.0108429 -0.0856738 0.0592539
678.122 -6.81823 -0.842703 -6.12875 7.72403 -0.93679 6.39841 -0.00901026 -0.0878119 0.079107
678.139 -6.77993 -0.842703 -6.05214 7.69771 -1.05404 6.39123 -0.010232 -0.0824668 0.0986547
678.156 -6.85654 -0.766094 -6.24366 7.69651 -1.05763 6.38166 -0.00702495 -0.0859793 0.123547
678.172 -6.93315 -0.957617 -6.35858 7.81735 -1.05523 6.38764 -0.00473421 -0.0875064 0.127824
678.189 -6.93315 -0.881008 -6.12875 7.83888 -1.05284 6.36969 -0.00244346 -0.0879646 0.122937
678.204 -7.12467 -0.804398 -6.12875 7.90229 -0.984646 6.40199 -0.00427606 -0.0875064 0.112246
678.221 -7.08637 -0.727789 -6.01384 7.98126 -1.0002 6.36371 -0.00580322 -0.0826195 0.114079
678.237 -7.20128 -0.919312 -6.28197 7.98365 -1.0349 6.37926 -0.00626137 -0.0781907 0.120035
678.253 -7.31619 -0.919312 -6.12875 7.96929 -1.10429 6.36251 -0.00244346 -0.0818559 0.135001
678.27 -6.81823 -0.957617 -6.24366 7.89153 -1.15813 6.38883 -0.00427606 -0.0775799 0.158061
678.286 -6.81823 -0.919312 -6.09044 7.83649 -1.14855 6.37807 -0.000610865 -0.0801761 0.169668
678.303 -6.89484 -0.919312 -6.20536 7.72522 -1.07438 6.37687 -0.00106901 -0.0765108 0.174249
678.32 -6.93315 -0.919312 -6.24366 7.69891 -1.07677 6.41156 -0.00351247 -0.0774271 0.159741
678.336 -6.58841 -0.842703 -6.32027 7.7001 -1.1342 6.40798 -0.00198531 -0.0775799 0.122784
678.353 -6.70332 -0.881008 -6.20536 7.60319 -1.1318 6.42592 -0.00137445 -0.0833831 0.102473
678.369 -6.58841 -0.957617 -6.16705 7.50867 -1.11027 6.40199 -0.00412334 -0.0833831 0.0778853
678.386 -6.62671 -1.03423 -6.20536 7.47039 -1.1665 6.43191 -0.00610865 -0.0824668 0.079107
678.403 -6.58841 -0.842703 -6.32027 7.49432 -1.17248 6.42114 -0.00839939 -0.085063 0.0768163
678.418 -6.66501 -0.919312 -6.16705 7.48953 -1.10788 6.40798 -0.011301 -0.0762054 0.0662789
678.435 -6.89484 -0.957617 -6.43519 7.54935 -1.14257 6.40319 -0.00809396 -0.0875064 0.052229
678.45 -6.70332 -1.07253 -5.7457 7.55294 -1.17846 6.41276 -0.00870483 -0.089339 0.0418443
678.467 -6.81823 -0.995922 -6.05214 7.63071 -1.22393 6.41276 -0.00809396 -0.0945314 0.0125227
678.484 -6.93315 -1.14914 -6.09044 7.71326 -1.27537 6.40798 -0.0132863 -0.0868956 -0.00687223
678.5 -6.62671 -1.07253 -6.20536 7.70967 -1.24307 6.38405 -0.00962113 -0.0887282 0.00213803
678.517 -6.81823 -1.11084 -6.24366 7.72044 -1.24307 6.42233 -0.00962113 -0.0884227 0.0259618
678.533 -6.89484 -0.881008 -6.12875 7.71924 -1.11027 6.39003 -0.00671952 -0.0855211 0.0704022
678.55 -6.89484 -0.842703 -6.28197 7.71565 -1.15334 6.40798 -0.00442877 -0.0901026 0.0752891
678.567 -6.81823 -0.995922 -6.32027 7.81256 -1.20479 6.39721 -0.00534507 -0.0868956 0.0606284
678.583 -6.97145 -1.11084 -6.16705 7.77787 -1.25503 6.38644 -0.00412334 -0.090408 0.00534507
678.6 -6.85654 -1.22575 -6.24366 7.75753 -1.2682 6.38046 -0.00916297 -0.0875064 -0.0313068
678.616 -6.70332 -1.03423 -6.28197 7.72403 -1.19641 6.40678 -0.00671952 -0.0888809 -0.036041
678.632 -6.77993 -1.03423 -6.28197 7.73958 -1.16889 6.3996 -0.00381791 -0.0931569 -0.0152716
678.648 -6.89484 -0.766094 -6.16705 7.67019 -1.05882 6.39721 -0.00412334 -0.0888809 0.0132863
678.663 -6.74162 -0.995922 -6.20536 7.56371 -1.12104 6.41396 -0.00335976 -0.0896445 0.0201585
678.68 -6.74162 -0.842703 -6.32027 7.64746 -1.08395 6.40319 -0.00381791 -0.0879646 0.00549779
678.697 -6.74162 -0.957617 -5.97553 7.72044 -1.15334 6.42592 -0.00671952 -0.0855211 -0.011301
678.713 -6.85654 -0.919312 -6.20536 7.70608 -1.06241 6.39123 -0.00320704 -0.0954477 -0.021533
678.73 -6.89484 -0.919312 -6.20536 7.61396 -1.12822 6.39721 -0.00397062 -0.0966694 -0.011301
678.746 -6.62671 -1.03423 -6.20536 7.55773 -1.20598 6.41276 -0.00458149 -0.0917825 0.02474
678.763 -6.66501 -0.766094 -6.62671 7.51825 -1.21436 6.42592 -0.0018326 -0.0891863 0.0493274
678.78 -6.85654 -0.995922 -6.12875 7.57926 -1.18564 6.42712 -0.00305432 -0.0899499 0.0545197
678.796 -6.74162 -0.881008 -6.16705 7.60558 -1.133 6.40439 0.00137445 -0.0945314 0.0491747
678.813 -6.81823 -0.995922 -6.39688 7.63549 -1.15334 6.3996 -0.00198531 -0.0939205 0.0423024
678.829 -6.77993 -0.919312 -6.35858 7.72164 -1.13779 6.40439 0.00167988 -0.100029 0.0418443
678.846 -6.85654 -0.804398 -6.05214 7.72762 -1.04566 6.40917 -0.000916298 -0.0910189 0.0468839
678.863 -6.81823 -0.804398 -6.05214 7.69891 -0.993021 6.40439 -0.00152716 -0.0910189 0.0438296
678.879 -6.66501 -0.766094 -6.12875 7.69891 -1.04088 6.39841 0.00458149 -0.0992656 0.0400117
678.896 -6.74162 -0.842703 -6.12875 7.69531 -1.04088 6.3996 0.00305432 -0.0991129 0.0375682
678.912 -6.93315 -0.842703 -6.09044 7.73839 -1.04207 6.41396 0.00152716 -0.0949895 0.0335976
678.929 -6.97145 -0.766094 -6.16705 7.7683 -1.03609 6.40917 -0.00167988 -0.0956004 0.0335976
678.945 -6.85654 -0.919312 -6.09044 7.75633 -1.04566 6.41635 -0.000305433 -0.0942259 0.0345139
678.961 -6.81823 -0.842703 -6.16705 7.7659 -1.07318 6.39123 -0.00366519 -0.0870483 0.0340557
678.978 -6.89484 -0.881008 -6.16705 7.81615 -1.06002 6.39601 -0.000916298 -0.0919352 0.0310014
678.994 -6.89484 -0.842703 -6.16705 7.81496 -1.0002 6.4008 -0.00229074 -0.0881173 0.0323759
679.011 -6.89484 -0.919312 -5.89892 7.82931 -0.969093 6.39362 -0.000305433 -0.0908662 0.0346666
679.028 -6.85654 -0.766094 -6.16705 7.81017 -0.972682 6.37926 -0.000458149 -0.0905607 0.0389426
679.044 -6.93315 -0.689484 -6.20536 7.79701 -0.951147 6.39482 -0.00335976 -0.0901026 0.0423024
679.061 -6.89484 -0.689484 -6.12875 7.79821 -0.972682 6.38524 0.00152716 -0.0962113 0.0444404
679.077 -6.93315 -0.842703 -6.12875 7.79821 -0.945165 6.39841 -0.00473421 -0.0859793 0.0464257
679.094 -6.97145 -0.919312 -6.20536 7.77547 -0.94995 6.38883 -0.0056505 -0.0862847 0.0514654
679.111 -6.85654 -0.919312 -6.20536 7.70249 -1.04925 6.4008 -0.00702495 -0.0885754 0.0552833
679.127 -6.85654 -0.995922 -6.09044 7.66062 -1.09831 6.40558 -0.00549779 -0.0852157 0.0626137
679.144 -6.70332 -1.03423 -6.47349 7.65105 -1.07916 6.41396 -0.00259618 -0.0865901 0.0626137
679.16 -6.77993 -0.881008 -6.12875 7.61516 -1.08514 6.40678 -0.00366519 -0.0855211 0.0652099
679.177 -6.77993 -0.919312 -6.16705 7.62712 -1.11386 6.41516 0.000610865 -0.0937678 0.0620028
679.194 -6.70332 -0.995922 -6.09044 7.66899 -1.18804 6.41276 -0.000152716 -0.0930042 0.0589485
679.21 -6.85654 -0.957617 -6.20536 7.69172 -1.19282 6.41037 -0.00106901 -0.0908662 0.0633773
679.227 -7.12467 -0.919312 -6.16705 7.87597 -1.11147 6.39601 -0.000305433 -0.0905607 0.0609338
679.243 -7.08637 -0.957617 -6.20536 8.02433 -1.05523 6.39003 -0.000763581 -0.0890336 0.0615447
679.26 -6.93315 -0.57457 -5.89892 7.79821 -0.860219 6.36012 -0.00167988 -0.083994 0.0824668
679.277 -6.66501 -0.995922 -5.97553 7.64267 -1.15693 6.43669 0.000763581 -0.0885754 0.0888809
679.293 -6.58841 -0.842703 -6.12875 7.35553 -1.24546 6.40319 -0.000152716 -0.0844521 0.0595593
679.31 -6.5118 -1.11084 -6.16705 7.27538 -1.37348 6.47378 -0.00290161 -0.0873537 0.0259618
679.326 -6.62671 -1.30236 -6.09044 7.3675 -1.27896 6.30987 -0.00152716 -0.0917825 0.00320704
679.343 -6.89484 -0.881008 -5.7457 7.5326 -1.27418 6.43789 0.00213803 -0.0945314 0.00397062
679.36 -6.58841 -1.14914 -6.24366 7.42373 -1.24307 6.50967 0.00458149 -0.0930042 0.0232129
679.376 -6.62671 -0.804398 -5.97553 7.47517 -1.02891 6.4666 0.00580322 -0.0978911 0.053298
679.393 -6.74162 -0.689484 -6.39688 7.59362 -0.897308 6.57069 0.00305432 -0.0994183 0.0549779
679.409 -7.12467 -0.536266 -5.97553 7.83888 -0.612562 6.33858 0.000763581 -0.100335 0.0384845
679.426 -7.3928 -0.57457 -6.09044 8.19542 -0.796809 6.3015 -0.00397062 -0.0946841 0.0302378
679.443 -7.3928 -0.689484 -6.16705 8.19183 -0.896112 6.37328 -0.0074831 -0.0879646 0.0285579
679.458 -7.54602 -0.612875 -6.16705 8.38445 -0.707079 6.34098 -0.00549779 -0.0920879 0.0386372
679.474 -7.46941 -0.842703 -6.09044 8.28036 -0.959521 6.3673 -0.00778853 -0.0865901 0.0499382
679.491 -6.89484 -0.804398 -6.47349 7.86042 -1.1342 6.37328 -0.00503964 -0.0841467 0.0432187
679.507 -6.93315 -0.919312 -6.20536 7.84846 -1.04447 6.40319 -0.00412334 -0.0873537 0.0478002
679.523 -6.5118 -0.995922 -6.32027 7.68335 -1.03011 6.38883 -0.00519235 -0.0835358 0.041997
679.538 -6.32027 -0.957617 -6.28197 7.22632 -1.10309 6.39721 -0.00595593 -0.0838412 0.029627
679.555 -6.32027 -0.612875 -6.20536 7.18564 -0.960718 6.44267 -0.00641408 -0.0919352 -0.0065668
679.572 -6.70332 -0.57457 -6.12875 7.55294 -0.771685 6.41516 -0.0109956 -0.0937678 -0.00977384
679.588 -6.89484 -0.57457 -6.09044 7.7659 -0.721436 6.39242 -0.011301 -0.0905607 0.0167988
679.605 -7.00976 -0.497961 -6.09044 7.90469 -0.545563 6.36251 -0.00503964 -0.0939205 0.090408
679.621 -7.08637 -0.421352 -6.24366 7.96331 -0.591027 6.3661 -0.0109956 -0.0887282 0.112857
679.637 -6.89484 -0.65118 -6.24366 7.88913 -0.697508 6.38883 -0.0120646 -0.0911716 0.0992656
679.654 -6.81823 -0.727789 -6.09044 7.86042 -0.995414 6.3661 -0.0160352 -0.0945314 0.0523817
679.67 -7.08637 -1.03423 -6.09044 7.87836 -1.30409 6.38285 -0.0229074 -0.090408 0.0209221
679.686 -6.89484 -1.45558 -6.09044 7.84487 -1.51107 6.3661 -0.0241292 -0.0939205 0.00305432
679.702 -7.00976 -1.57049 -5.86062 7.9011 -1.84128 6.33978 -0.0262672 -0.089339 -0.0439823
679.718 -6.97145 -1.68541 -6.24366 7.9346 -1.84606 6.35534 -0.0300851 -0.0951423 -0.106138
679.735 -6.77993 -1.53219 -6.12875 7.97767 -1.77308 6.31346 -0.0174097 -0.0945314 -0.169362
679.751 -7.20128 -1.22575 -6.09044 8.19183 -1.53739 6.2668 -0.0151189 -0.0937678 -0.207541
679.768 -7.23959 -0.919312 -6.09044 7.92622 -1.06959 6.32901 -0.00717767 -0.0852157 -0.277485
679.784 -6.77993 -0.57457 -6.01384 7.67497 -0.924826 6.34217 -0.00549779 -0.0827722 -0.314748
679.801 -6.85654 -0.65118 -6.39688 7.71446 -0.820738 6.3996 -0.00488692 -0.0836885 -0.309403
679.818 -6.89484 -0.459656 -6.43519 7.71924 -0.58983 6.47139 -0.00488692 -0.0752891 -0.224035
679.834 -7.04806 -0.459656 -6.35858 7.67856 -0.541974 6.48574 -0.00198531 -0.0714712 -0.0997237
679.851 -6.77993 -0.536266 -6.16705 7.52662 -0.665205 6.54317 0.00152716 -0.074831 -0.0348193
679.867 -6.66501 -0.65118 -6.20536 7.63789 -0.875773 6.45823 0.00488692 -0.0725402 0.0413861
679.884 -6.66501 -0.497961 -5.93723 7.56012 -0.725025 6.41396 0.00855211 -0.0841467 -0.00198531
679.901 -6.24366 -0.497961 -6.09044 7.22991 -0.613759 6.34935 -0.00671952 -0.0862847 -0.0875064
679.917 -5.97553 -0.536266 -6.09044 7.00858 -0.661615 6.28714 -0.0103847 -0.0908662 -0.12202
679.934 -5.93723 -0.689484 -6.16705 7.05643 -0.869791 6.39242 -0.00733038 -0.096364 -0.160047
679.95 -6.70332 -0.766094 -6.32027 7.27178 -0.914058 6.51805 -0.00229074 -0.104611 -0.117897
679.965 -6.66501 -0.727789 -6.39688 7.38664 -0.904487 6.44865 -0.000763581 -0.102014 -0.0777326
679.981 -6.5501 -0.689484 -6.16705 7.45125 -0.751346 6.32542 0.00503964 -0.109192 -0.0180205
679.997 -6.81823 -0.344742 -6.16705 7.39621 -0.521635 6.24646 0.00824668 -0.112246 0.00733038
680.014 -7.3545 -0.191523 -6.09044 7.96092 -0.232104 6.30987 0.0065668 -0.116064 0.00778853
680.031 -7.50772 -0.306437 -6.09044 8.34975 -0.262014 6.44746 -0.00244346 -0.10568 0.000610865
680.047 -7.58433 -0.268133 -6.35858 8.44307 -0.348156 6.47258 -0.00549779 -0.098502 0.0171042
680.064 -7.3928 -0.191523 -6.43519 8.39162 -0.190229 6.42951 -0.00962113 -0.0865901 0.0403171
680.08 -7.12467 -0.114914 -6.20536 8.16311 -0.0239282 6.32423 -0.00901026 -0.0916298 0.0838412
680.097 -7.04806 -0.306437 -6.24366 8.02792 -0.206979 6.45224 -0.00931569 -0.0888809 0.111177
680.114 -7.20128 -0.497961 -6.28197 8.01236 -0.405583 6.47019 -0.0111483 -0.0824668 0.121868
680.13 -6.66501 -0.842703 -6.28197 7.67378 -0.859023 6.47617 -0.01237 -0.0795652 0.1321
680.147 -6.58841 -0.766094 -6.12875 7.34477 -0.972682 6.47139 -0.00794125 -0.086132 0.157603
680.163 -6.28197 -0.65118 -6.32027 7.28494 -0.849452 6.45703 -0.00381791 -0.0887282 0.164934
680.18 -6.43519 -0.65118 -6.20536 7.25743 -0.7334 6.45703 -0.00442877 -0.0943787 0.139888
680.197 -7.04806 -0.497961 -6.16705 7.89033 -0.768096 6.43191 -0.00641408 -0.0949895 0.0823141
680.213 -7.50772 -0.497961 -6.43519 8.37966 -0.553938 6.37926 -0.00580322 -0.0885754 0.116064
680.23 -7.43111 -0.306437 -6.35858 8.3318 -0.521635 6.33021 -0.00626137 -0.0862847 0.142026
680.246 -7.08637 -0.0766094 -6.24366 7.99442 -0.162712 6.41037 -0.00901026 -0.0917825 0.153633
680.263 -6.97145 0.268133 -6.12875 7.6331 0.2333 6.40439 -0.0238237 -0.0801761 0.0998765
680.28 -6.77993 -0.191523 -6.12875 7.64985 0.129212 6.33858 -0.0305433 -0.0879646 0.0239765
680.296 -6.58841 -0.766094 -5.7074 7.51944 -0.928415 6.30389 -0.0334449 -0.0875064 0.0114537
680.313 -6.01384 -1.41727 -6.20536 6.93081 -1.47278 6.42473 -0.0244346 -0.0911716 0.083994
680.329 -5.93723 -1.49388 -6.24366 6.85065 -1.6319 6.48096 -0.0149662 -0.0980438 0.138056
680.346 -7.12467 -0.842703 -6.05214 7.79462 -1.2658 6.3685 -0.00687223 -0.101556 0.115454
680.363 -7.50772 -0.65118 -6.39688 8.18704 -0.788435 6.41396 -0.00870483 -0.099571 0.0583376
680.379 -7.23959 -0.727789 -6.24366 8.04586 -0.912862 6.34935 -0.0180205 -0.0937678 0.0326813
680.396 -7.20128 -0.383047 -6.16705 7.91904 -0.674776 6.37328 -0.0135917 -0.0956004 0.0481056
680.412 -6.85654 -0.153219 -6.16705 7.72522 -0.271585 6.41037 -0.0126754 -0.0960585 0.107207
680.429 -6.66501 -0.383047 -6.35858 7.49791 -0.447458 6.38764 -0.0212276 -0.0933096 0.115912
680.446 -6.85654 -0.421352 -6.12875 7.61157 -0.480957 6.36012 -0.0271835 -0.0894917 0.117744
680.462 -6.77993 -0.612875 -6.20536 7.54337 -0.675972 6.3685 -0.0245873 -0.0936151 0.123547
680.479 -6.77993 -0.881008 -6.16705 7.51585 -1.10429 6.3685 -0.0253509 -0.0945314 0.128129
680.495 -6.74162 -1.18745 -5.89892 7.55892 -1.33161 6.38046 -0.0224493 -0.0972803 0.110719
680.512 -6.77993 -1.30236 -6.28197 7.65703 -1.36032 6.39242 -0.0212276 -0.0959058 0.101404
680.529 -6.77993 -1.18745 -6.09044 7.89033 -1.3998 6.35773 -0.0184787 -0.099571 0.0726929
680.545 -7.23959 -1.14914 -6.16705 8.08415 -1.18445 6.3661 -0.0152716 -0.0942259 0.0594066
680.562 -7.3928 -0.766094 -5.82231 8.09252 -0.988235 6.34696 -0.0146608 -0.0934624 0.0591012
680.577 -7.16298 -0.65118 -6.16705 8.1021 -0.783649 6.36132 -0.0132863 -0.096364 0.0568105
680.593 -7.00976 -0.612875 -6.09044 7.88315 -0.756132 6.36132 -0.0142026 -0.0916298 0.0465785
680.608 -6.93315 -0.727789 -6.20536 7.76231 -0.782453 6.3673 -0.0157298 -0.0908662 0.0418443
680.622 -6.93315 -0.536266 -6.5118 7.6678 -0.768096 6.38285 -0.0161879 -0.0890336 0.0461203
680.638 -6.81823 -0.65118 -6.12875 7.62832 -0.756132 6.37926 -0.0175624 -0.0888809 0.0568105
680.654 -6.62671 -0.536266 -6.20536 7.52542 -0.805184 6.37807 -0.0152716 -0.0934624 0.0679587
680.669 -6.58841 -0.804398 -5.82231 7.51346 -0.911665 6.37926 -0.0140499 -0.0949895 0.0740674
680.685 -6.85654 -0.995922 -6.24366 7.65583 -1.08634 6.39362 -0.0167988 -0.0907135 0.0763581
680.7 -6.89484 -0.804398 -6.09044 7.80897 -1.12343 6.36132 -0.0155771 -0.0926988 0.0662789
680.716 -7.08637 -0.842703 -6.43519 7.8688 -1.11506 6.38046 -0.0119119 -0.0966694 0.0621555
680.732 -7.08637 -0.957617 -5.97553 7.92383 -1.10189 6.36251 -0.0137445 -0.0951423 0.0720821
681.302 -7.31619 -0.842703 -6.20536 8.27797 -1.11147 6.35055 -0.0116064 -0.0930042 0.0733038
681.319 -7.31619 -0.842703 -6.24366 8.38923 -1.10309 6.35294 -0.0114537 -0.0919352 0.0507018
681.335 -7.50772 -0.881008 -6.12875 8.48255 -1.08754 6.34098 -0.0143553 -0.0804815 0.00809396
681.352 -7.46941 -0.919312 -6.32027 8.34258 -1.13061 6.33978 -0.0146608 -0.0783434 -0.0229074
681.368 -7.16298 -1.03423 -6.32027 8.22413 -1.17966 6.35055 -0.0125227 -0.0760527 -0.0119119
681.385 -7.20128 -0.995922 -6.09044 7.95613 -1.17368 6.3685 -0.01237 -0.071624 0.00305432
681.402 -6.85654 -0.804398 -6.01384 7.68335 -1.02054 6.37448 -0.00885754 -0.068875 0.0346666
681.418 -6.58841 -0.727789 -6.5501 7.51466 -0.850648 6.38166 -0.00870483 -0.0772744 0.047342
681.435 -6.5118 -0.612875 -6.09044 7.31366 -0.778863 6.37687 -0.00687223 -0.0778853 0.0450513
681.451 -6.20536 -0.497961 -6.05214 7.33639 -0.715454 6.39123 -0.00977384 -0.0821613 0.032834
681.468 -6.66501 -0.612875 -6.32027 7.48833 -0.72981 6.40199 -0.0157298 -0.0786489 0.0303905
681.485 -6.77993 -0.689484 -5.86062 7.56491 -0.798006 6.37328 -0.0190895 -0.0755945 0.0305433
681.501 -7.00976 -0.804398 -6.16705 7.85922 -1.02054 6.38166 -0.0171042 -0.0846048 0.0274889
681.518 -7.00976 -0.842703 -6.09044 7.87238 -1.12822 6.36132 -0.0206167 -0.0801761 0.0241292
681.533 -6.93315 -0.919312 -6.32027 7.89751 -1.18564 6.36969 -0.0180205 -0.0788016 0.0277944
681.55 -7.00976 -0.919312 -6.16705 7.84008 -1.06122 6.38285 -0.0169515 -0.0804815 0.0340557
681.567 -6.93315 -0.804398 -6.28197 7.7001 -0.935593 6.39003 -0.0195477 -0.0783434 0.0426078
681.583 -6.74162 -0.689484 -6.12875 7.57089 -0.908076 6.38285 -0.0183259 -0.0809396 0.0467312
681.6 -6.5501 -0.689484 -6.05214 7.5003 -0.928415 6.38285 -0.0157298 -0.0813978 0.0557414
681.616 -6.66501 -0.727789 -6.43519 7.42732 -1.00618 6.39721 -0.0198531 -0.0810924 0.0679587
681.633 -6.66501 -0.881008 -6.24366 7.43809 -1.07677 6.41396 -0.0177151 -0.0864374 0.0606284
681.65 -6.66501 -1.07253 -6.24366 7.46441 -1.16889 6.40558 -0.0180205 -0.0876591 0.0487165
681.666 -6.74162 -1.37897 -6.12875 7.5661 -1.31486 6.41635 -0.0157298 -0.0897971 0.0481056
681.683 -6.77993 -1.22575 -6.20536 7.71326 -1.40459 6.39482 -0.0120646 -0.0923933 0.0561996
681.7 -6.77993 -1.22575 -6.16705 7.78146 -1.44646 6.39841 -0.0117592 -0.0862847 0.0687223
681.716 -7.04806 -1.14914 -6.5118 7.90349 -1.42253 6.37328 -0.00962113 -0.08827 0.0723875
681.733 -7.04806 -1.07253 -5.86062 7.93101 -1.26461 6.38405 -0.00824668 -0.0867428 0.0615447
681.748 -7.04806 -0.881008 -6.24366 7.90588 -1.19043 6.39123 -0.0105374 -0.0833831 0.0377209
681.765 -6.93315 -0.919312 -6.16705 7.79103 -1.17488 6.40319 -0.00916297 -0.085063 0.0284052
681.782 -6.85654 -0.881008 -6.5501 7.63908 -1.17129 6.38046 -0.011301 -0.0801761 0.0314596
681.798 -6.62671 -0.957617 -6.12875 7.49432 -1.11864 6.41994 -0.00977384 -0.0821613 0.0313068
681.815 -6.5501 -1.03423 -6.20536 7.47996 -1.15573 6.41156 -0.00916297 -0.0836885 0.0261145
681.831 -6.66501 -0.957617 -6.09044 7.47877 -1.18205 6.3996 -0.00503964 -0.0876591 0.0238237
681.848 -6.74162 -1.14914 -6.5118 7.42253 -1.24666 6.39482 -0.00717767 -0.0884227 0.0381791
681.865 -6.62671 -1.03423 -6.12875 7.39741 -1.25743 6.41276 -0.00152716 -0.0930042 0.0508545
681.881 -6.58841 -1.03423 -6.12875 7.37946 -1.12343 6.41516 0.000152716 -0.0971275 0.0497855
681.898 -6.66501 -0.881008 -5.78401 7.50987 -1.11506 6.41994 -0.0018326 -0.0986547 0.0519235
681.914 -6.97145 -0.881008 -6.01384 7.53619 -1.01336 6.41635 -0.00106901 -0.0960585 0.064599
681.931 -6.85654 -0.881008 -6.24366 7.65464 -0.999003 6.39601 -0.00442877 -0.0899499 0.0696386
681.947 -6.89484 -1.03423 -6.05214 7.78385 -1.06959 6.39242 -0.00305432 -0.0930042 0.0604756
681.962 -7.08637 -0.842703 -5.97553 7.82572 -1.09352 6.40678 -0.00213803 -0.097433 0.0484111
681.978 -7.08637 -0.842703 -6.09044 7.98006 -1.0672 6.37567 0.000458149 -0.0980438 0.0502437
681.993 -7.00976 -0.957617 -6.12875 8.24088 -1.17368 6.3673 -0.00244346 -0.0931569 0.0468839
682.01 -7.43111 -0.957617 -5.7457 8.35095 -1.21077 6.38285 -0.00320704 -0.0873537 0.0308487
682.027 -7.43111 -0.881008 -6.12875 8.17268 -0.999003 6.34696 -0.00794125 -0.0829249 0.000152716
682.042 -7.00976 -0.995922 -6.12875 7.87956 -1.12104 6.38285 -0.00534507 -0.0846048 0.0230602
682.058 -6.93315 -0.804398 -6.24366 7.78864 -1.0002 6.37328 -0.00274889 -0.0821613 0.0410807
682.075 -7.3545 -0.881008 -6.24366 8.08654 -1.11745 6.41875 -0.00137445 -0.0804815 0.0766636
682.091 -7.04806 -1.14914 -6.28197 7.96092 -1.25623 6.45942 -0.00229074 -0.0755945 0.0424551
682.108 -7.04806 -1.26405 -6.39688 7.92742 -1.29811 6.35773 0.00106901 -0.085063 0.0320704
682.124 -6.77993 -1.07253 -6.16705 7.75274 -1.37109 6.42831 0.00244346 -0.0823141 0.0305433
682.141 -6.77993 -1.03423 -6.12875 7.71087 -1.1342 6.41276 0.00290161 -0.0765108 0.0383318
682.158 -6.58841 -0.957617 -6.24366 7.51585 -1.12582 6.40319 0.00412334 -0.0784962 0.0387899
682.174 -6.74162 -0.804398 -6.28197 7.37348 -1.11745 6.43191 0.00427606 -0.0777326 0.0487165
682.191 -6.70332 -0.57457 -6.09044 7.57328 -0.751346 6.39362 0.00458149 -0.0755945 0.0719294
682.207 -6.74162 -0.727789 -6.16705 7.44526 -0.806381 6.41396 -0.00259618 -0.0760527 0.0630718
682.224 -6.5118 -0.497961 -6.35858 7.50987 -0.713061 6.41994 -0.00305432 -0.0818559 0.0557414
682.241 -6.62671 -0.65118 -6.28197 7.52542 -0.80997 6.41755 -0.0065668 -0.0789543 0.0503964
682.257 -6.58841 -0.842703 -6.24366 7.47517 -1.00379 6.42592 -0.00671952 -0.0841467 0.0392481
682.274 -6.70332 -0.881008 -6.28197 7.51944 -1.04327 6.42233 -0.00794125 -0.0876591 0.0325286
682.29 -6.5118 -0.995922 -6.47349 7.52662 -1.11984 6.42114 -0.0056505 -0.0887282 0.036041
682.307 -6.70332 -0.957617 -6.24366 7.5338 -1.12702 6.40319 -0.00427606 -0.08827 0.0415388
682.324 -6.62671 -0.881008 -6.12875 7.54935 -1.11027 6.4331 -0.00458149 -0.0911716 0.0537561
682.34 -6.81823 -0.957617 -5.97553 7.59482 -1.14616 6.41156 -0.00595593 -0.0922406 0.0584903
682.357 -6.77993 -1.18745 -6.5501 7.62233 -1.24905 6.41156 -0.00274889 -0.0948368 0.0638354
682.373 -6.74162 -1.07253 -6.58841 7.67497 -1.27537 6.41516 0.000610865 -0.095295 0.0633773
682.39 -6.62671 -1.11084 -6.20536 7.68814 -1.27178 6.41396 -0.00259618 -0.0931569 0.0662789
682.406 -6.62671 -1.03423 -6.24366 7.65703 -1.25025 6.41037 0.00274889 -0.0968221 0.0613919
682.421 -6.66501 -0.995922 -6.20536 7.62353 -1.19163 6.40798 0.00244346 -0.0956004 0.0542143
682.438 -6.62671 -0.919312 -6.01384 7.58525 -1.15573 6.41635 0.00152716 -0.0959058 0.0464257
682.453 -6.5501 -0.804398 -6.20536 7.50269 -0.971486 6.41755 0.000458149 -0.0934624 0.0410807
682.47 -6.70332 -0.65118 -6.28197 7.51226 -0.886541 6.41276 0.000458149 -0.100487 0.0450513
682.487 -6.85654 -0.689484 -6.28197 7.602 -0.885344 6.41755 -0.00320704 -0.0971275 0.0636827
682.503 -6.74162 -0.881008 -6.12875 7.72762 -0.991825 6.3996 -0.00274889 -0.0939205 0.0684169
682.519 -7.00976 -1.14914 -6.09044 7.78385 -1.14138 6.38046 -0.00473421 -0.0956004 0.0601702
682.535 -7.04806 -0.957617 -6.35858 7.82572 -1.22154 6.41037 0.000305433 -0.0988074 0.0424551
682.552 -6.97145 -1.18745 -6.28197 7.80539 -1.35912 6.39362 0.000610865 -0.100793 0.0337503
682.569 -6.85654 -1.18745 -6.32027 7.80419 -1.33759 6.39242 0.00167988 -0.096364 0.0331394
682.584 -6.85654 -1.03423 -6.28197 7.8018 -1.29452 6.38285 0.00167988 -0.0945314 0.0445931
682.6 -6.66501 -0.919312 -6.35858 7.71685 -1.10788 6.4008 0.00122173 -0.0910189 0.0497855
682.616 -6.77993 -0.919312 -6.20536 7.61276 -0.955932 6.40917 0.00244346 -0.0942259 0.0491747
682.632 -6.85654 -0.842703 -5.86062 7.57567 -0.982253 6.39482 0.00244346 -0.0956004 0.0450513
682.648 -6.58841 -0.842703 -6.43519 7.44885 -1.07438 6.38644 -0.00122173 -0.0923933 0.0389426
682.664 -6.62671 -0.919312 -6.20536 7.41536 -1.08993 6.40678 0.00290161 -0.0994183 0.0351248
682.681 -6.62671 -0.919312 -6.20536 7.48355 -1.07318 6.39362 0.00335976 -0.103542 0.0507018
682.698 -6.5118 -0.881008 -6.05214 7.52303 -1.06481 6.4008 0.00442877 -0.104 0.062461
682.714 -6.89484 -0.881008 -6.47349 7.67139 -1.10907 6.40439 0.00427606 -0.104763 0.0829249
682.731 -6.74162 -1.07253 -6.24366 7.82213 -1.27059 6.39721 0.00687223 -0.10568 0.0792598
682.747 -7.16298 -1.11084 -6.32027 7.92383 -1.31486 6.37089 0.00610865 -0.102473 0.0696386
682.764 -7.31619 -1.18745 -6.12875 8.0339 -1.28016 6.3661 0.00687223 -0.100487 0.0584903
682.781 -7.08637 -1.07253 -6.09044 8.04227 -1.0995 6.3685 0.00717767 -0.101251 0.055436
682.797 -6.97145 -0.842703 -6.16705 7.97408 -0.989432 6.38046 0.00946841 -0.0983493 0.0675006
682.814 -6.97145 -0.919312 -5.86062 7.98365 -1.0325 6.38883 0.00809396 -0.0959058 0.0702495
682.83 -7.12467 -1.07253 -6.12875 7.97528 -1.1653 6.37567 0.00809396 -0.0919352 0.0613919
682.846 -7.08637 -1.14914 -6.35858 7.9346 -1.21436 6.36969 0.0056505 -0.0905607 0.0526871
682.863 -6.89484 -1.07253 -6.32027 7.81376 -1.15214 6.37089 0.0056505 -0.0881173 0.0358883
682.878 -6.77993 -0.766094 -6.24366 7.64267 -0.958325 6.39003 0.0074831 -0.0948368 0.0316123
682.895 -6.70332 -0.919312 -6.16705 7.56849 -0.87338 6.37328 0.00534507 -0.0879646 0.0363465
682.91 -6.77993 -0.842703 -6.20536 7.64746 -1.07079 6.39123 0.00763582 -0.0977384 0.0354302
682.927 -6.74162 -0.995922 -6.16705 7.7013 -1.16052 6.38405 0.00595593 -0.0920879 0.0267254
682.944 -6.89484 -0.995922 -5.97553 7.74676 -1.18325 6.38166 0.00595593 -0.0922406 0.032834
682.96 -6.89484 -1.03423 -6.12875 7.83888 -1.07079 6.38524 0.00717767 -0.0936151 0.0413861
682.977 -7.00976 -0.766094 -6.16705 7.82094 -0.912862 6.37807 0.00610865 -0.0875064 0.0723875
682.993 -7.00976 -0.766094 -6.28197 7.82094 -1.00499 6.38524 0.00717767 -0.0911716 0.0891863
683.01 -7.04806 -0.842703 -6.12875 7.8987 -1.1007 6.35653 0.0100793 -0.0922406 0.081245
683.026 -7.00976 -0.804398 -6.16705 7.87597 -1.12822 6.36251 0.00763582 -0.0890336 0.0416915
683.042 -7.04806 -0.842703 -6.28197 7.89392 -1.0672 6.37926 0.00519235 -0.0901026 0.0175624
683.059 -7.00976 -0.804398 -5.89892 7.89392 -0.978664 6.38524 0.00503964 -0.08827 0.0232129
683.075 -7.00976 -0.727789 -5.82231 7.90469 -0.85663 6.39003 0.00442877 -0.0836885 0.0569632
683.092 -7.00976 -0.842703 -6.12875 8.04227 -1.10548 6.39003 0.00366519 -0.0795652 0.0795652
683.109 -7.08637 -1.11084 -6.16705 8.05065 -1.25743 6.36969 0.00763582 -0.079107 0.0726929
683.125 -7.00976 -1.22575 -6.20536 7.85563 -1.37228 6.36371 0.00763582 -0.0804815 0.0589485
683.142 -6.62671 -1.14914 -6.16705 7.59123 -1.20359 6.39601 0.00595593 -0.0795652 0.0427606
683.158 -6.70332 -0.766094 -6.20536 7.44048 -1.09113 6.42114 0.00595593 -0.0820086 0.041997
683.174 -6.5118 -0.536266 -6.5118 7.21555 -0.765703 6.40319 0.00549779 -0.0821613 0.0546724
683.19 -6.43519 -0.497961 -6.32027 7.17488 -0.62333 6.42951 0.00488692 -0.0868956 0.0842994
683.206 -6.58841 -0.536266 -6.32027 7.1988 -0.648455 6.42114 0.00274889 -0.0910189 0.110108
683.223 -6.5118 -0.689484 -6.24366 7.35314 -0.778863 6.40917 0.00137445 -0.0890336 0.120493
683.24 -6.66501 -0.881008 -6.20536 7.55055 -0.994217 6.38405 0.000916298 -0.0919352 0.122631
683.256 -6.62671 -1.03423 -6.20536 7.74676 -1.20479 6.39362 0.000458149 -0.0957531 0.101862
683.273 -7.00976 -1.14914 -6.20536 7.85444 -1.25264 6.37567 0.0018326 -0.0992656 0.0821613
683.289 -6.81823 -1.07253 -5.97553 7.93938 -1.29691 6.37926 -0.00167988 -0.0949895 0.0606284
683.306 -7.04806 -1.22575 -6.09044 7.95374 -1.3675 6.38764 -0.00122173 -0.0910189 0.0548251
683.323 -6.97145 -1.03423 -6.12875 7.88555 -1.18205 6.39482 0.00167988 -0.0931569 0.0485638
683.339 -6.74162 -0.842703 -6.20536 7.61037 -0.988235 6.38764 0.00397062 -0.0960585 0.044135
683.356 -6.70332 -0.57457 -6.24366 7.60798 -0.831506 6.41875 -0.00290161 -0.0887282 0.0568105
683.371 -6.81823 -0.689484 -5.89892 7.55175 -0.794417 6.40199 -0.00106901 -0.0910189 0.0673479
683.387 -6.62671 -0.65118 -6.24366 7.50748 -0.747757 6.39601 -0.00366519 -0.0949895 0.0739146
683.404 -6.66501 -0.727789 -6.09044 7.45484 -0.880558 6.35294 -0.00855211 -0.0948368 0.0734565
683.42 -6.77993 -0.842703 -6.12875 7.62473 -0.985843 6.36251 -0.00809396 -0.0948368 0.0484111
683.437 -7.04806 -0.881008 -5.97553 7.82572 -1.17368 6.36012 -0.00916297 -0.0956004 0.0413861
683.453 -7.23959 -1.49388 -5.93723 8.10807 -1.40937 6.43071 -0.0108429 -0.0954477 0.0394008
683.47 -7.16298 -1.87693 -6.09044 7.94417 -2.05424 6.40798 -0.00412334 -0.0931569 0.0461203
683.487 -7.00976 -1.07253 -6.09044 7.8329 -1.59003 6.34816 0.00549779 -0.0957531 0.0539089
683.503 -7.00976 -0.612875 -6.39688 7.75633 -1.01575 6.36969 0.00412334 -0.0966694 0.0572686
683.528 -6.93315 -0.65118 -6.20536 7.7671 -0.929611 6.39123 0.0 -0.0926988 0.0595593
683.544 -6.89484 -0.65118 -6.20536 7.75992 -0.813559 6.38644 -0.000458149 -0.0919352 0.056505
683.561 -6.89484 -0.957617 -6.16705 7.8688 -1.11984 6.42233 -0.00626137 -0.089339 0.0455095
683.577 -6.89484 -0.995922 -6.39688 7.69412 -1.24068 6.40558 -0.00412334 -0.0876591 0.062461
683.593 -6.97145 -0.804398 -6.24366 7.71924 -1.11027 6.41755 -0.000763581 -0.089339 0.0720821
683.609 -6.77993 -0.995922 -6.28197 7.7001 -1.09711 6.38764 -0.00442877 -0.0888809 0.0829249
683.625 -6.74162 -0.919312 -6.12875 7.63191 -1.15573 6.39362 -0.00229074 -0.0885754 0.103542
683.642 -6.81823 -1.11084 -6.20536 7.6008 -1.15334 6.38166 -0.00198531 -0.0858265 0.118966
683.658 -6.74162 -1.34066 -6.39688 7.66421 -1.29691 6.39482 0.00106901 -0.0919352 0.15348
683.675 -6.62671 -1.30236 -6.35858 7.59601 -1.34118 6.37687 0.00442877 -0.0868956 0.18326
683.692 -6.74162 -1.18745 -6.32027 7.61396 -1.30768 6.38046 0.00519235 -0.0916298 0.193797
683.708 -6.70332 -1.22575 -6.16705 7.49552 -1.39023 6.38285 0.010232 -0.0945314 0.205251
683.725 -6.74162 -1.11084 -6.05214 7.57328 -1.30768 6.38046 0.00992656 -0.0945314 0.203876
683.741 -6.77993 -1.11084 -6.32027 7.50628 -1.41535 6.40678 0.0116064 -0.0965167 0.192423
683.757 -6.85654 -1.14914 -6.05214 7.7683 -1.08754 6.3996 0.0128282 -0.0989602 0.185856
683.773 -6.81823 -1.14914 -6.24366 7.63191 -1.38784 6.41516 0.00809396 -0.095295 0.195782
683.789 -6.70332 -0.881008 -6.12875 7.62832 -1.3005 6.34935 0.00763582 -0.0940732 0.185092
683.806 -6.81823 -0.881008 -6.01384 7.7013 -1.07198 6.39242 0.00671952 -0.0940732 0.179136
683.823 -6.93315 -1.14914 -6.12875 7.88196 -1.32084 6.3673 0.00305432 -0.0948368 0.163254
683.838 -6.81823 -1.07253 -6.16705 7.77906 -1.25503 6.38046 0.00259618 -0.0954477 0.105527
683.855 -6.85654 -1.14914 -6.01384 7.7671 -1.25503 6.37208 0.000763581 -0.0994183 0.0731511
683.871 -6.70332 -0.804398 -5.78401 7.48236 -0.909272 6.36371 -0.00274889 -0.096364 0.0212276
683.888 -6.77993 -1.03423 -6.16705 7.51107 -1.21316 6.38764 -0.00687223 -0.0969748 0.00503964
683.905 -6.93315 -1.07253 -6.20536 7.48116 -1.1007 6.38883 -0.00580322 -0.0980438 0.0175624
683.921 -6.89484 -1.07253 -6.43519 7.64985 -1.27777 6.3673 -0.00580322 -0.0966694 0.0647517
683.938 -6.93315 -1.11084 -6.20536 7.83171 -1.28375 6.39242 -0.00274889 -0.0988074 0.090408
683.954 -6.93315 -1.03423 -6.09044 7.85683 -1.28375 6.34576 -0.00335976 -0.0957531 0.0836885
683.97 -7.16298 -0.957617 -5.82231 7.9011 -1.27178 6.37807 -0.00595593 -0.0951423 0.0742201
683.986 -6.81823 -1.11084 -6.16705 7.59601 -1.22871 6.35534 -0.00916297 -0.0939205 0.0630718
684.002 -6.77993 -1.11084 -6.28197 7.60439 -1.26939 6.40917 -0.0074831 -0.0946841 0.0685696
684.019 -6.85654 -1.18745 -6.39688 7.62233 -1.21196 6.37089 -0.00717767 -0.0986547 0.0960585
684.035 -7.12467 -1.14914 -6.32027 7.94656 -1.27059 6.33739 -0.0065668 -0.0949895 0.125075
684.052 -7.3928 -1.03423 -6.05214 8.1655 -1.26461 6.35294 -0.00702495 -0.0878119 0.13775
684.069 -7.46941 -0.766094 -6.16705 8.44547 -0.994217 6.32542 -0.0105374 -0.0842994 0.141873
684.085 -7.31619 -1.34066 -6.20536 8.1021 -1.50269 6.37687 -0.0138972 -0.0792598 0.171806
684.102 -6.93315 -1.45558 -6.5118 7.85444 -1.74676 6.38166 -0.00733038 -0.0807869 0.136528
684.118 -6.97145 -1.26405 -6.28197 7.9334 -1.50748 6.40798 -0.00335976 -0.0841467 0.101098
684.135 -6.89484 -1.26405 -6.28197 7.77547 -1.40578 6.34935 -0.0126754 -0.0823141 0.0337503
684.152 -6.89484 -1.30236 -5.86062 7.79103 -1.38305 6.37926 -0.0167988 -0.0765108 -0.0126754
684.167 -6.93315 -1.37897 -6.12875 7.82453 -1.41416 6.38166 -0.0151189 -0.0763581 -0.0187841
684.184 -7.04806 -1.11084 -6.20536 8.02672 -1.42493 6.38524 -0.0142026 -0.0752891 -0.0364992
684.2 -7.08637 -1.07253 -6.16705 8.08295 -1.39023 6.33739 -0.0171042 -0.0726929 -0.083994
684.217 -6.97145 -1.34066 -6.32027 8.0004 -1.34118 6.35175 -0.0219911 -0.0697913 -0.129045
684.234 -7.08637 -1.45558 -6.20536 7.66182 -1.58644 6.39601 -0.0206167 -0.0725402 -0.145997
684.25 -6.5501 -1.11084 -6.05214 7.39502 -1.33519 6.37687 -0.0197004 -0.076969 -0.159283
684.267 -6.5501 -1.11084 -5.97553 7.33878 -1.32443 6.41156 -0.019395 -0.0783434 -0.140041
684.283 -6.24366 -0.957617 -5.93723 7.2335 -1.21077 6.38644 -0.0189368 -0.0794125 -0.127365
684.3 -6.39688 -0.804398 -6.24366 7.21436 -0.908076 6.42951 -0.0190895 -0.0826195 -0.0946841
684.317 -6.39688 -0.57457 -6.16705 7.0995 -0.860219 6.44267 -0.0213803 -0.0867428 -0.0503964
684.333 -6.39688 -0.804398 -5.89892 7.133 -0.854237 6.3996 -0.0232129 -0.08827 -0.0232129
684.35 -6.66501 -0.804398 -6.16705 7.40698 -1.02173 6.42473 -0.0207694 -0.0919352 0.0244346
684.366 -6.85654 -0.995922 -6.20536 7.63669 -1.24666 6.37687 -0.0210748 -0.0881173 0.0505491
684.383 -6.62671 -1.26405 -6.12875 7.53978 -1.24786 6.36491 -0.0212276 -0.0956004 0.0659734
684.4 -6.89484 -1.34066 -6.43519 7.60439 -1.45125 6.40917 -0.0172569 -0.0998765 0.0725402
684.416 -6.70332 -1.34066 -6.16705 7.59362 -1.45962 6.39123 -0.0167988 -0.0907135 0.0856738
684.433 -6.77993 -1.37897 -6.16705 7.84846 -1.56371 6.38166 -0.0138972 -0.096364 0.0844521
684.449 -7.00976 -1.37897 -6.28197 7.91785 -1.55773 6.39003 -0.013439 -0.096364 0.079107
684.465 -6.85654 -1.07253 -5.97553 7.78744 -1.25025 6.38046 -0.00778853 -0.097433 0.0743728
684.482 -6.81823 -0.995922 -6.09044 7.81496 -1.29093 6.38883 -0.0128282 -0.0931569 0.0919352
684.498 -6.93315 -1.11084 -6.09044 7.82333 -1.35434 6.38524 -0.0122173 -0.0902553 0.0899499
684.515 -6.66501 -1.26405 -6.01384 7.63789 -1.51585 6.39362 -0.0105374 -0.0911716 0.0671951
684.532 -6.58841 -1.26405 -6.24366 7.59362 -1.47757 6.41156 -0.0140499 -0.089339 0.03711
684.548 -6.74162 -1.30236 -6.16705 7.61994 -1.37348 6.39242 -0.0132863 -0.0911716 0.0368046
684.565 -6.85654 -1.11084 -6.32027 7.77069 -1.2993 6.38764 -0.0106901 -0.0946841 0.0412334
684.581 -7.08637 -0.995922 -6.05214 7.90828 -1.24546 6.37567 -0.0137445 -0.0907135 0.0363465
684.598 -6.97145 -1.26405 -6.32027 7.81137 -1.45843 6.38524 -0.0157298 -0.0879646 0.0232129
684.615 -6.89484 -1.26405 -6.09044 7.94536 -1.45364 6.37328 -0.0131336 -0.0905607 0.0238237
684.631 -6.93315 -1.41727 -6.16705 7.82572 -1.44407 6.36371 -0.0120646 -0.0830777 0.0310014
684.648 -6.93315 -1.34066 -5.93723 7.74676 -1.44168 6.38405 -0.0120646 -0.0841467 0.0273362
684.664 -6.58841 -1.18745 -6.20536 7.62712 -1.3986 6.38524 -0.0111483 -0.0847575 0.0245873
684.681 -6.66501 -1.18745 -6.20536 7.54337 -1.38066 6.40678 -0.0128282 -0.0836885 0.0274889
684.698 -6.74162 -1.30236 -6.12875 7.57208 -1.43569 6.40199 -0.0100793 -0.0852157 0.025809
684.714 -6.70332 -1.30236 -6.39688 7.57926 -1.44646 6.39123 -0.00702495 -0.0870483 0.029627
684.731 -6.77993 -1.07253 -6.12875 7.60558 -1.40339 6.39242 -0.00733038 -0.0867428 0.0305433
684.747 -6.74162 -1.03423 -6.12875 7.46321 -1.19402 6.39841 -0.00687223 -0.0897971 0.0313068
684.764 -6.66501 -1.18745 -6.09044 7.50389 -1.27777 6.40678 -0.00641408 -0.0956004 0.0423024
684.781 -6.66501 -1.22575 -6.01384 7.65823 -1.33639 6.40678 -0.00763582 -0.0894917 0.0510072
684.797 -6.81823 -1.18745 -6.05214 7.69531 -1.41176 6.37687 -0.00412334 -0.0933096 0.0513127
684.814 -6.70332 -1.30236 -6.28197 7.75155 -1.40818 6.38883 -0.00290161 -0.0977384 0.0335976
684.83 -6.85654 -1.14914 -6.20536 7.75035 -1.31605 6.39123 -0.00610865 -0.0910189 0.0206167
684.847 -6.93315 -1.11084 -5.97553 7.82931 -1.30887 6.38285 -0.00610865 -0.0928515 0.0230602
684.864 -7.08637 -1.22575 -6.39688 7.95972 -1.31844 6.39123 -0.00610865 -0.0887282 0.0615447
684.88 -7.08637 -1.11084 -6.20536 8.07219 -1.30169 6.38764 -0.000916298 -0.0865901 0.0853684
684.897 -7.12467 -0.995922 -6.16705 8.065 -1.2012 6.34935 -0.00122173 -0.0873537 0.0836885
684.913 -6.93315 -0.766094 -6.20536 8.04586 -0.957129 6.31585 -0.00733038 -0.0853684 0.0389426
684.93 -6.81823 -1.37897 -5.97553 7.71206 -1.4656 6.4343 -0.0120646 -0.0809396 0.00992656
684.947 -6.93315 -1.49388 -6.09044 7.67019 -1.7659 6.40199 -0.00122173 -0.0798706 0.0574213
684.963 -6.89484 -1.45558 -6.12875 7.99203 -1.56371 6.41635 0.00305432 -0.0788016 0.0792598
684.98 -6.97145 -1.07253 -6.35858 7.90229 -1.34955 6.35773 0.00320704 -0.0823141 0.105527
684.996 -7.08637 -0.995922 -6.16705 7.83888 -1.24905 6.35892 0.000610865 -0.0778853 0.103542
685.013 -6.70332 -1.03423 -6.24366 7.61516 -1.22632 6.45344 0.00229074 -0.0766636 0.0942259
685.03 -6.74162 -0.727789 -6.28197 7.67976 -1.09472 6.41635 -0.00167988 -0.0755945 0.0926988
685.046 -6.58841 -0.957617 -6.12875 7.39621 -1.06481 6.40439 -0.00167988 -0.0813978 0.0852157
685.063 -6.5118 -1.03423 -6.28197 7.32203 -1.05165 6.41156 -0.00290161 -0.0817032 0.104
685.079 -6.58841 -1.22575 -6.24366 7.39621 -1.34237 6.40678 -0.00503964 -0.0775799 0.122937
685.096 -6.62671 -1.26405 -6.32027 7.51705 -1.51107 6.4355 -0.00122173 -0.0807869 0.143553
685.113 -6.5501 -1.30236 -6.09044 7.45125 -1.51226 6.39601 -0.00213803 -0.0876591 0.129503
685.129 -6.28197 -1.18745 -6.28197 7.401 -1.42971 6.41755 -0.00305432 -0.0833831 0.121562
685.146 -6.35858 -1.37897 -6.28197 7.26461 -1.45962 6.3996 -0.00335976 -0.089339 0.0786489
685.162 -6.62671 -1.37897 -6.20536 7.41057 -1.48594 6.42592 -0.00549779 -0.0919352 0.03711
685.179 -6.62671 -1.30236 -6.20536 7.49192 -1.51705 6.3996 -0.00962113 -0.0884227 0.023671
685.196 -6.66501 -1.30236 -6.47349 7.47517 -1.47278 6.40678 -0.0074831 -0.0922406 0.0212276
685.212 -7.12467 -1.41727 -6.24366 7.69771 -1.57208 6.42592 -0.00259618 -0.0972803 0.0280998
685.229 -6.85654 -1.72371 -6.09044 7.73121 -1.90229 6.42353 0.00106901 -0.0925461 0.0103847
685.245 -6.74162 -1.45558 -6.16705 7.57926 -1.71565 6.31346 0.00320704 -0.0997237 0.00320704
685.262 -6.74162 -1.03423 -6.20536 7.55533 -1.30289 6.45105 -0.00213803 -0.0977384 -0.00626137
685.279 -6.81823 -0.957617 -6.12875 7.61157 -1.10668 6.42114 -0.00305432 -0.0949895 -0.0380264
685.295 -6.81823 -0.957617 -6.12875 7.73121 -1.11147 6.40678 -0.000610865 -0.0991129 -0.0513127
685.312 -7.12467 -1.03423 -6.16705 8.0004 -1.11386 6.38405 -0.00595593 -0.0971275 -0.0597121
685.328 -7.00976 -0.842703 -6.20536 7.9322 -1.00738 6.37448 -0.00839939 -0.0942259 -0.0682642
685.344 -6.97145 -0.995922 -6.16705 7.91426 -1.06002 6.38405 -0.00671952 -0.0942259 -0.0636827
685.361 -7.16298 -0.881008 -6.28197 7.98963 -1.05882 6.38883 -0.00870483 -0.0942259 -0.044135
685.377 -6.81823 -0.727789 -6.20536 7.89153 -0.960718 6.38524 -0.0122173 -0.0862847 -0.0319177
685.394 -6.85654 -0.842703 -5.93723 7.82692 -0.94995 6.39362 -0.0143553 -0.0885754 -0.0352775
685.41 -6.85654 -0.995922 -6.20536 7.74676 -1.11147 6.37328 -0.0155771 -0.0865901 -0.0432187
685.426 -6.93315 -1.11084 -6.12875 7.7994 -1.28614 6.38405 -0.0151189 -0.0855211 -0.0613919
685.443 -6.81823 -1.22575 -6.12875 7.78385 -1.34955 6.38524 -0.0149662 -0.0844521 -0.0627664
685.459 -6.93315 -1.07253 -6.24366 7.74676 -1.31246 6.37926 -0.0180205 -0.0823141 -0.0597121
685.476 -6.93315 -0.995922 -6.20536 7.81735 -1.1342 6.39482 -0.0146608 -0.0852157 -0.056505
685.492 -7.00976 -0.842703 -6.12875 7.81735 -1.05523 6.40917 -0.0149662 -0.0855211 -0.0485638
685.509 -7.04806 -0.766094 -5.86062 7.81735 -1.04327 6.3996 -0.01237 -0.0887282 -0.0488692
685.526 -6.97145 -0.957617 -6.01384 7.79821 -1.07438 6.40439 -0.0163406 -0.0830777 -0.0595593
685.542 -6.85654 -0.957617 -6.16705 7.7994 -1.066 6.39242 -0.0183259 -0.0829249 -0.0884227
685.559 -7.04806 -0.881008 -6.24366 7.81376 -1.06361 6.39601 -0.0203113 -0.0824668 -0.127365
685.574 -6.85654 -0.957617 -6.32027 7.75155 -1.13061 6.37687 -0.0189368 -0.0876591 -0.149356
685.589 -6.70332 -0.766094 -6.16705 7.34477 -0.818345 6.39841 -0.0207694 -0.086132 -0.164781
685.605 -6.74162 -0.766094 -6.20536 7.44646 -0.85663 6.44267 -0.0216857 -0.0867428 -0.167682
685.62 -6.77993 -0.995922 -6.12875 7.65464 -1.10788 6.38285 -0.0250455 -0.0847575 -0.129809
685.636 -6.81823 -0.919312 -6.16705 7.64387 -1.1342 6.37687 -0.0222966 -0.086132 -0.0881173
685.652 -6.70332 -0.65118 -6.24366 7.54696 -0.934397 6.40439 -0.022602 -0.0801761 -0.0183259
685.667 -6.74162 -0.919312 -6.24366 7.56251 -1.14855 6.40678 -0.0203113 -0.0870483 0.00610865
685.683 -6.74162 -1.14914 -6.16705 7.55414 -1.23948 6.41396 -0.0221439 -0.081245 0.0155771
685.699 -6.77993 -0.995922 -6.16705 7.58285 -1.09232 6.39003 -0.0138972 -0.0934624 0.0253509
685.713 -6.62671 -0.957617 -6.24366 7.55892 -1.01575 6.40678 -0.0155771 -0.0905607 0.0287107
686.304 -6.85654 -0.727789 -6.20536 7.77188 -0.831506 6.41875 -0.0149662 -0.0754418 0.011301
686.321 -6.97145 -0.804398 -6.09044 7.77787 -0.975075 6.39123 -0.0142026 -0.0725402 0.0594066
686.337 -6.77993 -0.689484 -6.24366 7.71924 -0.965504 6.39841 -0.0116064 -0.0739146 0.0595593
686.354 -6.62671 -0.689484 -6.01384 7.64028 -0.886541 6.42114 -0.013439 -0.0717766 0.0528398
686.37 -6.77993 -0.57457 -6.16705 7.58764 -0.792024 6.41516 -0.0140499 -0.0740674 0.0293215
686.387 -6.77993 -0.536266 -6.05214 7.53021 -0.709472 6.41396 -0.014508 -0.0795652 0.0200058
686.404 -6.66501 -0.612875 -6.16705 7.45484 -0.727418 6.41994 -0.0126754 -0.0833831 0.021533
686.42 -6.5501 -0.727789 -5.97553 7.47877 -0.815952 6.43908 -0.0131336 -0.0797179 0.0398589
686.437 -6.58841 -0.689484 -6.12875 7.44526 -0.841077 6.4355 -0.0105374 -0.0833831 0.068875
686.453 -6.47349 -0.766094 -6.16705 7.5015 -0.897308 6.42831 -0.00794125 -0.0885754 0.0803288
686.47 -6.85654 -0.612875 -6.09044 7.6331 -0.969093 6.43669 -0.00671952 -0.0884227 0.0795652
686.487 -6.81823 -0.689484 -6.12875 7.69531 -0.933201 6.41037 -0.00962113 -0.0835358 0.0615447
686.503 -6.77993 -0.689484 -6.20536 7.75633 -0.823131 6.42951 -0.0100793 -0.0856738 0.0299324
686.52 -6.77993 -0.57457 -6.16705 7.71087 -0.830309 6.42951 -0.00992656 -0.0916298 0.0245873
686.536 -6.81823 -0.689484 -6.20536 7.66301 -0.805184 6.4343 -0.0106901 -0.085063 0.0497855
686.553 -6.77993 -0.65118 -6.05214 7.72642 -0.801595 6.42712 -0.00671952 -0.0876591 0.0700968
686.57 -6.89484 -0.612875 -6.32027 7.77667 -0.836291 6.42592 -0.0111483 -0.0821613 0.0736092
686.586 -6.74162 -0.766094 -6.12875 7.76112 -0.857827 6.4343 -0.0126754 -0.0849102 0.066737
686.603 -6.89484 -0.842703 -6.20536 7.70249 -0.982253 6.42353 -0.00763582 -0.0867428 0.0574213
686.619 -6.81823 -0.881008 -6.09044 7.70608 -1.00738 6.41156 -0.00702495 -0.0879646 0.0442877
686.636 -6.77993 -0.881008 -6.16705 7.70728 -1.066 6.41755 -0.010232 -0.0827722 0.0363465
686.653 -6.74162 -0.612875 -6.24366 7.61994 -0.89013 6.42831 -0.0100793 -0.0868956 0.0284052
686.668 -6.70332 -0.727789 -6.05214 7.60319 -0.78006 6.41635 -0.00549779 -0.090408 0.0435241
686.685 -6.74162 -0.57457 -6.24366 7.63191 -0.794417 6.42233 -0.0074831 -0.0855211 0.0572686
686.701 -6.81823 -0.65118 -6.35858 7.68216 -0.874577 6.43789 -0.00458149 -0.087201 0.0636827
686.718 -4.903 -0.191523 -7.81416 7.08036 -0.750149 7.71924 -0.00702495 -0.0905607 0.0416915
686.734 -7.89076 -0.995922 -7.66094 7.72403 -0.923629 8.11286 -0.033903 -0.098502 -0.705549
686.75 -8.08229 -1.87693 -6.70332 7.61037 -1.74796 6.82672 -0.0784962 -0.0940732 -2.22553
686.767 -5.7457 -1.34066 -5.78401 6.86022 -1.67617 6.06341 -0.0358883 -0.0922406 -2.69315
686.783 -7.3928 -0.497961 -4.63487 6.82194 -1.03848 5.23669 -0.0169515 -0.0951423 -2.56686
686.801 -4.40504 0.191523 -5.05622 4.76291 0.434297 5.14576 -0.00305432 -0.111941 -1.55618
686.817 -5.97553 1.53219 -6.70332 6.34576 1.97168 6.79681 0.0239765 -0.151495 -0.268017
686.833 -6.85654 2.29828 -6.32027 8.1655 2.17986 6.68674 0.0224493 -0.127213 0.355218
686.85 -8.08229 1.26405 -6.05214 9.06281 1.3998 6.35175 0.00610865 -0.111788 0.262672
686.866 -8.23551 0.344742 -6.35858 9.60838 0.468993 6.35414 -0.013439 -0.103847 -0.0178678
686.882 -8.38873 0.0 -5.93723 9.72323 0.187837 6.30987 -0.0163406 -0.103236 -0.17654
686.898 -7.73755 -0.268133 -6.01384 8.8678 -0.193819 6.14237 -0.0163406 -0.0942259 -0.220217
686.914 -7.08637 -0.0383047 -6.32027 7.98126 -0.0167498 6.3326 -0.0169515 -0.0949895 -0.341321
686.93 -6.74162 0.383047 -6.24366 7.72881 0.20339 6.43789 -0.0227547 -0.0920879 -0.449139
686.946 -6.62671 0.57457 -6.5118 7.51466 0.637687 6.49651 -0.0242819 -0.0951423 -0.478613
686.962 -6.58841 0.727789 -6.20536 7.31964 0.918843 6.42831 -0.0270308 -0.0884227 -0.453415
686.979 -6.58841 0.727789 -6.20536 7.36032 0.976271 6.40798 -0.0213803 -0.0942259 -0.34972
686.994 -6.32027 0.65118 -6.20536 7.42612 0.912862 6.3661 -0.0183259 -0.096364 -0.2839
687.011 -6.70332 0.612875 -6.28197 7.51466 0.872184 6.42233 -0.0117592 -0.0960585 -0.162948
687.028 -6.85654 0.804398 -6.28197 7.6331 0.935593 6.3996 -0.00901026 -0.0959058 -0.0636827
687.044 -6.93315 0.766094 -6.09044 7.72283 0.969093 6.38285 -0.00809396 -0.100793 -0.02474
687.061 -7.08637 0.727789 -6.12875 7.78385 1.02772 6.37687 -0.00305432 -0.0975857 0.023671
687.077 -7.00976 0.919312 -6.16705 7.75155 1.10668 6.38166 -0.00229074 -0.0945314 0.0369573
687.094 -6.74162 0.881008 -6.16705 7.70967 1.10668 6.38046 -0.00671952 -0.0908662 0.0316123
687.111 -6.77993 1.18745 -6.24366 7.72881 1.19163 6.39242 -0.00397062 -0.0959058 -0.00381791
687.127 -6.81823 1.22575 -6.43519 7.68096 1.25623 6.38764 -0.0114537 -0.091477 -0.0158825
687.144 -6.89484 1.18745 -6.35858 7.72044 1.2335 6.40199 -0.0111483 -0.0930042 -0.000305433
687.16 -6.97145 0.804398 -6.16705 7.7348 1.10907 6.40917 -0.014508 -0.0873537 0.0149662
687.177 -6.97145 0.766094 -6.01384 7.7336 0.973878 6.38405 -0.0152716 -0.0902553 0.0227547
687.194 -6.97145 0.727789 -6.20536 7.75633 0.850648 6.4355 -0.0160352 -0.0942259 0.00473421
687.21 -6.70332 0.727789 -6.09044 7.65464 0.908076 6.37567 -0.013439 -0.0965167 -0.00290161
687.227 -6.77993 0.65118 -5.97553 7.70608 0.861416 6.37926 -0.0167988 -0.0969748 -0.0187841
687.242 -6.85654 0.804398 -6.28197 7.71924 0.865005 6.3996 -0.0181732 -0.0928515 -0.0310014
687.258 -6.81823 0.689484 -6.05214 7.73599 0.868594 6.38883 -0.0166461 -0.0983493 -0.0335976
687.275 -6.81823 0.881008 -5.89892 7.69412 0.909272 6.37807 -0.0177151 -0.0936151 -0.0244346
687.291 -6.85654 0.766094 -6.20536 7.72283 0.921237 6.38046 -0.0166461 -0.0934624 0.0219911
