717.225 -6.62671 -0.612875 -6.47349 7.5338 -0.875773 6.51565 0.00381791 -0.120188 -0.00809396
717.241 -6.74162 -0.612875 -6.35858 7.56251 -0.769292 6.52881 0.00198531 -0.114385 -0.00381791
717.257 -6.74162 -0.421352 -6.20536 7.58285 -0.591027 6.51565 0.00671952 -0.113774 0.00794125
717.274 -6.85654 -0.306437 -6.01384 7.64626 -0.667597 6.52403 0.00931569 -0.117133 0.0279471
717.29 -6.81823 -0.229828 -6.35858 7.77547 -0.228514 6.48335 0.00977384 -0.117439 0.0435241
717.307 -7.08637 -0.0766094 -6.28197 7.86401 -0.0358923 6.47498 0.00763582 -0.113926 0.0517708
717.324 -6.97145 0.0 -6.28197 7.94417 0.0801595 6.49771 0.00641408 -0.114843 0.0642935
717.34 -7.00976 -0.0383047 -6.16705 7.88315 0.129212 6.47498 0.0018326 -0.107818 0.0736092
717.357 -6.93315 -0.153219 -6.28197 7.68335 -0.102891 6.46421 -0.00259618 -0.110261 0.0847575
717.373 -6.74162 -0.191523 -6.20536 7.72881 -0.138784 6.48335 0.000610865 -0.112705 0.0781907
717.39 -6.74162 -0.268133 -6.35858 7.68096 -0.199801 6.47139 -0.00473421 -0.106901 0.0516181
717.407 -6.89484 -0.344742 -6.5118 7.65344 -0.361316 6.48814 -0.00290161 -0.117897 0.0476475
717.423 -6.74162 -0.344742 -6.24366 7.59242 -0.412762 6.45583 -0.00213803 -0.113774 0.0693332
717.44 -6.77993 -0.497961 -6.39688 7.55175 -0.43669 6.48335 -0.00213803 -0.114537 0.081245
717.456 -6.81823 -0.421352 -6.20536 7.7336 -0.634098 6.46062 -0.00351247 -0.111177 0.0653626
717.473 -7.08637 -0.459656 -6.39688 8.02672 -0.582652 6.47258 -0.00198531 -0.115454 0.0291688
717.49 -7.27789 -0.459656 -6.32027 8.14995 -0.635294 6.4343 -0.00152716 -0.109498 0.0248928
717.506 -7.27789 -0.421352 -6.20536 8.18584 -0.57667 6.44506 -0.000610865 -0.104153 0.0346666
717.523 -7.23959 -0.383047 -6.01384 8.12602 -0.400798 6.46062 -0.000305433 -0.102778 0.0395535
717.539 -7.43111 -0.344742 -6.35858 8.04586 -0.257228 6.44506 -0.000305433 -0.100793 0.0297797
717.555 -7.12467 -0.306437 -6.28197 8.06261 -0.241675 6.44387 -0.00106901 -0.101404 0.0445931
717.572 -7.00976 -0.0766094 -6.28197 7.9011 -0.106481 6.46062 -0.00381791 -0.095295 0.0478002
717.588 -6.97145 -0.153219 -6.01384 7.76471 -0.0299103 6.44746 -0.00442877 -0.0992656 0.0442877
717.605 -6.85654 -0.114914 -6.35858 7.74676 -0.0765703 6.45344 -0.00763582 -0.0960585 0.0505491
717.621 -7.04806 -0.191523 -6.20536 7.64865 -0.187837 6.4355 -0.00427606 -0.10232 0.0511599
717.638 -6.81823 -0.229828 -6.28197 7.64507 -0.300299 6.44506 -0.0065668 -0.101556 0.053298
717.655 -6.85654 -0.306437 -6.47349 7.7336 -0.418744 6.45823 -0.011301 -0.0968221 0.0591012
717.671 -6.81823 -0.344742 -6.32027 7.72642 -0.400798 6.45823 -0.0065668 -0.100182 0.0578795
717.687 -6.93315 -0.306437 -6.58841 7.75035 -0.374477 6.44387 -0.00992656 -0.0969748 0.056505
717.703 -6.89484 -0.383047 -6.20536 7.77547 -0.379262 6.42831 -0.00931569 -0.101862 0.0531453
717.719 -7.04806 -0.306437 -6.20536 7.78026 -0.355334 6.43669 -0.011301 -0.0960585 0.0551306
717.736 -6.89484 -0.268133 -6.28197 7.81137 -0.306281 6.44746 -0.00931569 -0.098502 0.0587958
717.752 -6.85654 -0.229828 -6.16705 7.77069 -0.330209 6.42233 -0.00885754 -0.101709 0.0639881
717.769 -6.85654 -0.344742 -6.20536 7.76231 -0.327816 6.44626 -0.00809396 -0.0986547 0.0665843
717.785 -6.97145 -0.268133 -6.20536 7.70728 -0.32662 6.44626 -0.0146608 -0.0925461 0.0681114
717.802 -6.77993 -0.268133 -6.5118 7.70369 -0.393619 6.43789 -0.00870483 -0.0997237 0.0636827
717.819 -6.85654 -0.383047 -6.58841 7.69292 -0.39003 6.43789 -0.0125227 -0.0992656 0.0658207
717.835 -6.70332 -0.306437 -6.20536 7.72283 -0.358923 6.43789 -0.0120646 -0.103847 0.0652099
717.852 -6.89484 -0.344742 -6.16705 7.72642 -0.407976 6.45823 -0.0163406 -0.0940732 0.0623082
717.867 -6.89484 -0.344742 -6.16705 7.71446 -0.41994 6.41396 -0.013439 -0.100182 0.0568105
717.884 -6.97145 -0.306437 -6.20536 7.73001 -0.463011 6.43789 -0.0122173 -0.101709 0.0529926
717.9 -6.85654 -0.383047 -6.62671 7.69412 -0.569491 6.44506 -0.0129809 -0.0994183 0.0526871
717.916 -6.89484 -0.459656 -6.24366 7.7683 -0.524028 6.42592 -0.011301 -0.0986547 0.0539089
717.933 -6.81823 -0.497961 -6.32027 7.71326 -0.541974 6.44387 -0.0143553 -0.0949895 0.0502437
717.95 -6.97145 -0.421352 -6.47349 7.78505 -0.558724 6.41396 -0.0137445 -0.0968221 0.0453567
717.966 -6.81823 -0.383047 -6.09044 7.84008 -0.504885 6.42951 -0.0131336 -0.0968221 0.0519235
717.983 -7.00976 -0.421352 -6.16705 7.84487 -0.514457 6.41276 -0.0120646 -0.0962113 0.0555887
717.999 -7.04806 -0.421352 -6.20536 7.92622 -0.503689 6.41994 -0.00778853 -0.100945 0.0529926
718.016 -7.08637 -0.383047 -6.28197 7.9669 -0.463011 6.42473 -0.00916297 -0.0983493 0.0499382
718.033 -7.04806 -0.459656 -6.20536 7.91426 -0.446261 6.40558 -0.0108429 -0.0931569 0.0470366
718.049 -7.00976 -0.383047 -6.24366 7.8999 -0.455832 6.41396 -0.00839939 -0.0971275 0.0423024
718.066 -7.04806 -0.344742 -6.20536 7.85683 -0.465404 6.42233 -0.0132863 -0.0894917 0.0479529
718.082 -6.97145 -0.344742 -6.39688 7.85205 -0.434297 6.41635 -0.0105374 -0.0896445 0.0468839
718.099 -6.93315 -0.306437 -6.16705 7.85683 -0.407976 6.41755 -0.00809396 -0.0926988 0.0464257
718.115 -7.12467 -0.268133 -5.93723 7.86161 -0.348156 6.40798 -0.0106901 -0.0908662 0.0426078
718.131 -6.85654 -0.268133 -6.28197 7.82094 -0.302692 6.41994 -0.0135917 -0.0901026 0.0429133
718.147 -6.89484 -0.229828 -6.24366 7.83769 -0.285942 6.42592 -0.0148135 -0.0870483 0.0450513
718.163 -6.97145 -0.229828 -6.24366 7.77787 -0.339781 6.41755 -0.0140499 -0.0875064 0.0511599
718.18 -6.74162 -0.344742 -6.28197 7.75274 -0.349352 6.42473 -0.013439 -0.0884227 0.0601702
718.197 -6.81823 -0.306437 -6.16705 7.72881 -0.342173 6.44028 -0.0164934 -0.0844521 0.055436
718.213 -6.85654 -0.268133 -6.24366 7.74078 -0.348156 6.42712 -0.0149662 -0.0891863 0.054367
718.23 -6.81823 -0.268133 -6.35858 7.75035 -0.351745 6.42592 -0.0184787 -0.0846048 0.0545197
718.246 -6.89484 -0.306437 -6.24366 7.73719 -0.34337 6.42233 -0.0169515 -0.0919352 0.0505491
718.263 -7.00976 -0.306437 -6.12875 7.68814 -0.381655 6.42712 -0.0206167 -0.0867428 0.0529926
718.28 -6.85654 -0.421352 -6.24366 7.68814 -0.42353 6.41755 -0.0181732 -0.0881173 0.056505
718.296 -6.74162 -0.306437 -6.16705 7.66062 -0.43669 6.42114 -0.0198531 -0.0888809 0.0684169
718.312 -6.93315 -0.268133 -6.09044 7.67737 -0.442672 6.42712 -0.0197004 -0.0885754 0.0679587
718.328 -6.85654 -0.344742 -6.20536 7.68933 -0.425922 6.43669 -0.0163406 -0.0945314 0.0644463
718.345 -6.93315 -0.536266 -6.20536 7.72283 -0.445065 6.42473 -0.0209221 -0.0881173 0.0623082
718.362 -6.85654 -0.268133 -6.20536 7.75394 -0.430708 6.41994 -0.0213803 -0.0884227 0.0580322
718.378 -6.97145 -0.306437 -6.35858 7.79222 -0.374477 6.42473 -0.0203113 -0.0940732 0.0525344
718.395 -6.89484 -0.383047 -6.12875 7.78624 -0.473779 6.41875 -0.0216857 -0.0934624 0.0479529
718.411 -6.85654 -0.421352 -6.16705 7.77188 -0.512064 6.42592 -0.0239765 -0.090408 0.0447459
718.428 -6.70332 -0.383047 -6.24366 7.75513 -0.569491 6.42712 -0.0227547 -0.0920879 0.0389426
718.445 -7.00976 -0.536266 -6.20536 7.77308 -0.561117 6.41994 -0.0216857 -0.0960585 0.034972
718.461 -7.00976 -0.421352 -6.24366 7.78505 -0.553938 6.41635 -0.0232129 -0.0868956 0.0357356
718.478 -6.93315 -0.344742 -6.05214 7.77308 -0.577866 6.4331 -0.0203113 -0.0928515 0.031765
718.493 -6.89484 -0.57457 -6.20536 7.6343 -0.735793 6.40917 -0.0186314 -0.0945314 0.031765
718.509 -6.93315 -0.421352 -6.28197 7.84367 -0.518046 6.43908 -0.0200058 -0.0884227 0.053298
718.526 -6.97145 -0.536266 -5.86062 7.84247 -0.617348 6.42473 -0.0195477 -0.087201 0.0587958
718.542 -6.89484 -0.536266 -6.12875 7.7671 -0.600598 6.40798 -0.0175624 -0.0856738 0.0569632
718.559 -6.85654 -0.344742 -6.20536 7.7994 -0.490529 6.41755 -0.0175624 -0.0899499 0.0319177
718.575 -6.97145 -0.383047 -6.5501 7.8018 -0.476171 6.41516 -0.0206167 -0.0858265 0.0232129
718.592 -7.04806 -0.344742 -6.05214 7.7683 -0.504885 6.44028 -0.0174097 -0.0888809 0.0158825
718.609 -7.00976 -0.421352 -6.16705 7.80539 -0.535992 6.41875 -0.0187841 -0.0887282 0.0248928
718.625 -6.70332 -0.459656 -6.16705 7.74437 -0.582652 6.43191 -0.0177151 -0.0888809 0.0320704
718.642 -7.00976 -0.421352 -6.39688 7.73121 -0.568295 6.4355 -0.0157298 -0.0888809 0.034972
718.658 -6.81823 -0.344742 -6.01384 7.67737 -0.507278 6.4355 -0.0152716 -0.0885754 0.033903
718.675 -6.85654 -0.344742 -6.28197 7.69172 -0.509671 6.42951 -0.0138972 -0.0943787 0.0348193
718.692 -6.81823 -0.421352 -6.12875 7.67258 -0.526421 6.4343 -0.0137445 -0.0913243 0.0394008
718.708 -6.70332 -0.344742 -6.28197 7.63071 -0.503689 6.43191 -0.013439 -0.0923933 0.0500909
718.725 -6.70332 -0.459656 -6.09044 7.65823 -0.514457 6.42712 -0.0164934 -0.0911716 0.0482583
718.741 -6.85654 -0.497961 -6.24366 7.57926 -0.454636 6.44147 -0.0174097 -0.0888809 0.0499382
718.757 -6.70332 -0.459656 -6.32027 7.56251 -0.488136 6.41755 -0.01237 -0.0972803 0.0494801
718.774 -6.58841 -0.459656 -6.12875 7.55414 -0.558724 6.42233 -0.0172569 -0.0916298 0.0606284
718.789 -6.77993 -0.497961 -6.12875 7.57208 -0.512064 6.4343 -0.0155771 -0.095295 0.0595593
718.806 -7.00976 -0.459656 -6.05214 7.62233 -0.537189 6.41875 -0.0171042 -0.0945314 0.0549779
718.823 -6.70332 -0.459656 -6.12875 7.63549 -0.605384 6.42592 -0.0140499 -0.096364 0.0537561
718.839 -6.77993 -0.536266 -6.20536 7.69292 -0.654437 6.41755 -0.0151189 -0.0965167 0.0620028
718.856 -6.85654 -0.497961 -6.20536 7.76949 -0.614955 6.41037 -0.0166461 -0.091477 0.0630718
718.872 -6.85654 -0.497961 -5.97553 7.84367 -0.661615 6.41994 -0.0175624 -0.0972803 0.0604756
718.889 -6.97145 -0.536266 -6.16705 7.85085 -0.673579 6.40917 -0.0131336 -0.0945314 0.0586431
718.906 -7.00976 -0.459656 -6.16705 7.86999 -0.632901 6.39482 -0.0103847 -0.101862 0.0549779
718.922 -6.97145 -0.612875 -6.43519 7.86281 -0.689133 6.41276 -0.0126754 -0.096364 0.0568105
718.938 -6.97145 -0.459656 -6.20536 7.84487 -0.635294 6.39841 -0.00946841 -0.0942259 0.0552833
718.954 -6.97145 -0.497961 -6.12875 7.90229 -0.637687 6.42473 -0.00763582 -0.0957531 0.0537561
718.971 -7.16298 -0.497961 -6.43519 7.96092 -0.648455 6.41156 -0.0108429 -0.0923933 0.0528398
718.988 -7.00976 -0.459656 -6.5118 7.91187 -0.65683 6.41396 -0.00901026 -0.0894917 0.0517708
719.004 -6.97145 -0.497961 -6.16705 7.87956 -0.649651 6.40319 -0.00992656 -0.0905607 0.0415388
719.021 -6.97145 -0.57457 -6.12875 7.84726 -0.620937 6.41037 -0.00809396 -0.0911716 0.0364992
719.037 -6.85654 -0.536266 -6.24366 7.84247 -0.586241 6.40678 -0.00824668 -0.0920879 0.0329867
719.054 -6.77993 -0.497961 -6.05214 7.83171 -0.637687 6.40439 -0.00671952 -0.0868956 0.0447459
719.071 -6.93315 -0.536266 -6.12875 7.78505 -0.643669 6.40798 -0.00580322 -0.0881173 0.0458149
719.087 -7.00976 -0.536266 -6.24366 7.78624 -0.592223 6.41875 -0.00381791 -0.0913243 0.0421497
719.104 -6.93315 -0.459656 -6.20536 7.77188 -0.585045 6.4008 -0.00397062 -0.0887282 0.0455095
719.12 -7.04806 -0.459656 -6.16705 7.75992 -0.602991 6.40558 -0.00717767 -0.0820086 0.0519235
719.137 -7.00976 -0.57457 -6.32027 7.77906 -0.647258 6.41276 -0.00442877 -0.0855211 0.0516181
719.154 -6.89484 -0.57457 -6.28197 7.77308 -0.684347 6.42712 -0.00351247 -0.0925461 0.0476475
719.17 -6.93315 -0.57457 -6.16705 7.81017 -0.753739 6.41994 -0.00198531 -0.087201 0.0465785
719.187 -7.08637 -0.57457 -6.09044 7.81855 -0.679561 6.41396 -0.00244346 -0.0865901 0.0438296
719.203 -6.81823 -0.421352 -5.78401 7.78146 -0.595813 6.41635 -0.00229074 -0.0842994 0.0467312
719.22 -6.81823 -0.421352 -6.24366 7.64507 -0.498903 6.4331 -0.00167988 -0.0820086 0.0497855
719.237 -6.66501 -0.497961 -6.24366 7.59721 -0.533599 6.40319 -0.00137445 -0.0806342 0.0536034
719.253 -6.77993 -0.57457 -6.28197 7.64387 -0.692722 6.43191 -0.00198531 -0.0842994 0.0539089
719.27 -6.62671 -0.459656 -6.28197 7.62592 -0.681954 6.42353 -0.00198531 -0.0842994 0.0456622
719.286 -6.66501 -0.536266 -6.32027 7.61157 -0.628116 6.39601 0.000305433 -0.0905607 0.0467312
719.303 -6.58841 -0.497961 -6.20536 7.5996 -0.61017 6.41994 0.00381791 -0.0936151 0.0503964
719.32 -6.74162 -0.57457 -6.16705 7.67856 -0.619741 6.43071 0.00442877 -0.0948368 0.0594066
719.337 -6.58841 -0.57457 -6.16705 7.68574 -0.598205 6.41516 0.00442877 -0.0928515 0.0569632
719.354 -6.77993 -0.459656 -6.05214 7.69053 -0.580259 6.42233 0.00412334 -0.0957531 0.0560469
719.37 -6.85654 -0.383047 -6.35858 7.67139 -0.585045 6.41994 0.00901026 -0.0986547 0.0577268
719.387 -6.81823 -0.383047 -6.12875 7.67617 -0.561117 6.41755 0.00488692 -0.096364 0.0580322
719.404 -6.93315 -0.497961 -6.24366 7.69531 -0.568295 6.44147 0.00397062 -0.0954477 0.0577268
719.42 -6.97145 -0.459656 -6.05214 7.75274 -0.564706 6.42353 0.00458149 -0.0962113 0.0584903
719.437 -7.00976 -0.497961 -6.16705 7.84487 -0.631705 6.41635 0.00259618 -0.0910189 0.0572686
719.453 -6.89484 -0.57457 -6.20536 7.88913 -0.608973 6.38405 0.00671952 -0.0954477 0.0487165
719.47 -7.04806 -0.497961 -6.24366 7.91067 -0.595813 6.40678 0.00503964 -0.0911716 0.0455095
719.487 -6.97145 -0.344742 -6.32027 7.94177 -0.601795 6.40917 0.00488692 -0.0908662 0.0444404
719.503 -7.16298 -0.497961 -6.09044 7.94776 -0.571884 6.41156 0.00442877 -0.0923933 0.0380264
719.52 -7.04806 -0.421352 -6.20536 7.8987 -0.568295 6.38524 0.0056505 -0.087201 0.0368046
719.536 -6.89484 -0.459656 -6.01384 7.85324 -0.586241 6.40319 0.00519235 -0.0868956 0.0363465
719.553 -6.97145 -0.536266 -6.20536 7.78505 -0.618545 6.41276 0.00626137 -0.0902553 0.0387899
719.57 -6.85654 -0.421352 -6.32027 7.75155 -0.54317 6.41516 0.00595593 -0.0865901 0.0415388
719.586 -6.97145 -0.344742 -6.20536 7.71685 -0.491725 6.42473 0.00763582 -0.0902553 0.0386372
719.603 -6.85654 -0.421352 -6.20536 7.72403 -0.48335 6.41875 0.00717767 -0.0902553 0.0351248
719.619 -6.66501 -0.421352 -6.35858 7.72522 -0.490529 6.41635 0.00335976 -0.0868956 0.0334449
719.636 -6.85654 -0.421352 -6.05214 7.69292 -0.490529 6.41875 0.00305432 -0.0838412 0.0363465
719.653 -6.77993 -0.459656 -6.16705 7.69651 -0.540778 6.42473 0.00335976 -0.0838412 0.0380264
719.669 -6.77993 -0.57457 -6.12875 7.70249 -0.57667 6.41516 0.00229074 -0.0853684 0.0413861
719.686 -6.85654 -0.421352 -6.20536 7.69053 -0.55992 6.42473 0.00305432 -0.08827 0.0418443
719.702 -6.85654 -0.421352 -5.97553 7.70608 -0.506082 6.43071 0.00305432 -0.0859793 0.0423024
719.719 -6.93315 -0.383047 -6.24366 7.77069 -0.534796 6.40678 0.00259618 -0.087201 0.0426078
719.736 -7.00976 -0.497961 -6.28197 7.79821 -0.613759 6.42233 0.00610865 -0.0902553 0.045204
719.752 -6.89484 -0.421352 -6.20536 7.79342 -0.643669 6.42951 0.00794125 -0.0908662 0.0445931
719.769 -6.85654 -0.612875 -6.39688 7.76471 -0.654437 6.43071 0.00931569 -0.0919352 0.0487165
719.785 -6.81823 -0.57457 -5.97553 7.7683 -0.673579 6.4331 0.0109956 -0.0910189 0.0551306
719.802 -6.89484 -0.536266 -6.32027 7.77188 -0.689133 6.41755 0.0119119 -0.0876591 0.0557414
719.819 -6.93315 -0.421352 -6.35858 7.77188 -0.601795 6.41755 0.00839939 -0.087201 0.052229
719.835 -6.74162 -0.421352 -6.24366 7.78026 -0.586241 6.4343 0.00992656 -0.0862847 0.0433714
719.851 -6.93315 -0.421352 -6.24366 7.76949 -0.563509 6.41635 0.0103847 -0.0867428 0.0357356
719.867 -6.70332 -0.306437 -6.32027 7.74317 -0.588634 6.41755 0.00824668 -0.0859793 0.0340557
719.884 -6.70332 -0.383047 -6.32027 7.67378 -0.569491 6.4355 0.00839939 -0.0875064 0.0381791
719.901 -6.70332 -0.459656 -6.12875 7.65464 -0.528814 6.42473 0.01237 -0.089339 0.0366519
719.917 -6.85654 -0.459656 -6.28197 7.65703 -0.515653 6.42473 0.013439 -0.0901026 0.0368046
719.934 -6.66501 -0.459656 -6.16705 7.67617 -0.550349 6.42233 0.0117592 -0.0885754 0.0421497
719.95 -6.89484 -0.536266 -6.5118 7.70369 -0.558724 6.4355 0.0114537 -0.0896445 0.0476475
719.966 -6.85654 -0.459656 -6.09044 7.70608 -0.562313 6.41755 0.0108429 -0.087201 0.0503964
719.982 -6.81823 -0.459656 -6.32027 7.70728 -0.575474 6.42951 0.0163406 -0.0966694 0.0445931
719.998 -6.93315 -0.383047 -6.32027 7.7683 -0.522831 6.42951 0.0143553 -0.0913243 0.0424551
720.015 -7.00976 -0.421352 -6.12875 7.77188 -0.518046 6.42233 0.0152716 -0.090408 0.0418443
720.032 -6.97145 -0.344742 -6.05214 7.8329 -0.520439 6.41635 0.0161879 -0.0931569 0.0406225
720.048 -7.00976 -0.383047 -6.43519 7.81137 -0.452243 6.41875 0.0174097 -0.0939205 0.0445931
720.065 -6.93315 -0.383047 -6.12875 7.81496 -0.421137 6.41516 0.0172569 -0.0937678 0.0423024
720.082 -6.93315 -0.344742 -6.12875 7.80539 -0.401994 6.41156 0.014508 -0.0920879 0.0442877
720.099 -6.97145 -0.421352 -6.35858 7.84606 -0.396012 6.41994 0.01237 -0.0849102 0.0471893
720.116 -6.85654 -0.229828 -5.89892 7.86521 -0.368495 6.42473 0.0111483 -0.0891863 0.0438296
720.131 -6.97145 -0.383047 -6.12875 7.85444 -0.346959 6.44267 0.0148135 -0.091477 0.0386372
720.148 -7.08637 -0.421352 -6.09044 7.89153 -0.336191 6.40798 0.0111483 -0.0875064 0.0389426
720.163 -6.93315 -0.268133 -6.12875 7.74317 -0.334995 6.44028 0.011301 -0.0856738 0.0476475
720.18 -6.89484 -0.306437 -6.24366 7.7348 -0.312263 6.45583 0.00962113 -0.0878119 0.0510072
720.197 -6.58841 -0.344742 -6.39688 7.54935 -0.321834 6.4331 0.00626137 -0.0846048 0.0468839
720.213 -6.85654 -0.306437 -6.35858 7.46919 -0.239282 6.45823 0.00503964 -0.0847575 0.029627
720.23 -6.93315 -0.0383047 -6.05214 7.67019 -0.192622 6.44267 0.00519235 -0.0896445 0.0390954
720.246 -6.97145 -0.153219 -6.16705 7.82094 -0.208175 6.42951 0.00687223 -0.0923933 0.053298
720.263 -6.74162 -0.306437 -6.20536 7.68574 -0.366102 6.42353 0.0 -0.087201 0.0665843
720.28 -6.58841 -0.344742 -6.24366 7.64626 -0.387637 6.42592 0.000916298 -0.0879646 0.0539089
720.296 -6.77993 -0.306437 -6.43519 7.62832 -0.411565 6.42233 -0.00320704 -0.0833831 0.0497855
720.313 -6.77993 -0.344742 -6.09044 7.67856 -0.435494 6.43071 -0.00137445 -0.0897971 0.0468839
720.329 -6.77993 -0.383047 -6.16705 7.71087 -0.40678 6.43908 0.00305432 -0.0951423 0.0507018
720.346 -6.77993 -0.383047 -6.16705 7.70728 -0.37328 6.43789 -0.000305433 -0.091477 0.0555887
720.363 -6.85654 -0.268133 -5.97553 7.70967 -0.307478 6.41276 0.00122173 -0.0928515 0.0537561
720.379 -6.74162 -0.344742 -6.28197 7.75753 -0.288335 6.42831 -0.000763581 -0.0959058 0.0568105
720.396 -6.77993 -0.191523 -6.28197 7.70249 -0.346959 6.4343 -0.00366519 -0.0911716 0.062461
720.412 -6.85654 -0.344742 -6.24366 7.7336 -0.364905 6.42473 -0.00763582 -0.0870483 0.0639881
720.429 -6.81823 -0.383047 -6.20536 7.80778 -0.375673 6.41755 -0.00229074 -0.0954477 0.065668
720.446 -7.04806 -0.344742 -6.32027 7.82812 -0.437886 6.41276 -0.00671952 -0.0899499 0.0595593
720.462 -6.97145 -0.383047 -6.16705 7.8688 -0.441475 6.41276 -0.00687223 -0.0922406 0.0467312
720.479 -7.04806 -0.383047 -6.24366 7.89751 -0.43669 6.41635 -0.00885754 -0.0862847 0.045204
720.495 -7.00976 -0.421352 -6.20536 7.90469 -0.434297 6.43071 -0.00412334 -0.0945314 0.0471893
720.512 -6.89484 -0.306437 -6.20536 7.90708 -0.446261 6.41755 -0.00717767 -0.0901026 0.0557414
720.529 -7.08637 -0.383047 -6.16705 7.88555 -0.404387 6.41276 -0.0106901 -0.081245 0.0561996
720.545 -6.85654 -0.306437 -6.12875 7.86042 -0.404387 6.41516 -0.00778853 -0.0890336 0.0520762
720.562 -7.16298 -0.344742 -6.16705 7.82213 -0.355334 6.42473 -0.00901026 -0.0891863 0.0491747
720.578 -6.89484 -0.344742 -6.20536 7.8018 -0.355334 6.44865 -0.0109956 -0.083994 0.0468839
720.595 -6.97145 -0.344742 -6.24366 7.75274 -0.415155 6.41635 -0.0128282 -0.0823141 0.0467312
720.612 -6.74162 -0.344742 -6.16705 7.67856 -0.459422 6.41635 -0.00946841 -0.0853684 0.0505491
720.628 -6.5501 -0.344742 -6.28197 7.66541 -0.451047 6.44267 -0.0137445 -0.086132 0.0526871
720.645 -6.70332 -0.383047 -6.12875 7.60917 -0.467797 6.41875 -0.0140499 -0.0836885 0.0507018
720.66 -6.89484 -0.536266 -5.89892 7.52662 -0.558724 6.43191 -0.0135917 -0.086132 0.0551306
720.676 -6.66501 -0.459656 -6.12875 7.54098 -0.514457 6.44028 -0.0117592 -0.0852157 0.0577268
720.692 -6.70332 -0.344742 -6.32027 7.5673 -0.480957 6.4331 -0.0126754 -0.085063 0.0571159
720.707 -6.70332 -0.344742 -6.16705 7.56132 -0.501296 6.44626 -0.0120646 -0.0925461 0.0558941
720.722 -6.77993 -0.459656 -6.16705 7.52064 -0.5001 6.43191 -0.01237 -0.0907135 0.0623082
720.738 -6.70332 -0.421352 -6.35858 7.55653 -0.482154 6.44865 -0.0106901 -0.0977384 0.0717766
720.753 -6.66501 -0.421352 -6.47349 7.57567 -0.465404 6.42473 -0.0117592 -0.0945314 0.0771217
720.769 -6.77993 -0.421352 -6.28197 7.57448 -0.526421 6.42353 -0.0106901 -0.0998765 0.079107
720.784 -6.89484 -0.497961 -6.28197 7.65464 -0.498903 6.39721 -0.00992656 -0.0981966 0.0749837
720.8 -6.74162 -0.459656 -6.01384 7.602 -0.644866 6.40678 -0.0155771 -0.0939205 0.0725402
721.404 -6.81823 -0.459656 -6.05214 7.74796 -0.544367 6.39841 -0.0074831 -0.0931569 0.0644463
721.42 -6.81823 -0.497961 -6.24366 7.75155 -0.60658 6.41635 -0.00717767 -0.0980438 0.0743728
721.437 -6.85654 -0.459656 -6.09044 7.73599 -0.59342 6.40319 -0.0109956 -0.0873537 0.0777326
721.453 -6.66501 -0.497961 -6.20536 7.8018 -0.580259 6.39362 -0.00626137 -0.0951423 0.0743728
721.47 -7.08637 -0.459656 -6.43519 7.87119 -0.563509 6.39362 -0.0109956 -0.0878119 0.0754418
721.487 -7.12467 -0.497961 -6.28197 7.8664 -0.60658 6.38883 -0.00687223 -0.0940732 0.0749837
721.503 -6.89484 -0.497961 -6.20536 7.81615 -0.614955 6.41156 -0.00733038 -0.0920879 0.0671951
721.52 -6.70332 -0.536266 -6.66501 7.77547 -0.618545 6.3996 -0.00824668 -0.0920879 0.0578795
721.536 -6.77993 -0.536266 -6.09044 7.77188 -0.643669 6.39003 -0.0108429 -0.0873537 0.0387899
721.553 -6.74162 -0.689484 -6.05214 7.84247 -0.674776 6.38524 -0.00916297 -0.0917825 0.0335976
721.57 -6.89484 -0.57457 -6.16705 7.82213 -0.697508 6.38524 -0.00855211 -0.0876591 0.0387899
721.586 -7.00976 -0.459656 -6.24366 7.79342 -0.618545 6.38524 -0.00763582 -0.0897971 0.0499382
721.603 -6.77993 -0.459656 -5.97553 7.68335 -0.601795 6.40199 -0.00839939 -0.089339 0.0485638
721.619 -6.81823 -0.421352 -6.24366 7.67378 -0.534796 6.41276 -0.00702495 -0.0940732 0.0392481
721.636 -6.81823 -0.459656 -6.24366 7.64985 -0.57667 6.41396 -0.00641408 -0.0951423 0.0436769
721.653 -6.70332 -0.421352 -6.32027 7.6008 -0.551545 6.40199 -0.00351247 -0.099571 0.0471893
721.669 -6.77993 -0.536266 -6.43519 7.62353 -0.541974 6.40319 -0.00809396 -0.0908662 0.0597121
721.685 -6.77993 -0.536266 -6.20536 7.67856 -0.611366 6.3996 -0.0056505 -0.0951423 0.0615447
721.7 -6.66501 -0.497961 -6.20536 7.61276 -0.594616 6.3996 -0.00824668 -0.0937678 0.0595593
721.717 -6.58841 -0.421352 -6.20536 7.59482 -0.552742 6.3996 -0.00671952 -0.097433 0.0561996
721.733 -6.5501 -0.268133 -6.35858 7.48475 -0.531206 6.41635 -0.00870483 -0.097433 0.0621555
721.749 -6.58841 -0.421352 -6.24366 7.42373 -0.510867 6.40678 -0.00962113 -0.101251 0.076969
721.766 -6.58841 -0.306437 -6.24366 7.4333 -0.448654 6.40439 -0.0122173 -0.105069 0.0933096
721.783 -6.66501 -0.383047 -6.09044 7.33041 -0.458225 6.41635 -0.0149662 -0.112857 0.101251
721.799 -6.66501 -0.459656 -6.05214 7.51107 -0.537189 6.43071 -0.0100793 -0.112399 0.10736
721.816 -6.70332 -0.65118 -6.43519 7.59003 -0.573081 6.3673 -0.00946841 -0.111025 0.111177
721.832 -6.32027 -1.41727 -6.28197 7.42852 -0.803988 6.34935 -0.00763582 -0.109803 0.112094
721.849 -6.97145 -0.727789 -6.05214 7.74437 -0.872184 6.41635 -0.0125227 -0.109956 0.0835358
721.865 -7.3545 -0.804398 -6.28197 8.31266 -0.999003 6.32901 -0.00259618 -0.117744 0.0676533
721.88 -7.43111 -0.268133 -6.09044 8.22532 -0.437886 6.38644 -0.00106901 -0.115454 0.0612392
721.897 -7.27789 -0.459656 -6.12875 8.17867 -0.607777 6.36969 -0.00931569 -0.111788 0.0763581
721.913 -7.20128 -0.612875 -6.16705 8.08535 -0.818345 6.35773 -0.0120646 -0.102778 0.0722348
721.929 -7.54602 -0.995922 -6.16705 8.48614 -1.20359 6.35653 -0.0106901 -0.101556 0.0627664
721.946 -7.81416 -0.957617 -6.05214 8.75533 -1.28375 6.38524 -0.00305432 -0.0911716 0.0128282
721.962 -7.50772 -0.612875 -6.12875 8.35693 -0.644866 6.29312 -0.00229074 -0.0934624 -0.0232129
721.979 -7.3545 -0.612875 -6.16705 8.32582 -0.702293 6.37208 -0.00320704 -0.0887282 0.00534507
721.994 -7.16298 -0.497961 -6.16705 7.77069 -0.771685 6.3661 0.000916298 -0.0804815 0.0485638
722.011 -7.04806 -0.497961 -6.28197 7.8987 -0.602991 6.37089 0.00244346 -0.087201 0.0366519
722.028 -6.97145 -0.421352 -6.16705 7.97049 -0.638883 6.39242 -0.00259618 -0.0783434 0.0178678
722.044 -6.74162 -0.536266 -6.28197 7.66899 -0.614955 6.38764 -0.00290161 -0.0772744 0.0129809
722.061 -6.74162 -0.65118 -6.28197 7.76112 -0.741775 6.38166 -0.00152716 -0.0853684 0.0132863
722.077 -6.85654 -0.65118 -6.16705 7.76949 -0.803988 6.4008 0.00213803 -0.0813978 0.0235183
722.094 -7.00976 -0.57457 -6.24366 7.72403 -0.714257 6.36371 0.00290161 -0.081245 0.0285579
722.111 -6.97145 -0.536266 -6.09044 7.84367 -0.632901 6.38883 0.00397062 -0.0865901 0.0288634
722.127 -6.89484 -0.459656 -6.20536 7.70967 -0.551545 6.38405 -0.00122173 -0.0813978 0.0238237
722.143 -6.62671 -0.497961 -6.24366 7.63789 -0.553938 6.38046 -0.000458149 -0.0810924 0.0245873
722.158 -6.74162 -0.459656 -5.97553 7.61037 -0.538385 6.39841 0.00137445 -0.0868956 0.0303905
722.174 -6.74162 -0.536266 -6.24366 7.60558 -0.60658 6.36371 -0.00152716 -0.0842994 0.0340557
722.191 -6.77993 -0.612875 -6.20536 7.67497 -0.679561 6.39003 -0.00137445 -0.0807869 0.0343612
722.207 -6.93315 -0.57457 -6.16705 7.74317 -0.691525 6.37687 0.000152716 -0.0836885 0.0326813
722.224 -6.85654 -0.421352 -5.93723 7.75992 -0.458225 6.36371 -0.00229074 -0.0852157 0.0436769
722.241 -6.89484 -0.57457 -6.24366 7.82812 -0.598205 6.3673 -0.00274889 -0.0856738 0.0433714
722.257 -7.16298 -0.536266 -6.20536 8.01476 -0.756132 6.37687 0.00152716 -0.0856738 0.0404698
722.274 -7.23959 -0.689484 -5.93723 8.11645 -0.844666 6.35534 0.00397062 -0.083994 0.0478002
722.29 -7.23959 -0.65118 -6.16705 8.1655 -0.891326 6.36132 0.00427606 -0.081245 0.0444404
722.307 -7.27789 -0.421352 -6.16705 7.98724 -0.626919 6.37807 0.00351247 -0.0762054 0.0423024
722.324 -7.00976 -0.459656 -6.12875 8.0351 -0.591027 6.37567 0.000610865 -0.0775799 0.0267254
722.34 -7.00976 -0.383047 -6.20536 7.96211 -0.564706 6.38405 0.00106901 -0.0736092 0.010232
722.356 -7.04806 -0.421352 -6.05214 7.84008 -0.45344 6.3673 0.00458149 -0.079107 0.0157298
722.372 -6.89484 -0.421352 -6.01384 7.78983 -0.579063 6.4008 0.000763581 -0.0723875 0.0432187
722.389 -6.74162 -0.421352 -6.24366 7.65464 -0.521635 6.3996 0.00152716 -0.0743728 0.0642935
722.406 -6.74162 -0.421352 -6.09044 7.54816 -0.470189 6.41276 0.00442877 -0.0810924 0.0661261
722.422 -6.70332 -0.383047 -6.24366 7.63071 -0.486939 6.41037 -0.00259618 -0.074831 0.0499382
722.438 -6.77993 -0.459656 -6.28197 7.64507 -0.519242 6.41037 -0.00122173 -0.0806342 0.0331394
722.454 -6.89484 -0.536266 -6.16705 7.80778 -0.636491 6.39841 -0.00290161 -0.0803288 0.0394008
722.471 -7.00976 -0.65118 -6.05214 7.80658 -0.860219 6.39721 -0.00106901 -0.0775799 0.0552833
722.488 -6.70332 -0.727789 -6.09044 7.79342 -0.915254 6.41156 0.000763581 -0.0728457 0.0768163
722.503 -6.89484 -0.459656 -6.16705 7.8006 -0.768096 6.41755 0.00167988 -0.0725402 0.085063
722.52 -6.70332 -0.57457 -6.20536 7.60798 -0.771685 6.43071 0.00687223 -0.078038 0.103542
722.537 -6.70332 -0.459656 -6.28197 7.61157 -0.643669 6.41396 0.00763582 -0.0798706 0.11133
722.553 -6.77993 -0.344742 -6.05214 7.63191 -0.521635 6.41875 0.00763582 -0.0784962 0.106596
722.57 -6.74162 -0.536266 -6.32027 7.57328 -0.658026 6.42353 0.00671952 -0.0809396 0.102625
722.586 -6.70332 -0.459656 -6.09044 7.58285 -0.608973 6.41276 0.00778853 -0.081245 0.0966694
722.603 -6.81823 -0.421352 -6.5501 7.63549 -0.486939 6.42353 0.00503964 -0.0833831 0.0884227
722.619 -6.93315 -0.421352 -6.24366 7.85444 -0.568295 6.42473 0.00137445 -0.0786489 0.0859793
722.636 -6.85654 -0.383047 -6.28197 7.75035 -0.508475 6.39482 0.00412334 -0.0813978 0.0607811
722.652 -7.00976 -0.344742 -6.12875 7.84487 -0.496511 6.42233 0.00137445 -0.0823141 0.0478002
722.668 -6.77993 -0.383047 -6.09044 7.76949 -0.465404 6.41276 -0.00122173 -0.078038 0.041997
722.685 -6.81823 -0.383047 -6.24366 7.7001 -0.439083 6.42712 -0.00458149 -0.0794125 0.0232129
722.701 -6.89484 -0.497961 -6.32027 7.87119 -0.568295 6.40678 -0.00580322 -0.0784962 0.0241292
722.718 -8.50364 -0.229828 -6.28197 8.38804 -0.486939 6.39482 -0.00458149 -0.0762054 0.0285579
722.734 -9.23143 -0.536266 -6.24366 9.98285 -0.376869 6.47258 -0.00870483 -0.0507018 0.0490219
722.75 -7.27789 -0.842703 -5.66909 8.01117 -0.976271 6.16511 -0.00839939 -0.0691805 0.0355829
722.767 -6.93315 -0.344742 -6.05214 8.98744 -0.800399 6.51805 -0.00167988 -0.0589485 0.0146608
722.783 -5.78401 -0.459656 -5.82231 6.8662 -0.460618 6.40558 -0.00320704 -0.0464257 0.00473421
722.8 -5.86062 -0.727789 -6.01384 6.72503 -1.03011 6.50608 -0.01237 -0.0639881 -0.00855211
722.817 -5.7457 -0.344742 -6.35858 6.56112 -0.314656 6.52164 0.00152716 -0.0704022 -0.00335976
722.833 -5.55418 -0.459656 -6.24366 6.24048 -0.252443 6.47856 -0.00595593 -0.0661261 0.0187841
722.85 -5.82231 -0.459656 -6.43519 6.71545 -0.537189 6.48694 -0.00671952 -0.0844521 0.0470366
722.866 -5.93723 -0.153219 -6.28197 7.24188 -0.129212 6.48814 -0.00152716 -0.0913243 0.0545197
722.883 -6.62671 -0.268133 -6.20536 7.43928 -0.178265 6.45464 -0.0074831 -0.0867428 0.0853684
722.9 -6.89484 -0.306437 -6.47349 7.92383 -0.520439 6.43908 -0.00809396 -0.0978911 0.090408
722.916 -7.12467 -0.306437 -6.05214 8.03868 -0.325424 6.4355 -0.0074831 -0.0945314 0.0930042
722.941 -7.27789 -0.459656 -6.28197 8.07577 -0.583848 6.45703 -0.0125227 -0.090408 0.0962113
722.956 -7.31619 -0.383047 -6.20536 8.16431 -0.479761 6.4331 -0.00992656 -0.0887282 0.0751364
722.973 -7.3545 -0.459656 -6.32027 8.33659 -0.614955 6.44147 -0.014508 -0.0832304 0.0587958
722.99 -7.50772 -0.65118 -6.12875 8.38923 -0.720239 6.4008 -0.0189368 -0.0752891 0.0548251
723.006 -7.31619 -0.689484 -6.32027 8.29711 -0.790828 6.43789 -0.0187841 -0.0676533 0.0548251
723.023 -7.46941 -1.45558 -6.35858 8.42393 -1.63908 6.4654 -0.010232 -0.0717766 0.054367
723.039 -7.31619 -0.995922 -6.32027 8.29831 -1.22991 6.47378 -0.00320704 -0.0639881 0.03711
723.056 -7.16298 -0.995922 -6.32027 8.27916 -1.17488 6.45942 -0.00717767 -0.0566577 0.0241292
723.072 -7.20128 -0.536266 -6.32027 8.06261 -0.695115 6.44147 -0.00519235 -0.0613919 -0.010232
723.087 -7.12467 -0.153219 -6.20536 7.7013 -0.34337 6.43191 -0.00885754 -0.0566577 0.0132863
723.104 -6.62671 -0.0766094 -6.24366 7.4668 -0.0275174 6.48096 -0.01237 -0.0552833 0.0436769
723.12 -7.16298 -0.306437 -6.12875 7.95972 -0.509671 6.48096 -0.00931569 -0.0513127 0.0826195
723.137 -7.20128 -0.459656 -6.16705 8.0686 -0.599402 6.50967 -0.0105374 -0.0494801 0.0415388
723.154 -6.70332 -0.612875 -6.20536 7.94656 -0.790828 6.42712 -0.0152716 -0.0494801 0.0155771
723.17 -6.12875 -0.65118 -6.70332 6.94158 -0.723829 6.53958 -0.0135917 -0.0583376 -0.00259618
723.187 -6.74162 -0.842703 -6.24366 7.77069 -1.09472 6.52762 -0.00916297 -0.0552833 0.0704022
723.203 -6.89484 -0.957617 -6.47349 8.05065 -1.09591 6.58146 -0.0018326 -0.0572686 0.0704022
723.22 -6.85654 -1.11084 -6.09044 7.77667 -1.17248 6.38285 -0.010232 -0.0534507 -0.0158825
723.237 -6.97145 -1.18745 -6.28197 7.67617 -1.40219 6.60419 -0.00458149 -0.062461 -0.0702495
723.253 -6.5118 -0.804398 -6.05214 7.46082 -1.11506 6.55992 0.00137445 -0.0577268 -0.0517708
723.27 -6.58841 -0.689484 -6.32027 7.14975 -0.79322 6.53001 -0.000458149 -0.0552833 -0.0364992
723.285 -6.24366 -0.459656 -6.47349 7.1007 -0.565902 6.56471 0.00427606 -0.0673479 -0.0323759
723.301 -5.93723 -0.268133 -6.35858 6.98704 -0.443868 6.57069 0.00381791 -0.0679587 -0.0655153
723.318 -6.01384 -0.229828 -6.20536 6.86501 -0.291924 6.51805 0.000916298 -0.0729984 -0.0862847
723.334 -6.35858 -0.268133 -6.05214 7.17966 -0.372084 6.57188 -0.00259618 -0.0765108 -0.110108
723.351 -6.5501 -0.344742 -6.5501 7.34118 -0.375673 6.55155 -0.00198531 -0.0803288 -0.124006
723.367 -6.58841 -0.306437 -6.24366 7.62832 -0.380459 6.56351 -0.00106901 -0.0838412 -0.12706
723.384 -6.97145 -0.344742 -6.24366 7.9681 -0.39003 6.5348 -0.00595593 -0.0806342 -0.135154
723.401 -7.27789 -0.344742 -6.32027 8.01476 -0.391226 6.58385 -0.00641408 -0.0788016 -0.181121
723.417 -6.89484 -0.306437 -6.28197 7.9346 -0.345763 6.52044 -0.00702495 -0.076969 -0.221744
723.434 -6.85654 -0.344742 -6.24366 7.65823 -0.384048 6.50369 -0.0138972 -0.0820086 -0.322079
723.45 -6.81823 -0.306437 -6.28197 7.43091 -0.348156 6.50608 -0.0183259 -0.0852157 -0.406378
723.467 -6.28197 -0.229828 -6.28197 7.31486 -0.290728 6.48933 -0.0186314 -0.0817032 -0.381791
723.484 -6.77993 -0.268133 -6.39688 7.37348 -0.227318 6.59342 -0.0157298 -0.0875064 -0.320857
723.5 -6.81823 -0.114914 -6.32027 7.64746 -0.11007 6.5671 -0.0114537 -0.0798706 -0.177151
723.517 -6.77993 0.114914 -6.39688 7.65942 0.150748 6.58026 -0.00855211 -0.0801761 -0.0838412
723.533 -6.89484 0.344742 -6.5118 7.7671 0.272782 6.56949 -0.00733038 -0.0847575 -0.0569632
723.549 -6.58841 0.459656 -8.77177 7.535 0.526421 8.91206 -0.0210748 -0.0844521 -0.116217
723.566 -6.93315 0.191523 -11.4531 7.75035 -0.066999 11.4975 -0.0381791 -0.0784962 -0.542754
723.582 -7.54602 -0.766094 -7.58433 8.21934 -0.556331 9.57368 -0.0444404 -0.0615447 -0.863458
723.598 -7.12467 -0.383047 -5.20944 7.1665 -0.370887 5.77148 0.00167988 -0.0587958 -0.826348
723.615 -6.32027 0.153219 -5.7457 6.97508 0.323031 5.97488 -0.0074831 -0.0876591 -0.540616
723.631 -5.78401 0.306437 -6.74162 6.9655 0.498903 7.17009 -0.023671 -0.105832 -0.465937
723.648 -5.66909 0.191523 -4.74978 6.32542 0.25005 5.51067 -0.0432187 -0.0971275 -0.31429
723.664 -5.51587 -0.114914 -4.0603 6.31705 0.21655 4.3346 -0.0201585 -0.104916 0.0346666
723.681 -6.24366 0.0766094 -3.79216 6.5994 0.0311067 3.81775 -0.00244346 -0.104458 0.215635
723.698 -6.89484 0.229828 -5.97553 7.8341 0.191426 5.63151 0.00397062 -0.102473 0.237321
723.714 -6.93315 0.268133 -6.43519 8.02433 0.183051 6.68076 0.00229074 -0.0968221 0.148593
723.731 -7.27789 0.383047 -6.5501 8.09491 0.0789631 6.47019 0.000305433 -0.106901 -0.0290161
723.747 -7.08637 0.421352 -6.43519 8.08175 0.478564 6.45464 -0.00641408 -0.106443 -0.0917825
723.763 -6.74162 0.421352 -6.5501 7.74915 0.428315 6.57787 -0.0120646 -0.104305 -0.168904
723.779 -6.62671 0.497961 -9.69109 7.90229 0.461814 8.2337 -0.00794125 -0.107054 -0.324522
723.795 -6.97145 0.421352 -9.15482 8.08774 0.300299 9.64786 -0.0186314 -0.100335 -0.59315
723.811 -6.5118 0.421352 -7.96737 7.58285 0.447458 8.63449 -0.0222966 -0.108276 -0.875828
723.827 -6.70332 0.344742 -7.16298 7.50867 0.605384 7.3651 -0.025809 -0.112246 -0.944703
723.844 -6.5501 0.57457 -7.50772 7.45244 0.698704 7.68933 -0.0265726 -0.124158 -0.906066
723.861 -6.09044 0.57457 -5.01791 7.22991 0.796809 6.96072 -0.0407752 -0.109956 -0.850935
723.877 -6.39688 0.842703 -6.39688 6.81954 0.893719 5.55972 -0.0421497 -0.126907 -0.646142
723.894 -6.24366 0.804398 -4.67317 6.84826 0.879362 5.02612 -0.0386372 -0.139125 -0.475406
723.91 -6.81823 0.689484 -2.33659 7.45364 0.942772 3.15494 -0.0363465 -0.163254 -0.206625
723.927 -7.31619 0.57457 -3.2559 8.31386 0.555135 3.93141 -0.0103847 -0.135612 -0.00870483
723.944 -6.09044 1.22575 -6.58841 7.70369 1.2323 5.33838 -0.00152716 -0.0926988 0.00733038
723.959 -6.16705 1.49388 -6.93315 7.0325 1.41894 7.29452 -0.00610865 -0.0919352 -0.0531453
723.976 -6.70332 1.53219 -7.27789 7.56251 1.56491 7.14497 -0.0394008 -0.105832 -0.382096
723.991 -7.16298 1.41727 -6.62671 7.90828 1.44168 6.74656 -0.0455095 -0.091477 -0.581849
724.008 -7.16298 1.18745 -6.32027 8.01595 1.38425 6.41994 -0.0394008 -0.0891863 -0.592234
724.025 -7.46941 1.14914 -6.5118 8.19781 1.34716 6.38883 -0.0302378 -0.08827 -0.58246
724.041 -7.54602 1.11084 -5.59248 8.37368 1.30768 5.9665 -0.0248928 -0.0815505 -0.406073
724.058 -7.43111 0.995922 -5.55418 8.36052 1.24068 5.71884 -0.0167988 -0.0833831 -0.273515
724.075 -7.3928 1.45558 -6.58841 8.21216 1.59242 6.52642 -0.0148135 -0.0781907 -0.045204
724.091 -7.23959 1.22575 -6.32027 8.33539 1.53739 6.47976 -0.0180205 -0.0815505 -0.000763581
724.108 -7.12467 1.30236 -6.47349 8.11286 1.535 6.44267 -0.0192422 -0.0740674 0.0128282
724.124 -6.74162 1.57049 -6.5501 7.61396 1.65942 6.52403 -0.0132863 -0.0723875 0.0299324
724.14 -6.62671 1.45558 -6.32027 7.38784 1.64148 6.49412 -0.0166461 -0.0768163 0.03711
724.157 -6.58841 1.45558 -6.35858 7.26221 1.61635 6.52881 -0.0187841 -0.0740674 0.0361938
724.172 -6.39688 1.6471 -6.47349 7.14736 1.6678 6.51446 -0.0198531 -0.0743728 0.0485638
724.189 -6.39688 1.53219 -6.28197 7.25384 1.70608 6.5348 -0.0219911 -0.0788016 0.0736092
724.205 -6.5118 1.53219 -6.28197 7.27059 1.67019 6.52522 -0.0229074 -0.0784962 0.0859793
724.222 -6.28197 1.49388 -6.43519 7.22393 1.60319 6.55155 -0.023671 -0.0766636 0.0873537
724.239 -6.39688 1.22575 -6.20536 7.05763 1.35075 6.53121 -0.023671 -0.0853684 0.0832304
724.255 -6.47349 1.37897 -6.35858 7.31007 1.35075 6.52403 -0.0233656 -0.0899499 0.0885754
724.272 -6.43519 1.11084 -6.47349 7.21436 1.29691 6.58026 -0.021533 -0.0894917 0.0933096
724.288 -6.32027 0.995922 -6.32027 7.25145 1.13061 6.53958 -0.025809 -0.0867428 0.0743728
724.305 -6.39688 0.804398 -6.58841 7.29571 0.870987 6.57906 -0.0192422 -0.0937678 0.0424551
724.322 -6.24366 0.804398 -6.70332 7.14138 1.05523 6.52642 -0.0200058 -0.0905607 0.0448986
724.338 -6.39688 0.842703 -6.35858 7.14616 0.985843 6.5683 -0.0183259 -0.101404 0.0340557
724.355 -6.5501 1.22575 -6.47349 7.30887 1.24307 6.57069 -0.0111483 -0.105222 0.0280998
724.371 -6.85654 1.41727 -6.24366 7.53978 1.41775 6.54078 -0.0108429 -0.100793 0.0523817
724.388 -6.77993 1.37897 -6.5501 7.61516 1.66301 6.52283 -0.0119119 -0.100335 0.0586431
724.405 -6.70332 1.18745 -6.43519 7.62951 1.33998 6.52642 -0.0181732 -0.10232 0.0557414
724.421 -6.77993 0.919312 -6.39688 7.57328 1.23948 6.5348 -0.0189368 -0.0998765 0.0366519
724.437 -6.58841 1.14914 -6.32027 7.45244 1.24427 6.52044 -0.0178678 -0.104153 0.0320704
724.452 -6.85654 1.03423 -6.35858 7.64746 1.19521 6.52403 -0.0166461 -0.104 0.0313068
724.469 -6.93315 1.03423 -6.32027 7.6008 1.28016 6.53719 -0.0183259 -0.0954477 0.0329867
724.486 -6.97145 1.11084 -6.32027 7.7994 1.32203 6.51326 -0.0151189 -0.097433 0.0287107
724.502 -6.97145 1.18745 -6.47349 7.9334 1.33998 6.51685 -0.019395 -0.0913243 0.0229074
724.519 -6.85654 1.22575 -6.16705 7.85683 1.28375 6.50369 -0.0175624 -0.0922406 0.0151189
724.535 -6.85654 0.881008 -6.58841 7.8006 1.23709 6.50489 -0.0169515 -0.0907135 0.0149662
724.552 -6.81823 1.03423 -6.39688 7.61994 1.12941 6.52881 -0.0131336 -0.0936151 0.0119119
724.569 -6.58841 0.995922 -6.39688 7.55414 1.23829 6.52164 -0.0125227 -0.0881173 0.0163406
724.585 -6.70332 0.957617 -6.35858 7.50269 1.29332 6.53121 -0.0128282 -0.0856738 0.0244346
724.602 -6.5501 0.995922 -6.24366 7.44287 1.31366 6.52762 -0.0138972 -0.081245 0.0316123
724.618 -6.5501 1.22575 -6.47349 7.36391 1.34237 6.54078 -0.0100793 -0.0901026 0.0386372
724.635 -6.43519 1.14914 -6.35858 7.30169 1.32921 6.52283 -0.00962113 -0.08827 0.0487165
724.652 -6.39688 1.07253 -6.58841 7.27178 1.29212 6.52762 -0.00778853 -0.0931569 0.0568105
724.667 -6.43519 0.995922 -6.5118 7.26221 1.24546 6.5348 -0.00931569 -0.0917825 0.0690278
724.683 -6.5118 1.03423 -6.47349 7.33639 1.25862 6.52283 -0.00641408 -0.0980438 0.0638354
724.7 -6.47349 1.22575 -6.35858 7.39262 1.34118 6.5336 -0.00778853 -0.0942259 0.0638354
724.716 -6.66501 1.22575 -6.35858 7.49791 1.30289 6.54556 -0.00855211 -0.0948368 0.0684169
724.733 -6.62671 1.14914 -6.28197 7.56371 1.3328 6.50369 -0.0074831 -0.0945314 0.0751364
724.749 -6.77993 1.11084 -5.93723 7.58883 1.25623 6.52044 -0.00473421 -0.0992656 0.0749837
724.766 -6.74162 1.18745 -6.28197 7.602 1.30648 6.50489 -0.00305432 -0.101404 0.0729984
724.783 -6.58841 1.14914 -6.39688 7.49791 1.27896 6.51805 -0.00671952 -0.0942259 0.0626137
724.798 -6.43519 1.03423 -6.5501 7.45244 1.24068 6.50608 -0.00794125 -0.0975857 0.0508545
724.815 -6.62671 0.957617 -6.24366 7.47996 1.2 6.52642 -0.00641408 -0.0968221 0.0484111
724.831 -6.85654 1.03423 -6.47349 7.48594 1.23111 6.52283 -0.00458149 -0.0975857 0.0442877
724.848 -6.77993 1.26405 -6.35858 7.49432 1.25384 6.50847 -0.00595593 -0.0988074 0.0468839
724.865 -6.74162 1.18745 -6.5501 7.54098 1.2993 6.51685 -0.00839939 -0.0908662 0.0519235
724.881 -6.74162 1.07253 -6.12875 7.49671 1.35434 6.51924 -0.0056505 -0.095295 0.0503964
724.898 -6.70332 1.14914 -6.35858 7.54217 1.26461 6.52522 -0.00733038 -0.0934624 0.046273
724.914 -6.74162 1.03423 -6.47349 7.57687 1.24427 6.51087 -0.00290161 -0.100029 0.0423024
724.931 -6.81823 1.18745 -6.32027 7.62592 1.3005 6.51446 -0.00229074 -0.101251 0.0394008
724.948 -6.74162 1.26405 -6.39688 7.59362 1.38784 6.51685 -0.00397062 -0.0966694 0.0400117
724.964 -6.85654 1.30236 -6.32027 7.61635 1.42014 6.5001 -0.00503964 -0.0940732 0.0319177
724.981 -6.62671 1.26405 -6.20536 7.5673 1.43928 6.51446 -0.00488692 -0.0983493 0.0239765
724.997 -6.66501 1.22575 -6.05214 7.50987 1.39143 6.50967 -0.00778853 -0.097433 0.0219911
725.014 -6.62671 1.18745 -6.28197 7.50748 1.34477 6.51565 -0.00824668 -0.0948368 0.019395
725.031 -6.70332 1.14914 -6.32027 7.468 1.37587 6.51565 -0.00458149 -0.0998765 0.0128282
725.047 -6.66501 1.22575 -6.39688 7.48833 1.35434 6.49412 -0.0119119 -0.090408 0.00794125
725.064 -6.58841 1.03423 -6.39688 7.56012 1.35793 6.51565 -0.011301 -0.0937678 0.00290161
725.08 -6.77993 1.14914 -6.5118 7.59123 1.35912 6.50608 -0.00946841 -0.0931569 0.0100793
725.097 -6.70332 1.26405 -6.32027 7.59841 1.3663 6.50489 -0.00671952 -0.098502 0.0222966
725.114 -6.89484 1.34066 -6.39688 7.57926 1.43928 6.50728 -0.00733038 -0.0991129 0.0232129
725.13 -6.66501 1.26405 -6.20536 7.5996 1.43091 6.5001 -0.00901026 -0.0951423 0.0106901
725.147 -6.70332 1.26405 -6.47349 7.58405 1.38544 6.50608 -0.0106901 -0.0943787 0.00778853
725.163 -6.62671 1.18745 -6.32027 7.58285 1.3328 6.48933 -0.00824668 -0.0997237 0.00427606
725.18 -6.70332 1.14914 -6.39688 7.56251 1.41775 6.49531 -0.0111483 -0.0926988 0.00992656
725.197 -6.58841 1.45558 -6.5501 7.57208 1.44168 6.49771 -0.0132863 -0.0919352 0.0138972
725.213 -6.43519 1.26405 -6.5501 7.49432 1.42253 6.50608 -0.0109956 -0.0934624 0.0177151
725.23 -6.81823 1.30236 -6.28197 7.58525 1.36152 6.51446 -0.010232 -0.0972803 0.0253509
725.246 -6.74162 0.995922 -6.35858 7.62712 1.27657 6.48933 -0.0105374 -0.0910189 0.0310014
725.263 -6.62671 0.957617 -6.32027 7.51825 1.21196 6.48574 -0.0122173 -0.0894917 0.0340557
725.28 -6.70332 1.03423 -6.5118 7.42971 1.11745 6.47976 -0.00794125 -0.0922406 0.0354302
725.296 -6.5118 1.03423 -6.39688 7.44766 1.17846 6.51805 -0.00442877 -0.095295 0.0442877
725.313 -6.62671 1.11084 -6.35858 7.47517 1.21675 6.49053 -0.00397062 -0.0910189 0.0485638
725.329 -6.70332 1.34066 -6.20536 7.48116 1.49432 6.48574 -0.00519235 -0.089339 0.047342
725.346 -6.62671 1.34066 -6.5118 7.47877 1.54217 6.52283 -0.00305432 -0.0962113 0.044135
725.363 -6.62671 1.37897 -6.35858 7.48594 1.56012 6.50967 -0.00320704 -0.0956004 0.044135
725.379 -6.62671 1.30236 -6.24366 7.52184 1.47637 6.48694 -0.00458149 -0.100945 0.0505491
725.396 -6.66501 1.37897 -6.43519 7.53858 1.47398 6.5013 -0.0056505 -0.0942259 0.0597121
725.412 -6.77993 1.49388 -6.47349 7.55055 1.4668 6.50489 -0.00763582 -0.0936151 0.064599
725.429 -6.58841 1.41727 -6.43519 7.53619 1.51346 6.50489 -0.00610865 -0.100182 0.0636827
725.446 -6.5118 1.26405 -6.43519 7.60917 1.37468 6.51805 -0.00946841 -0.0972803 0.0652099
725.462 -6.85654 0.957617 -6.47349 7.76351 1.1007 6.49771 -0.00946841 -0.0934624 0.0623082
725.479 -6.93315 1.07253 -6.28197 7.70369 1.14138 6.47019 -0.00503964 -0.097433 0.0638354
725.495 -6.62671 1.34066 -6.47349 7.58405 1.42014 6.48096 -0.00473421 -0.0994183 0.0551306
725.512 -6.58841 1.26405 -6.39688 7.53141 1.45843 6.5013 -0.00839939 -0.096364 0.0354302
725.529 -6.66501 1.18745 -6.43519 7.53021 1.49192 6.47498 -0.0103847 -0.0934624 0.0380264
725.545 -6.77993 1.45558 -6.20536 7.58525 1.5003 6.46421 -0.0109956 -0.0922406 0.0453567
725.562 -6.66501 1.34066 -6.12875 7.57208 1.45244 6.52762 -0.0100793 -0.0951423 0.0652099
725.578 -6.81823 1.22575 -6.28197 7.64507 1.30768 6.47139 -0.0128282 -0.0897971 0.0700968
725.595 -6.77993 0.842703 -6.35858 7.65224 1.17129 6.51446 -0.0106901 -0.0936151 0.0661261
725.612 -6.89484 0.804398 -6.58841 7.60439 1.03968 6.48096 -0.00809396 -0.0943787 0.0609338
725.628 -6.70332 0.995922 -6.32027 7.50389 1.1665 6.51924 -0.0074831 -0.0919352 0.065668
725.645 -6.5501 1.03423 -6.24366 7.45962 1.2993 6.4654 -0.00671952 -0.0940732 0.0510072
725.661 -6.66501 0.995922 -6.28197 7.51705 1.27657 6.5013 -0.0111483 -0.0885754 0.0474948
725.678 -6.62671 0.957617 -6.39688 7.52542 1.2012 6.4989 -0.00885754 -0.0868956 0.0493274
725.695 -6.74162 1.03423 -6.32027 7.47039 1.22512 6.48335 -0.00503964 -0.0957531 0.0491747
725.711 -6.66501 1.07253 -5.97553 7.48714 1.2 6.48455 -0.00794125 -0.0890336 0.046273
725.728 -6.74162 1.07253 -6.35858 7.55175 1.26102 6.4989 -0.00381791 -0.0945314 0.0355829
725.744 -6.81823 1.18745 -6.58841 7.65583 1.28853 6.48933 -0.00213803 -0.0972803 0.0320704
725.761 -6.62671 1.07253 -6.24366 7.61635 1.26939 6.47737 -0.00274889 -0.0951423 0.0291688
725.778 -6.77993 1.11084 -6.43519 7.57328 1.27657 6.49651 -0.00305432 -0.0942259 0.0305433
725.794 -6.74162 0.957617 -6.35858 7.51226 1.22632 6.49292 -0.00335976 -0.091477 0.0456622
725.811 -6.66501 1.03423 -6.39688 7.49192 1.24546 6.48933 -0.00122173 -0.0917825 0.0537561
725.827 -6.5118 0.957617 -6.24366 7.468 1.25503 6.50489 -0.00106901 -0.0934624 0.0551306
725.844 -6.39688 1.11084 -6.16705 7.38544 1.25025 6.48096 -0.00167988 -0.0930042 0.0427606
725.861 -6.5118 1.03423 -6.43519 7.4333 1.2658 6.5013 0.00106901 -0.095295 0.0311541
725.877 -6.66501 0.995922 -6.35858 7.46202 1.24427 6.49531 -0.00106901 -0.095295 0.0335976
725.894 -6.70332 0.842703 -6.20536 7.50389 1.18086 6.50967 0.000916298 -0.0978911 0.032834
725.91 -6.85654 0.881008 -6.09044 7.63071 1.07797 6.4678 -0.000305433 -0.0954477 0.034972
725.927 -6.74162 0.919312 -6.28197 7.59003 1.14616 6.47498 0.00229074 -0.0969748 0.0325286
725.944 -6.81823 0.995922 -6.24366 7.54098 1.18445 6.49292 0.00473421 -0.0962113 0.0264199
725.96 -6.43519 1.34066 -6.24366 7.33041 1.47159 6.50489 0.00809396 -0.100335 0.0166461
725.977 -6.32027 1.26405 -6.28197 7.27896 1.52423 6.49412 0.00763582 -0.0959058 0.0401644
725.993 -6.5118 1.41727 -6.32027 7.42612 1.44407 6.4989 0.00503964 -0.0971275 0.0482583
726.01 -6.85654 1.57049 -6.28197 7.61276 1.69053 6.47019 0.00870483 -0.102778 0.0464257
726.027 -6.89484 1.6088 -6.32027 7.83649 1.81376 6.44865 0.00855211 -0.103847 0.0482583
726.043 -6.89484 1.41727 -6.5118 7.74078 1.84845 6.47019 -0.00122173 -0.0971275 0.0600175
726.06 -6.97145 0.881008 -6.28197 7.85683 1.1988 6.44746 -0.0056505 -0.0945314 0.0603229
726.076 -6.93315 1.11084 -6.24366 7.65823 1.24187 6.48933 -0.00641408 -0.0899499 0.0647517
726.093 -6.77993 1.14914 -6.12875 7.58525 1.26102 6.46062 -0.00137445 -0.0960585 0.0810924
726.11 -6.66501 0.957617 -6.62671 7.56849 1.17248 6.48933 0.000610865 -0.0939205 0.0792598
726.126 -6.62671 0.842703 -6.24366 7.51944 1.04566 6.48574 0.00427606 -0.0969748 0.0615447
726.143 -6.77993 1.07253 -6.28197 7.46082 1.16889 6.49172 0.00106901 -0.0917825 0.0424551
726.159 -6.66501 1.03423 -6.32027 7.49791 1.19043 6.48814 0.00320704 -0.0948368 0.0276416
726.176 -6.62671 0.842703 -6.12875 7.48953 1.10788 6.47019 -0.000152716 -0.0896445 0.00855211
726.193 -6.74162 1.03423 -6.81823 7.61755 1.15214 6.47139 0.00534507 -0.0977384 0.00992656
726.209 -6.81823 0.919312 -6.39688 7.61874 1.15334 6.48335 0.0056505 -0.0913243 0.0138972
726.226 -6.66501 1.14914 -6.20536 7.60678 1.25025 6.47737 0.00824668 -0.0939205 0.00855211
726.242 -6.74162 1.26405 -6.39688 7.58764 1.33759 6.48574 0.00992656 -0.097433 0.00397062
726.259 -6.58841 1.57049 -6.32027 7.39861 1.74437 6.46421 0.0109956 -0.0937678 0.0232129
726.275 -6.47349 1.68541 -6.39688 7.37348 1.85922 6.47139 0.00885754 -0.0934624 0.0436769
726.291 -6.62671 1.57049 -6.16705 7.52782 1.72522 6.47019 0.00992656 -0.096364 0.0708604
726.308 -6.85654 1.34066 -6.28197 7.77308 1.47159 6.46421 0.00519235 -0.0957531 0.0772744
726.325 -6.77993 1.14914 -6.20536 7.81137 1.38185 6.44267 0.000305433 -0.08827 0.0726929
726.341 -6.93315 1.03423 -6.39688 7.76471 1.21675 6.46062 0.00320704 -0.095295 0.0505491
726.358 -6.81823 0.881008 -6.35858 7.69292 1.24666 6.47737 0.00412334 -0.0917825 0.0523817
726.374 -6.74162 1.14914 -6.39688 7.6343 1.32802 6.47378 0.00442877 -0.089339 0.0444404
726.391 -6.77993 1.26405 -6.28197 7.67019 1.38185 6.45823 0.00763582 -0.0937678 0.0355829
726.408 -6.85654 1.26405 -6.5118 7.72283 1.40698 6.44387 0.00488692 -0.0908662 0.0297797
726.423 -6.77993 1.22575 -6.47349 7.66899 1.45484 6.44387 0.00427606 -0.0905607 0.0251982
726.44 -6.70332 1.26405 -6.32027 7.64626 1.42134 6.45583 0.00381791 -0.0884227 0.0300851
726.456 -6.58841 1.22575 -6.20536 7.54696 1.4333 6.48096 0.00198531 -0.083994 0.0348193
726.473 -6.81823 1.34066 -6.16705 7.53141 1.57448 6.4678 0.00274889 -0.0876591 0.0406225
726.49 -6.58841 1.45558 -6.24366 7.52782 1.57089 6.45464 0.00442877 -0.0894917 0.0395535
726.506 -6.70332 1.22575 -6.47349 7.50628 1.42253 6.45105 0.00244346 -0.0884227 0.0384845
726.523 -6.77993 1.18745 -6.39688 7.54935 1.31964 6.48215 0.00442877 -0.0881173 0.0421497
726.539 -6.66501 1.03423 -6.32027 7.58285 1.28255 6.46421 0.00152716 -0.087201 0.0389426
726.556 -6.66501 1.07253 -6.12875 7.50867 1.27059 6.47737 0.00305432 -0.0879646 0.0342084
726.573 -6.62671 1.14914 -6.16705 7.4991 1.29452 6.47617 0.00412334 -0.0891863 0.0235183
726.589 -6.39688 1.37897 -6.66501 7.50269 1.30289 6.45583 0.00427606 -0.0879646 0.0253509
726.606 -6.70332 1.14914 -6.39688 7.50748 1.42134 6.44387 0.00503964 -0.0907135 0.043066
726.621 -6.58841 1.07253 -6.32027 7.65224 1.33519 6.48096 0.00733038 -0.0888809 0.0529926
726.638 -7.12467 1.11084 -6.16705 7.74915 1.26221 6.46062 0.00733038 -0.091477 0.0262672
726.654 -6.81823 0.995922 -6.47349 7.75633 1.17129 6.45583 0.00595593 -0.0876591 0.0290161
726.669 -6.85654 0.881008 -6.32027 7.68814 1.11266 6.47258 0.00549779 -0.0842994 0.0403171
726.685 -6.70332 1.18745 -6.32027 7.66301 1.2347 6.45344 0.00901026 -0.0836885 0.0389426
726.7 -6.66501 1.41727 -6.24366 7.61874 1.53858 6.43669 0.00855211 -0.0855211 0.0190895
726.715 -6.58841 1.6471 -6.32027 7.46082 1.56371 6.47139 0.00962113 -0.0868956 0.0065668
726.731 -6.5501 1.53219 -6.5118 7.47517 1.58883 6.46181 0.0114537 -0.0908662 0.0132863
