776.748 -3.02607 6.01384 -6.05214 3.868 6.34816 6.51565 -0.0241292 -0.0919352 -0.450818
776.765 -3.06437 6.05214 -6.16705 3.88475 6.25244 6.5348 -0.022602 -0.0981966 -0.424399
776.782 -3.33251 6.12875 -6.28197 3.90867 6.22971 6.53839 -0.0189368 -0.0939205 -0.373086
776.798 -2.79624 6.16705 -6.32027 3.76032 6.30508 6.57906 -0.0187841 -0.0930042 -0.357662
776.815 -3.06437 6.12875 -6.28197 3.73878 6.47498 6.55155 -0.0233656 -0.0939205 -0.430354
776.831 -2.98777 6.24366 -5.82231 3.78425 6.48694 6.55992 -0.02474 -0.0890336 -0.42165
776.848 -2.87285 6.5118 -6.16705 3.78664 6.72861 6.5659 -0.0242819 -0.0946841 -0.55604
776.865 -2.68133 6.5501 -6.20536 3.65384 6.62692 6.54915 -0.0294742 -0.0936151 -0.617584
776.881 -2.75794 6.35858 -6.09044 3.56172 6.61735 6.55514 -0.0303905 -0.0923933 -0.657138
776.898 -2.41319 6.58841 -6.24366 3.15613 6.77767 6.59103 -0.0299324 -0.0894917 -0.710589
776.914 -2.29828 6.62671 -6.16705 2.9994 6.97388 6.57787 -0.0439823 -0.0957531 -0.937831
776.931 -1.76202 6.43519 -6.20536 2.82712 6.72742 6.57188 -0.0529926 -0.0956004 -0.971734
776.948 -1.91523 6.32027 -6.47349 2.82353 6.54437 6.58744 -0.0607811 -0.103389 -1.1469
776.963 -2.06845 6.47349 -6.20536 2.84985 6.56471 6.58026 -0.0569632 -0.10064 -1.15194
776.98 -2.29828 6.47349 -6.12875 2.77328 6.60778 6.64726 -0.0499382 -0.100487 -1.14919
776.995 -1.76202 6.5501 -6.32027 2.53639 6.83629 6.53599 -0.0514654 -0.099571 -1.1443
777.012 -1.49388 6.5501 -6.12875 2.26241 6.87577 6.54078 -0.0557414 -0.105985 -1.17729
777.029 -1.72371 6.47349 -6.24366 2.47657 6.84586 6.59222 -0.055436 -0.108734 -1.09574
777.045 -1.76202 6.43519 -6.43519 2.30309 6.72861 6.5683 -0.0516181 -0.106901 -1.11865
777.062 -1.76202 6.47349 -6.20536 2.67159 6.68674 6.52522 -0.0442877 -0.105374 -0.982729
777.078 -1.57049 6.5501 -6.16705 2.27677 6.93799 6.63888 -0.0395535 -0.0989602 -1.02625
777.095 -1.6471 6.39688 -6.12875 2.48853 6.87458 6.56949 -0.03711 -0.0966694 -0.885602
777.112 -1.11084 6.39688 -6.47349 1.71206 6.72742 6.63888 -0.0161879 -0.0801761 -0.545808
777.128 -0.995922 6.16705 -6.32027 1.53021 6.6652 6.61855 0.00458149 -0.0763581 -0.071624
777.145 -0.919312 6.85654 -6.43519 1.21077 6.89372 6.71306 0.00885754 -0.0832304 0.138514
777.161 -1.49388 7.20128 -6.12875 2.01117 7.47158 6.48814 0.0125227 -0.0930042 0.304363
777.178 -1.30236 6.93315 -6.24366 2.09013 7.14138 6.5994 0.0065668 -0.083994 0.335976
777.195 -1.07253 6.93315 -6.39688 1.84008 7.066 6.54676 0.00641408 -0.0875064 0.222966
777.211 -1.14914 6.24366 -6.39688 1.74796 6.78604 6.66162 0.00290161 -0.0884227 0.168293
777.228 -1.30236 6.24366 -5.97553 2.04826 6.51805 6.61137 0.00397062 -0.0873537 0.141721
777.244 -1.6088 6.89484 -6.28197 2.33898 7.12582 6.57188 0.0119119 -0.0827722 0.227242
777.261 -1.87693 7.00976 -6.24366 2.58784 7.36391 6.52164 0.013439 -0.0809396 0.286496
777.278 -1.72371 6.85654 -6.39688 2.49093 7.22991 6.57787 0.0126754 -0.0751364 0.371559
777.294 -1.26405 6.39688 -6.20536 1.98006 6.59103 6.61137 0.0183259 -0.0723875 0.452804
777.311 -1.30236 5.7457 -6.32027 1.92263 6.17827 6.62094 0.0264199 -0.071013 0.544281
777.327 -1.6088 6.97145 -6.35858 2.43589 7.05165 6.5994 0.0323759 -0.0707076 0.579558
777.344 -1.26405 7.23959 -6.32027 2.1655 7.32323 6.5683 0.0230602 -0.071013 0.410807
777.361 -1.18745 7.3928 -6.20536 2.08415 7.43809 6.56949 0.00626137 -0.0807869 0.0416915
777.377 -1.11084 7.08637 -6.58841 1.87597 7.55055 6.56231 -0.00397062 -0.0852157 -0.136223
777.394 -0.727789 6.85654 -6.16705 1.47876 6.82672 6.60299 -0.0151189 -0.0936151 -0.333074
777.41 -1.03423 6.70332 -6.24366 1.65344 6.93799 6.59342 -0.0108429 -0.0951423 -0.311236
777.426 -1.22575 6.58841 -6.09044 1.61157 6.99422 6.61017 -0.00824668 -0.0988074 -0.263436
777.443 -1.18745 6.81823 -6.32027 1.82692 7.00379 6.59222 -0.00442877 -0.101098 -0.121715
777.459 -1.14914 6.74162 -6.20536 1.89392 6.99422 6.57308 0.000152716 -0.0949895 0.00794125
777.476 -1.68541 6.93315 -6.43519 2.04706 7.34118 6.58385 -0.00106901 -0.0977384 0.055436
777.492 -1.49388 6.62671 -6.16705 2.3007 7.05404 6.50249 0.0 -0.0978911 0.0662789
777.509 -1.41727 6.70332 -6.35858 2.16431 7.03489 6.58863 0.00427606 -0.0945314 0.0887282
777.526 -1.30236 6.58841 -6.32027 1.99561 6.90449 6.54796 0.00412334 -0.0925461 0.127824
777.542 -1.68541 6.5118 -6.28197 2.39043 6.67837 6.57547 0.00259618 -0.0881173 0.156534
777.559 -1.30236 6.62671 -6.05214 2.12243 6.85065 6.61615 0.00687223 -0.0844521 0.194561
777.575 -1.22575 7.00976 -6.24366 1.83649 7.34357 6.55992 0.0129809 -0.0875064 0.297797
777.592 -1.37897 6.85654 -6.32027 1.98006 7.24188 6.55872 0.0120646 -0.0853684 0.385914
777.609 -1.6088 6.58841 -6.24366 2.24088 6.8662 6.57787 0.0198531 -0.0798706 0.551611
777.625 -1.68541 6.39688 -6.39688 2.17986 6.6317 6.55155 0.0282525 -0.0788016 0.745255
777.642 -2.25998 7.12467 -6.09044 2.86899 7.24307 6.5348 0.0363465 -0.0742201 0.918894
777.658 -2.4898 6.85654 -6.28197 2.77926 7.17248 6.5001 0.0363465 -0.0697913 0.920879
777.674 -1.72371 6.5501 -6.35858 2.52323 6.84945 6.5348 0.0343612 -0.0740674 0.787558
777.69 -1.6471 6.66501 -6.28197 2.22413 6.8016 6.61615 0.0259618 -0.0778853 0.571312
777.705 -1.68541 6.85654 -6.32027 2.46461 7.11984 6.5671 0.0192422 -0.0864374 0.459829
777.721 -1.83862 7.43111 -6.32027 2.64646 7.68933 6.54556 0.00809396 -0.0901026 0.313221
777.736 -2.14506 7.50772 -6.47349 2.88933 7.70249 6.49771 0.00320704 -0.090408 0.265421
777.751 -2.33659 6.81823 -6.05214 3.14177 7.18325 6.53719 -0.00839939 -0.0928515 0.178373
777.767 -1.87693 6.09044 -5.97553 2.87019 6.56112 6.58385 -0.0128282 -0.0901026 0.122784
777.783 -1.68541 6.28197 -6.70332 2.18943 6.25723 6.60419 -0.00901026 -0.0905607 0.0946841
777.798 -2.41319 6.66501 -6.20536 2.74696 6.89372 6.56471 -0.00687223 -0.0888809 0.151189
777.814 -2.56641 6.85654 -6.20536 3.32961 6.9655 6.55274 -0.00794125 -0.0887282 0.0919352
777.829 -2.33659 6.97145 -6.28197 3.3332 7.16052 6.46301 -0.0203113 -0.0885754 -0.159894
777.845 -2.25998 6.85654 -6.20536 3.3655 6.91765 6.50967 -0.0242819 -0.0949895 -0.291688
778.454 -1.80032 7.04806 -6.32027 2.52084 7.3352 6.60419 -0.00290161 -0.0916298 0.0438296
778.47 -1.83862 6.85654 -6.01384 2.65484 6.932 6.53599 -0.0100793 -0.0913243 0.00152716
778.486 -1.95354 6.93315 -6.20536 2.75414 7.09113 6.55514 -0.00794125 -0.0907135 -0.00137445
778.501 -1.6471 6.47349 -6.05214 2.50528 6.69392 6.61256 -0.00366519 -0.0890336 0.0171042
778.518 -1.45558 6.47349 -6.43519 2.28993 6.74536 6.63769 -0.000152716 -0.0887282 0.0348193
778.534 -1.6471 6.39688 -6.43519 2.18943 6.65563 6.58505 0.00106901 -0.0936151 0.0308487
778.55 -1.41727 6.5501 -6.12875 2.21097 6.74656 6.56949 0.00152716 -0.0917825 0.0287107
778.567 -1.49388 6.58841 -6.35858 2.28634 6.8016 6.59701 0.00229074 -0.0925461 0.0279471
778.583 -1.87693 6.66501 -6.5501 2.45504 6.87458 6.58026 0.00366519 -0.0948368 0.0380264
778.6 -1.76202 6.47349 -6.01384 2.52323 6.80519 6.57069 0.00229074 -0.0919352 0.0673479
778.616 -1.68541 6.35858 -6.32027 2.3653 6.65683 6.60419 0.00549779 -0.0926988 0.0867428
778.633 -1.34066 6.58841 -6.24366 2.35095 6.67478 6.57906 0.00717767 -0.0940732 0.0897971
778.65 -1.6088 6.66501 -6.39688 2.37846 6.85065 6.57188 0.00733038 -0.0959058 0.0827722
778.666 -1.91523 6.77993 -6.35858 2.42513 6.94756 6.55992 0.00733038 -0.0977384 0.0699441
778.683 -1.87693 6.89484 -6.20536 2.59741 7.15573 6.56471 0.00397062 -0.0966694 0.0558941
778.7 -1.87693 6.74162 -6.28197 2.64766 7.15214 6.55274 0.00320704 -0.0965167 0.0459676
778.716 -1.80032 6.89484 -6.35858 2.74696 7.03849 6.5683 0.00473421 -0.0980438 0.0320704
778.733 -1.80032 6.81823 -6.16705 2.5651 7.02772 6.56949 0.000152716 -0.0911716 0.0152716
778.749 -1.80032 6.77993 -6.20536 2.47418 7.01097 6.58385 -0.00274889 -0.0858265 0.00626137
778.766 -1.72371 6.85654 -6.20536 2.467 7.09711 6.53839 -0.00259618 -0.0959058 -0.00458149
778.782 -1.99184 6.77993 -6.09044 2.63809 7.09113 6.55035 -0.00274889 -0.0936151 -0.00106901
778.798 -1.95354 6.81823 -6.16705 2.72782 7.00618 6.54078 -0.00549779 -0.0897971 -0.00244346
778.815 -1.95354 6.66501 -6.35858 2.65842 6.89731 6.55753 -0.00442877 -0.0897971 -0.00992656
778.831 -1.76202 6.62671 -6.24366 2.42513 6.87458 6.57308 -0.00412334 -0.0885754 -0.0149662
778.848 -1.80032 6.85654 -5.89892 2.38923 6.91047 6.57308 -0.00626137 -0.0865901 0.0174097
778.865 -1.6088 6.62671 -6.39688 2.35454 6.88175 6.55035 -0.00794125 -0.0817032 0.0345139
778.881 -1.53219 6.5118 -6.09044 2.40359 6.75374 6.55872 -0.00320704 -0.0894917 0.034972
778.898 -1.41727 6.5501 -6.09044 2.31147 6.78245 6.57787 -0.00366519 -0.0875064 0.0175624
778.914 -1.53219 6.5501 -6.32027 2.28036 6.86381 6.57787 -0.00381791 -0.087201 0.0169515
778.931 -1.6088 6.47349 -6.28197 2.20379 6.7657 6.50249 0.00106901 -0.0922406 0.0493274
778.948 -1.30236 6.5501 -6.24366 2.13918 6.82433 6.54437 -0.0109956 -0.0948368 0.118661
778.963 -1.6088 6.28197 -6.12875 2.17388 6.67597 6.59222 -0.0175624 -0.0940732 0.193492
778.98 -1.72371 6.24366 -5.89892 2.40718 6.59222 6.40917 -0.013439 -0.0971275 0.23335
778.996 -1.80032 6.5501 -5.86062 2.58185 6.67238 6.0658 -0.000458149 -0.0803288 0.371864
779.013 -1.91523 6.66501 -6.12875 2.5986 6.65563 6.50967 0.0103847 -0.0739146 0.412945
779.03 -1.83862 6.74162 -6.43519 2.54118 6.83749 6.76211 0.0103847 -0.0700968 0.388663
779.046 -1.99184 6.77993 -6.5501 2.77208 6.86022 6.87936 0.0157298 -0.0725402 0.305891
779.063 -2.37489 6.81823 -6.5118 3.09272 7.07916 6.59103 0.0203113 -0.0610865 0.265726
779.079 -2.10676 6.77993 -6.01384 3.11306 7.12822 6.39482 0.02474 -0.057574 0.268933
779.095 -1.95354 6.93315 -6.5501 2.80439 7.06839 6.85184 0.0277944 -0.0520762 0.308334
779.111 -1.49388 6.93315 -6.39688 2.47059 7.13659 6.78604 0.0135917 -0.0720821 0.222508
779.127 -1.95354 6.77993 -6.24366 2.57587 7.15573 6.54437 0.0122173 -0.083994 0.205098
779.144 -1.91523 6.70332 -6.16705 2.73141 6.97029 6.54556 0.00442877 -0.0824668 0.226936
779.16 -1.99184 6.62671 -6.12875 2.90489 6.97268 6.51206 -0.00137445 -0.0800233 0.235489
779.177 -2.29828 6.77993 -6.16705 2.98505 6.98824 6.54317 -0.00794125 -0.0749837 0.231671
779.194 -2.14506 6.62671 -6.20536 2.9994 6.87817 6.54796 -0.00549779 -0.0838412 0.222508
779.21 -2.22167 6.70332 -6.12875 3.04367 6.84945 6.55514 -0.00412334 -0.0838412 0.202502
779.227 -2.06845 6.58841 -5.93723 2.98983 6.88894 6.54915 -0.00335976 -0.0835358 0.173791
779.243 -1.91523 6.62671 -6.20536 2.73619 6.82313 6.54078 -0.00549779 -0.083994 0.156381
779.26 -1.99184 6.58841 -6.16705 2.74098 6.77767 6.56231 -0.00946841 -0.0807869 0.123853
779.276 -2.10676 6.47349 -6.16705 2.79721 6.71306 6.5659 -0.00687223 -0.0794125 0.127976
779.292 -2.03015 6.66501 -6.5501 2.92163 6.74776 6.58146 -0.00595593 -0.0815505 0.141873
779.309 -2.18337 6.74162 -6.16705 3.01376 6.88654 6.54198 -0.00259618 -0.0841467 0.129045
779.325 -2.03015 6.70332 -6.28197 2.92881 6.81835 6.51924 -0.00488692 -0.0873537 0.0248928
779.342 -1.95354 6.70332 -6.16705 2.8343 6.80519 6.52164 -0.00916297 -0.0870483 -0.102014
779.359 -2.06845 6.70332 -6.28197 2.95513 6.8985 6.53719 -0.0152716 -0.0951423 -0.180816
779.375 -2.06845 6.77993 -6.16705 2.94556 6.84227 6.54317 -0.0224493 -0.0992656 -0.339641
779.392 -2.03015 6.5501 -5.78401 2.89651 6.67238 6.25005 -0.00580322 -0.101709 -0.542906
779.408 -1.95354 6.70332 -6.09044 2.95155 6.86142 6.49053 0.0065668 -0.102931 -0.664469
779.425 -1.80032 6.77993 -6.85654 2.45145 6.99422 7.2347 0.00992656 -0.101251 -0.671188
779.442 -1.80032 6.20536 -6.09044 2.28275 6.57428 6.54796 -0.0192422 -0.0899499 -0.397215
779.457 -1.34066 6.05214 -6.43519 2.12961 6.48694 6.67358 -0.0250455 -0.0852157 -0.337198
779.473 -1.37897 6.58841 -6.32027 2.08774 6.86142 6.51326 -0.0154243 -0.0862847 -0.143095
779.49 -1.80032 6.77993 -6.24366 2.2684 7.18564 6.51206 -0.00962113 -0.0925461 0.0652099
779.506 -1.57049 6.66501 -6.47349 2.59382 6.9344 6.49771 -0.0111483 -0.0934624 0.0943787
779.523 -1.68541 6.74162 -6.16705 2.50289 6.85424 6.54437 -0.0172569 -0.0992656 0.0105374
779.539 -1.76202 6.89484 -6.28197 2.51127 7.11386 6.61495 -0.0219911 -0.123853 -0.100945
779.556 -1.99184 6.77993 -6.43519 2.81874 7.00379 6.64726 -0.0244346 -0.118508 -0.116981
779.573 -1.87693 6.47349 -5.89892 2.7326 6.79083 6.55753 -0.023671 -0.0875064 -0.149662
779.589 -1.6471 6.66501 -6.20536 2.37488 6.92722 6.57787 -0.0251982 -0.0751364 -0.201891
779.606 -1.6088 6.62671 -6.24366 2.4 6.83509 6.62811 -0.0209221 -0.0797179 -0.152716
779.622 -1.34066 6.5118 -6.12875 2.18704 6.77647 6.47856 -0.0184787 -0.0760527 -0.0765108
779.639 -1.34066 6.28197 -6.20536 1.95494 6.68674 6.55274 -0.0221439 -0.0659734 0.161421
779.656 -1.26405 6.47349 -6.24366 1.85922 6.69751 6.65563 -0.0279471 -0.052229 0.409585
779.671 -1.49388 6.09044 -6.58841 2.20738 6.55035 6.75374 -0.0267254 -0.0448986 0.526871
779.688 -1.72371 6.74162 -6.09044 2.28514 6.8327 6.52522 0.0106901 -0.0612392 0.69944
779.704 -2.37489 7.31619 -6.20536 3.27577 7.5003 6.65922 0.0310014 -0.0777326 0.80848
779.721 -1.91523 6.97145 -6.12875 3.24347 7.15573 6.58624 0.0279471 -0.0757473 0.72586
779.738 -1.6471 6.93315 -6.39688 2.60698 7.11386 6.5348 0.011301 -0.0679587 0.392023
779.753 -1.76202 6.85654 -6.28197 2.59262 6.94875 6.58505 -0.00320704 -0.0760527 0.100945
779.77 -1.76202 6.62671 -6.32027 2.52084 6.94517 6.55992 -0.00458149 -0.0817032 -0.0934624
779.786 -1.80032 6.5501 -6.39688 2.57946 6.81835 6.5671 -0.0155771 -0.0733038 -0.124006
779.803 -1.76202 6.24366 -6.47349 2.47418 6.6664 6.62572 -0.00885754 -0.0820086 -0.11301
779.82 -1.6471 6.16705 -6.32027 2.20259 6.45942 6.65085 -0.00962113 -0.0707076 0.0152716
779.836 -1.99184 6.66501 -6.28197 2.42393 6.78604 6.54796 -0.00381791 -0.0817032 0.121104
779.853 -1.80032 7.08637 -6.20536 2.69551 7.2658 6.6317 0.00397062 -0.0859793 0.234419
779.869 -1.6088 6.70332 -6.20536 2.50169 6.99661 6.49651 -0.00580322 -0.0910189 0.0626137
779.886 -1.6471 6.47349 -6.35858 2.62134 6.78365 6.55274 -0.0137445 -0.089339 -0.0432187
779.903 -2.14506 6.62671 -6.24366 2.9336 6.74058 6.61735 -0.0177151 -0.0884227 -0.118813
779.919 -2.03015 6.77993 -6.24366 2.78046 6.88534 6.58863 -0.0126754 -0.0890336 -0.156229
779.936 -1.83862 6.81823 -6.39688 2.68355 6.94277 6.57667 -0.0167988 -0.0908662 -0.192881
779.952 -1.76202 6.81823 -6.35858 2.67039 6.99302 6.58624 -0.0210748 -0.0881173 -0.207541
779.969 -1.87693 6.74162 -6.09044 2.64287 7.05284 6.60419 -0.0233656 -0.08827 -0.242208
779.986 -1.49388 6.28197 -6.39688 2.12961 6.5659 6.54556 -0.023671 -0.0859793 -0.270919
780.002 -1.76202 6.32027 -6.35858 2.3665 6.56351 6.53001 -0.0206167 -0.0881173 -0.223271
780.019 -1.95354 6.47349 -6.20536 2.54836 6.76331 6.60778 -0.0132863 -0.0881173 -0.0487165
780.035 -1.57049 6.81823 -6.24366 2.41196 6.89252 6.61735 -0.00626137 -0.0844521 0.131947
780.052 -1.41727 6.58841 -6.39688 2.32582 6.85304 6.58624 -0.00503964 -0.0847575 0.178373
780.069 -1.45558 6.47349 -6.5501 2.28754 6.67597 6.64247 -0.00442877 -0.0836885 0.175776
780.085 -1.57049 6.70332 -6.16705 2.39522 6.82672 6.5671 -0.00152716 -0.0942259 0.104611
780.101 -1.68541 6.81823 -6.32027 2.4658 6.87338 6.62572 -0.0056505 -0.089339 0.0627664
780.116 -1.76202 6.74162 -6.20536 2.6991 6.88056 6.57188 -0.00519235 -0.0894917 -0.0056505
780.133 -1.87693 6.62671 -6.39688 2.71107 6.78365 6.6353 -0.00733038 -0.0937678 -0.0870483
780.15 -1.95354 6.5118 -6.24366 2.63569 6.75853 6.59462 -0.00946841 -0.0897971 -0.172111
780.166 -1.6088 6.5118 -6.24366 2.45982 6.8327 6.61615 -0.0106901 -0.0911716 -0.202349
780.183 -1.57049 6.5501 -6.24366 2.27916 6.7681 6.59581 -0.0103847 -0.0867428 -0.211207
780.2 -1.53219 6.58841 -6.28197 2.19781 6.90568 6.61256 -0.00992656 -0.0907135 -0.161116
780.216 -1.6088 6.62671 -6.01384 2.21575 6.92842 6.61855 -0.0114537 -0.0873537 -0.108123
780.233 -1.6471 6.62671 -6.16705 2.32463 6.80997 6.57308 -0.00610865 -0.0908662 0.0331394
780.249 -1.57049 6.47349 -6.28197 2.2684 6.7346 6.58505 -0.00122173 -0.0879646 0.163254
780.266 -1.45558 6.58841 -6.24366 2.14636 6.81835 6.58863 0.00244346 -0.0887282 0.217621
780.283 -1.6471 6.70332 -6.5118 2.33181 6.90209 6.6006 0.00626137 -0.0864374 0.329867
780.299 -1.87693 6.39688 -6.32027 2.50887 6.67837 6.58863 0.0125227 -0.0856738 0.439517
780.316 -1.91523 6.77993 -6.35858 2.54596 6.54796 6.60419 0.0177151 -0.0832304 0.493426
780.332 -1.76202 6.93315 -6.05214 2.81157 6.8662 6.56471 0.0171042 -0.0838412 0.411112
780.349 -1.76202 6.5118 -6.09044 2.64167 6.86859 6.56112 0.00626137 -0.0849102 0.156534
780.365 -1.76202 6.70332 -6.39688 2.49093 6.98824 6.59821 -0.00167988 -0.0885754 0.00626137
780.381 -1.87693 6.66501 -6.39688 2.56271 6.97388 6.60299 -0.00198531 -0.0879646 -0.00733038
780.398 -1.57049 6.47349 -6.20536 2.55912 6.85663 6.61735 0.000458149 -0.089339 0.0116064
780.414 -1.6471 6.74162 -6.32027 2.39402 6.89013 6.58385 -0.00305432 -0.0858265 0.0439823
780.431 -1.57049 6.62671 -6.28197 2.23131 6.84706 6.6018 -0.000916298 -0.0917825 0.0749837
780.448 -1.57049 6.47349 -6.32027 2.13918 6.74417 6.6006 0.0 -0.0928515 0.100945
780.464 -2.06845 6.66501 -6.32027 2.70269 6.8674 6.6329 0.00351247 -0.0910189 0.190284
780.481 -2.10676 6.81823 -6.28197 2.89292 6.97866 6.57547 0.00534507 -0.0885754 0.215788
780.497 -2.22167 6.74162 -6.09044 2.71585 7.1007 6.55274 0.00106901 -0.0864374 0.177609
780.522 -1.99184 6.77993 -6.24366 2.78883 7.03729 6.57308 -0.00824668 -0.0908662 -0.0303905
780.537 -1.95354 6.81823 -6.5501 2.73858 7.05045 6.6006 -0.0103847 -0.0943787 -0.0682642
780.554 -1.91523 6.77993 -6.32027 2.81994 7.0325 6.58026 -0.0129809 -0.0913243 -0.130267
780.571 -1.99184 6.97145 -6.16705 2.75055 6.99183 6.60299 -0.0171042 -0.0920879 -0.201433
780.587 -1.72371 6.77993 -6.39688 2.74457 7.04447 6.58505 -0.0190895 -0.0942259 -0.244957
780.604 -1.34066 6.05214 -6.32027 2.64048 6.86859 6.58744 -0.0197004 -0.0954477 -0.270613
780.62 -1.57049 6.43519 -6.24366 2.19661 6.72981 6.44387 -0.0190895 -0.091477 -0.244652
780.637 -1.41727 6.39688 -6.24366 2.1679 6.78006 6.57906 -0.0143553 -0.0891863 -0.0959058
780.654 -1.68541 6.39688 -6.39688 2.15952 6.84826 6.60897 -0.010232 -0.0922406 -0.00885754
780.67 -1.6088 6.58841 -6.24366 2.31864 6.81236 6.62453 -0.00641408 -0.0913243 0.114385
780.686 -1.72371 6.5501 -6.35858 2.36291 6.85065 6.57069 -0.00503964 -0.0919352 0.129198
780.701 -1.80032 6.70332 -6.28197 2.54477 6.79681 6.62931 -0.00534507 -0.0948368 0.0890336
780.718 -1.6088 6.62671 -6.39688 2.4347 6.85783 6.55633 -0.0074831 -0.0913243 -0.0056505
780.735 -1.6471 6.58841 -6.12875 2.40239 6.86381 6.61855 -0.00580322 -0.0934624 -0.0224493
780.751 -2.03015 6.81823 -6.43519 2.57946 7.04566 6.5683 -0.0065668 -0.0931569 -0.0238237
780.768 -1.99184 6.70332 -6.32027 2.84267 7.02413 6.58744 -0.00870483 -0.0933096 -0.0768163
780.784 -1.45558 6.66501 -6.24366 2.24447 6.8016 6.58026 -0.0125227 -0.0884227 -0.174555
780.801 -1.22575 6.35858 -6.47349 2.07338 6.75972 6.55633 -0.00931569 -0.0931569 -0.103847
780.818 -1.45558 6.39688 -5.93723 2.09492 6.61376 6.64845 -0.00626137 -0.0902553 -0.0256563
780.834 -1.45558 6.39688 -6.24366 2.05065 6.64965 6.60778 -0.00305432 -0.0891863 0.112094
780.851 -1.45558 6.28197 -6.28197 2.03629 6.66401 6.60658 0.00381791 -0.0922406 0.265115
780.867 -1.49388 6.16705 -6.35858 2.13918 6.51565 6.59701 0.00839939 -0.0925461 0.349568
780.884 -1.68541 6.28197 -6.05214 2.33898 6.48335 6.60538 0.0203113 -0.0962113 0.519388
780.901 -1.6471 6.74162 -6.32027 2.60698 6.83749 6.59222 0.0259618 -0.0884227 0.60048
780.916 -1.99184 7.3545 -5.93723 2.9659 7.43091 6.61974 0.0251982 -0.086132 0.564439
780.932 -2.10676 6.85654 -6.24366 2.79123 6.97747 6.47737 0.0148135 -0.089339 0.287565
780.949 -1.80032 6.85654 -6.32027 2.68834 7.11147 6.58026 0.00167988 -0.0962113 0.00335976
780.965 -1.99184 6.5501 -6.5501 2.64048 7.03609 6.57069 -0.00549779 -0.0951423 -0.0809396
780.982 -1.72371 6.77993 -6.35858 2.59501 6.9679 6.62572 -0.00870483 -0.089339 -0.117897
780.998 -1.6088 6.62671 -6.05214 2.45743 7.05524 6.58983 -0.00717767 -0.0968221 -0.0465785
781.015 -1.49388 6.85654 -6.24366 2.43589 7.14975 6.58146 -0.0065668 -0.095295 0.0368046
781.032 -1.57049 6.43519 -6.35858 2.37129 6.97268 6.57547 -0.00977384 -0.0966694 0.0470366
781.048 -1.6471 6.35858 -6.16705 2.29472 6.67597 6.58744 -0.0103847 -0.0949895 0.0668897
781.065 -1.99184 6.5118 -6.28197 2.40359 6.58146 6.60538 -0.00259618 -0.0977384 0.155618
781.081 -1.99184 6.93315 -6.20536 2.87856 6.8674 6.6006 0.000305433 -0.097433 0.20632
781.098 -2.03015 7.00976 -6.24366 2.88694 7.14497 6.53958 0.00137445 -0.0911716 0.207541
781.114 -2.10676 6.85654 -6.35858 2.72662 7.04447 6.51685 -0.00534507 -0.096364 0.0403171
781.129 -1.99184 6.62671 -6.09044 2.70508 6.94995 6.58505 -0.0125227 -0.0917825 -0.0181732
781.145 -1.99184 6.74162 -6.47349 2.77687 6.93081 6.57069 -0.01237 -0.0980438 -0.0923933
781.161 -1.99184 6.77993 -6.24366 2.82233 6.97388 6.5671 -0.0163406 -0.0962113 -0.168751
781.178 -1.95354 6.74162 -6.35858 2.90369 6.96072 6.58026 -0.0201585 -0.0992656 -0.21197
781.195 -1.95354 6.66501 -6.39688 2.7661 6.8674 6.59103 -0.0235183 -0.0933096 -0.304516
781.211 -1.6471 6.5501 -6.58841 2.62373 6.87817 6.61017 -0.0276416 -0.0957531 -0.409432
781.228 -1.11084 6.24366 -6.20536 1.75513 6.47378 6.64008 -0.0303905 -0.0897971 -0.456011
781.244 -1.34066 6.16705 -6.28197 2.08654 6.61855 6.61137 -0.0248928 -0.0994183 -0.356898
781.261 -1.57049 6.58841 -6.24366 2.16311 6.84227 6.61376 -0.0149662 -0.0994183 -0.140652
781.277 -1.68541 6.62671 -5.93723 2.28993 6.96311 6.60299 -0.00931569 -0.0992656 0.0833831
781.293 -1.76202 6.58841 -6.32027 2.63928 6.86859 6.5671 -0.00610865 -0.0948368 0.131031
781.31 -1.6471 6.66501 -6.24366 2.68953 6.88175 6.57188 -0.00519235 -0.0939205 0.0697913
781.326 -1.6471 6.77993 -5.7457 2.52323 6.92483 6.57308 -0.00626137 -0.091477 -0.0340557
781.343 -1.68541 6.74162 -6.28197 2.48016 6.92483 6.5994 -0.0116064 -0.0824668 -0.0542143
781.36 -1.76202 6.74162 -6.32027 2.58425 6.9009 6.6006 -0.00916297 -0.0922406 -0.104916
781.376 -1.6471 6.62671 -6.5501 2.48255 6.89372 6.55992 -0.0103847 -0.0878119 -0.155618
781.393 -1.57049 6.62671 -6.35858 2.20738 6.91645 6.57428 -0.01237 -0.0856738 -0.130267
781.408 -1.53219 6.39688 -6.16705 2.03031 6.78245 6.5994 -0.00549779 -0.083994 0.0128282
781.424 -1.26405 6.58841 -6.24366 1.97647 6.77169 6.64008 0.000916298 -0.087201 0.155923
781.44 -1.41727 6.43519 -6.43519 2.03988 6.70827 6.58146 0.00427606 -0.0913243 0.228769
781.456 -1.41727 6.39688 -6.39688 2.09252 6.52044 6.61855 0.0100793 -0.085063 0.414472
781.473 -1.6088 6.47349 -6.24366 2.34018 6.74536 6.63769 0.0200058 -0.0838412 0.577726
781.49 -1.6471 7.31619 -6.35858 2.62612 7.08275 6.62811 0.0216857 -0.0820086 0.60888
781.506 -2.14506 6.85654 -6.35858 2.79123 7.14377 6.45703 0.0181732 -0.086132 0.447764
781.523 -1.83862 6.85654 -6.05214 2.73858 7.03968 6.56351 0.00809396 -0.0905607 0.147066
781.539 -1.6088 6.81823 -6.32027 2.66441 7.09591 6.5683 0.00198531 -0.0962113 -0.0930042
781.556 -1.80032 6.93315 -6.35858 2.49332 7.08514 6.61615 -0.00931569 -0.0868956 -0.141263
781.573 -1.83862 6.74162 -6.16705 2.5328 7.01695 6.59581 -0.00794125 -0.0925461 -0.118355
781.589 -1.68541 6.81823 -6.20536 2.4335 7.00858 6.59821 -0.00931569 -0.0902553 -0.021533
781.606 -1.34066 6.77993 -6.32027 2.19661 6.98704 6.59103 -0.0114537 -0.0855211 0.0116064
781.622 -1.37897 6.58841 -6.32027 2.15115 6.77288 6.58983 -0.0106901 -0.0954477 0.0352775
781.639 -1.57049 6.20536 -6.5501 2.132 6.43908 6.61615 -0.00778853 -0.0923933 0.0966694
781.656 -1.87693 6.70332 -6.5118 2.32104 6.74417 6.61256 -0.00259618 -0.0926988 0.163712
781.672 -2.03015 6.89484 -6.32027 2.9348 7.04088 6.58863 0.00335976 -0.0945314 0.213497
781.689 -1.99184 6.97145 -6.16705 2.8319 7.14257 6.52403 0.00137445 -0.095295 0.119271
781.705 -2.03015 6.81823 -6.32027 2.77687 7.03489 6.5001 -0.00733038 -0.089339 -0.0132863
781.722 -2.25998 6.93315 -6.24366 2.81276 7.02891 6.56351 -0.00931569 -0.0937678 -0.0823141
781.739 -2.03015 6.93315 -6.24366 2.8666 7.15334 6.54796 -0.0152716 -0.0887282 -0.179442
781.755 -2.06845 6.81823 -6.24366 2.86421 7.14018 6.60299 -0.0192422 -0.0890336 -0.238085
781.771 -1.76202 6.77993 -6.24366 2.73141 6.96431 6.6353 -0.0213803 -0.0830777 -0.270919
781.786 -1.83862 6.43519 -6.58841 2.05304 6.64726 6.67119 -0.0255036 -0.0846048 -0.35812
781.802 -1.57049 6.24366 -6.39688 1.98006 6.61855 6.47258 -0.022602 -0.0864374 -0.297644
781.819 -1.6471 6.35858 -6.32027 1.99681 6.58983 6.63649 -0.0210748 -0.085063 -0.228464
781.835 -1.57049 6.47349 -6.24366 2.14636 6.73938 6.58744 -0.00717767 -0.0908662 -0.0230602
781.852 -1.68541 6.5118 -6.05214 2.27438 6.77408 6.62453 -0.00381791 -0.0859793 0.130267
781.868 -1.53219 6.47349 -6.32027 2.34616 6.69751 6.58026 0.000152716 -0.0894917 0.141873
781.885 -1.80032 6.74162 -6.16705 2.57348 6.91047 6.58146 -0.00259618 -0.0885754 0.0612392
781.902 -1.83862 6.81823 -6.12875 2.55912 7.066 6.59462 -0.00610865 -0.0844521 -0.0644463
781.918 -1.68541 6.77993 -6.32027 2.67876 6.99661 6.58146 -0.00442877 -0.0823141 -0.105527
781.935 -1.37897 6.58841 -6.24366 2.1667 6.76929 6.50967 -0.0074831 -0.0821613 -0.144775
781.951 -1.53219 6.62671 -6.35858 2.01356 6.79442 6.6317 -0.00397062 -0.0841467 -0.0642935
781.968 -1.30236 6.47349 -6.58841 1.99681 6.82313 6.6018 -0.00106901 -0.085063 0.0691805
781.984 -1.41727 6.62671 -6.20536 1.99083 6.89133 6.6006 0.000458149 -0.0823141 0.140804
781.999 -1.30236 6.43519 -5.97553 2.01595 6.72861 6.61256 0.0065668 -0.0832304 0.289092
782.016 -1.37897 6.66501 -6.20536 2.05543 6.72981 6.61376 0.0142026 -0.0815505 0.418443
782.033 -1.57049 6.70332 -6.35858 2.26959 6.84826 6.60299 0.0135917 -0.0786489 0.459371
782.049 -1.68541 6.81823 -6.24366 2.40479 7.0002 6.58146 0.0183259 -0.0833831 0.460898
782.066 -2.03015 7.66094 -6.20536 2.45982 7.04806 6.59103 0.0164934 -0.0817032 0.381027
782.082 -1.91523 7.16298 -6.05214 2.80678 7.47278 6.46062 0.0120646 -0.0856738 0.25809
782.098 -1.72371 7.04806 -6.35858 2.5675 7.33998 6.6018 -0.00244346 -0.08827 -0.0531453
782.115 -1.80032 6.97145 -6.20536 2.56032 7.18205 6.57787 -0.01237 -0.0896445 -0.166308
782.13 -1.68541 6.74162 -6.35858 2.26481 7.03489 6.59342 -0.01237 -0.0894917 -0.171348
782.147 -1.45558 6.58841 -6.20536 2.15713 7.01934 6.59222 -0.00931569 -0.0890336 -0.113621
782.162 -1.45558 6.66501 -6.24366 2.11884 7.01934 6.6329 -0.0119119 -0.0878119 0.00412334
782.179 -1.53219 6.5501 -6.39688 2.25882 6.80638 6.59342 -0.0111483 -0.0881173 0.0488692
782.196 -1.45558 6.47349 -6.09044 2.05184 6.72503 6.59103 -0.00626137 -0.090408 0.111788
782.212 -1.34066 6.5118 -6.24366 2.29232 6.75374 6.56949 -0.00320704 -0.0917825 0.196546
782.229 -1.68541 6.81823 -6.24366 2.46102 6.88056 6.6006 -0.00167988 -0.0868956 0.242513
782.245 -1.41727 6.77993 -6.32027 2.39282 7.07318 6.58026 0.00137445 -0.0907135 0.251982
782.262 -1.53219 6.70332 -6.12875 2.28395 6.87218 6.57428 -0.00335976 -0.0946841 0.151647
782.278 -1.49388 6.77993 -6.12875 2.34257 6.86142 6.57547 -0.00931569 -0.0888809 0.103083
782.294 -1.83862 6.81823 -6.09044 2.50768 6.932 6.58505 -0.00610865 -0.0957531 0.0600175
782.311 -1.91523 6.77993 -6.32027 2.55553 7.00618 6.58624 -0.00610865 -0.0937678 0.0207694
782.326 -1.83862 6.66501 -6.28197 2.5675 6.98225 6.59821 -0.0106901 -0.0922406 -0.0181732
782.343 -1.87693 6.77993 -6.24366 2.68235 6.98584 6.55992 -0.0148135 -0.0923933 -0.119424
782.36 -1.91523 6.89484 -6.16705 2.76251 7.14257 6.57547 -0.0187841 -0.0954477 -0.248469
782.376 -2.03015 6.89484 -6.24366 2.89292 7.16172 6.62572 -0.0267254 -0.0940732 -0.446237
782.393 -1.37897 6.24366 -6.5501 2.67278 6.63769 6.79561 -0.0216857 -0.0902553 -0.566577
782.409 -1.34066 6.35858 -5.97553 2.15474 6.6664 6.3326 -0.00198531 -0.0740674 -0.61453
782.426 -1.49388 6.5501 -6.24366 2.08654 6.80519 6.49771 -0.00763582 -0.076969 -0.444404
782.442 -1.49388 6.24366 -6.12875 1.95135 6.84586 6.6353 -0.00855211 -0.085063 -0.32498
782.459 -1.22575 6.58841 -6.39688 1.87358 6.78365 6.55992 -0.00717767 -0.0919352 -0.0647517
782.475 -1.34066 6.5501 -6.24366 1.92861 6.73938 6.58385 -0.00458149 -0.0905607 0.133627
782.491 -1.37897 6.89484 -6.39688 2.00279 6.94517 6.58744 -0.00519235 -0.0867428 0.169515
782.508 -1.53219 7.08637 -6.32027 2.36889 7.20359 6.53599 -0.00488692 -0.100029 0.106901
782.525 -1.68541 6.58841 -6.43519 2.4658 6.88175 6.61137 -0.0137445 -0.10064 -0.0299324
782.541 -1.41727 6.24366 -6.20536 2.23729 6.54676 6.61137 -0.00229074 -0.0919352 0.0207694
782.558 -1.18745 6.32027 -6.20536 2.05543 6.48694 6.59821 0.00397062 -0.0856738 0.087201
782.575 -0.957617 6.81823 -6.32027 1.83171 6.93559 6.61376 0.00687223 -0.0827722 0.124616
782.592 -1.37897 7.00976 -6.5118 2.08415 7.1665 6.5671 0.00442877 -0.0853684 0.118508
782.608 -1.41727 6.81823 -6.20536 2.1344 7.12104 6.57188 0.00458149 -0.0864374 0.117744
782.625 -1.22575 6.77993 -6.28197 1.9669 6.97866 6.58983 0.00320704 -0.0832304 0.119271
782.641 -1.30236 6.81823 -6.28197 2.02193 6.96431 6.57428 0.00442877 -0.0891863 0.131794
782.658 -1.53219 6.77993 -6.43519 2.14038 7.01695 6.61735 0.00290161 -0.08827 0.151036
782.674 -1.41727 6.89484 -6.20536 2.15234 7.15454 6.56471 0.00152716 -0.0868956 0.154549
782.691 -1.49388 6.93315 -6.24366 2.20259 7.21914 6.57188 0.00335976 -0.0910189 0.110567
782.707 -1.26405 6.85654 -6.24366 2.14995 7.17368 6.59103 0.0 -0.0926988 0.0416915
782.725 -1.34066 6.74162 -6.24366 2.03868 7.12463 6.55753 -0.00274889 -0.0920879 0.0209221
782.741 -1.37897 6.70332 -6.35858 2.09492 7.0325 6.58863 -0.00335976 -0.0933096 0.0229074
782.757 -1.37897 6.70332 -6.35858 2.12363 7.02891 6.57069 -0.00442877 -0.0917825 0.0598648
782.774 -1.6471 6.89484 -6.43519 2.49571 7.01097 6.59103 -0.00229074 -0.0931569 0.0682642
782.789 -1.34066 6.93315 -6.32027 2.15234 7.22393 6.50249 -0.00549779 -0.0864374 0.0548251
782.807 -1.30236 6.77993 -6.32027 2.01595 7.08156 6.59581 -0.00916297 -0.091477 0.0109956
782.823 -1.26405 6.74162 -6.35858 1.98724 7.00379 6.61974 -0.00809396 -0.0934624 0.00870483
782.839 -1.41727 6.70332 -6.09044 2.12722 7.03489 6.57667 -0.00702495 -0.0971275 0.0200058
782.857 -1.37897 6.70332 -6.24366 2.18106 7.02293 6.58863 -0.00778853 -0.0925461 0.0505491
782.873 -1.45558 6.62671 -6.32027 2.17029 6.98943 6.60897 -0.00717767 -0.0925461 0.0685696
782.89 -1.34066 6.85654 -6.20536 2.11525 6.96311 6.56471 -0.0065668 -0.0930042 0.0714712
782.906 -1.37897 6.77993 -6.24366 2.12722 6.94517 6.59222 -0.00717767 -0.0948368 0.0722348
782.922 -1.34066 6.77993 -6.28197 2.12841 6.91884 6.57547 -0.0056505 -0.0977384 0.0778853
782.939 -1.18745 6.70332 -6.05214 2.06859 6.92124 6.57787 -0.00458149 -0.100487 0.0783434
782.955 -1.41727 6.77993 -6.39688 2.07936 6.93799 6.58385 -0.00519235 -0.0975857 0.0826195
782.972 -1.30236 6.81823 -6.24366 2.12124 6.9679 6.55514 -0.00687223 -0.0988074 0.0887282
782.989 -1.37897 6.70332 -6.24366 2.13799 6.95952 6.58863 -0.00855211 -0.095295 0.0978911
783.005 -1.49388 6.89484 -6.05214 2.26002 7.02174 6.57787 -0.00763582 -0.0957531 0.105527
783.022 -1.22575 6.81823 -5.82231 2.15833 6.94756 6.55872 -0.00549779 -0.098502 0.0842994
783.038 -1.34066 6.70332 -6.16705 2.15833 6.92243 6.57787 -0.00992656 -0.0960585 0.0702495
783.055 -1.41727 6.77993 -6.28197 2.15115 6.96191 6.58505 -0.00916297 -0.0994183 0.0691805
783.072 -1.72371 6.70332 -6.39688 2.27916 6.97268 6.58265 -0.0109956 -0.0968221 0.0745255
783.088 -1.6088 6.81823 -6.05214 2.34616 6.95593 6.56112 -0.00610865 -0.099571 0.0844521
783.105 -1.6471 6.66501 -6.16705 2.40359 7.05524 6.57547 -0.00580322 -0.098502 0.0899499
783.121 -1.6088 6.66501 -6.24366 2.3007 6.94038 6.57188 -0.0074831 -0.0960585 0.106291
783.138 -1.53219 6.77993 -6.24366 2.2349 6.99063 6.58863 -0.0065668 -0.0933096 0.111941
783.155 -1.49388 6.66501 -6.12875 2.20857 6.96909 6.57667 -0.00641408 -0.0968221 0.116064
783.171 -1.45558 6.81823 -6.24366 2.25643 7.09352 6.57906 -0.00580322 -0.096364 0.131031
783.188 -1.41727 6.70332 -6.16705 2.11525 6.92483 6.58505 -0.00626137 -0.0960585 0.157603
783.204 -1.41727 6.16705 -6.39688 1.91904 6.41875 6.61137 0.00122173 -0.10232 0.189521
783.221 -1.30236 6.24366 -5.97553 2.12602 6.5324 6.53719 0.000763581 -0.101556 0.22602
783.238 -1.6088 6.70332 -6.32027 2.18106 6.69631 6.64845 -0.00259618 -0.0969748 0.329867
783.254 -1.83862 6.77993 -6.01384 2.50409 6.94875 6.53839 0.00992656 -0.100182 0.392023
783.271 -1.91523 6.81823 -6.32027 2.61775 6.97388 6.54078 0.01237 -0.103083 0.367741
783.287 -1.80032 6.77993 -6.28197 2.62373 6.95234 6.55394 0.00809396 -0.097433 0.34636
783.304 -2.06845 6.89484 -6.28197 2.76371 7.06361 6.56351 0.00992656 -0.100487 0.284969
783.321 -2.18337 7.00976 -6.20536 2.92163 7.13779 6.54437 0.00106901 -0.100335 0.166308
783.337 -1.99184 7.00976 -6.12875 2.99222 7.24786 6.52762 -0.000916298 -0.0975857 0.0795652
783.354 -2.10676 7.08637 -6.12875 2.97188 7.23111 6.51685 -0.0108429 -0.099571 -0.0824668
783.37 -2.03015 6.85654 -6.35858 2.88813 7.18325 6.5671 -0.0183259 -0.100182 -0.206167
783.387 -1.87693 6.97145 -6.28197 2.85942 7.12702 6.55514 -0.0229074 -0.0981966 -0.259465
783.404 -1.87693 6.77993 -6.24366 2.64885 7.03011 6.58265 -0.0273362 -0.0957531 -0.361021
783.42 -1.53219 6.12875 -6.43519 2.14636 6.45583 6.6018 -0.0262672 -0.0991129 -0.407905
783.437 -1.53219 6.35858 -6.66501 2.32582 6.52881 6.51087 -0.0262672 -0.0966694 -0.285427
783.453 -1.72371 6.47349 -6.32027 2.21934 6.81954 6.6006 -0.020464 -0.0949895 -0.195477
783.469 -1.6088 6.62671 -6.32027 2.48016 6.90329 6.55872 -0.0149662 -0.0928515 -0.00442877
783.486 -1.6471 6.5501 -6.20536 2.48255 6.7992 6.6018 -0.0103847 -0.090408 0.081245
783.501 -1.68541 6.47349 -6.32027 2.32343 6.72861 6.57308 -0.00946841 -0.0862847 0.0836885
783.518 -1.53219 6.5501 -6.35858 2.21934 6.8339 6.5659 -0.00717767 -0.0949895 0.052229
783.534 -1.80032 6.58841 -6.35858 2.51246 6.92124 6.55155 -0.0065668 -0.0966694 0.014508
783.551 -2.25998 6.81823 -6.16705 2.76251 6.94875 6.54437 -0.00931569 -0.0959058 -0.00137445
783.568 -2.22167 6.66501 -6.20536 2.73499 6.83869 6.62453 -0.00809396 -0.10568 -0.0742201
783.584 -1.41727 6.32027 -6.20536 2.05902 6.67119 6.56471 -0.00106901 -0.090408 -0.105374
783.601 -0.995922 6.20536 -6.43519 1.76351 6.59821 6.58744 0.00152716 -0.0792598 0.0675006
783.618 -1.11084 6.16705 -6.39688 1.70369 6.4989 6.58385 0.00198531 -0.0774271 0.174249
783.634 -1.22575 6.5118 -6.28197 1.97408 6.7669 6.59103 0.0105374 -0.085063 0.329867
783.652 -1.6471 6.62671 -6.43519 2.22652 6.90568 6.58983 0.00473421 -0.083994 0.437532
783.668 -1.53219 6.74162 -6.32027 2.28156 6.91645 6.64965 0.00412334 -0.0836885 0.466243
783.685 -2.14506 7.12467 -6.09044 2.94197 7.28016 6.5659 0.0117592 -0.0887282 0.464257
783.701 -1.91523 7.27789 -6.12875 2.86899 7.26341 6.5013 0.01237 -0.0870483 0.30528
783.717 -1.83862 7.16298 -6.35858 2.74935 7.19641 6.50728 0.00931569 -0.0868956 0.0693332
783.734 -1.83862 6.66501 -6.28197 2.52802 7.12463 6.55394 -0.00229074 -0.0899499 -0.0369573
783.75 -1.87693 6.93315 -6.35858 2.534 7.19522 6.58026 -0.00839939 -0.0891863 -0.112552
783.767 -1.87693 6.77993 -6.16705 2.51605 7.15095 6.5683 -0.00977384 -0.086132 -0.0755945
783.783 -1.83862 6.47349 -6.35858 2.52562 6.84826 6.58265 -0.00916297 -0.08827 -0.0455095
783.8 -1.57049 6.5118 -6.09044 2.37368 6.85783 6.60897 -0.00702495 -0.0888809 0.00916297
783.817 -1.57049 6.39688 -6.01384 2.26481 6.7669 6.56231 -0.00534507 -0.087201 0.0772744
783.833 -1.68541 6.5118 -6.28197 2.38564 6.77169 6.55992 -0.00290161 -0.0876591 0.111788
783.85 -1.99184 6.77993 -6.12875 2.66321 6.84227 6.61017 -0.00167988 -0.0867428 0.13042
783.866 -2.03015 6.5501 -6.32027 2.68355 6.84347 6.5348 -0.000152716 -0.0879646 0.142484
783.883 -1.99184 6.66501 -6.20536 2.72782 6.87218 6.51206 -0.000152716 -0.0852157 0.10568
783.9 -1.95354 6.93315 -6.32027 2.60459 6.99661 6.58265 -0.00244346 -0.0865901 0.031765
783.916 -1.87693 6.77993 -6.16705 2.70628 7.04806 6.56231 -0.00977384 -0.089339 -0.109803
783.933 -1.80032 6.93315 -6.01384 2.86181 7.07318 6.57188 -0.0161879 -0.0847575 -0.241597
783.95 -1.95354 6.89484 -6.24366 2.83071 7.12343 6.56351 -0.0224493 -0.0827722 -0.320093
783.966 -1.72371 6.89484 -5.97553 2.85344 6.84826 6.30269 -0.000152716 -0.111483 -0.577115
783.983 -1.99184 6.20536 -5.78401 2.69671 6.67119 6.38883 0.011301 -0.0757473 -0.984715
783.999 -0.727789 6.12875 -6.47349 1.75155 6.65444 6.48335 0.00458149 -0.0639881 -0.815352
784.016 -0.459656 5.82231 -6.39688 0.689133 6.17348 6.87577 -0.0166461 -0.0636827 -0.343764
784.032 -0.766094 6.47349 -6.16705 1.30409 6.7657 6.53839 -0.0018326 -0.0856738 0.0201585
784.048 -1.57049 7.04806 -6.16705 2.04347 6.999 6.52044 0.00412334 -0.0926988 0.270002
784.065 -2.56641 7.20128 -6.39688 2.97906 7.45005 6.48814 -0.00671952 -0.0981966 0.256869
784.081 -2.37489 6.70332 -6.24366 3.14776 6.90209 6.59103 -0.00946841 -0.0998765 0.0928515
784.098 -1.11084 6.47349 -6.28197 2.5316 6.78245 6.57547 0.00244346 -0.078038 -0.0320704
784.115 -0.957617 6.39688 -6.09044 1.67378 6.61735 6.62931 0.00519235 -0.076969 -0.0505491
784.131 -1.26405 6.62671 -6.20536 2.01236 6.73938 6.52881 0.0117592 -0.0792598 -0.117286
784.148 -1.37897 6.85654 -6.24366 2.33539 7.0672 6.57308 0.00412334 -0.073762 -0.160352
784.164 -1.26405 6.81823 -6.24366 2.27677 7.13539 6.55514 -0.00198531 -0.0615447 -0.154549
784.181 -1.22575 6.85654 -6.24366 1.85683 7.19761 6.5659 -0.0100793 -0.0609338 -0.0911716
784.197 -0.995922 6.93315 -6.16705 1.69292 7.10548 6.58983 -0.00290161 -0.0726929 -0.000458149
784.212 -1.18745 6.93315 -6.24366 1.79103 7.13061 6.55872 0.00137445 -0.0804815 0.0232129
784.227 -0.804398 6.81823 -6.5118 1.67856 7.12463 6.5659 0.00229074 -0.0789543 0.0536034
784.242 -0.766094 6.77993 -5.93723 1.77069 7.11386 6.55753 0.00122173 -0.0751364 0.0833831
784.258 -1.26405 6.89484 -6.28197 1.92742 7.15932 6.57188 -0.0074831 -0.0763581 0.0888809
784.274 -1.22575 6.93315 -6.28197 1.94297 7.14138 6.57069 -0.0109956 -0.0745255 0.083994
784.289 -1.45558 6.85654 -6.43519 1.90469 7.15932 6.55753 -0.00946841 -0.0733038 0.0801761
784.305 -1.22575 6.85654 -6.32027 1.88195 7.12343 6.5671 -0.00641408 -0.0760527 0.0827722
784.321 -1.07253 6.77993 -6.20536 1.78744 7.06361 6.6018 -0.00488692 -0.0794125 0.0751364
784.336 -0.919312 6.81823 -6.20536 1.71924 7.11386 6.5671 -0.000916298 -0.0829249 0.0729984
784.351 -0.804398 6.93315 -6.20536 1.61755 7.10788 6.56471 -0.00152716 -0.0876591 0.078038
784.953 -1.41727 6.85654 -6.28197 2.27438 7.11386 6.55633 -0.00610865 -0.103236 0.0626137
784.969 -1.49388 6.89484 -6.58841 2.19781 7.08395 6.56231 -0.00641408 -0.101098 0.0610865
784.986 -1.34066 6.81823 -6.16705 2.14875 7.03489 6.56471 -0.00626137 -0.0998765 0.0613919
785.002 -1.49388 6.74162 -6.24366 2.12363 6.99183 6.58026 -0.00427606 -0.103694 0.0592539
785.019 -1.37897 6.77993 -6.39688 2.13081 6.99422 6.56351 -0.00824668 -0.0980438 0.0591012
785.035 -1.41727 6.77993 -6.12875 2.16909 6.96191 6.5671 -0.00397062 -0.104153 0.0525344
785.052 -1.37897 6.5118 -6.20536 2.16311 6.932 6.5671 -0.00610865 -0.102931 0.0621555
785.069 -1.45558 6.66501 -6.28197 2.17388 6.91406 6.58146 -0.00412334 -0.105069 0.0627664
785.084 -1.53219 6.5501 -6.01384 2.17268 6.91645 6.56949 -0.00610865 -0.101709 0.0626137
785.101 -1.41727 6.70332 -6.12875 2.22652 6.98106 6.57547 -0.00488692 -0.104153 0.0571159
785.117 -1.6088 6.81823 -6.12875 2.23131 7.00139 6.5671 -0.00534507 -0.103389 0.054367
785.134 -1.45558 6.70332 -5.82231 2.25165 6.96191 6.55633 -0.00488692 -0.101709 0.056505
785.151 -1.45558 6.85654 -6.24366 2.199 7.01814 6.57188 -0.0056505 -0.100793 0.057574
785.167 -1.45558 6.81823 -6.32027 2.18225 7.02891 6.5671 -0.00687223 -0.101709 0.0534507
785.184 -1.68541 6.74162 -6.43519 2.18584 7.07079 6.56351 -0.00427606 -0.103542 0.0491747
785.2 -1.45558 6.93315 -6.09044 2.24925 7.08395 6.55155 -0.00702495 -0.102014 0.0479529
785.216 -1.53219 6.77993 -6.20536 2.27677 7.07079 6.56231 -0.00763582 -0.102778 0.0507018
785.233 -1.6088 6.89484 -6.28197 2.30309 7.07916 6.55394 -0.0065668 -0.104916 0.0536034
785.249 -1.57049 6.89484 -6.32027 2.26361 7.05882 6.56351 -0.00763582 -0.103542 0.053298
785.266 -1.6088 6.74162 -6.16705 2.25045 7.00738 6.57188 -0.00763582 -0.102931 0.0516181
785.283 -1.53219 6.77993 -6.28197 2.24686 7.00738 6.55872 -0.00916297 -0.0956004 0.0499382
785.299 -1.41727 6.74162 -6.5501 2.23968 6.96191 6.55992 -0.00916297 -0.0980438 0.0511599
785.316 -1.53219 6.81823 -6.01384 2.25643 6.97627 6.57308 -0.0114537 -0.0968221 0.0549779
785.332 -1.49388 6.66501 -6.20536 2.21695 6.96431 6.59222 -0.00778853 -0.0997237 0.0592539
785.349 -1.45558 6.70332 -6.24366 2.17508 6.94038 6.56949 -0.00412334 -0.103694 0.0592539
785.365 -1.37897 6.77993 -6.28197 2.21336 6.95952 6.57667 -0.0065668 -0.100945 0.0589485
785.38 -1.6088 6.77993 -6.12875 2.2349 6.98704 6.58146 -0.00916297 -0.0992656 0.0519235
785.397 -1.37897 6.77993 -6.43519 2.23729 6.97866 6.57188 -0.00931569 -0.0992656 0.0516181
785.413 -1.57049 6.5118 -6.09044 2.24447 6.932 6.58146 -0.00962113 -0.0972803 0.0569632
785.43 -1.53219 6.70332 -6.24366 2.26122 6.92722 6.55872 -0.00839939 -0.0980438 0.0577268
785.447 -1.53219 6.77993 -6.16705 2.28275 6.94038 6.57188 -0.00946841 -0.098502 0.056505
785.463 -1.45558 6.70332 -6.28197 2.31984 6.95115 6.57547 -0.00977384 -0.0969748 0.0546724
785.48 -1.49388 6.5501 -6.5118 2.2672 6.96311 6.54915 -0.00931569 -0.0969748 0.0482583
785.496 -1.6088 6.66501 -6.20536 2.26361 6.96191 6.55753 -0.00962113 -0.0933096 0.0490219
785.513 -1.45558 6.77993 -6.24366 2.25284 6.97508 6.5671 -0.0111483 -0.0965167 0.0494801
785.53 -1.57049 6.77993 -6.12875 2.29352 7.01217 6.57667 -0.00946841 -0.0962113 0.0494801
785.546 -1.57049 6.74162 -6.12875 2.31864 6.99661 6.57667 -0.00946841 -0.096364 0.0525344
785.563 -1.72371 6.74162 -6.12875 2.33779 6.97627 6.56351 -0.010232 -0.0992656 0.0537561
785.579 -1.53219 6.66501 -6.24366 2.32104 6.95593 6.5659 -0.00778853 -0.0937678 0.054367
785.596 -1.6471 6.62671 -6.32027 2.32941 6.93559 6.5683 -0.00992656 -0.0922406 0.0484111
785.612 -1.57049 6.62671 -6.12875 2.32104 6.93799 6.57308 -0.00901026 -0.0925461 0.0488692
785.628 -1.53219 6.66501 -6.28197 2.28754 6.94875 6.57906 -0.00778853 -0.0945314 0.0476475
785.645 -1.68541 6.66501 -6.09044 2.266 6.92124 6.57667 -0.00687223 -0.0959058 0.0464257
785.661 -1.49388 6.70332 -6.35858 2.27557 6.89731 6.56949 -0.00855211 -0.0926988 0.0447459
785.678 -1.6471 6.66501 -6.24366 2.28754 6.89731 6.57547 -0.00610865 -0.0954477 0.0390954
785.695 -1.57049 6.70332 -6.01384 2.30788 6.90329 6.58026 -0.00717767 -0.0936151 0.0484111
785.71 -1.57049 6.74162 -6.24366 2.33539 6.91166 6.55394 -0.00671952 -0.0942259 0.0555887
785.726 -1.6088 6.70332 -5.82231 2.2672 6.89611 6.58624 -0.00397062 -0.0975857 0.0587958
785.741 -1.57049 6.70332 -6.28197 2.25643 6.89013 6.57787 -0.00626137 -0.0928515 0.0525344
785.758 -1.6471 6.66501 -6.20536 2.29232 6.87218 6.58624 -0.00717767 -0.0926988 0.0500909
785.775 -1.49388 6.58841 -6.12875 2.31864 6.84227 6.58385 -0.00274889 -0.0956004 0.0444404
785.791 -1.57049 6.62671 -6.20536 2.32822 6.87338 6.57667 -0.00351247 -0.0902553 0.0508545
785.808 -1.6088 6.77993 -6.12875 2.3007 6.90449 6.57906 -0.00320704 -0.0916298 0.0476475
785.825 -1.53219 6.70332 -6.35858 2.2684 6.932 6.58744 -0.00519235 -0.0878119 0.045204
785.841 -1.57049 6.70332 -6.32027 2.29113 6.9344 6.58146 -0.00274889 -0.0934624 0.046273
785.857 -1.49388 6.77993 -6.35858 2.29352 6.93799 6.57069 -0.00335976 -0.091477 0.0485638
785.873 -1.57049 6.66501 -6.20536 2.32343 6.93679 6.56949 -0.00167988 -0.0928515 0.0465785
785.89 -1.80032 6.85654 -6.5118 2.35573 6.98584 6.5683 -0.00519235 -0.0884227 0.0436769
785.907 -1.6088 6.81823 -6.28197 2.36411 7.0002 6.56351 -0.00366519 -0.0907135 0.0374155
785.923 -1.6471 6.70332 -6.28197 2.37248 6.97508 6.57547 -0.00473421 -0.0876591 0.0354302
785.94 -1.76202 6.70332 -6.43519 2.38086 6.97627 6.56112 -0.00519235 -0.087201 0.0375682
785.956 -1.68541 6.77993 -6.28197 2.31266 7.01336 6.57308 -0.00458149 -0.0858265 0.0400117
785.973 -1.6088 6.74162 -6.24366 2.31625 6.98943 6.57428 -0.00351247 -0.0888809 0.0407752
785.989 -1.45558 6.66501 -5.97553 2.31147 6.97866 6.57308 -0.00442877 -0.0878119 0.0424551
786.005 -1.53219 6.74162 -6.43519 2.28275 6.97029 6.5683 -0.00580322 -0.087201 0.0354302
786.022 -1.57049 6.74162 -6.24366 2.26122 6.95952 6.55992 -0.00671952 -0.085063 0.0358883
786.038 -1.45558 6.81823 -6.35858 2.24447 6.96311 6.57667 -0.00626137 -0.0856738 0.034972
786.055 -1.41727 6.70332 -5.97553 2.26241 6.97268 6.56949 -0.00442877 -0.0867428 0.0326813
786.072 -1.49388 6.66501 -6.28197 2.26122 6.97029 6.58146 -0.00213803 -0.0907135 0.0291688
786.088 -1.37897 6.66501 -6.16705 2.27797 6.94636 6.57667 -0.00610865 -0.0838412 0.0303905
786.105 -1.34066 6.70332 -6.12875 2.24447 6.99302 6.57428 -0.00229074 -0.0899499 0.0213803
786.121 -1.37897 6.89484 -6.28197 2.15952 7.03011 6.55872 -0.00687223 -0.0885754 0.0209221
786.138 -1.45558 6.81823 -6.35858 2.14397 7.00618 6.5683 -0.00992656 -0.0852157 0.023671
786.155 -1.53219 6.74162 -6.28197 2.23968 6.95833 6.56949 -0.00794125 -0.0937678 0.0255036
786.171 -1.41727 6.77993 -6.35858 2.26122 6.94517 6.58026 -0.00381791 -0.0960585 0.0111483
786.187 -1.6471 6.77993 -6.20536 2.30907 6.95354 6.59103 -0.0065668 -0.0888809 0.0018326
786.203 -1.6471 6.77993 -6.16705 2.5998 7.04447 6.57547 -0.00381791 -0.0896445 0.0065668
786.22 -1.57049 6.81823 -6.09044 2.30668 6.95713 6.54198 -0.00488692 -0.0827722 0.0372628
786.237 -1.57049 6.74162 -6.47349 2.32822 7.00259 6.58385 -0.00473421 -0.0832304 0.0274889
786.253 -1.6471 6.58841 -6.16705 2.37607 6.92363 6.44267 -0.00702495 -0.0817032 0.0120646
786.27 -1.6088 6.5501 -6.28197 2.28395 6.86142 6.55872 -0.00641408 -0.0815505 -0.00397062
786.286 -1.49388 6.70332 -6.24366 2.19422 6.87338 6.59222 -0.00229074 -0.086132 0.0125227
786.303 -1.37897 6.62671 -6.35858 2.15593 6.81236 6.55633 -0.000458149 -0.08827 0.0251982
786.32 -1.45558 6.74162 -6.12875 2.09611 6.94158 6.52403 0.00198531 -0.0879646 0.0531453
786.336 -1.22575 6.93315 -6.12875 2.02911 7.1677 6.45224 0.0 -0.0891863 0.0523817
786.352 -1.45558 6.85654 -6.16705 2.16311 7.08275 6.58146 -0.00198531 -0.083994 0.0423024
786.368 -1.68541 6.74162 -6.20536 2.37248 6.92961 6.59462 -0.00122173 -0.0835358 0.0299324
786.385 -1.37897 6.77993 -6.32027 2.04945 7.00738 6.69751 0.00931569 -0.0836885 0.0355829
786.402 -1.37897 6.93315 -6.47349 2.132 7.08156 6.61137 0.0120646 -0.0864374 0.0613919
786.418 -1.53219 7.00976 -6.43519 2.33181 7.29691 6.64247 0.00870483 -0.0815505 0.0627664
786.435 -1.49388 7.04806 -6.16705 2.199 7.31605 6.5324 0.00167988 -0.0745255 0.0520762
786.451 -1.34066 7.08637 -6.05214 1.99442 7.29093 6.50728 0.000916298 -0.0558941 0.0358883
786.468 -0.919312 7.23959 -5.86062 1.94656 7.34237 6.39841 0.00992656 -0.0546724 0.0181732
786.485 -1.07253 7.58433 -6.43519 1.61515 7.64267 6.94277 0.0180205 -0.053298 0.0114537
786.501 -1.07253 7.3545 -6.12875 1.80538 7.64626 6.55633 -0.0056505 -0.0768163 0.0197004
786.518 -1.26405 6.85654 -6.01384 1.8341 7.38664 6.56231 -0.0181732 -0.0853684 0.0186314
786.534 -1.14914 6.85654 -6.24366 2.05424 7.17727 6.57188 -0.0262672 -0.0897971 0.0334449
786.551 -1.26405 6.70332 -6.16705 2.0016 7.02652 6.55872 -0.0280998 -0.0899499 0.0621555
786.567 -1.34066 6.5118 -6.16705 1.95254 6.88534 6.54437 -0.0288634 -0.103694 0.053298
786.583 -1.30236 6.39688 -5.86062 2.01356 6.66879 6.45942 -0.0363465 -0.109192 0.036041
786.599 -1.30236 6.58841 -6.20536 2.07338 6.71785 6.51087 -0.0352775 -0.115606 -0.0332921
786.616 -1.18745 6.70332 -6.16705 2.00758 6.84108 6.64845 -0.0423024 -0.114385 -0.0426078
786.632 -1.37897 6.43519 -5.66909 1.96451 6.89611 6.21416 -0.0516181 -0.121715 -0.0432187
786.649 -1.45558 6.24366 -7.20128 2.18704 6.58265 7.99203 -0.0679587 -0.137139 -0.0342084
786.665 -1.57049 6.12875 -6.16705 2.47059 6.45344 6.4355 -0.030696 -0.114385 -0.0468839
786.682 -1.18745 6.74162 -6.28197 2.04826 6.74297 6.60658 -0.0164934 -0.100182 -0.0693332
786.699 -0.995922 6.47349 -6.5118 1.8006 6.66042 6.62094 -0.0160352 -0.0936151 -0.066737
786.715 -1.6088 6.20536 -6.28197 2.17747 6.32782 6.61376 -0.0166461 -0.103694 -0.0694859
786.732 -1.45558 6.05214 -6.24366 2.28514 6.3996 6.61615 -0.00977384 -0.103083 -0.0563523
786.755 -1.34066 6.12875 -6.28197 2.20379 6.47258 6.59581 -0.000458149 -0.0959058 0.0157298
786.772 -1.34066 6.58841 -6.32027 2.17268 6.69631 6.59462 0.00580322 -0.0916298 0.0584903
786.788 -1.30236 6.5501 -6.32027 2.11406 6.82433 6.58863 0.00626137 -0.0908662 0.054367
786.805 -1.18745 6.74162 -6.24366 2.01715 6.97747 6.58744 0.00885754 -0.0858265 0.0398589
786.822 -1.41727 6.70332 -6.20536 2.03151 7.02413 6.58624 0.00870483 -0.0752891 0.046273
786.838 -1.34066 6.77993 -6.12875 2.08056 7.05165 6.54556 0.0125227 -0.0664316 0.0516181
786.854 -1.26405 6.77993 -6.28197 1.94297 6.999 6.61615 0.0187841 -0.0455095 0.074831
786.87 -1.22575 6.89484 -6.5501 1.82812 7.14616 6.6353 0.0201585 -0.0768163 0.104153
786.887 -1.37897 6.93315 -6.24366 2.00399 7.15573 6.57667 0.0161879 -0.0986547 0.11301
786.904 -1.41727 6.89484 -6.28197 2.25404 7.01336 6.58026 0.00503964 -0.0954477 0.117286
786.92 -1.37897 6.62671 -6.28197 2.13799 6.97508 6.59462 0.00397062 -0.0870483 0.122784
786.937 -1.30236 6.70332 -6.05214 2.16909 7.01097 6.57906 0.00839939 -0.0962113 0.112857
786.953 -1.41727 6.77993 -6.28197 2.25284 7.00259 6.58744 0.00687223 -0.0978911 0.0998765
786.97 -1.49388 6.74162 -6.16705 2.24207 6.94397 6.58624 0.00641408 -0.0972803 0.0858265
