757.14 -6.12875 0.689484 -6.39688 7.02413 0.887737 6.51206 -0.00381791 -0.0717766 -0.152411
757.157 -6.16705 0.497961 -6.32027 7.08754 0.632901 6.49531 -0.0120646 -0.0757473 0.0157298
757.173 -6.01384 0.919312 -6.47349 7.14975 0.774078 6.51805 -0.0125227 -0.0728457 0.0610865
757.19 -5.7457 0.804398 -6.12875 6.46181 1.11506 6.64606 -0.00778853 -0.0650571 0.179594
757.206 -5.93723 0.459656 -6.43519 7.31486 0.556331 6.51206 -0.00519235 -0.0849102 0.311083
757.223 -6.89484 0.268133 -6.35858 7.70489 0.351745 6.58146 -0.000458149 -0.090408 0.337961
757.24 -6.85654 0.153219 -6.24366 7.73839 0.0741775 6.48096 0.00351247 -0.0937678 0.355523
757.256 -6.93315 0.191523 -6.43519 8.01236 0.0454636 6.48933 0.00503964 -0.0959058 0.351706
757.273 -7.04806 0.153219 -6.32027 8.01715 0.100499 6.47856 0.00274889 -0.0933096 0.255342
757.289 -6.58841 0.191523 -6.32027 7.67856 0.226122 6.51206 0.00519235 -0.0975857 0.191201
757.306 -6.35858 0.383047 -6.43519 7.16411 0.452243 6.53599 0.0 -0.0992656 0.0986547
757.322 -6.85654 0.383047 -6.12875 7.39382 0.468993 6.51805 -0.000763581 -0.0965167 0.125075
757.338 -7.73755 -0.114914 -6.20536 8.41795 0.0729811 6.44147 0.00152716 -0.096364 0.160658
757.354 -7.85246 0.0766094 -6.32027 8.80798 0.0490528 6.4331 0.00320704 -0.0971275 0.114232
757.371 -7.73755 0.306437 -6.35858 8.35095 0.16989 6.47019 -0.00992656 -0.0865901 -0.0271835
757.387 -7.54602 0.191523 -6.24366 8.32104 0.105284 6.50728 -0.0163406 -0.0760527 -0.0948368
757.403 -7.27789 0.191523 -6.39688 8.21695 0.135194 6.55633 -0.0154243 -0.0841467 -0.22098
757.418 -7.16298 0.153219 -6.20536 8.11286 0.12323 6.52164 -0.0142026 -0.0943787 -0.289397
757.434 -7.16298 0.536266 -6.58841 7.50269 0.364905 6.4008 -0.0227547 -0.0975857 -0.316428
757.45 -6.43519 0.344742 -6.39688 7.38425 0.372084 6.48096 -0.0183259 -0.0760527 -0.221744
757.466 -6.70332 0.383047 -6.28197 7.36271 0.522831 6.63888 -0.0184787 -0.0664316 -0.124922
757.483 -6.77993 0.383047 -6.24366 7.2335 0.713061 6.49651 -0.0157298 -0.0708604 -0.0749837
757.499 -6.58841 0.536266 -6.05214 7.30528 0.463011 6.55035 -0.0128282 -0.0751364 -0.0291688
757.516 -6.01384 0.57457 -6.32027 7.05643 0.684347 6.4666 -0.0119119 -0.0751364 0.0416915
757.533 -5.86062 0.536266 -6.28197 6.73101 0.725025 6.53719 -0.0148135 -0.0723875 0.10232
757.549 -6.05214 0.421352 -6.5501 6.80279 0.649651 6.54915 -0.0074831 -0.0817032 0.212428
757.566 -6.5501 0.306437 -6.35858 7.20838 0.39003 6.5348 -0.00229074 -0.0937678 0.316734
757.582 -7.08637 0.229828 -6.39688 7.72164 0.205783 6.52762 0.0 -0.0930042 0.363159
757.599 -7.04806 0.0383047 -6.35858 8.17867 -0.0239282 6.48096 0.00335976 -0.0966694 0.343306
757.616 -7.16298 0.229828 -6.20536 8.05185 0.282353 6.45464 0.00213803 -0.0965167 0.245568
757.632 -6.28197 0.153219 -6.20536 7.8329 0.297906 6.49172 -0.00488692 -0.0928515 0.149815
757.649 -6.20536 0.421352 -6.43519 7.06002 0.526421 6.58863 -0.00885754 -0.0908662 0.120646
757.665 -6.39688 0.344742 -6.28197 7.21436 0.510867 6.45703 -0.000916298 -0.101709 0.203723
757.682 -8.81008 -0.268133 -6.09044 8.5998 0.229711 6.45344 -0.000763581 -0.0977384 0.236863
757.698 -8.04398 -0.191523 -6.01384 9.7675 -0.512064 6.38285 -0.000610865 -0.0937678 0.107054
757.715 -7.77585 0.268133 -6.47349 8.45863 0.178265 6.45583 -0.0148135 -0.0887282 -0.142637
757.732 -6.43519 0.383047 -6.47349 7.51585 0.418744 6.56112 -0.0222966 -0.0800233 -0.283747
757.747 -6.5118 0.497961 -5.89892 7.37587 0.675972 6.50967 -0.022602 -0.0820086 -0.306349
757.764 -6.74162 0.268133 -6.5118 7.58764 0.370887 6.4989 -0.0232129 -0.0774271 -0.210748
757.781 -6.97145 0.229828 -6.35858 7.81855 0.241675 6.43908 -0.0169515 -0.0754418 -0.076969
757.797 -6.74162 0.344742 -6.5501 7.70249 0.276371 6.54317 -0.00992656 -0.0807869 0.0149662
757.814 -7.3928 -0.421352 -6.62671 9.14536 -1.13061 6.61017 -0.0132863 -0.0795652 0.046273
757.83 -6.01384 0.612875 -6.20536 6.90209 0.637687 6.32542 -0.00305432 -0.0757473 -0.0235183
757.847 -5.66909 0.421352 -6.32027 6.97149 0.221336 6.72383 -0.00931569 -0.074831 -0.0500909
757.864 -5.28605 0.881008 -6.20536 6.17348 0.711864 6.49172 -0.00519235 -0.0742201 -0.00229074
757.879 -5.63079 0.727789 -6.43519 6.41516 0.922433 6.59462 -0.000763581 -0.0931569 0.184481
757.896 -5.59248 0.421352 -6.43519 7.48355 0.476171 6.54317 0.00290161 -0.0937678 0.334601
757.912 -7.08637 0.0766094 -6.39688 7.92144 0.155533 6.59103 0.00397062 -0.0930042 0.332463
757.929 -7.43111 -0.114914 -6.32027 8.35813 -0.157926 6.42233 -0.000916298 -0.0989602 0.2277
757.946 -7.43111 0.153219 -6.20536 7.98963 0.0813559 6.45105 -0.00259618 -0.0975857 0.0922406
757.962 -6.89484 0.344742 -6.09044 7.82453 0.242871 6.49053 -0.00794125 -0.0939205 0.00274889
757.979 -5.7457 0.344742 -6.28197 6.86979 0.369691 6.58983 -0.0065668 -0.0966694 0.00366519
757.995 -5.7074 0.497961 -6.12875 6.40678 0.702293 6.47976 -0.00381791 -0.0986547 0.138819
758.012 -5.78401 0.229828 -6.35858 8.01715 0.454636 6.29432 0.000305433 -0.100029 0.232587
758.029 -9.03991 -0.612875 -6.35858 10.5607 -0.933201 6.56231 -0.0018326 -0.100335 0.109192
758.045 -7.20128 0.0383047 -6.39688 8.06979 0.163908 6.32901 -0.00901026 -0.0966694 -0.161879
758.062 -6.66501 0.153219 -6.24366 7.48475 0.141176 6.64726 -0.0152716 -0.0876591 -0.27886
758.078 -6.47349 0.57457 -6.32027 7.46441 0.660419 6.51087 -0.0109956 -0.0887282 -0.324369
758.095 -6.74162 0.536266 -6.58841 7.49552 0.70349 6.49651 -0.019395 -0.0983493 -0.291841
758.111 -6.81823 0.536266 -5.93723 7.38305 0.726221 6.45464 -0.0108429 -0.087201 -0.16249
758.127 -6.5118 0.57457 -6.35858 7.36271 0.849452 6.4989 -0.0128282 -0.0783434 -0.0161879
758.144 -6.39688 0.421352 -6.47349 7.47039 0.51326 6.50728 -0.014508 -0.0772744 0.033903
758.16 -6.58841 0.153219 -6.28197 7.49791 0.288335 6.50489 -0.0125227 -0.0804815 0.0755945
758.177 -6.70332 0.153219 -6.35858 7.50867 0.311067 6.52283 -0.00885754 -0.0784962 0.0765108
758.194 -6.74162 0.0383047 -6.24366 7.7348 -0.0969093 6.55035 -0.0108429 -0.0794125 0.0560469
758.21 -6.62671 0.421352 -6.39688 6.98465 0.588634 6.49292 -0.00595593 -0.083994 0.0358883
758.227 -5.97553 0.421352 -6.58841 6.61974 0.672383 6.52642 -0.00167988 -0.0852157 0.127365
758.243 -5.93723 0.65118 -6.58841 6.55274 0.87338 6.49412 0.0018326 -0.0888809 0.184634
758.26 -5.97553 0.114914 -6.43519 7.66541 0.269192 6.57308 0.000763581 -0.102167 0.290008
758.277 -7.31619 0.229828 -6.24366 8.05065 0.180658 6.47976 0.00305432 -0.098502 0.253814
758.293 -7.04806 0.191523 -6.24366 8.07458 0.117248 6.49053 -0.00335976 -0.100335 0.172111
758.31 -7.00976 0.306437 -6.28197 8.04706 0.223729 6.44865 -0.00534507 -0.0965167 0.127976
758.326 -7.00976 0.383047 -6.35858 7.79581 0.337388 6.50847 -0.00687223 -0.0940732 0.0470366
758.343 -6.24366 0.229828 -6.35858 7.54816 0.459422 6.51565 -0.0111483 -0.0968221 0.0416915
758.36 -5.7457 0.459656 -6.24366 6.50369 0.524028 6.59222 -0.00870483 -0.096364 0.0824668
758.376 -8.12059 0.191523 -6.43519 8.83191 0.380459 6.44028 -0.000152716 -0.0968221 0.219301
758.393 -8.54194 -0.421352 -6.12875 9.92782 -0.575474 6.29192 -0.0056505 -0.0965167 -0.0244346
758.408 -7.62263 -0.153219 -6.32027 8.76012 -0.09332 6.35892 -0.0105374 -0.0988074 -0.205556
758.425 -7.43111 0.229828 -6.47349 7.49432 -0.00717846 6.60299 -0.022602 -0.0971275 -0.395077
758.441 -6.85654 0.459656 -6.28197 7.56371 0.713061 6.47498 -0.0132863 -0.08827 -0.414014
758.457 -6.70332 0.497961 -6.39688 7.52542 0.684347 6.55394 -0.014508 -0.0875064 -0.369726
758.473 -6.47349 0.459656 -6.39688 7.5326 0.547956 6.48455 -0.00534507 -0.0933096 -0.222202
758.491 -6.62671 0.57457 -6.28197 7.29212 0.794417 6.39721 -0.0018326 -0.0783434 -0.131947
758.506 -6.20536 0.727789 -6.35858 7.06481 0.812363 6.43071 -0.0056505 -0.0662789 -0.0303905
758.523 -8.38873 -0.306437 -6.24366 7.73599 0.416351 6.57667 -0.0117592 -0.0711658 0.112705
758.539 -6.47349 0.383047 -5.86062 7.34836 0.307478 6.22253 -0.0126754 -0.0862847 0.0398589
758.556 -6.35858 0.229828 -6.5501 6.85065 0.845862 6.38524 -0.00626137 -0.0856738 0.0455095
758.573 -5.93723 0.727789 -5.82231 6.90329 0.349352 6.45224 -0.00152716 -0.0781907 0.0421497
758.589 -5.89892 0.727789 -6.5501 6.72981 0.994217 6.6329 0.00106901 -0.0810924 0.102014
758.606 -6.47349 0.383047 -6.43519 7.22393 0.54676 6.52642 0.00442877 -0.0954477 0.239459
758.622 -6.81823 0.536266 -6.62671 7.26102 0.704686 6.52762 0.00901026 -0.0931569 0.288481
758.638 -7.23959 0.229828 -6.32027 8.12482 0.0789631 6.54796 0.00595593 -0.0975857 0.279013
758.654 -7.08637 0.153219 -5.93723 8.34616 0.0119641 6.45703 0.00290161 -0.0946841 0.13775
758.67 -6.89484 0.383047 -6.20536 7.97767 0.223729 6.46062 0.00580322 -0.102473 0.0644463
758.687 -6.93315 0.383047 -6.35858 7.66062 0.441475 6.51565 0.000152716 -0.0951423 -0.00534507
758.703 -6.81823 0.497961 -6.24366 7.54217 0.674776 6.52642 0.00259618 -0.0956004 0.0300851
758.72 -6.62671 0.421352 -5.89892 7.66301 0.54317 6.51206 0.00198531 -0.0968221 0.0494801
758.737 -6.93315 0.383047 -6.12875 7.76231 0.448654 6.49412 -0.00229074 -0.0937678 0.036041
758.753 -6.32027 0.153219 -6.28197 7.20838 0.192622 6.55992 -0.00503964 -0.0891863 0.0192422
758.77 -7.16298 0.689484 -6.5118 7.51466 0.95354 6.4355 -0.000763581 -0.0959058 0.0610865
758.786 -7.69924 0.191523 -6.20536 8.64407 0.306281 6.57308 -0.00290161 -0.0936151 0.0560469
758.803 -7.89076 0.229828 -6.20536 8.24805 0.185444 6.42473 -0.00733038 -0.0887282 -0.0450513
758.82 -6.66501 0.459656 -6.47349 7.71805 0.405583 6.53599 -0.0116064 -0.083994 -0.105832
758.835 -6.5501 0.65118 -6.39688 7.52423 0.638883 6.53719 -0.00962113 -0.0818559 -0.098502
758.851 -6.77993 0.536266 -6.43519 7.68574 0.678365 6.52881 -0.00351247 -0.0916298 -0.0345139
758.867 -6.89484 0.459656 -6.62671 7.68455 0.617348 6.4678 -0.00137445 -0.0842994 0.0394008
758.884 -6.89484 0.383047 -6.05214 7.7671 0.422333 6.5001 -0.00503964 -0.0804815 0.0594066
758.901 -6.81823 0.536266 -6.39688 7.58405 0.614955 6.48335 -0.00244346 -0.0835358 0.0456622
758.917 -6.66501 0.57457 -6.28197 7.41416 0.714257 6.5348 -0.00290161 -0.0884227 0.065668
758.934 -8.23551 -0.153219 -6.12875 7.46441 0.664008 6.52762 -0.00641408 -0.0821613 0.073762
758.95 -6.74162 0.881008 -5.89892 8.32343 -0.218943 6.45224 -0.000152716 -0.0881173 0.0303905
758.967 -6.5118 0.766094 -6.5118 6.95952 0.911665 6.68435 -0.00351247 -0.0942259 0.00137445
758.984 -6.01384 0.421352 -6.24366 7.11506 0.430708 6.63649 -0.00305432 -0.0838412 0.0655153
759.0 -6.28197 0.727789 -6.05214 6.86261 0.9667 6.51446 0.0018326 -0.0864374 0.0847575
759.017 -6.5501 0.344742 -6.20536 7.51944 0.541974 6.51924 -0.00778853 -0.0920879 0.154702
759.033 -6.66501 0.497961 -6.35858 7.44168 0.478564 6.54676 -0.00198531 -0.0887282 0.181427
759.05 -6.81823 0.421352 -6.35858 7.54457 0.471386 6.51087 -0.00244346 -0.0884227 0.168599
759.067 -6.89484 0.306437 -6.12875 7.79462 0.27996 6.51565 -0.00962113 -0.0939205 0.112246
759.083 -6.85654 0.344742 -6.20536 7.62951 0.30987 6.5001 -0.00702495 -0.0957531 0.0409279
759.1 -6.66501 0.344742 -6.39688 7.63789 0.344566 6.49651 -0.0065668 -0.0998765 0.0172569
759.116 -6.74162 0.344742 -6.43519 7.59242 0.488136 6.51685 -0.00977384 -0.0943787 0.0271835
759.133 -6.28197 0.459656 -6.39688 7.14855 0.384048 6.51924 -0.00534507 -0.099571 0.0569632
759.15 -6.70332 0.65118 -6.43519 7.602 0.800399 6.51565 -0.00702495 -0.0957531 0.11469
759.166 -7.20128 0.268133 -6.24366 7.91545 0.445065 6.54796 -0.00534507 -0.105069 0.13042
759.183 -7.23959 0.0 -6.28197 8.32104 -0.0239282 6.45583 -0.00809396 -0.097433 0.0835358
759.2 -7.27789 0.114914 -6.20536 8.38205 0.0658026 6.47139 -0.00977384 -0.0917825 -0.00671952
759.216 -7.04806 0.383047 -6.35858 8.14038 0.175872 6.47617 -0.010232 -0.0920879 -0.0406225
759.233 -6.81823 0.536266 -6.35858 7.67737 0.512064 6.52642 -0.00901026 -0.0902553 -0.0542143
759.249 -6.77993 0.459656 -6.24366 7.62114 0.665205 6.51685 -0.00412334 -0.0907135 -0.00381791
759.266 -7.16298 0.421352 -6.24366 7.84128 0.550349 6.47378 -0.00580322 -0.0884227 0.0255036
759.283 -7.43111 0.344742 -6.32027 8.25643 0.320638 6.46421 -0.00290161 -0.0878119 0.0201585
759.299 -7.58433 0.229828 -6.24366 8.26839 0.102891 6.51206 -0.00519235 -0.0859793 -0.0209221
759.316 -6.81823 0.344742 -6.24366 7.65224 0.445065 6.48933 -0.00733038 -0.0849102 -0.0610865
759.332 -6.20536 0.804398 -6.28197 7.28255 0.754935 6.52881 -0.0065668 -0.085063 -0.0488692
759.349 -8.08229 -0.57457 -6.5501 8.74098 0.105284 6.55394 -0.00595593 -0.0810924 0.0181732
759.366 -8.42703 0.383047 -6.05214 7.62114 0.51685 6.28953 0.00442877 -0.101251 -0.043066
759.382 -6.47349 0.536266 -6.66501 7.39861 0.601795 6.35055 0.0200058 -0.100945 -0.170126
759.399 -6.32027 0.421352 -6.09044 7.21436 0.583848 6.57906 -0.00106901 -0.0925461 -0.335212
759.415 -5.40096 0.957617 -6.5501 6.25484 1.18564 6.49412 0.00671952 -0.0612392 0.0181732
759.432 -5.59248 0.995922 -6.43519 6.201 1.28734 6.8315 -0.00412334 -0.0661261 0.163254
759.449 -6.12875 0.995922 -6.39688 6.7334 1.03609 6.47737 -0.00595593 -0.0823141 0.219911
759.465 -7.23959 0.268133 -6.58841 7.9681 0.180658 6.61017 -0.00274889 -0.0968221 0.308945
759.481 -7.04806 0.191523 -6.28197 7.99681 0.0753739 6.4666 0.000152716 -0.0951423 0.241292
759.496 -6.74162 0.344742 -6.16705 7.74078 0.317049 6.47139 -0.00290161 -0.0946841 0.180816
759.513 -6.58841 0.497961 -6.43519 7.60678 0.532403 6.50369 -0.0056505 -0.0978911 0.0896445
759.529 -6.24366 0.497961 -6.32027 7.27777 0.595813 6.55155 -0.00595593 -0.0959058 0.0989602
759.545 -6.43519 0.268133 -6.43519 7.13539 0.410369 6.54556 -0.0056505 -0.0945314 0.131336
759.562 -7.46941 0.114914 -6.32027 8.16431 0.211765 6.48694 0.000458149 -0.102778 0.180663
759.577 -8.12059 -0.114914 -6.32027 8.97787 -0.0681954 6.46181 0.00320704 -0.0994183 0.11637
759.594 -8.31211 0.306437 -6.24366 8.70748 0.163908 6.38405 0.0 -0.0922406 0.0343612
759.611 -7.50772 0.268133 -6.39688 8.30309 0.30987 6.47378 -0.0114537 -0.091477 -0.10965
759.626 -6.77993 0.421352 -6.28197 8.26839 0.290728 6.55753 -0.0122173 -0.0884227 -0.230907
759.643 -6.5501 0.497961 -6.47349 7.57328 0.66999 6.53121 -0.0122173 -0.0902553 -0.242972
759.659 -6.35858 0.383047 -6.28197 7.34716 0.605384 6.47856 -0.0149662 -0.0899499 -0.175776
759.675 -6.77993 0.57457 -6.28197 7.4321 0.608973 6.44865 -0.00397062 -0.0870483 -0.0568105
759.692 -6.77993 0.497961 -6.20536 7.49552 0.719043 6.49771 -0.00305432 -0.0858265 0.00595593
759.708 -6.85654 0.344742 -6.24366 7.68335 0.55992 6.52044 -0.00503964 -0.0781907 0.0835358
759.724 -7.43111 -0.153219 -6.24366 9.24228 -0.245264 6.46301 -0.00870483 -0.081245 0.0244346
759.74 -5.66909 0.881008 -6.58841 6.91166 0.752542 6.3996 0.00137445 -0.0824668 -0.0394008
759.755 -5.78401 0.727789 -6.39688 6.47378 0.965504 6.47737 -0.00488692 -0.0878119 -0.0175624
759.772 -5.32435 0.995922 -6.5501 6.30389 1.22512 6.57787 0.00412334 -0.0759 0.232281
759.788 -6.47349 0.727789 -6.5501 6.71306 1.15214 6.59581 0.00351247 -0.0856738 0.335823
759.805 -7.12467 0.191523 -6.24366 7.98724 0.260818 6.54317 -0.000458149 -0.0960585 0.359494
759.822 -7.16298 0.0766094 -6.24366 8.18225 0.119641 6.44746 0.00274889 -0.096364 0.281151
759.838 -7.16298 0.229828 -6.05214 8.08894 0.184247 6.43789 0.00229074 -0.0968221 0.227242
759.855 -6.85654 0.421352 -6.47349 7.75872 0.345763 6.51087 -0.000763581 -0.101251 0.105527
759.871 -6.70332 0.421352 -6.43519 6.87458 0.520439 6.56231 -0.00122173 -0.103236 0.0352775
759.888 -5.97553 0.497961 -6.62671 6.24167 0.617348 6.57787 0.00213803 -0.103236 0.170126
759.904 -8.92499 -0.191523 -6.58841 9.02812 0.288335 6.4343 0.00717767 -0.111177 0.262519
759.92 -8.35042 0.0 -6.12875 9.53659 -0.105284 6.32064 0.00305432 -0.103694 0.0687223
759.937 -7.69924 0.268133 -6.58841 8.8331 0.248853 6.3326 -0.0137445 -0.0940732 -0.158061
759.953 -7.27789 0.383047 -6.77993 8.46819 0.199801 6.51087 -0.0160352 -0.103694 -0.239612
759.97 -6.93315 0.766094 -6.5118 7.98365 0.841077 6.76211 -0.0394008 -0.124616 -0.728151
759.987 -7.08637 0.229828 -5.89892 7.17966 0.241675 6.0335 -0.0369573 -0.110872 -0.706007
760.003 -6.01384 0.383047 -6.47349 6.85663 0.315852 6.28475 -0.0210748 -0.112399 -0.403476
760.02 -5.97553 0.727789 -6.35858 6.9332 0.838684 6.64008 0.00702495 -0.0846048 -0.166613
760.036 -6.5501 1.34066 -6.01384 7.16889 1.42373 6.3326 0.013439 -0.0757473 -0.0132863
760.053 -6.39688 0.0 -6.39688 7.7013 1.14616 6.61855 -0.0103847 -0.0711658 0.0728457
760.07 -6.47349 0.536266 -5.78401 7.7659 0.540778 6.22732 -0.0103847 -0.0675006 0.0274889
760.086 -5.97553 0.65118 -6.89484 6.81236 0.990628 6.83988 -0.0140499 -0.0394008 0.0445931
760.103 -5.40096 0.881008 -6.20536 6.16511 1.11386 6.47139 -0.00794125 -0.0621555 0.198684
760.119 -5.24774 0.689484 -6.28197 6.35414 0.997807 6.57906 -0.00137445 -0.0920879 0.304211
760.136 -6.81823 0.497961 -6.39688 7.64746 0.720239 6.60778 0.00366519 -0.0968221 0.438754
760.153 -7.31619 0.268133 -6.32027 8.07697 0.262014 6.48574 0.00458149 -0.0931569 0.394466
760.168 -7.62263 0.191523 -6.28197 8.39402 0.113659 6.41875 0.00381791 -0.0997237 0.341015
760.184 -7.16298 0.344742 -6.28197 8.31027 0.150748 6.49412 0.00305432 -0.101556 0.213192
760.2 -6.74162 0.536266 -6.28197 7.62114 0.528814 6.49531 0.00259618 -0.0956004 0.0922406
760.217 -6.74162 0.536266 -6.47349 7.15334 0.595813 6.52522 0.0 -0.0968221 0.0514654
760.234 -5.82231 0.727789 -6.39688 6.49651 0.747757 6.59103 0.00106901 -0.103847 0.0934624
760.25 -8.54194 0.153219 -6.39688 9.23749 0.276371 6.42353 0.00595593 -0.101251 0.27214
760.267 -8.58025 -0.0383047 -6.24366 9.97567 -0.358923 6.46062 0.00229074 -0.0933096 0.0775799
760.283 -8.54194 0.383047 -6.12875 9.07358 0.245264 6.30748 -0.00610865 -0.0890336 -0.0740674
760.307 -7.58433 0.229828 -6.35858 8.59143 0.0287139 6.59103 -0.0174097 -0.0905607 -0.405767
760.323 -7.50772 0.497961 -6.32027 7.47996 0.702293 6.54556 -0.0132863 -0.10232 -0.48014
760.339 -6.16705 0.497961 -6.43519 7.0002 0.701097 6.61495 -0.0126754 -0.099571 -0.408516
760.355 -5.93723 0.804398 -6.20536 6.81595 0.792024 6.44865 -0.000610865 -0.0977384 -0.25412
760.371 -6.32027 0.804398 -6.43519 7.02652 1.04088 6.50847 -0.0018326 -0.0879646 -0.165086
760.388 -7.92907 -0.383047 -6.35858 9.47797 -0.942772 6.43908 -0.00794125 -0.0878119 -0.00626137
760.405 -7.00976 0.497961 -5.86062 7.30887 0.87338 5.90309 0.0 -0.0771217 -0.186772
760.421 -6.58841 0.881008 -6.74162 6.99541 0.937986 6.54915 0.00839939 -0.0609338 -0.0479529
760.437 -5.20944 1.30236 -5.82231 6.00718 1.51825 6.14477 -0.000458149 -0.0445931 0.0842994
760.452 -5.05622 1.26405 -6.81823 5.7344 1.54576 6.98704 -0.00687223 -0.0711658 0.311694
760.469 -6.43519 0.727789 -6.35858 6.39482 1.19521 6.46899 -0.00366519 -0.0908662 0.405309
760.486 -7.27789 0.229828 -6.5118 8.21815 0.297906 6.6676 0.00442877 -0.10064 0.501368
760.502 -7.43111 0.0766094 -6.39688 8.67757 -0.0227318 6.38166 0.00824668 -0.0989602 0.428675
760.519 -7.54602 0.114914 -6.12875 8.5998 0.0598205 6.39721 0.0126754 -0.105222 0.353691
760.535 -6.93315 0.421352 -6.70332 8.11047 0.305085 6.50608 0.00488692 -0.0975857 0.182038
760.552 -6.16705 0.65118 -6.32027 7.08514 0.720239 6.50728 0.000305433 -0.0920879 0.029627
760.569 -6.05214 0.804398 -6.35858 6.57188 0.972682 6.5336 0.000763581 -0.102625 0.0691805
760.585 -8.04398 0.459656 -6.09044 8.15474 0.994217 6.4666 -0.000763581 -0.0972803 0.157603
760.602 -8.81008 0.114914 -6.20536 9.9673 -0.308674 6.39242 0.0065668 -0.0923933 0.0665843
760.617 -8.54194 0.497961 -6.28197 9.11546 0.321834 6.25603 -0.0122173 -0.0946841 -0.238085
760.634 -7.3545 0.229828 -6.28197 8.54237 0.195015 6.64845 -0.022602 -0.0951423 -0.335518
760.651 -6.74162 0.65118 -6.20536 7.52064 0.766899 6.45823 -0.0216857 -0.0949895 -0.476169
760.667 -6.85654 0.766094 -6.39688 6.92961 0.853041 6.53121 -0.0142026 -0.104763 -0.399506
760.684 -5.97553 0.919312 -6.16705 6.8327 1.06839 6.42473 -0.00809396 -0.0991129 -0.313068
760.7 -9.65278 0.0383047 -6.77993 6.98584 1.06361 6.47856 -0.00809396 -0.0978911 -0.13042
760.717 -6.81823 0.57457 -6.28197 7.74556 0.630509 6.61735 -0.0161879 -0.130267 -0.153022
760.734 -6.70332 0.383047 -6.39688 7.35075 0.575474 5.79183 0.00152716 -0.0836885 -0.127365
760.75 -5.59248 1.22575 -6.09044 6.57308 1.17966 6.81117 -0.00855211 -0.0777326 -0.136834
760.767 -5.01791 1.68541 -6.39688 5.72483 1.85324 6.25364 0.0137445 -0.0400117 0.142637
760.783 -5.32435 1.68541 -7.12467 6.00359 1.87717 6.84706 -0.00106901 -0.0299324 0.427147
760.8 -5.13283 1.22575 -6.66501 6.00359 1.51585 6.76929 -0.00167988 -0.0406225 0.49083
760.817 -8.08229 0.0 -6.01384 8.69671 -0.0143569 6.27039 -0.00259618 -0.106291 0.481973
760.833 -7.85246 -0.114914 -6.12875 9.05085 -0.0909272 6.55274 0.0128282 -0.0986547 0.41157
760.85 -7.3545 0.421352 -6.32027 8.52084 0.208175 6.44746 0.0167988 -0.0983493 0.344375
760.866 -7.3545 0.421352 -6.39688 7.79222 0.445065 6.4654 0.00397062 -0.100335 0.168904
760.883 -5.55418 0.766094 -6.43519 6.38764 0.95354 6.57906 0.000916298 -0.0972803 0.0905607
760.9 -7.31619 0.727789 -6.12875 6.59222 1.40459 6.49531 0.00763582 -0.0978911 0.260534
760.916 -8.73347 0.153219 -6.24366 10.0558 -0.272782 6.45823 0.00839939 -0.099571 0.234419
760.933 -8.69516 0.57457 -6.20536 8.94796 0.549153 6.31466 -0.000458149 -0.0933096 -0.0810924
760.949 -7.66094 0.306437 -6.47349 8.59262 0.25005 6.64965 -0.0200058 -0.0977384 -0.322231
760.965 -6.62671 0.612875 -6.32027 8.53639 0.336191 6.44028 -0.0232129 -0.109803 -0.444557
760.982 -6.66501 0.421352 -6.28197 7.49791 0.605384 6.53599 -0.023671 -0.127213 -0.631329
760.998 -6.66501 0.881008 -6.32027 7.1342 0.929611 6.43669 -0.00595593 -0.129962 -0.45036
761.015 -6.12875 1.11084 -6.12875 7.03849 1.11027 6.268 -0.00397062 -0.0943787 -0.278249
761.032 -9.0016 -1.03423 -6.05214 7.55294 0.923629 6.61615 -0.0157298 -0.0734565 -0.185398
761.048 -6.5118 0.727789 -5.93723 7.34237 0.812363 6.25723 -0.0122173 -0.0862847 -0.12874
761.065 -6.24366 1.26405 -6.66501 6.58624 1.47398 6.09811 -0.00213803 -0.0691805 -0.12034
761.081 -5.09452 1.41727 -5.97553 5.99641 1.83171 6.51326 -0.00702495 -0.0642935 -0.0394008
761.098 -5.05622 1.49388 -6.47349 5.93061 1.61037 6.47019 -0.000610865 -0.0488692 0.338877
761.115 -6.01384 1.49388 -6.77993 6.82313 1.61396 6.61256 -0.0120646 -0.0131336 0.592386
761.131 -5.66909 0.612875 -6.85654 6.97508 0.933201 6.88774 -0.0166461 -0.0180205 0.631176
761.148 -8.23551 0.0383047 -5.86062 8.73739 -0.185444 6.14955 0.000458149 -0.105222 0.560774
761.164 -7.92907 0.0766094 -6.47349 9.21117 -0.0346959 6.50728 0.0105374 -0.104 0.448375
761.181 -6.93315 0.459656 -6.28197 8.45982 0.172283 6.55394 0.00458149 -0.0881173 0.213497
761.198 -6.89484 0.536266 -6.35858 7.51466 0.533599 6.44028 0.00244346 -0.098502 0.0763581
761.214 -5.55418 0.766094 -6.47349 6.32303 0.915254 6.61735 -0.00305432 -0.0986547 -0.00335976
761.231 -7.50772 0.919312 -6.05214 8.57587 0.997807 6.42712 0.00626137 -0.101556 0.178983
761.247 -9.03991 -0.229828 -5.86062 10.2233 -0.206979 6.52762 0.00427606 -0.101404 0.167224
761.264 -8.88668 0.459656 -6.20536 8.94915 0.468993 6.3338 -0.00198531 -0.101556 -0.127213
761.281 -7.66094 0.421352 -6.20536 8.68116 0.221336 6.48215 -0.0155771 -0.116675 -0.32162
761.297 -7.3545 0.459656 -6.43519 8.15713 0.424726 6.40319 -0.0167988 -0.143095 -0.654542
763.386 -6.70332 0.727789 -6.32027 7.32203 0.87338 6.52881 -0.00641408 -0.0943787 -0.103389
763.403 -6.24366 0.919312 -6.35858 7.21197 1.08514 6.51326 -0.00626137 -0.0923933 -0.0458149
763.419 -6.77993 0.727789 -6.66501 7.61276 0.939182 6.51924 -0.011301 -0.0775799 0.0140499
763.436 -6.74162 0.65118 -6.32027 7.64746 0.817148 6.53121 -0.013439 -0.0807869 0.0299324
763.452 -6.35858 0.612875 -6.39688 7.27178 0.799202 6.52522 -0.00962113 -0.0833831 0.0303905
763.469 -6.16705 0.65118 -6.43519 7.00858 0.722632 6.50608 -0.00137445 -0.0826195 0.0910189
763.486 -6.24366 0.804398 -6.35858 6.91166 0.85663 6.50489 0.00901026 -0.0824668 0.233503
763.502 -6.74162 0.727789 -6.5501 7.09472 0.978664 6.58624 0.0157298 -0.0910189 0.316428
763.519 -6.70332 0.65118 -6.35858 7.64028 0.666401 6.53001 0.0163406 -0.0940732 0.440586
763.535 -6.85654 0.459656 -6.39688 7.77428 0.587438 6.51206 0.01237 -0.091477 0.370642
763.552 -6.85654 0.497961 -6.35858 7.80778 0.540778 6.49771 0.00931569 -0.0916298 0.312152
763.569 -7.04806 0.421352 -6.28197 8.04347 0.564706 6.45224 0.00397062 -0.0913243 0.19227
763.585 -6.77993 0.57457 -6.32027 7.69891 0.564706 6.51565 0.00213803 -0.0926988 0.0731511
763.602 -7.00976 0.229828 -6.32027 7.68814 0.510867 6.51446 0.00397062 -0.0934624 0.086132
763.618 -6.62671 0.459656 -6.39688 7.602 0.571884 6.51565 0.00809396 -0.0946841 0.130878
763.636 -6.70332 0.536266 -6.16705 7.39741 0.528814 6.52522 0.0148135 -0.0959058 0.248469
763.652 -6.85654 0.536266 -6.47349 7.78146 0.693918 6.46062 0.0161879 -0.0894917 0.370184
763.668 -7.00976 0.689484 -6.35858 7.93938 0.741775 6.4355 0.0151189 -0.08827 0.396146
763.686 -7.04806 0.536266 -6.39688 8.02911 0.569491 6.45464 0.00931569 -0.0890336 0.294437
763.702 -7.23959 0.536266 -6.39688 8.11645 0.480957 6.49172 0.000610865 -0.0928515 0.0294742
763.718 -7.66094 0.153219 -6.39688 8.48734 0.336191 6.44865 -0.00626137 -0.0917825 -0.124158
763.735 -7.08637 0.0 -6.35858 8.45145 0.0622134 6.51326 -0.0160352 -0.0911716 -0.392939
763.751 -6.5118 0.57457 -6.28197 7.28375 0.776471 6.50249 -0.0178678 -0.0876591 -0.552375
763.767 -6.5501 0.459656 -6.32027 7.37348 0.814756 6.51805 -0.0131336 -0.0954477 -0.535118
763.783 -7.20128 0.268133 -6.35858 7.7013 0.527617 6.47737 0.00290161 -0.103694 -0.417679
763.8 -7.08637 0.612875 -6.16705 7.68814 0.570688 6.40319 0.0270308 -0.126296 -0.237932
763.816 -6.77993 1.14914 -6.32027 7.47996 1.12582 6.45703 0.020464 -0.139125 -0.112857
763.832 -7.04806 0.881008 -6.24366 7.81735 1.05045 6.4666 -0.00580322 -0.127365 -0.135459
763.849 -6.58841 0.766094 -6.28197 7.43809 0.808774 6.52164 -0.0132863 -0.0897971 -0.244499
763.866 -6.43519 0.65118 -6.32027 7.12702 1.01097 6.5336 -0.00885754 -0.0832304 -0.221744
763.882 -6.5118 0.497961 -6.20536 7.38186 0.815952 6.4666 -0.0074831 -0.0870483 -0.167072
763.899 -6.35858 0.497961 -6.58841 7.21795 0.736989 6.51924 -0.000763581 -0.087201 -0.0476475
763.915 -6.09044 0.842703 -6.43519 6.93559 0.999003 6.5001 0.0065668 -0.0670424 0.198073
763.932 -6.16705 0.612875 -6.39688 6.90568 0.94995 6.51206 0.0175624 -0.0664316 0.341626
763.949 -6.09044 1.26405 -6.28197 7.60798 1.08156 6.40678 0.0358883 -0.0604756 0.677449
763.965 -6.81823 1.34066 -6.35858 7.78385 1.52782 6.42951 0.0297797 -0.0496328 0.736245
763.982 -6.43519 1.22575 -6.85654 7.78026 1.67498 6.47378 0.0167988 -0.0432187 0.459065
763.998 -6.5501 0.497961 -6.16705 7.01934 1.0337 6.70469 0.00320704 -0.0659734 0.335518
764.015 -6.62671 -0.306437 -6.39688 7.73719 -0.204586 6.5671 0.0105374 -0.101098 0.284969
764.032 -7.81416 -0.268133 -6.24366 8.70269 -0.361316 6.47976 0.0230602 -0.0943787 0.397062
764.048 -7.27789 0.612875 -6.01384 8.78644 0.184247 6.47617 0.0264199 -0.0879646 0.395688
764.065 -6.89484 1.14914 -6.32027 7.90349 1.06361 6.4008 0.0187841 -0.0939205 0.144164
764.081 -7.04806 0.881008 -6.32027 7.74556 1.09232 6.50728 -0.00397062 -0.0885754 -0.216552
764.098 -7.3928 0.842703 -6.32027 8.00399 0.959521 6.44387 -0.0160352 -0.0954477 -0.457996
764.115 -6.97145 0.65118 -6.81823 7.5673 0.977468 6.67956 -0.0151189 -0.101251 -0.537409
764.131 -6.62671 0.612875 -6.05214 7.25384 0.814756 6.50369 -0.00626137 -0.0980438 -0.464257
764.148 -6.74162 0.727789 -6.35858 7.45484 0.976271 6.4666 -0.00397062 -0.0897971 -0.312152
764.164 -7.27789 0.459656 -6.39688 7.92742 0.741775 6.57308 -0.00794125 -0.0899499 -0.23671
764.181 -7.08637 0.57457 -6.20536 8.04227 0.557528 6.52044 -0.000305433 -0.100029 -0.140194
764.198 -6.47349 1.22575 -6.81823 7.23709 1.2335 6.4331 -0.00167988 -0.095295 -0.133169
764.214 -6.28197 1.14914 -6.28197 7.22991 1.34477 6.53958 -0.00702495 -0.0916298 -0.199142
764.231 -6.74162 0.689484 -6.32027 7.4333 1.05763 6.44028 -0.0119119 -0.0926988 -0.214261
764.246 -6.66501 0.65118 -6.39688 7.48355 0.750149 6.59342 -0.0203113 -0.0891863 -0.214108
764.262 -6.62671 0.57457 -6.43519 7.45005 0.735793 6.50608 -0.0148135 -0.0933096 -0.170737
764.279 -5.97553 0.727789 -6.01384 6.80638 0.898505 6.51924 0.000152716 -0.091477 0.00687223
764.295 -6.12875 0.881008 -6.43519 6.932 1.12582 6.51685 0.0132863 -0.0842994 0.28619
764.312 -6.24366 0.881008 -6.35858 7.21914 1.07916 6.49172 0.0172569 -0.0699441 0.547946
764.328 -6.85654 1.34066 -6.39688 7.92024 1.34716 6.64606 0.0120646 -0.0555887 0.620028
764.345 -6.85654 1.14914 -6.09044 7.75872 1.25623 6.45823 0.014508 -0.0923933 0.479682
764.362 -7.08637 0.881008 -6.35858 8.02074 0.897308 6.54078 0.00366519 -0.100182 0.259618
764.377 -6.70332 0.497961 -6.5501 7.87238 0.558724 6.59462 -0.000152716 -0.0971275 0.180663
764.393 -6.81823 0.459656 -6.35858 7.67139 0.443868 6.5336 -0.00290161 -0.083994 0.0969748
764.409 -7.27789 0.536266 -6.28197 7.98604 0.587438 6.4654 0.000916298 -0.0940732 0.10797
764.426 -6.93315 1.03423 -5.89892 8.1655 0.976271 6.47498 -0.0018326 -0.0873537 0.0846048
764.443 -6.62671 0.957617 -6.32027 7.49671 1.24187 6.5013 -0.00229074 -0.0930042 -0.0513127
764.459 -6.62671 1.11084 -6.39688 7.42373 1.25982 6.50369 -0.00305432 -0.0991129 -0.0911716
764.476 -6.58841 1.30236 -6.24366 7.44885 1.40937 6.49531 -0.00488692 -0.0940732 -0.068875
764.492 -6.62671 0.804398 -6.58841 7.57807 1.15334 6.51206 -0.0116064 -0.0931569 0.00381791
764.509 -6.81823 0.57457 -6.24366 7.71924 0.781256 6.48215 -0.0189368 -0.0908662 0.0507018
764.526 -6.97145 0.689484 -6.35858 7.74676 0.789631 6.49053 -0.0167988 -0.0888809 0.0905607
764.542 -6.74162 0.804398 -6.32027 7.7001 0.90329 6.51087 -0.0151189 -0.0933096 0.0881173
764.559 -6.77993 0.766094 -6.28197 7.57089 0.830309 6.51924 -0.0190895 -0.0901026 0.0536034
764.575 -6.58841 0.689484 -6.47349 7.47517 0.90329 6.52762 -0.0197004 -0.0907135 0.0484111
764.591 -6.5501 0.689484 -6.39688 7.38305 0.975075 6.50249 -0.0184787 -0.0933096 0.0659734
764.608 -6.77993 0.459656 -6.58841 7.70967 0.571884 6.50608 -0.0198531 -0.086132 0.0916298
764.624 -6.89484 0.0383047 -6.35858 7.66421 0.245264 6.47498 -0.0264199 -0.0899499 0.0264199
764.641 -6.70332 0.689484 -6.39688 7.62832 0.739382 6.48215 -0.0374155 -0.0876591 0.00442877
764.658 -6.85654 0.727789 -6.24366 7.50269 0.923629 6.49651 -0.0198531 -0.0939205 0.0467312
764.674 -6.70332 0.612875 -6.28197 7.45723 0.932004 6.52044 -0.010232 -0.0943787 0.0682642
764.69 -6.32027 0.689484 -6.39688 7.37109 0.833898 6.54078 -0.0126754 -0.0977384 0.0684169
764.705 -6.81823 0.536266 -6.43519 7.58764 0.739382 6.51087 -0.0200058 -0.0936151 0.0429133
764.721 -7.00976 0.57457 -6.20536 7.71446 0.693918 6.49412 -0.0206167 -0.0940732 0.031765
764.738 -6.93315 0.536266 -6.28197 7.79701 0.608973 6.49651 -0.021533 -0.0899499 0.0316123
764.753 -6.85654 0.497961 -6.39688 7.7348 0.582652 6.51685 -0.021533 -0.0908662 0.0175624
764.77 -6.77993 0.612875 -6.39688 7.58285 0.68674 6.5013 -0.0206167 -0.091477 -0.0216857
764.786 -6.74162 0.497961 -6.39688 7.58405 0.672383 6.52044 -0.0209221 -0.0911716 -0.0334449
764.803 -6.77993 0.497961 -6.47349 7.81496 0.664008 6.51685 -0.0227547 -0.0922406 -0.0552833
764.82 -6.97145 0.612875 -6.24366 7.7994 0.68674 6.5001 -0.0218384 -0.100029 -0.0879646
764.836 -6.85654 0.65118 -6.28197 7.65823 0.641276 6.48933 -0.0270308 -0.102625 -0.116675
764.853 -6.74162 0.459656 -6.12875 7.65823 0.583848 6.46899 -0.0274889 -0.106443 -0.127824
764.869 -6.77993 0.727789 -6.09044 7.8018 0.579063 6.28116 -0.0155771 -0.106749 -0.137445
764.886 -6.97145 0.612875 -5.97553 7.91426 0.60658 6.07059 -0.00229074 -0.112399 -0.27382
764.903 -6.89484 0.536266 -6.28197 7.7324 0.798006 6.41276 0.00274889 -0.117133 -0.304211
764.919 -6.66501 0.804398 -6.81823 7.53739 0.930808 6.94875 -0.00962113 -0.101709 -0.112857
764.936 -6.66501 0.881008 -6.35858 7.62473 0.972682 6.40678 -0.0148135 -0.0905607 -0.109803
764.952 -6.81823 0.919312 -6.43519 7.72642 1.19521 6.40917 -0.0143553 -0.0916298 -0.194866
764.969 -6.85654 0.957617 -5.86062 7.72283 1.0995 6.4331 -0.019395 -0.0846048 -0.297644
764.985 -6.16705 0.766094 -6.24366 7.35553 1.03131 6.38644 -0.0279471 -0.083994 -0.344681
765.001 -6.93315 0.689484 -6.43519 7.78624 1.01575 6.49771 -0.0332921 -0.101556 -0.525191
765.018 -6.58841 0.65118 -6.39688 7.44646 0.823131 6.82911 -0.0282525 -0.0977384 -0.419664
765.034 -6.47349 1.14914 -6.39688 7.25504 1.19402 6.56471 -0.00992656 -0.0884227 -0.125075
765.051 -6.35858 0.995922 -6.24366 7.15214 1.17248 6.47378 -0.0065668 -0.086132 0.0288634
765.068 -6.32027 1.14914 -6.24366 7.13659 1.30169 6.47498 -0.00977384 -0.0743728 0.137292
765.084 -6.74162 0.957617 -6.35858 7.40339 1.17488 6.39003 0.00519235 -0.0690278 0.324369
765.101 -6.77993 1.07253 -6.35858 7.55414 1.25862 6.53719 0.00274889 -0.0369573 0.454331
765.116 -6.47349 1.18745 -6.5501 7.14257 1.27777 6.84108 -0.00519235 -0.0331394 0.46945
765.133 -7.08637 0.65118 -6.35858 7.99083 0.857827 6.29791 0.00580322 -0.0954477 0.410807
765.15 -7.00976 0.995922 -6.47349 8.08415 0.975075 6.62214 0.00610865 -0.0977384 0.242513
765.166 -5.86062 0.612875 -6.35858 7.15693 0.84347 6.51326 0.00152716 -0.0858265 0.155923
765.183 -6.5118 0.881008 -6.20536 7.14975 0.923629 6.59821 -0.00503964 -0.0949895 0.0433714
765.2 -7.08637 0.804398 -6.39688 7.89153 0.813559 6.57308 0.00778853 -0.0986547 0.176693
765.216 -6.93315 0.727789 -6.35858 7.81376 1.02532 6.54437 0.0135917 -0.0971275 0.305891
765.233 -7.00976 0.881008 -6.32027 7.51346 1.05045 6.51565 0.0140499 -0.0956004 0.362243
765.249 -6.62671 0.766094 -6.16705 7.52782 1.1007 6.53121 0.0142026 -0.0911716 0.469603
765.266 -7.04806 0.842703 -6.5501 8.00399 1.00259 6.4666 0.0154243 -0.0928515 0.472046
765.283 -7.16298 0.804398 -6.32027 8.10688 0.9667 6.47258 0.0116064 -0.0956004 0.40592
765.299 -7.27789 0.65118 -6.09044 8.32343 0.748953 6.42951 0.00259618 -0.0942259 0.202807
765.316 -7.3545 0.65118 -6.12875 8.33659 0.698704 6.43908 -0.0100793 -0.0911716 -0.0930042
765.331 -7.16298 0.689484 -6.28197 8.30907 0.731007 6.47378 -0.0190895 -0.0853684 -0.232281
765.347 -6.97145 0.612875 -6.43519 8.08175 0.594616 6.57069 -0.0274889 -0.0896445 -0.47846
765.363 -6.74162 0.536266 -6.39688 7.56969 0.808774 6.42233 -0.00610865 -0.117439 -0.662178
765.379 -6.81823 0.804398 -6.5118 7.5003 0.976271 6.49292 -0.000610865 -0.123242 -0.686002
765.396 -6.85654 0.919312 -6.77993 7.71685 1.32562 6.39362 -0.0152716 -0.110567 -0.62293
765.412 -6.66501 1.11084 -6.24366 7.40578 1.34477 6.52642 -0.0287107 -0.0896445 -0.507171
765.429 -6.32027 1.34066 -6.32027 7.32682 1.41894 6.51805 -0.0313068 -0.0829249 -0.45708
765.446 -6.01384 1.41727 -6.20536 7.10429 1.69172 6.5001 -0.0270308 -0.086132 -0.364686
765.462 -6.35858 0.919312 -6.39688 7.18205 1.2012 6.51326 -0.0288634 -0.0868956 -0.254425
765.479 -6.47349 0.804398 -6.43519 7.44048 1.0672 6.53719 -0.0213803 -0.0888809 -0.147524
765.495 -7.16298 0.766094 -6.12875 7.96451 0.942772 6.48694 -0.0151189 -0.0897971 -0.104458
765.511 -6.5118 0.919312 -6.35858 7.25264 1.08873 6.51206 -0.0151189 -0.0916298 -0.0694859
765.528 -6.09044 0.919312 -6.12875 7.09352 1.22871 6.41635 -0.00427606 -0.083994 0.135765
765.543 -5.86062 0.995922 -6.77993 6.40917 1.29811 6.52522 -0.00305432 -0.0833831 0.277485
765.56 -6.32027 1.18745 -6.47349 7.08036 1.45843 6.60658 0.0105374 -0.0746782 0.594525
765.576 -6.39688 1.6088 -6.12875 7.36869 1.59123 6.32183 0.0206167 -0.0526871 0.757473
765.593 -6.47349 1.57049 -6.5501 7.66062 1.78146 6.77049 0.0158825 -0.0390954 0.767705
765.61 -7.00976 1.26405 -6.24366 7.84726 1.31605 6.38046 0.010232 -0.0920879 0.579558
765.626 -7.08637 1.34066 -6.43519 8.15952 1.47159 6.57547 0.000458149 -0.102625 0.321926
765.643 -5.66909 0.612875 -6.5501 6.46899 1.01815 6.59821 -0.00335976 -0.0920879 0.223424
765.659 -6.77993 0.0 -6.20536 7.13659 0.259621 6.5013 -0.00442877 -0.095295 0.18723
765.676 -7.46941 0.306437 -6.09044 8.34975 0.37328 6.48814 0.0111483 -0.10232 0.375377
765.693 -7.23959 0.459656 -6.39688 8.36889 0.455832 6.48096 0.0213803 -0.0992656 0.427911
765.709 -6.97145 0.804398 -6.28197 7.73839 0.99661 6.48814 0.0245873 -0.0959058 0.447459
765.726 -7.08637 0.995922 -6.24366 7.81496 1.07198 6.43789 0.021533 -0.0940732 0.490067
765.742 -7.04806 0.995922 -6.20536 7.9657 1.07438 6.51685 0.0143553 -0.0913243 0.458454
765.759 -6.93315 0.804398 -6.28197 7.95255 1.01456 6.50608 0.00733038 -0.0878119 0.404545
765.776 -6.85654 0.536266 -6.28197 7.95494 0.624527 6.45344 -0.00778853 -0.0879646 0.189521
765.791 -7.04806 0.536266 -6.28197 8.11525 0.526421 6.46062 -0.014508 -0.0911716 -0.0586431
765.808 -7.16298 0.421352 -6.35858 8.09491 0.489332 6.47378 -0.0190895 -0.0867428 -0.162185
765.824 -7.08637 0.497961 -6.24366 8.05783 0.526421 6.52164 -0.020464 -0.0966694 -0.352011
765.84 -6.85654 0.65118 -6.35858 7.67378 0.644866 6.52164 -0.0300851 -0.0910189 -0.540157
765.857 -6.62671 0.612875 -6.32027 7.45603 0.815952 6.54437 -0.0323759 -0.0942259 -0.614377
765.873 -6.5501 0.57457 -6.5501 7.61994 0.64008 6.57188 -0.020464 -0.110719 -0.671341
765.89 -6.97145 0.919312 -6.43519 7.79103 1.12463 6.42114 -0.0129809 -0.114995 -0.665385
765.907 -6.70332 0.957617 -6.28197 7.79581 1.15095 6.42592 -0.0288634 -0.108123 -0.58414
765.923 -6.74162 0.919312 -6.32027 7.5015 1.05882 6.48814 -0.0322231 -0.099571 -0.531605
765.94 -6.47349 1.11084 -6.66501 7.22632 1.17727 6.50369 -0.0297797 -0.0943787 -0.425009
765.955 -6.24366 1.14914 -6.62671 7.20838 1.33519 6.55514 -0.0218384 -0.0943787 -0.296117
765.972 -6.24366 1.11084 -6.39688 7.01456 1.28375 6.55633 -0.0172569 -0.0901026 -0.214108
765.989 -6.28197 0.995922 -6.24366 6.94636 1.32802 6.49292 -0.00885754 -0.0832304 -0.0424551
766.005 -6.39688 1.11084 -6.05214 7.27777 1.35194 6.41875 -0.00519235 -0.0818559 0.0954477
766.022 -6.77993 0.919312 -6.28197 7.535 1.2012 6.39123 -0.0109956 -0.0830777 0.120799
766.038 -6.81823 0.957617 -6.39688 7.51585 0.997807 6.58265 -0.00503964 -0.0821613 0.103847
766.055 -6.20536 1.49388 -6.28197 6.99422 1.76231 6.46421 0.0117592 -0.0855211 0.120188
766.072 -6.16705 1.18745 -6.70332 7.02174 1.66301 6.54556 0.0120646 -0.0913243 0.262825
766.088 -6.43519 1.14914 -6.35858 7.27896 1.334 6.51446 0.0142026 -0.0870483 0.297797
766.105 -6.77993 1.26405 -6.28197 7.60558 1.35553 6.50489 0.0161879 -0.0832304 0.29291
766.121 -6.85654 1.07253 -6.47349 7.75394 1.23709 6.47378 0.0129809 -0.0841467 0.25412
766.138 -6.89484 1.07253 -6.32027 7.79581 1.22512 6.5001 0.0161879 -0.0902553 0.222202
766.155 -6.77993 0.919312 -6.32027 7.75992 1.1665 6.49771 0.0056505 -0.0902553 0.147524
766.171 -6.85654 0.995922 -6.16705 7.78505 1.20359 6.47139 0.00442877 -0.098502 0.0781907
766.187 -6.85654 1.14914 -6.28197 7.73958 1.25025 6.48814 0.00366519 -0.0997237 0.0537561
766.202 -6.81823 1.03423 -6.39688 7.68455 1.33998 6.49531 -0.000458149 -0.0922406 0.030696
766.219 -6.70332 1.18745 -6.09044 7.61994 1.30169 6.49531 -0.00274889 -0.0943787 0.0279471
766.235 -6.62671 1.14914 -6.35858 7.61516 1.30887 6.49651 -0.00473421 -0.0910189 0.0300851
766.251 -6.85654 1.18745 -6.16705 7.67617 1.27657 6.49053 -0.00519235 -0.0926988 0.0357356
766.268 -6.93315 0.842703 -6.47349 7.80539 1.17248 6.5001 -0.00229074 -0.0946841 0.0290161
766.284 -6.85654 1.03423 -6.24366 7.81496 1.16291 6.47976 -0.00794125 -0.0852157 0.0294742
766.301 -7.12467 0.842703 -6.35858 8.00279 1.00618 6.50249 -0.00259618 -0.0917825 0.0164934
766.318 -7.04806 1.07253 -6.28197 7.91785 1.17368 6.43191 -0.00305432 -0.0875064 -0.011301
766.334 -6.70332 1.26405 -6.62671 7.66301 1.34237 6.46181 -0.00397062 -0.0879646 -0.0342084
766.351 -6.5501 1.34066 -6.35858 7.41416 1.49192 6.5001 -0.00626137 -0.0835358 -0.0424551
766.367 -6.62671 1.18745 -6.39688 7.45244 1.43689 6.49771 -0.00794125 -0.0870483 -0.0352775
766.384 -6.81823 0.995922 -6.62671 7.58046 1.2335 6.48096 -0.00534507 -0.0855211 0.0222966
766.401 -6.58841 1.11084 -6.16705 7.4991 1.23829 6.4989 -0.00274889 -0.0858265 0.0536034
766.417 -6.62671 1.07253 -6.28197 7.41296 1.32921 6.50249 -0.00335976 -0.0820086 0.0925461
766.434 -6.81823 1.11084 -6.47349 7.59721 1.26221 6.49412 -0.00305432 -0.0835358 0.101251
766.45 -6.70332 1.14914 -6.32027 7.5338 1.31605 6.51685 0.00137445 -0.0884227 0.113315
766.465 -6.89484 1.11084 -6.12875 7.65105 1.33759 6.51326 -0.000458149 -0.0896445 0.138208
766.482 -6.66501 1.14914 -6.09044 7.53739 1.34357 6.5013 -0.00473421 -0.0876591 0.0928515
766.497 -6.85654 1.07253 -6.28197 7.50748 1.29212 6.49651 -0.00519235 -0.0878119 0.0717766
766.514 -6.77993 1.26405 -6.43519 7.35793 1.37109 6.56112 -0.00901026 -0.0852157 0.0513127
766.531 -6.97145 0.881008 -6.32027 7.71087 1.20598 6.4678 -0.00580322 -0.0908662 0.0978911
766.547 -7.08637 1.03423 -6.32027 7.97408 1.14975 6.51206 -0.00305432 -0.0919352 0.111177
766.564 -6.77993 0.919312 -6.32027 7.68574 1.16052 6.48096 -0.00274889 -0.0920879 0.121257
766.58 -6.70332 1.14914 -5.97553 7.6331 1.23829 6.49292 -0.0018326 -0.0905607 0.110414
766.597 -6.77993 0.995922 -6.35858 7.61755 1.24666 6.49292 -0.00549779 -0.090408 0.0859793
766.614 -6.74162 1.03423 -6.24366 7.64626 1.18445 6.48933 -0.00687223 -0.0867428 0.0777326
766.63 -6.77993 0.957617 -6.5118 7.53141 1.17009 6.4989 -0.00977384 -0.0821613 0.071624
766.646 -6.70332 0.957617 -6.32027 7.53978 1.15095 6.47258 -0.00397062 -0.087201 0.0873537
766.661 -6.5118 1.07253 -6.39688 7.58525 1.1342 6.48335 -0.00580322 -0.0885754 0.0945314
766.677 -6.58841 0.995922 -6.35858 7.44526 1.04447 6.52881 -0.0056505 -0.0835358 0.130267
766.694 -6.77993 0.842703 -6.5501 7.52184 0.972682 6.49292 0.00213803 -0.0876591 0.205556
766.71 -6.5501 0.995922 -6.05214 7.47637 1.17966 6.48814 0.0056505 -0.0907135 0.253967
766.727 -6.70332 0.727789 -6.05214 7.56371 1.01815 6.48096 0.00198531 -0.0800233 0.322995
766.743 -6.81823 0.804398 -6.32027 7.64028 0.990628 6.50249 0.00717767 -0.083994 0.330631
766.76 -6.81823 0.842703 -6.32027 7.66421 0.976271 6.48574 0.00977384 -0.0899499 0.318871
766.777 -6.66501 0.842703 -6.47349 7.62114 1.02891 6.50728 0.00335976 -0.085063 0.260992
766.793 -6.58841 1.03423 -6.16705 7.65344 1.05045 6.48215 -0.00167988 -0.0902553 0.0827722
766.81 -6.81823 0.727789 -6.32027 7.8006 1.02054 6.49651 -0.00962113 -0.087201 -0.0235183
766.826 -7.12467 0.65118 -6.39688 7.97169 0.771685 6.5001 -0.0161879 -0.0917825 -0.188452
766.843 -6.89484 0.65118 -6.35858 7.89751 0.831506 6.5013 -0.0186314 -0.089339 -0.281456
766.86 -6.85654 0.842703 -6.70332 7.85205 0.912862 6.50608 -0.0184787 -0.0913243 -0.372628
766.876 -6.5501 0.919312 -6.32027 7.19522 1.18086 6.50967 -0.0178678 -0.0945314 -0.397826
766.893 -6.5118 0.881008 -6.43519 7.43689 1.12582 6.5659 -0.0129809 -0.101709 -0.368199
766.909 -6.74162 1.07253 -6.09044 7.59242 1.17488 6.47617 -0.0117592 -0.0994183 -0.307876
766.926 -6.77993 0.995922 -6.58841 7.5015 1.19402 6.50847 -0.01237 -0.0907135 -0.260992
766.943 -6.70332 1.03423 -6.35858 7.60678 1.11984 6.48574 -0.0108429 -0.0881173 -0.147982
766.959 -6.62671 0.957617 -6.5118 7.40698 1.14855 6.51924 -0.00626137 -0.0942259 -0.0685696
766.975 -6.39688 1.30236 -6.32027 7.32802 1.23948 6.51685 -0.0074831 -0.100945 -0.0598648
766.991 -6.43519 1.22575 -6.28197 7.40818 1.37587 6.49292 -0.0131336 -0.113163 -0.0783434
767.007 -6.81823 1.14914 -6.5501 7.59003 1.36391 6.46181 -0.00320704 -0.0928515 -0.0465785
767.024 -6.85654 0.957617 -6.47349 7.74078 1.22034 6.46421 0.00167988 -0.0896445 -0.0404698
767.04 -6.74162 1.34066 -6.16705 7.77428 1.24307 6.27518 -0.00351247 -0.0862847 -0.0855211
