145.751 -0.229828 0.919312 -9.61448 1.05523 0.987039 9.82851 0.00809396 -0.108581 0.0445931
145.768 -0.268133 0.842703 -9.65278 1.11864 0.973878 9.84646 0.00381791 -0.0977384 0.0461203
145.784 -0.459656 0.689484 -9.61448 1.17129 0.868594 9.82492 0.00320704 -0.0862847 0.0438296
145.801 -0.497961 0.842703 -9.57617 1.05404 0.930808 9.82851 0.00671952 -0.076969 0.0401644
145.818 -0.383047 0.766094 -9.69109 0.985843 0.874577 9.84287 0.0119119 -0.0704022 0.0401644
145.834 -0.0766094 0.919312 -9.72939 0.788435 0.92004 9.90389 0.0163406 -0.0705549 0.0413861
145.851 -0.0766094 0.957617 -9.46126 0.679561 1.10788 9.82732 0.0183259 -0.0759 0.0384845
145.867 -0.0383047 0.995922 -9.57617 0.643669 1.24546 9.78425 0.00885754 -0.0803288 0.0380264
145.884 -0.229828 1.22575 -9.76769 0.68674 1.30409 9.78664 0.00259618 -0.0847575 0.0375682
145.901 -0.229828 1.11084 -10.0741 0.736989 1.19163 9.84287 -0.0114537 -0.0911716 0.041997
145.917 -0.114914 0.842703 -9.72939 0.705882 0.935593 9.88953 -0.0190895 -0.0948368 0.0491747
145.934 -0.191523 0.727789 -9.72939 0.727418 0.78006 9.85125 -0.0129809 -0.0997237 0.0531453
145.95 -0.153219 0.612875 -9.53786 0.697508 0.698704 9.82612 -0.00855211 -0.102778 0.0519235
145.967 -0.268133 0.766094 -9.46126 0.794417 0.872184 9.82253 -0.00122173 -0.10797 0.0465785
145.984 -0.153219 0.919312 -9.38465 0.87338 1.11625 9.85843 0.00167988 -0.11301 0.0415388
146.0 -0.344742 0.995922 -9.65278 0.935593 1.24187 9.86321 -0.00320704 -0.109803 0.0432187
146.017 -0.306437 0.957617 -9.65278 0.954736 1.1653 9.82014 -0.0120646 -0.112857 0.0491747
146.033 -0.383047 0.612875 -9.65278 1.03131 0.750149 9.82492 -0.0181732 -0.101404 0.0542143
146.05 -0.306437 0.536266 -9.49956 1.02532 0.629312 9.83928 -0.00702495 -0.0960585 0.044135
146.067 -0.229828 0.57457 -9.61448 0.997807 0.597009 9.87398 0.00167988 -0.0899499 0.0436769
146.083 -0.268133 0.766094 -9.72939 0.885344 0.933201 9.82971 0.0184787 -0.0913243 0.0410807
146.1 -0.306437 0.995922 -9.42295 0.847059 1.08634 9.84885 0.0178678 -0.0923933 0.0427606
146.116 -0.344742 1.11084 -9.46126 0.84347 1.20837 9.83569 0.00931569 -0.0896445 0.0435241
146.133 -0.229828 1.03423 -9.57617 0.855434 1.12941 9.82134 0.00152716 -0.0933096 0.0433714
146.15 -0.229828 0.957617 -9.57617 0.928415 1.11027 9.81775 -0.00381791 -0.0968221 0.0513127
146.166 -0.306437 1.07253 -9.61448 0.945165 1.14377 9.82612 -0.0074831 -0.0934624 0.0493274
146.183 -0.344742 0.881008 -9.46126 0.967896 1.1007 9.8321 -0.014508 -0.0908662 0.0427606
146.2 -0.268133 0.881008 -9.65278 0.917647 1.01934 9.84526 -0.0207694 -0.087201 0.0456622
146.216 -0.306437 0.804398 -9.69109 0.90329 0.909272 9.88594 -0.0213803 -0.0817032 0.047342
146.232 -0.114914 0.65118 -9.57617 0.788435 0.80997 9.86919 -0.0149662 -0.0862847 0.0453567
146.248 -0.191523 0.766094 -9.61448 0.794417 0.880558 9.8345 -0.0106901 -0.0853684 0.0470366
146.265 -0.0766094 0.842703 -9.61448 0.721436 0.941576 9.82732 -0.00626137 -0.0917825 0.0435241
146.281 -0.191523 0.766094 -9.61448 0.713061 0.932004 9.8333 -0.00931569 -0.0926988 0.0448986
146.296 -0.153219 0.766094 -9.65278 0.823131 0.838684 9.82373 -0.00335976 -0.104153 0.0455095
146.313 -0.191523 0.612875 -9.65278 0.832702 0.795613 9.82612 -0.000152716 -0.106138 0.0485638
146.328 -0.344742 0.689484 -9.8443 0.932004 0.741775 9.84287 0.00778853 -0.109345 0.0455095
146.345 -0.383047 0.727789 -9.99752 0.993021 0.875773 9.8345 0.0164934 -0.103694 0.0435241
146.362 -0.344742 0.612875 -9.88261 0.9667 0.862612 9.82492 0.0218384 -0.0986547 0.0508545
146.378 -0.268133 0.766094 -9.69109 0.902094 0.820738 9.8321 0.0242819 -0.0936151 0.0592539
146.395 -0.268133 0.995922 -9.61448 0.888933 1.02772 9.82373 0.0290161 -0.0940732 0.0555887
146.411 -0.383047 1.03423 -9.61448 0.926022 1.19641 9.8345 0.0230602 -0.0960585 0.0342084
146.428 -0.344742 0.957617 -9.72939 1.0337 1.1677 9.84885 0.0187841 -0.0948368 0.0297797
146.445 -0.306437 0.881008 -9.8443 0.975075 1.10189 9.84885 0.0163406 -0.0931569 0.0455095
146.46 -0.268133 0.766094 -9.46126 0.860219 0.808774 9.82851 0.0128282 -0.0879646 0.0490219
146.477 -0.153219 0.65118 -9.76769 0.803988 0.758524 9.80459 0.0143553 -0.0858265 0.0517708
146.493 -0.114914 0.766094 -9.61448 0.705882 0.789631 9.82492 0.0291688 -0.0949895 0.0394008
146.51 -0.268133 0.995922 -9.76769 0.792024 1.18684 9.84287 0.0381791 -0.101862 0.0467312
146.527 -0.383047 1.03423 -9.42295 0.838684 1.21914 9.8321 0.0302378 -0.104153 0.0502437
146.543 -0.306437 1.30236 -9.65278 0.978664 1.44287 9.82492 0.0268781 -0.106138 0.0542143
146.56 -0.153219 1.49388 -9.61448 1.02891 1.62951 9.82492 -0.000916298 -0.0975857 0.046273
146.576 -0.306437 1.34066 -9.72939 1.03609 1.59721 9.82732 -0.0276416 -0.0942259 0.0471893
146.593 -0.459656 1.22575 -9.69109 0.95354 1.37827 9.82851 -0.0409279 -0.0876591 0.0479529
146.609 -0.344742 0.804398 -9.65278 0.921237 1.03609 9.82492 -0.0523817 -0.0855211 0.0494801
146.625 -0.383047 0.536266 -9.57617 0.947557 0.635294 9.83569 -0.0482583 -0.08827 0.0537561
146.642 -0.229828 0.497961 -9.72939 0.964307 0.522831 9.8345 -0.0386372 -0.0878119 0.0494801
146.658 -0.306437 0.497961 -9.61448 0.954736 0.54317 9.8333 -0.0157298 -0.0856738 0.0447459
146.675 -0.229828 0.536266 -9.61448 1.0014 0.698704 9.82971 0.00381791 -0.0847575 0.0418443
146.692 -0.421352 0.842703 -9.57617 0.985843 0.795613 9.82612 0.0100793 -0.0794125 0.0384845
146.708 -0.344742 1.11084 -9.8443 0.959521 1.06839 9.82971 0.0140499 -0.0797179 0.0389426
146.725 -0.268133 1.07253 -9.88261 0.881755 1.21316 9.85723 0.00733038 -0.0759 0.0358883
146.741 -0.114914 1.22575 -9.65278 0.771685 1.28136 9.8656 -0.00687223 -0.0755945 0.0394008
146.757 -0.268133 0.995922 -9.38465 0.880558 1.12104 9.83928 -0.0109956 -0.083994 0.0395535
146.774 -0.383047 0.881008 -9.72939 0.768096 1.01815 9.82851 -0.0138972 -0.0803288 0.0415388
146.79 -0.229828 0.804398 -9.57617 0.762114 0.985843 9.7986 -0.01237 -0.0853684 0.0421497
146.807 -0.114914 0.842703 -9.69109 0.781256 0.870987 9.81775 -0.00763582 -0.0856738 0.0464257
146.823 -0.306437 0.689484 -9.72939 0.781256 0.880558 9.82492 -0.00381791 -0.0917825 0.0467312
146.839 -0.229828 0.842703 -9.69109 0.710668 0.899701 9.88235 0.00290161 -0.096364 0.0491747
146.856 -0.153219 0.804398 -9.46126 0.734596 0.93679 9.88235 0.00473421 -0.0997237 0.0478002
146.872 -0.153219 0.881008 -9.46126 0.801595 0.976271 9.84287 0.00992656 -0.103236 0.0467312
146.889 -0.229828 1.18745 -9.57617 0.778863 1.29332 9.79382 0.00198531 -0.110567 0.0447459
146.906 -0.306437 1.11084 -9.65278 0.908076 1.25743 9.78784 -0.00366519 -0.115301 0.0476475
146.922 -0.306437 0.995922 -9.49956 0.945165 1.21196 9.82253 -0.0131336 -0.115148 0.0478002
146.939 -0.459656 0.842703 -9.69109 1.13898 1.00379 9.85962 -0.0184787 -0.10736 0.0505491
146.954 -0.612875 0.804398 -9.69109 1.10309 0.981057 9.84287 -0.0167988 -0.0989602 0.0497855
146.971 -0.497961 0.766094 -9.65278 1.08873 0.92004 9.8345 -0.0128282 -0.0998765 0.0432187
146.988 -0.306437 0.804398 -9.72939 0.993021 0.847059 9.84048 -0.010232 -0.0905607 0.0513127
147.012 -0.306437 0.689484 -9.69109 0.991825 0.930808 9.85603 -0.00519235 -0.0864374 0.0468839
147.029 -0.153219 0.804398 -9.61448 1.02413 0.948754 9.82492 -0.00122173 -0.0849102 0.0423024
147.045 -0.306437 0.766094 -9.76769 0.999003 0.965504 9.82492 0.000610865 -0.0803288 0.0397062
147.062 -0.383047 0.995922 -9.65278 1.08993 1.00738 9.82732 0.000152716 -0.0734565 0.0392481
147.078 -0.421352 0.957617 -9.57617 0.989432 1.04447 9.83809 0.00290161 -0.0742201 0.0377209
147.095 -0.306437 0.919312 -9.61448 0.951147 1.05763 9.8345 -0.00106901 -0.0659734 0.0380264
147.111 -0.229828 0.995922 -9.69109 0.928415 1.07797 9.82492 -0.00381791 -0.0627664 0.0387899
147.126 -0.268133 0.881008 -9.72939 0.823131 1.06241 9.80937 -0.00687223 -0.0626137 0.0384845
147.142 -0.229828 0.842703 -9.69109 0.751346 1.0002 9.82612 -0.0108429 -0.0664316 0.041997
147.158 -0.191523 0.766094 -9.57617 0.713061 0.978664 9.84766 -0.00977384 -0.071624 0.0421497
147.174 -0.114914 0.881008 -9.69109 0.735793 0.926022 9.8656 -0.00580322 -0.0823141 0.0412334
147.191 -0.191523 0.766094 -9.61448 0.68674 0.948754 9.85005 -0.00442877 -0.0826195 0.0453567
147.207 -0.114914 0.881008 -9.76769 0.710668 0.981057 9.84287 -0.000916298 -0.0894917 0.0444404
147.224 -0.0766094 0.995922 -9.53786 0.728614 1.06241 9.84287 0.000458149 -0.0951423 0.044135
147.24 -0.153219 1.14914 -9.61448 0.76331 1.12463 9.82851 -0.00198531 -0.100945 0.046273
147.256 -0.153219 1.07253 -9.65278 0.774078 1.15214 9.81775 -0.0074831 -0.105069 0.0485638
147.273 -0.191523 0.881008 -9.57617 0.847059 1.12343 9.82732 -0.00931569 -0.107665 0.0503964
147.289 -0.229828 0.881008 -9.76769 0.853041 1.04088 9.8333 -0.0143553 -0.11469 0.0488692
147.306 -0.229828 0.957617 -9.69109 0.897308 0.954736 9.84287 -0.0160352 -0.111177 0.0488692
147.323 -0.421352 0.842703 -9.72939 0.87338 0.94995 9.85244 -0.0149662 -0.114385 0.0461203
147.339 -0.459656 0.881008 -9.99752 0.952343 0.906879 9.82373 -0.0137445 -0.114232 0.0456622
147.356 -0.191523 0.881008 -9.26973 0.987039 0.884148 9.8333 -0.00778853 -0.110872 0.0487165
147.372 -0.421352 0.804398 -9.69109 1.0337 0.888933 9.82971 -0.00229074 -0.106901 0.0496328
147.389 -0.383047 0.804398 -9.53786 1.03848 0.917647 9.82851 0.0018326 -0.104763 0.046273
147.406 -0.306437 0.842703 -9.53786 1.05404 1.0014 9.82492 0.00213803 -0.0965167 0.0439823
147.422 -0.383047 0.881008 -9.8443 1.05643 1.04447 9.83091 -0.000305433 -0.0933096 0.0418443
147.438 -0.421352 0.919312 -9.76769 1.08514 1.06241 9.82492 0.000763581 -0.0945314 0.0392481
147.453 -0.344742 0.995922 -9.65278 1.01097 1.09591 9.85484 -0.00351247 -0.0792598 0.0403171
147.47 -0.421352 0.881008 -9.72939 0.987039 1.05404 9.84526 -0.00549779 -0.0760527 0.0464257
147.487 -0.268133 0.881008 -9.61448 0.899701 1.05165 9.8321 -0.00534507 -0.0801761 0.0438296
147.503 -0.344742 0.766094 -9.42295 0.89013 0.99661 9.82971 -0.00977384 -0.0768163 0.0416915
147.52 -0.306437 0.842703 -9.76769 0.854237 0.982253 9.82612 -0.00885754 -0.0781907 0.0424551
147.536 -0.268133 0.842703 -9.61448 0.866202 0.959521 9.83091 -0.00916297 -0.0784962 0.0418443
147.553 -0.268133 0.804398 -9.69109 0.891326 0.951147 9.8333 -0.00580322 -0.0829249 0.0410807
147.57 -0.191523 0.957617 -9.69109 0.875773 0.988235 9.84526 -0.00335976 -0.0820086 0.0423024
147.586 -0.268133 0.919312 -9.72939 0.837488 0.991825 9.84766 -0.00381791 -0.0803288 0.0465785
147.603 -0.229828 0.842703 -9.65278 0.789631 1.01695 9.8321 -0.00397062 -0.0853684 0.047342
147.619 -0.344742 0.881008 -9.61448 0.813559 1.00618 9.82492 -0.00412334 -0.0905607 0.0444404
147.635 -0.306437 0.804398 -9.38465 0.824327 0.977468 9.8321 -0.00610865 -0.0936151 0.043066
147.652 -0.344742 0.689484 -9.65278 0.914058 0.909272 9.8321 -0.00733038 -0.0923933 0.0416915
147.668 -0.229828 0.804398 -9.72939 0.842273 0.905683 9.84048 -0.000763581 -0.0923933 0.0421497
147.685 -0.0766094 0.919312 -9.46126 0.82672 1.02532 9.82732 0.00259618 -0.0980438 0.0438296
147.701 -0.306437 0.842703 -9.61448 0.905683 0.994217 9.82492 0.00290161 -0.10064 0.0436769
147.718 -0.229828 1.11084 -9.69109 0.927218 1.12223 9.83928 0.00381791 -0.0994183 0.0471893
147.735 -0.536266 0.919312 -9.49956 0.997807 1.09591 9.83809 -0.00274889 -0.0971275 0.0470366
147.751 -0.344742 0.881008 -9.69109 0.97986 1.09232 9.83928 -0.00427606 -0.0945314 0.0458149
147.768 -0.306437 0.919312 -9.57617 0.961914 1.08754 9.82492 -0.0103847 -0.0862847 0.0479529
147.784 -0.229828 0.995922 -9.65278 0.897308 1.00618 9.82851 -0.00977384 -0.0896445 0.0435241
147.8 -0.306437 0.842703 -9.46126 0.878166 1.01456 9.82732 -0.0120646 -0.0876591 0.0458149
147.817 -0.229828 0.842703 -9.61448 0.887737 0.94995 9.8333 -0.0116064 -0.0911716 0.0456622
147.832 -0.383047 0.766094 -9.57617 0.904487 0.908076 9.84407 -0.00916297 -0.0919352 0.0436769
147.848 -0.306437 0.727789 -9.69109 0.934397 0.900898 9.83091 -0.00626137 -0.0897971 0.0453567
147.865 -0.344742 0.689484 -9.65278 0.89013 0.887737 9.85364 -0.00198531 -0.0917825 0.045204
147.881 -0.306437 0.842703 -9.38465 0.878166 0.957129 9.84287 0.0018326 -0.0888809 0.044135
147.898 -0.306437 0.919312 -9.65278 0.866202 0.990628 9.84526 0.00488692 -0.0928515 0.0432187
147.914 -0.268133 0.919312 -9.65278 0.878166 1.03011 9.82253 0.00534507 -0.0949895 0.0471893
147.931 -0.229828 1.14914 -9.42295 0.893719 1.07677 9.82492 0.00198531 -0.0936151 0.0476475
147.948 -0.306437 0.842703 -9.53786 0.958325 1.08395 9.84526 0.00106901 -0.0965167 0.0439823
147.964 -0.268133 0.881008 -9.49956 0.975075 1.08993 9.85364 0.0 -0.0971275 0.0429133
147.981 -0.268133 0.919312 -9.69109 0.965504 1.08395 9.81057 -0.00320704 -0.0913243 0.0426078
147.997 -0.306437 1.07253 -9.42295 0.934397 1.07677 9.81296 -0.00901026 -0.0884227 0.045204
148.014 -0.153219 0.881008 -9.53786 0.904487 1.03848 9.80937 -0.00794125 -0.089339 0.0459676
148.031 -0.306437 0.766094 -9.61448 0.934397 0.946361 9.82732 -0.011301 -0.089339 0.0471893
148.047 -0.344742 0.842703 -9.65278 0.921237 0.893719 9.87996 -0.00824668 -0.087201 0.0491747
148.063 -0.268133 0.689484 -9.65278 0.948754 0.880558 9.87039 -0.00442877 -0.0873537 0.0447459
148.079 -0.306437 0.766094 -9.57617 0.906879 0.882951 9.8321 -0.00213803 -0.0823141 0.0427606
148.096 -0.229828 0.65118 -9.69109 0.7334 0.782453 9.82492 0.00473421 -0.0859793 0.0386372
148.112 -0.229828 0.842703 -9.806 0.611366 0.685544 9.83928 0.0164934 -0.0983493 0.031765
148.128 -0.229828 0.919312 -9.65278 0.850648 0.959521 9.81296 0.0207694 -0.101098 0.0461203
148.145 -0.383047 0.919312 -9.69109 0.97986 1.08754 9.83809 0.0273362 -0.100487 0.0415388
148.161 -0.421352 1.03423 -9.57617 1.00738 1.11745 9.82373 0.0239765 -0.0998765 0.0416915
148.178 -0.383047 1.11084 -9.8443 1.02173 1.14018 9.82373 0.0207694 -0.098502 0.0394008
148.195 -0.421352 1.18745 -9.49956 0.957129 1.31127 9.83091 0.0065668 -0.0922406 0.045204
148.211 -0.344742 1.30236 -9.49956 0.958325 1.52662 9.80698 -0.011301 -0.091477 0.054367
148.228 -0.229828 1.18745 -9.57617 0.870987 1.51944 9.81655 -0.0197004 -0.0949895 0.0499382
148.244 -0.229828 0.995922 -9.61448 0.820738 1.27537 9.82851 -0.0424551 -0.0948368 0.0519235
148.261 -0.268133 0.842703 -9.76769 0.918843 0.965504 9.89432 -0.0484111 -0.0991129 0.0557414
148.278 -0.383047 0.689484 -9.65278 0.981057 0.790828 9.90269 -0.0390954 -0.0992656 0.0493274
148.293 -0.421352 0.459656 -9.69109 1.12223 0.655633 9.86201 -0.0255036 -0.0986547 0.0433714
148.31 -0.421352 0.65118 -9.65278 1.15813 0.643669 9.80818 -0.0103847 -0.0896445 0.0406225
148.325 -0.459656 0.65118 -9.53786 1.07438 0.720239 9.78425 0.00610865 -0.0821613 0.0355829
148.342 -0.344742 0.689484 -9.38465 1.02413 0.867398 9.82134 0.00916297 -0.0759 0.0377209
148.359 -0.383047 0.842703 -9.61448 0.878166 1.00857 9.84287 0.0146608 -0.0736092 0.0375682
148.375 -0.229828 0.881008 -9.69109 0.794417 1.05763 9.83689 0.00671952 -0.071013 0.0381791
148.392 -0.268133 0.804398 -9.69109 0.829113 1.0349 9.82612 0.00488692 -0.071624 0.0401644
148.408 -0.268133 0.689484 -9.61448 0.865005 0.935593 9.82851 0.00687223 -0.0817032 0.0372628
148.424 -0.0766094 1.18745 -9.69109 0.612562 1.32443 9.77588 0.00610865 -0.0830777 0.0418443
148.441 0.114914 1.37897 -9.76769 0.552742 1.62473 9.85244 -0.00137445 -0.0865901 0.0494801
148.457 -0.306437 0.766094 -9.76769 0.898505 0.912862 10.008 -0.021533 -0.101251 0.0398589
148.474 -0.344742 0.957617 -9.65278 0.947557 1.05643 9.81894 -0.0166461 -0.0960585 0.0447459
148.491 -0.268133 0.689484 -9.49956 0.906879 0.845862 9.75314 -0.0100793 -0.0954477 0.0478002
148.507 -0.114914 0.919312 -9.49956 0.854237 0.967896 9.77946 -0.0074831 -0.0919352 0.0516181
148.524 -0.229828 0.842703 -9.69109 0.756132 0.987039 9.87039 -0.00427606 -0.096364 0.0481056
148.54 -0.344742 0.881008 -9.65278 0.753739 1.12702 9.85723 -0.00366519 -0.105069 0.0493274
148.557 -0.153219 1.03423 -9.49956 0.744168 1.08395 9.84287 -0.00595593 -0.113621 0.0439823
148.574 -0.114914 0.957617 -9.8443 0.79322 1.02293 9.81057 -0.0126754 -0.117897 0.045204
148.59 -0.191523 0.57457 -9.806 0.735793 0.625723 9.95892 -0.00962113 -0.126602 0.0401644
148.606 -0.344742 0.804398 -9.65278 0.93679 0.870987 9.87877 0.00137445 -0.130878 0.0348193
148.622 -0.612875 0.766094 -9.57617 1.19641 0.860219 9.76391 0.0074831 -0.120188 0.0528398
148.639 -0.459656 1.03423 -9.57617 1.22632 1.15334 9.71964 0.00671952 -0.106291 0.0496328
148.656 -0.536266 1.07253 -9.65278 1.23589 1.22752 9.74716 -0.00167988 -0.0956004 0.0497855
148.672 -0.459656 0.995922 -9.88261 1.07079 1.13779 9.87278 -0.00427606 -0.0940732 0.0465785
148.689 -0.306437 0.957617 -9.61448 0.973878 1.1007 9.88116 -0.0108429 -0.0853684 0.0453567
148.705 -0.268133 0.919312 -9.76769 0.924826 1.01456 9.89073 -0.00977384 -0.0841467 0.0447459
148.722 -0.153219 0.766094 -9.72939 0.857827 1.00977 9.88116 -0.00946841 -0.0888809 0.0427606
148.739 -0.191523 0.881008 -9.69109 0.665205 0.860219 9.82971 -0.00794125 -0.0919352 0.0401644
148.755 -0.153219 0.804398 -9.38465 0.794417 0.93679 9.81057 0.00198531 -0.105832 0.0416915
148.772 -0.383047 0.881008 -9.57617 0.965504 1.06002 9.80339 0.00152716 -0.10736 0.0453567
148.788 -0.306437 0.995922 -9.57617 1.3663 1.11027 9.82492 -0.000305433 -0.100335 0.0474948
148.804 -0.65118 1.03423 -9.76769 1.33519 1.18086 9.82014 -0.00595593 -0.0841467 0.0456622
148.821 -0.421352 1.11084 -9.42295 1.21316 1.14855 9.82732 -0.0171042 -0.0675006 0.0435241
148.837 -0.459656 0.957617 -9.57617 0.977468 1.10189 9.84646 -0.0203113 -0.0664316 0.0415388
148.854 -0.191523 0.689484 -9.30804 0.777667 0.92004 9.8333 -0.02474 -0.0655153 0.0351248
148.87 -0.268133 0.804398 -9.72939 0.747757 0.879362 9.82732 -0.0184787 -0.0743728 0.0355829
148.887 -0.268133 0.65118 -9.61448 0.687936 0.774078 9.82732 -0.0172569 -0.0740674 0.0418443
148.904 -0.114914 0.612875 -9.57617 0.788435 0.806381 9.82492 -0.00137445 -0.0894917 0.0439823
148.92 -0.268133 0.881008 -9.72939 0.905683 0.904487 9.83928 0.00977384 -0.096364 0.047342
148.937 -0.536266 0.957617 -9.8443 0.989432 0.972682 9.85005 0.00839939 -0.0933096 0.0507018
148.953 -0.344742 1.03423 -9.76769 1.0349 1.06959 9.84885 0.0117592 -0.091477 0.0435241
148.97 -0.421352 1.07253 -9.57617 1.07916 1.17607 9.82612 0.00595593 -0.0881173 0.0387899
148.987 -0.344742 1.03423 -9.76769 1.05404 1.18923 9.81176 -0.00442877 -0.0815505 0.0404698
149.003 -0.268133 1.14914 -9.69109 0.940379 1.14138 9.82373 -0.00809396 -0.076969 0.0412334
149.019 -0.229828 0.919312 -9.72939 0.807577 1.07797 9.85484 -0.0143553 -0.0759 0.0438296
149.035 -0.153219 0.881008 -9.806 0.752542 1.02891 9.84167 -0.0143553 -0.0879646 0.0444404
149.052 -0.114914 0.881008 -9.72939 0.725025 0.922433 9.8345 -0.0128282 -0.0887282 0.045204
149.069 -0.268133 0.766094 -9.8443 0.818345 0.868594 9.8333 -0.00870483 -0.0981966 0.0479529
149.085 -0.268133 0.804398 -9.61448 0.963111 0.914058 9.82851 0.000152716 -0.101251 0.0459676
149.102 -0.344742 0.842703 -9.72939 1.04207 0.967896 9.80698 0.00610865 -0.102625 0.0465785
149.118 -0.268133 0.957617 -9.46126 1.08993 1.11625 9.81894 0.00580322 -0.095295 0.0484111
149.135 -0.421352 1.14914 -9.76769 1.04686 1.18325 9.85364 -0.00198531 -0.0891863 0.0485638
149.152 -0.344742 0.995922 -9.806 1.01336 1.17009 9.88714 -0.0074831 -0.0876591 0.0455095
149.168 -0.344742 0.881008 -9.806 0.993021 1.08634 9.868 -0.0120646 -0.0836885 0.0436769
149.185 -0.191523 0.842703 -9.46126 0.988235 0.985843 9.81535 -0.0148135 -0.0798706 0.0433714
149.201 -0.306437 0.842703 -9.42295 0.946361 0.924826 9.80937 -0.0103847 -0.0803288 0.0423024
149.218 -0.306437 0.766094 -9.69109 0.93679 0.93679 9.82492 -0.0106901 -0.0768163 0.0447459
149.235 -0.306437 0.766094 -9.65278 0.908076 0.964307 9.8333 -0.00488692 -0.0800233 0.0433714
149.251 -0.268133 0.842703 -9.806 0.902094 1.01336 9.83091 -0.00381791 -0.081245 0.0429133
149.268 -0.268133 0.881008 -9.72939 0.921237 1.02413 9.83569 -0.00274889 -0.0835358 0.0400117
149.284 -0.306437 0.957617 -9.72939 0.914058 1.01097 9.83091 -0.00503964 -0.0853684 0.0392481
149.301 -0.421352 0.919312 -9.65278 0.886541 0.965504 9.8333 -0.00977384 -0.0794125 0.0386372
149.318 -0.268133 0.957617 -9.53786 0.855434 0.964307 9.81775 -0.0065668 -0.0813978 0.0401644
149.333 -0.191523 0.766094 -9.61448 0.766899 0.971486 9.81894 -0.00580322 -0.0829249 0.0387899
149.35 -0.0766094 0.727789 -9.57617 0.654437 0.997807 9.82971 -0.00626137 -0.0917825 0.0464257
149.366 0.0 0.842703 -9.57617 0.62333 1.01695 9.87518 -0.00305432 -0.104763 0.0484111
149.383 0.0 0.957617 -9.76769 0.601795 1.02293 9.86919 -0.00335976 -0.111636 0.0505491
149.4 -0.153219 0.766094 -9.69109 0.695115 1.04207 9.86441 -0.00335976 -0.122784 0.0529926
149.416 -0.114914 0.804398 -9.69109 0.845862 1.03011 9.82971 -0.00626137 -0.129503 0.052229
149.433 -0.344742 0.881008 -9.57617 0.991825 1.02413 9.82851 -0.00167988 -0.138208 0.0510072
149.45 -0.344742 0.842703 -9.65278 1.10907 1.01456 9.80578 -0.00534507 -0.130878 0.0549779
149.466 -0.421352 0.919312 -9.53786 1.17129 1.03131 9.81535 -0.00274889 -0.125838 0.0552833
149.483 -0.497961 0.881008 -9.61448 1.15214 1.04925 9.82851 -0.00320704 -0.11973 0.0539089
149.499 -0.497961 0.995922 -9.57617 1.11147 1.04806 9.83928 -0.00549779 -0.112399 0.0531453
149.515 -0.459656 0.881008 -9.76769 1.14975 1.01815 9.85484 -0.00458149 -0.113926 0.0476475
149.532 -0.459656 0.881008 -9.65278 1.19402 1.00379 9.8345 -0.00534507 -0.104916 0.0436769
149.547 -0.612875 0.804398 -9.61448 1.32323 0.981057 9.81296 -0.00534507 -0.0980438 0.0426078
149.564 -0.536266 0.881008 -9.53786 1.33759 0.990628 9.82014 -0.00305432 -0.0836885 0.03711
149.579 -0.536266 0.842703 -9.69109 1.32802 1.0002 9.82612 -0.00213803 -0.0665843 0.0348193
149.596 -0.421352 0.881008 -9.65278 1.21077 1.02772 9.84048 -0.0056505 -0.0583376 0.0368046
149.613 -0.459656 0.804398 -9.61448 1.10429 1.0002 9.8345 -0.00427606 -0.0487165 0.0357356
149.629 -0.229828 0.957617 -9.49956 0.9667 0.984646 9.81176 -0.00381791 -0.0427606 0.0354302
149.646 -0.229828 0.881008 -9.57617 0.894915 1.00857 9.81176 -0.00229074 -0.0427606 0.0337503
149.662 -0.268133 0.804398 -9.65278 0.76331 1.03968 9.82732 -0.00137445 -0.0493274 0.0342084
149.679 -0.191523 0.842703 -9.69109 0.707079 1.07797 9.85962 -0.000763581 -0.0592539 0.0375682
149.696 -0.229828 0.766094 -9.57617 0.701097 1.06959 9.85962 -0.00488692 -0.0600175 0.0442877
149.712 -0.191523 0.881008 -9.61448 0.6999 1.05643 9.84407 -0.00366519 -0.0745255 0.0445931
149.729 -0.191523 0.957617 -9.65278 0.637687 1.01097 9.84766 -0.00809396 -0.0788016 0.045204
149.745 -0.191523 0.957617 -9.76769 0.668794 0.988235 9.8345 -0.00855211 -0.0911716 0.0471893
149.762 -0.0766094 0.536266 -9.65278 0.667597 0.959521 9.82612 -0.00595593 -0.0998765 0.0461203
149.779 0.114914 0.727789 -9.46126 0.595813 0.813559 9.85962 -0.00320704 -0.111025 0.0412334
149.795 -0.0383047 0.612875 -9.76769 0.629312 0.764507 9.86919 0.00733038 -0.127976 0.0424551
149.812 -0.114914 0.957617 -9.69109 0.65324 0.855434 9.8668 0.0122173 -0.128282 0.0450513
149.828 -0.306437 1.07253 -9.38465 0.959521 1.22991 9.77229 0.0122173 -0.141721 0.0661261
149.845 -0.459656 0.995922 -9.61448 1.14616 1.25264 9.78784 0.00580322 -0.138666 0.0494801
149.862 -0.459656 0.957617 -9.61448 1.25145 1.22393 9.78185 -0.00519235 -0.12874 0.0594066
149.877 -0.65118 1.14914 -9.15482 1.37109 1.19761 9.82732 -0.00717767 -0.122784 0.0597121
149.893 -0.536266 0.919312 -9.72939 1.31246 1.08395 9.84766 -0.0157298 -0.104458 0.0552833
149.909 -0.497961 0.881008 -9.72939 1.27657 1.10548 9.8668 -0.0175624 -0.0902553 0.0468839
149.926 -0.57457 0.804398 -9.49956 1.25384 0.945165 9.8321 -0.0158825 -0.0928515 0.0421497
149.943 -0.459656 0.766094 -9.57617 1.16889 0.954736 9.80698 -0.0146608 -0.0725402 0.0375682
149.959 -0.344742 0.842703 -9.65278 1.12582 0.885344 9.82373 -0.0119119 -0.0655153 0.0363465
149.976 -0.306437 0.766094 -9.57617 0.993021 0.921237 9.8321 -0.00901026 -0.0610865 0.0415388
149.992 -0.459656 0.881008 -9.8443 0.977468 0.946361 9.82732 -0.0056505 -0.0642935 0.0403171
150.009 -0.306437 0.804398 -9.53786 0.911665 0.964307 9.80937 -0.00198531 -0.0655153 0.0351248
150.026 -0.229828 0.881008 -9.61448 0.92004 1.00618 9.80339 -0.00335976 -0.0609338 0.0337503
150.042 -0.344742 0.65118 -9.61448 0.89013 0.782453 9.82971 0.000458149 -0.067806 0.0270308
150.059 -0.191523 0.57457 -9.72939 0.869791 0.896112 9.8333 0.00458149 -0.0658207 0.0380264
150.075 -0.191523 0.957617 -9.72939 0.768096 1.02772 9.79502 0.0100793 -0.0734565 0.045204
150.092 0.0383047 1.14914 -9.72939 0.577866 1.24307 9.89911 0.00916297 -0.0778853 0.0494801
150.108 -0.268133 1.14914 -9.8443 0.704686 1.18804 9.90748 0.000458149 -0.0949895 0.0488692
150.124 -0.268133 1.03423 -9.72939 0.872184 1.21914 9.8345 -0.00366519 -0.103083 0.0505491
150.141 -0.229828 0.995922 -9.61448 0.988235 1.14138 9.79143 -0.00488692 -0.104153 0.0511599
150.158 -0.191523 0.995922 -9.42295 0.954736 1.17488 9.80698 -0.00870483 -0.105069 0.0487165
150.174 -0.344742 0.995922 -9.34634 0.958325 1.10429 9.75673 -0.0183259 -0.104305 0.0438296
150.191 -0.421352 0.881008 -9.61448 1.00379 1.08395 9.83091 -0.0229074 -0.102473 0.0442877
150.207 -0.383047 0.65118 -9.806 1.04806 0.932004 9.87518 -0.0244346 -0.104305 0.041997
150.224 -0.421352 0.612875 -9.69109 1.12702 0.76331 9.85005 -0.0174097 -0.0939205 0.0476475
150.241 -0.229828 0.689484 -9.53786 1.04207 0.803988 9.84646 -0.00870483 -0.089339 0.047342
150.257 -0.344742 0.65118 -9.53786 1.01336 0.806381 9.79023 -0.00503964 -0.0844521 0.0448986
150.274 -0.229828 0.727789 -9.42295 0.971486 0.824327 9.82253 0.00290161 -0.0858265 0.0410807
150.29 -0.344742 0.727789 -9.57617 0.927218 0.866202 9.85244 0.0109956 -0.0870483 0.0474948
150.306 -0.229828 1.18745 -9.69109 0.964307 1.17009 9.86321 0.0151189 -0.0888809 0.047342
150.322 -0.191523 0.995922 -9.65278 1.22154 1.33639 9.83809 0.00549779 -0.0899499 0.0421497
150.338 -0.536266 1.11084 -9.53786 1.22871 1.2323 9.82612 -0.00778853 -0.0734565 0.0377209
150.355 -0.306437 1.03423 -9.49956 0.994217 1.19761 9.84526 -0.0137445 -0.0696386 0.0334449
150.371 -0.0766094 1.07253 -9.72939 0.740578 1.17488 9.91466 -0.0229074 -0.067806 0.0383318
150.388 -0.229828 0.881008 -9.8443 0.769292 1.09232 9.88594 -0.0213803 -0.0815505 0.029627
150.405 -0.114914 0.842703 -9.42295 0.620937 1.08754 9.82971 -0.0248928 -0.0815505 0.0378736
150.421 -0.383047 0.536266 -9.15482 0.776471 0.802792 9.76869 -0.0212276 -0.0983493 0.0400117
150.438 -0.268133 0.497961 -9.69109 0.739382 0.555135 9.82492 -0.00809396 -0.100335 0.0482583
150.454 -0.306437 0.65118 -9.65278 0.72981 0.673579 9.82732 0.00855211 -0.110414 0.0516181
150.471 -0.268133 0.766094 -9.61448 0.908076 0.841077 9.82612 0.0155771 -0.111025 0.0514654
150.488 -0.344742 1.14914 -9.61448 0.918843 1.20718 9.81416 0.0164934 -0.113774 0.0482583
150.504 -0.383047 0.995922 -9.42295 1.09831 1.14018 9.82851 0.00458149 -0.113621 0.0520762
150.521 -0.612875 0.995922 -9.65278 1.10309 1.0995 9.84287 0.00137445 -0.112246 0.0442877
150.538 -0.421352 0.919312 -9.61448 1.05284 1.06959 9.81535 -0.0056505 -0.102014 0.0465785
150.555 -0.497961 0.842703 -9.61448 0.99661 1.04686 9.85843 -0.00427606 -0.103083 0.0493274
150.571 -0.383047 1.11084 -9.61448 1.0672 1.04686 9.82851 -0.00503964 -0.101556 0.0510072
150.586 -0.383047 0.766094 -9.34634 1.08275 1.04566 9.83928 -0.00290161 -0.102625 0.0448986
150.602 -0.497961 1.07253 -9.57617 1.1007 1.15573 9.78664 -0.00473421 -0.0939205 0.0499382
150.617 -0.421352 1.03423 -9.65278 1.11984 1.15813 9.80698 -0.0116064 -0.089339 0.0481056
150.633 -0.421352 0.957617 -9.69109 1.03729 1.11266 9.88834 -0.0148135 -0.0856738 0.0426078
150.65 -0.268133 0.804398 -9.65278 0.955932 1.05165 9.93619 -0.0200058 -0.0826195 0.0421497
150.666 -0.191523 0.804398 -9.57617 0.820738 0.97986 9.82732 -0.0184787 -0.0865901 0.0395535
150.682 -0.306437 0.804398 -9.69109 0.841077 0.887737 9.73639 -0.0157298 -0.0940732 0.0413861
150.699 -0.306437 0.689484 -9.61448 0.922433 0.850648 9.7328 -0.0149662 -0.0936151 0.0461203
150.715 -0.344742 0.612875 -9.65278 1.01216 0.79322 9.83569 -0.00931569 -0.0931569 0.0482583
150.731 -0.306437 0.689484 -9.46126 0.896112 0.799202 9.89552 -0.000458149 -0.0939205 0.052229
150.747 -0.344742 0.689484 -9.65278 0.906879 0.904487 9.87039 0.0074831 -0.0978911 0.0493274
150.764 -0.268133 0.919312 -9.53786 0.904487 0.948754 9.84526 0.014508 -0.102014 0.0479529
150.781 -0.306437 0.919312 -9.61448 1.06361 1.03131 9.81057 0.0152716 -0.100182 0.0447459
150.797 -0.383047 0.957617 -9.38465 1.05523 1.13779 9.7998 0.01237 -0.0966694 0.0325286
150.814 -0.268133 0.957617 -9.61448 1.04566 1.14497 9.81296 0.00916297 -0.0951423 0.032834
150.829 -0.497961 0.881008 -9.46126 1.0672 1.02293 9.83569 0.00671952 -0.0917825 0.0392481
150.846 -0.383047 0.995922 -9.49956 1.09831 1.07677 9.82134 0.00931569 -0.0908662 0.041997
150.863 -0.497961 1.14914 -9.53786 1.06481 1.11147 9.79502 0.00488692 -0.0853684 0.0390954
150.879 -0.383047 1.18745 -9.76769 1.02772 1.25982 9.82732 0.000458149 -0.0836885 0.0384845
150.896 -0.459656 1.14914 -9.38465 1.12822 1.35314 9.86441 -0.0117592 -0.0798706 0.046273
150.912 -0.306437 1.07253 -9.57617 1.05165 1.29093 9.84646 -0.0262672 -0.0745255 0.0433714
150.929 -0.344742 0.995922 -9.49956 0.982253 1.1342 9.82134 -0.0311541 -0.0725402 0.043066
150.946 -0.268133 0.842703 -9.61448 0.860219 0.960718 9.79741 -0.0332921 -0.078038 0.0436769
150.962 -0.191523 0.65118 -9.92091 0.857827 0.806381 9.84526 -0.0311541 -0.0815505 0.047342
150.979 -0.306437 0.65118 -9.88261 0.817148 0.711864 9.88355 -0.0282525 -0.0852157 0.0511599
150.995 -0.306437 0.612875 -9.69109 0.857827 0.679561 9.88953 -0.0117592 -0.089339 0.0476475
151.012 -0.229828 0.766094 -9.72939 0.872184 0.748953 9.83569 0.00671952 -0.0972803 0.0450513
151.029 -0.344742 0.919312 -9.65278 0.961914 0.881755 9.82492 0.0158825 -0.0981966 0.0482583
151.045 -0.497961 1.14914 -9.57617 0.975075 1.09831 9.82373 0.0200058 -0.101251 0.0494801
151.062 -0.306437 1.03423 -9.61448 1.05165 1.28853 9.82373 0.0131336 -0.0986547 0.0555887
151.078 -0.229828 1.11084 -9.49956 1.0325 1.2993 9.77827 -0.00122173 -0.0959058 0.0496328
151.095 -0.497961 1.07253 -9.46126 1.07557 1.25982 9.78664 -0.00855211 -0.097433 0.0494801
151.112 -0.383047 0.268133 -9.8443 1.10788 1.09591 9.85125 -0.0251982 -0.0870483 0.0470366
151.128 -0.57457 0.766094 -9.72939 1.37827 0.535992 9.8656 0.00152716 -0.0868956 0.0244346
151.145 -0.306437 1.22575 -9.65278 1.32562 1.24546 9.72802 0.00870483 -0.071013 0.0598648
151.161 -0.383047 0.995922 -9.61448 0.926022 1.09352 9.85603 0.00503964 -0.0736092 0.0310014
151.178 -0.421352 1.07253 -9.61448 1.08275 1.27059 9.84048 -0.0018326 -0.067806 0.0517708
151.195 -0.344742 1.07253 -9.69109 1.00259 1.21436 9.84646 -0.010232 -0.0665843 0.0264199
151.211 -0.421352 0.957617 -9.61448 1.07557 1.16291 9.82732 -0.0137445 -0.0671951 0.036041
151.228 -0.229828 0.842703 -9.57617 0.76331 1.03131 9.8333 -0.0172569 -0.0676533 0.0380264
151.243 -0.268133 0.766094 -9.72939 0.83988 0.841077 9.81296 -0.0174097 -0.0714712 0.0505491
151.26 -0.191523 0.804398 -9.53786 0.711864 0.900898 9.81296 -0.0149662 -0.0708604 0.0465785
151.277 -0.153219 0.65118 -9.61448 0.812363 0.868594 9.82732 -0.0135917 -0.0817032 0.0412334
151.292 -0.344742 0.804398 -9.69109 0.748953 0.933201 9.9003 -0.00809396 -0.0881173 0.0439823
151.309 -0.306437 0.612875 -9.69109 0.799202 0.847059 9.87637 -0.00595593 -0.0928515 0.0467312
151.325 -0.268133 0.919312 -9.53786 0.806381 0.955932 9.84167 0.00580322 -0.101862 0.0447459
151.342 -0.229828 0.842703 -9.92091 0.884148 0.982253 9.81775 0.00580322 -0.107054 0.0448986
151.359 -0.268133 0.919312 -9.8443 0.896112 1.00379 9.82492 0.00442877 -0.108276 0.0505491
151.375 -0.306437 0.881008 -9.76769 0.942772 1.04566 9.85962 0.00580322 -0.111941 0.0458149
151.392 -0.268133 0.919312 -9.61448 0.951147 1.08156 9.86321 0.00351247 -0.110108 0.0479529
151.408 -0.344742 0.957617 -9.806 1.00977 1.10189 9.83928 0.00488692 -0.111636 0.0508545
151.425 -0.421352 1.14914 -9.92091 1.07198 1.15095 9.82253 0.00290161 -0.112857 0.0519235
151.442 -0.344742 0.957617 -9.53786 1.12702 1.15693 9.75554 -0.00229074 -0.108276 0.0478002
151.458 -0.57457 1.03423 -9.49956 1.20479 1.08993 9.82373 -0.0128282 -0.0980438 0.045204
151.475 -0.497961 0.995922 -9.53786 1.1988 1.08514 9.84526 -0.0157298 -0.0879646 0.0366519
151.491 -0.344742 0.727789 -9.38465 1.11027 0.954736 9.84766 -0.0149662 -0.0841467 0.0366519
151.508 -0.421352 0.612875 -9.69109 0.508475 0.745364 9.89193 -0.00473421 -0.0856738 0.0279471
151.525 -0.497961 0.766094 -9.65278 0.661615 0.865005 9.85723 0.00885754 -0.102473 0.0540616
151.54 -0.57457 1.03423 -9.65278 1.41057 1.14855 9.82253 0.0126754 -0.0997237 0.0664316
151.557 -0.497961 1.03423 -9.61448 1.12223 1.2335 9.82253 0.000458149 -0.0823141 0.0444404
151.573 -0.383047 1.07253 -9.53786 1.16291 1.18205 9.82612 -0.0105374 -0.073762 0.03711
151.588 -0.344742 0.957617 -9.61448 0.973878 1.10429 9.84407 -0.0125227 -0.0728457 0.0310014
151.604 -0.421352 0.881008 -9.57617 1.02173 0.990628 9.82971 -0.0148135 -0.0754418 0.0406225
151.619 -0.153219 0.919312 -9.72939 0.941576 1.04566 9.82732 -0.0143553 -0.0707076 0.0448986
151.635 -0.306437 0.842703 -9.53786 0.851844 0.955932 9.82492 -0.0178678 -0.0711658 0.0401644
151.651 -0.114914 0.881008 -9.65278 0.865005 0.947557 9.82492 -0.0106901 -0.0786489 0.0493274
151.666 -0.344742 0.727789 -9.76769 0.707079 0.969093 9.82492 -0.0100793 -0.0810924 0.0511599
151.681 -0.306437 0.842703 -9.8443 0.825523 1.01336 9.85603 -0.00901026 -0.0925461 0.0491747
151.697 -0.191523 0.766094 -9.57617 0.863809 1.01097 9.88714 -0.0065668 -0.0969748 0.0467312
151.712 -0.306437 0.842703 -9.69109 0.984646 0.957129 9.82971 -0.00809396 -0.0980438 0.0464257
151.728 -0.421352 0.957617 -9.57617 1.02413 0.957129 9.81535 -0.0074831 -0.101862 0.045204
152.344 -0.421352 0.65118 -9.65278 1.17248 0.774078 9.83091 -0.00595593 -0.0728457 0.0369573
152.361 -0.268133 0.727789 -9.8443 1.10907 0.777667 9.85603 0.00626137 -0.0675006 0.0355829
152.377 -0.268133 0.842703 -9.61448 0.915254 0.866202 9.85962 0.00992656 -0.0620028 0.03711
152.394 -0.268133 1.07253 -9.57617 0.838684 1.0325 9.85125 0.023671 -0.0754418 0.0354302
152.41 -0.383047 1.03423 -9.61448 0.849452 1.19282 9.8333 0.0200058 -0.0774271 0.0366519
152.426 -0.153219 1.26405 -9.61448 0.866202 1.26102 9.82373 0.0171042 -0.078038 0.0348193
152.444 -0.306437 1.03423 -9.57617 0.910469 1.34237 9.8321 0.00977384 -0.0852157 0.0386372
152.459 -0.344742 1.14914 -9.61448 0.959521 1.31605 9.8333 -0.00626137 -0.083994 0.0458149
152.476 -0.268133 1.18745 -9.806 0.975075 1.28016 9.82851 -0.0166461 -0.0832304 0.0436769
152.492 -0.383047 1.03423 -10.0741 0.981057 1.14736 9.82851 -0.023671 -0.0798706 0.0484111
152.509 -0.344742 0.804398 -9.61448 0.945165 0.990628 9.82732 -0.0290161 -0.0849102 0.0481056
152.526 -0.306437 0.766094 -9.61448 0.90329 0.904487 9.84048 -0.0280998 -0.0830777 0.047342
152.542 -0.0766094 0.727789 -9.65278 0.819541 0.79322 9.84287 -0.02474 -0.0842994 0.0459676
152.559 -0.268133 0.612875 -9.61448 0.836291 0.772881 9.82732 -0.0126754 -0.0925461 0.0444404
152.575 -0.114914 0.689484 -9.49956 0.865005 0.830309 9.82612 -0.00320704 -0.0975857 0.0416915
152.592 -0.383047 0.766094 -9.61448 0.879362 0.878166 9.83689 0.00152716 -0.0991129 0.0423024
152.609 -0.536266 0.957617 -9.49956 0.939182 0.984646 9.85723 0.00778853 -0.102625 0.0407752
152.624 -0.383047 0.881008 -9.76769 0.973878 1.08036 9.85005 0.00626137 -0.10232 0.0439823
152.641 -0.306437 0.995922 -9.46126 0.977468 1.12702 9.83091 0.00610865 -0.102625 0.0432187
152.657 -0.344742 1.03423 -9.53786 0.976271 1.15813 9.82851 -0.000916298 -0.100029 0.0442877
152.674 -0.383047 0.995922 -9.69109 0.963111 1.12223 9.82732 -0.00946841 -0.101709 0.0453567
152.69 -0.344742 0.842703 -9.53786 0.934397 1.09591 9.83689 -0.0117592 -0.100945 0.0474948
152.706 -0.421352 0.842703 -9.69109 0.915254 0.997807 9.87039 -0.0128282 -0.0980438 0.0484111
152.723 -0.344742 0.766094 -9.46126 0.886541 0.95354 9.84646 -0.00901026 -0.104305 0.0503964
152.74 -0.344742 0.804398 -9.61448 0.911665 0.964307 9.84287 -0.00442877 -0.108123 0.0537561
152.756 -0.421352 0.919312 -9.69109 0.991825 0.997807 9.85244 -0.00595593 -0.106749 0.0552833
152.773 -0.344742 0.881008 -9.806 1.11027 1.0349 9.84167 -0.00259618 -0.10797 0.0478002
152.789 -0.497961 1.03423 -9.65278 1.24068 1.06481 9.78544 -0.00167988 -0.101556 0.0450513
152.806 -0.57457 1.03423 -9.61448 1.2335 1.08634 9.77468 -0.00213803 -0.100487 0.0429133
152.823 -0.306437 0.919312 -9.65278 1.21675 1.0672 9.82492 -0.00824668 -0.0849102 0.0491747
152.839 -0.497961 0.919312 -9.61448 1.2 1.03609 9.86441 -0.0106901 -0.074831 0.0448986
152.856 -0.536266 0.957617 -9.72939 1.18205 1.02652 9.87518 -0.00992656 -0.067806 0.0364992
152.872 -0.459656 0.804398 -9.57617 1.16172 0.989432 9.82851 -0.00962113 -0.0670424 0.033903
152.889 -0.383047 0.727789 -9.65278 1.08873 0.961914 9.78784 -0.0108429 -0.0523817 0.036041
152.906 -0.421352 0.766094 -9.38465 0.981057 0.95354 9.82373 -0.00824668 -0.0526871 0.0348193
152.921 -0.344742 0.842703 -9.72939 0.93679 0.946361 9.8345 -0.00381791 -0.0549779 0.0354302
152.937 -0.383047 0.919312 -9.57617 0.841077 0.971486 9.84885 -0.000305433 -0.0542143 0.0395535
152.953 -0.268133 0.842703 -9.72939 0.815952 1.0014 9.82971 -0.000458149 -0.0571159 0.0416915
152.97 -0.114914 0.919312 -9.65278 0.776471 1.05284 9.81655 0.00274889 -0.064599 0.0415388
152.987 0.0 0.995922 -9.92091 0.727418 1.09232 9.84766 -0.00335976 -0.0708604 0.0448986
153.002 -0.191523 0.881008 -9.76769 0.70349 1.07557 9.91346 -0.00534507 -0.0803288 0.0427606
153.019 -0.0383047 1.18745 -9.34634 0.696311 1.13898 9.88953 -0.0074831 -0.0862847 0.0424551
153.034 -0.153219 0.881008 -9.72939 0.766899 1.03131 9.77468 -0.0178678 -0.0939205 0.041997
153.051 -0.114914 0.727789 -9.61448 0.946361 0.849452 9.80818 -0.0157298 -0.0986547 0.0488692
153.068 -0.344742 0.804398 -9.65278 0.933201 0.772881 9.82612 -0.0116064 -0.0948368 0.0494801
153.084 -0.114914 0.919312 -9.65278 0.857827 0.865005 9.86321 -0.00213803 -0.0992656 0.0600175
153.101 -0.229828 1.22575 -9.69109 0.808774 1.33759 9.84526 -0.0018326 -0.103694 0.0563523
153.117 -0.191523 1.18745 -9.65278 0.847059 1.39262 9.82732 -0.00626137 -0.110261 0.0505491
153.134 -0.57457 1.03423 -9.8443 1.08634 1.18445 9.85962 -0.0253509 -0.108276 0.046273
153.15 -0.536266 0.995922 -9.53786 1.26102 1.13539 9.82253 -0.030696 -0.105374 0.045204
153.166 -0.65118 0.957617 -9.34634 1.24307 1.19043 9.79382 -0.0323759 -0.0972803 0.0481056
153.183 -0.459656 0.919312 -9.69109 1.11506 0.947557 9.75314 -0.0406225 -0.0879646 0.0461203
153.199 -0.459656 0.804398 -9.806 1.10907 0.868594 9.89312 -0.0423024 -0.0759 0.0450513
153.214 -0.306437 0.497961 -9.57617 1.08156 0.721436 9.9338 -0.0392481 -0.0687223 0.046273
153.231 -0.344742 0.497961 -9.65278 0.943968 0.632901 9.87518 -0.0230602 -0.0696386 0.0386372
153.255 -0.344742 0.612875 -9.61448 1.04207 0.687936 9.82492 0.00610865 -0.0693332 0.0444404
153.272 -0.344742 0.804398 -9.65278 1.06122 0.821934 9.82971 0.0131336 -0.0653626 0.0427606
153.288 -0.229828 1.14914 -9.46126 1.06959 1.25384 9.82492 0.0155771 -0.0594066 0.0537561
153.305 -0.344742 1.18745 -9.49956 1.00499 1.2658 9.84048 0.00305432 -0.0555887 0.0510072
153.322 -0.268133 0.995922 -9.57617 1.00977 1.21555 9.82971 -0.00213803 -0.0536034 0.0464257
153.337 -0.459656 1.03423 -9.76769 0.934397 1.20957 9.82612 -0.0155771 -0.053298 0.052229
153.354 -0.344742 0.919312 -9.42295 0.827916 1.066 9.81655 -0.0264199 -0.052229 0.052229
153.37 -0.344742 1.11084 -9.92091 0.745364 1.11386 9.82492 -0.0351248 -0.0578795 0.0395535
153.387 -0.153219 1.30236 -9.69109 0.747757 1.38066 9.85603 -0.0409279 -0.0595593 0.0456622
153.404 -0.306437 0.881008 -9.88261 0.747757 1.06002 9.9314 -0.0568105 -0.0696386 0.0519235
153.42 -0.0766094 0.459656 -9.76769 0.71665 0.380459 9.90389 -0.0488692 -0.0760527 0.0273362
153.437 -0.268133 0.383047 -9.57617 0.70349 0.324227 9.8333 -0.0337503 -0.0786489 0.0363465
153.452 -0.268133 0.0383047 -9.46126 0.783649 0.119641 9.75912 -0.00412334 -0.0842994 0.0529926
153.469 -0.344742 0.65118 -9.65278 0.977468 0.242871 9.87518 0.0280998 -0.0864374 0.0520762
153.485 -0.344742 0.957617 -9.8443 1.15334 0.906879 9.87518 0.0352775 -0.0823141 0.0604756
153.501 -0.421352 1.22575 -9.8443 0.952343 1.14257 9.91944 0.0423024 -0.0745255 0.0432187
153.518 -0.191523 1.14914 -9.61448 0.732203 1.22752 9.78664 0.0291688 -0.0740674 0.0450513
153.534 0.114914 1.14914 -9.69109 0.580259 1.23709 9.82612 0.0189368 -0.0720821 0.0465785
153.551 0.0 1.11084 -9.76769 0.522831 1.15932 9.85484 0.00717767 -0.0939205 0.0332921
153.568 -0.268133 0.919312 -9.49956 0.887737 1.07797 9.84167 -0.00259618 -0.100793 0.0500909
153.584 -0.268133 0.804398 -9.61448 0.934397 0.922433 9.82373 -0.000458149 -0.102167 0.0395535
153.601 -0.344742 1.03423 -9.57617 0.896112 1.15334 9.80937 -0.000305433 -0.100487 0.0453567
153.617 -0.153219 0.957617 -9.806 0.932004 1.09232 9.96012 -0.00809396 -0.102473 0.0569632
153.633 -0.306437 0.727789 -9.8443 0.899701 0.927218 10.0092 -0.00549779 -0.101862 0.0438296
153.65 -0.268133 0.919312 -9.76769 0.723829 0.9667 9.86919 -0.00473421 -0.100487 0.0390954
153.666 0.0383047 0.842703 -9.72939 0.541974 0.893719 9.81894 -0.00335976 -0.115759 0.034972
153.683 -0.191523 0.459656 -9.53786 0.541974 0.820738 9.81176 -0.000458149 -0.127824 0.0364992
153.699 -0.306437 0.689484 -9.69109 0.837488 0.787238 9.82253 0.00809396 -0.136528 0.0397062
153.715 -0.229828 0.65118 -9.99752 0.863809 0.680758 9.82851 0.0178678 -0.143553 0.0482583
153.732 -0.421352 0.842703 -9.69109 1.06361 1.01456 9.85603 0.0291688 -0.140652 0.0560469
153.748 -0.344742 1.07253 -9.53786 1.16889 1.2 9.82732 0.0311541 -0.141873 0.0676533
153.765 -0.612875 1.14914 -9.65278 1.32682 1.21795 9.82492 0.0210748 -0.126144 0.0639881
153.782 -0.497961 0.995922 -9.49956 1.22034 1.20598 9.81176 0.00809396 -0.10797 0.044135
153.798 -0.421352 1.03423 -9.57617 1.15454 1.17607 9.80578 -0.00167988 -0.098502 0.0394008
153.815 -0.383047 1.14914 -9.65278 1.21795 1.24068 9.82851 -0.0056505 -0.0919352 0.045204
153.831 -0.421352 1.41727 -9.72939 1.0995 1.44646 9.88116 -0.0183259 -0.0818559 0.0461203
153.848 -0.497961 0.957617 -9.30804 1.0995 0.975075 9.88475 -0.0325286 -0.0777326 0.0426078
153.865 -0.459656 0.612875 -9.8443 1.26939 0.814756 9.88235 -0.0314596 -0.0717766 0.0395535
153.881 -0.536266 0.57457 -9.61448 1.0002 0.691525 9.82971 -0.0216857 -0.062461 0.0375682
153.898 -0.268133 0.65118 -9.49956 0.970289 0.62333 9.80698 -0.00702495 -0.0563523 0.0357356
153.914 -0.268133 0.536266 -9.61448 0.881755 0.695115 9.79263 0.00137445 -0.0577268 0.0313068
153.931 -0.306437 0.689484 -9.57617 0.787238 0.818345 9.82492 0.0108429 -0.0577268 0.0377209
153.948 -0.153219 0.842703 -9.72939 0.635294 1.01575 9.85364 0.0187841 -0.0708604 0.0415388
153.963 -0.0383047 0.995922 -9.61448 0.661615 1.07557 9.87159 0.0164934 -0.0725402 0.0406225
153.979 -0.0383047 0.957617 -9.69109 0.691525 1.14975 9.85484 0.00992656 -0.0798706 0.046273
153.995 -0.191523 0.957617 -9.65278 0.741775 1.21316 9.82851 0.00626137 -0.0933096 0.0386372
154.012 -0.229828 1.03423 -9.46126 0.731007 1.19521 9.82851 -0.00229074 -0.0998765 0.0490219
154.029 -0.191523 1.03423 -9.69109 0.747757 1.13898 9.83689 -0.00610865 -0.104916 0.0523817
154.045 -0.268133 0.919312 -9.72939 0.82672 1.08275 9.89193 -0.010232 -0.118202 0.0499382
154.062 -0.344742 0.919312 -9.61448 0.961914 1.00618 9.91944 -0.0106901 -0.119577 0.0445931
154.078 -0.421352 0.804398 -9.42295 1.00857 0.994217 9.88594 -0.00794125 -0.118661 0.0448986
154.095 -0.344742 0.842703 -9.57617 1.05882 0.981057 9.82134 -0.00381791 -0.11805 0.0427606
154.112 -0.344742 0.804398 -9.57617 1.06241 0.978664 9.801 -0.00610865 -0.110261 0.0464257
154.128 -0.344742 0.881008 -9.49956 1.06122 0.991825 9.81176 -0.00626137 -0.104763 0.0485638
154.145 -0.65118 0.919312 -9.46126 1.07557 1.01216 9.82373 -0.00412334 -0.103847 0.0470366
154.161 -0.383047 0.957617 -9.65278 1.07438 1.02413 9.82971 -0.00519235 -0.0936151 0.0459676
154.178 -0.344742 0.957617 -9.57617 1.09232 1.03609 9.82732 -0.00702495 -0.0888809 0.0427606
154.195 -0.344742 0.919312 -9.61448 1.08156 1.00857 9.82253 -0.00626137 -0.0896445 0.0412334
154.211 -0.344742 0.804398 -9.53786 1.07677 0.972682 9.82971 -0.00610865 -0.0826195 0.0426078
154.228 -0.57457 0.766094 -9.61448 1.02173 0.946361 9.84287 -0.0056505 -0.078038 0.0455095
154.244 -0.268133 0.881008 -9.53786 1.00857 0.911665 9.82612 -0.00534507 -0.0733038 0.0485638
154.261 -0.459656 0.804398 -9.61448 0.958325 0.93679 9.85843 0.000305433 -0.0768163 0.0432187
154.278 -0.191523 0.842703 -9.88261 0.900898 0.973878 9.9003 0.00198531 -0.071013 0.0416915
154.293 -0.229828 0.842703 -9.65278 0.89013 1.00977 9.90389 0.00351247 -0.0757473 0.0392481
154.31 -0.268133 0.919312 -9.57617 0.875773 1.11864 9.82851 0.00641408 -0.0751364 0.0407752
154.326 -0.306437 1.07253 -9.53786 0.833898 1.21316 9.78185 0.00259618 -0.0781907 0.0403171
154.343 -0.268133 1.14914 -9.69109 0.829113 1.22273 9.80578 -0.00885754 -0.0849102 0.0409279
154.36 -0.191523 1.03423 -9.69109 0.821934 1.19163 9.82612 -0.0175624 -0.0815505 0.041997
154.376 -0.153219 1.03423 -9.69109 0.803988 1.06241 9.85843 -0.0218384 -0.0908662 0.043066
154.393 -0.191523 0.842703 -9.49956 0.677169 0.927218 9.8333 -0.025809 -0.0949895 0.0491747
154.409 -0.153219 0.689484 -9.57617 0.660419 0.851844 9.82851 -0.0245873 -0.097433 0.0519235
154.426 -0.191523 0.727789 -9.806 0.72981 0.738185 9.89073 -0.0126754 -0.115301 0.0513127
154.442 -0.306437 0.65118 -9.65278 0.845862 0.78006 9.85244 -0.000763581 -0.120188 0.0459676
154.458 -0.306437 0.612875 -9.57617 0.881755 0.786042 9.83569 0.00458149 -0.118966 0.0447459
154.474 -0.153219 0.804398 -9.76769 0.948754 0.906879 9.82612 0.0142026 -0.125686 0.0474948
154.491 -0.383047 0.919312 -9.76769 1.02772 1.04806 9.83689 0.0181732 -0.123853 0.0493274
154.507 -0.344742 1.14914 -9.53786 1.01575 1.11984 9.8333 0.020464 -0.122173 0.0487165
154.524 -0.459656 1.07253 -9.53786 1.05404 1.22632 9.82612 0.0138972 -0.122478 0.0455095
154.54 -0.383047 1.07253 -9.49956 1.07198 1.27059 9.82492 0.00106901 -0.115301 0.046273
154.557 -0.383047 0.957617 -9.49956 1.08514 1.25743 9.8333 -0.00931569 -0.113621 0.0555887
154.573 -0.421352 0.957617 -9.88261 1.15214 1.1677 9.82732 -0.0146608 -0.105069 0.056505
154.589 -0.497961 0.804398 -9.76769 1.16291 1.05284 9.83569 -0.0169515 -0.102625 0.0476475
154.605 -0.65118 0.804398 -9.72939 1.21795 1.01336 9.82612 -0.0169515 -0.0962113 0.0445931
154.621 -0.57457 0.842703 -9.92091 1.25264 0.918843 9.84407 -0.0171042 -0.0930042 0.0426078
154.638 -0.497961 0.65118 -9.53786 1.28734 0.857827 9.88594 -0.011301 -0.0817032 0.0348193
154.655 -0.57457 0.766094 -9.69109 1.25982 0.862612 9.82492 0.0 -0.067806 0.0329867
154.671 -0.421352 0.842703 -9.49956 1.15095 0.933201 9.79382 0.00397062 -0.0600175 0.0351248
154.688 -0.421352 0.995922 -9.69109 1.02772 1.08036 9.82253 0.00702495 -0.055436 0.0394008
154.704 -0.191523 0.957617 -9.65278 0.928415 1.11625 9.8656 0.00167988 -0.0529926 0.0390954
154.721 -0.229828 0.881008 -9.65278 0.866202 1.13779 9.87877 -0.00137445 -0.0516181 0.0395535
154.738 -0.191523 0.919312 -9.57617 0.794417 1.07198 9.84167 -0.00519235 -0.057574 0.0387899
154.754 -0.153219 0.957617 -9.61448 0.84347 0.993021 9.81894 -0.00946841 -0.0620028 0.0368046
154.771 -0.191523 0.727789 -9.61448 0.824327 0.937986 9.801 -0.0105374 -0.0670424 0.0366519
154.787 -0.191523 0.65118 -9.69109 0.738185 0.778863 9.82612 -0.00626137 -0.073762 0.0374155
154.804 -0.153219 0.57457 -9.53786 0.677169 0.734596 9.89552 0.0018326 -0.0754418 0.0398589
154.821 -0.114914 0.727789 -9.46126 0.628116 0.829113 9.90628 0.0184787 -0.091477 0.0424551
154.836 -0.153219 0.881008 -9.69109 0.650847 0.915254 9.87398 0.0232129 -0.0969748 0.0427606
154.852 -0.114914 1.14914 -9.57617 0.777667 1.14497 9.78544 0.0280998 -0.109039 0.043066
154.867 -0.114914 1.18745 -9.49956 0.84347 1.27537 9.77588 0.0198531 -0.113774 0.0519235
154.884 -0.421352 1.30236 -9.8443 0.92004 1.34477 9.80818 0.00885754 -0.112094 0.0606284
154.901 -0.459656 1.14914 -9.72939 0.933201 1.32562 9.92184 -0.00381791 -0.117133 0.0583376
154.917 -0.383047 1.07253 -9.72939 0.990628 1.2347 9.87996 -0.0163406 -0.119882 0.0474948
154.934 -0.421352 0.919312 -9.69109 1.10189 1.11625 9.8333 -0.0213803 -0.111941 0.0455095
154.95 -0.497961 0.842703 -9.34634 1.16889 0.970289 9.81296 -0.022602 -0.107207 0.0468839
154.967 -0.459656 0.766094 -9.72939 1.12104 0.886541 9.80578 -0.0171042 -0.0983493 0.0445931
154.984 -0.459656 0.842703 -9.57617 1.10309 0.888933 9.80698 -0.013439 -0.0934624 0.0450513
155.0 -0.421352 0.727789 -9.61448 0.967896 0.870987 9.88475 -0.00778853 -0.0896445 0.0464257
155.017 -0.383047 0.804398 -9.53786 0.876969 0.886541 9.91227 -0.000152716 -0.0911716 0.0439823
155.033 -0.306437 0.842703 -9.69109 0.879362 0.932004 9.86441 0.00442877 -0.0934624 0.0467312
155.048 -0.459656 1.03423 -9.61448 0.940379 1.02173 9.79023 0.00977384 -0.100182 0.0415388
155.065 -0.421352 1.03423 -9.69109 1.00379 1.2 9.76271 0.00763582 -0.102014 0.0407752
155.081 -0.306437 1.14914 -9.76769 1.0337 1.22632 9.801 -0.00274889 -0.0965167 0.0423024
155.098 -0.459656 0.957617 -9.61448 1.19402 1.13659 9.86201 -0.00671952 -0.0922406 0.0400117
155.115 -0.497961 0.995922 -9.65278 1.23111 1.05523 9.80459 -0.00870483 -0.0818559 0.0392481
155.131 -0.383047 0.919312 -9.23143 1.10309 1.00259 9.78305 -0.00855211 -0.071624 0.0364992
155.148 -0.536266 0.842703 -9.61448 1.07557 0.969093 9.82492 -0.00962113 -0.0652099 0.0366519
155.164 -0.268133 0.919312 -9.92091 0.923629 0.991825 9.91107 -0.00855211 -0.0627664 0.0389426
155.181 -0.191523 0.727789 -9.53786 0.815952 0.963111 9.87398 -0.00503964 -0.0687223 0.0398589
155.198 -0.229828 0.919312 -9.42295 0.837488 1.03729 9.82732 -0.00152716 -0.0699441 0.0406225
155.214 -0.229828 0.919312 -9.65278 0.770489 1.03848 9.78904 -0.00213803 -0.0784962 0.0400117
155.231 -0.306437 0.842703 -9.42295 0.825523 1.02532 9.82851 -0.00320704 -0.0833831 0.045204
155.247 -0.0766094 0.995922 -9.34634 0.820738 1.04327 9.86082 -0.00167988 -0.0901026 0.0459676
