1313.58 -5.86062 8.58025 0.612875 6.9667 8.91206 -0.247657 0.0728457 -0.0413861 -0.40256
1313.6 -6.5501 8.50364 0.804398 7.27657 8.7996 -0.236889 0.0513127 -0.0326813 -0.415999
1313.61 -6.5501 8.31211 0.612875 7.17607 8.51366 -0.167498 0.0297797 -0.0161879 -0.423177
1313.63 -6.09044 7.92907 0.421352 7.07079 8.31147 -0.133998 0.0239765 -0.0122173 -0.427453
1313.65 -5.7457 7.81416 0.0383047 6.7334 7.9669 0.0358923 0.00885754 0.00931569 -0.437379
1313.66 -5.63079 7.58433 0.0766094 6.48096 7.79342 0.276371 0.0117592 0.0164934 -0.436463
1313.68 -5.13283 7.27789 0.229828 6.27757 7.6343 0.435494 0.0212276 0.022602 -0.438448
1313.69 -5.01791 7.08637 -0.0766094 6.00359 7.38544 0.461814 0.0261145 0.0300851 -0.448222
1313.71 -5.28605 7.16298 -0.344742 5.94975 7.39262 0.580259 0.0474948 0.031765 -0.4554
1313.73 -5.28605 7.31619 -0.229828 6.03828 7.51226 0.658026 0.062461 0.0427606 -0.400117
1313.74 -5.28605 7.27789 -0.344742 6.05503 7.57448 0.671186 0.0700968 0.0471893 -0.358425
1313.76 -5.51587 7.54602 -0.191523 6.11246 7.72881 0.630509 0.0884227 0.0502437 -0.26817
1313.78 -5.32435 7.73755 -0.306437 6.1998 8.03151 0.545563 0.0942259 0.0676533 -0.17822
1313.79 -5.43926 7.96737 0.0 6.20818 8.11286 0.48335 0.098502 0.0726929 -0.098502
1313.81 -5.40096 8.12059 0.0 6.23808 8.27079 0.386441 0.098502 0.0755945 -0.0725402
1313.83 -5.28605 8.12059 0.114914 6.17587 8.23968 0.257228 0.0981966 0.0894917 -0.0668897
1313.84 -5.55418 7.92907 0.306437 6.18305 8.25523 0.137587 0.0972803 0.0988074 -0.0856738
1313.86 -5.47757 8.1972 0.268133 6.28235 8.34258 0.0885344 0.099571 0.0968221 -0.097433
1313.88 -5.89892 8.50364 0.459656 6.54556 8.58784 0.0215354 0.098502 0.108276 -0.147371
1313.89 -5.7074 8.23551 0.344742 6.56112 8.44666 0.0143569 0.0917825 0.130572 -0.214414
1313.91 -5.51587 7.89076 0.459656 6.49172 8.15593 0.0346959 0.0960585 0.136376 -0.30024
1313.93 -5.20944 7.89076 0.268133 6.14237 8.01954 0.0346959 0.0965167 0.143095 -0.350942
1313.94 -5.17113 7.27789 0.191523 5.69013 7.60439 0.0897308 0.099571 0.150425 -0.449749
1313.96 -4.25182 6.66501 0.612875 5.01176 6.88295 0.196211 0.103694 0.161726 -0.523817
1313.98 -4.21351 6.28197 0.0383047 4.8323 6.62453 0.210568 0.11805 0.159436 -0.564134
1313.99 -3.98369 6.12875 0.536266 4.68155 6.44626 0.285942 0.12538 0.160505 -0.570243
1314.01 -3.98369 6.32027 0.0766094 4.87418 6.43669 0.385244 0.144011 0.159283 -0.557262
1314.03 -4.25182 6.62671 -0.229828 5.03689 6.71904 0.446261 0.165697 0.160658 -0.486401
1314.04 -4.36673 6.74162 -0.0383047 5.1338 6.8662 0.494118 0.178373 0.158367 -0.4273
1314.06 -4.44334 6.62671 0.114914 5.24506 6.87338 0.54676 0.200822 0.165086 -0.288939
1314.07 -4.71148 6.93315 -0.114914 5.29173 7.24786 0.552742 0.228005 0.177151 -0.14844
1314.09 -4.9413 7.43111 -0.229828 5.38744 7.44287 0.544367 0.258243 0.184787 0.0207694
1314.11 -5.05622 7.89076 -0.229828 5.63629 8.11166 0.54676 0.270766 0.194408 0.113315
1314.12 -5.05622 8.23551 -0.268133 5.75115 8.53041 0.494118 0.294895 0.203876 0.295659
1314.14 -4.82639 8.23551 -0.0766094 5.5992 8.53041 0.435494 0.31429 0.212276 0.457843
1314.16 -4.82639 8.35042 0.114914 5.58006 8.57946 0.393619 0.328951 0.223577 0.574519
1314.17 -4.59656 8.35042 0.268133 5.45444 8.59382 0.265603 0.333838 0.229074 0.608116
1314.19 -4.63487 8.31211 0.268133 5.30967 8.51366 0.149551 0.342695 0.232434 0.626595
1314.21 -4.51995 8.38873 0.612875 5.40299 8.64766 0.0693918 0.343917 0.239765 0.603229
1314.22 -4.78809 8.54194 0.306437 5.59442 8.72064 0.040678 0.344681 0.239765 0.578031
1314.24 -5.05622 8.61855 0.306437 5.88754 8.92642 -0.0705882 0.33735 0.253814 0.501978
1314.26 -5.32435 9.0016 0.536266 6.17228 9.09512 -0.165105 0.328645 0.253662 0.374308
1314.27 -5.20944 9.0016 0.383047 6.22373 9.15015 -0.180658 0.308334 0.271071 0.194713
1314.29 -5.09452 8.88668 0.421352 6.10409 9.24945 -0.108873 0.295659 0.276416 0.086132
1314.31 -5.09452 8.50364 0.114914 5.70927 8.78764 -0.0143569 0.26817 0.285427 -0.133779
1314.32 -4.55826 8.38873 0.268133 5.38983 8.55793 0.105284 0.24007 0.299629 -0.334754
1314.34 -4.51995 8.1972 0.229828 5.27497 8.46222 0.180658 0.22098 0.300393 -0.476322
1314.36 -4.21351 7.89076 0.114914 5.07637 8.24327 0.295514 0.211665 0.302378 -0.531453
1314.37 -4.25182 8.12059 -0.114914 4.9005 8.37966 0.37328 0.193797 0.308334 -0.612698
1314.39 -3.90708 8.58025 0.0383047 4.92562 8.79123 0.397208 0.178373 0.30864 -0.64767
1314.41 -4.21351 9.0016 0.0 4.91605 9.0018 0.384048 0.171959 0.306502 -0.64431
1314.42 -4.13691 9.57617 0.0766094 4.94716 9.75314 0.404387 0.157756 0.31093 -0.615141
1314.44 -4.32843 10.0741 -0.268133 4.99621 10.5057 0.55992 0.138208 0.317955 -0.534049
1314.46 -4.32843 9.69109 -0.459656 4.74137 10.3681 0.768096 0.11637 0.323453 -0.393092
1314.47 -3.60064 8.92499 -0.612875 4.35493 9.50908 0.885344 0.111483 0.318719 -0.326049
1314.49 -3.56234 8.1589 -0.536266 4.01515 8.54596 1.02652 0.100182 0.328187 -0.225562
1314.51 -3.02607 7.43111 -0.65118 3.85364 7.7348 1.08514 0.108276 0.318719 -0.172875
1314.52 -2.91116 6.74162 -0.612875 3.72802 7.334 1.08873 0.125533 0.314748 -0.136834
1314.54 -2.64302 6.32027 -0.497961 3.46959 6.71785 0.896112 0.140957 0.307418 -0.118202
1314.56 -2.33659 5.7074 -0.229828 3.08435 6.05025 0.664008 0.186467 0.292757 -0.0571159
1314.57 -1.91523 4.86469 0.153219 2.53519 5.1649 0.226122 0.245262 0.273209 0.0520762
1314.59 -1.95354 5.01791 0.421352 2.38445 5.07039 0.0586241 0.278249 0.261145 0.117439
1314.61 -1.91523 6.09044 0.0766094 2.89412 5.96052 0.114855 0.341626 0.227242 0.25412
1314.62 -2.91116 8.1589 -0.459656 3.65145 8.50289 0.805184 0.384692 0.20296 0.358883
1314.64 -2.94946 9.34634 0.0 3.97328 9.30449 0.731007 0.380569 0.189979 0.396299
1314.66 -3.33251 8.96329 -0.114914 4.1348 9.46002 0.451047 0.372169 0.182038 0.38851
1314.67 -3.2559 8.84838 -0.344742 4.05703 9.01854 0.801595 0.353385 0.169057 0.32162
1314.69 -3.60064 8.84838 -0.383047 4.37886 9.01256 0.847059 0.338114 0.145691 0.153938
1314.71 -3.2942 8.88668 -0.497961 4.42792 8.99222 0.849452 0.313679 0.13271 -0.0664316
1314.72 -3.67725 8.61855 -0.344742 4.26999 8.92762 0.820738 0.302225 0.126755 -0.170431
1314.74 -3.83047 9.30804 -0.383047 4.58465 9.30927 0.832702 0.290924 0.097433 -0.338725
1314.76 -5.09452 10.8019 -0.497961 5.83609 11.318 0.892523 0.282067 0.0789543 -0.395077
1314.77 -5.78401 12.2958 -0.612875 6.48455 12.4786 0.912862 0.271071 0.079107 -0.388968
1314.79 -5.59248 11.568 -0.268133 6.3338 12.3697 0.891326 0.222049 0.0873537 -0.358272
1314.81 -4.903 10.0358 -0.306437 5.62433 10.5595 0.528814 0.188146 0.0865901 -0.330325
1314.82 -4.48165 9.03991 0.306437 5.26899 9.30449 0.0478564 0.166461 0.0910189 -0.288939
1314.84 -4.21351 8.38873 0.497961 5.08834 8.92044 -0.155533 0.159283 0.0868956 -0.268475
1314.86 -4.0986 7.73755 0.689484 4.934 8.10568 -0.457029 0.144775 0.0948368 -0.244499
1314.87 -4.29012 7.58433 0.919312 4.94477 7.72283 -0.635294 0.143095 0.0876591 -0.261298
1314.89 -4.32843 7.73755 0.881008 5.09432 7.81615 -0.662812 0.137292 0.0965167 -0.335976
1314.9 -4.67317 8.38873 0.804398 5.41256 8.46341 -0.592223 0.131641 0.0983493 -0.383776
1314.92 -4.86469 8.73347 0.57457 5.68774 8.93001 -0.374477 0.116217 0.111483 -0.467923
1314.94 -4.74978 8.54194 0.383047 5.73081 8.77208 -0.0885344 0.099571 0.117439 -0.523817
1314.95 -5.01791 8.27381 0.114914 5.71525 8.62971 0.0442672 0.0916298 0.132558 -0.530994
1314.97 -5.05622 7.96737 0.153219 5.62552 8.3665 0.256032 0.0820086 0.15012 -0.491136
1314.99 -4.97961 8.04398 0.114914 5.62193 8.27079 0.378066 0.0789543 0.161116 -0.403934
1315.0 -4.86469 7.66094 -0.153219 5.63509 8.02193 0.442672 0.0809396 0.172875 -0.281914
1315.02 -4.86469 7.62263 -0.0766094 5.60399 7.91665 0.458225 0.0827722 0.188299 -0.21701
1315.04 -4.86469 7.3545 0.0383047 5.63151 7.78864 0.461814 0.0821613 0.205556 -0.104916
1315.05 -4.82639 7.58433 -0.191523 5.58844 7.71206 0.428315 0.0878119 0.222202 -0.0423024
1315.07 -4.97961 7.3545 -0.0766094 5.59681 7.63789 0.412762 0.0946841 0.224493 -0.0329867
1315.09 -4.59656 7.12467 -0.153219 5.64108 7.5326 0.400798 0.103236 0.246026 -0.0479529
1315.1 -4.82639 7.08637 -0.0766094 5.53579 7.27418 0.435494 0.125686 0.263436 -0.0786489
1315.12 -4.55826 6.5118 -0.421352 5.31685 6.72383 0.417547 0.155465 0.280387 -0.0897971
1315.14 -4.32843 5.93723 0.0383047 5.13619 6.35892 0.396012 0.178067 0.282525 -0.0821613
1315.15 -4.17521 5.7457 0.0 4.8993 6.03948 0.361316 0.233045 0.289092 -0.0305433
1315.17 -4.17521 5.93723 0.191523 4.95434 6.27278 0.31346 0.292299 0.286648 0.0496328
1315.19 -4.29012 6.39688 0.0383047 5.01535 6.48335 0.284746 0.333074 0.296422 0.112705
1315.2 -4.67317 6.93315 0.344742 5.27737 6.91884 0.260818 0.348499 0.302225 0.127824
1315.22 -4.74978 7.31619 0.0383047 5.53699 7.41536 0.288335 0.374918 0.308334 0.14676
1315.24 -4.9413 7.46941 0.191523 5.71645 7.66421 0.337388 0.389427 0.319635 0.135612
1315.25 -4.86469 7.58433 0.0 5.75713 7.74317 0.352941 0.393092 0.333838 0.103083
1315.27 -5.13283 7.73755 -0.0766094 5.81815 7.83769 0.364905 0.397979 0.347582 0.0813978
1315.29 -5.13283 7.69924 0.0383047 5.91745 8.01595 0.345763 0.406225 0.359189 0.0386372
1315.3 -5.32435 8.04398 0.0 6.00239 8.28873 0.289531 0.414777 0.374918 -0.00198531
1315.32 -5.24774 8.1972 0.153219 6.13639 8.36052 0.256032 0.417068 0.38286 -0.0183259
1315.34 -5.20944 8.12059 0.191523 6.11246 8.4335 0.118445 0.421344 0.406989 -0.0314596
1315.35 -5.28605 8.31211 0.459656 6.09691 8.56989 0.0239282 0.430507 0.422871 -0.0250455
1315.37 -5.51587 9.03991 0.229828 6.19143 8.87498 -0.00717846 0.434172 0.434478 -0.00946841
1315.39 -5.7457 9.95922 0.0766094 6.91765 10.2197 0.0394815 0.440892 0.454026 0.0545197
1315.4 -6.35858 10.4572 -0.0766094 7.13898 10.8562 0.0765703 0.434783 0.481667 0.143401
1315.42 -6.28197 10.0741 0.383047 6.8662 10.6552 0.0538385 0.42562 0.507018 0.218232
1315.43 -5.51587 9.92091 0.344742 6.44267 10.3083 -0.104088 0.422108 0.517403 0.240681
1315.45 -5.36266 10.0358 0.344742 6.15673 10.2879 -0.293121 0.411876 0.53695 0.23106
1315.47 -5.28605 9.99752 0.689484 6.15553 10.3729 -0.352941 0.392939 0.560163 0.176387
1315.48 -5.47757 10.189 0.727789 6.28355 10.5954 -0.443868 0.383929 0.569632 0.141415
1315.5 -5.55418 10.1124 0.612875 6.19023 10.4542 -0.518046 0.357967 0.594219 0.0804815
1315.52 -5.05622 9.8443 0.689484 5.84686 10.1109 -0.613759 0.332463 0.61957 0.0270308
1315.53 -4.97961 9.57617 0.842703 5.70688 9.9661 -0.65324 0.320093 0.634536 0.00167988
1315.55 -4.63487 9.38465 0.957617 5.38504 9.72203 -0.723829 0.307418 0.646601 -0.0352775
1315.57 -4.71148 8.88668 0.881008 4.98185 9.07956 -0.756132 0.288634 0.668439 -0.0555887
1315.58 -3.83047 8.35042 1.11084 4.75573 8.82592 -0.76331 0.285274 0.675311 -0.020464
1315.6 -3.71555 8.31211 1.03423 4.43031 8.49093 -0.766899 0.279776 0.6831 0.00763582
1315.61 -3.52403 8.12059 0.919312 4.23529 8.42034 -0.768096 0.284969 0.687987 0.0534507
1315.63 -3.40912 8.04398 0.957617 4.16829 8.35573 -0.719043 0.286954 0.688445 0.0700968
1315.65 -3.40912 8.00568 0.727789 4.15035 8.34018 -0.691525 0.290008 0.69043 0.0661261
1315.66 -3.60064 7.92907 0.804398 4.2688 8.25045 -0.624527 0.299629 0.694706 0.0574213
1315.68 -3.63894 7.89076 0.727789 4.37408 8.16311 -0.515653 0.312457 0.698524 0.0488692
1315.7 -3.48573 7.92907 0.536266 4.34417 8.11406 -0.465404 0.322995 0.696386 0.0456622
1315.71 -3.48573 7.54602 0.727789 4.12044 7.87477 -0.330209 0.339183 0.695928 0.0545197
1315.73 -3.33251 7.54602 0.421352 3.95055 7.70369 -0.238086 0.366061 0.681114 0.090408
1315.74 -3.2942 7.3545 0.383047 3.85603 7.60917 -0.190229 0.387594 0.673021 0.156534
1315.76 -2.94946 7.27789 0.191523 3.64666 7.55175 -0.0765703 0.39691 0.670424 0.192728
1315.78 -2.94946 7.27789 0.306437 3.55573 7.53739 0.0179462 0.424093 0.64431 0.250913
1315.79 -2.91116 7.04806 0.306437 3.4995 7.39861 0.0945165 0.444862 0.626442 0.295201
1315.81 -2.87285 7.04806 0.268133 3.46002 7.30289 0.102891 0.453415 0.61789 0.323758
1315.83 -2.83455 7.04806 0.0383047 3.38584 7.22273 0.217747 0.472962 0.594372 0.32101
1315.84 -2.75794 7.00976 0.0766094 3.44088 7.27418 0.276371 0.493426 0.568868 0.282678
1315.86 -3.14098 7.20128 0.191523 3.49352 7.48116 0.376869 0.507629 0.540005 0.22938
1315.88 -3.14098 7.46941 -0.0766094 3.75793 7.62592 0.427119 0.510072 0.531147 0.203418
1315.89 -3.2942 7.66094 -0.114914 4.00798 7.88674 0.510867 0.512058 0.511905 0.152105
1315.91 -3.52403 7.81416 -0.0766094 4.24487 8.10927 0.577866 0.509614 0.488387 0.0902553
1315.93 -3.56234 8.08229 -0.0383047 4.35374 8.22174 0.573081 0.501673 0.468992 0.0230602
1315.94 -3.79216 8.08229 0.0 4.5667 8.4335 0.562313 0.494343 0.467159 -0.00366519
1315.96 -3.90708 8.35042 -0.0383047 4.59661 8.54477 0.51685 0.487165 0.442724 -0.0448986
1315.98 -3.71555 8.35042 -0.153219 4.61575 8.60937 0.482154 0.472657 0.425315 -0.0835358
1315.99 -3.71555 8.38873 -0.0766094 4.52243 8.71944 0.357727 0.461967 0.42394 -0.100945
1316.01 -3.63894 8.35042 0.114914 4.3681 8.61655 0.287139 0.45204 0.401797 -0.12874
1316.03 -3.44742 8.31211 0.0383047 4.27358 8.53639 0.2668 0.440892 0.38851 -0.152411
1316.04 -3.56234 8.31211 0.229828 4.27238 8.54477 0.264407 0.432798 0.382554 -0.17486
1316.06 -3.75386 8.35042 0.0766094 4.4004 8.668 0.282353 0.421955 0.368504 -0.230449
1316.07 -3.83047 8.61855 0.268133 4.4997 8.84387 0.291924 0.405309 0.356592 -0.299171
1316.09 -3.90708 8.65686 -0.114914 4.68514 8.87378 0.291924 0.392634 0.361785 -0.331089
1316.11 -3.83047 8.42703 0.153219 4.61815 8.72543 0.332602 0.372933 0.356592 -0.381333
1316.12 -3.67725 8.23551 -0.0383047 4.45902 8.47538 0.380459 0.354149 0.354607 -0.389732
1316.14 -3.71555 8.27381 -0.0383047 4.47338 8.53759 0.400798 0.34972 0.34804 -0.369268
1316.15 -3.90708 8.58025 0.229828 4.55474 8.84148 0.451047 0.340557 0.347277 -0.348804
1316.17 -3.71555 8.88668 -0.114914 4.68036 9.19801 0.485743 0.32834 0.341626 -0.291841
1316.19 -4.21351 9.42295 -0.0766094 4.80837 9.42054 0.40678 0.317803 0.338267 -0.24908
1316.2 -4.21351 9.806 0.0766094 5.17448 9.95892 0.350548 0.310472 0.339183 -0.242055
1316.22 -4.59656 9.92091 0.459656 5.43769 10.2102 0.196211 0.287259 0.343001 -0.274584
1316.24 -4.82639 9.65278 0.229828 5.53101 9.97807 0.0287139 0.260992 0.348499 -0.352164
1316.25 -4.63487 9.26973 0.191523 5.4987 9.75793 -0.0430708 0.249538 0.35308 -0.424246
1316.27 -4.71148 8.92499 0.421352 5.35274 9.29252 -0.143569 0.234114 0.347124 -0.44303
1316.29 -4.21351 8.23551 0.459656 4.91845 8.56391 -0.192622 0.229227 0.348804 -0.434478
1316.3 -3.71555 7.66094 0.536266 4.4327 7.84008 -0.302692 0.242666 0.34743 -0.385303
1316.32 -3.37081 7.3928 0.689484 4.2664 7.59841 -0.351745 0.25412 0.341474 -0.354607
1316.34 -3.52403 7.3928 0.727789 4.25444 7.63071 -0.446261 0.276264 0.33002 -0.308945
1316.35 -3.94538 7.89076 0.612875 4.54636 8.06261 -0.421137 0.295964 0.322079 -0.285274
1316.37 -4.13691 8.1972 0.612875 4.70548 8.3007 -0.378066 0.30192 0.321926 -0.2839
1316.39 -4.44334 8.65686 0.689484 5.135 8.75414 -0.307478 0.303905 0.324675 -0.290161
1316.4 -4.78809 8.69516 0.459656 5.49392 8.99701 -0.236889 0.304669 0.330325 -0.300851
1316.42 -4.59656 8.69516 0.536266 5.58963 8.90488 -0.215354 0.308334 0.344222 -0.271988
1316.44 -4.59656 8.23551 0.65118 5.43888 8.67517 -0.21655 0.316734 0.341932 -0.244652
1316.45 -4.13691 7.92907 0.383047 5.10748 8.23729 -0.221336 0.332769 0.353691 -0.156992
1316.47 -3.98369 7.58433 0.497961 4.64566 7.91545 -0.211765 0.350789 0.35644 -0.0545197
1316.49 -3.94538 7.62263 0.306437 4.57029 7.90708 -0.184247 0.368352 0.35812 0.0510072
1316.5 -3.94538 7.85246 0.459656 4.61097 8.04108 -0.0813559 0.373697 0.360869 0.0957531
1316.52 -3.98369 7.89076 0.229828 4.71027 8.15234 0.0789631 0.381638 0.364381 0.134848
1316.53 -3.98369 8.04398 0.114914 4.84068 8.21815 0.248853 0.388968 0.369573 0.134848
1316.55 -4.21351 8.1589 0.114914 4.91725 8.29232 0.30987 0.391564 0.368046 0.12874
1316.57 -4.36673 8.1589 0.344742 5.10269 8.41436 0.427119 0.390343 0.381638 0.118966
1316.58 -4.59656 8.31211 -0.191523 5.22473 8.53041 0.489332 0.389885 0.387747 0.11469
1316.6 -4.51995 8.31211 -0.229828 5.28096 8.61296 0.524028 0.384692 0.401949 0.11469
1316.62 -4.55826 8.38873 -0.153219 5.35633 8.75653 0.508475 0.37782 0.410501 0.114843
1316.63 -4.71148 8.65686 -0.153219 5.47597 8.90728 0.468993 0.365603 0.419664 0.0994183
1316.65 -4.78809 8.65686 -0.268133 5.53819 8.95992 0.410369 0.353691 0.428827 0.0755945
1316.67 -4.903 8.81008 0.0766094 5.69611 8.97069 0.397208 0.34804 0.432951 0.0598648
1316.68 -4.9413 8.58025 0.191523 5.7667 8.86301 0.336191 0.3317 0.45036 0.0316123
1316.7 -5.09452 8.54194 0.191523 5.85404 8.79362 0.262014 0.321468 0.463952 -0.00381791
1316.72 -5.05622 8.46534 0.0 5.866 8.74217 0.230907 0.309709 0.48182 -0.0465785
1316.73 -5.05622 8.38873 0.268133 5.84447 8.57587 0.179462 0.307723 0.488997 -0.0707076
1316.75 -4.9413 8.04398 0.306437 5.69133 8.27438 0.148355 0.306654 0.508851 -0.113774
1316.77 -4.67317 7.77585 0.191523 5.43769 7.99561 0.163908 0.318871 0.518625 -0.138819
1316.78 -4.55826 7.73755 -0.191523 5.29771 7.90828 0.174676 0.328493 0.521068 -0.141415
1316.8 -4.29012 7.58433 0.0766094 5.068 7.88913 0.217747 0.345902 0.526718 -0.112705
1316.82 -4.21351 7.89076 0.0766094 4.93639 8.10927 0.30987 0.36545 0.532063 -0.0497855
1316.83 -4.21351 8.12059 -0.0766094 4.94596 8.31625 0.388834 0.378126 0.52962 0.0354302
1316.85 -4.21351 8.46534 -0.191523 5.02134 8.70269 0.482154 0.383318 0.526871 0.0807869
1316.86 -4.48165 8.81008 0.229828 5.09671 9.07597 0.498903 0.389885 0.525802 0.161726
1316.88 -4.40504 9.15482 0.0 5.11346 9.36431 0.526421 0.392786 0.517861 0.233961
1316.9 -4.13691 8.92499 -0.0766094 5.01775 9.38824 0.514457 0.39523 0.514348 0.271682
1316.91 -3.83047 8.81008 -0.229828 4.71386 9.15613 0.486939 0.397979 0.505949 0.275806
1316.93 -3.48573 8.58025 -0.191523 4.49372 8.89412 0.427119 0.399811 0.486096 0.250913
1316.95 -3.75386 8.65686 0.114914 4.47697 8.84267 0.367298 0.392786 0.469908 0.183565
1316.96 -4.17521 8.69516 0.268133 4.58225 8.86541 0.348156 0.39019 0.46105 0.140804
1316.98 -3.94538 8.46534 0.114914 4.74018 8.80678 0.332602 0.375835 0.443794 0.0632245
1317.0 -4.0986 8.27381 0.191523 4.82871 8.66201 0.321834 0.361174 0.439365 0.00137445
1317.01 -4.17521 8.35042 0.0383047 4.86461 8.65603 0.333799 0.348957 0.422871 -0.0320704
1317.03 -4.36673 8.65686 -0.153219 4.98425 8.76849 0.354138 0.343917 0.414014 -0.0337503
1317.05 -4.44334 8.81008 -0.0383047 5.11944 9.02453 0.447458 0.332922 0.402255 -0.0300851
1317.06 -4.59656 9.15482 -0.114914 5.3348 9.26261 0.519242 0.314748 0.391106 -0.0563523
1317.08 -4.59656 9.19312 -0.114914 5.42453 9.39541 0.563509 0.303142 0.39523 -0.083994
1317.1 -4.9413 9.30804 -0.0766094 5.56451 9.58325 0.570688 0.28283 0.390496 -0.16249
1317.11 -4.78809 9.38465 -0.268133 5.58245 9.58804 0.518046 0.25748 0.390037 -0.235336
1317.13 -4.71148 9.23143 0.114914 5.52981 9.533 0.497707 0.230449 0.39752 -0.296117
1317.15 -4.63487 8.96329 -0.114914 5.35274 9.36311 0.379262 0.214872 0.398284 -0.321315
1317.16 -4.36673 8.84838 0.0766094 5.04048 9.13938 0.297906 0.186925 0.406531 -0.351095
1317.18 -3.90708 8.61855 0.497961 4.68514 8.88096 0.187837 0.165697 0.402102 -0.361021
1317.2 -3.90708 8.38873 0.229828 4.4985 8.79362 0.157926 0.154702 0.405614 -0.359341
1317.21 -3.48573 8.46534 0.383047 4.2317 8.67876 0.0550349 0.138819 0.402866 -0.352622
1317.23 -3.48573 8.31211 0.306437 4.11087 8.68953 -0.0287139 0.123547 0.398895 -0.322842
1317.24 -3.52403 8.58025 0.306437 4.08096 8.72543 -0.0634098 0.114843 0.39523 -0.27153
1317.26 -3.33251 8.61855 0.536266 4.0319 8.86062 -0.125623 0.114995 0.387899 -0.239612
1317.28 -3.52403 8.61855 0.268133 4.00439 9.00778 -0.165105 0.10965 0.380874 -0.164323
1317.29 -3.2942 8.77177 0.57457 4.02592 9.17288 -0.178265 0.105832 0.37446 -0.0827722
1317.31 -3.2559 9.0016 0.766094 3.98524 9.21476 -0.175872 0.104916 0.364228 -0.0219911
1317.33 -3.14098 8.81008 0.383047 3.81416 9.18843 -0.129212 0.10736 0.353996 -0.00473421
1317.34 -2.60472 8.42703 0.383047 3.28534 8.75055 -0.0215354 0.116523 0.33903 0.0198531
1317.36 -1.95354 7.85246 0.229828 2.96949 8.37368 0.189033 0.141873 0.315054 0.0542143
1317.38 -1.72371 7.3928 0.114914 2.45025 7.76112 0.308674 0.156687 0.302684 0.0752891
1317.39 -1.83862 7.50772 -0.114914 2.41077 7.67019 0.551545 0.190895 0.267864 0.114232
1317.41 -1.99184 7.58433 -0.114914 2.72901 7.98604 0.736989 0.211665 0.245568 0.109956
1317.43 -2.4898 8.04398 -0.306437 2.97188 8.1655 0.844666 0.214872 0.233961 0.0879646
1317.44 -2.87285 8.35042 -0.536266 3.533 8.48614 1.04207 0.213039 0.220828 0.0138972
1317.46 -2.87285 8.27381 -0.804398 3.84646 8.51485 1.18684 0.205709 0.20632 -0.0720821
1317.48 -3.06437 7.92907 -0.766094 3.86919 8.36052 1.22991 0.204487 0.193033 -0.140346
1317.49 -3.06437 7.69924 -0.689484 3.71127 8.0327 1.22512 0.206778 0.186925 -0.152564
1317.51 -2.79624 7.58433 -0.612875 3.53659 7.83649 1.133 0.221286 0.176998 -0.124464
1317.53 -2.71963 7.69924 -0.536266 3.46361 7.94058 1.0349 0.240223 0.163101 -0.065668
1317.54 -2.71963 7.89076 -0.57457 3.48873 8.03629 0.975075 0.249691 0.155923 -0.0407752
1317.56 -2.79624 8.00568 -0.459656 3.62513 8.19422 0.909272 0.263588 0.149204 0.00320704
1317.57 -3.02607 8.1972 -0.306437 3.79262 8.31147 0.882951 0.279471 0.141263 0.0316123
1317.59 -3.02607 8.08229 -0.383047 3.85005 8.38923 0.872184 0.290008 0.135459 0.0308487
1317.61 -3.37081 8.23551 -0.459656 4.00798 8.51964 0.926022 0.295506 0.130572 0.0207694
1317.62 -3.37081 8.46534 -0.536266 4.06301 8.6656 1.02293 0.294284 0.134238 0.000763581
1317.64 -3.33251 8.61855 -0.497961 4.12881 8.74577 1.04207 0.292299 0.132252 -0.00901026
1317.65 -3.44742 8.61855 -0.536266 4.21974 8.88813 1.12343 0.288023 0.135459 -0.00977384
1317.67 -3.48573 8.61855 -0.459656 4.24726 8.93719 1.11386 0.282067 0.137597 -0.0164934
1317.69 -3.37081 8.58025 -0.57457 4.25683 8.92881 1.06122 0.273668 0.140499 -0.0262672
1317.7 -3.44742 8.42703 -0.57457 4.21735 8.90249 1.03609 0.266643 0.141263 -0.0355829
1317.72 -3.48573 8.73347 -0.459656 4.16829 8.92881 0.927218 0.256563 0.139583 -0.0516181
1317.74 -3.2942 8.61855 -0.383047 4.15035 8.95872 0.756132 0.244652 0.140652 -0.0754418
1317.75 -3.2942 8.58025 -0.229828 4.09172 8.92163 0.684347 0.237321 0.142026 -0.120035
1317.77 -3.2559 8.46534 0.421352 3.97807 8.7661 0.539581 0.234267 0.138361 -0.145691
1317.79 -3.02607 8.35042 -0.191523 3.80578 8.58784 0.488136 0.238085 0.131641 -0.193339
1317.8 -2.83455 8.1972 -0.306437 3.71845 8.62493 0.555135 0.240986 0.126755 -0.204487
1317.82 -2.91116 8.50364 -0.229828 3.71246 8.73978 0.580259 0.244041 0.120951 -0.198378
1317.84 -2.91116 8.84838 -0.0766094 3.72323 9.05324 0.564706 0.243124 0.112399 -0.166308
1317.85 -2.94946 8.92499 -0.0766094 3.56411 9.14656 0.599402 0.237016 0.108581 -0.128282
1317.87 -2.87285 8.92499 -0.383047 3.49831 9.14417 0.585045 0.23274 0.0978911 -0.10064
1317.89 -2.68133 8.88668 -0.153219 3.41934 9.11306 0.599402 0.230754 0.0894917 -0.0894917
1317.9 -2.68133 8.73347 -0.114914 3.3679 9.05324 0.541974 0.228311 0.0742201 -0.0569632
1317.92 -2.68133 8.42703 -0.114914 3.30808 8.90967 0.571884 0.232434 0.0502437 -0.0238237
1317.93 -2.56641 8.42703 -0.344742 3.31286 8.78883 0.600598 0.237168 0.0386372 0.00244346
1317.95 -3.06437 8.84838 -0.65118 3.64068 9.02812 0.681954 0.246942 0.0198531 0.0742201
1317.96 -3.33251 9.34634 -0.0383047 3.87757 9.4014 0.723829 0.2474 0.0161879 0.10736
1317.98 -3.56234 9.72939 -0.306437 4.27478 9.91824 0.721436 0.245415 0.00122173 0.160047
1317.99 -3.98369 10.189 -0.344742 4.54397 10.1886 0.681954 0.23335 -0.0138972 0.1715
1318.01 -4.67317 10.6487 -0.306437 5.33958 11.1434 0.620937 0.222355 -0.0206167 0.162032
1318.03 -4.9413 11.2616 -0.268133 5.87318 11.6889 0.485743 0.184787 -0.0137445 0.112857
1318.04 -5.05622 10.8785 0.0383047 5.91266 11.543 0.352941 0.161421 -0.0122173 0.0778853
1318.06 -4.51995 9.806 0.153219 5.30489 10.1408 0.105284 0.117133 -0.00290161 -0.0125227
1318.69 -3.2942 5.86062 -0.421352 4.08335 6.23569 0.838684 0.0398589 -0.133169 -0.146608
1318.7 -3.2942 6.12875 -0.306437 3.95533 6.26919 0.850648 0.076969 -0.143095 -0.157909
1318.72 -3.37081 6.58841 -0.497961 4.35493 6.66999 0.963111 0.108734 -0.145691 -0.204487
1318.74 -4.0603 6.81823 -0.689484 4.62891 7.18205 1.22393 0.133779 -0.140652 -0.277791
1318.75 -4.02199 7.54602 -0.995922 5.1649 7.45244 1.41057 0.14111 -0.138514 -0.322537
1318.77 -4.86469 8.1972 -1.07253 5.64825 8.29711 1.74437 0.153022 -0.131336 -0.428216
1318.79 -5.01791 9.19312 -1.91523 6.12682 9.41216 2.28514 0.153327 -0.118966 -0.522442
1318.8 -5.63079 9.88261 -2.33659 6.3003 9.9326 2.56989 0.14447 -0.10232 -0.548862
1318.82 -5.78401 10.2273 -3.06437 6.69153 10.6457 3.06281 0.136223 -0.0951423 -0.530231
1318.83 -5.97553 10.7253 -2.64302 6.67597 11.2822 3.16211 0.117744 -0.0676533 -0.446542
1318.85 -5.20944 10.4572 -2.56641 6.35773 11.2104 3.02333 0.109345 -0.0496328 -0.352622
1318.87 -4.25182 9.53786 -2.10676 5.0668 10.1073 2.58425 0.0859793 -0.0406225 -0.307265
1318.88 -3.90708 8.08229 -1.80032 3.89671 8.48614 2.14875 0.0778853 -0.0284052 -0.248469
1318.9 -2.68133 7.12467 -1.49388 3.52104 7.84726 1.86401 0.0896445 -0.0291688 -0.251676
1318.91 -2.25998 6.5118 -0.995922 2.94437 6.78365 1.535 0.104458 -0.0352775 -0.259465
1318.93 -2.33659 6.85654 -1.41727 2.9324 6.94158 1.49073 0.138972 -0.0442877 -0.212428
1318.95 -2.68133 8.1589 -0.804398 3.32841 8.52802 1.37228 0.167988 -0.0523817 -0.0775799
1318.96 -3.79216 9.8443 -0.804398 3.77587 9.52104 1.24427 0.180663 -0.062461 0.191048
1318.98 -4.55826 11.1084 -0.344742 5.01535 11.397 0.750149 0.185398 -0.0571159 0.345597
1319.0 -5.01791 10.8019 0.421352 5.66022 11.4927 -0.0514457 0.168293 -0.0494801 0.613919
1319.01 -4.82639 10.4955 0.919312 5.68654 10.8945 -0.786042 0.144317 -0.0265726 0.805731
1319.03 -4.63487 9.57617 0.957617 5.55494 10.2939 -0.880558 0.134848 -0.0171042 0.884991
1319.05 -4.0603 8.65686 1.22575 4.94357 8.98864 -0.988235 0.11301 0.0103847 0.969443
1319.06 -3.98369 7.96737 1.45558 4.54995 8.13918 -1.13539 0.103542 0.0212276 0.902706
1319.08 -3.75386 7.96737 1.34066 4.49133 8.07697 -1.12702 0.099571 0.0285579 0.714559
1319.1 -4.25182 8.38873 0.881008 5.05962 8.56271 -0.769292 0.0899499 0.033903 0.473879
1319.12 -4.21351 8.1972 0.804398 5.08116 8.38445 -0.45344 0.0781907 0.0389426 0.230296
1319.14 -3.94538 7.89076 0.57457 5.01775 8.18704 -0.308674 0.0736092 0.0421497 0.119271
1319.15 -3.94538 7.31619 0.383047 4.71266 7.69292 0.0131605 0.0734565 0.0352775 -0.0580322
1319.17 -3.63894 7.00976 -0.191523 4.43868 7.27418 0.282353 0.0810924 0.0224493 -0.189215
1319.19 -3.75386 6.89484 -0.0383047 4.41835 7.13061 0.400798 0.0878119 0.0142026 -0.28222
1319.2 -3.60064 6.77993 -0.306437 4.33579 7.0002 0.604187 0.0940732 0.00580322 -0.319024
1319.22 -3.63894 6.93315 -0.57457 4.2329 7.08754 0.771685 0.101556 0.00305432 -0.379194
1319.23 -3.48573 7.23959 -0.344742 4.15154 7.30887 0.776471 0.106443 -0.00870483 -0.410349
1319.25 -3.2942 7.66094 -0.114914 4.00558 7.69292 0.723829 0.115454 -0.0116064 -0.41325
1319.27 -3.17929 7.85246 -0.114914 3.9326 8.16311 0.677169 0.123089 -0.0232129 -0.406531
1319.28 -3.14098 8.23551 -0.229828 4.1001 8.45025 0.626919 0.131489 -0.0351248 -0.381791
1319.3 -3.06437 8.58025 -0.268133 3.98764 8.67637 0.674776 0.13042 -0.0381791 -0.377056
1319.32 -3.60064 8.65686 -0.459656 4.11206 8.95394 0.532403 0.130114 -0.0488692 -0.373391
1319.33 -3.2942 8.73347 -0.268133 4.02233 9.03529 0.607777 0.12706 -0.0603229 -0.30528
1319.35 -3.14098 9.34634 -0.766094 3.89551 9.24586 0.734596 0.122784 -0.0670424 -0.227547
1319.37 -3.40912 9.8443 -0.459656 3.90867 10.1109 0.886541 0.115759 -0.071624 -0.19395
1319.38 -3.52403 8.81008 0.0 4.29033 9.35593 0.492921 0.0980438 -0.0809396 -0.0838412
1319.4 -4.02199 7.43111 0.0383047 4.867 7.58166 0.285942 0.0852157 -0.0859793 -0.0818559
1319.42 -4.55826 7.31619 0.383047 5.11226 7.41057 0.0729811 0.0847575 -0.0849102 -0.161268
1319.43 -4.67317 7.46941 0.536266 5.46879 7.62951 -0.162712 0.0788016 -0.078038 -0.375682
1319.45 -4.55826 8.31211 0.727789 5.24267 8.4012 -0.380459 0.0725402 -0.0650571 -0.493274
1319.47 -4.55826 8.92499 0.727789 5.16012 8.81874 -0.443868 0.0653626 -0.0623082 -0.488845
1319.48 -4.51995 9.34634 0.727789 4.85025 9.64307 -0.644866 0.057574 -0.0503964 -0.44303
1319.5 -4.0986 9.61448 0.727789 4.74975 9.9661 -0.900898 0.0444404 -0.0528398 -0.330173
1319.52 -4.02199 9.8443 0.995922 4.58225 10.185 -0.899701 0.0207694 -0.0387899 -0.261908
1319.53 -3.63894 9.806 0.957617 4.47577 10.1683 -0.872184 0.00641408 -0.0358883 -0.280082
1319.55 -3.48573 9.95922 0.919312 4.2987 10.3836 -0.722632 -0.021533 -0.0305433 -0.31429
1319.57 -3.63894 10.0741 0.804398 4.35254 10.5093 -0.616152 -0.0488692 -0.023671 -0.359952
1319.58 -3.71555 10.0741 0.65118 4.37767 10.5643 -0.485743 -0.0704022 -0.0262672 -0.394619
1319.6 -3.79216 9.95922 0.536266 4.36929 10.3836 -0.337388 -0.0778853 -0.0209221 -0.417221
1319.61 -3.56234 9.49956 0.344742 4.35135 9.91346 -0.0622134 -0.0673479 -0.0218384 -0.464105
1319.63 -3.71555 8.69516 0.0766094 4.24965 9.0329 0.101695 -0.0366519 -0.0238237 -0.478918
1319.65 -3.40912 7.96737 0.0383047 4.11326 8.57707 0.215354 -0.00534507 -0.0282525 -0.428827
1319.66 -2.79624 7.66094 0.0383047 3.58086 8.00877 0.367298 0.00992656 -0.0284052 -0.385914
1319.68 -2.83455 7.58433 0.0383047 3.55813 7.85085 0.506082 0.0239765 -0.0377209 -0.331547
1319.7 -2.94946 7.73755 -0.383047 3.74357 7.88674 0.830309 0.0213803 -0.044135 -0.35812
1319.71 -3.21759 7.69924 -0.881008 3.93619 7.87717 1.05045 0.0163406 -0.0403171 -0.387594
1319.73 -3.37081 7.89076 -1.07253 4.09771 8.04227 1.44766 0.0175624 -0.0445931 -0.442266
1319.75 -3.44742 8.04398 -1.41727 4.21735 8.40479 1.83649 0.0265726 -0.0456622 -0.470061
1319.76 -3.44742 8.1972 -1.6471 4.18744 8.29232 2.08774 0.0407752 -0.0468839 -0.487623
1319.78 -3.37081 8.46534 -1.07253 4.16231 8.55434 2.11286 0.0511599 -0.0516181 -0.498466
1319.8 -3.17929 8.96329 -0.766094 3.91944 9.19083 1.47876 0.066737 -0.0398589 -0.4835
1319.81 -3.2559 8.69516 -0.842703 3.83689 8.90249 1.25145 0.0806342 -0.0412334 -0.394771
1319.83 -2.87285 8.27381 -0.612875 3.73639 8.60818 1.08993 0.0968221 -0.0326813 -0.310167
1319.85 -2.37489 7.43111 -0.306437 3.40259 7.91306 0.894915 0.107665 -0.0352775 -0.288787
1319.86 -1.95354 7.12467 -0.421352 2.6991 7.36271 0.878166 0.123242 -0.0265726 -0.287412
1319.88 -2.06845 6.97145 -0.268133 2.64766 7.20718 0.842273 0.143095 -0.031765 -0.294284
1319.9 -2.29828 7.16298 -0.344742 2.81037 7.34836 0.79322 0.149815 -0.0271835 -0.287107
1319.91 -2.41319 7.43111 -0.153219 3.21356 7.68335 0.637687 0.166766 -0.0290161 -0.259465
1319.93 -2.71963 8.04398 -0.344742 3.2674 8.1021 0.677169 0.170431 -0.0219911 -0.261908
1319.95 -2.4515 8.1589 -0.421352 3.29372 8.29232 0.897308 0.174249 -0.0213803 -0.300851
1319.96 -2.52811 8.46534 -0.65118 3.35115 8.5998 1.03968 0.172569 -0.0103847 -0.327882
1319.98 -3.06437 9.0016 -0.881008 3.6347 9.08076 1.28375 0.173944 -0.0109956 -0.398437
1320.0 -3.48573 9.46126 -1.03423 4.00199 9.39781 1.55055 0.170126 0.00366519 -0.488845
1320.01 -4.17521 10.1124 -1.45558 4.77607 10.2269 1.72642 0.161421 0.0152716 -0.545502
1320.03 -4.63487 10.7636 -1.83862 5.40299 11.1864 2.2684 0.14447 0.0404698 -0.643394
1320.05 -4.82639 11.6063 -2.87285 5.52144 12.1507 2.88813 0.11637 0.0777326 -0.63698
1320.06 -4.51995 11.9511 -2.71963 5.37787 12.4427 3.08315 0.0907135 0.113315 -0.499535
1320.08 -3.71555 11.3765 -2.60472 4.66361 12.1771 3.00299 0.0841467 0.119882 -0.408363
1320.1 -2.83455 10.2657 -2.10676 3.58445 10.8909 2.42991 0.0743728 0.150578 -0.234572
1320.11 -2.14506 9.65278 -1.18745 2.66441 9.96969 1.71805 0.0783434 0.164323 -0.078038
1320.13 -1.6471 8.92499 -0.804398 2.41555 9.5677 1.42493 0.0862847 0.164323 0.00824668
1320.15 -1.83862 8.23551 -0.536266 2.06142 8.69312 0.988235 0.10965 0.161116 0.198378
1320.16 -1.34066 7.89076 -0.229828 1.92502 8.2349 0.740578 0.135154 0.16753 0.346055
1320.18 -1.30236 8.58025 -0.344742 1.92263 8.43948 0.727418 0.159741 0.162032 0.412945
1320.2 -1.18745 9.53786 -0.421352 1.92502 9.46002 0.78006 0.16753 0.157298 0.412945
1320.21 -1.41727 9.92091 -0.421352 1.99681 10.2353 0.782453 0.159283 0.164475 0.360869
1320.23 -1.95354 10.1124 -0.0383047 2.67039 10.5153 0.556331 0.14508 0.160963 0.277944
1320.24 -2.22167 9.806 -0.114914 2.80199 10.3418 0.477368 0.124464 0.160658 0.206014
1320.26 -2.29828 9.11651 0.229828 3.08554 9.61077 0.275174 0.118813 0.162185 0.188452
1320.28 -2.37489 8.35042 0.114914 3.08195 8.77208 0.217747 0.115606 0.162643 0.180053
1320.29 -2.4898 8.08229 0.0766094 2.87856 8.3988 0.267996 0.122631 0.16753 0.184634
1320.31 -1.95354 8.00568 0.0766094 2.67517 8.34018 0.336191 0.130878 0.167224 0.177762
1320.33 -1.57049 8.12059 -0.114914 2.35813 8.43829 0.484546 0.148135 0.162032 0.16585
1320.34 -1.80032 8.96329 -0.114914 2.46221 9.11067 0.467797 0.168904 0.151189 0.117897
1320.36 -1.68541 8.88668 -0.114914 2.39522 9.16809 0.51326 0.178983 0.145233 0.0424551
1320.38 -1.6088 8.96329 -0.229828 2.3988 9.22194 0.521635 0.180816 0.14111 0.0163406
1320.39 -1.76202 9.07821 -0.229828 2.50887 9.21117 0.55992 0.186161 0.1237 -0.0125227
1320.41 -1.87693 9.03991 -0.191523 2.68355 9.44207 0.587438 0.180663 0.115148 -0.00137445
1320.43 -1.91523 9.07821 -0.114914 2.67039 9.47198 0.625723 0.174707 0.105985 0.022602
1320.44 -1.99184 9.19312 -0.268133 2.67159 9.52104 0.659222 0.1715 0.0978911 0.0374155
1320.46 -1.99184 9.03991 -0.0383047 2.58544 9.47557 0.561117 0.159894 0.0894917 0.0752891
1320.48 -1.99184 9.03991 -0.0383047 2.61894 9.30927 0.520439 0.160505 0.071013 0.119119
1320.49 -1.68541 8.65686 -0.344742 2.59741 9.17408 0.540778 0.160047 0.0568105 0.150884
1320.51 -1.99184 8.73347 -0.268133 2.56271 9.01974 0.622134 0.16753 0.045204 0.157909
1320.53 -1.91523 8.77177 -0.459656 2.51007 9.05444 0.697508 0.16921 0.0345139 0.166461
1320.54 -1.80032 8.92499 -0.306437 2.42513 9.26501 0.774078 0.175318 0.0138972 0.177914
1320.56 -1.72371 8.96329 -0.536266 2.37248 9.32243 0.800399 0.175776 0.00427606 0.184939
1320.58 -1.57049 9.11651 -0.459656 2.34736 9.34038 0.866202 0.171806 -0.00458149 0.184329
1320.59 -1.6471 8.92499 -0.306437 2.31745 9.12622 0.885344 0.166613 -0.023671 0.161268
1320.61 -1.72371 8.61855 -0.421352 2.32822 8.94676 0.845862 0.161421 -0.0413861 0.109956
1320.63 -1.6088 8.58025 -0.612875 2.41316 8.77208 0.829113 0.153174 -0.0470366 0.0754418
1320.64 -1.95354 8.46534 -0.306437 2.63689 8.75414 0.829113 0.145386 -0.0621555 -0.00167988
1320.66 -2.29828 8.73347 -0.344742 2.87737 8.99342 0.827916 0.135612 -0.0742201 -0.0829249
1320.68 -2.18337 8.96329 -0.306437 2.93958 9.08674 0.808774 0.129962 -0.0800233 -0.114537
1320.69 -2.03015 8.77177 -0.306437 2.96231 9.08195 0.788435 0.113621 -0.0821613 -0.165239
1320.71 -2.22167 8.81008 -0.383047 2.97667 9.12144 0.720239 0.0992656 -0.0873537 -0.214566
1320.73 -2.25998 9.26973 -0.268133 3.04008 9.32243 0.689133 0.0806342 -0.0911716 -0.284663
1320.74 -2.56641 9.65278 0.0 3.21236 9.81416 0.60658 0.0707076 -0.0922406 -0.329104
1320.76 -2.52811 9.99752 -0.268133 3.27936 10.2879 0.547956 0.0479529 -0.0942259 -0.429744
1320.78 -2.56641 10.0358 -0.0766094 3.30209 10.3693 0.40678 0.022602 -0.095295 -0.540463
1320.79 -2.71963 10.0358 -0.0383047 3.2985 10.4279 0.320638 0.0132863 -0.0966694 -0.624457
1320.81 -2.68133 10.1507 0.0766094 3.42413 10.6146 0.15673 -0.00213803 -0.096364 -0.648586
1320.82 -2.75794 10.1124 0.229828 3.36072 10.6217 -0.00239282 -0.00794125 -0.098502 -0.665385
1320.84 -2.41319 9.65278 0.306437 3.02572 9.90269 -0.0454636 -0.000763581 -0.107512 -0.638659
1320.86 -2.10676 9.0016 0.306437 2.79362 9.44207 -0.0454636 0.00901026 -0.110719 -0.608727
1320.87 -1.80032 8.35042 0.383047 2.47059 8.68594 -0.0478564 0.0358883 -0.124311 -0.528551
1320.89 -1.6088 8.1589 0.421352 2.31984 8.44786 -0.0741775 0.0552833 -0.127365 -0.456774
1320.91 -1.80032 8.50364 0.421352 2.38564 8.55793 -0.0741775 0.062461 -0.129351 -0.40928
1320.92 -2.06845 9.11651 0.612875 2.7338 9.14656 -0.0538385 0.0616974 -0.130114 -0.393092
1320.94 -2.22167 9.53786 0.344742 3.16451 9.79023 -0.0119641 0.0529926 -0.128434 -0.373239
1320.96 -2.91116 9.69109 -0.0383047 3.45404 10.002 0.0442672 0.0416915 -0.121562 -0.350178
1320.97 -2.71963 9.42295 0.229828 3.48275 9.88594 0.0921237 0.0363465 -0.114385 -0.333074
1320.99 -2.64302 9.11651 -0.0766094 3.3344 9.44327 0.191426 0.0456622 -0.110719 -0.270613
1321.01 -2.4515 9.19312 0.153219 3.12981 9.40499 0.260818 0.0676533 -0.104 -0.179594
1321.02 -2.10676 9.38465 0.229828 3.01735 9.53061 0.314656 0.0841467 -0.0879646 -0.129503
1321.04 -1.83862 9.61448 -0.114914 2.67517 9.73639 0.48335 0.0951423 -0.0923933 -0.171195
1321.06 -1.80032 9.07821 -0.612875 2.40837 9.33081 0.488136 0.0945314 -0.0829249 -0.259465
1321.07 -1.72371 9.03991 -0.0766094 2.31147 9.35952 0.479761 0.101862 -0.0751364 -0.237779
1321.09 -1.57049 8.92499 0.0383047 2.28156 9.24228 0.457029 0.102014 -0.0745255 -0.161726
1321.11 -1.6088 9.03991 -0.153219 2.34736 9.33799 0.468993 0.108123 -0.0696386 -0.119271
1321.12 -1.68541 9.19312 -0.153219 2.4335 9.48993 0.399601 0.113774 -0.0696386 -0.0487165
1321.14 -1.76202 9.26973 0.0766094 2.41795 9.62872 0.394816 0.111483 -0.0664316 -0.0100793
1321.16 -1.95354 9.53786 -0.191523 2.44666 9.75434 0.424726 0.108276 -0.0607811 0.0
1321.17 -1.83862 9.49956 -0.153219 2.41196 9.91705 0.484546 0.099571 -0.0603229 0.0218384
1321.19 -1.87693 9.30804 -0.153219 2.58425 9.64547 0.497707 0.0930042 -0.0592539 0.0580322
1321.2 -2.06845 9.26973 -0.114914 2.69312 9.51266 0.492921 0.0923933 -0.0618501 0.0765108
1321.22 -1.87693 9.0016 -0.0383047 2.81635 9.40738 0.494118 0.0858265 -0.0502437 0.099571
1321.24 -2.25998 8.96329 -0.229828 2.93839 9.25663 0.562313 0.0813978 -0.046273 0.111636
1321.25 -1.83862 8.84838 -0.114914 2.84746 9.22074 0.567099 0.0771217 -0.0369573 0.112857
1321.27 -1.57049 9.11651 -0.0766094 2.16311 8.86541 0.345763 0.0720821 -0.0311541 0.103236
1321.29 -1.6471 9.38465 -0.344742 2.30668 9.68255 0.696311 0.0633773 -0.0284052 -0.0148135
1321.3 -1.95354 9.61448 -0.459656 2.69312 9.87039 0.991825 0.0377209 -0.0157298 -0.216704
1321.32 -2.10676 9.19312 -0.804398 2.74696 9.72921 1.01456 0.0288634 -0.00977384 -0.355065
1321.34 -2.25998 9.19312 -0.268133 2.88574 9.4995 0.800399 0.0140499 0.00671952 -0.358272
1321.35 -2.25998 9.07821 -0.497961 2.77687 9.31406 0.628116 0.021533 0.0154243 -0.242972
1321.37 -2.25998 9.0016 -0.306437 2.84387 9.35234 0.625723 0.0387899 0.0201585 -0.0332921
1321.39 -2.22167 9.11651 -0.268133 2.85583 9.37508 0.636491 0.0474948 0.0271835 0.0911716
1321.4 -2.10676 9.07821 -0.114914 2.74098 9.38225 0.519242 0.0671951 0.0310014 0.32666
1321.42 -2.10676 9.19312 -0.153219 2.601 9.43848 0.51685 0.0853684 0.0361938 0.431576
1321.44 -1.72371 9.42295 0.0766094 2.57228 9.52343 0.510867 0.0980438 0.0352775 0.40088
1321.45 -1.76202 9.69109 -0.191523 2.67996 9.80698 0.510867 0.0992656 0.0351248 0.352011
1321.47 -2.03015 9.92091 -0.459656 2.87976 10.2796 0.607777 0.104305 0.0288634 0.218537
1321.48 -2.22167 9.92091 -0.229828 2.90728 10.2401 0.649651 0.104458 0.0293215 0.150578
1321.5 -2.06845 9.65278 -0.268133 2.80917 9.98764 0.701097 0.103389 0.0284052 0.043066
1321.52 -2.03015 9.34634 -0.229828 2.68235 9.67059 0.715454 0.111025 0.0189368 -0.0065668
1321.53 -1.87693 9.23143 -0.57457 2.62134 9.466 0.713061 0.121104 0.0129809 -0.0125227
1321.55 -1.95354 9.03991 -0.268133 2.55553 9.28654 0.675972 0.127365 0.00901026 -0.021533
1321.57 -2.06845 9.07821 -0.153219 2.73978 9.25902 0.602991 0.137903 0.00595593 -0.057574
1321.58 -1.87693 8.96329 -0.114914 2.95513 9.28056 0.585045 0.142026 0.00290161 -0.112094
1321.6 -2.29828 9.03991 -0.497961 3.03051 9.23031 0.600598 0.141721 -0.00244346 -0.138056
1321.62 -2.25998 8.96329 -0.153219 3.15972 9.28415 0.605384 0.131794 0.0018326 -0.194561
1321.63 -2.41319 9.03991 -0.268133 3.19083 9.25902 0.552742 0.123853 -0.00335976 -0.26481
1321.65 -2.41319 8.88668 -0.153219 3.17527 9.23629 0.544367 0.110261 -0.00167988 -0.31429
1321.67 -2.25998 9.03991 -0.383047 3.05683 9.19083 0.519242 0.105985 -0.00122173 -0.320704
1321.68 -2.25998 8.96329 -0.191523 2.91326 9.25783 0.521635 0.10064 -0.00351247 -0.31261
1321.7 -1.99184 9.07821 -0.497961 2.70867 9.34038 0.417547 0.0948368 -0.00229074 -0.29856
1321.71 -1.72371 8.81008 0.0766094 2.56989 9.26381 0.370887 0.0943787 -0.00702495 -0.313526
1321.73 -1.68541 9.11651 0.306437 2.36052 9.22074 0.252443 0.095295 -0.01237 -0.377667
1321.75 -1.45558 9.19312 0.191523 2.25404 9.35234 0.210568 0.086132 -0.00351247 -0.462425
1321.76 -1.45558 9.30804 -0.191523 2.22174 9.43489 0.211765 0.0855211 -0.000458149 -0.529315
1321.78 -1.49388 9.26973 0.0 2.12841 9.5342 0.342173 0.083994 0.00427606 -0.545655
1321.8 -1.45558 9.42295 0.0 2.13918 9.70887 0.442672 0.0855211 0.00580322 -0.488692
1321.81 -1.49388 9.57617 -0.0766094 2.00399 9.93021 0.43669 0.0891863 0.0065668 -0.341474
1321.83 -1.34066 9.65278 -0.0766094 1.94417 10.0247 0.397208 0.0846048 0.00122173 -0.201433
1321.85 -1.07253 9.99752 0.0 1.7336 10.3262 0.34337 0.0746782 -0.00167988 -0.165392
1321.86 -1.18745 10.0358 -0.114914 1.61396 10.4435 0.259621 0.0523817 -0.00488692 -0.154396
1321.88 -0.766094 10.0358 -0.0766094 1.50987 10.2114 0.244068 0.0290161 -0.0129809 -0.184176
1321.9 -0.881008 9.806 0.114914 1.49192 10.1025 0.259621 0.0146608 -0.014508 -0.206472
1321.91 -0.804398 9.61448 -0.0383047 1.51466 9.89432 0.357727 -0.0100793 -0.0216857 -0.270155
1321.93 -0.65118 9.57617 -0.153219 1.51346 9.84287 0.552742 -0.0345139 -0.0270308 -0.343459
1321.95 -0.689484 9.49956 -0.497961 1.47637 9.801 0.679561 -0.0421497 -0.0294742 -0.37049
1321.96 -0.881008 9.26973 -0.612875 1.4321 9.61795 0.971486 -0.0444404 -0.0358883 -0.366977
1321.98 -0.612875 8.69516 -0.57457 1.21914 9.09631 1.11984 -0.0180205 -0.0401644 -0.264963
1321.99 -0.421352 8.38873 -0.689484 1.08036 8.84267 1.1007 0.0265726 -0.0453567 -0.124311
1322.01 -0.191523 8.35042 -0.344742 0.881755 8.66082 0.758524 0.0511599 -0.0503964 -0.0534507
1322.03 -0.344742 8.54194 0.268133 0.725025 8.80439 0.415155 0.0881173 -0.0594066 0.054367
1322.04 -0.191523 8.73347 0.191523 0.714257 9.01376 0.235693 0.110719 -0.0699441 0.102473
1322.06 -0.191523 8.84838 -0.0766094 0.76331 9.08794 0.215354 0.119271 -0.0827722 0.115759
1322.08 -0.383047 8.88668 0.268133 0.924826 9.15972 0.211765 0.129656 -0.0910189 0.116064
1322.09 -0.497961 8.84838 0.0383047 1.13539 9.14058 0.236889 0.141568 -0.106596 0.129503
1322.11 -0.612875 9.0016 -0.229828 1.34118 9.27457 0.277567 0.145997 -0.114385 0.14508
1322.13 -0.57457 9.30804 -0.0383047 1.45723 9.44207 0.300299 0.144775 -0.12034 0.142637
1322.14 -0.804398 9.49956 0.0766094 1.61396 9.73759 0.380459 0.131947 -0.12034 0.100182
1322.16 -0.957617 9.61448 -0.191523 1.72881 9.83689 0.502493 0.115148 -0.123853 0.0119119
1322.18 -0.881008 9.46126 -0.114914 1.7001 9.82014 0.574277 0.098502 -0.124769 -0.0771217
1322.19 -0.957617 9.34634 -0.268133 1.61157 9.59402 0.68674 0.0934624 -0.128129 -0.107818
1322.21 -0.881008 9.07821 -0.459656 1.49192 9.41815 0.777667 0.0911716 -0.123089 -0.122631
1322.23 -0.612875 9.0016 -0.383047 1.35075 9.26501 0.831506 0.10232 -0.119271 -0.0954477
1322.24 -0.65118 8.92499 -0.536266 1.30289 9.20758 0.812363 0.106901 -0.120035 -0.0525344
1322.26 -0.612875 8.84838 -0.383047 1.26939 9.18126 0.787238 0.129503 -0.130878 -0.0334449
1322.28 -0.612875 8.81008 -0.421352 1.22991 9.04487 0.720239 0.142179 -0.120188 0.00687223
1322.29 -0.65118 8.69516 -0.191523 1.23589 8.97069 0.674776 0.156992 -0.125227 0.0517708
1322.31 -0.689484 8.84838 -0.229828 1.30289 9.0317 0.567099 0.160658 -0.123089 0.0740674
1322.33 -0.766094 9.0016 -0.383047 1.42253 9.27577 0.494118 0.158978 -0.119882 0.0948368
1322.34 -0.65118 9.26973 -0.191523 1.468 9.5354 0.401994 0.155923 -0.127365 0.0766636
1322.36 -0.766094 9.53786 -0.0383047 1.51944 9.68016 0.393619 0.143095 -0.128129 0.0146608
1322.38 -0.842703 10.0741 -0.191523 1.64148 10.3346 0.37328 0.134085 -0.129045 -0.0310014
1322.39 -1.18745 10.4572 -0.0766094 1.8329 10.9507 0.41994 0.107665 -0.126144 -0.148746
1322.41 -1.30236 10.2273 -0.229828 1.76471 10.7198 0.460618 0.0786489 -0.124464 -0.29123
1322.43 -1.07253 10.3423 -0.114914 1.80419 10.7545 0.468993 0.0641408 -0.121868 -0.357203
1322.44 -0.957617 10.5338 -0.0383047 1.93938 10.922 0.454636 0.0401644 -0.115759 -0.446695
1322.46 -1.53219 10.8019 -0.727789 2.11047 11.1876 0.431904 0.0270308 -0.115148 -0.455247
1322.48 -1.57049 10.687 -0.114914 2.17268 11.2199 0.404387 0.021533 -0.10568 -0.385914
1322.49 -1.53219 10.189 -0.153219 2.24447 10.8347 0.354138 0.0242819 -0.102931 -0.336281
1322.51 -1.45558 9.53786 -0.0383047 2.08893 9.96371 0.287139 0.0319177 -0.098502 -0.231518
1322.53 -1.07253 8.84838 0.0383047 1.87478 9.22792 0.236889 0.0427606 -0.0905607 -0.119424
1322.54 -1.22575 8.65686 0.153219 1.79103 9.01137 0.210568 0.0539089 -0.0951423 -0.0534507
1322.56 -1.26405 8.92499 0.459656 1.83769 9.07478 0.155533 0.0670424 -0.0888809 0.0817032
1322.57 -1.45558 9.38465 0.191523 2.08415 9.64905 0.0909272 0.0707076 -0.0864374 0.187841
1322.59 -1.72371 9.57617 0.191523 2.25404 9.87518 0.101695 0.062461 -0.083994 0.24007
1322.61 -1.72371 9.65278 0.229828 2.47178 9.9673 0.0981057 0.0587958 -0.081245 0.239765
1322.62 -1.76202 9.46126 0.191523 2.62253 9.75673 0.151944 0.0531453 -0.0697913 0.213192
1322.64 -2.06845 9.23143 0.153219 2.68953 9.50429 0.281157 0.0632245 -0.0636827 0.190132
1322.66 -2.03015 9.23143 0.0 2.68355 9.43131 0.338584 0.0707076 -0.0571159 0.182038
1322.67 -1.99184 9.07821 -0.0383047 2.59501 9.45045 0.48335 0.0835358 -0.0497855 0.182038
1322.69 -1.83862 8.96329 -0.191523 2.44546 9.37747 0.592223 0.0910189 -0.0468839 0.18158
1322.71 -1.57049 8.96329 -0.191523 2.30189 9.14058 0.678365 0.0930042 -0.0442877 0.192423
1322.72 -1.6088 8.88668 -0.268133 2.27557 9.10349 0.723829 0.0934624 -0.045204 0.200975
1322.74 -1.6471 9.15482 -0.421352 2.36291 9.23749 0.754935 0.0930042 -0.0461203 0.204487
1322.76 -1.80032 9.07821 -0.383047 2.5316 9.34517 0.850648 0.0919352 -0.044135 0.185703
1322.77 -1.83862 8.92499 -0.344742 2.57827 9.29132 0.897308 0.0943787 -0.0520762 0.171653
1322.79 -1.83862 8.92499 -0.497961 2.61057 9.20399 1.00499 0.0948368 -0.0456622 0.163254
1322.81 -1.91523 9.11651 -0.766094 2.58066 9.28654 1.11147 0.105069 -0.0561996 0.137445
1322.82 -1.87693 9.07821 -0.689484 2.51007 9.41934 1.18445 0.106901 -0.0540616 0.0846048
1322.84 -1.80032 9.30804 -0.919312 2.4347 9.50309 1.20479 0.108734 -0.0536034 0.0065668
1322.86 -1.80032 9.46126 -0.804398 2.46221 9.7328 1.17129 0.104305 -0.0561996 -0.0322231
1322.87 -1.72371 9.65278 -0.881008 2.601 9.81655 1.03131 0.0922406 -0.0569632 -0.104
1322.89 -2.06845 9.46126 -0.421352 2.66321 9.76989 0.935593 0.0739146 -0.0548251 -0.154396
1322.9 -2.06845 9.26973 -0.153219 2.80319 9.68614 0.72981 0.0649044 -0.0471893 -0.16753
1322.92 -2.10676 9.34634 -0.153219 2.88813 9.67657 0.552742 0.0453567 -0.0455095 -0.18219
1322.94 -2.22167 9.38465 -0.344742 2.98505 9.7328 0.412762 0.0325286 -0.0478002 -0.205709
1322.95 -2.25998 9.46126 0.0383047 2.98145 9.74118 0.375673 0.0198531 -0.0381791 -0.219301
1322.97 -2.18337 9.38465 -0.0383047 2.92283 9.75793 0.294317 0.000305433 -0.0303905 -0.250149
1322.99 -2.03015 9.23143 -0.0383047 2.68953 9.5007 0.306281 -0.0120646 -0.0274889 -0.262672
1323.0 -1.80032 8.88668 -0.421352 2.48614 9.31166 0.337388 -0.00549779 -0.0255036 -0.221591
1323.02 -1.45558 8.50364 -0.497961 2.09492 8.87617 0.464207 0.00244346 -0.0210748 -0.177151
1323.04 -1.22575 8.46534 -0.191523 1.82333 8.86541 0.60658 0.0256563 -0.0221439 -0.0694859
1323.05 -1.26405 8.73347 -0.229828 1.78983 8.95274 0.636491 0.052229 -0.029627 0.0384845
1323.07 -1.30236 8.69516 -0.191523 1.87358 8.98026 0.585045 0.0662789 -0.034972 0.0920879
1323.09 -1.49388 8.58025 0.114914 2.02552 8.87019 0.550349 0.0951423 -0.034972 0.189826
