1985.16 0.229828 -0.191523 -9.49956 0.117248 -0.0586241 10.0702 0.0878119 -0.0387899 -0.0555887
1985.18 0.344742 -0.191523 -9.46126 0.130409 -0.0526421 10.0654 0.0876591 -0.0380264 -0.0540616
1985.2 0.191523 -0.268133 -9.53786 0.149551 -0.0634098 10.0618 0.0846048 -0.0323759 -0.0536034
1985.21 0.114914 -0.229828 -9.57617 0.154337 -0.0801595 10.0726 0.0862847 -0.0369573 -0.0537561
1985.23 0.114914 -0.268133 -9.49956 0.168694 -0.0861416 10.069 0.0885754 -0.0433714 -0.0558941
1985.24 0.153219 -0.306437 -9.42295 0.185444 -0.105284 10.0594 0.086132 -0.0381791 -0.0531453
1985.26 0.114914 -0.268133 -9.46126 0.192622 -0.106481 10.0822 0.0865901 -0.0392481 -0.0511599
1985.28 0.0766094 -0.344742 -9.46126 0.199801 -0.119641 10.0678 0.0896445 -0.044135 -0.0540616
1985.29 0.229828 -0.459656 -9.46126 0.206979 -0.129212 10.0738 0.0858265 -0.0364992 -0.0549779
1985.31 0.153219 -0.344742 -9.53786 0.206979 -0.133998 10.0726 0.0865901 -0.0351248 -0.0526871
1985.32 0.114914 -0.344742 -9.19312 0.204586 -0.145962 10.0786 0.0847575 -0.0326813 -0.0534507
1985.34 0.153219 -0.153219 -9.38465 0.190229 -0.142373 10.0738 0.0875064 -0.0378736 -0.0540616
1985.36 0.306437 -0.268133 -9.65278 0.197408 -0.166301 10.063 0.0870483 -0.0348193 -0.0558941
1985.37 0.191523 -0.344742 -9.53786 0.187837 -0.165105 10.0798 0.0856738 -0.0337503 -0.0546724
1985.39 0.268133 -0.383047 -9.49956 0.198604 -0.181854 10.075 0.0855211 -0.0354302 -0.0539089
1985.41 0.191523 -0.268133 -9.49956 0.174676 -0.198604 10.081 0.0853684 -0.0313068 -0.0555887
1985.42 0.229828 -0.421352 -9.07821 0.155533 -0.193819 10.0702 0.0868956 -0.0364992 -0.0569632
1985.44 0.268133 -0.383047 -9.38465 0.161515 -0.20339 10.0546 0.0876591 -0.0320704 -0.057574
1985.46 0.268133 -0.421352 -9.57617 0.148355 -0.217747 10.0786 0.0875064 -0.036041 -0.0563523
1985.47 0.191523 -0.344742 -9.46126 0.154337 -0.214158 10.0702 0.0897971 -0.0348193 -0.0578795
1985.49 0.344742 -0.268133 -9.53786 0.113659 -0.196211 10.0606 0.0910189 -0.0361938 -0.0583376
1985.51 0.268133 -0.306437 -9.46126 0.137587 -0.187837 10.0762 0.0881173 -0.0311541 -0.0606284
1985.52 0.191523 -0.153219 -9.38465 0.124427 -0.179462 10.0774 0.0917825 -0.0404698 -0.0623082
1985.54 0.191523 -0.306437 -9.30804 0.12682 -0.168694 10.0666 0.0894917 -0.0343612 -0.0594066
1985.56 0.229828 -0.268133 -9.34634 0.128016 -0.142373 10.0786 0.0910189 -0.0368046 -0.0600175
1985.57 0.114914 -0.114914 -9.46126 0.133998 -0.132802 10.069 0.0933096 -0.0381791 -0.0630718
1985.59 0.229828 -0.229828 -9.46126 0.143569 -0.125623 10.0786 0.0911716 -0.0369573 -0.0600175
1985.61 0.268133 -0.344742 -9.38465 0.151944 -0.133998 10.0678 0.0890336 -0.0331394 -0.0604756
1985.62 0.153219 -0.191523 -9.46126 0.151944 -0.0993021 10.0487 0.0867428 -0.0299324 -0.0568105
1985.64 0.268133 -0.268133 -9.61448 0.168694 -0.0849452 10.0642 0.0901026 -0.0377209 -0.0601702
1985.66 0.268133 -0.153219 -9.42295 0.162712 -0.0909272 10.0762 0.0888809 -0.0329867 -0.0598648
1985.67 0.114914 -0.421352 -9.38465 0.166301 -0.0945165 10.0678 0.0913243 -0.0366519 -0.0595593
1985.69 0.153219 -0.306437 -9.46126 0.174676 -0.0681954 10.0738 0.0881173 -0.032834 -0.0581849
1985.71 0.153219 -0.0766094 -9.46126 0.162712 -0.0717846 10.0666 0.0879646 -0.034972 -0.0577268
1985.72 0.191523 -0.344742 -9.34634 0.178265 -0.0550349 10.063 0.0873537 -0.0355829 -0.056505
1985.74 0.306437 -0.229828 -9.72939 0.161515 -0.0658026 10.0917 0.08827 -0.032834 -0.0572686
1985.76 0.153219 -0.191523 -9.46126 0.15673 -0.0502493 10.0618 0.0864374 -0.0325286 -0.056505
1985.77 0.0 -0.0766094 -9.8443 0.143569 -0.0526421 10.0678 0.0884227 -0.0361938 -0.0555887
1985.79 0.229828 -0.229828 -9.46126 0.136391 -0.0442672 10.0714 0.0881173 -0.0355829 -0.0545197
1985.81 0.153219 -0.229828 -9.46126 0.142373 -0.061017 10.069 0.0885754 -0.0386372 -0.0549779
1985.82 0.229828 -0.191523 -9.42295 0.118445 -0.0717846 10.0714 0.0868956 -0.0345139 -0.054367
1985.84 0.153219 -0.268133 -9.76769 0.112463 -0.0825523 10.0678 0.0852157 -0.0343612 -0.0523817
1985.85 0.114914 -0.268133 -9.46126 0.124427 -0.0957129 10.0738 0.0841467 -0.0297797 -0.052229
1985.87 0.191523 -0.268133 -9.49956 0.129212 -0.120837 10.0582 0.0835358 -0.0354302 -0.0540616
1985.89 0.229828 -0.344742 -9.57617 0.125623 -0.142373 10.069 0.0859793 -0.0348193 -0.052229
1985.9 0.153219 -0.383047 -9.46126 0.129212 -0.135194 10.0642 0.0838412 -0.0331394 -0.0540616
1985.92 0.191523 -0.229828 -9.38465 0.147159 -0.155533 10.0822 0.0849102 -0.0375682 -0.0549779
1985.94 0.114914 -0.306437 -9.30804 0.145962 -0.177069 10.075 0.0844521 -0.0342084 -0.0510072
1985.95 0.153219 -0.306437 -9.42295 0.137587 -0.180658 10.0654 0.0849102 -0.0361938 -0.0546724
1985.97 0.153219 -0.459656 -9.26973 0.160319 -0.189033 10.0738 0.0856738 -0.0372628 -0.0549779
1985.99 0.191523 -0.306437 -9.38465 0.150748 -0.199801 10.0726 0.0836885 -0.0311541 -0.0555887
1986.0 0.0766094 -0.268133 -9.61448 0.160319 -0.185444 10.0726 0.0868956 -0.033903 -0.0536034
1986.02 0.153219 -0.383047 -9.49956 0.155533 -0.187837 10.0678 0.086132 -0.0340557 -0.0568105
1986.04 0.114914 -0.306437 -9.49956 0.171087 -0.195015 10.0654 0.0881173 -0.0383318 -0.057574
1986.05 0.0766094 -0.268133 -9.42295 0.190229 -0.215354 10.0833 0.0887282 -0.0383318 -0.0560469
1986.07 0.153219 -0.344742 -9.57617 0.183051 -0.200997 10.0702 0.0879646 -0.0322231 -0.0568105
1986.09 0.114914 -0.344742 -9.46126 0.184247 -0.196211 10.0714 0.0859793 -0.029627 -0.0561996
1986.1 0.114914 -0.306437 -9.38465 0.195015 -0.197408 10.0666 0.0873537 -0.0290161 -0.0592539
1986.12 0.268133 -0.268133 -9.46126 0.187837 -0.185444 10.0666 0.0907135 -0.0368046 -0.0595593
1986.13 0.306437 -0.268133 -9.34634 0.181854 -0.197408 10.0546 0.0911716 -0.03711 -0.0594066
1986.15 0.153219 -0.268133 -9.46126 0.181854 -0.149551 10.075 0.0933096 -0.0369573 -0.0609338
1986.17 0.153219 -0.344742 -9.19312 0.180658 -0.133998 10.0762 0.0913243 -0.0331394 -0.0626137
1986.18 0.191523 -0.229828 -9.42295 0.162712 -0.122034 10.0582 0.0907135 -0.0319177 -0.0623082
1986.2 0.114914 -0.229828 -9.57617 0.167498 -0.114855 10.0666 0.0917825 -0.0366519 -0.0642935
1986.22 0.306437 -0.191523 -9.49956 0.161515 -0.0849452 10.0738 0.0907135 -0.0329867 -0.0607811
1986.23 0.268133 -0.153219 -9.49956 0.157926 -0.0909272 10.0726 0.0885754 -0.0346666 -0.0604756
1986.25 0.153219 -0.191523 -9.49956 0.155533 -0.09332 10.063 0.090408 -0.0331394 -0.0594066
1986.27 0.268133 -0.114914 -9.46126 0.137587 -0.0849452 10.0487 0.0896445 -0.0331394 -0.0594066
1986.28 0.191523 -0.268133 -9.42295 0.125623 -0.0813559 10.0702 0.0920879 -0.0392481 -0.0610865
1986.3 0.306437 -0.229828 -9.26973 0.125623 -0.0777667 10.0654 0.0879646 -0.0305433 -0.0589485
1986.32 0.153219 -0.229828 -9.49956 0.119641 -0.0753739 10.0642 0.0894917 -0.0355829 -0.0610865
1986.33 0.229828 -0.229828 -9.49956 0.119641 -0.0681954 10.0666 0.090408 -0.03711 -0.0603229
1986.35 0.153219 -0.229828 -9.61448 0.135194 -0.0693918 10.0762 0.087201 -0.0326813 -0.0566577
1986.37 0.229828 -0.229828 -9.38465 0.106481 -0.0717846 10.0618 0.0879646 -0.0369573 -0.0566577
1986.38 0.191523 -0.268133 -9.38465 0.122034 -0.0574277 10.0702 0.0876591 -0.0343612 -0.0537561
1986.4 0.191523 -0.268133 -9.61448 0.122034 -0.0717846 10.0774 0.0894917 -0.0398589 -0.0557414
1986.41 0.0766094 -0.229828 -9.49956 0.113659 -0.0765703 10.0738 0.0873537 -0.0343612 -0.0555887
1986.43 0.191523 -0.191523 -9.42295 0.108873 -0.0801595 10.0869 0.0838412 -0.0305433 -0.052229
1986.45 0.114914 -0.268133 -9.38465 0.106481 -0.100499 10.075 0.0855211 -0.0342084 -0.0519235
1986.46 0.268133 -0.153219 -9.42295 0.112463 -0.108873 10.0714 0.0868956 -0.0372628 -0.0540616
1986.48 0.153219 -0.306437 -9.61448 0.12682 -0.108873 10.0666 0.0846048 -0.0342084 -0.0534507
1986.5 0.153219 -0.268133 -9.57617 0.143569 -0.133998 10.0726 0.0852157 -0.0364992 -0.0525344
1986.51 0.191523 -0.268133 -9.26973 0.148355 -0.135194 10.0618 0.0849102 -0.0342084 -0.0519235
1986.53 0.191523 -0.306437 -9.49956 0.162712 -0.151944 10.0762 0.0855211 -0.034972 -0.0534507
1986.55 0.153219 -0.383047 -9.38465 0.162712 -0.141176 10.0869 0.0830777 -0.0313068 -0.0531453
1986.56 0.0766094 -0.344742 -9.42295 0.159123 -0.15673 10.0666 0.0879646 -0.0403171 -0.054367
1986.58 0.0766094 -0.306437 -9.53786 0.180658 -0.167498 10.0714 0.0864374 -0.0343612 -0.0548251
1986.6 0.153219 -0.306437 -9.42295 0.166301 -0.167498 10.0594 0.086132 -0.0366519 -0.0534507
1986.61 0.153219 -0.383047 -9.76769 0.206979 -0.16989 10.069 0.0856738 -0.0355829 -0.0542143
1986.63 0.0383047 -0.421352 -9.30804 0.200997 -0.18664 10.0642 0.0879646 -0.0372628 -0.055436
1986.65 0.191523 -0.421352 -9.46126 0.210568 -0.185444 10.0714 0.0876591 -0.0355829 -0.0555887
1986.66 0.0766094 -0.306437 -9.38465 0.223729 -0.20339 10.0726 0.0920879 -0.0412334 -0.057574
1986.68 0.0766094 -0.306437 -9.46126 0.226122 -0.205783 10.0738 0.0894917 -0.0334449 -0.0586431
1986.69 0.191523 -0.344742 -9.11651 0.242871 -0.18664 10.0762 0.0875064 -0.0287107 -0.0581849
1986.71 0.191523 -0.153219 -9.61448 0.210568 -0.196211 10.0618 0.0873537 -0.0285579 -0.0598648
1986.72 0.268133 -0.229828 -9.42295 0.205783 -0.185444 10.069 0.0862847 -0.0288634 -0.057574
1986.74 0.153219 -0.344742 -9.57617 0.190229 -0.187837 10.0606 0.0891863 -0.029627 -0.0603229
1986.75 0.268133 -0.306437 -9.49956 0.183051 -0.16989 10.075 0.0890336 -0.0323759 -0.0606284
1986.77 0.153219 -0.344742 -9.42295 0.183051 -0.15673 10.0666 0.0907135 -0.033903 -0.0623082
1986.78 0.191523 -0.268133 -9.42295 0.160319 -0.149551 10.0714 0.0911716 -0.0340557 -0.0607811
1986.8 0.191523 -0.229828 -9.46126 0.150748 -0.128016 10.069 0.0894917 -0.0300851 -0.0618501
1987.41 0.153219 -0.344742 -9.42295 0.135194 -0.17348 10.0786 0.0894917 -0.0351248 -0.0607811
1987.43 0.0766094 -0.268133 -9.61448 0.168694 -0.155533 10.057 0.089339 -0.0337503 -0.0587958
1987.45 0.114914 -0.153219 -9.57617 0.17348 -0.113659 10.0798 0.0881173 -0.0313068 -0.0603229
1987.46 0.191523 -0.191523 -9.57617 0.183051 -0.102891 10.0738 0.0888809 -0.0323759 -0.0609338
1987.48 0.114914 -0.153219 -9.42295 0.172283 -0.0825523 10.0618 0.0899499 -0.0320704 -0.0618501
1987.5 0.153219 -0.114914 -9.38465 0.195015 -0.0705882 10.0786 0.0890336 -0.0343612 -0.0601702
1987.51 0.191523 -0.268133 -9.53786 0.180658 -0.0658026 10.0822 0.086132 -0.0308487 -0.0586431
1987.54 0.153219 -0.229828 -9.15482 0.154337 -0.061017 10.0654 0.0867428 -0.0310014 -0.0598648
1987.55 0.191523 -0.268133 -9.38465 0.143569 -0.0681954 10.0774 0.0858265 -0.0279471 -0.0572686
1987.57 0.344742 -0.191523 -9.53786 0.124427 -0.0837488 10.0678 0.0876591 -0.0313068 -0.0571159
1987.59 0.191523 -0.268133 -9.57617 0.120837 -0.0837488 10.0594 0.0868956 -0.0334449 -0.0558941
1987.6 0.306437 -0.0766094 -9.57617 0.116052 -0.0981057 10.0714 0.0875064 -0.0355829 -0.0569632
1987.62 0.191523 -0.191523 -9.76769 0.113659 -0.0981057 10.069 0.0855211 -0.0300851 -0.0561996
1987.64 0.114914 -0.114914 -9.46126 0.119641 -0.0765703 10.0714 0.0896445 -0.0381791 -0.0572686
1987.65 0.191523 -0.191523 -9.34634 0.129212 -0.0741775 10.0798 0.0876591 -0.0345139 -0.056505
1987.67 0.191523 -0.268133 -9.42295 0.114855 -0.0681954 10.0642 0.0846048 -0.0332921 -0.054367
1987.69 0.0766094 -0.191523 -9.49956 0.135194 -0.066999 10.069 0.0875064 -0.0404698 -0.0537561
1987.7 0.229828 -0.153219 -9.46126 0.129212 -0.0849452 10.0582 0.0833831 -0.0299324 -0.0540616
1987.72 0.306437 -0.191523 -9.34634 0.135194 -0.09332 10.0702 0.0827722 -0.0340557 -0.0537561
1987.74 0.114914 -0.268133 -9.46126 0.128016 -0.125623 10.0762 0.0878119 -0.0392481 -0.0540616
1987.75 0.229828 -0.306437 -9.46126 0.131605 -0.151944 10.0702 0.0844521 -0.03711 -0.0513127
1987.77 0.114914 -0.153219 -9.23143 0.142373 -0.163908 10.081 0.0859793 -0.036041 -0.0525344
1987.79 0.191523 -0.383047 -9.46126 0.141176 -0.16989 10.0833 0.0842994 -0.0288634 -0.0510072
1987.8 0.191523 -0.268133 -9.03991 0.155533 -0.189033 10.0666 0.0875064 -0.0423024 -0.0529926
1987.82 0.191523 -0.344742 -9.53786 0.190229 -0.22014 10.0798 0.0881173 -0.0395535 -0.0537561
1987.84 0.191523 -0.306437 -9.42295 0.192622 -0.208175 10.0726 0.086132 -0.0358883 -0.054367
1987.85 0.0383047 -0.344742 -9.42295 0.20339 -0.20339 10.0666 0.0876591 -0.0372628 -0.0529926
1987.87 0.153219 -0.306437 -9.30804 0.210568 -0.175872 10.0714 0.0858265 -0.0313068 -0.0578795
1987.89 0.0766094 -0.306437 -9.23143 0.218943 -0.178265 10.0726 0.0899499 -0.0374155 -0.0580322
1987.9 0.0383047 -0.306437 -9.42295 0.21655 -0.174676 10.0546 0.087201 -0.0323759 -0.0566577
1987.92 0.191523 -0.268133 -9.34634 0.204586 -0.168694 10.063 0.0894917 -0.0383318 -0.0580322
1987.94 0.114914 -0.306437 -9.42295 0.202193 -0.159123 10.0594 0.0890336 -0.033903 -0.0589485
1987.95 0.229828 -0.306437 -8.96329 0.185444 -0.165105 10.0678 0.0891863 -0.0325286 -0.0586431
1987.97 0.191523 -0.344742 -9.38465 0.174676 -0.175872 10.0786 0.0888809 -0.0314596 -0.0598648
1987.99 0.153219 -0.306437 -9.30804 0.157926 -0.175872 10.069 0.0884227 -0.0332921 -0.0600175
1988.0 0.191523 -0.268133 -9.42295 0.161515 -0.165105 10.0594 0.0891863 -0.0325286 -0.0591012
1988.02 0.268133 -0.306437 -9.34634 0.15673 -0.183051 10.0714 0.0901026 -0.0320704 -0.0603229
1988.04 0.191523 -0.268133 -9.61448 0.151944 -0.160319 10.0618 0.0916298 -0.0361938 -0.062461
1988.05 0.229828 -0.306437 -9.53786 0.151944 -0.12682 10.0714 0.0896445 -0.030696 -0.0606284
1988.07 0.268133 -0.306437 -9.26973 0.15673 -0.0969093 10.0726 0.0919352 -0.0354302 -0.0632245
1988.09 0.268133 -0.268133 -9.46126 0.143569 -0.0909272 10.0678 0.0890336 -0.0316123 -0.0613919
1988.1 0.0766094 -0.191523 -9.53786 0.151944 -0.0705882 10.0798 0.0910189 -0.033903 -0.0616974
1988.12 0.191523 -0.229828 -9.49956 0.111266 -0.0586241 10.075 0.0920879 -0.0380264 -0.0623082
1988.14 0.421352 -0.306437 -9.46126 0.116052 -0.061017 10.0654 0.0894917 -0.031765 -0.0597121
1988.15 0.229828 -0.191523 -9.42295 0.0909272 -0.0490528 10.0714 0.0875064 -0.0299324 -0.0578795
1988.17 0.114914 -0.191523 -9.38465 0.0885344 -0.0622134 10.0786 0.086132 -0.033903 -0.0577268
1988.18 0.114914 -0.153219 -9.42295 0.0885344 -0.0741775 10.0726 0.0870483 -0.0364992 -0.0581849
1988.2 0.153219 -0.191523 -9.38465 0.100499 -0.0693918 10.0798 0.0887282 -0.0398589 -0.0561996
1988.22 0.114914 -0.191523 -9.53786 0.119641 -0.0945165 10.0618 0.083994 -0.0320704 -0.053298
1988.23 0.114914 -0.268133 -9.11651 0.120837 -0.0921237 10.0618 0.0884227 -0.0380264 -0.0539089
1988.25 0.153219 -0.268133 -9.57617 0.135194 -0.0861416 10.0786 0.0862847 -0.0375682 -0.0526871
1988.26 0.268133 -0.268133 -9.38465 0.145962 -0.0861416 10.0666 0.0873537 -0.0421497 -0.0545197
1988.28 0.383047 -0.191523 -9.49956 0.167498 -0.0849452 10.063 0.0888809 -0.0403171 -0.0558941
1988.3 0.114914 -0.229828 -9.57617 0.165105 -0.0921237 10.0702 0.0870483 -0.0358883 -0.0536034
1988.31 -0.0383047 -0.306437 -9.19312 0.148355 -0.0658026 10.0642 0.0841467 -0.0332921 -0.054367
1988.33 0.191523 -0.229828 -9.49956 0.166301 -0.0789631 10.0714 0.0856738 -0.0340557 -0.0549779
1988.35 0.268133 -0.229828 -9.72939 0.160319 -0.09332 10.0738 0.0855211 -0.0364992 -0.0539089
1988.36 0.153219 -0.191523 -9.42295 0.148355 -0.112463 10.069 0.085063 -0.0378736 -0.0525344
1988.38 0.153219 -0.383047 -9.53786 0.15673 -0.131605 10.0582 0.0855211 -0.0380264 -0.0537561
1988.4 0.114914 -0.306437 -9.49956 0.15673 -0.168694 10.063 0.0884227 -0.0390954 -0.053298
1988.41 0.306437 -0.268133 -9.30804 0.171087 -0.175872 10.0869 0.0859793 -0.0351248 -0.0525344
1988.43 0.191523 -0.306437 -9.38465 0.183051 -0.185444 10.0678 0.0858265 -0.0397062 -0.0531453
1988.45 0.191523 -0.268133 -9.49956 0.195015 -0.199801 10.0666 0.0847575 -0.036041 -0.0548251
1988.46 0.114914 -0.306437 -9.42295 0.202193 -0.198604 10.0666 0.0849102 -0.0303905 -0.0551306
1988.48 0.229828 -0.191523 -9.30804 0.214158 -0.184247 10.0642 0.0897971 -0.0406225 -0.0557414
1988.49 0.114914 -0.383047 -9.76769 0.205783 -0.202193 10.0666 0.0896445 -0.0383318 -0.0580322
1988.51 0.153219 -0.229828 -9.69109 0.20339 -0.193819 10.0654 0.0876591 -0.0320704 -0.0580322
1988.53 0.114914 -0.268133 -9.42295 0.18664 -0.190229 10.075 0.0858265 -0.0290161 -0.0569632
1988.54 0.191523 -0.306437 -9.38465 0.163908 -0.191426 10.0738 0.0885754 -0.0334449 -0.0589485
1988.56 0.114914 -0.344742 -9.42295 0.147159 -0.181854 10.0666 0.0885754 -0.0322231 -0.0591012
1988.58 0.191523 -0.229828 -9.30804 0.142373 -0.175872 10.0702 0.0922406 -0.0345139 -0.0589485
1988.59 0.153219 -0.268133 -9.49956 0.124427 -0.163908 10.0642 0.0910189 -0.0357356 -0.0609338
1988.61 0.153219 -0.344742 -9.65278 0.135194 -0.162712 10.1097 0.0885754 -0.0322231 -0.056505
1988.63 0.229828 -0.268133 -9.34634 0.105284 -0.162712 10.0164 0.0894917 -0.0352775 -0.0561996
1988.64 0.114914 -0.306437 -9.34634 0.159123 -0.227318 10.1432 0.0899499 -0.0369573 -0.0604756
1988.66 0.0766094 -0.153219 -9.57617 0.168694 -0.0981057 10.0558 0.0899499 -0.0346666 -0.0653626
1988.68 0.114914 -0.383047 -9.42295 0.228514 -0.160319 10.0175 0.0881173 -0.0366519 -0.0687223
1988.69 0.0766094 -0.344742 -9.57617 0.251246 -0.254835 10.0881 0.087201 -0.033903 -0.0652099
1988.71 0.229828 -0.229828 -9.46126 0.130409 -0.20339 9.99482 0.0934624 -0.0297797 -0.0496328
1988.73 0.383047 0.0383047 -9.49956 -0.0155533 0.174676 10.0774 0.0965167 -0.0363465 -0.0482583
1988.74 0.191523 -0.191523 -9.53786 0.112463 0.00598205 10.1216 0.0852157 -0.0322231 -0.0697913
1988.76 0.0383047 -0.268133 -9.57617 0.168694 -0.160319 10.0558 0.0858265 -0.0335976 -0.071624
1988.78 0.191523 -0.229828 -9.46126 0.141176 -0.145962 10.0774 0.0873537 -0.0302378 -0.0694859
1988.79 0.0766094 -0.114914 -9.53786 0.0765703 0.112463 10.0833 0.0928515 -0.0374155 -0.0432187
1988.81 0.229828 -0.229828 -9.26973 0.116052 -0.112463 10.0798 0.083994 -0.0358883 -0.0653626
1988.83 0.268133 -0.383047 -9.34634 0.18664 -0.270389 10.057 0.0849102 -0.0409279 -0.0864374
1988.84 0.383047 -0.229828 -9.34634 0.18664 -0.163908 10.0714 0.0896445 -0.0337503 -0.0800233
1988.86 0.114914 -0.114914 -9.46126 0.202193 0.020339 10.0989 0.0878119 -0.0316123 -0.0597121
1988.88 0.153219 -0.229828 -9.30804 0.165105 0.0574277 10.0738 0.0878119 -0.0316123 -0.0423024
1988.89 0.153219 -0.229828 -9.42295 0.142373 -0.131605 10.0905 0.0838412 -0.0342084 -0.0592539
1988.91 0.0766094 -0.191523 -9.61448 0.199801 -0.159123 10.0678 0.0832304 -0.0300851 -0.0908662
1988.93 0.268133 -0.191523 -9.38465 0.0753739 0.0287139 10.057 0.0867428 -0.0297797 -0.0587958
1988.94 0.383047 -0.229828 -9.26973 0.0837488 -0.00957129 10.0678 0.08827 -0.0357356 -0.0383318
1988.96 0.191523 -0.268133 -9.53786 0.113659 -0.132802 10.0582 0.0856738 -0.0392481 -0.0394008
1988.98 0.268133 -0.344742 -9.42295 0.132802 -0.104088 10.0534 0.0876591 -0.0400117 -0.0827722
1988.99 0.191523 -0.459656 -9.26973 0.0945165 -0.141176 10.1109 0.0858265 -0.0395535 -0.0682642
1989.01 0.191523 -0.268133 -9.42295 0.113659 -0.204586 10.0546 0.0829249 -0.0323759 -0.043066
1989.03 0.114914 -0.383047 -9.11651 0.215354 -0.256032 10.0893 0.0849102 -0.0326813 -0.0461203
1989.04 0.229828 -0.306437 -9.49956 0.191426 -0.171087 10.0965 0.087201 -0.0358883 -0.071624
1989.06 0.0383047 -0.268133 -9.61448 0.199801 -0.166301 10.0307 0.0844521 -0.0314596 -0.0824668
1989.07 0.114914 -0.383047 -9.42295 0.21655 -0.259621 10.0941 0.0862847 -0.036041 -0.068875
1989.09 0.153219 -0.306437 -9.61448 0.264407 -0.252443 10.0738 0.086132 -0.0290161 -0.0552833
1989.11 0.229828 -0.229828 -9.42295 0.162712 -0.167498 10.069 0.0910189 -0.0337503 -0.0759
1989.12 0.114914 -0.268133 -9.61448 0.12323 -0.0334995 10.0857 0.0928515 -0.0378736 -0.0708604
1989.14 0.114914 -0.153219 -9.42295 0.17348 -0.104088 10.0666 0.0868956 -0.0325286 -0.0682642
1989.16 0.191523 -0.191523 -9.61448 0.175872 -0.15673 10.063 0.089339 -0.0332921 -0.0447459
1989.17 0.191523 -0.268133 -9.46126 0.0909272 -0.111266 10.0881 0.0902553 -0.0331394 -0.0279471
1989.19 0.268133 -0.114914 -9.61448 0.0179462 -0.0705882 10.069 0.0899499 -0.0337503 -0.0187841
1989.21 0.229828 -0.153219 -9.38465 0.0801595 -0.026321 10.0786 0.0920879 -0.0351248 0.0109956
1989.22 0.191523 -0.153219 -9.61448 0.0753739 -0.0382852 10.0582 0.0890336 -0.0377209 -0.0334449
1989.24 0.306437 -0.344742 -9.38465 0.12323 -0.221336 10.0893 0.0853684 -0.043066 -0.0618501
1989.26 0.153219 -0.497961 -9.07821 0.175872 -0.464207 10.0439 0.0846048 -0.034972 -0.0766636
1989.27 0.153219 -0.344742 -9.26973 0.321834 -0.226122 10.0738 0.0975857 -0.0381791 0.00519235
1989.29 0.114914 -0.114914 -9.30804 0.230907 0.00717846 10.0714 0.0977384 -0.0331394 0.0310014
1989.31 0.0766094 -0.0766094 -9.38465 0.0717846 0.148355 10.0582 0.0930042 -0.0357356 -0.0100793
1989.32 0.114914 -0.229828 -9.34634 0.148355 -0.0502493 10.0654 0.0829249 -0.0384845 -0.0981966
1989.34 0.0766094 -0.383047 -9.42295 0.252443 -0.141176 10.063 0.0829249 -0.0354302 -0.0975857
1989.36 0.306437 -0.306437 -9.46126 0.177069 -0.13998 10.0798 0.0838412 -0.0319177 -0.0207694
1989.37 0.421352 -0.229828 -9.34634 -0.0323031 -0.0717846 10.0343 0.089339 -0.032834 -0.00610865
1989.39 0.344742 -0.191523 -9.46126 0.0191426 -0.0442672 10.0618 0.0846048 -0.0346666 -0.0723875
1989.4 0.191523 -0.229828 -9.46126 0.114855 -0.131605 10.0857 0.0810924 -0.0400117 -0.0946841
1989.42 0.229828 -0.268133 -9.38465 0.0969093 -0.0885344 10.0618 0.0888809 -0.0421497 -0.0595593
1989.44 0.268133 -0.191523 -9.72939 0.0969093 -0.00957129 10.0774 0.0888809 -0.0355829 0.00458149
1989.45 0.344742 -0.153219 -9.49956 0.199801 -0.0442672 10.0762 0.0820086 -0.0397062 -0.0620028
1989.47 0.0766094 -0.306437 -9.30804 0.215354 -0.177069 10.0762 0.0772744 -0.0400117 -0.124616
1989.49 0.0766094 -0.536266 -9.38465 0.287139 -0.321834 10.0594 0.083994 -0.0416915 -0.100487
1989.5 0.0 -0.383047 -9.49956 0.327816 -0.248853 10.0702 0.090408 -0.0384845 -0.0264199
1989.52 -0.0766094 -0.229828 -9.46126 0.22014 -0.107677 10.0642 0.0888809 -0.0322231 -0.0458149
1989.54 0.229828 -0.229828 -9.61448 0.163908 -0.116052 10.0522 0.0856738 -0.034972 -0.0826195
1989.55 0.191523 -0.421352 -9.42295 0.187837 -0.264407 10.0786 0.0824668 -0.0394008 -0.119271
1989.57 0.114914 -0.459656 -9.23143 0.232104 -0.374477 10.0642 0.0849102 -0.0316123 -0.0632245
1989.59 0.268133 -0.383047 -9.49956 0.151944 -0.34337 10.0762 0.0936151 -0.0358883 -0.0368046
1989.6 0.229828 -0.229828 -9.92091 0.0430708 -0.104088 10.0594 0.0910189 -0.0326813 -0.0491747
1989.62 0.268133 -0.229828 -9.49956 0.125623 -0.0777667 10.0833 0.08827 -0.0369573 -0.0800233
1989.64 0.344742 -0.383047 -9.57617 0.196211 -0.260818 10.0522 0.0862847 -0.0329867 -0.0736092
1989.65 0.191523 -0.229828 -9.38465 0.178265 -0.269192 10.0869 0.0896445 -0.0335976 -0.0542143
1989.67 0.153219 -0.191523 -9.49956 0.16989 -0.100499 10.0726 0.0966694 -0.0413861 -0.0394008
1989.69 0.114914 -0.268133 -9.57617 0.2668 -0.0586241 10.075 0.0899499 -0.0383318 -0.0639881
1989.7 0.191523 -0.383047 -9.26973 0.245264 -0.184247 10.1109 0.0879646 -0.0340557 -0.0650571
1989.72 0.0766094 -0.268133 -9.49956 0.17348 -0.198604 10.0606 0.0917825 -0.036041 -0.0491747
1989.74 0.191523 -0.191523 -9.806 0.167498 -0.0550349 10.0475 0.0948368 -0.0346666 -0.047342
1989.75 0.0766094 -0.344742 -9.49956 0.256032 -0.22014 10.1013 0.0879646 -0.0329867 -0.087201
1989.77 0.114914 -0.497961 -9.46126 0.184247 -0.291924 10.0726 0.0868956 -0.0310014 -0.0823141
1989.78 0.191523 -0.306437 -9.34634 0.0526421 -0.119641 10.0965 0.0981966 -0.0345139 -0.0491747
1989.8 0.344742 0.0383047 -9.42295 0.0490528 0.0586241 10.075 0.0969748 -0.0319177 -0.0308487
1989.82 0.344742 0.0 -9.53786 -0.0143569 0.181854 10.0606 0.0954477 -0.0383318 -0.0445931
1989.83 0.229828 -0.344742 -9.46126 0.0813559 -0.0681954 10.1001 0.0798706 -0.031765 -0.103542
1989.85 0.191523 -0.344742 -9.42295 0.159123 -0.159123 10.0929 0.085063 -0.0325286 -0.0919352
1989.86 0.306437 -0.229828 -9.57617 0.187837 -0.0705882 10.0678 0.0910189 -0.0357356 -0.0528398
1989.88 0.229828 -0.0766094 -9.46126 0.117248 0.0454636 10.1025 0.0896445 -0.0320704 -0.0364992
1989.9 0.153219 -0.191523 -9.42295 0.153141 -0.0239282 10.0738 0.0823141 -0.0329867 -0.0627664
1989.91 0.153219 -0.268133 -9.38465 0.204586 -0.200997 10.0463 0.0807869 -0.0329867 -0.098502
1989.93 0.153219 -0.191523 -9.23143 0.22014 -0.191426 10.0965 0.0836885 -0.0297797 -0.0696386
1989.95 0.229828 0.0 -9.46126 0.136391 0.0107677 10.0451 0.0911716 -0.0343612 -0.0138972
1989.96 0.344742 -0.0766094 -9.49956 0.0526421 0.104088 10.0714 0.0868956 -0.0389426 -0.0380264
1989.98 0.229828 -0.306437 -8.96329 0.0789631 -0.020339 10.069 0.0783434 -0.0361938 -0.119882
1990.0 0.0766094 -0.459656 -9.46126 0.143569 -0.372084 10.0822 0.0765108 -0.0358883 -0.135154
1990.01 0.0766094 -0.421352 -9.42295 0.197408 -0.352941 10.0845 0.08827 -0.0389426 -0.06353
1990.03 0.229828 -0.344742 -9.49956 0.0574277 -0.0861416 10.0774 0.0951423 -0.0322231 0.0065668
1990.05 0.344742 -0.114914 -9.57617 -0.0131605 -0.00119641 10.0666 0.0928515 -0.0319177 0.00778853
1990.06 0.191523 -0.229828 -9.46126 0.0993021 -0.0837488 10.0582 0.0835358 -0.0335976 -0.0552833
1990.08 0.191523 -0.306437 -9.72939 0.25005 -0.136391 10.0786 0.0846048 -0.0340557 -0.0578795
1990.1 0.191523 -0.191523 -9.34634 0.159123 0.00239282 10.0068 0.091477 -0.0357356 -0.00427606
1990.11 0.191523 -0.191523 -9.53786 0.0921237 0.0442672 10.1037 0.0891863 -0.034972 -0.00885754
1990.13 0.114914 -0.191523 -9.34634 0.256032 -0.066999 10.0463 0.083994 -0.0410807 -0.0555887
1990.15 -0.0383047 -0.383047 -9.57617 0.29671 -0.354138 10.0726 0.0778853 -0.036041 -0.102473
1990.16 0.0383047 -0.459656 -9.30804 0.25005 -0.4666 10.0546 0.0894917 -0.0345139 -0.0383318
1990.18 0.0 -0.268133 -9.42295 0.100499 -0.247657 10.063 0.0922406 -0.0368046 -0.00534507
1990.2 0.268133 -0.191523 -9.46126 0.087338 -0.04666 10.0714 0.0917825 -0.0374155 -0.0299324
1990.21 0.268133 -0.268133 -9.42295 0.132802 -0.264407 10.0678 0.0823141 -0.0383318 -0.106749
1990.23 0.0383047 -0.497961 -9.38465 0.163908 -0.374477 10.0582 0.0833831 -0.0395535 -0.128587
1990.25 0.229828 -0.421352 -9.49956 0.272782 -0.334995 10.0726 0.0910189 -0.0386372 -0.0810924
1990.26 0.153219 -0.306437 -9.53786 0.184247 -0.066999 10.0798 0.0926988 -0.0313068 -0.0294742
1990.28 0.229828 -0.114914 -9.42295 0.148355 -0.0299103 10.0798 0.0890336 -0.0335976 -0.0536034
1990.3 0.229828 0.0 -9.49956 0.171087 -0.00119641 10.0702 0.0891863 -0.0372628 -0.0754418
1990.31 0.0766094 -0.268133 -9.38465 0.269192 -0.0598205 10.051 0.0826195 -0.0297797 -0.096364
1990.33 0.0383047 -0.268133 -9.8443 0.264407 -0.241675 10.0642 0.0868956 -0.0293215 -0.046273
1990.35 0.153219 -0.229828 -9.34634 0.159123 -0.148355 10.0881 0.0916298 -0.0294742 -0.0242819
1990.36 0.153219 -0.191523 -9.49956 0.0993021 -0.0849452 10.0965 0.0884227 -0.0326813 -0.0537561
1990.38 0.114914 -0.344742 -9.42295 0.209372 -0.222532 10.0786 0.0864374 -0.0389426 -0.0818559
1990.4 0.229828 -0.421352 -9.61448 0.177069 -0.248853 10.0451 0.090408 -0.0332921 -0.0536034
1990.41 0.153219 -0.344742 -9.42295 0.0957129 -0.314656 10.0606 0.0899499 -0.0291688 -0.0348193
1990.43 0.114914 -0.153219 -9.53786 0.168694 -0.111266 10.081 0.0928515 -0.0300851 -0.0409279
1990.45 0.114914 -0.191523 -9.42295 0.161515 -0.0454636 10.0726 0.0907135 -0.033903 -0.0740674
1990.46 0.114914 -0.344742 -9.42295 0.157926 -0.12323 10.0582 0.090408 -0.0308487 -0.0636827
1990.48 0.153219 -0.191523 -9.61448 0.102891 -0.0514457 10.075 0.0925461 -0.0334449 -0.0536034
1990.49 0.114914 -0.114914 -9.46126 0.20339 0.128016 10.0558 0.0933096 -0.0404698 -0.0488692
1990.51 0.421352 -0.191523 -9.38465 0.0837488 0.0334995 10.0822 0.0865901 -0.0340557 -0.0623082
1990.53 0.421352 -0.0383047 -9.42295 -0.00119641 0.0227318 10.0654 0.0833831 -0.0268781 -0.0707076
1990.54 0.153219 -0.229828 -9.34634 0.0538385 0.0275174 10.0881 0.0859793 -0.0358883 -0.0598648
1990.56 0.153219 -0.229828 -9.42295 0.180658 -0.0717846 10.0714 0.0838412 -0.0357356 -0.0536034
1990.58 0.344742 -0.306437 -9.38465 0.163908 -0.136391 10.1013 0.0833831 -0.0337503 -0.0491747
1990.59 0.344742 -0.306437 -9.42295 -0.00239282 -0.206979 10.075 0.0818559 -0.0291688 -0.0467312
1990.61 0.306437 -0.229828 -9.53786 0.142373 -0.145962 10.0606 0.0879646 -0.0374155 -0.0346666
1990.63 0.229828 -0.191523 -9.42295 0.119641 -0.0693918 10.0893 0.0887282 -0.036041 -0.0369573
1990.64 0.383047 -0.306437 -9.23143 0.0885344 -0.0634098 10.0714 0.083994 -0.0310014 -0.0508545
1990.66 0.191523 -0.114914 -9.34634 0.0550349 0.0 10.0666 0.083994 -0.0387899 -0.0754418
1990.68 0.0 -0.191523 -9.11651 0.302692 -0.0885344 10.0678 0.0826195 -0.0386372 -0.0679587
1990.69 0.0 -0.383047 -9.42295 0.330209 -0.232104 10.0774 0.0836885 -0.0345139 -0.0375682
1990.71 0.344742 -0.114914 -9.23143 0.0837488 -0.240479 10.0522 0.089339 -0.0412334 -0.0293215
1990.73 0.229828 -0.191523 -9.49956 0.137587 -0.0107677 10.0869 0.0875064 -0.0378736 -0.0502437
1990.74 0.191523 -0.229828 -9.806 0.179462 -0.113659 10.0666 0.0820086 -0.0369573 -0.0546724
1990.76 0.191523 -0.306437 -9.42295 0.179462 -0.240479 10.0678 0.0824668 -0.0369573 -0.055436
1990.78 0.191523 -0.344742 -9.53786 0.0969093 -0.253639 10.0666 0.0879646 -0.03711 -0.0508545
1990.79 0.0766094 -0.229828 -9.38465 0.224925 -0.0311067 10.0702 0.0897971 -0.0404698 -0.0479529
1990.81 0.268133 -0.421352 -9.42295 0.224925 -0.0885344 10.0475 0.0817032 -0.0334449 -0.056505
1990.82 0.153219 -0.459656 -9.46126 0.199801 -0.35653 10.0582 0.0821613 -0.0357356 -0.0539089
1990.84 0.0766094 -0.229828 -9.42295 0.271585 -0.32662 10.0714 0.0870483 -0.0311541 -0.0606284
1990.86 0.114914 -0.229828 -9.38465 0.221336 -0.112463 10.1324 0.0917825 -0.0363465 -0.0458149
1990.87 0.153219 -0.306437 -9.42295 0.184247 -0.138784 10.0475 0.0891863 -0.033903 -0.0566577
1990.89 0.153219 -0.383047 -9.49956 0.210568 -0.287139 10.1085 0.0896445 -0.0357356 -0.0687223
1990.91 0.0766094 -0.306437 -9.65278 0.27996 -0.181854 10.075 0.0936151 -0.0406225 -0.0661261
1990.92 0.0766094 -0.268133 -9.42295 0.18664 -0.131605 10.0259 0.0907135 -0.0314596 -0.0627664
1990.94 0.0766094 -0.306437 -9.46126 0.144766 -0.144766 10.0869 0.0881173 -0.0308487 -0.0592539
1990.96 0.0766094 -0.268133 -9.46126 0.206979 -0.244068 10.0499 0.085063 -0.0294742 -0.0659734
1990.97 -0.153219 -0.268133 -9.46126 0.179462 -0.137587 10.0594 0.0936151 -0.0302378 -0.0626137
1990.99 0.306437 -0.153219 -9.26973 0.0562313 -0.0334995 10.0618 0.0916298 -0.031765 -0.0380264
1991.01 0.268133 -0.191523 -9.23143 -0.00119641 0.00717846 10.0451 0.0943787 -0.0375682 -0.0467312
1991.02 0.191523 -0.306437 -9.34634 0.17348 -0.185444 10.1168 0.0868956 -0.0369573 -0.0702495
1991.04 0.0766094 -0.306437 -9.38465 0.180658 -0.275174 10.0415 0.086132 -0.033903 -0.0847575
1991.05 0.114914 -0.268133 -9.61448 0.197408 -0.22014 10.0869 0.0896445 -0.0320704 -0.0704022
1991.07 0.268133 -0.229828 -9.38465 0.125623 -0.0646062 10.0833 0.0969748 -0.0368046 -0.034972
1991.09 0.153219 -0.191523 -9.38465 0.181854 -0.0598205 10.0654 0.0936151 -0.0351248 -0.0471893
1991.1 0.153219 -0.268133 -9.38465 0.196211 -0.11007 10.1013 0.0891863 -0.0332921 -0.0824668
1991.12 0.0383047 -0.191523 -9.34634 0.132802 -0.0287139 10.0534 0.0878119 -0.0287107 -0.0783434
1991.13 0.114914 -0.114914 -9.46126 0.0705882 0.00717846 10.0905 0.0868956 -0.0271835 -0.0572686
1991.15 0.191523 -0.153219 -9.42295 0.0442672 0.0430708 10.0678 0.0881173 -0.0311541 -0.0302378
1991.16 0.344742 -0.0383047 -9.46126 0.0897308 0.026321 10.1037 0.0894917 -0.0378736 -0.073762
1991.18 0.268133 -0.229828 -9.07821 0.0490528 -0.0945165 10.0833 0.0835358 -0.0329867 -0.0858265
1991.19 0.191523 -0.229828 -9.57617 0.0705882 -0.0825523 10.0642 0.0870483 -0.0384845 -0.0540616
1991.21 0.191523 -0.191523 -9.34634 0.128016 -0.0861416 10.0702 0.0902553 -0.0389426 -0.0337503
1991.82 0.0 -0.268133 -9.42295 0.235693 -0.102891 10.063 0.0858265 -0.0392481 -0.0736092
1991.84 0.0 -0.229828 -9.23143 0.256032 -0.0646062 10.0738 0.0849102 -0.0323759 -0.0490219
1991.85 0.114914 -0.114914 -9.46126 0.16989 0.0981057 10.0845 0.090408 -0.0352775 -0.0238237
1991.87 0.0766094 -0.114914 -9.42295 0.229711 0.0622134 10.0833 0.0841467 -0.0372628 -0.0513127
1991.89 0.191523 -0.306437 -9.42295 0.200997 -0.0442672 10.081 0.0820086 -0.0346666 -0.068875
1991.9 0.306437 -0.268133 -9.53786 0.167498 -0.208175 10.0642 0.0800233 -0.0319177 -0.0659734
1991.92 0.191523 -0.306437 -9.46126 0.113659 -0.153141 10.13 0.0864374 -0.0375682 -0.0303905
1991.94 0.268133 -0.306437 -9.46126 0.113659 -0.155533 10.1168 0.0832304 -0.0357356 -0.0392481
1991.95 0.0383047 -0.344742 -9.46126 0.101695 -0.240479 10.0917 0.0807869 -0.0345139 -0.0771217
1991.97 0.153219 -0.306437 -9.49956 0.133998 -0.287139 10.118 0.0804815 -0.0300851 -0.0743728
1991.99 0.229828 -0.421352 -9.46126 0.179462 -0.253639 10.0427 0.0881173 -0.0394008 -0.0526871
1992.0 0.191523 -0.268133 -9.38465 0.179462 -0.120837 10.0726 0.0901026 -0.0366519 -0.0285579
1992.02 0.153219 -0.229828 -9.69109 0.183051 -0.0741775 10.0463 0.0910189 -0.0387899 -0.0369573
1992.03 0.153219 -0.268133 -9.30804 0.210568 -0.0287139 10.0307 0.086132 -0.0392481 -0.074831
1992.05 0.229828 -0.268133 -9.49956 0.264407 -0.165105 10.081 0.0864374 -0.0406225 -0.0539089
1992.07 0.153219 -0.306437 -9.42295 0.251246 -0.25005 10.0822 0.08827 -0.0348193 -0.0416915
1992.09 0.191523 -0.191523 -9.42295 0.245264 -0.117248 10.0822 0.0864374 -0.0300851 -0.0410807
1992.1 0.229828 -0.383047 -9.42295 0.142373 -0.196211 10.0917 0.0832304 -0.0300851 -0.0607811
1992.12 0.114914 -0.459656 -9.30804 0.181854 -0.439083 10.0403 0.0870483 -0.0381791 -0.0700968
1992.13 0.306437 -0.536266 -9.38465 0.145962 -0.424726 10.1073 0.089339 -0.0358883 -0.0609338
1992.15 0.191523 -0.383047 -9.69109 0.0861416 -0.319442 10.051 0.0956004 -0.0404698 -0.0549779
1992.17 0.306437 -0.306437 -9.49956 0.00717846 -0.177069 10.0606 0.0901026 -0.0310014 -0.0529926
1992.18 0.153219 -0.191523 -9.49956 0.0502493 -0.160319 10.0487 0.0888809 -0.0381791 -0.0786489
1992.2 0.114914 -0.344742 -9.42295 0.214158 -0.241675 10.0534 0.0913243 -0.0398589 -0.0836885
1992.22 0.0383047 -0.344742 -9.49956 0.175872 -0.104088 10.0869 0.0931569 -0.0354302 -0.0572686
1992.23 0.153219 -0.191523 -9.46126 0.190229 0.0490528 10.0786 0.0937678 -0.0343612 -0.0496328
1992.25 0.306437 -0.153219 -9.23143 0.217747 0.0562313 10.0642 0.0922406 -0.0357356 -0.0481056
1992.27 0.153219 -0.306437 -9.57617 0.260818 -0.0574277 10.0606 0.0870483 -0.0303905 -0.0713185
1992.28 0.0 -0.268133 -9.46126 0.200997 -0.0945165 10.063 0.08827 -0.033903 -0.068875
1992.3 0.306437 0.0 -9.42295 0.135194 -0.0334995 10.0642 0.0922406 -0.0354302 -0.043066
1992.32 0.191523 -0.268133 -9.42295 0.145962 -0.0801595 10.0642 0.0894917 -0.0331394 -0.0455095
1992.33 0.153219 -0.344742 -9.46126 0.107677 -0.214158 10.0702 0.0865901 -0.0325286 -0.0604756
1992.35 0.229828 -0.344742 -9.42295 0.105284 -0.196211 10.0989 0.0911716 -0.0366519 -0.0754418
1992.37 0.191523 -0.306437 -9.42295 0.114855 -0.138784 10.0714 0.0899499 -0.0331394 -0.0476475
1992.38 0.229828 -0.229828 -9.49956 0.100499 -0.0454636 10.1013 0.0946841 -0.0424551 -0.0464257
1992.4 0.0766094 -0.229828 -9.53786 0.15673 -0.105284 10.0654 0.0870483 -0.0316123 -0.0684169
1992.42 0.0766094 -0.0766094 -9.42295 0.15673 0.061017 10.0439 0.0873537 -0.0320704 -0.066737
1992.43 -0.114914 -0.0766094 -9.49956 0.147159 0.117248 10.0714 0.0907135 -0.0361938 -0.0465785
1992.45 0.306437 0.0 -9.38465 0.136391 0.066999 10.0618 0.085063 -0.0343612 -0.0380264
1992.47 0.0766094 -0.153219 -9.46126 0.166301 0.0131605 10.0702 0.0852157 -0.0378736 -0.0560469
1992.48 0.229828 -0.191523 -9.15482 0.144766 -0.0430708 10.0642 0.0844521 -0.0325286 -0.0682642
1992.5 0.229828 -0.153219 -9.38465 0.0753739 -0.0478564 10.0642 0.083994 -0.0323759 -0.0519235
1992.52 0.229828 -0.191523 -9.53786 0.0526421 -0.141176 10.081 0.0836885 -0.0384845 -0.0320704
1992.53 0.191523 -0.383047 -9.42295 0.0765703 -0.245264 10.0594 0.0842994 -0.0384845 -0.0528398
1992.55 0.191523 -0.306437 -9.53786 0.0526421 -0.25005 10.069 0.0830777 -0.0348193 -0.0690278
1992.57 0.153219 -0.344742 -9.42295 0.0538385 -0.260818 10.0786 0.0842994 -0.0416915 -0.0644463
1992.58 0.229828 -0.344742 -9.07821 0.136391 -0.259621 10.0654 0.0864374 -0.0401644 -0.0352775
1992.6 0.191523 -0.229828 -9.42295 0.229711 -0.205783 10.0594 0.0865901 -0.0351248 -0.0528398
1992.61 0.0 -0.306437 -9.26973 0.226122 -0.15673 10.069 0.0876591 -0.0386372 -0.0633773
1992.63 0.153219 -0.229828 -9.46126 0.240479 -0.087338 10.069 0.0865901 -0.0380264 -0.06353
1992.65 0.114914 -0.268133 -9.30804 0.29671 -0.102891 10.0678 0.0885754 -0.0413861 -0.0494801
1992.66 0.114914 -0.229828 -9.69109 0.288335 -0.11007 10.0654 0.0867428 -0.034972 -0.0494801
1992.68 -0.0383047 -0.229828 -9.46126 0.195015 -0.124427 10.0654 0.0838412 -0.0316123 -0.0594066
1992.7 0.229828 -0.306437 -9.07821 0.197408 -0.205783 10.063 0.0824668 -0.0314596 -0.0621555
1992.71 0.0766094 -0.421352 -9.38465 0.195015 -0.308674 10.0702 0.086132 -0.0346666 -0.0502437
1992.73 0.114914 -0.383047 -9.46126 0.16989 -0.320638 10.075 0.0873537 -0.0340557 -0.046273
1992.75 0.268133 -0.344742 -9.49956 0.100499 -0.272782 10.0714 0.0878119 -0.0313068 -0.0520762
1992.76 0.153219 -0.268133 -9.15482 0.165105 -0.278764 10.0594 0.0905607 -0.0392481 -0.0691805
1992.78 0.114914 -0.421352 -9.42295 0.204586 -0.278764 10.0762 0.0907135 -0.0326813 -0.0592539
1992.8 0.0766094 -0.421352 -9.26973 0.215354 -0.267996 10.0534 0.0917825 -0.0361938 -0.0589485
1992.81 0.0766094 -0.344742 -9.19312 0.218943 -0.107677 10.0786 0.0960585 -0.0400117 -0.0613919
1992.83 0.0 -0.153219 -9.46126 0.221336 -0.0358923 10.0786 0.0907135 -0.0331394 -0.0665843
1992.85 0.0 -0.268133 -8.92499 0.22014 -0.0634098 10.0606 0.0911716 -0.0358883 -0.0684169
1992.86 0.114914 -0.191523 -9.42295 0.16989 -0.066999 10.0726 0.0931569 -0.0390954 -0.0618501
1992.88 0.229828 -0.153219 -9.30804 0.113659 0.0502493 10.0798 0.0907135 -0.0302378 -0.0609338
1992.9 0.306437 -0.153219 -9.53786 0.0323031 0.0370887 10.0678 0.090408 -0.0334449 -0.0555887
1992.91 0.268133 -0.191523 -9.76769 0.0155533 -0.00598205 10.0845 0.0881173 -0.0340557 -0.0610865
1992.93 0.229828 -0.229828 -9.49956 0.0311067 -0.133998 10.0845 0.086132 -0.0310014 -0.0620028
1992.95 0.344742 -0.229828 -9.34634 0.0394815 -0.111266 10.0798 0.0902553 -0.0369573 -0.0540616
1992.96 0.229828 -0.268133 -9.38465 0.0490528 -0.136391 10.075 0.0878119 -0.036041 -0.0526871
1992.98 0.0766094 -0.344742 -9.38465 0.101695 -0.185444 10.0678 0.0897971 -0.0424551 -0.0592539
1993.0 0.0766094 -0.459656 -9.69109 0.2333 -0.2333 10.0654 0.090408 -0.0418443 -0.0671951
1993.01 0.0766094 -0.229828 -9.46126 0.27996 -0.141176 10.0546 0.0913243 -0.0394008 -0.0580322
1993.03 0.114914 -0.0383047 -9.53786 0.244068 -0.0334995 10.057 0.0907135 -0.0334449 -0.045204
1993.05 0.114914 -0.153219 -9.46126 0.226122 0.0562313 10.0558 0.0905607 -0.0392481 -0.0523817
1993.06 0.153219 -0.191523 -9.11651 0.21655 0.0346959 10.0534 0.083994 -0.0332921 -0.0668897
1993.08 0.191523 -0.153219 -9.61448 0.12682 0.0311067 10.0714 0.0859793 -0.0334449 -0.071013
1993.1 0.191523 -0.191523 -9.53786 0.0897308 0.0119641 10.0702 0.085063 -0.0361938 -0.0464257
1993.11 0.344742 -0.268133 -9.38465 0.0334995 -0.0299103 10.0833 0.0855211 -0.0387899 -0.0416915
1993.13 0.383047 -0.306437 -9.49956 0.0346959 -0.20339 10.0702 0.0807869 -0.0335976 -0.0584903
1993.15 0.229828 -0.421352 -9.42295 0.0550349 -0.301496 10.0845 0.0830777 -0.0366519 -0.0604756
1993.16 0.268133 -0.344742 -9.34634 0.0921237 -0.300299 10.0726 0.083994 -0.0337503 -0.0502437
1993.18 0.229828 -0.306437 -9.23143 0.116052 -0.270389 10.0714 0.0910189 -0.0453567 -0.0334449
1993.2 0.153219 -0.306437 -9.38465 0.191426 -0.232104 10.0654 0.0876591 -0.0368046 -0.0511599
1993.21 0.0383047 -0.229828 -9.61448 0.240479 -0.191426 10.0642 0.0865901 -0.0383318 -0.0671951
1993.23 0.0383047 -0.306437 -9.46126 0.271585 -0.133998 10.0594 0.0884227 -0.036041 -0.0653626
1993.25 0.306437 -0.268133 -9.53786 0.277567 -0.132802 10.0762 0.0873537 -0.0302378 -0.0479529
1993.26 0.191523 -0.191523 -9.42295 0.196211 -0.0418744 10.063 0.0896445 -0.0368046 -0.0468839
1993.28 0.114914 -0.153219 -9.49956 0.171087 -0.0227318 10.0857 0.0862847 -0.0329867 -0.068875
1993.3 0.229828 -0.268133 -9.72939 0.124427 -0.0897308 10.0726 0.0868956 -0.0407752 -0.0673479
1993.31 0.306437 -0.268133 -9.46126 0.0981057 -0.217747 10.057 0.0836885 -0.0323759 -0.0485638
1993.33 0.153219 -0.421352 -9.07821 0.0957129 -0.258425 10.069 0.0879646 -0.0366519 -0.0484111
1993.35 0.268133 -0.306437 -9.42295 0.0945165 -0.252443 10.0654 0.0858265 -0.031765 -0.0490219
1993.36 0.229828 -0.421352 -9.57617 0.133998 -0.262014 10.0714 0.0873537 -0.032834 -0.0578795
1993.38 0.153219 -0.421352 -9.49956 0.196211 -0.238086 10.063 0.0896445 -0.0348193 -0.0519235
1993.4 -0.0766094 -0.268133 -9.65278 0.246461 -0.232104 10.0642 0.0910189 -0.03711 -0.0580322
1993.41 0.0383047 -0.229828 -9.46126 0.302692 -0.210568 10.0642 0.0894917 -0.0346666 -0.0652099
1993.43 0.0766094 -0.229828 -9.26973 0.287139 -0.108873 10.0642 0.091477 -0.034972 -0.0653626
1993.45 0.0383047 -0.306437 -9.30804 0.295514 -0.104088 10.075 0.0876591 -0.032834 -0.0647517
1993.46 0.229828 -0.229828 -9.42295 0.277567 -0.0825523 10.063 0.0902553 -0.0337503 -0.057574
1993.48 0.191523 -0.229828 -9.57617 0.150748 -0.0131605 10.0642 0.0905607 -0.0375682 -0.0600175
1993.49 0.306437 -0.191523 -9.53786 0.0442672 -0.0394815 10.0666 0.0894917 -0.0313068 -0.0636827
1993.51 0.421352 -0.268133 -9.72939 -0.026321 -0.0574277 10.075 0.0864374 -0.0300851 -0.0542143
1993.53 0.306437 -0.268133 -9.46126 -0.0167498 -0.087338 10.0654 0.0891863 -0.0369573 -0.057574
1993.54 0.114914 -0.229828 -9.23143 -0.0287139 -0.132802 10.0762 0.0858265 -0.0331394 -0.0545197
1993.56 0.344742 -0.306437 -9.46126 0.0418744 -0.177069 10.0714 0.0853684 -0.0322231 -0.0578795
1993.58 0.114914 -0.344742 -9.26973 0.0909272 -0.208175 10.0702 0.0896445 -0.0392481 -0.0537561
1993.59 0.153219 -0.268133 -9.42295 0.159123 -0.209372 10.0642 0.0884227 -0.0361938 -0.0485638
1993.61 0.153219 -0.306437 -9.07821 0.215354 -0.142373 10.0714 0.091477 -0.0395535 -0.052229
1993.63 0.114914 -0.229828 -9.42295 0.226122 -0.0478564 10.0666 0.0896445 -0.0337503 -0.054367
1993.64 0.229828 -0.191523 -9.69109 0.248853 -0.04666 10.0546 0.086132 -0.0308487 -0.0636827
1993.66 0.191523 -0.229828 -9.42295 0.226122 -0.0681954 10.069 0.0864374 -0.0305433 -0.0632245
1993.68 0.306437 -0.229828 -9.61448 0.168694 -0.0275174 10.0582 0.0868956 -0.0364992 -0.0586431
1993.69 0.191523 -0.153219 -9.46126 0.138784 -0.0275174 10.0702 0.0862847 -0.0335976 -0.0581849
1993.71 0.229828 -0.191523 -9.34634 0.0705882 -0.0490528 10.0582 0.0862847 -0.0372628 -0.0563523
1993.73 0.0766094 -0.229828 -9.46126 0.0693918 -0.125623 10.075 0.0858265 -0.033903 -0.0557414
1993.74 0.153219 -0.191523 -9.46126 0.0418744 -0.112463 10.0857 0.0873537 -0.0394008 -0.046273
1993.76 0.114914 -0.268133 -9.42295 0.0478564 -0.113659 10.0822 0.0824668 -0.0308487 -0.0415388
1993.78 0.153219 -0.344742 -9.38465 0.175872 -0.22014 10.081 0.0879646 -0.0439823 -0.0555887
1993.79 -0.0383047 -0.306437 -9.38465 0.267996 -0.217747 10.0522 0.0852157 -0.0369573 -0.0545197
1993.81 0.0 -0.306437 -9.38465 0.288335 -0.206979 10.0786 0.0878119 -0.0378736 -0.0568105
1993.82 0.153219 -0.344742 -9.38465 0.285942 -0.155533 10.051 0.087201 -0.033903 -0.0485638
1993.84 0.153219 -0.306437 -9.38465 0.285942 -0.138784 10.0666 0.0864374 -0.0332921 -0.0540616
1993.86 0.153219 -0.306437 -9.38465 0.276371 -0.162712 10.081 0.0878119 -0.0337503 -0.0661261
1993.87 0.153219 -0.344742 -9.38465 0.160319 -0.150748 10.0618 0.0867428 -0.0313068 -0.06353
1993.89 0.191523 -0.229828 -9.46126 0.0921237 -0.120837 10.0702 0.0853684 -0.0300851 -0.0572686
1993.91 0.191523 -0.344742 -9.49956 0.0885344 -0.189033 10.0833 0.0870483 -0.033903 -0.0626137
1993.92 0.268133 -0.344742 -9.26973 0.0526421 -0.208175 10.0845 0.086132 -0.0342084 -0.0616974
1993.94 0.229828 -0.268133 -9.46126 0.0143569 -0.153141 10.0786 0.0876591 -0.0322231 -0.0577268
1993.96 0.344742 -0.306437 -9.46126 0.04666 -0.124427 10.0702 0.0902553 -0.0392481 -0.0444404
1993.97 0.191523 -0.268133 -9.46126 0.17348 -0.179462 10.0798 0.0870483 -0.0355829 -0.0537561
1993.99 0.191523 -0.268133 -9.42295 0.165105 -0.205783 10.0654 0.0836885 -0.0297797 -0.0601702
1994.01 0.114914 -0.383047 -9.42295 0.253639 -0.204586 10.0678 0.0887282 -0.0361938 -0.0613919
1994.02 -0.0383047 -0.344742 -9.53786 0.338584 -0.193819 10.0762 0.090408 -0.034972 -0.0523817
1994.04 0.191523 -0.344742 -9.42295 0.333799 -0.174676 10.0654 0.0881173 -0.0311541 -0.0519235
1994.06 0.0766094 -0.268133 -9.42295 0.251246 -0.198604 10.0678 0.0936151 -0.0366519 -0.0615447
1994.07 0.153219 -0.229828 -9.15482 0.180658 -0.132802 10.0726 0.0897971 -0.0310014 -0.0681114
1994.1 0.191523 -0.229828 -9.42295 0.17348 -0.133998 10.1073 0.090408 -0.0303905 -0.0603229
1994.11 0.191523 -0.306437 -9.34634 0.026321 -0.129212 10.0822 0.0905607 -0.0316123 -0.0574213
1994.13 0.268133 -0.153219 -9.30804 0.00478564 -0.0394815 10.0522 0.0930042 -0.0394008 -0.0638354
1994.15 0.229828 -0.153219 -9.26973 0.0191426 -0.0502493 10.0642 0.0910189 -0.0368046 -0.0584903
1994.16 0.153219 -0.268133 -9.42295 0.0418744 -0.0586241 10.0582 0.089339 -0.0413861 -0.0551306
1994.18 0.229828 -0.383047 -9.26973 0.116052 -0.0957129 10.0618 0.0928515 -0.0455095 -0.0534507
1994.2 0.0766094 -0.268133 -9.46126 0.214158 -0.04666 10.1001 0.087201 -0.0342084 -0.0526871
1994.21 0.191523 -0.421352 -9.57617 0.217747 -0.0490528 10.0164 0.0887282 -0.0375682 -0.0545197
1994.23 0.0383047 -0.268133 -9.49956 0.245264 -0.143569 10.0833 0.0879646 -0.0384845 -0.0546724
1994.24 0.0 -0.306437 -9.42295 0.282353 -0.157926 10.1025 0.0873537 -0.0355829 -0.0551306
1994.26 0.191523 -0.268133 -9.30804 0.242871 -0.106481 10.0487 0.0868956 -0.0351248 -0.0609338
1994.28 0.268133 -0.191523 -9.38465 0.172283 -0.0837488 10.1013 0.0899499 -0.0384845 -0.0569632
1994.29 0.268133 -0.229828 -9.46126 0.105284 -0.145962 10.0522 0.090408 -0.0404698 -0.0591012
1994.31 0.268133 -0.268133 -9.26973 0.0897308 -0.143569 10.0475 0.0827722 -0.029627 -0.0615447
1994.33 0.191523 -0.191523 -9.46126 0.0275174 -0.100499 10.0534 0.0890336 -0.0322231 -0.0578795
1994.34 0.268133 -0.153219 -9.65278 -0.0346959 -0.0502493 10.0534 0.08827 -0.034972 -0.0558941
1994.36 0.229828 -0.191523 -9.57617 0.0454636 -0.0681954 10.0845 0.0881173 -0.0394008 -0.0500909
1994.38 0.229828 -0.153219 -9.53786 0.179462 -0.148355 10.0714 0.0875064 -0.0386372 -0.0615447
1994.39 0.153219 -0.306437 -9.69109 0.190229 -0.148355 10.0726 0.0847575 -0.030696 -0.0494801
1994.41 0.0766094 -0.268133 -9.46126 0.217747 -0.120837 10.0702 0.0878119 -0.0380264 -0.0426078
1994.43 0.114914 -0.344742 -9.57617 0.31346 -0.157926 10.0738 0.0842994 -0.030696 -0.0426078
1994.44 0.0383047 -0.191523 -9.34634 0.287139 -0.183051 10.057 0.0858265 -0.0323759 -0.0536034
1994.46 0.114914 -0.383047 -9.8443 0.301496 -0.257228 10.0833 0.0849102 -0.0357356 -0.0647517
1994.48 0.114914 -0.344742 -9.46126 0.248853 -0.323031 10.0582 0.086132 -0.0264199 -0.0623082
1994.49 0.229828 -0.421352 -9.46126 0.144766 -0.16989 10.0642 0.0905607 -0.0305433 -0.0478002
1994.51 0.268133 -0.268133 -9.34634 0.0753739 -0.153141 10.0845 0.0873537 -0.0316123 -0.0572686
1994.53 0.383047 -0.383047 -9.53786 0.0215354 -0.149551 10.0702 0.0864374 -0.0313068 -0.0620028
1994.54 0.268133 -0.344742 -9.42295 0.0658026 -0.180658 10.0786 0.0887282 -0.0390954 -0.0778853
1994.56 0.344742 -0.383047 -9.0016 0.0598205 -0.135194 10.0774 0.090408 -0.031765 -0.0531453
1994.58 0.191523 -0.229828 -9.57617 0.0478564 -0.0658026 10.0702 0.0949895 -0.0423024 -0.0435241
1994.59 0.268133 -0.229828 -9.38465 0.144766 -0.0490528 10.0642 0.0923933 -0.0445931 -0.052229
1994.61 0.114914 -0.306437 -9.49956 0.265603 -0.160319 10.051 0.0849102 -0.0334449 -0.067806
1994.63 0.153219 -0.421352 -9.53786 0.288335 -0.202193 10.0666 0.0879646 -0.0357356 -0.0620028
1994.64 0.114914 -0.306437 -9.38465 0.284746 -0.190229 10.0558 0.0911716 -0.0378736 -0.0496328
1994.66 0.0383047 -0.306437 -9.30804 0.259621 -0.11007 10.0606 0.0907135 -0.0357356 -0.0468839
1994.68 0.191523 -0.306437 -9.42295 0.217747 -0.16989 10.0798 0.08827 -0.0326813 -0.0697913
1994.69 0.153219 -0.229828 -9.53786 0.153141 -0.208175 10.0714 0.0879646 -0.033903 -0.0739146
1994.71 0.229828 -0.268133 -9.57617 0.113659 -0.230907 10.0606 0.0870483 -0.0329867 -0.0673479
1994.73 0.268133 -0.229828 -9.34634 0.0658026 -0.112463 10.0822 0.0923933 -0.0323759 -0.0497855
1994.74 0.229828 -0.268133 -9.38465 0.0215354 -0.0789631 10.0546 0.0894917 -0.0322231 -0.0641408
1994.76 0.421352 -0.268133 -9.38465 0.0239282 -0.116052 10.0762 0.0858265 -0.0303905 -0.0719294
1994.77 0.191523 -0.229828 -9.49956 0.09332 -0.0526421 10.069 0.0923933 -0.0366519 -0.065668
1994.79 0.344742 -0.268133 -9.42295 0.150748 0.0119641 10.057 0.0888809 -0.0357356 -0.0459676
1994.81 0.191523 -0.229828 -9.57617 0.165105 0.0251246 10.0618 0.0888809 -0.032834 -0.0438296
1994.82 0.229828 -0.114914 -9.46126 0.205783 -0.0346959 10.0642 0.0875064 -0.0335976 -0.055436
1994.84 0.0766094 -0.114914 -9.49956 0.262014 -0.0885344 10.075 0.0859793 -0.034972 -0.0633773
1994.86 0.229828 -0.229828 -9.42295 0.232104 -0.0981057 10.0702 0.0876591 -0.0348193 -0.0514654
1994.87 0.114914 -0.306437 -9.57617 0.168694 -0.175872 10.0678 0.0881173 -0.0384845 -0.0505491
1994.89 0.153219 -0.306437 -9.49956 0.150748 -0.171087 10.0618 0.086132 -0.0311541 -0.0525344
1994.91 0.268133 -0.306437 -9.61448 0.0981057 -0.166301 10.0654 0.0868956 -0.032834 -0.0682642
1994.92 0.268133 -0.268133 -9.49956 0.0658026 -0.16989 10.0582 0.0873537 -0.033903 -0.0557414
1994.94 0.306437 -0.268133 -9.49956 0.0323031 -0.144766 10.075 0.0901026 -0.0380264 -0.0525344
1994.96 0.191523 -0.268133 -9.38465 0.0897308 -0.0981057 10.0654 0.0908662 -0.0432187 -0.0572686
1994.97 0.229828 -0.229828 -9.30804 0.122034 -0.0586241 10.0738 0.0865901 -0.0368046 -0.0606284
