1643.88 -7.62263 3.94538 -1.68541 8.38325 4.31545 2.04467 0.0936151 -0.0267254 0.163101
1643.89 -7.12467 3.71555 -1.26405 7.98844 4.11446 1.86999 0.08827 -0.0348193 0.0969748
1643.91 -7.3928 3.94538 -1.22575 8.08774 4.11446 1.60439 0.0836885 -0.0387899 0.0203113
1643.92 -7.16298 3.94538 -0.995922 8.17149 4.2018 1.53619 0.0853684 -0.0479529 0.0103847
1643.94 -7.77585 3.67725 -1.22575 8.53998 4.22333 1.47039 0.0746782 -0.0429133 0.00381791
1643.96 -7.43111 3.63894 -0.995922 8.49093 3.73759 1.49791 0.0696386 -0.0468839 -0.00824668
1643.97 -7.81416 3.40912 -1.18745 8.52084 3.68853 1.67737 0.0720821 -0.0528398 -0.0119119
1643.99 -7.92907 3.37081 -1.41727 8.68116 3.66102 1.75513 0.0719294 -0.0526871 -0.00274889
1644.01 -7.81416 3.17929 -1.37897 8.7326 3.58325 1.69172 0.0707076 -0.0490219 0.0262672
1644.02 -7.85246 3.48573 -1.34066 8.77687 3.60957 1.8329 0.0725402 -0.0496328 0.0487165
1644.04 -7.81416 3.52403 -1.07253 8.66082 3.8991 1.75753 0.0781907 -0.0561996 0.0520762
1644.06 -8.23551 3.14098 -1.03423 8.98864 3.54736 1.67139 0.0742201 -0.0607811 0.0280998
1644.07 -8.1972 3.40912 -1.41727 8.98265 3.81416 1.7348 0.0745255 -0.0528398 -0.02474
1644.09 -8.1589 3.56234 -1.11084 9.16809 3.79502 1.48116 0.0675006 -0.0444404 -0.0771217
1644.11 -8.31211 3.37081 -1.14914 8.96949 3.75434 1.50628 0.0652099 -0.0465785 -0.110872
1644.12 -8.04398 3.40912 -1.26405 8.85823 3.70648 1.60199 0.0537561 -0.0378736 -0.176235
1644.14 -8.04398 2.98777 -1.34066 8.90129 3.19801 1.74676 0.0555887 -0.0488692 -0.207541
1644.16 -7.85246 3.33251 -1.76202 8.87019 3.19322 1.99561 0.0568105 -0.0520762 -0.201738
1644.17 -8.12059 2.94946 -2.10676 8.93121 3.21356 2.21575 0.057574 -0.054367 -0.204487
1644.19 -8.04398 3.10268 -2.14506 8.9659 3.4325 2.58784 0.0595593 -0.0629191 -0.234878
1644.21 -8.27381 3.2559 -2.25998 9.02931 3.45882 2.88933 0.0609338 -0.0586431 -0.273209
1644.22 -8.27381 3.2559 -2.18337 8.77208 3.71007 2.77089 0.0630718 -0.0641408 -0.280998
1644.24 -7.77585 3.52403 -2.41319 8.63091 3.58205 2.83669 0.0627664 -0.0494801 -0.2558
1644.26 -7.46941 3.63894 -2.25998 8.47059 3.89791 2.74098 0.0679587 -0.0525344 -0.194255
1644.27 -7.43111 3.63894 -1.95354 8.52323 3.96251 2.58066 0.066737 -0.0561996 -0.166461
1644.29 -7.92907 3.71555 -1.83862 8.53878 4.12403 2.37727 0.0650571 -0.0563523 -0.167835
1644.31 -7.69924 3.94538 -1.68541 8.58544 4.09412 2.03988 0.0612392 -0.0589485 -0.172264
1644.32 -7.85246 3.63894 -1.34066 8.70748 3.9661 2.00877 0.0603229 -0.0620028 -0.137597
1644.34 -8.04398 3.75386 -1.6471 8.89053 3.92542 2.01236 0.0621555 -0.06353 -0.0632245
1644.36 -8.58025 3.60064 -1.30236 9.38225 3.93619 2.14995 0.0665843 -0.0616974 -0.0245873
1644.37 -8.77177 3.67725 -1.83862 9.59761 3.98524 2.28634 0.0694859 -0.0542143 0.0439823
1644.39 -8.84838 3.60064 -1.87693 9.57966 3.94576 2.35095 0.0719294 -0.0496328 0.095295
1644.4 -8.73347 3.48573 -1.72371 9.65982 3.84885 2.24925 0.0757473 -0.0499382 0.116981
1644.42 -8.50364 3.33251 -2.41319 9.32483 3.69212 2.50528 0.0792598 -0.0357356 0.205862
1644.44 -8.42703 3.2942 -1.95354 9.22672 3.64786 2.44546 0.0894917 -0.0378736 0.314595
1644.45 -8.00568 3.14098 -1.6471 9.17168 3.62991 2.30429 0.0949895 -0.0380264 0.364534
1644.47 -7.85246 3.21759 -1.6471 8.99222 3.45404 2.21934 0.0945314 -0.0427606 0.345902
1644.49 -8.04398 2.91116 -1.87693 9.0341 2.93599 2.16191 0.0865901 -0.0400117 0.223729
1644.5 -8.1972 2.33659 -1.45558 9.20638 2.63091 1.83529 0.0841467 -0.0397062 0.0563523
1644.52 -8.23551 2.64302 -1.6471 9.19681 2.65842 1.79222 0.078038 -0.0345139 -0.0197004
1644.54 -9.0016 2.71963 -1.45558 9.74237 3.01017 1.88913 0.0820086 -0.0413861 -0.116981
1644.55 -8.69516 2.75794 -1.26405 9.71366 2.86421 1.74317 0.0771217 -0.0293215 -0.149051
1644.57 -8.96329 2.22167 -1.30236 9.78904 2.63928 1.69771 0.0801761 -0.0250455 -0.133627
1644.59 -8.58025 2.52811 -1.30236 9.75912 2.51486 1.78624 0.0833831 -0.0158825 -0.10736
1644.6 -8.38873 2.52811 -1.53219 9.2686 2.51127 1.82213 0.0905607 -0.0126754 -0.0639881
1644.62 -7.89076 2.29828 -1.72371 9.02213 2.61176 2.06859 0.098502 -0.0155771 -0.0557414
1644.63 -7.85246 2.79624 -1.72371 8.40359 2.6991 2.12961 0.0983493 -0.0142026 -0.0577268
1644.65 -7.58433 2.56641 -1.87693 8.60219 2.95274 2.25045 0.101098 -0.0239765 -0.0844521
1644.67 -7.85246 2.87285 -2.06845 8.52682 3.2004 2.48853 0.102473 -0.0297797 -0.0922406
1644.69 -8.12059 3.06437 -2.14506 9.02094 3.35713 2.73141 0.0989602 -0.0280998 -0.112246
1644.71 -8.04398 3.37081 -2.60472 9.37508 3.52941 2.95633 0.0946841 -0.0253509 -0.160658
1644.72 -8.58025 3.52403 -2.25998 9.48993 3.51386 2.77807 0.0931569 -0.0288634 -0.192423
1644.74 -8.04398 3.02607 -2.52811 8.67278 3.5653 2.7338 0.0905607 -0.0149662 -0.219148
1644.75 -7.62263 3.21759 -2.56641 8.45264 3.49711 3.02094 0.0989602 -0.019395 -0.11469
1644.77 -7.89076 3.21759 -2.79624 8.62014 3.20758 3.15972 0.111636 -0.0222966 0.0335976
1644.79 -8.23551 3.14098 -2.71963 8.59621 3.66461 3.18126 0.11301 -0.0224493 0.104611
1644.8 -8.42703 3.56234 -2.75794 9.10708 3.86441 3.17886 0.128434 -0.0294742 0.216704
1644.82 -8.42703 3.71555 -2.37489 9.28415 3.8656 2.93121 0.130114 -0.0227547 0.276569
1644.84 -8.31211 3.75386 -2.25998 9.12742 4.15154 2.82712 0.126296 -0.0219911 0.259159
1644.85 -7.85246 3.90708 -1.91523 9.22313 4.07139 2.41795 0.118508 -0.0221439 0.169973
1644.87 -7.66094 3.86877 -1.6471 8.75055 4.04865 2.15593 0.10232 -0.0221439 0.0305433
1644.89 -7.81416 3.75386 -1.6471 8.65125 4.07856 2.18704 0.0980438 -0.0270308 -0.029627
1644.9 -7.92907 3.44742 -1.6088 8.601 3.92183 1.97408 0.0868956 -0.0310014 -0.116828
1644.92 -7.92907 3.37081 -1.49388 8.95155 3.4002 1.87119 0.087201 -0.0418443 -0.130878
1644.94 -7.96737 2.87285 -1.41727 9.01496 3.31286 1.93101 0.0881173 -0.0435241 -0.0994183
1644.95 -7.85246 2.83455 -1.41727 8.85703 2.99701 1.83649 0.0994183 -0.0453567 -0.0939205
1644.97 -6.77993 2.91116 -1.14914 7.75513 3.1681 1.92502 0.104305 -0.0470366 -0.0690278
1644.99 -6.85654 2.52811 -1.26405 6.91166 2.67996 1.82572 0.106291 -0.0560469 -0.0931569
1645.0 -5.78401 2.64302 -1.30236 6.61855 3.06401 1.84726 0.113621 -0.0623082 -0.145233
1645.02 -6.01384 2.98777 -1.53219 6.70469 3.2985 2.00279 0.114079 -0.091477 -0.206931
1645.03 -6.89484 3.60064 -1.76202 7.66899 3.82014 2.06859 0.11133 -0.105985 -0.235641
1645.05 -9.11651 4.32843 -1.6471 10.0953 4.61097 1.97288 0.103083 -0.106443 -0.261603
1645.07 -9.49956 4.63487 -1.87693 10.197 4.79043 2.19422 0.0896445 -0.0836885 -0.254425
1645.08 -9.0016 4.0986 -2.18337 10.0654 4.58943 2.65364 0.0714712 -0.0500909 -0.270766
1645.1 -9.38465 4.44334 -2.41319 10.331 4.46022 2.92403 0.0659734 -0.0415388 -0.237168
1645.12 -9.72939 3.86877 -2.22167 10.9029 4.30349 2.75533 0.0616974 -0.0178678 -0.14447
1645.13 -9.53786 3.33251 -2.60472 10.5021 4.01515 2.99821 0.0632245 -0.0106901 -0.0923933
1645.15 -9.07821 3.2559 -2.56641 9.85603 3.41097 3.05204 0.0797179 -0.0169515 0.0224493
1645.17 -8.84838 3.37081 -2.60472 9.27816 3.59282 2.75414 0.0954477 -0.0233656 0.0942259
1645.18 -8.31211 3.40912 -2.18337 9.11785 3.59641 2.75892 0.0980438 -0.0273362 0.124922
1645.2 -8.50364 3.44742 -2.06845 9.40499 3.77348 2.76371 0.103083 -0.0390954 0.154243
1645.22 -8.54194 3.33251 -2.25998 9.50908 3.62154 2.9001 0.100487 -0.0340557 0.106901
1645.23 -8.54194 3.21759 -2.52811 9.49711 3.50309 2.91805 0.0928515 -0.0311541 -0.00122173
1645.25 -8.12059 3.02607 -2.33659 9.15374 3.24347 2.85464 0.0911716 -0.0355829 -0.0725402
1645.27 -7.92907 2.94946 -2.33659 9.0341 3.17886 2.91087 0.0885754 -0.0276416 -0.212428
1645.28 -7.96737 3.10268 -2.33659 9.01735 3.31047 2.80558 0.0885754 -0.0403171 -0.33002
1645.3 -8.1589 3.2942 -2.33659 8.95872 3.44088 2.75892 0.0867428 -0.0403171 -0.371406
1645.32 -8.08229 3.2942 -2.06845 8.91326 3.59043 2.56391 0.0823141 -0.0375682 -0.408363
1645.33 -8.12059 3.67725 -2.03015 9.05085 3.89312 2.41436 0.0821613 -0.0378736 -0.366672
1645.35 -8.27381 3.90708 -1.80032 9.10588 4.07258 2.33779 0.0789543 -0.0268781 -0.268017
1645.36 -8.35042 3.71555 -1.6088 9.12502 4.08215 2.2672 0.0719294 -0.0172569 -0.217163
1645.38 -7.96737 3.60064 -1.72371 8.89532 3.91346 2.23849 0.0768163 -0.0212276 -0.137292
1645.4 -7.58433 3.2942 -1.91523 8.58664 3.70648 2.21815 0.0794125 -0.0187841 -0.071013
1645.41 -7.69924 3.37081 -1.72371 8.50887 3.64188 2.21934 0.0844521 -0.0264199 -0.0390954
1645.43 -7.77585 3.33251 -1.72371 8.61296 3.50668 2.22652 0.08827 -0.0277944 0.00458149
1645.45 -7.85246 3.2942 -1.76202 8.74696 3.51745 2.30788 0.0936151 -0.0303905 0.0065668
1645.46 -8.12059 3.37081 -1.91523 8.75055 3.59163 2.35932 0.0978911 -0.0302378 -0.0273362
1645.48 -7.58433 3.33251 -1.91523 8.64766 3.53779 2.37368 0.0966694 -0.0271835 -0.0423024
1645.49 -7.77585 3.21759 -1.87693 8.66441 3.52822 2.33779 0.102625 -0.0342084 -0.0641408
1645.51 -7.89076 3.48573 -1.91523 8.75174 3.57846 2.29113 0.105527 -0.0340557 -0.0690278
1645.53 -8.12059 3.48573 -1.83862 8.91326 3.82971 2.2684 0.105985 -0.0300851 -0.0847575
1645.54 -7.96737 3.60064 -1.83862 8.95992 3.91107 2.26361 0.105374 -0.0368046 -0.0994183
1645.56 -8.00568 3.71555 -1.76202 8.95633 4.02592 2.25404 0.102931 -0.031765 -0.105527
1645.57 -7.96737 3.79216 -2.03015 8.92642 4.14198 2.20379 0.101404 -0.0407752 -0.103389
1645.59 -8.12059 3.86877 -1.80032 8.89412 4.12642 2.1679 0.0983493 -0.0390954 -0.091477
1645.6 -7.73755 3.79216 -1.91523 8.78524 3.97208 2.1667 0.0951423 -0.0407752 -0.0581849
1645.62 -8.00568 3.52403 -1.6088 8.73619 3.8656 2.12722 0.0936151 -0.0383318 -0.0218384
1645.63 -7.69924 3.71555 -1.57049 8.68594 3.8656 2.11884 0.0949895 -0.0368046 -0.00855211
1646.25 -9.49956 5.13283 -3.06437 10.6014 5.44486 3.84527 0.0571159 -0.00458149 -0.422719
1646.26 -9.15482 5.05622 -3.79216 10.0307 5.44128 4.3011 0.0392481 0.0108429 -0.420123
1646.28 -8.35042 4.55826 -3.71555 9.67657 5.15174 4.07498 0.031765 0.0166461 -0.368504
1646.3 -7.66094 3.71555 -3.2942 8.82114 4.10728 3.85962 0.0219911 0.0167988 -0.311541
1646.31 -7.00976 3.56234 -3.52403 7.93938 3.91107 3.95414 0.0397062 0.0117592 -0.246484
1646.33 -7.27789 3.56234 -3.48573 7.90708 3.84885 4.00917 0.0587958 -0.00931569 -0.158672
1646.35 -7.23959 3.2942 -3.44742 8.07936 3.64427 3.81775 0.0601702 -0.010232 -0.0841467
1646.36 -7.77585 3.40912 -3.60064 8.37607 3.63948 3.93021 0.0813978 -0.023671 0.0329867
1646.38 -7.92907 3.90708 -3.2559 8.93839 4.08933 3.82253 0.0980438 -0.0248928 0.11469
1646.4 -8.1589 4.21351 -1.72371 9.1358 4.48893 2.44546 0.0960585 -0.0132863 0.130572
1646.41 -7.81416 4.0986 -1.80032 8.82712 4.30349 2.23849 0.090408 -0.00641408 0.131641
1646.43 -7.81416 3.75386 -1.57049 8.75773 4.12403 2.132 0.0943787 -0.00335976 0.142942
1646.45 -7.69924 3.83047 -1.6471 8.55314 3.99003 2.132 0.0862847 0.0065668 0.147218
1646.46 -7.62263 3.48573 -1.37897 8.41436 3.78544 2.07458 0.079107 0.00870483 0.125227
1646.48 -7.73755 3.2942 -1.6088 8.51126 3.4684 2.06979 0.0713185 0.00244346 0.105069
1646.5 -8.35042 3.10268 -1.37897 9.31286 3.4014 1.85563 0.0722348 -0.00702495 0.0409279
1646.51 -8.1589 2.98777 -1.26405 9.24586 3.23988 1.69651 0.0650571 0.000916298 -0.0661261
1646.53 -8.1972 2.98777 -1.22575 8.92163 3.09631 1.63789 0.0615447 0.00198531 -0.125075
1646.55 -7.96737 2.94946 -1.14914 8.85105 3.06879 1.56132 0.0665843 -0.0140499 -0.238696
1646.56 -8.08229 2.91116 -0.995922 8.601 3.17886 1.51705 0.0673479 -0.0190895 -0.326202
1646.58 -7.31619 3.17929 -1.34066 8.42273 3.22792 1.49671 0.0736092 -0.0242819 -0.352622
1646.6 -7.3928 3.37081 -0.995922 8.10568 3.68495 1.5338 0.0729984 -0.0277944 -0.341168
1646.61 -7.12467 3.63894 -1.41727 7.93579 3.81416 1.84487 0.0766636 -0.0383318 -0.282372
1646.63 -6.97145 3.63894 -1.83862 7.82213 3.97208 2.28395 0.0778853 -0.0377209 -0.207236
1646.65 -7.27789 3.71555 -2.41319 7.97767 3.99123 2.46102 0.0806342 -0.0470366 -0.171653
1646.66 -7.3928 3.67725 -2.14506 8.27079 3.91226 2.64407 0.0841467 -0.0545197 -0.123089
1646.68 -7.73755 3.37081 -1.91523 8.71705 3.64068 2.80798 0.0827722 -0.0586431 -0.145844
1646.7 -7.85246 3.63894 -1.76202 8.94915 3.81894 2.58664 0.0884227 -0.0598648 -0.204029
1646.71 -7.54602 3.44742 -1.18745 8.55673 4.0008 1.91665 0.0858265 -0.0494801 -0.209832
1646.73 -7.50772 3.48573 -1.37897 8.31266 3.76869 1.78146 0.0838412 -0.0474948 -0.145386
1646.74 -7.54602 3.83047 -1.26405 8.333 4.10728 1.81017 0.0972803 -0.0526871 -0.0421497
1646.76 -7.46941 3.94538 -1.53219 8.25763 4.25803 1.94776 0.0971275 -0.0387899 0.0650571
1646.78 -7.43111 3.90708 -1.45558 8.60219 4.14198 1.9322 0.0969748 -0.0450513 0.109803
1646.79 -8.12059 3.90708 -1.41727 9.0341 4.10847 1.82453 0.102473 -0.0400117 0.155771
1646.81 -8.1589 3.60064 -1.30236 9.25663 3.93739 1.63669 0.104153 -0.0366519 0.150578
1646.83 -8.38873 3.60064 -0.919312 9.35593 3.88594 1.51705 0.104153 -0.0381791 0.12874
1646.84 -8.31211 3.67725 -1.07253 9.04726 3.88235 1.44885 0.101404 -0.0325286 0.0620028
1646.86 -7.85246 3.44742 -0.957617 8.81157 3.73878 1.57926 0.0977384 -0.0398589 0.00733038
1646.88 -7.85246 3.37081 -1.22575 8.68355 3.69452 1.61515 0.0983493 -0.0438296 0.00473421
1646.89 -7.85246 3.21759 -1.34066 8.65005 3.62393 1.7001 0.0998765 -0.0423024 0.00427606
1646.91 -7.96737 3.48573 -1.80032 8.94078 3.59043 1.79222 0.103542 -0.0497855 0.0277944
1646.93 -7.77585 3.21759 -1.45558 8.72423 3.53061 1.82453 0.107818 -0.0549779 0.0280998
1646.94 -8.1972 3.67725 -1.68541 8.86301 3.69452 2.05065 0.115148 -0.0563523 0.0368046
1646.96 -7.96737 3.79216 -1.76202 8.98864 4.05464 2.24447 0.115301 -0.0558941 0.0566577
1646.98 -8.1972 3.83047 -2.14506 9.25065 4.02353 2.5651 0.109803 -0.0474948 0.0421497
1646.99 -8.38873 3.98369 -2.4898 9.24586 4.11087 2.83071 0.109498 -0.0508545 0.0227547
1647.01 -8.77177 4.13691 -2.91116 9.45763 4.35374 3.14177 0.102625 -0.0423024 -0.0210748
1647.03 -8.46534 4.17521 -3.06437 9.36311 4.47817 3.39422 0.0934624 -0.0340557 -0.0406225
1647.04 -8.38873 4.17521 -2.94946 9.30209 4.40638 3.42054 0.08827 -0.0323759 -0.0484111
1647.06 -8.1972 4.0603 -2.4515 9.1657 4.32024 3.15852 0.08827 -0.030696 -0.062461
1647.07 -8.1589 4.02199 -2.14506 9.17886 4.04746 2.87856 0.0803288 -0.0300851 -0.128893
1647.09 -8.27381 3.56234 -2.18337 9.22194 3.78305 2.6656 0.0729984 -0.0210748 -0.194713
1647.11 -8.12059 3.67725 -2.03015 9.07837 3.86201 2.59382 0.0729984 -0.0129809 -0.214566
1647.12 -8.00568 3.56234 -1.76202 8.93121 3.92782 2.34377 0.0760527 -0.0157298 -0.237932
1647.14 -7.89076 3.56234 -1.53219 8.92522 3.88834 2.25523 0.0755945 -0.0187841 -0.228616
1647.16 -8.00568 3.79216 -1.72371 8.92163 3.91346 2.23849 0.0772744 -0.0201585 -0.230754
1647.17 -7.89076 3.86877 -1.91523 8.92642 3.97807 2.22174 0.081245 -0.0285579 -0.240528
1647.19 -8.00568 3.90708 -1.6088 8.95394 4.18744 2.2325 0.0823141 -0.0346666 -0.273057
1647.21 -7.89076 4.17521 -1.87693 8.96231 4.37886 2.32343 0.076969 -0.0303905 -0.306349
1647.22 -8.04398 4.21351 -1.76202 8.94317 4.46261 2.35573 0.0719294 -0.0277944 -0.318871
1647.24 -8.04398 4.0986 -1.83862 8.89412 4.3992 2.12124 0.0691805 -0.0232129 -0.309556
1647.26 -7.92907 4.02199 -1.72371 8.7661 4.36331 2.24207 0.0679587 -0.0201585 -0.265879
1647.27 -7.92907 4.21351 -1.72371 8.74217 4.41595 2.26959 0.0702495 -0.023671 -0.208916
1647.29 -7.73755 4.0986 -1.6088 8.64766 4.42552 2.29591 0.068875 -0.0167988 -0.175166
1647.31 -7.66094 4.02199 -1.80032 8.53878 4.33699 2.21216 0.0739146 -0.0221439 -0.112705
1647.32 -7.66094 3.94538 -1.37897 8.44547 4.25324 2.17508 0.0817032 -0.0294742 -0.0500909
1647.34 -7.46941 3.79216 -1.68541 8.35813 4.19342 2.12124 0.0838412 -0.0285579 -0.00397062
1647.36 -7.3545 3.94538 -2.10676 8.2313 4.14676 2.0985 0.0868956 -0.0366519 0.00901026
1647.37 -7.3545 3.98369 -1.57049 8.17986 4.17428 2.09252 0.0907135 -0.0348193 0.0210748
1647.39 -7.31619 3.94538 -1.45558 8.25404 4.1659 2.1332 0.0868956 -0.0319177 0.0138972
1647.41 -7.31619 3.79216 -1.72371 8.21097 4.10369 2.1332 0.0905607 -0.0313068 -0.010232
1647.42 -7.23959 3.67725 -1.72371 8.18824 3.93141 2.20259 0.0836885 -0.0311541 -0.0241292
1647.44 -7.43111 3.75386 -1.49388 8.28634 3.89432 2.20857 0.0862847 -0.0346666 -0.0340557
1647.46 -7.50772 3.75386 -1.76202 8.52562 3.91705 2.21695 0.0907135 -0.045204 -0.0274889
1647.47 -7.73755 3.63894 -1.57049 8.58903 3.94935 2.18225 0.0888809 -0.0418443 -0.0178678
1647.49 -7.81416 3.63894 -1.68541 8.83789 3.92542 2.14516 0.0879646 -0.0423024 -0.0065668
1647.51 -8.27381 3.75386 -1.99184 9.01974 3.89312 2.14038 0.0875064 -0.0474948 -0.0210748
1647.52 -8.1589 3.60064 -1.68541 9.0006 3.90748 2.21097 0.0826195 -0.0427606 -0.0687223
1647.54 -8.00568 3.60064 -1.49388 8.85823 3.87039 2.21575 0.0821613 -0.0436769 -0.0991129
1647.56 -7.85246 3.75386 -1.68541 8.76849 3.96132 2.16431 0.0826195 -0.0433714 -0.146913
1647.57 -7.89076 3.90708 -1.57049 8.75653 4.01874 2.08175 0.0823141 -0.0403171 -0.178067
1647.59 -8.04398 4.02199 -1.80032 8.8331 4.12044 2.10927 0.0833831 -0.0400117 -0.186314
1647.61 -8.12059 3.98369 -1.57049 8.99342 4.23051 2.16431 0.078038 -0.0357356 -0.187536
1647.62 -8.00568 4.0986 -2.06845 8.82951 4.38365 2.14875 0.0827722 -0.03711 -0.17486
1647.64 -7.81416 4.36673 -1.80032 8.68714 4.62173 2.13679 0.0864374 -0.0363465 -0.129809
1647.65 -7.73755 4.40504 -1.83862 8.64048 4.63729 2.10808 0.0870483 -0.0377209 -0.0943787
1647.67 -7.69924 4.17521 -1.45558 8.51725 4.47099 2.01954 0.0899499 -0.0453567 -0.0415388
1647.69 -8.00568 4.21351 -1.72371 8.63928 4.39801 2.03868 0.0885754 -0.0438296 -0.0316123
1647.7 -8.04398 3.94538 -1.80032 8.8008 4.29392 2.07817 0.0858265 -0.0378736 -0.0490219
1647.72 -7.69924 3.79216 -1.99184 8.67876 4.08335 2.1655 0.0878119 -0.0378736 -0.057574
1647.74 -7.77585 3.86877 -1.68541 8.56391 4.11924 2.25643 0.091477 -0.0378736 -0.053298
1647.75 -7.77585 3.90708 -1.87693 8.66082 4.16949 2.32463 0.095295 -0.0436769 -0.0398589
1647.77 -8.08229 3.94538 -1.80032 8.79601 4.18744 2.29472 0.0901026 -0.0332921 -0.03711
1647.79 -7.96737 4.21351 -1.6471 8.86541 4.33699 2.21695 0.095295 -0.0394008 -0.0337503
1647.8 -7.92907 4.40504 -1.53219 8.82832 4.62772 2.18824 0.0926988 -0.0383318 -0.0273362
1647.82 -7.89076 4.40504 -1.83862 8.85464 4.51406 2.20259 0.0795652 -0.0265726 -0.0218384
1647.84 -7.77585 4.21351 -1.87693 8.80558 4.4004 2.25523 0.0795652 -0.0300851 -0.0267254
1647.85 -7.81416 3.75386 -1.80032 8.65603 4.09412 2.2672 0.071013 -0.0187841 -0.0311541
1647.87 -7.66094 3.56234 -1.87693 8.62014 3.80698 2.26481 0.0725402 -0.0206167 -0.0439823
1647.89 -7.73755 3.44742 -1.83862 8.59861 3.78185 2.25045 0.0765108 -0.0238237 -0.0474948
1647.9 -7.66094 3.2559 -1.76202 8.5663 3.74596 2.13918 0.0792598 -0.0229074 -0.0435241
1647.92 -7.66094 3.52403 -1.53219 8.5998 3.70289 2.05184 0.0829249 -0.0261145 -0.043066
1647.94 -7.69924 3.71555 -1.41727 8.59023 3.7998 2.0016 0.0884227 -0.0277944 -0.0558941
1647.95 -7.73755 3.60064 -1.6471 8.57228 3.90748 2.01715 0.0888809 -0.0299324 -0.0704022
1647.97 -7.81416 3.63894 -1.72371 8.57109 3.96012 2.06261 0.0911716 -0.0345139 -0.108123
1647.99 -7.58433 3.67725 -1.76202 8.57228 3.94337 2.12124 0.0875064 -0.032834 -0.151036
1648.0 -7.66094 3.71555 -1.68541 8.60818 3.9661 2.14636 0.0844521 -0.0276416 -0.169973
1648.02 -7.77585 3.98369 -1.68541 8.63928 4.02114 2.18106 0.0878119 -0.0313068 -0.19563
1648.03 -7.85246 4.0603 -1.83862 8.66201 4.23051 2.20738 0.0901026 -0.0368046 -0.20296
1648.05 -7.81416 4.13691 -1.99184 8.68475 4.37647 2.20857 0.0894917 -0.0363465 -0.198684
1648.07 -7.85246 4.25182 -1.87693 8.60937 4.44108 2.15354 0.0844521 -0.0299324 -0.19227
1648.08 -7.85246 4.17521 -1.6088 8.75892 4.37527 2.12363 0.0868956 -0.0389426 -0.165392
1648.1 -8.1589 4.0603 -1.6471 8.87258 4.2688 2.15952 0.0885754 -0.0357356 -0.140346
1648.12 -8.04398 4.0603 -1.76202 8.91685 4.25204 2.16431 0.089339 -0.0345139 -0.134543
1648.13 -7.77585 4.21351 -1.87693 8.67757 4.35015 2.20379 0.0917825 -0.0343612 -0.135917
1648.15 -7.69924 4.25182 -1.72371 8.53759 4.45663 2.18584 0.0926988 -0.0323759 -0.136834
1648.17 -7.66094 4.0986 -1.6471 8.54118 4.4339 2.15952 0.0920879 -0.0352775 -0.132863
1648.18 -7.77585 4.29012 -2.03015 8.63809 4.42313 2.11645 0.0897971 -0.0277944 -0.123089
1648.2 -7.81416 4.13691 -1.80032 8.70269 4.39322 2.07936 0.0942259 -0.0364992 -0.108429
1648.22 -7.77585 4.25182 -1.83862 8.61535 4.46142 2.10808 0.0940732 -0.0299324 -0.103694
1648.23 -7.66094 4.29012 -1.72371 8.54118 4.50329 2.12004 0.0948368 -0.0313068 -0.105527
1648.25 -7.58433 4.21351 -1.53219 8.43111 4.5009 2.19063 0.0931569 -0.0325286 -0.0922406
1648.27 -7.50772 4.25182 -1.6471 8.35095 4.43509 2.13081 0.0966694 -0.0390954 -0.0607811
1648.28 -7.54602 4.21351 -1.49388 8.3342 4.44945 2.13799 0.099571 -0.0392481 -0.0262672
1648.3 -7.77585 4.13691 -1.6471 8.58186 4.43151 2.10209 0.100945 -0.0427606 -0.014508
1648.32 -7.73755 4.17521 -1.45558 8.62253 4.35613 2.07458 0.101098 -0.0372628 -0.00549779
1648.33 -7.66094 4.25182 -1.72371 8.60698 4.42433 2.06261 0.102473 -0.0378736 -0.0137445
1648.35 -7.73755 4.40504 -1.30236 8.70987 4.51765 2.11167 0.104153 -0.0461203 -0.0262672
1648.36 -7.92907 4.51995 -1.83862 8.78764 4.6995 2.22532 0.102473 -0.0436769 -0.057574
1648.38 -7.77585 4.48165 -1.80032 8.65364 4.72463 2.24925 0.0946841 -0.0384845 -0.0922406
1648.4 -7.81416 4.48165 -1.68541 8.65842 4.68993 2.23968 0.089339 -0.0369573 -0.117592
1648.41 -7.81416 4.55826 -1.72371 8.69193 4.69831 2.23131 0.0862847 -0.0354302 -0.123853
1648.43 -7.96737 4.40504 -1.6471 8.62253 4.62891 2.10209 0.0824668 -0.0310014 -0.118355
1648.45 -7.73755 4.40504 -1.41727 8.70748 4.53559 2.12243 0.0836885 -0.0368046 -0.0972803
1648.46 -7.96737 4.21351 -1.80032 8.64168 4.4997 2.11047 0.0849102 -0.0352775 -0.0870483
1648.48 -7.50772 4.02199 -1.6088 8.40957 4.47458 2.12961 0.0846048 -0.0285579 -0.053298
1648.5 -7.50772 4.13691 -1.72371 8.49571 4.42433 2.16191 0.0849102 -0.0305433 -0.0222966
1648.51 -7.69924 4.32843 -1.68541 8.534 4.44826 2.18345 0.0902553 -0.0332921 -0.00137445
1648.53 -7.77585 4.13691 -1.68541 8.41675 4.41954 2.0997 0.0878119 -0.0300851 0.000458149
1648.55 -7.69924 4.0603 -1.57049 8.61894 4.33699 2.10808 0.0899499 -0.0302378 -0.0158825
1648.56 -7.92907 4.25182 -1.76202 8.72543 4.40758 2.10688 0.0913243 -0.0329867 -0.0542143
1648.58 -8.08229 4.36673 -1.6088 8.79482 4.45065 2.11047 0.0930042 -0.03711 -0.0762054
1648.6 -7.89076 4.36673 -1.83862 8.90249 4.51525 2.20618 0.0873537 -0.029627 -0.108734
1648.61 -8.00568 4.40504 -1.99184 8.67876 4.62532 2.24327 0.0833831 -0.0210748 -0.129045
1648.63 -7.58433 4.48165 -1.83862 8.47657 4.61336 2.2337 0.0849102 -0.0235183 -0.125533
1648.64 -7.20128 4.29012 -1.91523 8.19661 4.57866 2.07338 0.0873537 -0.0297797 -0.110414
1648.66 -7.58433 4.40504 -1.6471 8.35932 4.60379 2.11525 0.0858265 -0.0320704 -0.053298
1648.68 -7.92907 4.36673 -1.49388 8.74816 4.49492 2.11047 0.085063 -0.0369573 -0.000152716
1648.69 -7.92907 4.29012 -1.68541 8.87737 4.4985 2.15115 0.0842994 -0.0331394 0.0137445
1648.71 -7.89076 4.0603 -1.83862 8.76251 4.44945 2.03629 0.083994 -0.0320704 0.00824668
1648.73 -7.73755 4.21351 -1.72371 8.74816 4.42193 2.2349 0.0847575 -0.0320704 -0.0221439
1648.74 -7.58433 4.13691 -1.80032 8.71944 4.39561 2.24088 0.0826195 -0.0230602 -0.0444404
1648.76 -7.50772 3.98369 -1.68541 8.38923 4.31904 2.28275 0.0800233 -0.0200058 -0.0485638
1648.78 -7.46941 3.90708 -1.80032 8.37129 4.18983 2.13679 0.0827722 -0.0216857 -0.0595593
1648.79 -7.54602 4.0603 -1.45558 8.42752 4.46022 2.07218 0.0887282 -0.0238237 -0.0496328
1648.81 -7.66094 3.90708 -1.68541 8.4981 4.34297 2.03988 0.0846048 -0.0290161 -0.0424551
1648.83 -7.77585 3.83047 -1.6471 8.66082 4.0654 2.08175 0.0856738 -0.0354302 -0.0415388
1648.84 -7.77585 4.02199 -1.76202 8.65244 4.26162 2.27677 0.0853684 -0.0271835 -0.0603229
1648.86 -7.69924 3.94538 -1.6471 8.47896 4.10608 2.16191 0.0784962 -0.0221439 -0.0870483
1648.88 -7.58433 3.83047 -1.68541 8.33539 3.9996 2.2002 0.0820086 -0.0282525 -0.102014
1648.89 -7.54602 4.0986 -1.53219 8.30429 4.28913 2.06142 0.0936151 -0.0398589 -0.124311
1648.91 -7.50772 4.0986 -1.53219 8.3318 4.39561 1.94656 0.0901026 -0.0421497 -0.110719
1648.93 -7.81416 3.94538 -1.57049 8.53759 4.21017 1.86162 0.0907135 -0.0510072 -0.103694
1648.94 -8.00568 4.17521 -1.30236 8.89292 4.29033 1.82692 0.0926988 -0.0542143 -0.113163
1648.96 -7.89076 4.29012 -1.6088 8.7338 4.53918 1.92622 0.090408 -0.0461203 -0.133169
1648.98 -7.69924 4.29012 -1.6471 8.5328 4.41715 2.03151 0.0868956 -0.0471893 -0.141873
1648.99 -7.77585 4.02199 -1.68541 8.65723 4.37408 2.12004 0.0907135 -0.0568105 -0.147829
1649.01 -7.85246 4.44334 -2.03015 8.71585 4.60499 2.41196 0.0907135 -0.0442877 -0.139583
1649.03 -7.73755 4.40504 -2.18337 8.67996 4.80359 2.45025 0.0931569 -0.0481056 -0.0942259
1649.04 -7.73755 4.40504 -1.83862 8.60937 4.56909 2.29711 0.0926988 -0.0424551 -0.0378736
1649.06 -7.77585 4.74978 -2.14506 8.64885 4.80718 2.29352 0.0911716 -0.0383318 -0.00137445
1649.07 -7.62263 4.55826 -1.76202 8.61296 4.90768 2.27677 0.091477 -0.0372628 0.0461203
1649.09 -7.89076 4.36673 -1.57049 8.60578 4.5344 2.26481 0.087201 -0.0319177 0.0864374
1649.11 -7.81416 4.0986 -2.22167 8.62612 4.42433 2.31984 0.0849102 -0.0287107 0.0788016
1649.12 -7.73755 3.90708 -1.99184 8.76969 4.2341 2.35214 0.0884227 -0.0273362 0.0423024
1649.14 -7.3545 4.48165 -1.99184 8.16072 4.62772 2.34975 0.0934624 -0.0119119 0.0529926
1649.16 -7.43111 4.0986 -1.83862 8.1009 4.58345 2.37846 0.0826195 -0.0151189 0.0623082
1649.17 -7.54602 3.98369 -1.6088 8.39521 4.2006 2.22652 0.0813978 -0.0169515 0.0589485
1649.19 -7.31619 3.79216 -1.68541 8.19183 4.07498 2.04586 0.0844521 -0.0116064 0.0245873
1649.21 -7.3545 3.90708 -1.26405 8.29472 4.13001 1.76949 0.0801761 -0.0160352 0.00137445
1649.22 -7.58433 3.52403 -0.995922 8.38684 3.94816 1.68335 0.0801761 -0.0224493 -0.0210748
1649.24 -7.54602 3.56234 -1.11084 8.49452 3.64068 1.55773 0.0759 -0.0174097 -0.0803288
1649.26 -7.58433 3.60064 -1.14914 8.53998 3.91466 1.58644 0.0832304 -0.0177151 -0.141873
1649.27 -7.62263 3.67725 -1.49388 8.4335 3.91226 1.76351 0.0862847 -0.0180205 -0.212276
1649.29 -7.58433 3.67725 -1.99184 8.42752 3.79502 2.34616 0.0864374 -0.0200058 -0.243888
1649.3 -7.66094 4.55826 -1.80032 8.32224 4.68275 2.40957 0.108429 -0.0354302 -0.231671
1649.32 -7.81416 5.28605 -1.53219 8.44905 5.58844 2.01476 0.110719 -0.0539089 -0.116828
1649.34 -8.1972 4.48165 -1.68541 8.87617 5.1996 2.17627 0.0956004 -0.0572686 -0.0448986
1649.35 -8.61855 4.59656 -1.45558 9.26381 4.74736 1.98963 0.0968221 -0.0766636 0.0423024
1649.37 -8.77177 4.97961 -1.87693 9.75434 5.2319 2.30668 0.0997237 -0.0853684 0.0432187
1649.39 -8.50364 4.71148 -1.83862 9.6323 5.17208 2.37727 0.0794125 -0.074831 0.0334449
1649.4 -8.38873 4.32843 -1.83862 9.12981 4.68036 2.28634 0.0696386 -0.0659734 0.00137445
1649.42 -8.04398 4.21351 -2.03015 9.12383 4.34656 2.47059 0.0759 -0.0581849 -0.0658207
1649.44 -8.1589 4.29012 -2.22167 8.88574 4.58106 2.56152 0.0870483 -0.0395535 -0.109345
1649.45 -7.58433 4.40504 -2.18337 8.63091 4.58465 2.56032 0.0897971 -0.0314596 -0.122784
1649.47 -7.62263 4.17521 -1.87693 8.20499 4.5332 2.41436 0.0907135 -0.00839939 -0.0846048
1649.49 -7.20128 4.40504 -1.45558 7.99681 4.60259 2.37966 0.0945314 0.00839939 -0.0297797
1649.5 -6.85654 4.40504 -1.6088 7.80419 4.65882 2.21815 0.0959058 0.0210748 0.0351248
1649.52 -6.5501 4.40504 -1.22575 7.31246 4.71984 1.81017 0.0939205 0.030696 0.0711658
1649.54 -6.35858 4.903 -0.804398 7.11864 5.04766 1.401 0.0957531 0.0152716 0.1518
1649.55 -6.74162 4.82639 -0.497961 7.28853 4.9663 0.976271 0.0804815 0.00290161 0.250607
1649.57 -7.3545 4.0603 -0.766094 8.14995 4.53918 0.806381 0.0723875 -0.00641408 0.28054
1649.58 -7.58433 3.44742 -0.459656 8.88933 3.69332 0.752542 0.0620028 -0.00335976 0.293673
1649.6 -8.27381 2.4898 -0.114914 9.1669 3.21954 0.614955 0.0583376 0.00198531 0.169057
1649.62 -8.08229 2.68133 -0.497961 9.05324 2.60459 0.831506 0.0630718 0.0172569 0.0824668
1649.63 -7.85246 2.98777 -0.689484 8.73021 3.05683 1.14855 0.0760527 0.0183259 -0.0749837
1649.65 -7.62263 3.2942 -1.26405 8.65842 3.52463 1.81256 0.079107 0.00763582 -0.222355
1649.66 -7.54602 3.52403 -1.72371 8.66321 3.66461 2.10927 0.0754418 0.0065668 -0.282525
1649.68 -7.77585 3.86877 -2.03015 8.6991 4.00678 2.45982 0.0736092 0.00366519 -0.378736
1649.7 -7.89076 3.83047 -2.33659 8.4012 4.13719 2.77926 0.0719294 -0.00488692 -0.460592
1649.71 -7.85246 4.25182 -2.91116 8.42632 4.26401 2.97188 0.0807869 -0.0297797 -0.442572
1649.73 -7.58433 4.67317 -3.02607 8.87737 4.81555 3.37029 0.0832304 -0.041997 -0.393397
1649.75 -8.04398 4.40504 -3.2942 8.80319 4.7665 3.77348 0.076969 -0.0516181 -0.275653
1649.76 -7.81416 4.29012 -2.79624 8.71346 4.52483 3.32602 0.0858265 -0.0668897 -0.183107
1649.78 -7.62263 4.48165 -2.25998 8.62971 4.66241 2.98624 0.097433 -0.0788016 -0.150731
1649.8 -8.00568 4.29012 -2.29828 8.87138 4.72463 2.80917 0.102014 -0.0852157 -0.128434
1649.81 -8.12059 5.05622 -1.57049 9.01735 5.32522 2.26241 0.120799 -0.086132 -0.109345
1649.83 -7.92907 5.51587 -1.6088 8.92762 5.71765 2.19661 0.122173 -0.0778853 -0.0409279
1649.85 -7.96737 5.13283 -1.57049 8.80917 5.50828 2.0662 0.106291 -0.071013 -0.0018326
1649.86 -7.54602 5.17113 -1.95354 8.44547 5.33838 2.06142 0.108276 -0.0598648 0.0817032
1649.88 -7.77585 5.43926 -1.34066 8.42513 5.69133 1.8999 0.109803 -0.0621555 0.169057
1649.9 -7.89076 5.01791 -1.14914 8.70748 5.54177 1.74078 0.101404 -0.0621555 0.217468
1649.91 -7.85246 4.71148 -1.03423 8.81157 5.03809 1.45603 0.0916298 -0.0479529 0.305585
1649.93 -7.23959 4.29012 -0.497961 8.22174 4.39442 1.26461 0.085063 -0.0294742 0.315665
1649.95 -7.43111 3.83047 -0.497961 8.12243 4.13838 1.05882 0.0847575 -0.0381791 0.256716
1649.96 -7.85246 3.90708 -0.536266 8.70748 4.09412 0.817148 0.0855211 -0.0308487 0.217773
1649.98 -7.77585 3.98369 -0.344742 8.64766 4.17667 0.783649 0.0838412 -0.0239765 0.139583
1649.99 -7.43111 3.71555 -0.57457 8.29113 3.88475 0.753739 0.0685696 -0.00839939 0.0708604
1650.01 -7.3545 3.63894 -0.421352 8.04945 4.11326 0.814756 0.0743728 -0.00580322 0.0409279
1650.03 -6.93315 3.63894 -0.497961 7.96331 3.83809 0.940379 0.0584903 0.00488692 -0.0178678
1650.04 -6.93315 3.21759 -0.65118 7.7336 3.3667 1.18086 0.0500909 0.000763581 -0.0662789
1650.06 -7.46941 2.87285 -1.18745 7.97049 3.27218 1.43091 0.0569632 -0.00626137 -0.0901026
1650.08 -7.81416 3.14098 -1.57049 8.82233 3.13938 1.94177 0.0620028 -0.0117592 -0.113163
1650.09 -7.77585 3.2942 -1.87693 8.94078 3.73878 2.39282 0.0670424 -0.0135917 -0.144622
1650.11 -7.73755 2.83455 -1.95354 8.71346 3.22552 2.50648 0.0574213 -0.0178678 -0.244193
1650.13 -7.27789 3.56234 -2.22167 8.31147 3.80339 2.54237 0.0673479 -0.0241292 -0.298713
1650.14 -7.31619 3.86877 -2.4515 8.39162 3.82253 2.77926 0.0647517 -0.0395535 -0.394619
1650.16 -7.92907 3.86877 -2.52811 8.43829 3.90509 2.80439 0.0569632 -0.0447459 -0.403324
1650.18 -7.3928 4.02199 -2.37489 8.32463 4.30708 2.89292 0.0655153 -0.0476475 -0.326355
1650.19 -7.73755 3.75386 -2.75794 8.43589 3.98046 3.26022 0.0681114 -0.0639881 -0.290161
1650.21 -7.96737 4.0986 -2.60472 8.62851 4.1994 3.15015 0.0813978 -0.0655153 -0.206167
1650.23 -7.3928 3.90708 -2.79624 8.22054 4.31665 3.22193 0.0934624 -0.062461 -0.0592539
1650.24 -7.85246 3.79216 -2.41319 8.51964 4.05224 3.04726 0.0980438 -0.0731511 0.0212276
1650.26 -7.73755 4.17521 -1.68541 8.65723 4.30469 2.28873 0.121868 -0.0711658 0.141721
1650.28 -7.50772 4.51995 -1.22575 8.33899 4.73181 1.84726 0.136223 -0.0676533 0.209527
1650.29 -8.00568 4.82639 -0.995922 8.56271 4.85504 1.62712 0.139888 -0.0920879 0.247553
1650.31 -9.0016 4.97961 -0.995922 9.83569 5.068 1.5326 0.1321 -0.089339 0.240375
1650.32 -9.0016 5.17113 -0.689484 9.63589 5.52622 1.39382 0.119577 -0.0526871 0.173028
1650.34 -7.3928 4.903 -0.536266 8.2313 5.12542 1.30887 0.0931569 -0.0316123 0.136223
1650.36 -7.54602 4.29012 -0.881008 8.25284 4.7677 1.41535 0.0813978 -0.0358883 0.122784
1650.37 -7.73755 4.17521 -0.766094 8.80199 4.29392 1.01336 0.0745255 -0.0364992 0.0919352
1650.39 -7.54602 3.60064 -0.957617 8.4 4.02353 1.38066 0.0713185 -0.0345139 0.0116064
1650.41 -7.81416 3.60064 -1.14914 8.38325 3.77109 1.65344 0.0755945 -0.0456622 -0.047342
1650.42 -8.42703 3.94538 -1.26405 9.23629 4.03669 1.62951 0.0739146 -0.0372628 -0.067806
1650.44 -7.77585 3.83047 -2.03015 8.91446 3.84766 2.13799 0.0685696 -0.0167988 -0.103542
1650.46 -7.50772 3.2559 -1.68541 8.19183 3.46361 2.13679 0.067806 -0.00503964 -0.126296
1650.47 -7.16298 3.02607 -1.45558 8.02313 3.30209 1.91785 0.071624 -0.00946841 -0.143095
1650.49 -7.20128 2.98777 -1.6471 7.96211 2.89173 2.01117 0.0884227 -0.0305433 -0.134696
1650.51 -7.62263 2.94946 -1.68541 8.37846 3.27458 2.20379 0.104153 -0.0459676 -0.0581849
1650.52 -8.08229 3.56234 -2.25998 8.85703 3.6323 2.21934 0.115912 -0.0529926 0.055436
1650.54 -8.00568 4.02199 -1.83862 8.86541 4.06062 2.27438 0.117897 -0.0534507 0.125838
1650.56 -7.58433 4.0986 -1.83862 8.31984 4.24008 2.38564 0.119577 -0.0487165 0.217621
1650.57 -7.46941 3.79216 -1.68541 8.27916 4.09292 2.07338 0.127518 -0.068875 0.248164
1650.59 -7.66094 3.67725 -1.57049 8.35095 4.11565 2.07697 0.125533 -0.0696386 0.25244
1650.6 -7.92907 3.75386 -1.49388 8.68953 4.02592 1.69053 0.133169 -0.0835358 0.246331
1650.62 -8.42703 3.86877 -1.37897 9.33679 4.05823 1.80778 0.1321 -0.0798706 0.222049
1650.64 -8.81008 3.86877 -1.41727 9.70409 4.28554 1.70967 0.131641 -0.0771217 0.199906
1650.65 -8.69516 4.48165 -1.49388 9.54616 4.47099 1.89153 0.126602 -0.0626137 0.126144
1650.67 -8.58025 4.44334 -1.34066 9.74716 4.64088 1.68933 0.11133 -0.0491747 0.0435241
1650.69 -8.69516 4.21351 -1.22575 9.73878 4.24367 1.84606 0.099571 -0.036041 -0.0442877
1650.7 -8.46534 3.98369 -1.26405 9.50668 4.21256 1.79581 0.0920879 -0.0274889 -0.0890336
1650.72 -8.31211 3.60064 -1.6088 9.35474 3.95773 2.06142 0.0778853 -0.0180205 -0.187688
1650.74 -8.08229 3.40912 -2.03015 9.22074 3.64666 2.38923 0.0673479 -0.0143553 -0.293673
1650.75 -8.35042 3.21759 -2.14506 9.2327 3.71366 2.49571 0.0681114 -0.0186314 -0.33399
1650.77 -8.04398 3.21759 -2.14506 8.88694 3.30329 2.74576 0.065668 -0.0171042 -0.354913
1650.78 -7.69924 3.14098 -2.22167 8.44905 3.1992 2.95992 0.0693332 -0.0109956 -0.332769
1650.8 -7.3545 2.79624 -2.52811 8.14636 2.90608 2.8008 0.0829249 -0.019395 -0.248317
1650.82 -6.89484 2.4898 -2.10676 7.68574 2.62134 2.71466 0.0902553 -0.0285579 -0.182038
1650.83 -6.47349 2.68133 -1.91523 7.21316 2.94197 2.48136 0.116828 -0.0426078 -0.0164934
1650.85 -6.47349 2.71963 -1.91523 7.07198 2.87976 2.2684 0.137597 -0.0699441 0.178525
1650.87 -6.5118 2.91116 -1.49388 7.07438 3.04247 2.12363 0.150425 -0.0873537 0.266948
1650.88 -6.58841 3.40912 -1.22575 7.4333 3.41097 1.47517 0.159894 -0.103542 0.414472
1650.9 -6.70332 3.14098 -0.919312 7.6008 3.37149 1.54337 0.166766 -0.111483 0.466701
1650.91 -7.23959 3.44742 -0.881008 7.74317 3.5007 1.7336 0.166919 -0.115454 0.502437
1650.93 -8.1972 4.02199 -1.49388 8.75892 4.35493 2.09372 0.176082 -0.125686 0.583071
1650.95 -9.07821 4.32843 -1.95354 9.87278 4.82632 2.32941 0.164017 -0.104916 0.528857
1650.96 -9.806 4.74978 -2.06845 10.2999 4.93878 2.41436 0.150578 -0.0813978 0.468075
1650.98 -9.8443 4.63487 -2.14506 11.1194 5.17448 2.41196 0.144775 -0.0684169 0.419206
1651.0 -10.2273 3.52403 -1.83862 11.61 3.69691 2.21695 0.118966 -0.0374155 0.234572
1651.01 -9.42295 3.06437 -1.45558 10.6732 3.22672 1.99801 0.118661 -0.0108429 0.0561996
1651.03 -8.96329 2.91116 -1.45558 10.0211 2.94197 2.14397 0.118355 -0.00351247 -0.180053
1651.05 -8.92499 2.91116 -1.22575 9.55454 3.05563 1.90229 0.115606 0.00167988 -0.26649
1651.07 -7.89076 3.06437 -1.49388 9.38704 3.2674 1.8329 0.118202 -0.00458149 -0.278402
1651.08 -7.58433 3.71555 -1.76202 8.54596 4.2006 2.01954 0.123242 -0.000610865 -0.364534
1651.1 -7.50772 2.29828 -1.57049 8.42273 3.48873 1.90708 0.0986547 -0.0117592 -0.359647
1651.11 -7.69924 2.22167 -1.6471 8.42632 2.74935 2.08175 0.0934624 -0.0397062 -0.31261
1651.13 -7.23959 3.21759 -1.57049 7.97528 2.56869 2.4 0.107054 -0.0496328 -0.258854
1651.15 -7.20128 3.06437 -1.76202 8.15833 3.868 2.37009 0.0916298 -0.0762054 -0.349262
1651.16 -6.85654 2.94946 -1.6471 7.81974 3.18604 1.98485 0.086132 -0.085063 -0.457996
1651.18 -7.00976 3.79216 -1.49388 7.98724 3.61077 1.90588 0.0901026 -0.104458 -0.669203
1651.2 -7.20128 4.86469 -1.68541 8.24686 4.86819 1.92981 0.0736092 -0.116523 -0.791528
1651.21 -8.65686 4.9413 -1.18745 9.13819 5.5669 1.59362 0.0607811 -0.10736 -0.896292
1651.24 -9.65278 5.17113 -2.64302 10.5918 5.37667 3.23031 0.0525344 -0.085063 -0.797179
1651.25 -9.53786 5.86062 -2.60472 10.258 5.91386 3.11785 0.0546724 -0.0380264 -0.575435
1651.27 -7.3545 4.59656 -2.83455 8.30548 5.39462 3.61795 0.0491747 -0.036041 -0.449139
1651.29 -6.66501 3.98369 -2.75794 7.43091 4.39681 3.39661 0.0661261 -0.0364992 -0.130114
1651.3 -7.04806 3.52403 -2.56641 7.42493 3.89073 2.85224 0.107054 -0.0561996 0.22938
1651.32 -7.12467 4.0986 -1.57049 7.80897 4.17069 2.45982 0.133932 -0.0542143 0.418901
1651.33 -7.3928 4.21351 -0.995922 8.16431 4.42193 1.6678 0.165239 -0.0606284 0.749073
1651.35 -7.81416 4.0986 -0.497961 8.44786 4.58584 0.787238 0.179747 -0.0572686 0.999223
1651.37 -8.12059 4.02199 -0.0766094 8.67159 4.28554 0.55992 0.186925 -0.0482583 1.23425
1651.38 -8.77177 3.63894 0.229828 9.25304 4.18624 0.507278 0.19792 -0.0508545 1.3355
1651.4 -9.07821 3.02607 -0.229828 10.0702 3.4337 0.387637 0.197004 -0.0329867 1.42866
1651.42 -8.92499 2.79624 -0.268133 9.77109 3.0317 0.745364 0.190132 -0.0200058 1.34528
1651.43 -8.58025 2.52811 -0.65118 9.82134 2.58305 1.16052 0.180663 -0.0335976 1.25349
1651.45 -8.65686 2.87285 -1.34066 9.71127 2.67278 1.75872 0.168751 -0.0253509 0.86468
1651.47 -8.61855 2.91116 -1.14914 9.82373 2.88335 1.69172 0.129503 -0.0308487 0.430507
1651.48 -8.38873 2.91116 -1.41727 9.81535 2.71585 1.60439 0.115759 -0.0297797 0.202807
1651.5 -8.1972 3.60064 -0.995922 9.00778 3.59282 1.6678 0.0813978 -0.0250455 -0.257327
1651.52 -8.08229 3.86877 -0.881008 9.07837 3.88834 1.46082 0.03711 -0.0335976 -0.586583
1651.53 -8.38873 3.63894 -0.0383047 9.38704 3.61077 0.97986 0.00671952 -0.0401644 -0.824821
1651.55 -8.77177 3.02607 0.0766094 9.5665 3.30927 0.404387 -0.00397062 -0.0401644 -0.90347
1651.56 -8.61855 3.2942 -0.0766094 9.79741 3.332 0.583848 -0.011301 -0.043066 -1.04046
1651.58 -8.69516 3.52403 -1.14914 9.70648 3.79741 0.70349 -0.0207694 -0.0450513 -1.20737
1651.6 -8.65686 2.41319 -0.459656 9.68734 2.99581 1.133 -0.0288634 -0.056505 -1.13575
1651.61 -8.23551 3.2559 -0.995922 9.11186 3.23988 1.4668 0.0233656 -0.0438296 -0.90576
1651.63 -8.27381 2.71963 -0.65118 8.56271 2.83549 1.56012 0.0444404 -0.0334449 -0.639423
1651.64 -8.23551 3.67725 -0.957617 8.84626 3.7986 1.1318 0.0670424 -0.0424551 -0.515723
1651.66 -8.96329 3.52403 -0.65118 9.72323 3.52702 1.32682 0.0736092 -0.0470366 -0.4076
1651.68 -8.92499 3.71555 -0.804398 9.60838 4.28913 1.34596 0.0899499 -0.029627 -0.291688
1651.69 -8.08229 4.78809 -0.766094 9.5665 4.20778 1.28734 0.0930042 -0.0297797 -0.235641
1651.71 -8.08229 4.29012 -1.6088 8.87378 4.99502 1.69531 0.103236 -0.019395 -0.187383
1651.72 -8.58025 4.21351 -1.14914 9.14177 4.81795 1.57208 0.101709 -0.0323759 -0.0821613
1651.74 -8.1972 3.60064 -1.22575 9.07119 4.14078 1.67976 0.105222 -0.032834 -0.0262672
1651.76 -8.23551 3.48573 -1.34066 8.9324 3.93739 1.79821 0.111177 -0.0334449 0.0980438
1651.77 -8.00568 3.06437 -1.49388 8.81874 3.69093 2.02313 0.104763 -0.0311541 0.185245
1651.79 -8.38873 2.98777 -1.53219 9.04845 3.32602 2.10449 0.114843 -0.0412334 0.269392
1651.8 -8.1972 2.75794 -1.68541 8.85344 3.10349 2.12483 0.118202 -0.0334449 0.376598
1651.82 -7.69924 3.17929 -1.68541 8.70269 3.18245 2.02193 0.123089 -0.0299324 0.406683
1651.83 -7.92907 3.02607 -1.95354 8.59262 3.64666 2.2349 0.127824 -0.0320704 0.406378
1651.85 -7.77585 2.91116 -1.49388 8.75892 3.57966 2.21815 0.126296 -0.0423024 0.340099
1652.47 -8.1589 3.2942 -1.14914 8.84507 3.34038 1.63908 0.078038 -0.0200058 0.0618501
1652.49 -7.89076 3.17929 -1.18745 8.70269 3.41934 1.77069 0.0810924 -0.0216857 0.0432187
1652.5 -7.81416 3.37081 -1.18745 8.48854 3.18604 1.95733 0.0833831 -0.023671 0.0361938
1652.52 -7.73755 3.06437 -1.34066 8.44307 3.38106 1.51705 0.0813978 -0.0332921 0.00962113
1652.53 -8.00568 3.60064 -1.03423 8.68116 3.87039 1.59482 0.0887282 -0.0378736 -0.0352775
1652.55 -7.77585 3.52403 -1.18745 8.57707 3.45643 1.71206 0.0771217 -0.0401644 -0.0772744
1652.57 -8.08229 3.06437 -1.57049 8.94437 3.90987 1.85683 0.0806342 -0.0406225 -0.0926988
1652.58 -8.08229 4.13691 -1.6088 9.16809 3.77827 2.03629 0.0752891 -0.0375682 -0.0864374
1652.6 -8.1589 3.21759 -1.34066 9.0999 3.71725 1.8006 0.0636827 -0.0334449 -0.122937
1652.62 -7.81416 3.90708 -1.53219 9.18843 3.34756 1.72403 0.0630718 -0.0363465 -0.146149
1652.63 -8.04398 3.33251 -1.80032 8.87498 3.51147 2.30429 0.0629191 -0.0363465 -0.183565
1652.65 -8.46534 3.48573 -1.6471 9.22313 3.8321 2.34257 0.0705549 -0.0265726 -0.255036
1652.67 -8.42703 3.2942 -1.6471 9.19083 3.84048 2.17388 0.0694859 -0.0161879 -0.304363
1652.68 -8.1589 4.36673 -1.6471 8.80678 4.11685 1.86281 0.0707076 -0.00671952 -0.313679
1652.7 -7.81416 4.48165 -1.41727 8.82951 4.599 1.92742 0.0664316 -0.00901026 -0.338572
1652.72 -7.89076 3.94538 -1.57049 8.60937 4.32024 2.05065 0.0526871 -0.00778853 -0.338419
1652.73 -7.50772 3.98369 -1.34066 8.10927 4.07737 1.82931 0.0551306 -0.0065668 -0.313832
1652.75 -8.00568 3.94538 -1.87693 8.28993 4.05583 1.92622 0.0552833 -0.0189368 -0.268933
1652.77 -7.73755 3.86877 -1.6088 8.66441 4.10489 2.01595 0.0569632 -0.019395 -0.235641
1652.78 -8.1972 3.44742 -1.91523 8.76251 4.22931 2.59143 0.0594066 -0.0268781 -0.206472
1652.8 -7.66094 3.67725 -2.71963 8.9324 3.17288 2.79362 0.06353 -0.0273362 -0.184176
1652.82 -7.50772 3.14098 -2.14506 8.07099 3.49472 2.71346 0.073762 -0.0183259 -0.104153
1652.83 -6.47349 3.86877 -2.03015 7.29691 4.08574 2.44427 0.0926988 -0.0279471 -0.0969748
1652.85 -6.66501 3.63894 -2.29828 7.5003 4.0654 2.36411 0.0945314 -0.0395535 -0.101862
1652.86 -7.89076 3.83047 -2.06845 8.65842 4.07737 2.67637 0.0942259 -0.0675006 -0.10965
1652.88 -8.1972 4.17521 -2.18337 8.97906 4.25444 2.72303 0.0991129 -0.066737 -0.10736
1652.9 -8.46534 4.21351 -2.29828 9.34636 4.40518 2.72901 0.0965167 -0.0632245 -0.0911716
1652.91 -8.46534 4.59656 -2.41319 9.29252 4.62532 2.87856 0.0946841 -0.0591012 -0.071624
1652.93 -8.42703 4.25182 -1.87693 9.52463 4.65284 2.2995 0.0804815 -0.0381791 -0.0400117
1652.95 -8.00568 4.51995 -2.06845 8.98864 4.71506 2.19422 0.0806342 -0.0322231 -0.0342084
1652.96 -8.12059 4.48165 -1.95354 8.87976 4.82273 2.35095 0.0804815 -0.0363465 -0.046273
1652.98 -8.12059 4.25182 -1.87693 8.80319 4.43629 2.34377 0.0772744 -0.0267254 -0.0424551
1653.0 -8.12059 3.67725 -1.72371 9.07597 4.0008 2.42393 0.0749837 -0.0323759 -0.0303905
1653.01 -7.81416 3.44742 -1.91523 8.77687 4.05703 2.38086 0.0755945 -0.0218384 0.0251982
1653.03 -7.92907 3.33251 -1.76202 9.0006 3.26022 2.29232 0.0832304 -0.031765 0.0789543
1653.05 -7.81416 2.87285 -1.53219 8.29831 3.27338 2.23849 0.0884227 -0.0230602 0.163559
1653.06 -8.00568 3.48573 -1.99184 8.92642 3.70887 2.31745 0.0989602 -0.0342084 0.209985
1653.08 -7.96737 3.71555 -2.10676 9.10229 3.56889 2.199 0.101862 -0.0372628 0.212123
1653.1 -8.12059 3.98369 -1.80032 9.01854 4.21017 2.28634 0.101709 -0.0355829 0.189063
1653.11 -8.08229 3.86877 -1.68541 8.98624 4.24367 2.05902 0.0936151 -0.0325286 0.111483
1653.13 -7.77585 3.79216 -1.68541 8.89771 4.22094 2.14277 0.0859793 -0.0302378 0.0241292
1653.15 -8.08229 3.79216 -1.83862 8.61057 3.99601 2.15713 0.0818559 -0.0342084 -0.00610865
1653.16 -8.12059 3.44742 -1.57049 8.91685 3.64905 2.1009 0.0868956 -0.043066 -0.0458149
1653.18 -7.89076 3.2942 -1.57049 9.17049 3.60239 2.0674 0.0864374 -0.0415388 -0.0488692
1653.2 -8.12059 3.40912 -1.49388 8.48135 3.67298 2.08654 0.0894917 -0.0448986 -0.0389426
1653.21 -7.96737 3.44742 -1.41727 8.94317 3.82732 1.98604 0.0913243 -0.0378736 -0.0242819
1653.23 -7.62263 3.40912 -1.41727 8.62971 3.63111 2.06859 0.0925461 -0.0499382 -0.0216857
1653.24 -7.62263 3.2559 -1.6088 8.60578 3.59402 2.05663 0.0956004 -0.0511599 -0.0294742
1653.26 -7.77585 3.56234 -1.6088 8.82712 3.60598 2.08415 0.0957531 -0.0536034 -0.0209221
1653.28 -7.73755 3.37081 -1.57049 8.54357 3.77348 1.93938 0.0959058 -0.0517708 -0.0209221
1653.29 -7.73755 3.37081 -1.45558 8.63809 3.72802 1.74197 0.0933096 -0.0482583 -0.0149662
1653.31 -7.69924 3.52403 -1.18745 8.49093 3.68614 1.66181 0.0933096 -0.0493274 -0.0299324
1653.33 -7.58433 3.48573 -1.18745 8.41795 3.73878 1.66899 0.0936151 -0.053298 -0.0375682
1653.34 -7.3928 3.63894 -1.22575 8.39043 3.83928 1.65105 0.0940732 -0.0536034 -0.0542143
1653.36 -7.3928 3.71555 -1.03423 8.32224 3.81177 1.64028 0.0907135 -0.0508545 -0.0749837
1653.37 -7.58433 3.71555 -1.14914 8.36171 3.89312 1.60678 0.089339 -0.0508545 -0.0931569
1653.39 -7.73755 3.67725 -0.957617 8.50648 4.02831 1.86999 0.0894917 -0.0513127 -0.141415
1653.41 -7.89076 3.83047 -1.41727 9.11426 4.09172 1.9011 0.087201 -0.0502437 -0.199142
1653.42 -8.42703 3.86877 -1.95354 9.34875 4.03549 1.95613 0.0844521 -0.0438296 -0.2277
1653.44 -8.50364 4.67317 -1.49388 9.48395 4.4997 2.10568 0.0885754 -0.0468839 -0.306654
1653.46 -8.50364 4.67317 -1.83862 9.34875 4.85863 2.29472 0.0745255 -0.0418443 -0.406836
1653.47 -8.54194 4.44334 -1.91523 9.23151 4.75693 2.43709 0.0659734 -0.0358883 -0.445168
1653.49 -8.58025 3.60064 -2.52811 9.67059 3.84527 2.51964 0.0503964 -0.0332921 -0.474642
1653.51 -8.69516 3.52403 -2.18337 9.55693 3.74477 2.53519 0.0595593 -0.0335976 -0.443641
1653.52 -9.26973 3.75386 -2.25998 10.1444 4.09651 2.57348 0.067806 -0.0319177 -0.334143
1653.54 -9.15482 3.98369 -1.87693 9.98644 4.26281 2.44666 0.0752891 -0.0310014 -0.246942
1653.56 -9.03991 3.40912 -1.45558 9.74716 3.8656 2.05184 0.0844521 -0.023671 -0.0363465
1653.57 -8.92499 3.44742 -0.919312 9.68854 3.58086 1.66181 0.10568 -0.0218384 0.151647
1653.59 -8.88668 3.44742 -0.689484 9.6646 3.79621 1.33041 0.122173 -0.0160352 0.285427
1653.61 -8.65686 3.94538 -0.65118 9.5665 4.01994 1.15214 0.127518 -0.0108429 0.331089
1653.62 -8.35042 3.86877 -0.421352 9.32004 4.0654 0.898505 0.126144 0.00320704 0.412334
1653.64 -8.04398 3.94538 -0.421352 9.14177 4.09771 0.867398 0.1321 0.00198531 0.464868
1653.66 -7.96737 3.75386 -0.689484 8.9348 3.9661 0.989432 0.131183 -0.00198531 0.477391
1653.67 -7.46941 3.86877 -0.65118 8.61655 3.8333 1.33519 0.129198 0.00244346 0.439823
1653.69 -7.58433 3.79216 -0.842703 8.40837 3.98166 1.31844 0.122478 -0.00977384 0.318261
1653.71 -7.73755 3.71555 -0.421352 8.62373 3.99601 1.11625 0.113163 -0.0137445 0.135154
1653.72 -7.77585 3.79216 -0.497961 8.60937 3.94217 1.01336 0.11133 -0.0166461 0.0470366
1653.74 -7.62263 3.98369 -0.612875 8.37487 4.07139 0.961914 0.0959058 -0.0146608 -0.0830777
1653.76 -7.58433 3.63894 -0.459656 8.53041 3.93739 0.854237 0.0856738 -0.0149662 -0.151036
1653.77 -7.54602 3.2942 -0.0766094 8.47538 3.96849 0.774078 0.0792598 -0.0151189 -0.168904
1653.79 -7.81416 3.2942 0.0383047 8.58186 3.35474 0.454636 0.0740674 -0.0142026 -0.184481
1653.81 -7.62263 3.37081 -0.0383047 8.98983 3.56172 0.447458 0.0795652 -0.014508 -0.213497
1653.82 -8.1589 3.33251 -0.153219 8.98385 3.71964 0.693918 0.0789543 -0.00305432 -0.244346
1653.84 -7.54602 3.48573 -0.612875 8.49452 4.0331 0.735793 0.0788016 0.00442877 -0.247553
1653.86 -7.81416 3.2559 -0.65118 8.33899 4.05224 1.17846 0.0781907 0.0056505 -0.237168
1653.87 -7.54602 3.2942 -0.766094 8.23609 3.35952 1.33041 0.085063 -0.00198531 -0.172264
1653.89 -7.31619 2.83455 -0.804398 8.34258 3.56052 1.39621 0.0902553 -0.00962113 -0.0975857
1653.9 -7.73755 3.75386 -1.45558 8.80558 3.40618 1.69531 0.0957531 -0.0171042 -0.0578795
1653.92 -8.12059 3.33251 -1.76202 8.87976 3.84885 2.09731 0.101098 -0.020464 0.00534507
1653.94 -8.00568 3.52403 -1.91523 8.95155 3.95175 1.97647 0.103542 -0.0213803 0.0255036
1653.95 -8.00568 4.25182 -1.95354 9.24228 3.77468 1.99202 0.103236 -0.0192422 -0.0018326
1653.97 -8.04398 3.86877 -2.14506 9.08076 3.97687 2.47896 0.0998765 -0.0148135 -0.0157298
1653.99 -8.08229 4.21351 -2.06845 9.12383 4.43868 2.57109 0.0997237 -0.0126754 -0.0415388
1654.0 -8.92499 3.90708 -1.45558 9.52343 4.42552 2.42871 0.096364 -0.0155771 -0.0818559
1654.02 -8.58025 3.67725 -2.29828 9.08076 4.38844 2.61655 0.0951423 -0.0209221 -0.08827
1654.04 -8.42703 3.21759 -1.80032 9.52224 3.7017 2.54716 0.0852157 -0.0143553 -0.0946841
1654.05 -8.1589 3.60064 -1.99184 8.93958 3.68734 2.52203 0.0968221 -0.0148135 -0.0479529
1654.07 -7.58433 3.48573 -1.68541 8.85344 3.89073 2.39761 0.0949895 -0.0100793 -0.00870483
1654.09 -7.96737 3.90708 -1.68541 8.67876 4.02951 2.32463 0.0975857 -0.0151189 -0.0142026
1654.1 -8.04398 3.44742 -1.6088 8.85583 3.97807 2.16431 0.0868956 -0.0140499 -0.0581849
