1353.2 0.881008 8.23551 -0.383047 -0.54317 8.61416 0.969093 0.0384845 -0.106749 -0.179747
1353.22 0.881008 8.31211 -0.459656 -0.614955 8.72423 0.982253 0.0636827 -0.112857 -0.211359
1353.24 0.881008 8.54194 -0.65118 -0.647258 8.78644 0.978664 0.0803288 -0.117897 -0.223729
1353.25 0.995922 8.54194 -0.383047 -0.671186 8.81635 0.900898 0.112246 -0.117439 -0.234114
1353.27 0.995922 8.65686 -0.306437 -0.665205 8.9348 0.721436 0.151647 -0.127976 -0.223729
1353.28 1.03423 8.77177 0.0 -0.664008 8.99821 0.618545 0.167224 -0.130267 -0.223118
1353.3 1.07253 9.07821 -0.0383047 -0.6999 9.12981 0.418744 0.192575 -0.139888 -0.25244
1353.32 0.919312 9.03991 0.0383047 -0.685544 9.23629 0.34337 0.209527 -0.143553 -0.301767
1353.33 1.07253 9.03991 -0.229828 -0.692722 9.28415 0.368495 0.220522 -0.145386 -0.344986
1353.35 1.07253 9.07821 0.0 -0.731007 9.38106 0.412762 0.22434 -0.149662 -0.371711
1353.37 1.03423 9.34634 -0.153219 -0.771685 9.57129 0.53001 0.226784 -0.148288 -0.434172
1353.38 1.07253 9.49956 -0.344742 -0.887737 9.7675 0.634098 0.231671 -0.147982 -0.48579
1353.4 1.37897 9.53786 -0.114914 -0.955932 9.87159 0.648455 0.232129 -0.146455 -0.492663
1353.42 1.18745 9.8443 -0.268133 -1.06839 10.2353 0.708275 0.237779 -0.134238 -0.465327
1353.43 1.37897 10.2273 -0.268133 -1.13659 10.6804 0.715454 0.246942 -0.134238 -0.352775
1353.45 1.41727 10.2273 -0.344742 -1.15214 10.8395 0.707079 0.256258 -0.130572 -0.189979
1353.46 1.30236 10.2657 -0.383047 -1.08754 10.8538 0.65324 0.257632 -0.125838 -0.100182
1353.48 1.22575 10.2273 -0.268133 -0.927218 10.7976 0.562313 0.253356 -0.120799 0.029627
1353.49 1.07253 10.1124 -0.268133 -0.824327 10.7916 0.550349 0.248164 -0.122937 0.0664316
1353.51 0.957617 10.1507 -0.268133 -0.723829 10.7306 0.570688 0.231518 -0.125838 0.0986547
1353.53 0.957617 10.2657 -0.153219 -0.643669 10.727 0.614955 0.207083 -0.124006 0.0942259
1353.54 0.995922 10.2657 -0.536266 -0.626919 10.7617 0.635294 0.189521 -0.120799 0.0846048
1353.56 0.804398 10.304 -0.306437 -0.597009 10.7653 0.668794 0.157756 -0.120035 0.0536034
1353.57 0.957617 10.1507 -0.421352 -0.612562 10.7246 0.691525 0.122631 -0.122937 0.0343612
1353.59 0.957617 10.0358 -0.421352 -0.691525 10.5212 0.732203 0.105832 -0.122937 0.0351248
1353.6 1.07253 9.99752 -0.497961 -0.726221 10.3346 0.781256 0.0763581 -0.129045 0.0636827
1353.62 0.995922 9.8443 -0.383047 -0.748953 10.2736 0.786042 0.0626137 -0.129045 0.0853684
1354.22 1.18745 10.0741 0.57457 -0.911665 10.5428 -0.174676 0.0368046 -0.17318 -0.0875064
1354.24 1.07253 10.304 0.344742 -0.838684 10.7043 -0.136391 0.0216857 -0.179747 -0.0684169
1354.25 0.957617 10.1124 0.153219 -0.70349 10.6828 0.00837488 -0.00824668 -0.192575 -0.0523817
1354.27 0.995922 9.61448 0.0 -0.587438 9.95773 0.122034 -0.0424551 -0.20464 -0.0597121
1354.28 0.842703 8.84838 0.114914 -0.508475 9.47079 0.174676 -0.0548251 -0.209221 -0.0708604
1354.3 0.57457 8.31211 0.191523 -0.427119 8.6321 0.2668 -0.0726929 -0.211207 -0.0988074
1354.32 0.689484 7.96737 -0.0383047 -0.375673 8.23011 0.433101 -0.0781907 -0.216246 -0.107207
1354.33 0.65118 7.77585 -0.0766094 -0.404387 8.12482 0.622134 -0.0723875 -0.223118 -0.0920879
1354.35 0.727789 7.77585 -0.421352 -0.474975 8.0339 0.680758 -0.0691805 -0.225715 -0.079107
1354.37 0.766094 7.73755 -0.612875 -0.51685 8.02433 0.803988 -0.0520762 -0.235183 -0.0589485
1354.38 0.957617 7.77585 -0.536266 -0.539581 8.09731 0.93679 -0.0255036 -0.242208 -0.054367
1354.4 0.919312 7.73755 -0.612875 -0.545563 8.11525 0.999003 -0.0108429 -0.246331 -0.0456622
1354.42 0.842703 7.96737 -0.57457 -0.565902 8.25045 1.09711 0.0235183 -0.249233 -0.0345139
1354.43 0.689484 8.31211 -0.57457 -0.531206 8.51007 1.10668 0.0571159 -0.254731 0.00229074
1354.45 0.57457 8.46534 -0.114914 -0.197408 8.67159 0.922433 0.0849102 -0.258701 0.0432187
1354.47 0.421352 8.42703 -0.344742 -0.184247 8.71227 0.847059 0.10064 -0.255494 0.0664316
1354.48 0.459656 8.1972 -0.344742 -0.206979 8.50768 0.765703 0.134543 -0.253051 0.109498
1354.5 0.421352 7.96737 -0.421352 -0.376869 8.25404 0.765703 0.1799 -0.253814 0.162185
1354.52 0.881008 7.92907 -0.421352 -0.490529 8.19661 0.784845 0.230143 -0.2558 0.23503
1354.53 0.995922 7.73755 -0.114914 -0.671186 8.08415 0.794417 0.25412 -0.255189 0.277638
1354.55 1.03423 7.77585 -0.268133 -0.914058 8.0674 0.752542 0.29856 -0.260687 0.37446
1354.56 1.34066 7.89076 -0.229828 -0.967896 8.11286 0.720239 0.33399 -0.267254 0.482736
1354.58 1.53219 8.27381 -0.383047 -0.941576 8.4658 0.74656 0.342084 -0.271682 0.529162
1354.6 0.957617 8.77177 -0.421352 -0.725025 8.97787 0.853041 0.354454 -0.2839 0.609185
1354.61 0.957617 9.42295 -0.57457 -0.413958 9.73998 1.04566 0.356287 -0.290924 0.676228
1354.63 0.612875 10.0358 -0.957617 -0.324227 10.0881 1.08514 0.351553 -0.291383 0.692874
1354.65 0.612875 10.3423 -0.497961 -0.00119641 10.7749 0.924826 0.345597 -0.29459 0.682184
1354.66 -0.0766094 10.4572 -0.65118 0.518046 10.9089 0.612562 0.337045 -0.295506 0.629496
1354.68 -0.383047 10.0741 -0.153219 0.798006 10.7773 0.460618 0.330936 -0.29291 0.604451
1354.7 -0.689484 9.76769 0.229828 1.28255 10.2604 0.308674 0.326202 -0.288023 0.618196
1354.71 -1.37897 9.65278 0.191523 1.84606 10.0164 0.205783 0.317344 -0.279318 0.665079
1354.73 -1.45558 9.92091 0.306437 2.34138 10.4183 0.171087 0.3036 -0.271682 0.710283
1354.74 -1.76202 10.5721 0.0766094 2.42034 10.794 0.142373 0.295201 -0.265268 0.730442
1354.76 -1.80032 11.3765 0.153219 2.5328 11.7033 0.106481 0.265879 -0.26145 0.728915
1354.78 -1.87693 12.4107 0.191523 2.62971 12.8004 0.0155533 0.223424 -0.243124 0.706923
1354.79 -1.76202 13.828 0.268133 2.9001 14.3186 -0.144766 0.166613 -0.237779 0.62522
1354.81 -2.14506 14.2493 0.804398 2.95274 14.729 -0.228514 0.125533 -0.218842 0.558178
1354.83 -2.18337 13.0619 0.344742 2.90249 13.8939 -0.364905 0.0497855 -0.208916 0.388663
1354.84 -2.03015 11.7595 0.268133 2.68116 12.2883 -0.527617 -0.0207694 -0.188452 0.23671
1354.86 -2.10676 10.7253 0.804398 2.63928 11.5478 -0.588634 -0.071013 -0.176082 0.161879
1354.88 -1.80032 10.0358 0.689484 2.45384 10.5272 -0.728614 -0.08827 -0.171042 0.161421
1354.89 -1.76202 9.49956 1.03423 2.40957 9.78544 -0.758524 -0.113315 -0.165697 0.225562
1354.91 -1.80032 9.07821 0.689484 2.30189 9.28773 -0.696311 -0.13439 -0.147524 0.343764
1354.93 -1.57049 8.73347 0.766094 2.28634 9.06879 -0.632901 -0.14111 -0.141873 0.394313
1354.94 -1.41727 8.35042 0.766094 2.21097 8.71346 -0.464207 -0.144622 -0.136834 0.451582
1354.96 -1.57049 7.92907 0.57457 2.23131 8.24327 -0.206979 -0.153785 -0.112857 0.452193
1354.98 -1.6088 7.69924 0.0766094 2.31266 7.84965 0.0646062 -0.14508 -0.102167 0.46105
1354.99 -1.80032 7.43111 -0.383047 2.38086 7.75394 0.228514 -0.139888 -0.0960585 0.485027
1355.01 -1.83862 7.43111 -0.421352 2.62134 7.69053 0.660419 -0.119577 -0.079107 0.583987
1355.03 -2.22167 7.62263 -0.919312 2.84865 7.81017 1.00618 -0.0894917 -0.0699441 0.738841
1355.04 -2.29828 7.58433 -0.842703 2.98744 7.91665 1.16411 -0.0525344 -0.0531453 0.947757
1355.06 -2.64302 7.62263 -1.03423 3.18844 8.04108 1.46082 -0.0293215 -0.0494801 1.06504
1355.08 -2.75794 7.69924 -1.14914 3.45763 7.9346 1.67976 0.0187841 -0.0395535 1.29091
1355.09 -3.02607 7.3545 -0.536266 3.73161 7.68814 1.51226 0.0691805 -0.0262672 1.4479
1355.11 -3.2942 7.04806 -0.65118 3.88475 7.47517 1.36989 0.0986547 -0.0206167 1.49341
1355.13 -3.60064 6.74162 -0.459656 4.09771 7.01934 1.08156 0.158825 -0.0216857 1.57725
1355.14 -3.71555 6.58841 -0.497961 4.30947 6.71186 0.884148 0.224951 -0.0291688 1.70447
1355.16 -3.90708 6.43519 -0.229828 4.41236 6.6353 0.697508 0.281761 -0.0386372 1.83794
1355.18 -4.17521 6.62671 -0.114914 4.64327 6.6652 0.647258 0.301615 -0.0375682 1.88666
1355.19 -4.13691 7.46941 -0.114914 5.18764 7.35912 0.524028 0.332616 -0.0549779 1.88864
1355.21 -5.17113 8.35042 -0.306437 6.05384 8.37248 0.405583 0.334907 -0.0583376 1.74341
1355.23 -5.97553 9.07821 0.0766094 6.48933 8.84626 0.352941 0.317192 -0.0594066 1.51006
1355.24 -6.81823 9.92091 0.268133 7.55175 9.85364 0.163908 0.302378 -0.0546724 1.37399
1355.26 -6.81823 9.69109 0.459656 7.89033 9.85723 -0.0634098 0.27046 -0.0536034 1.04519
1355.28 -6.24366 8.31211 0.65118 7.04566 8.4323 -0.260818 0.237474 -0.0500909 0.732885
1355.29 -5.82231 7.77585 0.842703 6.80997 8.06142 -0.430708 0.224035 -0.0465785 0.606436
1355.31 -5.93723 8.12059 0.995922 6.77886 8.199 -0.632901 0.210748 -0.0598648 0.370948
1355.33 -5.7074 8.54194 0.919312 6.65803 8.75653 -0.636491 0.187688 -0.0578795 0.125227
1355.34 -5.63079 8.46534 0.727789 6.51206 8.72902 -0.622134 0.157145 -0.0597121 -0.089339
1355.36 -5.36266 8.1972 0.842703 6.18784 8.52084 -0.629312 0.139125 -0.0571159 -0.166613
1355.38 -5.32435 7.89076 0.919312 6.19262 8.25882 -0.620937 0.11637 -0.0671951 -0.273057
1355.39 -5.7457 8.1589 0.995922 6.39482 8.37009 -0.643669 0.090408 -0.0607811 -0.34071
1355.41 -5.86062 8.54194 0.804398 6.55035 8.62612 -0.660419 0.0609338 -0.0561996 -0.380264
1355.43 -5.97553 8.96329 0.919312 6.78126 9.15135 -0.711864 0.046273 -0.0490219 -0.392481
1355.44 -6.05214 9.23143 0.957617 6.7681 9.44806 -0.711864 0.0142026 -0.0361938 -0.406378
1355.46 -5.63079 9.11651 0.766094 6.61017 9.34038 -0.644866 -0.0210748 -0.0203113 -0.408669
1355.48 -5.7074 8.88668 0.881008 6.21535 9.17408 -0.647258 -0.0387899 -0.0143553 -0.403171
1355.49 -5.13283 8.81008 0.804398 6.01914 9.04487 -0.604187 -0.0684169 -0.00122173 -0.369268
1355.51 -5.01791 8.46534 0.766094 5.68893 8.83908 -0.485743 -0.091477 0.0065668 -0.300546
1355.52 -4.63487 8.12059 0.612875 5.48674 8.55793 -0.391226 -0.100487 0.00458149 -0.270155
1355.54 -4.25182 7.46941 0.344742 5.08116 7.8999 -0.190229 -0.120799 0.00595593 -0.245873
1355.56 -3.98369 7.23959 0.306437 4.66361 7.48714 0.0717846 -0.129045 0.0132863 -0.234114
1355.57 -3.90708 6.66501 -0.0383047 4.57627 7.06002 0.381655 -0.128587 0.0131336 -0.166155
1355.59 -3.79216 6.85654 -0.153219 4.4686 7.22513 0.515653 -0.119577 0.00427606 -0.114385
1355.61 -4.02199 6.58841 -0.383047 4.50329 6.97388 0.814756 -0.107665 -0.000152716 0.0261145
1355.62 -3.75386 6.5501 -0.536266 4.40399 6.58744 1.09831 -0.0862847 -0.00946841 0.16753
1355.64 -3.79216 6.32027 -0.65118 4.38365 6.61376 1.20957 -0.0592539 -0.0222966 0.25412
1355.66 -3.98369 6.32027 -0.919312 4.53918 6.48335 1.28614 -0.0447459 -0.034972 0.263283
1355.67 -4.0986 6.35858 -0.459656 4.77966 6.48215 1.02054 -0.0117592 -0.0526871 0.2755
1355.69 -4.36673 6.5501 -0.727789 5.1338 6.87577 1.1653 0.0264199 -0.0752891 0.28619
1355.71 -3.79216 5.86062 -0.957617 4.57747 5.80259 1.37348 0.0227547 -0.0759 0.228616
1355.72 -4.55826 6.5501 -1.22575 5.08953 6.66042 1.65583 0.0693332 -0.10797 0.107054
1355.74 -4.67317 6.12875 -0.919312 5.3013 6.39601 1.53021 0.0897971 -0.122937 0.0497855
1355.75 -4.63487 6.32027 -1.07253 5.2319 6.78604 1.53619 0.110567 -0.129656 0.0490219
1355.77 -4.71148 6.35858 -1.03423 5.49751 6.41276 1.64148 0.139888 -0.159589 0.029627
1355.79 -4.71148 6.32027 -0.881008 5.51785 6.62453 1.46082 0.162948 -0.165392 -0.0201585
1355.8 -4.82639 6.74162 -1.07253 5.69252 6.6006 1.32443 0.180663 -0.165086 -0.0699441
1355.82 -5.09452 6.85654 -0.689484 5.73918 7.15095 1.15573 0.189674 -0.1715 -0.090408
1355.84 -5.24774 7.3545 -0.268133 6.12921 7.55414 1.04925 0.195019 -0.160963 -0.121257
1355.85 -5.47757 7.43111 -0.459656 6.27757 7.59841 0.97986 0.201738 -0.159589 -0.12874
1355.87 -5.51587 7.31619 -0.344742 6.37926 7.5326 0.933201 0.20632 -0.159741 -0.0868956
1355.89 -5.36266 7.66094 -0.229828 5.97607 7.78744 0.625723 0.212276 -0.141415 0.0745255
1355.9 -5.24774 7.69924 0.191523 6.13998 7.87597 0.253639 0.220675 -0.14508 0.114537
1355.92 -5.20944 8.04398 0.344742 6.09093 8.04108 0.0741775 0.2277 -0.133169 0.0894917
1355.94 -5.40096 8.04398 0.727789 6.15314 8.3342 -0.283549 0.223882 -0.13042 0.0707076
1355.95 -5.86062 8.04398 0.689484 6.57188 8.34975 -0.321834 0.224493 -0.131336 0.120493
1355.97 -5.93723 8.61855 0.766094 6.86501 8.91206 -0.2668 0.221133 -0.114537 0.305127
1355.99 -6.47349 8.69516 0.766094 7.0672 9.05204 -0.256032 0.210138 -0.106138 0.486249
1356.0 -6.62671 9.15482 0.497961 7.50269 9.28056 -0.167498 0.205556 -0.104153 0.562149
1356.02 -7.27789 9.30804 0.689484 8.15354 9.58804 -0.138784 0.179594 -0.068875 0.664163
1356.03 -7.3545 9.11651 0.497961 8.199 9.29252 -0.120837 0.152258 -0.0384845 0.739452
1356.05 -7.3545 8.35042 0.383047 8.12123 8.91087 -0.132802 0.143706 -0.0285579 0.783282
1356.07 -7.08637 8.08229 0.536266 8.08654 8.44905 -0.257228 0.130114 0.00626137 0.921948
1356.08 -7.27789 7.58433 0.65118 8.12841 7.95972 -0.411565 0.125227 0.0364992 1.07619
1356.1 -6.85654 7.08637 0.766094 7.93699 7.61276 -0.496511 0.127671 0.0594066 1.16858
1356.12 -6.70332 6.39688 0.689484 7.54816 6.86501 -0.540778 0.129503 0.0697913 1.19439
1356.13 -6.43519 6.05214 0.65118 7.24188 6.37567 -0.358923 0.141568 0.0797179 1.21241
1356.15 -6.74162 5.97553 0.727789 7.52662 6.20937 -0.246461 0.154854 0.0742201 1.09788
1356.17 -6.5501 5.63079 0.191523 7.42971 6.0335 0.0502493 0.156229 0.0739146 1.02915
1356.18 -6.5118 5.32435 -0.383047 7.21555 5.63988 0.784845 0.163406 0.0682642 1.13651
1356.2 -6.16705 5.13283 -0.57457 6.77527 5.52861 0.98345 0.179747 0.0616974 1.51327
1356.22 -6.5118 5.40096 -0.497961 6.78963 5.71286 1.01934 0.198378 0.053298 2.00303
1356.23 -6.89484 5.28605 -0.57457 7.34357 5.60519 1.22632 0.204334 0.0587958 2.26845
1356.25 -7.3928 5.01791 -0.612875 7.92503 5.29651 1.11147 0.22602 0.0612392 2.75531
1356.27 -7.77585 4.51995 -0.497961 8.42393 4.63011 1.09831 0.244041 0.065668 3.0644
1356.28 -8.23551 3.79216 -0.536266 8.64407 4.20658 1.05523 0.258854 0.0580322 3.15558
1356.3 -8.31211 3.17929 -0.497961 9.02094 3.32124 0.849452 0.279013 0.0571159 3.24614
1356.32 -8.08229 2.29828 -0.459656 9.02572 2.41555 0.741775 0.298102 0.0603229 3.29623
1356.33 -8.23551 1.80032 -0.268133 9.0341 2.10688 0.687936 0.32666 0.0485638 3.31349
1356.35 -8.12059 1.26405 -0.0766094 9.01017 1.44885 0.552742 0.339183 0.0380264 3.27912
1356.37 -8.35042 0.57457 -0.0383047 9.22074 0.777667 0.484546 0.361021 0.0114537 3.06028
1356.38 -6.89484 0.421352 -0.191523 7.68933 0.468993 0.441475 0.369573 -0.0172569 2.74508
1356.4 -8.00568 -0.114914 0.268133 8.2325 0.191426 0.375673 0.372169 -0.0529926 2.57037
1356.41 -7.46941 -0.191523 0.191523 8.31984 -0.380459 0.254835 0.373544 -0.0907135 2.20644
1356.43 -7.46941 -0.306437 0.344742 8.12243 -0.375673 0.0753739 0.363312 -0.125227 1.86925
1356.45 -7.62263 -0.306437 0.497961 8.22293 -0.508475 -0.04666 0.339183 -0.157298 1.53678
1356.46 -7.62263 -0.459656 0.612875 9.1669 -0.551545 -0.282353 0.322689 -0.162185 1.3662
1356.48 -9.15482 -0.536266 0.804398 10.0463 -0.678365 -0.495314 0.294284 -0.172264 1.07802
1356.5 -9.07821 -0.689484 0.65118 10.2066 -0.799202 -0.433101 0.276875 -0.17822 0.910341
1356.51 -8.96329 -0.957617 0.612875 10.0654 -0.921237 -0.329013 0.268781 -0.176082 0.846048
1356.53 -9.03991 -1.30236 0.57457 9.75195 -1.22512 -0.124427 0.259465 -0.182954 0.712116
1356.55 -9.46126 -1.6088 0.0383047 10.5081 -1.70847 0.159123 0.242972 -0.185703 0.561232
1356.56 -9.53786 -1.76202 0.268133 11.1482 -1.86879 0.293121 0.237474 -0.182038 0.398742
1356.58 -10.4955 -1.83862 -0.153219 11.6231 -1.97767 0.441475 0.233503 -0.174249 0.320093
1356.6 -10.6487 -1.68541 0.0383047 11.6686 -1.84008 0.440279 0.225257 -0.149204 0.222813
1356.61 -11.2616 -2.03015 0.229828 12.1495 -1.92742 0.39003 0.222508 -0.131031 0.182343
1356.63 -10.7253 -1.30236 0.306437 12.0455 -1.47876 0.195015 0.224951 -0.103694 0.17318
1356.65 -10.0741 -1.34066 0.536266 11.3444 -1.40818 -0.0634098 0.22037 -0.0649044 0.213803
1356.66 -9.46126 -1.11084 0.689484 10.4279 -1.12343 -0.336191 0.229685 -0.0378736 0.371253
1356.68 -9.8443 -1.30236 0.957617 10.4973 -1.10548 -0.48335 0.234572 -0.0346666 0.539852
1356.69 -10.0741 -0.804398 0.689484 10.9531 -0.902094 -0.707079 0.25076 -0.0273362 0.885907
1356.71 -9.72939 -0.995922 0.804398 10.6768 -0.982253 -0.323031 0.251371 0.00290161 1.01816
1356.73 -9.72939 -1.53219 0.383047 10.7844 -1.36869 -0.222532 0.256716 0.0148135 1.12857
1356.74 -9.69109 -1.68541 0.65118 10.8778 -1.58046 -0.27996 0.260076 0.0250455 1.1637
1356.76 -9.53786 -1.83862 0.612875 10.2556 -2.07099 -0.251246 0.250913 0.0455095 1.11956
1356.78 -8.54194 -1.76202 0.536266 9.69212 -2.03509 -0.159123 0.24007 0.0595593 0.775341
1356.79 -8.61855 -2.33659 0.497961 9.71366 -2.2002 -0.177069 0.219606 0.0740674 0.27718
1356.81 -8.1972 -2.33659 0.306437 9.29491 -2.39282 0.0454636 0.192575 0.0763581 0.0913243
1356.83 -8.35042 -2.22167 0.229828 8.54357 -2.17986 0.293121 0.179747 0.0821613 -0.15684
1356.84 -7.50772 -2.18337 -0.0766094 8.25404 -2.21695 0.401994 0.165239 0.083994 -0.181427
1356.86 -7.62263 -1.87693 0.268133 8.11884 -2.01476 0.440279 0.166003 0.0875064 -0.105832
1356.88 -7.27789 -1.68541 0.268133 8.00399 -1.72642 0.524028 0.174249 0.0846048 0.187536
1356.89 -7.54602 -1.72371 0.153219 8.266 -1.66899 0.380459 0.180205 0.0826195 0.488387
1356.91 -7.50772 -1.6471 0.306437 8.23968 -1.65224 0.294317 0.191048 0.0702495 0.755793
1356.93 -7.3545 -2.29828 0.344742 7.7671 -2.15234 0.31346 0.196699 0.0537561 0.882547
1356.94 -6.62671 -2.56641 0.229828 7.334 -2.54237 0.128016 0.199906 0.00901026 1.09742
1356.96 -6.81823 -3.14098 -0.0383047 7.42612 -3.13579 0.525224 0.186925 -0.0496328 1.13483
1356.98 -6.70332 -3.56234 0.114914 7.2323 -3.38225 0.520439 0.177304 -0.0681114 1.20844
1356.99 -6.47349 -3.75386 -0.191523 6.94995 -3.55932 0.567099 0.177762 -0.133627 1.51327
1357.01 -5.97553 -3.48573 -0.191523 6.45703 -3.2985 0.772881 0.179289 -0.183412 2.01295
1357.03 -6.16705 -3.33251 -0.306437 6.30748 -3.16092 0.801595 0.18326 -0.231365 2.61404
1357.04 -6.81823 -3.83047 -0.536266 6.83509 -3.52822 0.910469 0.180816 -0.247706 2.93001
1357.06 -7.08637 -4.48165 -0.306437 7.57208 -4.35254 0.831506 0.1799 -0.269544 3.49293
1357.07 -7.20128 -5.32435 -0.268133 7.79103 -5.32762 0.766899 0.172264 -0.274126 3.81974
1357.09 -6.66501 -5.66909 0.153219 7.54816 -5.7009 0.711864 0.159741 -0.268475 3.89228
1357.11 -6.43519 -6.35858 -0.191523 7.06122 -6.47019 0.55992 0.148593 -0.268781 3.83425
1357.12 -5.78401 -6.81823 -0.0766094 6.50728 -7.10907 0.502493 0.122784 -0.249538 3.60853
1357.14 -5.28605 -7.27789 -0.114914 6.19502 -7.61037 0.413958 0.096364 -0.235947 3.22796
1357.16 -5.28605 -8.00568 0.0383047 6.33619 -7.98245 0.424726 0.086132 -0.236863 2.95307
1357.17 -5.20944 -8.31211 -0.153219 6.25962 -8.54357 0.502493 0.0516181 -0.208458 2.24386
1357.19 -5.01791 -8.81008 0.114914 5.94257 -9.1334 0.344566 0.0172569 -0.18387 1.37597
1357.21 -4.97961 -9.76769 0.306437 5.92104 -9.69212 0.245264 -0.0137445 -0.161421 0.500299
1357.22 -5.13283 -9.99752 0.268133 6.03828 -10.4674 0.0849452 -0.0212276 -0.150273 0.109498
1357.24 -5.09452 -9.806 0.268133 6.0323 -10.0726 0.0622134 -0.0209221 -0.131489 -0.566272
1357.26 -4.86469 -10.0358 0.114914 6.07657 -10.2939 0.190229 -0.0343612 -0.105069 -1.1214
1357.27 -5.59248 -10.1507 0.421352 6.201 -10.3047 0.287139 -0.0259618 -0.0875064 -1.50105
1357.29 -5.51587 -9.8443 0.0766094 6.18425 -10.1145 0.417547 -0.0201585 -0.073762 -1.60367
1357.31 -5.51587 -9.42295 -0.0766094 6.27637 -9.51027 0.445065 0.00427606 -0.0528398 -1.64017
1357.32 -5.97553 -9.23143 -0.0383047 6.60897 -9.18365 0.482154 0.0288634 -0.0355829 -1.56351
1357.34 -6.70332 -9.34634 0.191523 6.95952 -9.32841 0.430708 0.0397062 -0.0291688 -1.54167
1357.36 -6.62671 -9.23143 0.383047 7.37827 -9.17886 0.104088 0.0719294 -0.0074831 -1.46776
1357.37 -7.12467 -8.46534 0.536266 7.54935 -8.31027 -0.271585 0.127213 0.00580322 -1.02595
1357.39 -7.27789 -7.81416 0.727789 7.74556 -7.84726 -0.387637 0.186772 0.0241292 -0.392634
1357.41 -6.97145 -7.04806 1.22575 7.65464 -7.11745 -0.814756 0.213345 0.0265726 -0.135917
1357.42 -6.58841 -6.66501 1.72371 7.34237 -6.72503 -1.25862 0.249538 0.0229074 0.155923
1357.44 -6.74162 -6.5118 1.76202 6.60299 -6.42712 -1.38544 0.261908 -0.00137445 0.291383
1357.46 -5.40096 -6.32027 1.57049 6.09332 -6.14596 -1.27896 0.258701 -0.00977384 0.454178
1357.47 -5.32435 -6.24366 1.22575 5.87797 -6.20937 -0.922433 0.258396 -0.0537561 0.943329
1357.49 -5.13283 -6.43519 0.957617 5.54058 -6.38166 -0.570688 0.267712 -0.0945314 1.37796
1357.51 -5.01791 -6.74162 0.497961 5.59322 -6.43669 -0.379262 0.26145 -0.108887 1.68553
1357.52 -5.05622 -7.04806 0.114914 5.34796 -6.69033 0.145962 0.272751 -0.123089 1.79106
1357.54 -4.67317 -7.43111 -0.344742 5.22712 -7.39741 0.831506 0.276416 -0.121257 1.92423
1357.55 -4.44334 -8.1972 -0.727789 4.98664 -7.80299 0.874577 0.304516 -0.125991 2.10031
1357.57 -4.32843 -8.69516 -0.383047 5.01057 -8.51246 0.781256 0.315054 -0.129962 2.13513
1357.59 -3.40912 -8.73347 -0.383047 4.42672 -8.89053 0.89013 0.329104 -0.123395 2.01387
1357.6 -3.21759 -8.77177 -0.421352 3.9661 -8.81635 0.951147 0.328798 -0.131947 1.79228
1357.62 -2.71963 -8.23551 -0.727789 3.801 -8.9001 1.03011 0.326049 -0.141568 1.62841
1357.64 -2.64302 -8.12059 -0.995922 3.3344 -8.06022 1.47996 0.309861 -0.147677 1.2596
1357.65 -2.4515 -8.35042 -1.30236 3.26381 -8.3665 1.75633 0.282067 -0.166461 0.88606
1357.67 -2.37489 -8.35042 -1.07253 3.22074 -8.35095 1.77428 0.253356 -0.179594 0.535576
1357.69 -2.14506 -8.77177 -1.03423 3.01495 -8.74217 1.47757 0.231365 -0.174097 0.373544
1357.7 -2.22167 -8.73347 -0.421352 2.9324 -8.83908 1.0002 0.209221 -0.19227 0.0725402
1357.72 -2.4515 -9.11651 -0.0766094 3.07717 -9.0664 0.522831 0.180053 -0.205556 -0.224493
1357.74 -2.56641 -9.15482 0.0766094 3.04008 -9.15374 0.364905 0.166308 -0.204487 -0.351553
1357.75 -2.64302 -9.69109 -0.114914 3.09033 -9.51266 0.253639 0.136376 -0.210901 -0.528093
1357.77 -2.68133 -10.0358 0.383047 3.34277 -10.081 0.20339 0.114995 -0.226478 -0.58643
1357.78 -3.17929 -10.7253 0.0766094 3.54496 -10.4291 0.143569 0.100793 -0.234267 -0.546113
1357.8 -3.63894 -10.6104 0.497961 4.0343 -10.9053 -0.132802 0.0989602 -0.241292 -0.507018
1357.82 -3.71555 -10.0741 0.727789 4.28195 -10.337 -0.441475 0.100945 -0.237779 -0.405004
1357.83 -4.29012 -10.304 1.07253 5.01176 -10.465 -0.704686 0.0978911 -0.234878 -0.29459
1357.85 -4.25182 -10.2273 0.957617 5.22233 -10.4865 -0.770489 0.108123 -0.228005 -0.222355
1357.87 -4.78809 -9.806 1.11084 5.34796 -10.0391 -0.84347 0.115301 -0.224646 -0.192728
1357.88 -4.67317 -9.26973 1.14914 5.27737 -9.35234 -0.813559 0.124616 -0.206931 -0.14279
1357.9 -4.71148 -9.03991 0.919312 5.30967 -9.0329 -0.672383 0.133779 -0.189063 -0.121104
1357.92 -4.67317 -8.96329 0.57457 5.35394 -8.99821 -0.581456 0.142179 -0.180663 -0.117286
1357.93 -4.82639 -9.11651 0.65118 5.4999 -9.09392 -0.452243 0.153938 -0.158214 -0.121409
1357.95 -4.86469 -9.23143 1.11084 5.52263 -9.24706 -0.447458 0.173791 -0.138361 -0.138514
1357.97 -4.78809 -9.23143 0.65118 5.44726 -9.27816 -0.40678 0.184787 -0.12706 -0.15012
1357.98 -4.48165 -9.03991 1.03423 5.21157 -9.20758 -0.329013 0.208763 -0.106596 -0.161421
1358.0 -4.29012 -9.15482 0.536266 5.01057 -9.1011 -0.223729 0.228464 -0.0813978 -0.137445
1358.02 -4.32843 -9.15482 0.383047 4.94477 -9.15972 -0.196211 0.249538 -0.0705549 -0.085063
1358.03 -3.94538 -8.96329 0.268133 4.74257 -8.9683 -0.0741775 0.261908 -0.0659734 -0.053298
1358.05 -3.75386 -8.38873 0.497961 4.39681 -8.4993 0.0753739 0.28222 -0.0581849 0.0119119
1358.07 -3.48573 -8.08229 0.344742 4.08574 -7.94058 0.196211 0.289092 -0.0507018 0.0690278
1358.08 -3.10268 -7.50772 0.191523 3.93619 -7.65583 0.242871 0.288787 -0.0435241 0.0940732
1358.1 -3.14098 -7.12467 -0.0766094 3.72203 -7.15573 0.440279 0.283441 -0.044135 0.127671
1358.11 -2.71963 -6.81823 -0.0766094 3.57846 -6.79561 0.488136 0.266184 -0.0423024 0.151036
1358.13 -2.91116 -6.81823 -0.0766094 3.533 -6.72503 0.451047 0.24343 -0.0459676 0.151189
1358.15 -2.98777 -6.93315 -0.0766094 3.58804 -6.84586 0.434297 0.229533 -0.0450513 0.138361
1358.16 -2.75794 -7.00976 0.0383047 3.47797 -6.96909 0.354138 0.209832 -0.0496328 0.0972803
1358.18 -2.71963 -7.16298 -0.0766094 3.43729 -7.15334 0.358923 0.188605 -0.0481056 0.0513127
1358.2 -2.91116 -7.3545 0.229828 3.46361 -7.27538 0.366102 0.16982 -0.0482583 -0.0056505
1358.21 -2.98777 -7.58433 -0.0383047 3.57727 -7.50389 0.400798 0.155312 -0.0403171 -0.0343612
1358.23 -3.02607 -7.62263 -0.306437 3.65862 -7.60798 0.459422 0.138666 -0.0458149 -0.083994
1358.25 -3.21759 -7.62263 -0.268133 3.65384 -7.5338 0.568295 0.115454 -0.0500909 -0.10797
1358.26 -3.14098 -7.27789 0.153219 3.67298 -7.46202 0.644866 0.099571 -0.0571159 -0.114385
1358.28 -3.14098 -7.23959 -0.383047 3.7328 -7.26221 0.726221 0.0568105 -0.0734565 -0.139125
1358.3 -3.37081 -7.04806 -0.229828 3.76152 -6.99302 0.689133 0.00549779 -0.0925461 -0.160505
1358.31 -3.17929 -7.20128 -0.268133 3.79502 -6.97029 0.654437 -0.0400117 -0.122173 -0.175013
1358.33 -3.60064 -7.96737 -0.344742 4.09292 -7.59601 0.540778 -0.0604756 -0.128434 -0.175624
1358.35 -3.75386 -8.65686 -0.0383047 4.41595 -8.40837 0.45344 -0.0809396 -0.143859 -0.172111
1358.36 -3.90708 -9.15482 0.0766094 4.54875 -9.05922 0.427119 -0.0885754 -0.150884 -0.165544
1358.38 -3.75386 -9.19312 -0.114914 4.50449 -9.17049 0.435494 -0.0923933 -0.149204 -0.163254
1358.4 -3.90708 -9.03991 0.0766094 4.42911 -9.04367 0.428315 -0.0977384 -0.150884 -0.158214
1358.41 -4.02199 -9.30804 0.114914 4.74855 -9.26381 0.295514 -0.103694 -0.15684 -0.149967
1358.43 -4.21351 -9.69109 0.268133 4.93759 -9.68973 0.106481 -0.104763 -0.156381 -0.155312
1358.45 -4.86469 -10.9168 0.497961 5.20558 -10.477 -0.0131605 -0.106443 -0.148288 -0.154243
1358.46 -5.36266 -12.9087 0.536266 6.22851 -12.9715 -0.215354 -0.0899499 -0.144775 -0.152258
1358.48 -5.05622 -12.5256 0.57457 5.6327 -12.8327 -0.172283 -0.0404698 -0.123242 -0.203418
1358.49 -4.40504 -11.6829 0.536266 5.16371 -12.2082 -0.15673 -0.0186314 -0.106138 -0.239459
1358.51 -4.17521 -11.2233 0.727789 4.69472 -11.4437 -0.210568 0.022602 -0.0917825 -0.297033
1358.53 -3.86877 -10.9934 0.804398 4.666 -11.3994 -0.32662 0.0630718 -0.0736092 -0.295659
1358.54 -4.0986 -10.6487 0.919312 4.63131 -11.2235 -0.36012 0.0827722 -0.0630718 -0.269239
1358.56 -3.71555 -10.0741 0.727789 4.38844 -10.3669 -0.387637 0.127365 -0.052229 -0.208305
1358.58 -3.63894 -9.53786 0.497961 4.28195 -9.69212 -0.39003 0.156687 -0.0374155 -0.161421
1358.59 -3.56234 -9.26973 0.727789 4.29152 -9.48634 -0.355334 0.1799 -0.0305433 -0.161726
1358.61 -3.37081 -8.61855 0.57457 4.08215 -8.83908 -0.236889 0.18723 -0.023671 -0.175013
1358.63 -3.06437 -8.08229 0.459656 3.84646 -8.23729 -0.0753739 0.202807 -0.0279471 -0.215177
1358.64 -3.06437 -7.81416 0.383047 3.68614 -7.93699 0.0885344 0.207694 -0.0271835 -0.259312
1358.66 -2.91116 -8.00568 0.229828 3.63829 -7.90588 0.147159 0.205251 -0.0241292 -0.295201
1358.68 -3.10268 -8.08229 0.153219 3.67298 -8.0339 0.294317 0.209832 -0.0352775 -0.308945
1358.69 -3.06437 -8.1972 -0.0383047 3.67178 -8.14277 0.384048 0.216552 -0.0482583 -0.32162
1358.71 -3.10268 -8.27381 -0.229828 3.71246 -8.24446 0.488136 0.22602 -0.0549779 -0.307723
1358.72 -3.14098 -8.35042 -0.229828 3.79502 -8.28873 0.54317 0.233656 -0.0612392 -0.291688
1358.74 -3.2942 -8.58025 -0.114914 3.89551 -8.45504 0.586241 0.240834 -0.0584903 -0.246942
1358.76 -3.2942 -8.58025 -0.114914 3.9338 -8.48734 0.549153 0.249538 -0.0719294 -0.213345
1358.77 -3.2942 -8.1589 0.0383047 3.93499 -8.31506 0.580259 0.249997 -0.0734565 -0.1996
1358.79 -3.40912 -8.12059 -0.0766094 3.95773 -8.08894 0.565902 0.244652 -0.087201 -0.1799
1358.8 -3.52403 -8.04398 -0.0766094 4.09053 -8.01954 0.556331 0.235947 -0.107665 -0.13775
1358.82 -3.63894 -7.89076 -0.153219 4.17188 -7.97528 0.567099 0.22938 -0.111941 -0.112094
1358.84 -3.56234 -7.92907 -0.153219 4.22931 -7.92742 0.580259 0.213345 -0.133321 -0.0671951
1358.85 -3.52403 -7.96737 -0.153219 4.14437 -7.86401 0.620937 0.198226 -0.15852 -0.0329867
1358.87 -3.63894 -7.96737 -0.229828 4.10249 -7.9011 0.628116 0.174097 -0.188146 -0.000152716
1358.89 -3.21759 -8.12059 -0.153219 3.95175 -8.00638 0.625723 0.157298 -0.200975 0.0129809
1358.9 -3.17929 -8.35042 -0.191523 3.82971 -8.30668 0.60658 0.134543 -0.22938 0.0273362
1358.92 -3.10268 -8.54194 0.0 3.81057 -8.58425 0.597009 0.115148 -0.258854 0.0200058
1358.94 -3.21759 -8.84838 -0.229828 3.82493 -8.7338 0.592223 0.112094 -0.277944 0.0125227
1358.95 -3.10268 -9.03991 -0.268133 3.94816 -9.07238 0.525224 0.0983493 -0.286648 0.00809396
1358.97 -3.44742 -9.57617 0.191523 4.1013 -9.50549 0.410369 0.102473 -0.298255 0.0105374
1358.99 -3.56234 -9.95922 0.0 4.15753 -9.80578 0.362513 0.118966 -0.299324 0.0366519
1359.0 -4.0603 -10.8019 0.191523 4.55952 -10.6792 0.212961 0.131794 -0.301157 0.0627664
1359.02 -4.13691 -10.304 0.689484 4.83709 -10.6959 0.106481 0.156687 -0.281914 0.13775
1359.04 -4.48165 -9.88261 0.383047 5.07398 -9.97208 -0.0693918 0.173791 -0.267406 0.212123
1359.05 -5.05622 -10.0741 0.65118 5.49033 -10.1695 -0.168694 0.17654 -0.269544 0.237474
1359.07 -5.28605 -10.4955 0.766094 6.01914 -10.7031 -0.257228 0.173486 -0.242819 0.219759
1359.08 -5.20944 -9.69109 0.65118 6.02153 -10.3382 -0.262014 0.184176 -0.226631 0.131183
1359.11 -4.74978 -8.38873 0.65118 5.37069 -8.43709 -0.454636 0.181885 -0.212428 0.0268781
1359.12 -4.48165 -8.23551 0.995922 5.27976 -8.27198 -0.537189 0.177456 -0.195782 -0.0644463
1359.14 -4.48165 -8.73347 0.919312 5.14816 -8.54477 -0.667597 0.173333 -0.198684 -0.0965167
1359.15 -4.13691 -8.92499 1.14914 4.89093 -8.90608 -0.71665 0.169362 -0.177609 -0.122784
1359.17 -4.21351 -9.19312 1.26405 4.81795 -9.09871 -0.707079 0.166003 -0.161421 -0.121409
1359.18 -4.0603 -9.46126 1.26405 4.69113 -9.49711 -0.711864 0.175776 -0.142637 -0.10797
1359.2 -4.17521 -9.49956 0.766094 4.68395 -9.61555 -0.6999 0.196088 -0.135459 -0.109192
1359.78 -4.36673 -9.38465 1.14914 4.96032 -9.41216 -0.679561 0.0991129 -0.102167 0.0421497
1359.8 -4.21351 -9.15482 0.842703 4.89571 -9.17288 -0.538385 0.109956 -0.0913243 -0.0277944
1359.81 -4.21351 -9.19312 0.727789 4.92682 -9.33679 -0.380459 0.126296 -0.0956004 -0.122478
1359.83 -4.0603 -9.19312 0.57457 4.89212 -9.37747 -0.248853 0.134848 -0.0864374 -0.166766
1359.85 -4.17521 -9.03991 0.344742 4.66002 -9.06042 -0.0454636 0.1518 -0.0821613 -0.218079
1359.86 -3.94538 -8.77177 0.497961 4.44945 -8.60459 0.111266 0.165086 -0.0729984 -0.234572
1359.88 -3.98369 -8.35042 0.191523 4.39681 -8.41795 0.178265 0.17318 -0.0702495 -0.222813
1359.9 -3.71555 -8.23551 0.0766094 4.37169 -8.20618 0.267996 0.180969 -0.0733038 -0.214261
1359.91 -3.67725 -7.96737 0.114914 4.30469 -8.04826 0.337388 0.187077 -0.0754418 -0.20296
1359.93 -3.60064 -7.92907 0.268133 4.25085 -7.91904 0.394816 0.191354 -0.0800233 -0.207389
1359.95 -3.40912 -7.89076 0.0383047 4.21974 -7.87477 0.399601 0.19563 -0.0916298 -0.212886
1359.96 -3.86877 -7.92907 0.0383047 4.24726 -7.89272 0.384048 0.19792 -0.0966694 -0.22602
1359.98 -3.67725 -8.04398 0.0766094 4.33818 -7.99083 0.363709 0.203418 -0.10568 -0.226478
1360.0 -3.90708 -8.1972 0.306437 4.43509 -8.08175 0.321834 0.209679 -0.104611 -0.208305
1360.01 -3.86877 -8.38873 0.0383047 4.57627 -8.24925 0.303888 0.213803 -0.0989602 -0.195019
1360.03 -4.0986 -8.50364 0.114914 4.64686 -8.38205 0.270389 0.231671 -0.112705 -0.162185
1360.05 -4.13691 -8.54194 0.191523 4.65643 -8.47657 0.257228 0.247095 -0.110108 -0.119119
1360.06 -3.94538 -8.46534 0.0 4.65165 -8.49571 0.264407 0.252287 -0.116523 -0.0650571
1360.08 -3.98369 -8.35042 0.191523 4.58584 -8.42871 0.282353 0.263283 -0.120951 -0.0374155
1360.1 -3.83047 -8.42703 0.153219 4.51047 -8.31745 0.311067 0.26649 -0.131183 0.0169515
1360.11 -3.94538 -8.23551 -0.0383047 4.50209 -8.31266 0.393619 0.266795 -0.153174 0.071624
1360.13 -3.83047 -8.42703 0.153219 4.5332 -8.38923 0.40678 0.258701 -0.154091 0.0943787
1360.15 -4.02199 -8.42703 0.0 4.55354 -8.44427 0.465404 0.25809 -0.176998 0.130572
1360.16 -4.0603 -8.46534 -0.0766094 4.58465 -8.49213 0.521635 0.251218 -0.201127 0.16249
1360.18 -4.13691 -8.65686 -0.0383047 4.60738 -8.57468 0.540778 0.239001 -0.221897 0.188146
1360.2 -4.02199 -8.77177 -0.0766094 4.58943 -8.62493 0.492921 0.234725 -0.232129 0.197768
1360.21 -3.94538 -8.81008 0.153219 4.55234 -8.67039 0.429512 0.222202 -0.250913 0.211207
1360.23 -4.0986 -9.42295 -0.0383047 4.73898 -9.37986 0.346959 0.206167 -0.263741 0.237932
1360.24 -4.44334 -9.92091 0.383047 4.9005 -9.84287 0.284746 0.202654 -0.273209 0.257785
1360.26 -4.55826 -9.46126 0.191523 5.03091 -9.65264 0.251246 0.206931 -0.286954 0.307265
1360.28 -5.09452 -9.95922 -0.0383047 5.51545 -9.98405 0.0837488 0.205403 -0.280234 0.374766
1360.29 -5.36266 -10.6487 0.459656 5.85523 -10.6457 -0.0155533 0.219301 -0.268017 0.418137
1360.31 -5.05622 -9.95922 0.459656 6.02752 -10.617 -0.0502493 0.22938 -0.248469 0.417984
1360.33 -4.82639 -9.03991 0.229828 5.5669 -9.2686 -0.0514457 0.248164 -0.225257 0.360258
1360.34 -4.44334 -8.27381 0.421352 5.27976 -8.266 -0.111266 0.243124 -0.207694 0.209527
1360.36 -4.48165 -7.96737 0.459656 5.22473 -8.05783 -0.12323 0.237474 -0.205709 0.106443
1360.38 -4.36673 -7.81416 0.497961 5.14696 -7.92742 -0.17348 0.210596 -0.189368 -0.0937678
1360.39 -4.48165 -7.92907 0.727789 5.16371 -7.94656 -0.218943 0.182496 -0.177456 -0.224798
1360.41 -4.59656 -7.96737 0.57457 5.2008 -7.98245 -0.275174 0.164017 -0.172417 -0.266337
1360.43 -4.59656 -8.23551 0.957617 5.21755 -8.0997 -0.36012 0.156076 -0.166003 -0.25412
1360.44 -4.55826 -8.1589 0.612875 5.16012 -8.21934 -0.352941 0.152564 -0.166613 -0.186467
1360.46 -4.36673 -8.46534 0.65118 5.1015 -8.44547 -0.289531 0.152411 -0.154854 -0.0664316
1360.48 -4.51995 -8.54194 0.766094 5.0991 -8.52084 -0.228514 0.154091 -0.152258 -0.0074831
1360.49 -4.48165 -8.46534 0.306437 5.03689 -8.48854 -0.0622134 0.159283 -0.145997 0.0806342
1360.51 -4.29012 -8.1589 0.153219 4.92443 -8.2337 0.122034 0.163865 -0.132558 0.105374
1360.53 -4.21351 -7.89076 0.0766094 4.82154 -8.06142 0.227318 0.163865 -0.123395 0.076969
1360.54 -3.79216 -7.58433 0.0383047 4.68514 -7.82453 0.397208 0.164017 -0.120188 0.0601702
1360.56 -3.94538 -7.69924 -0.153219 4.60738 -7.69651 0.522831 0.160199 -0.108734 0.0386372
1360.57 -3.83047 -7.66094 -0.306437 4.53559 -7.64865 0.60658 0.156534 -0.097433 0.0305433
1360.59 -3.83047 -7.69924 -0.229828 4.49252 -7.67258 0.62333 0.155465 -0.0981966 0.030696
1360.61 -3.71555 -7.81416 -0.0383047 4.41117 -7.71924 0.655633 0.148288 -0.0899499 0.0368046
1360.62 -3.56234 -7.77585 -0.268133 4.28435 -7.77428 0.652044 0.144622 -0.0878119 0.0490219
1360.64 -3.52403 -7.96737 -0.191523 4.18983 -7.8688 0.652044 0.13607 -0.0768163 0.0601702
1360.66 -3.52403 -7.92907 -0.0766094 4.15753 -7.91426 0.652044 0.13439 -0.0786489 0.0641408
1360.67 -3.56234 -8.08229 -0.153219 4.15513 -8.02672 0.666401 0.127213 -0.0742201 0.0685696
1360.69 -3.67725 -7.89076 -0.153219 4.18624 -8.0662 0.664008 0.119119 -0.0708604 0.057574
1360.71 -3.40912 -8.1589 -0.268133 4.17428 -8.05544 0.680758 0.112857 -0.0679587 0.0392481
1360.72 -3.2559 -8.08229 -0.153219 4.17906 -8.0351 0.701097 0.109039 -0.0665843 0.0294742
1360.74 -3.44742 -7.89076 -0.344742 4.15274 -7.94656 0.756132 0.0989602 -0.0620028 0.00794125
1360.76 -3.33251 -7.69924 -0.268133 4.13121 -7.69412 0.80997 0.0870483 -0.0586431 -0.0209221
1360.77 -3.52403 -7.58433 -0.306437 4.1324 -7.64507 0.811167 0.0755945 -0.055436 -0.0621555
1360.79 -3.60064 -7.85246 -0.153219 4.21974 -7.77069 0.800399 0.0586431 -0.0526871 -0.0820086
1360.81 -3.75386 -8.1589 -0.344742 4.39561 -8.08295 0.747757 0.0444404 -0.0534507 -0.110108
1360.82 -3.90708 -8.38873 -0.191523 4.56431 -8.34138 0.705882 0.0343612 -0.0514654 -0.121409
1360.84 -4.0603 -8.27381 -0.383047 4.64207 -8.39282 0.68674 0.025809 -0.0444404 -0.125686
1360.86 -4.21351 -8.58025 -0.229828 4.74855 -8.5316 0.714257 0.0140499 -0.0409279 -0.161726
1360.87 -3.94538 -8.61855 -0.191523 4.85982 -8.68355 0.725025 -0.00152716 -0.041997 -0.226478
1360.89 -4.21351 -8.61855 -0.229828 4.88734 -8.63928 0.673579 -0.0195477 -0.0401644 -0.293368
1360.91 -4.51995 -8.88668 -0.191523 5.11944 -8.72183 0.544367 -0.0297797 -0.0369573 -0.326202
1360.92 -4.86469 -9.23143 0.0383047 5.50828 -9.2004 0.350548 -0.0503964 -0.0407752 -0.389427
1360.94 -4.903 -9.42295 -0.0766094 5.66979 -9.45523 0.217747 -0.0685696 -0.0358883 -0.457996
1360.96 -5.13283 -9.61448 0.383047 5.72243 -9.62154 0.118445 -0.074831 -0.0368046 -0.491136
1360.97 -5.24774 -9.88261 0.497961 5.78225 -10.0032 -0.0586241 -0.079107 -0.0369573 -0.536798
1360.99 -4.9413 -9.95922 0.612875 5.69492 -10.0941 -0.198604 -0.0789543 -0.0293215 -0.541379
1361.0 -5.09452 -9.92091 0.65118 5.67218 -10.0822 -0.27996 -0.0691805 -0.0274889 -0.530994
1361.02 -5.05622 -9.92091 0.842703 5.69372 -10.1025 -0.416351 -0.0487165 -0.0190895 -0.484569
1361.04 -5.28605 -9.95922 0.957617 5.68893 -10.1503 -0.54317 -0.013439 -0.0106901 -0.430354
1361.05 -4.97961 -9.806 0.881008 5.60877 -10.0427 -0.570688 0.00198531 0.000305433 -0.371711
1361.07 -4.78809 -9.42295 0.957617 5.44965 -9.62273 -0.571884 0.03711 0.014508 -0.344681
1361.09 -4.63487 -9.15482 0.804398 5.34676 -9.14417 -0.54317 0.0693332 0.0279471 -0.295506
1361.1 -4.86469 -8.88668 0.957617 5.36231 -9.04487 -0.496511 0.0937678 0.0456622 -0.262519
1361.12 -4.71148 -8.84838 0.766094 5.3659 -8.82353 -0.459422 0.101404 0.0503964 -0.246331
1361.14 -4.59656 -8.38873 0.727789 5.23549 -8.4347 -0.369691 0.11301 0.0511599 -0.22266
1361.15 -4.40504 -7.92907 0.689484 5.03569 -7.94417 -0.289531 0.115912 0.0456622 -0.202349
1361.17 -4.48165 -7.66094 0.459656 4.95434 -7.73121 -0.234497 0.110719 0.0364992 -0.178831
1361.19 -4.13691 -7.3928 0.536266 4.84427 -7.45364 -0.148355 0.101251 0.0326813 -0.161726
1361.2 -4.0986 -7.3545 0.383047 4.73181 -7.37587 -0.0598205 0.0875064 0.0132863 -0.126449
1361.22 -4.0603 -7.27789 0.344742 4.63729 -7.35194 0.020339 0.0731511 -0.00549779 -0.0807869
1361.24 -3.94538 -7.46941 0.153219 4.60618 -7.35673 0.0765703 0.0682642 -0.0187841 -0.0540616
1361.25 -3.94538 -7.46941 0.191523 4.60379 -7.35673 0.193819 0.0545197 -0.0287107 -0.00671952
1361.27 -4.0986 -7.58433 -0.191523 4.65643 -7.44287 0.339781 0.044135 -0.0406225 0.0394008
1361.28 -4.0986 -7.58433 -0.0383047 4.6995 -7.52303 0.39003 0.0390954 -0.0461203 0.0551306
1361.3 -4.0986 -7.81416 -0.114914 4.8323 -7.77906 0.488136 0.0345139 -0.0482583 0.0673479
1361.32 -4.13691 -8.1589 -0.191523 4.87298 -8.09013 0.553938 0.0331394 -0.0539089 0.0679587
1361.33 -4.21351 -8.23551 -0.153219 4.89691 -8.21336 0.580259 0.0374155 -0.0529926 0.0529926
1361.35 -4.44334 -8.46534 -0.306437 4.91246 -8.38564 0.600598 0.03711 -0.0505491 0.0343612
1361.37 -4.13691 -8.35042 0.0766094 4.92084 -8.47179 0.563509 0.0453567 -0.0507018 -0.0158825
1361.38 -4.32843 -8.35042 -0.114914 4.85145 -8.37129 0.538385 0.0507018 -0.047342 -0.0728457
1361.4 -4.17521 -8.31211 -0.0766094 4.82991 -8.34258 0.510867 0.0497855 -0.0433714 -0.0948368
1361.41 -3.98369 -8.31211 -0.0766094 4.8012 -8.30309 0.460618 0.0592539 -0.0528398 -0.125838
1361.43 -4.17521 -8.38873 0.0 4.8347 -8.34736 0.397208 0.062461 -0.0476475 -0.130114
1361.45 -4.29012 -8.58025 -0.0766094 4.91246 -8.44068 0.368495 0.0690278 -0.0536034 -0.102931
1361.46 -4.40504 -8.73347 0.0 5.12662 -8.65244 0.340977 0.0743728 -0.0548251 -0.0743728
1361.48 -4.55826 -8.77177 -0.0383047 5.2678 -8.74935 0.314656 0.0867428 -0.0581849 -0.00320704
1361.5 -4.59656 -8.96329 0.0766094 5.32522 -8.82233 0.306281 0.0969748 -0.0525344 0.0610865
1361.51 -4.82639 -9.30804 0.0766094 5.45444 -9.11785 0.30987 0.105985 -0.0540616 0.0722348
1361.53 -5.09452 -9.88261 0.191523 5.75593 -9.82492 0.245264 0.115912 -0.0407752 0.0708604
1361.55 -5.17113 -9.95922 0.421352 5.95095 -10.258 0.199801 0.138666 -0.0313068 0.0366519
1361.56 -5.05622 -9.57617 0.306437 5.85045 -9.92303 0.180658 0.163559 -0.0180205 -0.00152716
1361.58 -5.01791 -9.23143 0.421352 5.70329 -9.30329 0.0311067 0.173791 -0.0167988 -0.0229074
1361.59 -5.13283 -9.15482 0.612875 5.88395 -9.27577 -0.138784 0.186314 -0.00534507 -0.0661261
1361.61 -5.17113 -8.96329 0.536266 5.92702 -9.21117 -0.218943 0.193492 -0.00229074 -0.0867428
1361.63 -5.13283 -8.84838 0.766094 5.87916 -8.87138 -0.281157 0.203876 0.00274889 -0.112094
1361.64 -5.17113 -8.61855 0.842703 5.86839 -8.534 -0.330209 0.208 0.00931569 -0.106443
1361.66 -5.17113 -8.42703 0.689484 5.88993 -8.45264 -0.34337 0.208305 0.0126754 -0.0815505
1361.68 -5.24774 -8.35042 0.421352 5.92822 -8.29831 -0.303888 0.204334 0.0180205 -0.0664316
1361.69 -5.24774 -8.27381 0.612875 5.91266 -8.18225 -0.264407 0.204334 0.000152716 -0.0166461
1361.71 -5.40096 -8.35042 0.459656 5.9342 -8.26122 -0.290728 0.192117 -0.00351247 0.0601702
1361.73 -5.36266 -8.1972 0.57457 5.96291 -8.24327 -0.299103 0.191048 -0.00931569 0.106291
1361.74 -5.13283 -8.08229 0.344742 5.87079 -8.10449 -0.337388 0.175776 -0.00855211 0.196393
1361.76 -5.17113 -7.77585 0.536266 5.75952 -7.87956 -0.319442 0.164934 -0.0184787 0.266795
1361.77 -5.13283 -7.66094 0.612875 5.71167 -7.76949 -0.317049 0.154549 -0.0142026 0.289397
1361.79 -4.86469 -7.81416 0.65118 5.64108 -7.81615 -0.339781 0.133627 -0.0111483 0.297491
1361.81 -4.903 -8.31211 0.727789 5.56451 -8.20379 -0.267996 0.1237 -0.00763582 0.272751
1361.82 -4.71148 -8.35042 0.383047 5.48674 -8.38923 -0.17348 0.121257 0.000305433 0.251829
1361.84 -4.40504 -8.1972 0.344742 5.12303 -8.20858 0.0382852 0.122937 0.00687223 0.208
1361.86 -4.0603 -7.73755 0.153219 4.74616 -7.7336 0.251246 0.111483 0.0242819 0.160047
1361.87 -4.0986 -7.3545 0.0 4.58225 -7.4656 0.393619 0.0991129 0.02474 0.11301
1361.89 -3.79216 -7.16298 -0.191523 4.37049 -7.15454 0.460618 0.0862847 0.0276416 0.0942259
1361.9 -3.56234 -6.97145 -0.153219 4.20299 -7.00977 0.519242 0.0618501 0.020464 0.0696386
1361.92 -3.40912 -7.00976 0.0 4.12642 -7.10788 0.565902 0.036041 0.011301 0.0436769
1361.94 -3.48573 -7.31619 -0.153219 4.0989 -7.20239 0.553938 0.0151189 0.00687223 0.0216857
1361.95 -3.52403 -7.31619 -0.0383047 4.10489 -7.39621 0.527617 0.00687223 0.00519235 0.0174097
1361.97 -3.52403 -7.58433 0.0383047 4.19342 -7.58525 0.520439 -0.00809396 -0.000763581 0.0171042
1361.99 -3.67725 -7.85246 -0.153219 4.2652 -7.70848 0.510867 -0.00855211 -0.00733038 0.0184787
1362.0 -3.56234 -7.81416 0.114914 4.37886 -7.87358 0.531206 -0.0212276 0.00274889 0.0132863
1362.02 -3.71555 -7.92907 -0.0383047 4.532 -7.98724 0.531206 -0.0244346 0.00229074 -0.0163406
1362.04 -3.98369 -8.08229 -0.191523 4.68036 -8.08056 0.551545 -0.0268781 0.0138972 -0.0690278
1362.05 -4.0986 -8.04398 -0.153219 4.70788 -8.12363 0.571884 -0.0284052 0.0174097 -0.0997237
1362.07 -4.02199 -7.96737 -0.268133 4.74855 -8.07816 0.643669 -0.0284052 0.0259618 -0.162643
1362.08 -4.17521 -8.00568 -0.268133 4.77129 -7.93938 0.679561 -0.0313068 0.0397062 -0.21701
1362.1 -3.83047 -7.89076 -0.229828 4.78086 -7.87119 0.671186 -0.0293215 0.0380264 -0.235336
1362.12 -4.21351 -7.81416 -0.114914 4.85743 -7.82453 0.642473 -0.0354302 0.0493274 -0.248011
1362.13 -4.51995 -7.89076 0.153219 5.001 -7.9669 0.586241 -0.0406225 0.0581849 -0.242972
1362.15 -4.63487 -8.27381 0.153219 5.12184 -8.10329 0.555135 -0.0423024 0.0606284 -0.231518
1362.16 -4.74978 -8.54194 0.0383047 5.32762 -8.40479 0.434297 -0.0404698 0.0676533 -0.201891
1362.18 -4.74978 -8.38873 -0.114914 5.4652 -8.52084 0.314656 -0.0363465 0.0728457 -0.173486
1362.2 -5.01791 -8.73347 0.229828 5.58604 -8.64646 0.273978 -0.0322231 0.0878119 -0.154396
1362.21 -4.9413 -9.0016 0.229828 5.81097 -8.98026 0.162712 -0.0244346 0.0868956 -0.152258
1362.23 -5.24774 -9.23143 0.191523 5.94138 -9.17049 0.106481 -0.0189368 0.111636 -0.156534
1362.25 -5.20944 -9.57617 0.268133 6.22253 -9.69332 0.066999 -0.00977384 0.130114 -0.164781
1362.26 -5.93723 -10.2273 0.268133 6.50608 -10.1958 0.0562313 -0.00641408 0.136834 -0.173028
1362.28 -5.97553 -10.4572 0.459656 6.75733 -10.7737 0.0454636 0.0065668 0.16081 -0.205403
1362.3 -5.82231 -10.4955 0.65118 6.51805 -10.7115 -0.0394815 0.0290161 0.174555 -0.229074
1362.31 -5.24774 -9.72939 0.536266 6.3003 -10.3884 -0.0753739 0.0476475 0.191048 -0.232587
1362.33 -4.67317 -8.73347 0.842703 5.45922 -9.10708 -0.162712 0.0577268 0.191659 -0.220522
1362.35 -4.0986 -7.66094 0.459656 4.72223 -7.70608 -0.200997 0.0552833 0.197462 -0.169973
1362.36 -3.71555 -7.00976 0.65118 4.3322 -7.0002 -0.174676 0.0423024 0.190895 -0.111025
1362.38 -3.83047 -7.20128 0.383047 4.34178 -7.04088 -0.131605 0.029627 0.180205 -0.0815505
1362.4 -4.02199 -7.81416 0.0383047 4.60379 -7.55892 -0.061017 0.00702495 0.157603 -0.0354302
1362.41 -4.13691 -8.12059 0.383047 4.69352 -8.13799 0.0622134 -0.0142026 0.138972 -0.0114537
1362.43 -4.29012 -8.35042 0.421352 4.77488 -8.266 0.118445 -0.029627 0.117133 -0.00519235
1362.45 -4.0986 -8.54194 0.153219 4.78684 -8.42393 0.217747 -0.0358883 0.106749 -0.0111483
1362.46 -4.13691 -8.77177 0.229828 4.86819 -8.76251 0.276371 -0.0461203 0.100029 -0.0404698
1362.48 -4.0986 -9.26973 0.191523 5.02253 -9.33679 0.247657 -0.0461203 0.101098 -0.0842994
1362.49 -4.29012 -9.57617 0.306437 5.02732 -9.51027 0.20339 -0.0374155 0.102167 -0.111025
1362.51 -4.36673 -9.46126 0.114914 4.98066 -9.466 0.195015 -0.0189368 0.112705 -0.169057
1362.53 -4.17521 -9.07821 0.153219 4.86819 -9.11426 0.20339 0.00839939 0.122937 -0.211818
1362.54 -4.13691 -8.81008 0.191523 4.84188 -8.92044 0.232104 0.0207694 0.120035 -0.226478
1362.56 -4.17521 -8.42703 0.268133 4.66241 -8.51844 0.204586 0.0398589 0.116981 -0.230449
1362.57 -3.94538 -8.1589 0.268133 4.49133 -8.12123 0.211765 0.0481056 0.109956 -0.207389
1362.59 -3.63894 -7.73755 0.114914 4.37169 -7.92622 0.198604 0.0488692 0.0965167 -0.160505
1362.61 -3.63894 -7.81416 0.0766094 4.27956 -7.7659 0.190229 0.0488692 0.0804815 -0.129503
1362.62 -3.71555 -7.85246 0.229828 4.22333 -7.79342 0.214158 0.0421497 0.0525344 -0.065668
1362.64 -3.56234 -7.73755 0.344742 4.19103 -7.79103 0.254835 0.0351248 0.0256563 0.00870483
1362.66 -3.75386 -7.81416 0.0766094 4.19821 -7.78864 0.277567 0.0282525 0.0195477 0.0482583
1362.67 -3.75386 -7.81416 -0.0383047 4.23649 -7.82333 0.382851 0.0221439 -0.00946841 0.119577
1362.69 -3.67725 -8.08229 -0.153219 4.2987 -7.9992 0.501296 0.0143553 -0.0302378 0.171348
1362.71 -3.52403 -8.12059 -0.153219 4.28076 -8.07577 0.556331 0.0126754 -0.0453567 0.191812
1362.72 -3.67725 -8.38873 -0.191523 4.24008 -8.25763 0.626919 0.0163406 -0.0555887 0.190895
1362.74 -3.60064 -8.77177 -0.306437 4.22812 -8.5316 0.642473 0.0209221 -0.0549779 0.182496
1362.76 -3.63894 -8.73347 -0.268133 4.24846 -8.71466 0.619741 0.0348193 -0.0626137 0.158367
1362.77 -3.56234 -8.69516 -0.153219 4.22812 -8.72303 0.583848 0.0499382 -0.0649044 0.119424
1362.79 -3.44742 -8.69516 -0.114914 4.19342 -8.72423 0.537189 0.0574213 -0.064599 0.0959058
1362.81 -3.63894 -9.07821 -0.114914 4.37886 -9.02692 0.445065 0.0731511 -0.0623082 0.0606284
1362.82 -3.86877 -9.03991 -0.0383047 4.47817 -9.22792 0.362513 0.0928515 -0.0615447 0.0412334
1362.84 -3.83047 -9.42295 0.0383047 4.52243 -9.3009 0.324227 0.10232 -0.0584903 0.033903
1362.86 -4.0986 -9.46126 0.114914 4.65404 -9.52582 0.223729 0.12706 -0.0568105 0.0157298
1362.87 -4.17521 -9.69109 0.344742 4.84427 -9.81535 0.0837488 0.151036 -0.0491747 -0.00626137
1362.89 -4.02199 -9.57617 0.153219 4.91007 -9.85843 0.0765703 0.180358 -0.0429133 -0.0423024
1362.91 -4.44334 -9.99752 0.344742 4.98305 -10.0152 0.040678 0.192575 -0.0363465 -0.0592539
1362.92 -4.48165 -10.2657 0.881008 5.14098 -10.5105 0.0622134 0.219759 -0.0461203 -0.0852157
1362.94 -4.44334 -9.92091 0.268133 4.99382 -10.1145 0.209372 0.238085 -0.0453567 -0.067806
1362.96 -4.51995 -9.61448 0.306437 4.95673 -9.81296 0.217747 0.247553 -0.0560469 -0.0355829
1362.97 -4.74978 -9.92091 0.306437 5.27617 -9.88834 0.16989 0.252135 -0.0668897 0.0548251
1362.99 -4.82639 -9.806 0.383047 5.54058 -9.86321 0.104088 0.253662 -0.0725402 0.135612
1363.01 -4.903 -9.30804 0.344742 5.55613 -9.25544 0.040678 0.257632 -0.0820086 0.188146
1363.02 -4.97961 -8.73347 0.383047 5.44008 -8.96231 -0.0239282 0.253814 -0.0801761 0.202807
1363.04 -4.51995 -8.61855 0.536266 5.25105 -8.63928 -0.163908 0.238543 -0.0852157 0.214414
1363.06 -4.55826 -8.27381 0.497961 4.97587 -8.3019 -0.257228 0.220217 -0.095295 0.216704
1363.07 -4.40504 -8.12059 0.497961 4.88375 -8.19661 -0.295514 0.194102 -0.101556 0.19227
1363.09 -4.13691 -8.08229 0.65118 4.84068 -8.14636 -0.295514 0.182496 -0.106443 0.167224
1363.11 -3.83047 -7.89076 0.57457 4.77488 -8.00877 -0.214158 0.157909 -0.103389 0.107665
1363.12 -3.94538 -7.77585 0.497961 4.666 -7.77547 -0.0849452 0.137903 -0.101556 0.0392481
1363.14 -4.0603 -7.66094 0.306437 4.66839 -7.73958 -0.00239282 0.129809 -0.102014 -0.036041
1363.16 -3.98369 -7.77585 0.191523 4.72582 -7.77069 0.227318 0.115912 -0.0968221 -0.079107
1363.17 -3.98369 -8.04398 -0.191523 4.82632 -8.00159 0.452243 0.104763 -0.0809396 -0.154243
1363.19 -4.13691 -8.1589 -0.191523 4.84188 -8.09133 0.666401 0.0925461 -0.0687223 -0.219148
1363.21 -4.21351 -8.35042 -0.421352 4.85145 -8.18225 0.752542 0.0829249 -0.0563523 -0.255189
1363.22 -4.36673 -8.23551 -0.229828 4.90409 -8.37129 0.799202 0.0722348 -0.0560469 -0.344375
1363.24 -4.13691 -8.00568 -0.268133 4.83948 -8.05185 0.709472 0.0558941 -0.0368046 -0.444557
1363.26 -3.94538 -7.54602 -0.344742 4.81436 -7.81615 0.658026 0.0436769 -0.0319177 -0.518777
1363.27 -4.0603 -7.3928 -0.153219 4.85863 -7.52303 0.537189 0.0346666 -0.0294742 -0.533896
1363.29 -4.32843 -7.3545 -0.191523 4.94836 -7.36391 0.439083 0.0232129 -0.0274889 -0.528093
1363.31 -4.59656 -7.43111 0.0766094 5.10748 -7.45244 0.34337 0.0155771 -0.0273362 -0.470977
