1323.1 -1.53219 8.65686 -0.153219 2.21934 8.75294 0.551545 0.127365 -0.0395535 0.288023
1323.12 -1.68541 8.42703 -0.268133 2.34377 8.71825 0.569491 0.140499 -0.0432187 0.374308
1323.14 -1.91523 8.46534 -0.191523 2.5675 8.72423 0.630509 0.161116 -0.0368046 0.405614
1323.15 -2.03015 8.69516 -0.229828 2.78285 8.80558 0.698704 0.179289 -0.0433714 0.437685
1323.17 -2.18337 8.88668 -0.344742 2.87498 8.90369 0.735793 0.178983 -0.0363465 0.442266
1323.18 -2.41319 8.96329 -0.421352 3.11785 9.11426 0.837488 0.176693 -0.0308487 0.425315
1323.2 -2.75794 8.96329 -0.459656 3.36431 9.28295 0.939182 0.169668 -0.0265726 0.367283
1323.21 -2.79624 9.26973 -0.536266 3.49113 9.3667 0.976271 0.16417 -0.0244346 0.325286
1323.23 -2.91116 9.23143 -0.536266 3.71845 9.44447 1.0349 0.148135 -0.0137445 0.228158
1323.24 -3.02607 9.11651 -0.536266 3.77348 9.46481 1.05284 0.138819 0.00473421 0.143706
1323.26 -2.91116 9.34634 -0.536266 3.82373 9.55215 1.05284 0.13042 0.00931569 0.113315
1323.28 -2.94946 9.42295 -0.306437 3.79143 9.80937 1.01934 0.127518 0.0212276 0.0755945
1323.29 -2.91116 9.88261 -0.57457 3.75553 10.0271 0.994217 0.12706 0.0297797 0.067806
1323.31 -2.87285 10.1507 -0.383047 3.53898 10.3777 0.971486 0.127365 0.0418443 0.0681114
1323.92 -1.87693 8.50364 -0.306437 2.63809 8.79003 0.987039 0.172264 -0.00626137 -0.0636827
1323.93 -1.95354 8.54194 -0.383047 2.62732 8.7661 0.939182 0.175929 -0.00763582 -0.0526871
1323.95 -2.14506 8.42703 -0.421352 2.57348 8.71825 0.874577 0.182954 -0.0175624 -0.0433714
1323.97 -1.76202 8.38873 -0.57457 2.44068 8.70628 0.824327 0.190743 -0.0248928 -0.0355829
1323.98 -1.83862 8.38873 -0.497961 2.40239 8.71107 0.805184 0.194713 -0.0255036 -0.0282525
1324.0 -1.6088 8.35042 -0.689484 2.29591 8.72423 0.80997 0.202044 -0.0375682 0.00503964
1324.02 -1.45558 8.50364 -0.497961 2.26959 8.81157 0.855434 0.208458 -0.0418443 0.0499382
1324.03 -1.6088 8.65686 -0.383047 2.25404 8.9348 0.860219 0.210443 -0.0487165 0.0826195
1324.05 -1.68541 9.23143 -0.536266 2.32104 9.31884 0.923629 0.208152 -0.0609338 0.0795652
1324.07 -1.6088 9.38465 -0.421352 2.34257 9.59521 0.967896 0.200517 -0.0714712 0.0345139
1324.08 -1.72371 9.26973 -0.57457 2.33539 9.70648 0.995414 0.187688 -0.0858265 -0.0423024
1324.1 -1.68541 9.42295 -0.536266 2.36889 9.7017 1.0014 0.178678 -0.0887282 -0.0842994
1324.11 -1.76202 9.42295 -0.497961 2.38923 9.72203 0.991825 0.166155 -0.0988074 -0.162948
1324.13 -1.91523 9.72939 -0.497961 2.54955 9.9996 0.978664 0.149815 -0.103847 -0.216857
1324.15 -2.03015 9.95922 -0.153219 2.68834 10.1587 0.952343 0.133932 -0.10797 -0.270308
1324.16 -2.52811 10.7253 -0.57457 3.04965 10.9304 0.881755 0.126755 -0.110567 -0.293215
1324.18 -2.98777 11.8745 -0.881008 3.62154 12.1077 0.815952 0.102931 -0.108734 -0.352622
1324.2 -3.17929 12.4873 -0.421352 4.01994 13.0373 0.71665 0.0668897 -0.105222 -0.459371
1324.21 -3.10268 12.4873 -0.153219 4.09651 13.1306 0.664008 0.0455095 -0.100487 -0.536492
1324.23 -2.75794 11.9894 -0.191523 3.76152 12.5049 0.562313 -0.00870483 -0.0890336 -0.709214
1324.25 -2.33659 10.4189 -0.153219 3.09272 11.0907 0.440279 -0.0465785 -0.0896445 -0.819476
1324.26 -1.76202 9.23143 0.0 2.67876 10.1635 0.391226 -0.067806 -0.0868956 -0.795041
1324.28 -1.26405 8.00568 0.383047 1.98604 8.59143 0.311067 -0.0723875 -0.0852157 -0.7309
1324.3 -1.11084 7.3545 -0.153219 1.62712 7.62233 0.277567 -0.0534507 -0.102931 -0.535118
1324.31 -0.919312 7.62263 0.306437 1.82812 7.91665 0.222532 -0.0239765 -0.114537 -0.344986
1324.33 -1.49388 8.61855 0.0 2.05304 8.51007 0.112463 -0.0100793 -0.118355 -0.270308
1324.35 -1.57049 8.96329 0.344742 2.68355 9.21954 0.0119641 0.00519235 -0.125838 -0.17486
1324.36 -2.37489 8.96329 0.536266 3.15135 9.29013 -0.0191426 0.0065668 -0.113315 -0.182954
1324.38 -2.56641 9.0016 0.268133 3.27458 9.20758 0.0107677 0.0065668 -0.110414 -0.25748
1324.4 -2.64302 9.0016 0.229828 3.30808 9.1657 0.0741775 0.00763582 -0.102778 -0.295659
1324.41 -2.4515 9.07821 0.229828 3.14656 9.30927 0.122034 0.0186314 -0.100487 -0.335823
1324.43 -2.14506 8.96329 -0.114914 2.85583 9.44327 0.21655 0.0363465 -0.0986547 -0.289092
1324.45 -1.87693 9.0016 0.153219 2.65364 9.32124 0.228514 0.0493274 -0.098502 -0.24679
1324.46 -1.57049 8.88668 0.421352 2.26122 9.13699 0.294317 0.0687223 -0.0908662 -0.175318
1324.48 -1.41727 8.69516 0.0383047 1.99442 9.00419 0.375673 0.0852157 -0.085063 -0.139888
1324.5 -1.49388 8.73347 0.0766094 1.97168 8.93958 0.459422 0.107207 -0.0821613 -0.109803
1324.51 -1.45558 8.58025 -0.153219 2.00638 8.84746 0.506082 0.121868 -0.0852157 -0.0926988
1324.53 -1.41727 8.27381 -0.306437 2.14756 8.67517 0.619741 0.141568 -0.0752891 -0.0633773
1324.55 -1.49388 8.42703 -0.306437 2.25763 8.57228 0.723829 0.164475 -0.0733038 -0.044135
1324.56 -1.57049 8.38873 -0.229828 2.30907 8.59861 0.768096 0.180205 -0.0690278 -0.0158825
1324.58 -1.83862 8.65686 -0.536266 2.40718 8.81157 0.879362 0.184787 -0.0685696 -0.00366519
1324.6 -1.91523 8.88668 -0.497961 2.52682 9.06999 0.927218 0.189826 -0.0655153 -0.00167988
1324.61 -1.80032 9.03991 -0.229828 2.61416 9.25663 0.923629 0.181885 -0.0569632 -0.0366519
1324.63 -1.80032 8.96329 -0.497961 2.65005 9.26501 0.930808 0.176235 -0.0560469 -0.0650571
1324.64 -2.06845 8.88668 -0.229828 2.67757 9.22074 0.910469 0.16753 -0.0467312 -0.12874
1324.66 -1.99184 8.88668 -0.421352 2.68953 9.20638 0.87338 0.162643 -0.0413861 -0.170584
1324.68 -2.06845 9.0016 -0.497961 2.7003 9.2339 0.857827 0.160505 -0.0305433 -0.177456
1324.69 -2.03015 8.96329 -0.268133 2.64048 9.24347 0.860219 0.158214 -0.02474 -0.166919
1324.71 -1.83862 8.84838 -0.536266 2.53639 9.21236 0.894915 0.15348 -0.00290161 -0.114385
1324.73 -1.91523 9.0016 -0.306437 2.49452 9.33081 0.870987 0.158978 0.00198531 -0.0287107
1324.74 -1.6471 9.07821 -0.459656 2.42393 9.45523 0.849452 0.161574 0.00610865 0.0189368
1324.76 -1.6088 9.30804 -0.383047 2.32343 9.62632 0.805184 0.165697 0.0105374 0.0960585
1324.78 -1.6471 9.49956 -0.383047 2.32463 9.91466 0.705882 0.166766 0.0135917 0.161726
1324.79 -1.76202 9.69109 -0.344742 2.34018 10.0104 0.647258 0.167988 0.0154243 0.208916
1324.81 -1.6471 9.57617 -0.153219 2.35214 10.0116 0.550349 0.164475 0.0174097 0.220828
1324.83 -1.57049 9.88261 -0.229828 2.40359 10.1312 0.452243 0.156992 0.0238237 0.216704
1324.84 -1.87693 9.88261 -0.0383047 2.59262 10.3442 0.400798 0.151189 0.0209221 0.170584
1324.86 -1.72371 10.0358 -0.0383047 2.7015 10.3454 0.379262 0.144775 0.0256563 0.137903
1324.88 -2.22167 9.57617 0.344742 2.8319 10.0379 0.349352 0.129198 0.0378736 0.071013
1324.89 -2.22167 9.42295 0.0383047 2.97308 9.81176 0.269192 0.114537 0.0537561 0.0201585
1324.91 -2.87285 10.3423 -0.0766094 3.20758 10.1324 0.254835 0.107207 0.0704022 0.0065668
1324.93 -2.98777 11.1467 0.0383047 3.81655 11.47 0.210568 0.097433 0.0827722 0.000610865
1324.94 -3.10268 10.9168 0.0766094 3.82373 11.5669 0.193819 0.0641408 0.111483 -0.0673479
1324.96 -2.94946 11.6063 0.0 3.72443 12.0622 0.130409 0.0323759 0.133016 -0.200211
1324.98 -2.75794 12.1426 0.191523 3.73041 12.4475 0.0981057 -0.00824668 0.157145 -0.350178
1324.99 -2.25998 11.3765 -0.0383047 3.26979 12.146 0.0514457 -0.030696 0.169515 -0.421955
1325.01 -2.03015 10.1507 0.421352 2.33539 10.6887 -0.0837488 -0.0633773 0.191048 -0.525497
1325.03 -0.804398 9.15482 0.57457 1.57807 9.51147 -0.224925 -0.0687223 0.198684 -0.508851
1325.04 -0.689484 8.61855 0.536266 1.36989 9.16331 -0.272782 -0.0638354 0.206931 -0.433562
1325.06 -0.689484 8.1972 0.536266 1.10429 8.64885 -0.302692 -0.0268781 0.199447 -0.175776
1325.07 -0.536266 8.08229 0.612875 0.959521 8.37368 -0.338584 0.0175624 0.196851 0.124158
1325.09 -0.536266 8.1972 0.842703 0.982253 8.52084 -0.332602 0.0572686 0.196088 0.379653
1325.11 -0.766094 8.1589 0.497961 1.14138 8.56271 -0.307478 0.0757473 0.193492 0.482736
1325.12 -0.727789 8.38873 0.497961 1.38185 8.62253 -0.232104 0.111483 0.182954 0.640797
1325.14 -1.11084 8.50364 0.344742 1.65703 8.77806 -0.0705882 0.131489 0.177151 0.729067
1325.16 -0.995922 8.77177 0.229828 1.78026 8.93839 0.020339 0.142026 0.168293 0.733802
1325.17 -1.30236 9.07821 0.114914 1.99083 9.29013 0.172283 0.13943 0.157145 0.702342
1325.19 -1.41727 9.30804 -0.0766094 2.15833 9.45523 0.394816 0.127518 0.146913 0.571159
1325.21 -1.30236 9.03991 -0.0766094 2.14995 9.20997 0.58983 0.105832 0.129351 0.396604
1325.23 -1.45558 8.69516 -0.268133 2.12124 8.99462 0.675972 0.0956004 0.124769 0.315054
1325.24 -1.34066 8.38873 -0.766094 2.07338 8.71825 0.820738 0.0853684 0.101862 0.162337
1325.26 -1.37897 8.27381 -0.497961 2.12961 8.55194 0.918843 0.0818559 0.0864374 0.0433714
1325.28 -1.53219 8.1972 -0.536266 2.18465 8.42393 0.957129 0.0853684 0.0644463 -0.0459676
1325.29 -1.6471 8.12059 -0.497961 2.22891 8.37727 0.948754 0.0864374 0.0612392 -0.0800233
1325.31 -1.57049 8.1972 -0.536266 2.30548 8.48854 0.942772 0.0965167 0.0400117 -0.127671
1325.32 -1.72371 8.38873 -0.268133 2.33898 8.61894 0.898505 0.101404 0.0276416 -0.162032
1325.34 -1.68541 8.35042 -0.383047 2.36172 8.62134 0.857827 0.108123 0.0132863 -0.180205
1325.36 -1.6088 8.46534 -0.497961 2.31027 8.7003 0.774078 0.110567 0.00855211 -0.190743
1325.37 -1.57049 8.50364 -0.459656 2.2672 8.74816 0.774078 0.114843 0.00503964 -0.195477
1325.39 -1.53219 8.65686 -0.229828 2.15354 8.92044 0.818345 0.118202 -0.000763581 -0.200211
1325.4 -1.37897 8.73347 -0.459656 2.04945 9.00778 0.896112 0.116523 -0.0105374 -0.206625
1325.42 -1.26405 8.77177 -0.459656 2.00399 9.14656 0.963111 0.116981 -0.0166461 -0.204793
1325.44 -1.49388 8.88668 -0.727789 1.97527 9.19561 0.995414 0.11637 -0.014508 -0.199142
1325.45 -1.26405 8.96329 -0.536266 1.93699 9.18843 1.01815 0.116523 -0.0314596 -0.183107
1325.47 -1.26405 8.81008 -0.536266 1.91665 9.18365 0.995414 0.119882 -0.0340557 -0.1518
1325.49 -1.22575 9.0016 -0.459656 1.9334 9.24228 0.975075 0.11973 -0.0426078 -0.130572
1325.5 -1.22575 9.07821 -0.421352 2.01595 9.35115 0.911665 0.117439 -0.0357356 -0.122326
1325.52 -1.41727 9.07821 -0.383047 2.10927 9.47797 0.841077 0.120493 -0.032834 -0.102931
1325.54 -1.53219 9.34634 -0.268133 2.16311 9.60479 0.783649 0.123089 -0.0276416 -0.0664316
1325.55 -1.57049 9.53786 -0.344742 2.19781 9.73759 0.76331 0.126296 -0.0267254 0.00503964
1325.57 -1.57049 9.57617 -0.383047 2.18704 9.85962 0.758524 0.128434 -0.0251982 0.0503964
1325.59 -1.49388 9.72939 -0.306437 2.11765 9.96849 0.796809 0.122478 -0.025809 0.117286
1325.6 -1.49388 9.49956 -0.421352 2.12363 9.89312 0.807577 0.114995 -0.0313068 0.0934624
1325.62 -1.45558 9.46126 -0.229828 2.04227 9.73759 0.784845 0.108734 -0.0375682 0.0708604
1325.64 -1.53219 9.53786 -0.191523 2.17029 9.79621 0.711864 0.0983493 -0.0516181 0.00259618
1325.66 -1.91523 9.69109 -0.0383047 2.47418 10.0857 0.51685 0.0894917 -0.0604756 -0.057574
1325.68 -1.99184 9.806 -0.0766094 2.68594 10.0032 0.397208 0.0813978 -0.0630718 -0.108429
1325.69 -2.4898 10.3806 0.0766094 3.09272 10.7163 0.165105 0.0652099 -0.0662789 -0.274126
1325.71 -2.41319 10.6104 0.229828 3.34038 11.1111 0.0394815 0.0343612 -0.0606284 -0.479987
1325.73 -2.37489 10.7253 0.536266 3.22313 11.0237 -0.0143569 0.00549779 -0.0569632 -0.681114
1325.74 -2.29828 10.6104 0.306437 3.09153 11.0213 -0.0514457 -0.0125227 -0.0528398 -0.77641
1325.76 -2.4515 10.5721 0.497961 3.16211 11.0429 -0.0299103 -0.0369573 -0.0557414 -0.92485
1325.78 -2.56641 10.2273 0.229828 3.16451 10.7222 0.0765703 -0.0531453 -0.056505 -0.983187
1325.79 -2.52811 9.806 0.0766094 3.13101 10.3932 0.136391 -0.0566577 -0.0597121 -0.980133
1325.81 -1.99184 9.15482 -0.191523 2.8008 9.60239 0.330209 -0.0510072 -0.0540616 -0.896139
1325.83 -2.14506 8.35042 -0.306437 2.27677 8.72902 0.687936 -0.0114537 -0.0571159 -0.72189
1325.84 -1.30236 8.00568 -0.383047 2.0339 8.35334 0.978664 0.0494801 -0.0580322 -0.545808
1325.86 -1.03423 8.12059 -0.497961 1.65823 8.34736 1.02652 0.0820086 -0.057574 -0.462578
1325.87 -0.804398 8.27381 -0.497961 1.46321 8.48614 0.981057 0.142637 -0.0568105 -0.299018
1325.89 -0.766094 8.23551 -0.459656 1.39382 8.55793 0.869791 0.187688 -0.0476475 -0.122173
1325.91 -0.919312 8.27381 -0.306437 1.36989 8.58186 0.833898 0.226936 -0.0481056 0.0482583
1325.92 -0.881008 8.42703 -0.344742 1.44048 8.68714 0.851844 0.237779 -0.041997 0.114232
1325.94 -1.03423 8.61855 -0.497961 1.61874 8.87857 0.922433 0.25412 -0.0500909 0.201738
1325.96 -1.07253 8.77177 -0.612875 1.83171 8.97906 0.973878 0.24908 -0.0436769 0.23839
1325.97 -1.11084 8.84838 -0.459656 1.9322 9.03888 1.00379 0.247553 -0.0539089 0.241597
1325.99 -1.45558 9.03991 -0.57457 2.08893 9.21117 1.01695 0.226936 -0.0413861 0.231976
1326.01 -1.41727 8.96329 -0.536266 2.17866 9.27338 1.01695 0.206625 -0.0435241 0.20464
1326.02 -1.57049 9.11651 -0.766094 2.18106 9.32961 1.05882 0.189215 -0.0416915 0.171195
1326.04 -1.45558 9.0016 -0.612875 2.13799 9.38824 1.08036 0.178067 -0.0418443 0.159894
1326.06 -1.53219 8.96329 -0.459656 1.94297 9.28893 1.09232 0.159894 -0.0366519 0.141873
1326.07 -1.07253 8.96329 -0.57457 1.75992 9.11546 1.08634 0.153633 -0.0531453 0.122478
1326.09 -1.22575 8.73347 -0.727789 1.70489 9.02453 1.03968 0.141721 -0.0548251 0.0755945
1326.11 -1.18745 8.69516 -0.421352 1.80658 8.95155 0.977468 0.140804 -0.0594066 0.0433714
1326.12 -1.57049 8.84838 -0.57457 2.09013 9.02572 0.927218 0.13943 -0.0649044 -0.00488692
1326.14 -1.76202 9.07821 -0.459656 2.46461 9.23151 0.845862 0.143401 -0.053298 -0.0229074
1326.16 -2.10676 9.34634 -0.459656 2.70748 9.4014 0.79322 0.145997 -0.0485638 -0.0186314
1326.17 -2.33659 9.72939 -0.383047 3.0987 9.85364 0.747757 0.150731 -0.0311541 -0.00733038
1326.19 -2.29828 9.8443 -0.459656 3.45045 10.1324 0.748953 0.145539 -0.000152716 -0.00733038
1326.21 -2.87285 9.99752 -0.497961 3.57846 10.2772 0.732203 0.140499 0.0241292 0.000763581
1326.22 -2.91116 10.0358 -0.421352 3.68016 10.3621 0.744168 0.138208 0.0308487 0.00977384
1326.24 -2.94946 10.4955 -0.191523 3.65264 10.6792 0.711864 0.123242 0.0589485 0.0453567
1326.26 -2.94946 11.5297 -0.421352 3.76989 12.0383 0.704686 0.105985 0.0705549 0.0891863
1326.27 -2.56641 11.3765 -0.0766094 3.57727 12.0718 0.687936 0.066737 0.089339 0.0905607
1326.29 -1.99184 11.4531 -0.191523 2.84387 11.7392 0.571884 0.0482583 0.0971275 0.0766636
1326.31 -1.80032 12.1426 0.0 2.60339 12.5922 0.367298 0.0169515 0.0930042 -0.00229074
1326.32 -1.45558 11.6446 0.0383047 2.17627 11.9139 0.226122 -0.0293215 0.0939205 -0.231365
1326.34 -1.22575 10.4189 0.268133 2.01236 11.2128 0.142373 -0.0514654 0.103083 -0.392175
1326.36 -1.30236 10.1507 0.229828 1.95494 10.5476 -0.00239282 -0.0685696 0.100945 -0.679435
1326.37 -1.34066 10.1124 0.344742 2.24088 10.5535 -0.145962 -0.0714712 0.11469 -0.821614
1326.39 -1.76202 9.99752 0.459656 2.34138 10.4841 -0.193819 -0.0589485 0.134238 -0.814741
1326.41 -1.87693 9.42295 0.344742 2.34377 10.0056 -0.204586 -0.047342 0.145844 -0.765261
1326.42 -1.49388 9.0016 0.65118 2.01954 9.39183 -0.0813559 -0.0160352 0.151495 -0.591623
1326.44 -1.6471 8.69516 0.306437 1.46321 9.01615 -0.00717846 0.019395 0.145691 -0.335212
1326.46 -0.306437 9.0016 0.65118 0.978664 8.94437 0.0167498 0.0319177 0.144928 -0.256563
1326.47 -0.344742 9.0016 0.383047 0.693918 9.22313 0.026321 0.0456622 0.123547 -0.220522
1326.49 0.268133 9.46126 0.191523 0.324227 9.56291 0.00239282 0.0455095 0.096364 -0.288939
1326.51 0.191523 9.0016 0.344742 0.331406 9.45164 0.104088 0.0261145 0.0734565 -0.371711
1326.52 0.153219 8.58025 0.0383047 0.124427 8.95992 0.177069 0.0227547 0.0642935 -0.396604
1326.54 0.268133 7.96737 -0.114914 0.13998 8.34497 0.391226 0.0209221 0.0380264 -0.383776
1326.55 0.459656 7.54602 -0.153219 0.100499 7.97288 0.565902 0.0369573 0.0190895 -0.28787
1326.57 0.229828 7.58433 -0.229828 0.155533 7.86521 0.629312 0.0508545 -0.00305432 -0.16921
1326.59 0.0766094 7.69924 -0.268133 0.297906 7.83171 0.764507 0.0765108 -0.00427606 -0.108581
1326.6 0.0383047 7.81416 -0.306437 0.430708 7.9681 0.876969 0.108429 -0.0198531 0.0129809
1326.62 -0.191523 7.92907 -0.57457 0.562313 8.13559 0.939182 0.131183 -0.022602 0.135001
1326.64 -0.153219 7.92907 -0.497961 0.650847 8.17508 0.952343 0.143248 -0.0244346 0.19227
1326.65 -0.383047 7.96737 -0.344742 0.813559 8.37487 0.892523 0.165697 -0.0331394 0.319788
1326.67 -0.383047 8.1972 -0.383047 0.967896 8.55793 0.820738 0.182038 -0.0374155 0.450208
1326.69 -0.459656 8.58025 -0.229828 1.02413 8.6991 0.777667 0.189521 -0.0416915 0.543365
1326.7 -0.459656 8.73347 -0.421352 1.13659 8.9336 0.701097 0.192575 -0.0560469 0.56108
1326.72 -0.497961 8.84838 -0.114914 1.2 9.04965 0.674776 0.18723 -0.0620028 0.558483
1326.74 -0.689484 9.07821 -0.57457 1.33759 9.24467 0.666401 0.180358 -0.0745255 0.523206
1326.75 -0.689484 9.03991 -0.229828 1.41535 9.29252 0.678365 0.175624 -0.0789543 0.497092
1326.77 -0.919312 9.15482 -0.0766094 1.50508 9.34038 0.674776 0.161116 -0.0862847 0.432645
1326.79 -1.11084 9.26973 -0.229828 1.66301 9.52821 0.648455 0.150884 -0.101251 0.342084
1326.8 -1.11084 9.61448 -0.268133 1.71565 9.67896 0.595813 0.13607 -0.112552 0.236099
1326.82 -1.14914 9.57617 -0.268133 1.83529 9.93499 0.565902 0.127518 -0.117744 0.179136
1326.84 -1.37897 9.65278 -0.0766094 1.82692 10.0439 0.496511 0.103847 -0.122326 0.0679587
1326.85 -1.03423 9.65278 -0.114914 1.70608 10.0905 0.502493 0.0855211 -0.131489 -0.0125227
1326.87 -1.14914 9.92091 -0.0766094 1.61635 10.1276 0.479761 0.0801761 -0.146149 -0.0630718
1326.89 -0.804398 10.0741 -0.229828 1.44885 10.4818 0.480957 0.0711658 -0.154702 -0.0781907
1326.9 -0.383047 9.806 0.0 1.12702 10.258 0.445065 0.0616974 -0.167224 -0.0838412
1326.92 -0.536266 9.69109 0.114914 1.0002 10.0774 0.351745 0.0690278 -0.189826 -0.0435241
1326.94 -0.536266 10.0358 -0.268133 1.03131 10.1767 0.285942 0.0806342 -0.201433 0.00137445
1326.95 -1.14914 11.2616 0.114914 1.69292 11.452 0.112463 0.107665 -0.224035 0.0926988
1326.97 -2.29828 13.1002 0.383047 2.98505 13.5075 0.0729811 0.105069 -0.227089 0.0584903
1326.99 -2.64302 12.3341 0.0383047 3.43729 13.2778 0.13998 0.0539089 -0.216399 -0.170126
1327.0 -2.64302 10.8785 0.0383047 3.49472 11.6447 0.291924 0.0325286 -0.209221 -0.327118
1327.02 -2.71963 10.1124 -0.0766094 3.38225 10.465 0.43669 0.00488692 -0.195935 -0.488692
1327.03 -2.87285 9.49956 -0.153219 3.25304 9.9314 0.539581 0.00916297 -0.188605 -0.416152
1327.05 -2.52811 8.96329 -0.306437 3.19322 9.5665 0.577866 0.0183259 -0.186161 -0.319941
1327.07 -2.4898 8.42703 -0.306437 2.81276 8.88215 0.70349 0.041997 -0.17318 -0.12538
1327.08 -1.76202 8.12059 -0.536266 2.58784 8.51126 0.739382 0.0658207 -0.166003 0.0164934
1327.1 -1.6471 8.42703 -0.344742 2.45743 8.57707 0.759721 0.090408 -0.158825 0.076969
1327.12 -1.49388 8.27381 -0.344742 2.28036 8.64287 0.776471 0.0960585 -0.150731 0.0725402
1327.13 -1.18745 8.12059 -0.383047 1.96331 8.35095 0.812363 0.102778 -0.142942 0.0169515
1327.15 -1.45558 7.89076 -0.229828 1.83888 8.22413 0.884148 0.111177 -0.144928 -0.0658207
1327.17 -1.14914 8.08229 -0.421352 1.80419 8.27916 0.915254 0.110567 -0.138056 -0.10232
1327.18 -1.11084 8.46534 -0.421352 1.94895 8.60578 0.989432 0.115912 -0.147218 -0.169057
1327.2 -1.37897 8.54194 -0.612875 2.0985 8.81516 1.02772 0.111941 -0.147371 -0.199295
1327.22 -1.41727 8.77177 -0.65118 2.17986 8.90608 1.03011 0.108123 -0.148288 -0.215635
1327.23 -1.6471 8.73347 -0.421352 2.26002 9.01735 1.04925 0.103083 -0.142942 -0.219453
1327.25 -1.68541 8.92499 -0.536266 2.3342 9.05204 1.05643 0.101098 -0.146913 -0.228769
1327.27 -1.6471 8.92499 -0.612875 2.31864 9.18724 1.04207 0.0931569 -0.133474 -0.249691
1327.28 -1.57049 8.92499 -0.536266 2.31984 9.24945 0.995414 0.0894917 -0.131794 -0.268628
1327.3 -1.57049 8.92499 -0.497961 2.2337 9.25663 0.963111 0.0806342 -0.124922 -0.266032
1327.32 -1.49388 9.0016 -0.268133 2.12004 9.21356 0.872184 0.0705549 -0.112857 -0.238696
1327.33 -1.37897 8.96329 -0.344742 1.98126 9.30449 0.782453 0.0652099 -0.117286 -0.189979
1327.35 -1.34066 9.11651 -0.229828 1.94776 9.39661 0.722632 0.0600175 -0.115606 -0.162185
1327.37 -1.18745 9.15482 -0.191523 1.92024 9.49711 0.618545 0.0491747 -0.109803 -0.10965
1327.38 -1.22575 9.19312 -0.114914 1.9334 9.55812 0.522831 0.0383318 -0.108123 -0.029627
1327.4 -1.30236 9.30804 -0.114914 1.97408 9.6347 0.459422 0.0332921 -0.106291 0.0242819
1327.41 -1.41727 9.26973 0.0383047 2.01954 9.6981 0.401994 0.0277944 -0.0988074 0.15012
1327.43 -1.45558 9.53786 0.0383047 2.07577 9.734 0.384048 0.0297797 -0.0957531 0.304516
1327.45 -1.41727 9.99752 -0.153219 2.12722 10.1037 0.399601 0.0364992 -0.0910189 0.395077
1327.46 -1.68541 10.304 0.191523 2.45862 10.6768 0.521635 0.0355829 -0.0852157 0.402866
1327.48 -2.14506 11.1467 -0.344742 2.88694 11.5298 0.618545 0.0412334 -0.0720821 0.356745
1327.5 -2.37489 11.6063 -0.497961 3.32961 12.0945 0.801595 0.0357356 -0.0587958 0.276264
1327.51 -2.4898 11.9128 -0.383047 3.30688 12.2177 0.830309 0.0313068 -0.047342 0.252745
1327.53 -2.64302 12.7172 -0.57457 3.29252 13.2108 0.740578 0.0241292 -0.0351248 0.257022
1327.55 -1.99184 12.2958 -0.306437 2.71825 12.7908 0.597009 0.00366519 -0.0320704 0.257327
1327.56 -1.99184 11.3765 -0.229828 2.21097 12.3039 0.519242 -0.00794125 -0.0355829 0.259312
1327.58 -1.14914 10.5721 -0.153219 1.63071 11.2917 0.467797 -0.00794125 -0.0487165 0.276722
1327.6 -0.957617 10.1507 0.114914 1.42732 10.5368 0.424726 -0.00122173 -0.0723875 0.377056
1327.61 -0.689484 9.88261 -0.383047 1.34716 10.1312 0.330209 0.00519235 -0.0969748 0.471435
1327.63 -0.689484 9.23143 0.0766094 1.35912 9.70409 0.283549 0.00824668 -0.109192 0.477086
1327.64 -0.881008 8.42703 -0.114914 1.49432 8.79482 0.240479 0.0167988 -0.124769 0.464105
1327.66 -0.919312 7.81416 0.0 1.69412 7.98006 0.273978 0.033903 -0.150884 0.444404
1327.68 -1.30236 7.85246 0.114914 1.80658 7.86401 0.278764 0.056505 -0.165697 0.428675
1327.69 -1.30236 7.92907 0.153219 2.18704 8.18106 0.206979 0.0673479 -0.176693 0.418901
1327.71 -1.80032 8.42703 0.0383047 2.52562 8.47896 0.229711 0.073762 -0.184787 0.366519
1327.73 -1.95354 8.38873 0.0766094 2.71466 8.59023 0.289531 0.0665843 -0.189979 0.264657
1327.74 -1.87693 7.96737 0.0383047 2.65244 8.41077 0.277567 0.0638354 -0.196851 0.182496
1327.76 -1.76202 7.58433 0.0766094 2.50528 7.89511 0.346959 0.0447459 -0.197462 0.00152716
1327.78 -1.6471 7.23959 0.153219 2.39641 7.59721 0.385244 0.03711 -0.205251 -0.129503
1327.79 -1.80032 7.3928 0.0383047 2.41914 7.59482 0.388834 0.0314596 -0.212734 -0.186772
1327.81 -1.80032 7.54602 0.0 2.42632 7.71326 0.412762 0.030696 -0.222355 -0.209374
1327.83 -1.72371 7.58433 -0.191523 2.41675 7.86521 0.472582 0.0209221 -0.232587 -0.264199
1327.84 -1.76202 7.73755 -0.0383047 2.39282 8.00159 0.568295 0.0108429 -0.238848 -0.343306
1327.86 -1.80032 7.92907 -0.268133 2.42393 8.08175 0.616152 0.00213803 -0.251982 -0.39523
1327.88 -1.76202 8.12059 -0.383047 2.40598 8.30788 0.738185 0.000305433 -0.256869 -0.408974
1327.89 -1.6471 8.23551 -0.344742 2.24088 8.45623 0.819541 -0.0109956 -0.266032 -0.480293
1327.91 -1.30236 8.23551 -0.421352 2.15713 8.47418 0.850648 -0.0198531 -0.27153 -0.604604
1327.92 -1.34066 8.1972 -0.383047 1.94656 8.3653 0.886541 -0.0203113 -0.278249 -0.664469
1327.94 -1.11084 8.23551 -0.57457 1.79103 8.45025 0.869791 -0.0131336 -0.285121 -0.757778
1327.96 -1.07253 8.1589 -0.383047 1.59721 8.49452 0.813559 0.00778853 -0.285579 -0.782213
1327.97 -0.995922 8.31211 -0.421352 1.59123 8.5663 0.757328 0.02474 -0.295811 -0.761902
1327.99 -0.881008 8.61855 -0.114914 1.49791 8.8331 0.534796 0.0571159 -0.292299 -0.639729
1328.01 -0.957617 9.03991 0.229828 1.38425 9.2686 0.35653 0.0937678 -0.299324 -0.436769
1328.02 -0.612875 9.19312 -0.0383047 1.30169 9.40857 0.307478 0.127976 -0.302225 -0.212581
1328.04 -0.536266 9.15482 0.114914 1.13779 9.52224 0.337388 0.14676 -0.309709 -0.106901
1328.06 -0.689484 9.38465 0.114914 1.12822 9.54736 0.252443 0.177151 -0.309709 0.0859793
1328.07 -0.919312 9.806 0.0383047 1.51107 10.1408 0.0993021 0.205098 -0.314901 0.259923
1328.09 -1.45558 11.2616 0.383047 1.78624 10.9412 -0.0346959 0.220217 -0.319788 0.386067
1328.11 -1.72371 13.5216 0.0766094 2.80319 13.5494 -0.192622 0.21365 -0.316734 0.419512
1328.12 -2.64302 13.1385 0.153219 3.3344 13.6475 -0.0311067 0.182801 -0.319788 0.39691
1328.14 -2.64302 12.2192 0.306437 3.75912 12.6461 0.040678 0.145233 -0.304974 0.27046
1328.16 -3.2942 11.7978 0.229828 3.98285 12.4032 0.0167498 0.128893 -0.294895 0.190132
1328.17 -3.2559 11.2233 0.153219 4.2006 11.8062 -0.0311067 0.0986547 -0.265879 0.0358883
1328.19 -3.44742 10.3423 0.536266 4.1013 10.9256 -0.0646062 0.08827 -0.253204 -0.052229
1328.21 -3.33251 9.88261 0.536266 4.00917 10.532 -0.0801595 0.0826195 -0.238543 -0.0502437
1328.22 -2.60472 9.42295 0.383047 3.56291 9.79263 -0.177069 0.085063 -0.224646 0.00244346
1328.24 -2.18337 8.92499 0.459656 2.85344 9.13699 -0.189033 0.0890336 -0.21365 0.0755945
1328.25 -1.68541 9.0016 0.383047 2.62373 9.12024 -0.205783 0.0891863 -0.206625 0.0986547
1328.27 -1.57049 9.23143 0.536266 2.36291 9.40618 -0.167498 0.0803288 -0.194713 0.0988074
1328.28 -1.49388 8.96329 0.306437 2.2325 9.38465 -0.144766 0.0612392 -0.189826 0.025809
1328.3 -1.30236 8.61855 0.344742 2.00758 8.92522 0.00119641 0.0470366 -0.186467 -0.0305433
1328.31 -1.30236 8.31211 -0.0383047 1.99442 8.65244 0.177069 0.0250455 -0.186161 -0.149356
1328.33 -1.34066 8.54194 0.114914 2.01356 8.73499 0.271585 0.0140499 -0.184176 -0.198226
1328.35 -1.34066 8.1589 -0.268133 2.16191 8.55194 0.519242 -0.0056505 -0.18326 -0.262825
1328.36 -1.37897 8.1589 -0.344742 2.22293 8.45623 0.625723 -0.0200058 -0.178373 -0.268628
1328.99 -1.26405 6.81823 0.0 1.81496 6.999 0.317049 0.0116064 -0.0722348 0.186008
1329.01 -1.37897 6.77993 0.0766094 1.90828 7.04447 0.307478 0.0190895 -0.0723875 0.214108
1329.03 -1.41727 6.81823 -0.0383047 2.04467 7.15095 0.30987 0.0346666 -0.0807869 0.246026
1329.04 -1.41727 7.23959 0.383047 2.09731 7.27538 0.351745 0.041997 -0.0807869 0.264963
1329.06 -1.57049 7.50772 -0.268133 2.15234 7.51825 0.605384 0.0566577 -0.0855211 0.293368
1329.07 -1.83862 8.04398 -0.306437 2.37368 8.09731 0.805184 0.0673479 -0.086132 0.211054
1329.09 -1.76202 8.1972 -0.459656 2.51127 8.26241 0.89013 0.0743728 -0.0798706 0.090408
1329.11 -1.95354 8.27381 -0.268133 2.54237 8.54836 0.90329 0.0841467 -0.089339 0.0343612
1329.12 -1.87693 8.42703 -0.497961 2.63809 8.67159 0.965504 0.0991129 -0.0911716 -0.0397062
1329.14 -1.87693 8.84838 -0.536266 2.51844 8.98505 1.01695 0.122326 -0.0939205 -0.102625
1329.16 -1.68541 9.03991 -0.536266 2.51964 9.15135 0.997807 0.131489 -0.102931 -0.203571
1329.17 -1.72371 9.23143 -0.306437 2.42513 9.50668 0.847059 0.138514 -0.11133 -0.270613
1329.19 -1.6088 9.61448 -0.344742 2.4347 9.72562 0.692722 0.140804 -0.122173 -0.417068
1329.21 -1.6088 9.61448 -0.268133 2.42871 9.91705 0.665205 0.150273 -0.135612 -0.556498
1329.22 -1.68541 9.95922 -0.268133 2.42871 10.0223 0.662812 0.154091 -0.137445 -0.6072
1329.24 -1.87693 11.3382 0.0 2.60459 11.5322 0.528814 0.175929 -0.147524 -0.660956
1329.26 -1.87693 11.0701 -0.153219 2.60219 11.5358 0.407976 0.179289 -0.159436 -0.675311
1329.27 -1.76202 10.2273 -0.153219 2.48375 10.8407 0.305085 0.186161 -0.156534 -0.661262
1329.29 -2.03015 11.6829 0.306437 2.67159 11.6339 0.0586241 0.189063 -0.160963 -0.669203
1329.31 -2.37489 12.449 0.191523 3.12144 13.0935 0.0239282 0.170431 -0.152258 -0.719141
1329.32 -2.4898 12.2192 0.191523 3.06401 12.6413 0.155533 0.137139 -0.13042 -0.780686
1329.34 -1.99184 11.4914 0.114914 2.94796 12.2034 0.209372 0.125075 -0.127824 -0.793056
1329.36 -1.91523 10.9551 0.0766094 2.71466 11.6016 0.205783 0.10232 -0.105527 -0.774271
1329.37 -1.99184 10.4189 0.191523 2.62373 11.08 0.104088 0.08827 -0.0922406 -0.678671
1329.39 -1.99184 10.4955 0.153219 2.59621 10.9543 0.0514457 0.0824668 -0.0746782 -0.502131
1329.4 -2.03015 10.1124 0.306437 2.62493 10.8239 -0.0777667 0.0740674 -0.0581849 -0.392786
1329.42 -1.53219 9.46126 0.383047 2.27677 9.78185 -0.120837 0.0664316 -0.0453567 -0.182343
1329.44 -1.11084 8.27381 0.497961 1.79462 8.42752 -0.0861416 0.0607811 -0.0313068 -0.00870483
1329.45 -0.881008 7.62263 0.306437 1.60319 7.99442 -0.04666 0.0612392 -0.0248928 0.0571159
1329.47 -0.995922 7.43111 0.268133 1.44168 7.7001 0.116052 0.0652099 -0.0148135 0.139277
1329.49 -0.919312 7.50772 -0.229828 1.54217 7.76231 0.354138 0.0676533 -0.0074831 0.160352
1329.5 -1.03423 7.54602 -0.153219 1.60798 7.7659 0.503689 0.0671951 0.00488692 0.149967
1329.52 -1.03423 7.46941 -0.459656 1.71326 7.72762 0.738185 0.066737 0.011301 0.146149
1329.54 -1.14914 7.54602 -0.421352 1.86281 7.82213 0.922433 0.0705549 0.0209221 0.136528
1329.55 -1.30236 7.77585 -0.995922 1.98604 7.98126 1.05045 0.0725402 0.0348193 0.119271
1329.57 -1.34066 7.85246 -0.57457 2.02193 8.08056 1.0995 0.0740674 0.043066 0.101251
1329.59 -1.45558 8.31211 -0.766094 2.11286 8.27318 1.15334 0.0775799 0.0539089 0.0479529
1329.6 -1.49388 8.31211 -0.65118 2.20499 8.45264 1.08754 0.0830777 0.0642935 0.00641408
1329.62 -1.57049 8.35042 -0.459656 2.22054 8.50409 1.02054 0.0873537 0.0768163 -0.00916297
1329.64 -1.6471 8.50364 -0.57457 2.29711 8.70868 0.836291 0.0930042 0.0763581 -0.0106901
1329.65 -1.6088 8.54194 -0.306437 2.33181 8.8331 0.630509 0.0922406 0.0959058 -0.00519235
1329.67 -1.57049 8.69516 -0.0766094 2.3342 9.01496 0.454636 0.0919352 0.104458 -0.0131336
1329.69 -1.76202 9.23143 -0.0766094 2.45025 9.25783 0.366102 0.0887282 0.112094 -0.0265726
1329.7 -1.99184 9.69109 -0.0766094 2.77089 9.93021 0.276371 0.0835358 0.118966 -0.0641408
1329.72 -2.22167 9.76769 0.0766094 2.91685 10.1061 0.320638 0.0708604 0.138514 -0.112857
1329.74 -2.22167 10.0358 -0.191523 2.92642 10.2496 0.364905 0.0644463 0.157756 -0.147371
1329.75 -2.18337 10.4955 -0.191523 2.98983 10.8443 0.512064 0.0623082 0.168904 -0.154854
1329.77 -2.29828 11.2616 -0.536266 3.06162 11.543 0.65683 0.0598648 0.191354 -0.169057
1329.78 -2.56641 12.2958 -0.344742 3.33081 12.7729 0.705882 0.0568105 0.206625 -0.191659
1329.8 -2.71963 12.2575 -0.65118 3.332 12.8865 0.760917 0.0516181 0.22098 -0.207694
1329.82 -1.83862 11.7595 -0.57457 2.68953 12.2692 0.841077 0.0439823 0.245415 -0.24343
1329.83 -1.41727 11.9894 -0.536266 2.00997 12.402 0.732203 0.055436 0.252135 -0.251829
1329.85 -1.30236 11.2616 -0.268133 1.64746 12.1328 0.636491 0.0571159 0.261145 -0.239001
1329.87 -0.191523 10.0741 0.0766094 0.79322 10.8682 0.439083 0.0711658 0.266184 -0.183718
1329.88 0.114914 9.76769 0.191523 0.351745 10.0977 0.171087 0.0956004 0.253509 -0.102014
1329.9 -0.153219 9.95922 0.191523 0.391226 10.41 -0.0921237 0.110719 0.241292 -0.0216857
1329.92 -0.0383047 10.0741 0.497961 0.531206 10.538 -0.181854 0.113926 0.232434 0.0218384
1329.93 -0.153219 10.0741 0.689484 0.715454 10.4387 -0.31346 0.11469 0.213803 0.0983493
1329.95 -0.344742 9.99752 0.421352 0.975075 10.3872 -0.312263 0.109803 0.193186 0.151036
1329.97 -0.421352 9.8443 0.421352 1.05284 10.3178 -0.257228 0.0988074 0.18219 0.150884
1329.98 -0.536266 9.69109 0.612875 1.10907 10.002 -0.160319 0.0945314 0.172722 0.136223
1330.0 -0.612875 9.76769 0.383047 1.11745 10.0833 -0.0741775 0.0891863 0.158978 0.0991129
1330.02 -0.344742 9.34634 0.0 1.02891 9.67896 0.0514457 0.0762054 0.149051 0.0561996
1330.03 -0.306437 8.69516 0.153219 0.95354 9.25783 0.114855 0.0691805 0.141263 0.0284052
1330.05 -0.114914 7.69924 0.114914 0.770489 8.34736 0.209372 0.0694859 0.133321 0.0218384
1330.07 -0.229828 7.3928 0.0383047 0.692722 7.66062 0.345763 0.0733038 0.127518 0.0352775
1330.08 -0.229828 7.08637 0.0383047 0.775274 7.23948 0.478564 0.0885754 0.117133 0.0865901
1330.1 -0.268133 6.85654 -0.191523 0.842273 7.12941 0.532403 0.0983493 0.113468 0.115148
1330.12 -0.306437 6.81823 -0.268133 1.11027 7.02054 0.577866 0.112399 0.105985 0.172111
1330.13 -0.919312 6.93315 -0.229828 1.38544 7.11027 0.64008 0.126755 0.107665 0.216704
1330.15 -1.03423 7.00976 -0.306437 1.51944 7.23589 0.71665 0.142179 0.102473 0.236252
1330.17 -1.14914 7.20128 -0.842703 1.79103 7.44766 0.765703 0.146913 0.102931 0.242972
1330.18 -1.37897 7.58433 -0.421352 1.99561 7.69891 0.876969 0.156992 0.104916 0.241292
1330.2 -1.49388 7.69924 -0.421352 2.18943 7.94776 0.967896 0.164628 0.104916 0.233961
1330.22 -1.53219 8.00568 -0.497961 2.21815 8.08654 1.02532 0.171653 0.109039 0.218232
1330.23 -1.6471 8.31211 -0.536266 2.30309 8.51007 1.08993 0.173791 0.108734 0.208152
1330.25 -1.6088 8.69516 -0.306437 2.27438 8.93839 1.13779 0.175624 0.10568 0.168904
1330.27 -1.68541 8.92499 -0.65118 2.11286 9.20279 1.09472 0.167682 0.115606 0.108887
1330.28 -1.11084 9.0016 -0.306437 1.97886 9.27936 1.0325 0.166308 0.111941 0.06353
1330.3 -1.22575 9.23143 -0.57457 1.8341 9.49591 0.87338 0.157603 0.109956 -0.0294742
1330.32 -1.03423 9.53786 -0.497961 1.77906 9.84885 0.697508 0.149509 0.095295 -0.108123
1330.33 -1.03423 9.53786 -0.229828 1.77069 9.92064 0.649651 0.136223 0.0890336 -0.171348
1330.35 -0.957617 9.49956 -0.268133 1.70608 9.85962 0.643669 0.130114 0.0844521 -0.195477
1330.36 -0.957617 9.49956 -0.268133 1.67139 9.8668 0.634098 0.122631 0.0659734 -0.223882
1330.38 -0.995922 9.69109 -0.191523 1.61874 9.99601 0.544367 0.115912 0.0540616 -0.229685
1330.4 -1.07253 10.4189 -0.191523 1.65703 10.3573 0.428315 0.117744 0.0342084 -0.201585
1330.41 -1.41727 11.9894 0.114914 1.95494 12.2584 0.196211 0.115148 0.0251982 -0.191048
1330.43 -1.30236 11.9511 0.229828 2.0016 12.4247 0.105284 0.0943787 0.00962113 -0.227089
1330.45 -1.22575 12.947 0.0766094 2.12961 12.8148 0.0658026 0.0771217 -0.000763581 -0.357051
1330.46 -2.03015 13.4833 0.153219 2.72782 14.0722 0.122034 0.0632245 -0.00412334 -0.449902
1330.48 -2.18337 12.6022 -0.153219 2.93958 13.3783 0.297906 0.0369573 -0.0103847 -0.635452
1330.5 -2.06845 11.6063 0.0766094 2.81157 12.0072 0.288335 0.0212276 -0.00320704 -0.777479
1330.51 -1.76202 10.3806 -0.0383047 2.69073 11.391 0.234497 0.0235183 0.00137445 -0.815658
1330.53 -1.57049 9.69109 0.306437 2.22772 10.2209 0.159123 0.0319177 0.00595593 -0.776257
1330.55 -1.53219 8.92499 0.191523 1.7994 9.31645 0.12323 0.0616974 0.00320704 -0.596968
1330.56 -0.919312 8.65686 0.0 1.52542 9.00658 0.184247 0.101404 0.00717767 -0.350789
1330.58 -0.995922 8.08229 0.268133 1.43091 8.76132 0.190229 0.119882 0.00442877 -0.232434
1330.6 -0.459656 7.3545 0.153219 1.22752 7.86401 0.175872 0.151495 0.00458149 -0.0267254
1330.61 -0.57457 6.89484 0.229828 1.1665 7.18804 0.195015 0.184481 0.00442877 0.109956
1330.63 -0.612875 6.89484 0.0383047 1.1653 7.13539 0.324227 0.208152 0.00381791 0.15745
1330.65 -0.689484 7.08637 0.0383047 1.21675 7.31246 0.39003 0.216094 0.00595593 0.153785
1330.66 -0.881008 7.54602 -0.459656 1.35793 7.7348 0.489332 0.22434 0.00381791 0.122631
1330.68 -0.804398 7.81416 -0.268133 1.52782 7.99442 0.622134 0.225409 0.00152716 0.0920879
1330.7 -1.07253 8.00568 -0.191523 1.5984 8.11406 0.719043 0.219453 0.00167988 0.0665843
1330.71 -1.22575 8.23551 -0.383047 1.74915 8.39521 0.893719 0.213955 0.000458149 0.0485638
1330.73 -1.26405 8.46534 -0.459656 1.92383 8.75533 0.995414 0.194866 0.00534507 -0.000610865
1330.75 -1.34066 8.69516 -0.536266 1.99801 8.95633 1.00259 0.176235 0.00687223 -0.0490219
1330.76 -1.34066 8.73347 -0.459656 1.99681 9.04845 0.978664 0.169668 0.00427606 -0.0586431
1330.78 -1.18745 8.88668 -0.0766094 1.89631 9.07837 0.908076 0.149509 0.0126754 -0.0566577
1330.8 -1.03423 8.84838 -0.344742 1.81017 9.11546 0.784845 0.137903 0.00855211 -0.0536034
1330.81 -1.07253 9.03991 -0.306437 1.77547 9.21595 0.717846 0.122631 0.00671952 -0.0627664
1330.83 -1.03423 9.11651 -0.306437 1.78863 9.43848 0.642473 0.114843 0.0108429 -0.0714712
1330.85 -1.14914 9.42295 -0.114914 1.77069 9.67657 0.678365 0.103542 -0.000458149 -0.0897971
1330.86 -1.14914 9.69109 -0.421352 1.85324 10.0534 0.654437 0.0901026 0.000458149 -0.14279
1330.88 -1.34066 9.72939 -0.268133 1.8652 10.0283 0.605384 0.0820086 -0.00397062 -0.186314
1330.89 -1.37897 9.99752 -0.421352 2.01834 10.4255 0.545563 0.0636827 -0.00641408 -0.283747
1330.91 -1.37897 10.4955 -0.191523 2.14038 10.9328 0.521635 0.0401644 -0.00534507 -0.383471
1330.93 -1.45558 11.0701 -0.268133 2.18465 11.2834 0.506082 0.0114537 0.00259618 -0.498619
1330.94 -1.6471 12.0277 -0.0766094 2.33659 12.1962 0.394816 -0.00519235 0.00809396 -0.552069
1330.96 -1.6471 12.5639 0.0 2.41316 13.0481 0.293121 -0.0363465 0.0146608 -0.655458
1330.98 -1.14914 12.6405 0.0383047 2.10449 13.084 0.159123 -0.0690278 0.036041 -0.724944
1330.99 -0.881008 12.3341 0.191523 1.7683 13.0409 0.117248 -0.0832304 0.0448986 -0.747852
1331.01 -0.0766094 11.6446 0.383047 0.954736 12.2788 -0.0454636 -0.0983493 0.0568105 -0.797943
1331.03 0.383047 10.7253 0.421352 0.04666 11.1948 -0.16989 -0.100182 0.0668897 -0.834747
1331.04 0.957617 9.95922 0.383047 -0.634098 10.2808 -0.198604 -0.0803288 0.0616974 -0.755182
1331.06 0.957617 9.57617 0.459656 -0.850648 10.1456 -0.215354 -0.0604756 0.0591012 -0.655458
1331.08 0.919312 9.46126 0.497961 -0.965504 9.9649 -0.294317 -0.0189368 0.0447459 -0.387288
1331.09 1.03423 9.49956 0.612875 -0.905683 9.81296 -0.345763 0.021533 0.0244346 -0.0800233
1331.11 0.919312 9.03991 0.612875 -0.916451 9.62154 -0.37328 0.0435241 0.00335976 0.191048
1331.13 1.11084 8.84838 0.612875 -0.906879 9.29491 -0.351745 0.0807869 -0.00458149 0.304669
1331.14 1.14914 9.07821 0.536266 -0.85663 9.37388 -0.22014 0.116217 -0.0302378 0.473115
1331.16 0.919312 9.34634 0.268133 -0.629312 9.67537 -0.0430708 0.142484 -0.0552833 0.566425
1331.18 0.995922 9.26973 0.191523 -0.496511 9.55095 0.0789631 0.1518 -0.0639881 0.579711
1331.19 0.459656 8.81008 0.0 -0.239282 9.10947 0.319442 0.155465 -0.0823141 0.553596
1331.21 0.421352 8.31211 -0.229828 -0.0346959 8.59023 0.539581 0.152105 -0.0951423 0.474642
1331.23 0.191523 7.85246 -0.229828 0.0909272 8.38325 0.620937 0.14676 -0.107207 0.378736
1331.24 0.0383047 7.62263 -0.306437 0.339781 7.99083 0.768096 0.139888 -0.111636 0.330325
1331.26 -0.153219 7.3928 -0.383047 0.567099 7.62592 0.943968 0.136223 -0.125075 0.24175
1331.28 -0.153219 7.04806 -0.497961 0.792024 7.29332 1.06959 0.128434 -0.128893 0.175013
1331.29 -0.153219 7.00976 -0.497961 0.885344 7.22991 1.09831 0.126449 -0.131794 0.125075
1331.31 -0.306437 7.04806 -0.344742 0.995414 7.22273 1.0995 0.12706 -0.131336 0.112857
1331.33 -0.497961 7.04806 -0.497961 1.04806 7.34955 1.04327 0.130572 -0.137139 0.111636
1331.34 -0.383047 7.31619 -0.344742 1.11506 7.5661 0.978664 0.138361 -0.138208 0.119119
1331.36 -0.383047 7.3928 -0.459656 1.16889 7.67139 0.964307 0.13943 -0.136528 0.12034
1331.38 -0.57457 7.81416 -0.57457 1.21795 7.98365 0.9667 0.141568 -0.135001 0.122937
1331.39 -0.536266 8.12059 -0.497961 1.19761 8.33539 1.0014 0.153022 -0.14279 0.119424
1331.41 -0.459656 8.35042 -0.497961 1.10189 8.46819 1.02413 0.157145 -0.141873 0.127824
1331.43 -0.229828 8.31211 -0.497961 0.848255 8.58903 0.984646 0.162948 -0.149662 0.129045
1331.44 0.0766094 9.0016 -0.536266 0.679561 9.0664 0.875773 0.16585 -0.15348 0.10568
1331.46 0.0 10.0358 -0.383047 0.751346 10.4471 0.681954 0.163254 -0.166766 0.0233656
1331.48 -0.153219 10.7636 0.0 0.862612 11.0309 0.644866 0.158367 -0.177762 -0.0511599
1331.49 -0.268133 10.9551 -0.229828 0.878166 11.2941 0.558724 0.122937 -0.177151 -0.252135
1331.51 -0.306437 12.1426 -0.0766094 1.05404 12.3745 0.538385 0.102167 -0.195171 -0.475711
1331.53 -0.766094 13.9046 -0.421352 1.24786 14.7206 0.641276 0.0726929 -0.204487 -0.654084
1331.54 -0.919312 15.1687 -0.268133 1.82333 15.5928 0.7334 0.0549779 -0.206931 -0.721126
1331.56 -1.07253 13.828 -0.344742 1.69053 14.528 0.727418 0.00305432 -0.217926 -0.804357
1331.57 -1.07253 11.3382 -0.383047 0.991825 11.9354 0.520439 -0.0238237 -0.220064 -0.751364
1331.59 -0.153219 9.8443 0.191523 0.715454 10.7749 0.361316 -0.0142026 -0.232434 -0.517708
1331.61 -0.229828 9.42295 0.421352 0.369691 9.77109 0.0370887 0.00305432 -0.237779 -0.395077
1331.62 -0.153219 9.61448 0.766094 0.652044 9.95294 -0.281157 0.0345139 -0.249691 -0.223577
1331.64 -0.0766094 10.0741 0.689484 1.30887 10.5416 -0.557528 0.0476475 -0.244499 -0.181274
1331.66 -0.957617 10.6104 0.804398 1.65344 10.8144 -0.626919 0.0474948 -0.242055 -0.214108
1331.67 -0.957617 10.1124 0.689484 2.04706 10.5858 -0.599402 0.0400117 -0.224646 -0.364686
1331.69 -1.14914 9.46126 0.689484 1.92024 9.72323 -0.459422 0.0310014 -0.196393 -0.544434
1331.71 -1.30236 9.07821 0.497961 1.78863 9.43011 -0.339781 0.041997 -0.174402 -0.654847
1331.72 -0.65118 8.69516 0.612875 1.47517 9.22672 -0.177069 0.0479529 -0.156076 -0.66401
1331.74 -0.727789 8.1589 0.153219 1.18804 8.55673 0.04666 0.0766636 -0.139277 -0.589943
1331.76 -0.344742 7.58433 0.536266 0.918843 7.91426 0.221336 0.113315 -0.117744 -0.444252
1331.77 -0.229828 7.3928 0.0766094 0.825523 7.7348 0.294317 0.130572 -0.106291 -0.360716
1331.79 -0.114914 7.43111 -0.536266 0.646062 7.66541 0.375673 0.168751 -0.0917825 -0.191201
1331.81 -0.0766094 7.54602 -0.0766094 0.568295 7.76112 0.476171 0.201738 -0.0772744 -0.0201585
1331.82 0.0383047 7.66094 -0.344742 0.540778 7.87836 0.605384 0.225257 -0.0694859 0.132558
1331.84 -0.153219 7.96737 -0.383047 0.561117 8.17029 0.673579 0.230907 -0.0679587 0.189063
1331.86 -0.153219 8.1972 -0.229828 0.630509 8.47179 0.765703 0.231976 -0.0558941 0.25748
1331.87 -0.153219 8.38873 -0.344742 0.750149 8.77567 0.832702 0.219453 -0.0482583 0.264657
1331.89 -0.153219 8.73347 -0.421352 0.80997 8.89771 0.860219 0.201738 -0.0450513 0.23503
1331.91 -0.344742 8.84838 -0.268133 0.910469 9.14177 0.876969 0.190132 -0.0467312 0.215635
1331.92 -0.306437 9.07821 -0.421352 0.937986 9.29132 0.874577 0.164475 -0.0386372 0.192575
1331.94 -0.306437 8.96329 -0.383047 0.932004 9.26261 0.849452 0.140346 -0.0314596 0.193644
1331.95 -0.306437 9.0016 0.0766094 0.917647 9.26022 0.799202 0.129351 -0.0242819 0.203571
1331.97 -0.459656 9.03991 -0.268133 1.0002 9.27577 0.698704 0.114843 -0.0334449 0.224798
1331.99 -0.536266 9.23143 -0.65118 1.14855 9.39063 0.598205 0.0975857 -0.025809 0.246637
1332.0 -0.612875 9.49956 -0.0766094 1.26221 9.62991 0.549153 0.0876591 -0.0213803 0.262061
1332.02 -0.842703 9.806 -0.229828 1.54457 10.1635 0.455832 0.073762 -0.019395 0.260076
1332.04 -1.03423 9.95922 -0.191523 1.72403 10.3011 0.399601 0.0508545 -0.0111483 0.227089
1332.05 -1.11084 10.1507 0.0766094 1.76351 10.5715 0.351745 0.0325286 -0.00213803 0.153327
1332.07 -1.18745 10.9168 0.0 1.87119 11.0644 0.331406 0.0248928 0.00244346 0.105527
1332.09 -1.26405 12.3724 0.114914 2.05184 12.4654 0.288335 0.0056505 0.0128282 0.0172569
1332.1 -1.6471 13.828 -0.0383047 2.39402 14.5077 0.306281 -0.0219911 0.0320704 -0.0600175
1332.12 -1.68541 13.33 -0.153219 2.32582 14.467 0.385244 -0.0601702 0.0514654 -0.147982
1332.14 -0.459656 12.2575 -0.268133 1.36989 13.0313 0.528814 -0.0745255 0.0659734 -0.193797
1332.15 -0.497961 11.2233 -0.536266 0.458225 11.7894 0.521635 -0.078038 0.0682642 -0.285427
1332.17 0.229828 10.8785 -0.191523 0.0239282 11.4281 0.467797 -0.0630718 0.0616974 -0.314901
1332.18 0.842703 10.3423 -0.0766094 -0.528814 10.9819 0.355334 -0.0566577 0.0612392 -0.300546
1332.2 0.727789 10.304 -0.0383047 -0.643669 10.8479 0.185444 -0.031765 0.0400117 -0.242666
1332.22 0.881008 10.304 0.0766094 -0.562313 10.6983 -0.0167498 -0.0119119 0.0322231 -0.160199
1332.24 0.919312 9.72939 0.65118 -0.464207 10.2999 -0.18664 0.00839939 0.0131336 -0.0729984
1332.26 0.727789 9.49956 0.536266 -0.416351 10.002 -0.223729 0.023671 -0.00549779 -0.00549779
1332.27 0.689484 9.53786 0.306437 -0.368495 9.89791 -0.13998 0.0355829 -0.022602 0.0699441
1332.29 0.766094 9.53786 0.114914 -0.314656 9.92423 0.0741775 0.0400117 -0.0337503 0.10797
1332.31 0.57457 9.19312 0.0383047 -0.200997 9.65743 0.295514 0.0503964 -0.0511599 0.169057
1332.32 0.536266 8.61855 -0.114914 -0.167498 8.84387 0.4666 0.0627664 -0.0722348 0.246331
1332.34 0.383047 7.92907 -0.191523 -0.136391 8.42871 0.541974 0.0664316 -0.0734565 0.316123
1332.36 0.344742 7.3928 -0.612875 -0.0442672 7.78265 0.647258 0.0849102 -0.0940732 0.33338
1332.37 0.344742 7.00976 -0.383047 0.168694 7.30528 0.728614 0.101556 -0.105832 0.332769
1332.39 0.0766094 6.74162 -0.268133 0.293121 7.01814 0.795613 0.119424 -0.12034 0.30696
1332.41 -0.153219 6.58841 -0.306437 0.580259 6.8997 0.786042 0.128129 -0.119119 0.299629
1332.42 -0.229828 6.43519 -0.65118 0.796809 6.73579 0.794417 0.145997 -0.129962 0.282067
1332.44 -0.268133 6.39688 -0.459656 1.0002 6.72383 0.818345 0.161421 -0.131031 0.264657
1332.46 -0.497961 6.70332 -0.612875 1.04088 6.80877 0.825523 0.177609 -0.136223 0.253814
1332.47 -0.65118 7.00976 -0.268133 1.17368 7.17248 0.841077 0.181885 -0.133169 0.249233
1332.49 -0.536266 7.31619 -0.421352 1.27178 7.67258 0.869791 0.194255 -0.142026 0.238696
1332.5 -0.65118 7.89076 -0.268133 1.31486 7.9334 0.880558 0.196851 -0.146302 0.205098
1332.52 -0.689484 8.35042 -0.306437 1.36869 8.41914 0.911665 0.193492 -0.147677 0.177762
1332.54 -0.612875 8.58025 -0.459656 1.33639 8.85105 0.937986 0.189063 -0.151036 0.12034
1332.55 -0.65118 8.92499 -0.57457 1.34118 9.06161 0.959521 0.178373 -0.156381 0.0714712
1332.57 -0.65118 9.07821 -0.421352 1.29093 9.32602 0.926022 0.171348 -0.153327 0.0500909
1332.59 -0.459656 9.26973 -0.229828 1.20837 9.5342 0.844666 0.162185 -0.167072 0.0140499
1332.6 -0.536266 9.76769 -0.421352 1.15334 10.1252 0.697508 0.147524 -0.172875 -0.00167988
1332.62 -0.65118 9.99752 -0.0383047 1.16172 10.3167 0.629312 0.13943 -0.176998 -0.0120646
1332.64 -0.344742 10.0358 -0.0766094 1.12463 10.3621 0.468993 0.115759 -0.188605 -0.0558941
1332.65 -0.268133 9.88261 -0.344742 1.03968 10.1958 0.318245 0.0913243 -0.196393 -0.135612
1332.67 -0.306437 9.38465 0.229828 0.989432 9.9673 0.26321 0.0719294 -0.209832 -0.228464
1332.69 -0.344742 9.19312 0.0383047 0.805184 9.32722 0.143569 0.064599 -0.211665 -0.271224
1332.7 -0.383047 10.7636 0.153219 0.948754 10.8694 0.0311067 0.0739146 -0.228769 -0.33567
1332.72 -0.689484 14.1344 0.344742 1.26341 14.674 -0.066999 0.0685696 -0.237627 -0.449749
1332.74 -1.22575 16.3561 0.229828 1.67976 16.252 -0.0119641 0.0534507 -0.240375 -0.525038
1332.75 -1.22575 15.2453 -0.0766094 2.35095 16.5595 0.319442 0.0137445 -0.237321 -0.543212
1332.77 -1.49388 12.6788 -0.153219 2.19781 13.1641 0.520439 -0.0129809 -0.233045 -0.562912
1332.78 -1.41727 10.9934 -0.0383047 2.0339 12.0 0.482154 -0.000916298 -0.228922 -0.523511
1332.8 -1.34066 10.7636 0.383047 1.94776 11.3324 0.206979 0.00855211 -0.220064 -0.483347
1332.82 -1.34066 10.2273 0.421352 1.79581 10.8598 -0.120837 0.034972 -0.218384 -0.356745
1332.83 -1.07253 9.65278 0.229828 1.59482 10.075 -0.262014 0.0471893 -0.201738 -0.1996
1332.85 -1.14914 9.23143 0.57457 1.44048 9.78305 -0.277567 0.0618501 -0.195477 -0.0549779
1332.87 -0.497961 8.04398 0.497961 1.08873 8.64766 -0.195015 0.0746782 -0.186161 0.00137445
1332.88 -0.229828 7.20128 0.459656 0.808774 7.46441 -0.111266 0.100793 -0.174249 0.0702495
1332.9 -0.153219 6.70332 0.306437 0.764507 6.97268 -0.0514457 0.13042 -0.163254 0.0685696
1332.92 -0.268133 6.85654 0.306437 0.812363 7.02533 -0.0334995 0.148288 -0.160658 0.0517708
1332.93 -0.57457 7.12467 0.268133 0.909272 7.34716 -0.0119641 0.179289 -0.154243 0.0212276
1332.95 -0.612875 7.3928 0.268133 1.14257 7.54576 -0.0179462 0.197157 -0.130114 0.0187841
1332.97 -0.766094 7.3928 0.0383047 1.22034 7.59721 -0.0418744 0.214872 -0.124311 0.0340557
1332.98 -0.766094 7.46941 0.268133 1.39262 7.7013 0.0681954 0.216857 -0.116828 0.0427606
1333.0 -0.804398 7.85246 -0.0766094 1.44526 8.01476 0.162712 0.226631 -0.113621 0.0664316
1333.02 -0.804398 8.00568 0.114914 1.4656 8.33779 0.246461 0.220828 -0.0992656 0.0957531
1333.03 -0.689484 8.1972 0.0 1.4333 8.47896 0.295514 0.216094 -0.0937678 0.129198
1333.05 -0.727789 8.50364 -0.0766094 1.46082 8.7649 0.364905 0.207083 -0.089339 0.141568
1333.07 -0.804398 8.88668 -0.114914 1.55055 9.04965 0.437886 0.189979 -0.0774271 0.153633
1333.08 -1.03423 9.0016 -0.229828 1.61515 9.16211 0.470189 0.176082 -0.0725402 0.166613
1333.1 -1.03423 9.0016 -0.0766094 1.64746 9.23151 0.463011 0.168293 -0.0697913 0.168751
1333.11 -1.03423 9.07821 -0.0766094 1.70728 9.3009 0.367298 0.149204 -0.0569632 0.163865
1333.13 -1.07253 9.42295 -0.0383047 1.79462 9.49113 0.333799 0.130878 -0.0494801 0.131183
