1303.51 0.153219 0.153219 -9.49956 0.318245 0.41994 10.0534 0.0971275 -0.0210748 -0.0616974
1303.52 0.0766094 0.191523 -9.53786 0.287139 0.410369 10.0881 0.0962113 -0.0230602 -0.0638354
1303.54 0.0383047 0.191523 -9.53786 0.240479 0.480957 10.075 0.0991129 -0.0268781 -0.0636827
1303.56 0.114914 0.229828 -9.34634 0.179462 0.527617 10.0606 0.0962113 -0.022602 -0.0630718
1303.57 0.0383047 0.229828 -9.46126 0.177069 0.562313 10.0833 0.0948368 -0.021533 -0.0603229
1303.59 0.0766094 0.229828 -9.53786 0.179462 0.569491 10.075 0.0923933 -0.0171042 -0.0580322
1303.61 0.153219 0.229828 -9.42295 0.174676 0.533599 10.051 0.0913243 -0.0239765 -0.0514654
1303.62 0.153219 0.191523 -9.34634 0.196211 0.460618 10.0594 0.0881173 -0.0181732 -0.0444404
1303.64 0.153219 0.191523 -9.46126 0.190229 0.399601 10.0582 0.0884227 -0.0232129 -0.0465785
1303.66 0.229828 0.114914 -9.30804 0.184247 0.355334 10.0558 0.0891863 -0.0216857 -0.0490219
1303.67 0.229828 0.114914 -9.46126 0.162712 0.329013 10.081 0.0885754 -0.0270308 -0.0572686
1303.69 0.344742 0.114914 -9.38465 0.160319 0.364905 10.051 0.0876591 -0.0219911 -0.0679587
1303.71 0.191523 0.153219 -9.30804 0.142373 0.349352 10.0475 0.08827 -0.0242819 -0.0771217
1303.72 0.268133 0.153219 -9.49956 0.112463 0.35653 10.0702 0.0859793 -0.0218384 -0.0788016
1303.74 0.344742 0.114914 -9.65278 0.0777667 0.378066 10.0487 0.0878119 -0.0222966 -0.0818559
1303.76 0.229828 0.153219 -9.46126 0.0849452 0.30987 10.081 0.0870483 -0.0229074 -0.081245
1303.77 0.114914 0.114914 -9.38465 0.0717846 0.275174 10.0618 0.0859793 -0.0271835 -0.0821613
1303.79 0.153219 0.114914 -9.46126 0.0705882 0.299103 10.0582 0.0890336 -0.0314596 -0.0797179
1303.81 0.0766094 0.0383047 -9.65278 0.117248 0.312263 10.0798 0.0891863 -0.0316123 -0.0783434
1303.82 0.191523 0.153219 -9.49956 0.135194 0.276371 10.0666 0.0867428 -0.0282525 -0.0768163
1303.84 0.191523 -0.0383047 -9.53786 0.138784 0.27996 10.0499 0.0844521 -0.020464 -0.0725402
1303.86 0.114914 -0.0383047 -9.69109 0.172283 0.311067 10.0714 0.0875064 -0.0245873 -0.0668897
1303.87 0.229828 0.0766094 -9.49956 0.191426 0.269192 10.063 0.0911716 -0.0308487 -0.0578795
1303.89 0.0 -0.114914 -9.42295 0.214158 0.273978 10.0463 0.0899499 -0.0265726 -0.0418443
1303.9 0.191523 0.0383047 -9.42295 0.228514 0.30987 10.0786 0.090408 -0.0271835 -0.0358883
1303.92 0.0766094 0.191523 -9.15482 0.197408 0.364905 10.0475 0.0936151 -0.0325286 -0.0348193
1303.94 0.114914 0.229828 -9.57617 0.16989 0.409173 10.0642 0.0925461 -0.0288634 -0.0368046
1303.96 0.153219 0.229828 -9.57617 0.167498 0.411565 10.0845 0.0901026 -0.0282525 -0.0513127
1303.97 0.191523 0.114914 -9.92091 0.17348 0.320638 10.0606 0.0910189 -0.0280998 -0.0615447
1303.99 0.0766094 0.114914 -9.46126 0.205783 0.284746 10.057 0.0896445 -0.0305433 -0.0784962
1304.01 -0.0766094 0.0766094 -9.57617 0.208175 0.22014 10.0774 0.089339 -0.0270308 -0.083994
1304.02 0.153219 0.0383047 -9.46126 0.187837 0.205783 10.057 0.0939205 -0.0351248 -0.0846048
1304.04 0.153219 0.0 -9.69109 0.175872 0.240479 10.0606 0.0937678 -0.0276416 -0.0736092
1304.06 0.0766094 0.0 -9.42295 0.172283 0.229711 10.069 0.0936151 -0.0303905 -0.0627664
1304.07 0.114914 0.0383047 -9.42295 0.177069 0.215354 10.0594 0.0936151 -0.0264199 -0.0536034
1304.09 0.114914 0.153219 -9.49956 0.161515 0.273978 10.0642 0.0940732 -0.0267254 -0.0514654
1304.11 0.191523 0.306437 -9.49956 0.0921237 0.412762 10.0738 0.095295 -0.0276416 -0.0594066
1304.12 0.268133 0.114914 -9.53786 0.020339 0.41994 10.0451 0.0926988 -0.0265726 -0.0736092
1304.14 0.306437 0.114914 -9.46126 0.0323031 0.44985 10.0546 0.0901026 -0.0297797 -0.0726929
1304.15 0.268133 0.191523 -9.69109 0.0825523 0.472582 10.0869 0.0926988 -0.0316123 -0.0633773
1304.17 0.229828 0.153219 -9.46126 0.108873 0.412762 10.0618 0.0940732 -0.0300851 -0.0337503
1304.19 0.114914 0.229828 -9.34634 0.119641 0.39003 10.0618 0.0939205 -0.0291688 -0.0100793
1304.2 0.229828 0.268133 -9.49956 0.116052 0.418744 10.0762 0.0949895 -0.0352775 -0.00488692
1304.22 0.306437 0.114914 -9.49956 0.0705882 0.404387 10.063 0.0936151 -0.033903 -0.023671
1304.24 0.191523 0.153219 -9.65278 0.061017 0.384048 10.0606 0.091477 -0.0314596 -0.0539089
1304.25 0.306437 0.229828 -9.49956 0.0741775 0.394816 10.0606 0.0894917 -0.0329867 -0.0844521
1304.27 0.153219 -0.0766094 -9.38465 0.101695 0.325424 10.075 0.0875064 -0.0319177 -0.0933096
1304.29 0.229828 0.0766094 -9.34634 0.0777667 0.287139 10.0475 0.0888809 -0.0313068 -0.10064
1304.3 0.268133 0.191523 -9.34634 0.0358923 0.308674 10.0582 0.0879646 -0.0329867 -0.107054
1304.32 0.268133 0.0 -9.49956 0.0394815 0.241675 10.0714 0.0879646 -0.0354302 -0.106291
1304.34 0.191523 0.0 -9.34634 0.087338 0.165105 10.0403 0.0933096 -0.0394008 -0.104611
1304.36 0.0766094 0.0383047 -9.46126 0.118445 0.291924 10.0798 0.0934624 -0.0369573 -0.10064
1304.37 0.191523 -0.114914 -9.42295 0.0981057 0.154337 10.0762 0.0897971 -0.0342084 -0.0937678
1304.39 0.229828 -0.0383047 -9.49956 0.0550349 0.0945165 10.057 0.0951423 -0.0410807 -0.0841467
1304.4 0.191523 0.0383047 -9.61448 0.0885344 0.178265 10.0738 0.0962113 -0.0389426 -0.0820086
1304.42 0.268133 -0.191523 -9.53786 0.162712 0.102891 10.0738 0.0969748 -0.0378736 -0.0759
1304.44 0.0766094 -0.0383047 -9.38465 0.21655 0.0981057 10.0415 0.099571 -0.0375682 -0.0759
1304.45 0.114914 0.0 -9.46126 0.227318 0.157926 10.0558 0.0975857 -0.0311541 -0.0726929
1304.47 0.229828 0.0383047 -9.49956 0.135194 0.242871 10.0666 0.101862 -0.0357356 -0.0650571
1304.49 0.229828 0.0 -9.34634 -0.0993021 0.175872 10.0558 0.103236 -0.033903 -0.0485638
1304.5 0.229828 0.383047 -9.38465 0.0 0.376869 10.1276 0.109956 -0.0407752 -0.0436769
1304.52 0.268133 0.57457 -9.38465 0.374477 0.881755 9.95294 0.107207 -0.0410807 -0.0468839
1304.54 0.344742 0.344742 -9.38465 0.0622134 0.702293 10.0558 0.0969748 -0.0342084 -0.0525344
1304.55 0.536266 0.229828 -9.65278 -0.482154 0.30987 10.1898 0.0946841 -0.0340557 -0.0216857
1304.57 0.65118 0.0766094 -9.49956 -0.547956 0.30987 10.1097 0.0978911 -0.041997 -0.00610865
1304.59 0.727789 0.229828 -9.38465 -0.439083 0.452243 9.98883 0.100182 -0.0525344 -0.0166461
1304.6 0.727789 0.153219 -9.49956 -0.452243 0.346959 10.1515 0.0957531 -0.0548251 -0.0589485
1304.62 0.689484 0.306437 -9.26973 -0.427119 0.349352 10.0989 0.0962113 -0.0572686 -0.076969
1304.64 0.421352 0.229828 -9.53786 -0.248853 0.416351 10.0403 0.097433 -0.0623082 -0.081245
1304.65 0.268133 0.0383047 -9.38465 -0.260818 0.355334 10.1312 0.0948368 -0.0638354 -0.078038
1304.67 0.727789 0.268133 -9.42295 -0.258425 0.404387 10.0833 0.0965167 -0.0658207 -0.0684169
1304.68 0.383047 0.306437 -9.65278 -0.196211 0.565902 10.0319 0.0962113 -0.0682642 -0.0690278
1304.7 0.459656 0.229828 -9.61448 -0.236889 0.491725 10.0905 0.0928515 -0.0717766 -0.0771217
1304.72 0.497961 0.306437 -9.26973 -0.275174 0.455832 10.0499 0.0922406 -0.0719294 -0.0731511
1304.73 0.536266 0.153219 -9.53786 -0.239282 0.474975 10.057 0.0930042 -0.0763581 -0.0664316
1304.75 0.536266 0.0766094 -9.92091 -0.209372 0.387637 10.0917 0.091477 -0.0789543 -0.0597121
1304.77 0.383047 0.114914 -9.46126 -0.202193 0.342173 10.0439 0.0948368 -0.0879646 -0.0444404
1304.78 0.536266 0.229828 -9.61448 -0.177069 0.369691 10.0774 0.0943787 -0.0902553 -0.0270308
1304.8 0.383047 0.114914 -9.34634 -0.136391 0.308674 10.0917 0.0945314 -0.0865901 -0.023671
1304.82 0.459656 0.153219 -9.53786 -0.181854 0.330209 10.0582 0.0946841 -0.0926988 -0.0300851
1304.83 0.421352 0.191523 -9.38465 -0.141176 0.437886 10.0594 0.0936151 -0.0949895 -0.0387899
1304.85 0.268133 0.229828 -9.49956 -0.0897308 0.470189 10.063 0.0928515 -0.0978911 -0.0354302
1304.87 0.306437 0.191523 -9.46126 -0.0478564 0.447458 10.0463 0.0936151 -0.0994183 -0.0274889
1304.88 0.229828 0.268133 -9.61448 0.0514457 0.439083 10.0522 0.0949895 -0.103694 0.000610865
1304.9 0.344742 0.344742 -9.46126 0.129212 0.44985 10.0738 0.0923933 -0.100335 0.0273362
1304.91 0.114914 0.229828 -9.61448 0.161515 0.538385 10.0594 0.0956004 -0.105069 0.0335976
1304.93 0.153219 0.383047 -9.61448 0.253639 0.62333 10.0271 0.0933096 -0.105069 0.0561996
1304.95 0.268133 0.268133 -9.46126 0.308674 0.622134 10.0546 0.0940732 -0.108429 0.0682642
1304.96 -0.0383047 0.383047 -9.57617 0.398405 0.612562 10.0475 0.0888809 -0.103236 0.0713185
1304.98 -0.0766094 0.229828 -9.49956 0.463011 0.555135 10.0283 0.0926988 -0.109345 0.06353
1305.0 -0.114914 0.268133 -9.46126 0.600598 0.458225 10.063 0.089339 -0.107818 0.0528398
1305.01 -0.0766094 0.153219 -9.53786 0.646062 0.39003 10.0702 0.0876591 -0.102931 0.0400117
1305.03 -0.153219 0.0766094 -9.53786 0.683151 0.239282 10.0403 0.0842994 -0.100945 0.0311541
1305.05 -0.191523 -0.153219 -9.38465 0.667597 0.0370887 10.051 0.0853684 -0.0986547 0.00855211
1305.06 -0.114914 -0.306437 -9.26973 0.637687 -0.00957129 10.051 0.0885754 -0.0960585 -0.00870483
1305.08 -0.114914 -0.153219 -9.38465 0.622134 0.040678 10.0487 0.0899499 -0.0968221 -0.0172569
1305.1 -0.268133 -0.229828 -9.49956 0.595813 0.0227318 10.0295 0.0897971 -0.095295 -0.0248928
1305.11 -0.191523 -0.153219 -9.46126 0.597009 -0.0287139 10.0415 0.0956004 -0.0968221 -0.0303905
1305.13 -0.114914 -0.114914 -9.49956 0.575474 0.0143569 10.0463 0.0926988 -0.0865901 -0.0346666
1305.14 -0.114914 -0.191523 -9.34634 0.538385 0.0275174 10.0439 0.0994183 -0.0989602 -0.046273
1305.16 0.0 -0.114914 -9.49956 0.497707 0.0562313 10.0451 0.100029 -0.0933096 -0.0586431
1305.18 -0.0766094 -0.0383047 -9.38465 0.4666 0.0741775 10.0379 0.102931 -0.0926988 -0.071624
1305.19 0.0 -0.153219 -9.53786 0.445065 0.00717846 10.0415 0.100487 -0.0897971 -0.0726929
1305.21 0.0766094 -0.114914 -9.57617 0.433101 -0.0323031 10.057 0.10568 -0.0919352 -0.0766636
1305.23 -0.114914 -0.229828 -9.57617 0.480957 0.0634098 10.051 0.108276 -0.0931569 -0.0682642
1305.24 -0.153219 -0.114914 -9.42295 0.510867 0.0646062 10.0367 0.110108 -0.0946841 -0.053298
1305.26 -0.191523 -0.229828 -9.49956 0.552742 0.0358923 10.0247 0.114537 -0.0957531 -0.0476475
1305.28 -0.191523 -0.0383047 -9.42295 0.616152 0.0969093 10.0451 0.119577 -0.0959058 -0.0448986
1305.29 -0.229828 -0.191523 -9.42295 0.659222 0.0538385 10.051 0.120035 -0.0946841 -0.0406225
1305.31 -0.191523 -0.153219 -9.38465 0.664008 0.0382852 10.014 0.120646 -0.0943787 -0.0426078
1305.33 -0.191523 -0.0383047 -9.34634 0.731007 0.101695 10.0283 0.122173 -0.0934624 -0.0476475
1305.34 -0.268133 -0.0383047 -9.46126 0.76331 0.122034 10.0415 0.12538 -0.0920879 -0.0539089
1305.37 -0.268133 0.0383047 -9.49956 0.772881 0.165105 10.0044 0.128587 -0.0930042 -0.0531453
1305.38 -0.268133 -0.0766094 -9.46126 0.801595 0.150748 10.0463 0.127671 -0.0858265 -0.0448986
1305.4 -0.229828 0.0 -9.38465 0.788435 0.153141 10.0164 0.132863 -0.0899499 -0.0436769
1305.42 -0.306437 -0.0383047 -9.34634 0.771685 0.185444 9.9996 0.136376 -0.0894917 -0.0467312
1305.43 -0.459656 -0.0383047 -9.34634 0.771685 0.210568 10.0475 0.135765 -0.0870483 -0.0523817
1305.45 -0.344742 0.153219 -9.38465 0.801595 0.276371 10.0104 0.136681 -0.0858265 -0.0568105
1305.47 -0.421352 0.0766094 -9.30804 0.800399 0.34337 10.0295 0.139125 -0.0849102 -0.0566577
1305.48 -0.268133 0.0766094 -9.30804 0.79322 0.340977 10.0522 0.138056 -0.081245 -0.0560469
1305.5 -0.344742 0.114914 -9.49956 0.775274 0.336191 10.0032 0.138514 -0.0817032 -0.0511599
1305.52 -0.268133 0.114914 -9.07821 0.769292 0.357727 10.0211 0.142484 -0.0826195 -0.0490219
1305.53 -0.344742 0.153219 -9.30804 0.795613 0.363709 10.0271 0.14279 -0.0846048 -0.0497855
1305.55 -0.383047 0.0766094 -9.30804 0.823131 0.380459 10.0092 0.14111 -0.0821613 -0.0516181
1305.57 -0.344742 0.191523 -9.49956 0.818345 0.387637 10.0164 0.147066 -0.0913243 -0.0503964
1305.58 -0.536266 0.153219 -9.53786 0.83988 0.397208 10.0068 0.144317 -0.0798706 -0.0511599
1305.6 -0.383047 0.153219 -9.42295 0.872184 0.418744 9.9996 0.145691 -0.0824668 -0.0510072
1305.62 -0.497961 0.306437 -9.46126 0.917647 0.504885 10.014 0.145997 -0.0794125 -0.0499382
1305.63 -0.344742 0.268133 -9.42295 0.929611 0.564706 10.0092 0.149356 -0.0830777 -0.0491747
1305.65 -0.383047 0.421352 -9.65278 0.934397 0.586241 9.98524 0.147066 -0.0772744 -0.0510072
1305.67 -0.421352 0.497961 -9.49956 0.910469 0.692722 10.0187 0.147066 -0.0743728 -0.0557414
1305.68 -0.344742 0.459656 -9.61448 0.927218 0.770489 10.0044 0.14844 -0.0800233 -0.0513127
1305.7 -0.383047 0.421352 -9.49956 0.898505 0.744168 10.0152 0.145997 -0.074831 -0.0413861
1305.72 -0.306437 0.421352 -9.46126 0.888933 0.740578 10.0271 0.142942 -0.074831 -0.02474
1305.73 -0.421352 0.497961 -9.30804 0.954736 0.734596 10.0104 0.143859 -0.074831 -0.0213803
1305.75 -0.306437 0.421352 -9.46126 1.04088 0.740578 9.98764 0.141415 -0.0733038 -0.0348193
1305.77 -0.421352 0.536266 -8.88668 1.09472 0.813559 10.014 0.137597 -0.0685696 -0.0673479
1305.78 -0.497961 0.497961 -9.53786 1.08036 0.83988 9.98524 0.139125 -0.0687223 -0.0786489
1305.8 -0.306437 -0.306437 -9.0016 1.19761 0.363709 9.4672 0.13607 -0.0668897 -0.103389
1305.82 -0.306437 1.45558 -9.95922 0.620937 1.61755 10.6397 0.168599 -0.0639881 -0.135765
1305.83 -0.881008 0.995922 -9.53786 0.51326 2.14038 10.587 0.119577 -0.0826195 -0.113163
1305.85 -0.842703 0.612875 -9.23143 1.51226 1.1007 9.70768 0.125075 -0.0778853 -0.0881173
1305.86 -0.229828 1.11084 -9.38465 0.756132 1.39741 9.9661 0.131794 -0.0505491 -0.143095
1305.88 -0.191523 1.14914 -9.34634 0.62333 1.82333 10.2808 0.114232 -0.0609338 -0.14508
1305.9 -0.497961 0.689484 -9.34634 0.993021 1.14736 9.96012 0.102014 -0.0566577 -0.133932
1305.91 -0.229828 0.804398 -9.30804 0.812363 0.981057 9.94098 0.111941 -0.0577268 -0.157145
1305.93 -0.344742 0.612875 -9.61448 0.842273 0.984646 10.1145 0.106443 -0.0644463 -0.138208
1305.95 -0.57457 0.459656 -9.57617 1.04806 0.812363 9.95414 0.105527 -0.0690278 -0.121104
1305.96 -0.344742 0.65118 -9.49956 0.842273 0.844666 9.99721 0.106138 -0.0520762 -0.101862
1305.98 -0.191523 0.919312 -9.65278 0.753739 0.984646 10.0451 0.10797 -0.0551306 -0.0768163
1305.99 -0.306437 0.497961 -9.49956 0.760917 0.893719 9.97807 0.104 -0.0592539 -0.0803288
1306.01 -0.153219 0.421352 -9.26973 0.661615 0.805184 9.99362 0.102014 -0.055436 -0.0888809
1306.03 -0.229828 0.421352 -9.46126 0.685544 0.728614 10.0594 0.104 -0.0647517 -0.0978911
1306.04 -0.306437 0.536266 -9.57617 0.739382 0.756132 9.97807 0.102473 -0.0604756 -0.0943787
1306.06 -0.191523 0.421352 -9.53786 0.705882 0.790828 10.0187 0.104153 -0.0636827 -0.079107
1306.08 -0.191523 0.536266 -9.38465 0.691525 0.824327 10.0211 0.103694 -0.0682642 -0.068875
1306.09 -0.191523 0.727789 -9.34634 0.687936 0.836291 9.98644 0.105985 -0.0684169 -0.0517708
1306.11 -0.153219 0.57457 -9.30804 0.741775 0.818345 10.0187 0.104153 -0.067806 -0.0395535
1306.13 -0.268133 0.536266 -9.65278 0.778863 0.836291 9.98046 0.104153 -0.0707076 -0.034972
1306.14 -0.306437 0.459656 -9.46126 0.781256 0.774078 10.0056 0.100487 -0.0629191 -0.0271835
1306.16 -0.268133 0.421352 -8.92499 0.835095 0.770489 10.0331 0.102473 -0.0711658 -0.0187841
1306.18 -0.421352 0.536266 -9.42295 0.894915 0.784845 10.014 0.102931 -0.071013 -0.0126754
1306.19 -0.383047 0.536266 -9.42295 0.940379 0.818345 9.99482 0.103236 -0.0694859 -0.00778853
1306.21 -0.344742 0.497961 -9.53786 0.897308 0.860219 9.99841 0.099571 -0.0668897 -0.0157298
1306.23 -0.497961 0.459656 -9.8443 0.940379 0.813559 9.99362 0.0981966 -0.0673479 -0.0407752
1306.24 -0.421352 0.344742 -9.15482 0.958325 0.757328 9.98764 0.0954477 -0.0642935 -0.0519235
1306.26 -0.421352 0.421352 -9.49956 0.886541 0.751346 9.99601 0.0949895 -0.0693332 -0.0734565
1306.28 -0.497961 0.459656 -9.34634 0.935593 0.732203 9.99123 0.097433 -0.0708604 -0.0765108
1306.29 -0.306437 0.459656 -9.49956 0.941576 0.736989 9.99123 0.0972803 -0.0711658 -0.0725402
1306.31 -0.344742 0.57457 -9.65278 0.855434 0.841077 9.99242 0.0989602 -0.0696386 -0.0740674
1306.32 -0.306437 0.65118 -9.49956 0.892523 0.970289 10.0032 0.0962113 -0.0702495 -0.0653626
1306.34 -0.459656 0.65118 -9.38465 0.918843 0.976271 9.98883 0.0949895 -0.0723875 -0.0569632
1306.36 -0.306437 0.65118 -9.19312 0.867398 0.990628 9.98166 0.0930042 -0.0682642 -0.0558941
1306.37 -0.497961 0.536266 -9.49956 0.876969 0.911665 9.98883 0.0917825 -0.0783434 -0.0436769
1306.39 -0.536266 0.497961 -9.69109 0.987039 0.744168 9.98166 0.0926988 -0.0751364 -0.0262672
1306.41 -0.689484 0.344742 -9.42295 1.01815 0.731007 9.99242 0.0946841 -0.0754418 -0.00274889
1306.42 -0.421352 0.383047 -9.61448 0.97986 0.708275 10.002 0.0960585 -0.079107 0.00946841
1306.44 -0.383047 0.459656 -9.38465 0.99661 0.707079 9.96371 0.096364 -0.0766636 0.020464
1306.46 -0.536266 0.421352 -9.38465 1.02652 0.752542 10.002 0.0959058 -0.0739146 0.0177151
1306.47 -0.536266 0.383047 -9.38465 1.0672 0.739382 9.99601 0.0962113 -0.0751364 0.00855211
1306.49 -0.57457 0.421352 -9.53786 1.18684 0.689133 9.9673 0.090408 -0.0711658 -0.0192422
1306.51 -0.689484 0.421352 -9.38465 1.30648 0.643669 9.98644 0.0919352 -0.0765108 -0.0526871
1306.52 -0.881008 0.459656 -9.34634 1.37707 0.638883 9.99003 0.0908662 -0.0734565 -0.0827722
1306.54 -0.881008 0.459656 -9.46126 1.44766 0.671186 9.96849 0.0926988 -0.0723875 -0.100945
1306.56 -0.881008 0.536266 -9.23143 1.44168 0.777667 9.96251 0.0873537 -0.062461 -0.136528
1306.57 -0.919312 0.459656 -9.46126 1.42732 0.74656 9.97208 0.0894917 -0.0685696 -0.175624
1306.59 -1.03423 0.459656 -9.38465 1.44646 0.719043 9.98883 0.0864374 -0.0607811 -0.21029
1306.61 -0.881008 0.344742 -9.46126 1.47159 0.654437 9.97328 0.0832304 -0.0586431 -0.22602
1306.62 -1.03423 0.383047 -9.26973 1.56849 0.650847 9.97328 0.0853684 -0.0580322 -0.240223
1306.64 -1.11084 0.344742 -9.34634 1.62233 0.614955 9.91585 0.0870483 -0.0513127 -0.222355
1306.65 -1.18745 0.229828 -9.23143 1.70967 0.585045 9.95055 0.0901026 -0.0534507 -0.207541
1306.67 -1.22575 0.306437 -9.61448 1.80897 0.555135 9.97089 0.0919352 -0.0514654 -0.167835
1306.69 -1.30236 0.306437 -9.46126 1.81496 0.519242 9.98644 0.0943787 -0.0471893 -0.143859
1306.7 -1.11084 0.229828 -9.23143 1.67378 0.4666 9.9661 0.0997237 -0.0369573 -0.0865901
1306.72 -1.03423 0.191523 -9.42295 1.58524 0.401994 9.97926 0.102167 -0.0288634 -0.0242819
1306.73 -0.995922 0.0383047 -9.49956 1.52782 0.336191 9.98285 0.105222 -0.02474 -0.00351247
1306.75 -0.919312 0.0383047 -9.38465 1.42971 0.297906 9.97448 0.109498 -0.0227547 0.0186314
1306.76 -0.842703 0.191523 -9.49956 1.38903 0.293121 9.93859 0.117133 -0.0256563 0.0126754
1306.78 -0.766094 0.0 -9.38465 1.33759 0.336191 9.9661 0.116828 -0.0235183 0.00152716
1306.79 -1.03423 0.114914 -9.53786 1.31127 0.431904 9.97448 0.120951 -0.0221439 -0.0221439
1306.81 -0.804398 0.191523 -9.23143 1.32443 0.443868 9.99482 0.119882 -0.0160352 -0.0308487
1307.41 -0.497961 1.11084 -9.19312 1.09113 1.38425 9.75793 0.178373 -0.0867428 -0.00641408
1307.43 -0.612875 1.07253 -9.34634 1.16889 1.40459 9.94098 0.175013 -0.0887282 -0.0377209
1307.45 -0.612875 0.881008 -9.07821 1.20718 1.38903 10.0092 0.169362 -0.0887282 -0.0739146
1307.46 -0.689484 1.03423 -9.34634 1.2993 1.36271 9.84766 0.167988 -0.0916298 -0.0901026
1307.48 -0.842703 1.11084 -9.38465 1.37109 1.44168 9.88953 0.166155 -0.0842994 -0.103389
1307.5 -0.842703 1.11084 -9.42295 1.44766 1.54696 9.93021 0.166766 -0.0875064 -0.0962113
1307.51 0.153219 1.30236 -9.30804 0.252443 1.4991 10.0738 0.167224 -0.0862847 -0.0847575
1307.53 -0.229828 1.03423 -9.34634 0.662812 1.43569 9.68135 0.163406 -0.0969748 -0.021533
1307.54 -0.804398 1.34066 -9.61448 1.30409 1.55055 10.1503 0.165086 -0.104305 0.00305432
1307.56 -0.995922 1.37897 -9.34634 1.44168 1.71924 10.0319 0.160199 -0.0925461 0.0126754
1307.58 -1.14914 1.80032 -9.19312 1.64028 2.06979 9.76989 0.161116 -0.100793 0.0413861
1307.59 -1.41727 1.80032 -9.46126 1.96092 2.19063 9.96371 0.153785 -0.0945314 0.0788016
1307.61 -1.53219 1.76202 -9.46126 2.0327 2.13918 9.93859 0.149662 -0.087201 0.102625
1307.63 -1.26405 1.80032 -9.19312 1.92144 2.04826 9.801 0.144164 -0.0829249 0.104458
1307.64 -1.22575 1.68541 -9.30804 1.72881 2.02792 9.89671 0.138208 -0.0810924 0.103236
1307.66 -1.26405 1.57049 -9.46126 1.74078 1.9669 9.84766 0.13042 -0.0798706 0.0661261
1307.68 -1.14914 1.53219 -9.30804 1.77428 1.94177 9.83809 0.122937 -0.074831 0.0355829
1307.69 -1.11084 1.6471 -9.53786 1.67856 1.94536 9.9314 0.117133 -0.073762 -0.0164934
1307.71 -1.07253 1.57049 -9.42295 1.6343 1.85324 9.87996 0.10797 -0.071013 -0.0310014
1307.73 -0.842703 1.57049 -9.26973 1.55174 1.81137 9.85484 0.106291 -0.0722348 -0.0364992
1307.74 -0.804398 1.30236 -9.38465 1.34357 1.69531 9.88594 0.102473 -0.0728457 -0.0403171
1307.76 -0.65118 0.995922 -9.65278 1.18205 1.50269 9.91705 0.0942259 -0.0682642 -0.0600175
1307.78 -0.57457 1.07253 -9.30804 1.20479 1.42253 9.82851 0.0943787 -0.0781907 -0.102473
1307.79 -0.65118 0.919312 -9.34634 1.2993 1.34716 9.84407 0.0920879 -0.0778853 -0.126602
1307.81 -0.727789 0.842703 -9.42295 1.21795 1.09831 9.93021 0.089339 -0.0781907 -0.178678
1307.82 -0.459656 0.766094 -9.42295 1.08993 0.957129 9.83809 0.0879646 -0.0760527 -0.211054
1307.84 -0.536266 0.65118 -9.42295 1.08036 0.875773 9.8668 0.0910189 -0.0807869 -0.21197
1307.86 -0.612875 0.57457 -9.34634 1.15813 0.849452 9.92901 0.0899499 -0.0743728 -0.20464
1307.87 -0.65118 0.421352 -9.26973 1.18804 0.830309 9.85843 0.100793 -0.0867428 -0.156992
1307.89 -0.612875 0.459656 -9.49956 1.27777 0.837488 9.88116 0.109498 -0.090408 -0.0755945
1307.91 -0.766094 0.612875 -9.42295 1.30169 0.866202 9.88834 0.110567 -0.0786489 -0.0261145
1307.92 -0.919312 0.65118 -9.49956 1.31246 0.899701 9.85125 0.122631 -0.0908662 0.0636827
1307.94 -0.881008 0.536266 -9.46126 1.37468 0.866202 9.86441 0.129809 -0.0930042 0.153327
1307.96 -0.881008 0.727789 -9.15482 1.41296 0.939182 9.8656 0.140194 -0.0928515 0.229991
1307.97 -0.842703 0.766094 -9.46126 1.39382 1.08156 9.85962 0.141263 -0.0957531 0.264963
1307.99 -0.842703 0.919312 -9.38465 1.31844 1.13659 9.8656 0.144011 -0.0965167 0.302836
1308.01 -0.689484 0.995922 -9.38465 1.22154 1.27657 9.84287 0.145844 -0.0986547 0.299324
1308.02 -0.689484 0.957617 -9.42295 1.20957 1.30169 9.89791 0.142484 -0.103389 0.279624
1308.04 -0.65118 1.07253 -9.38465 1.24905 1.34955 9.84407 0.140957 -0.102931 0.265115
1308.06 -0.65118 0.995922 -9.15482 1.37348 1.2323 9.84407 0.13943 -0.10965 0.235641
1308.07 -0.804398 0.957617 -9.57617 1.51585 1.20957 9.84646 0.13775 -0.106596 0.21701
1308.09 -0.804398 0.995922 -9.38465 1.65703 1.23709 9.81655 0.141721 -0.112246 0.217468
1308.11 -1.41727 0.995922 -9.11651 1.89631 1.20837 9.84407 0.141568 -0.114079 0.230449
1308.12 -1.30236 0.995922 -9.23143 1.90588 1.26461 9.80698 0.139277 -0.103083 0.234114
1308.14 -1.34066 0.995922 -9.15482 1.85803 1.30289 9.75912 0.140957 -0.106596 0.233503
1308.15 -1.37897 0.919312 -9.49956 1.91426 1.27059 9.85484 0.138972 -0.109345 0.229991
1308.17 -1.37897 0.919312 -9.26973 1.94297 1.25623 9.80459 0.136223 -0.102931 0.222202
1308.19 -1.49388 1.03423 -9.0016 1.95494 1.25743 9.81176 0.139125 -0.102473 0.221591
1308.2 -1.22575 1.07253 -9.30804 1.88076 1.28973 9.84646 0.136681 -0.0971275 0.217315
1308.22 -1.45558 0.919312 -9.07821 1.89511 1.27777 9.80578 0.133627 -0.0991129 0.193797
1308.24 -1.26405 1.03423 -9.30804 1.90469 1.39621 9.7675 0.134085 -0.103694 0.134696
1308.25 -1.34066 1.18745 -9.61448 1.88794 1.45723 9.79023 0.128434 -0.0975857 0.0598648
1308.27 -1.37897 1.14914 -9.38465 1.94536 1.36152 9.84048 0.120646 -0.0971275 0.0235183
1308.29 -1.57049 1.03423 -9.26973 1.95972 1.32443 9.77946 0.119424 -0.0988074 -0.0560469
1308.3 -1.49388 1.14914 -9.38465 2.10449 1.43569 9.84407 0.115606 -0.096364 -0.131794
1308.32 -1.49388 1.26405 -9.38465 2.15833 1.45723 9.8333 0.114232 -0.0972803 -0.164628
1308.34 -1.6088 1.26405 -9.61448 2.18106 1.49551 9.75793 0.108734 -0.0951423 -0.230296
1308.35 -1.72371 1.37897 -8.84838 2.26002 1.68694 9.81296 0.103236 -0.0887282 -0.288481
1308.37 -1.6471 1.57049 -9.03991 2.31745 1.76471 9.79502 0.10232 -0.0925461 -0.314901
1308.38 -1.95354 1.45558 -9.19312 2.44546 1.78744 9.75434 0.0948368 -0.0891863 -0.349415
1308.4 -1.95354 1.53219 -9.15482 2.45025 1.69412 9.79023 0.091477 -0.0800233 -0.333838
1308.42 -1.95354 1.22575 -9.30804 2.45264 1.61515 9.79263 0.0940732 -0.0763581 -0.277027
1308.43 -1.87693 1.03423 -9.42295 2.40957 1.40937 9.81655 0.0916298 -0.0723875 -0.240986
1308.45 -1.68541 1.07253 -9.26973 2.30907 1.27777 9.77827 0.0991129 -0.0742201 -0.171348
1308.47 -1.6471 0.842703 -9.34634 2.17747 1.20837 9.77468 0.102778 -0.065668 -0.109039
1308.48 -1.6471 0.727789 -9.0016 2.15354 1.10907 9.82253 0.103083 -0.0673479 -0.0765108
1308.5 -1.57049 0.65118 -9.23143 2.07817 0.984646 9.74477 0.109192 -0.0626137 -0.0239765
1308.52 -1.41727 0.766094 -9.15482 2.02433 1.15454 9.82732 0.116064 -0.0639881 0.00977384
1308.53 -1.45558 0.881008 -9.30804 2.01476 1.19163 9.8345 0.116828 -0.062461 0.00580322
1308.55 -1.11084 0.804398 -9.11651 1.96451 1.09113 9.70648 0.116981 -0.0653626 -0.0132863
1308.57 -1.37897 0.766094 -9.26973 2.01356 1.03729 9.85723 0.116981 -0.06353 -0.0697913
1308.58 -1.53219 0.727789 -9.26973 2.05424 1.07557 9.77707 0.115606 -0.0607811 -0.172417
1308.6 -1.45558 0.957617 -9.26973 2.00758 1.12463 9.71246 0.111788 -0.0586431 -0.298713
1308.62 -1.6088 1.03423 -9.03991 2.09013 1.31366 9.83091 0.106596 -0.0577268 -0.360869
1308.63 -1.76202 1.11084 -9.23143 2.36889 1.49312 9.69332 0.100029 -0.0597121 -0.474948
1308.65 -1.76202 1.22575 -9.30804 2.45264 1.57448 9.75673 0.095295 -0.0523817 -0.564439
1308.67 -1.91523 1.49388 -9.15482 2.56152 1.67737 9.84287 0.0949895 -0.0525344 -0.594066
1308.68 -1.83862 1.68541 -9.23143 2.52802 2.02074 9.64786 0.0922406 -0.0450513 -0.662483
1308.7 -1.99184 1.6088 -9.69109 2.47777 1.82333 9.80219 0.0817032 -0.0426078 -0.694706
1308.72 -1.68541 1.49388 -9.26973 2.40479 1.75872 9.85125 0.0823141 -0.0343612 -0.674395
1308.73 -1.87693 1.57049 -9.23143 2.31745 1.89392 9.6658 0.0853684 -0.0364992 -0.645532
1308.75 -2.03015 1.6088 -9.23143 2.47777 1.96929 9.78904 0.0853684 -0.0322231 -0.569632
1308.77 -1.83862 1.53219 -9.0016 2.48734 1.94417 9.84885 0.086132 -0.0242819 -0.487012
1308.78 -1.87693 1.37897 -9.03991 2.45743 1.84128 9.64307 0.0853684 -0.0210748 -0.373391
1308.8 -1.6088 0.766094 -9.30804 2.23849 1.21675 9.74836 0.0897971 -0.0172569 -0.299477
1308.82 -1.37897 0.306437 -9.34634 1.89751 0.732203 9.84885 0.100793 -0.013439 -0.150884
1308.83 -1.26405 0.344742 -9.26973 1.76949 0.535992 9.74716 0.118661 -0.0143553 -0.00992656
1308.85 -0.995922 0.0766094 -9.26973 1.55892 0.31346 9.74836 0.125686 -0.013439 0.0401644
1308.86 -0.727789 0.268133 -9.38465 1.44407 0.485743 9.89671 0.141263 -0.0138972 0.0939205
1308.88 -1.07253 0.306437 -9.19312 1.61994 0.604187 9.68973 0.152411 -0.019395 0.130114
1308.9 -1.03423 0.536266 -9.38465 1.60798 0.677169 9.72562 0.157145 -0.0197004 0.135765
1308.91 -1.11084 0.881008 -9.23143 1.63908 1.05882 9.80698 0.166003 -0.022602 0.147677
1308.93 -1.26405 1.53219 -9.23143 1.74796 1.79103 9.81894 0.172264 -0.0248928 0.125838
1308.95 -0.804398 2.10676 -9.38465 1.51226 2.27079 9.9649 0.16249 -0.0221439 0.0539089
1308.96 -0.459656 1.99184 -9.07821 1.08036 2.41436 9.56171 0.157603 -0.0316123 0.0229074
1308.98 -0.612875 1.57049 -9.42295 1.14497 1.96451 9.74836 0.144928 -0.0351248 -0.0459676
1309.0 -1.30236 0.842703 -9.26973 1.71685 1.11984 9.89073 0.140194 -0.0409279 -0.0601702
1309.01 -0.881008 0.842703 -9.0016 1.58644 1.0349 9.74118 0.151953 -0.0313068 -0.0591012
1309.03 -0.766094 1.57049 -9.30804 0.418744 1.79581 9.9015 0.153938 -0.031765 -0.0502437
1309.05 0.229828 1.41727 -9.11651 -0.0598205 1.91067 9.67657 0.155312 -0.0528398 0.0429133
1309.06 -0.114914 1.22575 -9.26973 0.624527 1.6989 9.67896 0.158061 -0.0760527 0.0994183
1309.08 -0.383047 1.57049 -9.69109 0.869791 1.77906 10.0128 0.157298 -0.0768163 0.0676533
1309.1 -0.689484 2.18337 -9.26973 1.32682 2.37368 9.80339 0.151342 -0.0800233 -0.0639881
1309.11 -0.421352 2.03015 -8.81008 1.14736 2.26361 9.51865 0.13439 -0.0829249 -0.239612
1309.13 0.114914 1.80032 -9.53786 0.616152 2.17029 10.0092 0.116675 -0.0800233 -0.422871
1309.15 0.191523 1.18745 -9.19312 0.222532 1.65583 9.87637 0.112094 -0.0945314 -0.472962
1309.16 -0.842703 1.07253 -9.53786 1.3005 1.42134 9.51984 0.115148 -0.116523 -0.495411
1309.18 -0.881008 1.11084 -9.34634 1.70728 1.61396 9.82253 0.125838 -0.111177 -0.447764
1309.2 -1.22575 1.6088 -9.42295 1.67139 1.74317 9.90748 0.133321 -0.110414 -0.325438
1309.21 -1.03423 1.49388 -9.03991 1.57567 1.84606 9.71725 0.137139 -0.109956 -0.255189
1309.23 -1.07253 1.22575 -9.19312 1.6008 1.67019 9.58804 0.143706 -0.11133 -0.105527
1309.25 -0.881008 0.957617 -9.26973 1.55174 1.34237 9.84526 0.155007 -0.115148 0.0413861
1309.26 -0.957617 0.689484 -9.30804 1.5015 1.15334 9.84766 0.159436 -0.118661 0.199447
1309.28 -0.919312 0.459656 -9.03991 1.55055 0.800399 10.1049 0.170279 -0.120035 0.269239
1309.3 -1.14914 0.153219 -8.50364 1.17846 0.40678 8.97069 0.193644 -0.127518 0.402407
1309.31 -0.804398 0.153219 -9.15482 1.34955 0.409173 9.60598 0.221897 -0.151189 0.491594
1309.33 -0.65118 0.114914 -8.46534 1.38544 0.540778 9.14177 0.232281 -0.15516 0.521068
1309.35 -0.57457 0.114914 -8.42703 1.15932 0.239282 8.78285 0.252287 -0.173486 0.579253
1309.36 -0.842703 0.229828 -8.46534 1.39023 0.503689 9.04606 0.28222 -0.199753 0.66065
1309.38 -0.689484 0.344742 -8.61855 1.2682 0.579063 9.06281 0.302378 -0.218537 0.669661
1309.4 -1.34066 0.536266 -8.88668 1.73599 0.704686 9.24586 0.314443 -0.236558 0.653167
1309.41 -2.03015 1.11084 -9.26973 2.45264 1.30887 9.6 0.335365 -0.259618 0.591317
1309.43 -2.75794 1.49388 -9.46126 3.44566 1.88195 10.1492 0.349415 -0.282067 0.526108
1309.45 -2.83455 1.30236 -9.806 3.68614 1.74078 10.3585 0.350789 -0.279624 0.399659
1309.46 -2.06845 0.842703 -9.76769 2.85105 1.28495 10.4686 0.357967 -0.282372 0.285427
1309.48 -2.33659 0.497961 -9.76769 3.11904 0.798006 10.4375 0.363312 -0.297491 0.0293215
1309.5 -1.99184 0.766094 -9.69109 2.55434 0.981057 10.4064 0.378278 -0.300393 -0.224493
1309.51 -1.95354 0.842703 -9.69109 2.57827 0.95354 10.3262 0.381333 -0.306502 -0.336739
1309.53 -1.87693 0.919312 -9.69109 2.50289 1.09232 10.1444 0.40088 -0.321162 -0.518777
1309.55 -1.99184 0.804398 -9.42295 2.59501 1.08395 9.97567 0.417984 -0.330936 -0.615752
1309.56 -2.03015 1.03423 -9.19312 2.65962 1.29691 9.88953 0.439212 -0.327576 -0.644004
1309.58 -2.03015 1.14914 -9.15482 2.59262 1.48116 9.80219 0.454178 -0.334601 -0.633314
1309.6 -2.14506 1.07253 -9.30804 2.49093 1.50748 9.72682 0.479529 -0.343764 -0.542906
1309.61 -1.68541 1.37897 -9.07821 2.32343 1.71446 9.63829 0.499688 -0.347124 -0.422719
1309.63 -1.57049 1.37897 -9.0016 2.29113 1.68215 9.58445 0.510378 -0.350636 -0.363465
1309.64 -1.68541 1.6088 -9.0016 2.32223 1.85803 9.55812 0.532827 -0.360869 -0.229685
1309.66 -1.72371 1.76202 -8.69516 2.38804 2.04706 9.47438 0.543365 -0.361327 -0.173333
1309.68 -1.53219 1.91523 -8.73347 2.42513 2.12602 9.332 0.553138 -0.371253 -0.19624
1309.69 -2.06845 1.99184 -8.77177 2.49571 2.29472 9.17886 0.556651 -0.372475 -0.210596
1309.71 -2.14506 2.25998 -8.69516 2.7003 2.6333 9.21476 0.566119 -0.384081 -0.216246
1309.73 -2.4515 2.4515 -8.58025 2.88096 2.8319 9.11067 0.572839 -0.387441 -0.207694
1309.74 -2.41319 2.68133 -8.65686 3.01974 2.91565 9.01137 0.573908 -0.388357 -0.212734
1309.76 -2.37489 2.87285 -8.27381 3.10588 2.98744 8.91565 0.576962 -0.39187 -0.250302
1309.78 -2.29828 2.75794 -8.38873 2.97787 3.00299 8.87258 0.578336 -0.395841 -0.311999
1309.79 -2.22167 2.64302 -8.35042 2.91805 2.96351 8.83908 0.580016 -0.398589 -0.362243
1309.81 -2.25998 2.83455 -8.1589 2.88813 2.98863 8.75773 0.579406 -0.399353 -0.368352
1309.83 -2.14506 2.79624 -7.92907 2.80199 3.14297 8.59382 0.582613 -0.400269 -0.358731
1309.84 -2.10676 2.75794 -7.92907 2.64885 3.08913 8.40718 0.583834 -0.404393 -0.343764
1309.86 -2.06845 2.87285 -8.04398 2.57946 3.1322 8.33539 0.587805 -0.410196 -0.328035
1309.88 -1.95354 3.10268 -7.77585 2.53998 3.35593 8.27557 0.587041 -0.412945 -0.280387
1309.89 -2.18337 3.37081 -7.92907 2.64526 3.67537 8.10688 0.594983 -0.425315 -0.209527
1309.91 -2.25998 3.48573 -7.58433 2.79242 3.79023 8.04945 0.590554 -0.431118 -0.151953
1309.92 -2.33659 3.56234 -7.62263 3.02213 3.7986 7.92742 0.586889 -0.427606 -0.13439
1309.94 -2.37489 3.52403 -7.3928 2.98265 3.80818 7.85444 0.580016 -0.429438 -0.122173
1309.96 -2.41319 3.90708 -7.43111 3.1669 4.08096 7.84965 0.579558 -0.432951 -0.144622
1309.97 -2.71963 4.0986 -7.3545 3.2662 4.28674 7.84487 0.572839 -0.430965 -0.165086
1309.99 -2.64302 4.48165 -7.43111 3.37029 4.62891 7.81137 0.56673 -0.438296 -0.18326
1310.01 -2.79624 4.48165 -7.31619 3.36191 4.77488 7.75513 0.554818 -0.438143 -0.151495
1310.02 -2.68133 4.63487 -7.08637 3.40618 4.84188 7.69292 0.549473 -0.445015 -0.10064
1310.04 -2.64302 4.71148 -7.12467 3.37268 4.94596 7.62114 0.546113 -0.44639 -0.091477
1310.06 -2.56641 4.82639 -7.16298 3.41456 5.09671 7.49073 0.536798 -0.457843 -0.100945
1310.07 -2.98777 4.9413 -6.93315 3.59641 5.18285 7.37827 0.526108 -0.462272 -0.109498
1310.09 -3.10268 4.97961 -7.16298 3.71127 5.21994 7.31964 0.521679 -0.465937 -0.109956
1310.11 -3.10268 5.09452 -6.81823 3.83689 5.35394 7.29093 0.505644 -0.463799 -0.123853
1310.12 -3.2559 5.05622 -6.70332 3.81655 5.34676 7.25025 0.493121 -0.468686 -0.149967
1310.14 -3.17929 5.05622 -6.66501 3.82612 5.33838 7.24427 0.479376 -0.473268 -0.181121
1310.15 -3.37081 5.20944 -6.66501 3.93499 5.39103 7.18564 0.475711 -0.478002 -0.1996
1310.17 -3.2559 5.20944 -6.66501 4.04028 5.5669 7.10788 0.465021 -0.482889 -0.226936
1310.19 -3.2942 5.32435 -6.28197 4.0989 5.6997 6.98106 0.450666 -0.483194 -0.251065
1310.2 -3.48573 5.43926 -6.24366 4.14437 5.71047 6.90808 0.446695 -0.488997 -0.256105
1310.22 -3.52403 5.36266 -6.12875 4.17188 5.61954 6.80638 0.433867 -0.482736 -0.232434
1310.24 -3.44742 5.40096 -6.24366 4.0989 5.62792 6.77169 0.429285 -0.491441 -0.214566
1310.25 -3.2559 5.20944 -6.20536 4.06181 5.57767 6.77647 0.420886 -0.493274 -0.208305
1310.27 -3.44742 5.09452 -6.43519 4.05942 5.56092 6.84467 0.414014 -0.490525 -0.205556
1310.29 -3.44742 4.97961 -6.35858 4.11326 5.36112 6.8339 0.410501 -0.499229 -0.204793
1310.3 -3.52403 4.9413 -6.47349 4.12523 5.28455 6.88894 0.406225 -0.499535 -0.193339
1310.32 -3.44742 5.05622 -6.39688 4.11326 5.33121 6.90209 0.405156 -0.5032 -0.175013
1310.34 -3.44742 4.903 -6.09044 4.05942 5.30489 6.85184 0.405004 -0.507782 -0.16249
1310.35 -3.40912 4.86469 -6.05214 3.91346 5.16251 6.72981 0.403934 -0.509461 -0.15348
1310.37 -3.17929 4.74978 -6.16705 3.86321 5.12064 6.60299 0.408211 -0.518166 -0.158061
1310.39 -2.98777 5.13283 -5.59248 3.76869 5.22712 6.57308 0.407142 -0.515723 -0.165239
1310.4 -3.2559 5.28605 -6.05214 3.91705 5.51665 6.48574 0.409585 -0.528857 -0.211512
1310.42 -3.37081 5.24774 -5.86062 4.11087 5.72602 6.38285 0.407142 -0.531758 -0.273362
1310.44 -3.67725 5.43926 -5.7457 4.22812 5.71047 6.30269 0.407447 -0.535882 -0.299477
1310.45 -3.33251 5.28605 -5.63079 4.18146 5.61476 6.13519 0.406378 -0.531911 -0.338725
1310.47 -3.17929 5.09452 -5.43926 3.92064 5.31565 5.97607 0.41157 -0.541685 -0.359036
1310.49 -2.91116 4.78809 -5.24774 3.75195 5.19601 5.88156 0.422108 -0.549626 -0.329256
1310.5 -2.4515 4.44334 -5.17113 3.25902 4.88973 5.71406 0.426078 -0.546571 -0.290619
1310.52 -2.22167 4.29012 -5.01791 2.77448 4.54875 5.43769 0.449291 -0.572075 -0.168293
1310.53 -2.06845 4.36673 -4.59656 2.43709 4.64207 5.12542 0.476933 -0.596663 -0.0135917
1310.55 -2.06845 4.55826 -4.59656 2.4335 4.80837 5.0333 0.48747 -0.603687 0.0653626
1310.57 -2.10676 4.903 -4.48165 2.59741 5.17687 4.88614 0.512821 -0.638507 0.205556
1310.58 -2.41319 5.43926 -4.02199 2.9671 5.55254 4.75573 0.530689 -0.664316 0.296575
1310.6 -3.33251 6.32027 -4.17521 3.49232 6.05145 4.74736 0.548709 -0.691957 0.294895
1310.62 -3.60064 7.43111 -4.29012 4.88016 7.22991 4.77368 0.553138 -0.705549 0.249691
1310.63 -6.09044 8.27381 -4.44334 6.92602 8.41795 4.81436 0.555276 -0.735176 0.0439823
1310.65 -6.47349 8.1589 -4.25182 7.41296 8.3342 4.65165 0.523053 -0.706771 -0.254273
1310.67 -5.93723 7.04806 -3.71555 7.03609 7.71087 4.49372 0.509767 -0.684474 -0.386983
1310.68 -5.7457 6.20536 -3.67725 6.49531 6.51446 4.16351 0.512974 -0.682489 -0.622777
1310.7 -5.09452 5.82231 -3.52403 5.99043 6.08495 4.05224 0.526108 -0.667981 -0.824363
1310.72 -5.40096 6.24366 -3.14098 6.03948 6.15673 3.99123 0.544586 -0.660956 -0.986853
1310.73 -5.28605 6.62671 -3.2942 6.16869 6.60897 3.87517 0.553291 -0.649044 -1.06367
1310.75 -5.47757 6.74162 -3.37081 6.32542 6.86142 3.80937 0.572533 -0.630413 -1.19867
1310.77 -5.47757 6.5501 -3.17929 6.30867 6.82672 3.68614 0.587652 -0.598037 -1.27594
1310.78 -5.51587 6.5501 -3.2559 6.35534 6.7992 3.67298 0.596815 -0.582918 -1.2199
1310.8 -5.59248 6.35858 -3.14098 6.37567 6.66401 3.69811 0.622472 -0.551917 -1.13926
1310.82 -5.55418 6.28197 -2.87285 6.28116 6.61256 3.61675 0.647364 -0.51725 -0.906982
1310.83 -5.47757 6.20536 -2.79624 6.20937 6.55633 3.59641 0.673326 -0.496939 -0.646753
1310.85 -5.36266 6.5501 -3.02607 5.96052 6.76092 3.57607 0.683558 -0.481667 -0.527329
1310.86 -5.17113 6.97145 -3.14098 5.85284 7.06361 3.51266 0.703564 -0.466548 -0.31597
1310.88 -5.20944 7.12467 -3.02607 5.85763 7.43809 3.4349 0.72021 -0.452346 -0.145386
1310.9 -5.09452 7.20128 -3.2559 5.79541 7.48714 3.43609 0.723112 -0.434936 -0.0181732
1310.91 -5.09452 7.31619 -2.75794 5.88156 7.602 3.35354 0.728151 -0.430507 0.0221439
1310.93 -5.24774 7.50772 -2.71963 6.02512 7.78146 3.29611 0.729373 -0.412945 0.0508545
1310.95 -5.55418 7.77585 -3.17929 6.15195 7.91904 3.29252 0.725097 -0.395688 0.0577268
1310.96 -5.59248 7.92907 -2.71963 6.32423 8.16311 3.24706 0.72525 -0.394771 0.0616974
1310.98 -5.7457 8.35042 -2.87285 6.56949 8.47896 3.11904 0.711658 -0.371406 0.0261145
1311.0 -6.16705 8.81008 -2.41319 6.9667 9.03529 2.92283 0.698219 -0.352927 -0.0659734
1311.01 -6.01384 8.92499 -2.29828 7.05165 9.11306 2.8666 0.686002 -0.339794 -0.107665
1311.03 -6.12875 8.88668 -2.10676 7.00977 9.15613 2.76132 0.667675 -0.312457 -0.167988
1311.05 -6.01384 8.69516 -2.14506 6.85304 9.02094 2.58305 0.649197 -0.284816 -0.217621
1311.06 -5.93723 8.65686 -1.87693 6.79801 9.00658 2.48734 0.636063 -0.267712 -0.265726
1311.08 -5.97553 8.88668 -1.6088 6.58505 9.04965 2.21575 0.629802 -0.258396 -0.293521
1311.1 -5.55418 9.19312 -1.6471 6.38644 9.37149 2.199 0.611171 -0.229685 -0.294132
1311.11 -5.51587 8.96329 -1.6088 5.76431 9.22911 2.1332 0.600175 -0.218537 -0.292146
1311.13 -4.59656 9.03991 -1.6471 5.57049 9.2662 2.19541 0.589637 -0.207389 -0.322384
1311.15 -4.40504 9.07821 -1.76202 5.24506 9.32004 2.18465 0.57009 -0.196088 -0.368046
1311.16 -4.32843 9.15482 -1.41727 5.14337 9.36192 1.85803 0.551306 -0.18723 -0.391259
1311.18 -4.25182 9.11651 -1.07253 5.1338 9.4026 1.5326 0.531147 -0.180816 -0.446237
1311.19 -4.48165 9.30804 -0.766094 5.15055 9.47797 1.44168 0.518166 -0.171042 -0.468839
1311.21 -4.32843 9.49956 -0.881008 5.25344 9.75673 1.40219 0.502131 -0.160505 -0.502437
1311.23 -4.55826 9.61448 -1.07253 5.31565 10.0307 1.40698 0.482583 -0.144775 -0.488692
1311.24 -4.59656 9.88261 -0.766094 5.34437 10.1719 1.33041 0.468075 -0.130572 -0.472657
1311.26 -4.51995 9.95922 -0.842703 5.3647 10.2784 1.25862 0.447153 -0.118508 -0.460134
1311.28 -4.36673 9.95922 -1.07253 5.34796 10.258 1.32562 0.425162 -0.0997237 -0.487623
1311.29 -4.36673 9.76769 -0.995922 5.2666 10.118 1.34357 0.397368 -0.0792598 -0.558636
1311.31 -3.94538 9.65278 -0.957617 5.11705 9.93859 1.37468 0.38515 -0.0679587 -0.598037
1311.33 -4.13691 9.34634 -0.804398 4.84786 9.71725 1.36152 0.364839 -0.0496328 -0.676686
1311.34 -3.75386 9.11651 -0.421352 4.45783 9.23988 0.893719 0.344986 -0.0361938 -0.755946
1311.36 -3.21759 8.65686 -0.383047 4.19821 9.04367 0.844666 0.339336 -0.0265726 -0.801455
1311.38 -3.02607 8.61855 -0.421352 3.77707 8.7996 0.888933 0.332005 -0.0180205 -0.906829
1311.39 -2.68133 8.54194 -0.65118 3.39781 8.79242 1.0349 0.331394 -0.00580322 -0.962418
1311.41 -2.25998 8.35042 -0.804398 3.22792 8.71705 1.20837 0.332769 0.00305432 -0.957989
1311.42 -2.18337 8.04398 -0.919312 2.9013 8.42871 1.4668 0.333532 0.00595593 -0.943023
1311.44 -1.76202 8.1972 -1.03423 2.5986 8.4658 1.54217 0.341779 0.00901026 -0.922101
1311.46 -1.95354 8.23551 -1.03423 2.53639 8.56032 1.49551 0.335365 0.0187841 -0.920268
1311.47 -1.68541 8.84838 -0.842703 2.467 8.96351 1.38305 0.338419 0.0241292 -0.901484
1311.49 -1.57049 9.34634 -0.881008 2.28993 9.48036 1.32443 0.333227 0.0262672 -0.857196
1311.51 -1.57049 9.23143 -0.881008 2.15115 9.68375 1.18205 0.321926 0.0445931 -0.782976
1311.52 -1.49388 9.61448 -0.57457 2.18824 9.78425 1.07677 0.314748 0.0513127 -0.700052
1311.54 -1.72371 9.806 -0.65118 2.23011 10.1061 0.928415 0.306654 0.0615447 -0.65668
1311.56 -1.6088 9.8443 -0.459656 2.22413 10.2784 0.832702 0.297339 0.0658207 -0.571464
1311.57 -1.57049 9.76769 -0.536266 2.33181 10.1372 0.717846 0.280082 0.079107 -0.472351
1311.59 -2.03015 9.57617 -0.306437 2.65364 9.97208 0.6999 0.273668 0.0771217 -0.431118
1311.61 -1.91523 9.88261 -0.344742 2.31386 10.2209 0.762114 0.253662 0.100029 -0.436921
1311.62 -1.34066 10.1507 -0.306437 1.99202 10.593 0.744168 0.235336 0.102014 -0.443641
1311.64 -1.34066 10.3423 -0.383047 2.03031 10.8586 0.723829 0.207694 0.11301 -0.408669
1311.66 -1.30236 10.6104 -0.306437 1.93699 10.9017 0.731007 0.197309 0.114843 -0.375835
1311.67 -1.26405 10.687 -0.383047 1.81137 11.1637 0.745364 0.173028 0.120035 -0.291077
1311.69 -1.11084 10.6104 -0.344742 1.82453 11.2068 0.726221 0.14844 0.129809 -0.189674
1311.71 -1.07253 10.2657 -0.459656 1.75633 11.0273 0.691525 0.148746 0.151953 -0.107818
1311.72 -1.53219 9.11651 -0.306437 2.03509 9.70887 0.794417 0.154396 0.16081 -0.0435241
1311.74 -1.49388 9.23143 -0.497961 2.09372 9.50309 0.988235 0.184787 0.191506 0.0821613
1311.76 -1.91523 8.81008 -0.804398 2.71825 9.01017 1.27777 0.198226 0.214261 0.134848
1311.77 -2.18337 8.46534 -1.07253 2.79721 8.88215 1.42732 0.205098 0.223118 0.149204
1311.79 -2.41319 8.38873 -1.18745 3.08076 8.62493 1.66062 0.21533 0.247248 0.180663
1311.81 -2.4898 8.50364 -1.41727 3.11187 8.80558 1.81256 0.226173 0.272599 0.277333
1311.82 -2.37489 8.54194 -1.6088 3.1334 8.85583 1.89153 0.238085 0.295201 0.469144
1311.84 -2.64302 8.69516 -1.57049 3.15254 8.97906 2.02193 0.247706 0.29856 0.587194
1311.86 -2.56641 8.88668 -1.68541 3.28654 9.18126 2.02313 0.261298 0.316123 0.813978
1311.87 -2.68133 9.0016 -1.45558 3.33081 9.31765 2.07817 0.267712 0.333532 0.95356
1311.89 -2.56641 8.77177 -1.57049 3.40499 9.23749 2.05304 0.268933 0.341474 0.982424
1311.9 -2.79624 8.50364 -0.804398 3.64546 8.73858 1.21316 0.274889 0.353691 1.03404
1311.93 -2.68133 8.35042 -0.383047 3.65384 8.75773 0.954736 0.287565 0.352775 1.0655
1311.94 -2.56641 8.00568 -0.536266 3.23031 8.10568 0.668794 0.290619 0.354302 1.03939
1311.96 -2.41319 7.85246 -0.306437 3.07837 7.98844 0.79322 0.310472 0.344681 0.874759
1311.98 -2.22167 8.1589 -0.114914 3.06401 8.10807 0.781256 0.319177 0.329714 0.618806
1311.99 -2.64302 8.54194 -0.344742 3.26142 8.82473 0.476171 0.321926 0.324064 0.51893
1312.01 -2.87285 9.19312 -0.114914 3.45882 9.42293 0.489332 0.329409 0.312916 0.480293
1312.02 -2.98777 9.38465 -0.114914 3.84885 9.72562 0.342173 0.33735 0.302225 0.613614
1312.04 -3.17929 9.34634 0.191523 3.84646 9.734 0.244068 0.346055 0.297644 0.708298
1312.06 -3.10268 9.42295 -0.344742 3.81775 9.68255 0.256032 0.355829 0.287717 0.877966
1312.07 -3.2942 9.46126 -0.0383047 3.97448 9.71964 0.370887 0.366366 0.268933 0.997543
1312.09 -3.52403 9.49956 -0.0766094 4.15394 9.72562 0.431904 0.367283 0.250607 1.03511
1312.11 -3.86877 9.92091 -0.229828 4.55832 10.0343 0.658026 0.367283 0.237168 1.01633
1312.12 -3.94538 9.99752 -0.0383047 4.84786 10.3597 0.750149 0.352469 0.228769 0.922101
1312.14 -3.94538 9.65278 -0.229828 4.57029 9.93739 0.521635 0.336129 0.21365 0.84391
1312.16 -3.52403 8.96329 0.153219 4.38604 9.5653 0.448654 0.328035 0.204487 0.815047
1312.17 -3.06437 8.35042 0.0766094 3.94935 8.6333 0.329013 0.317803 0.177914 0.741132
1312.19 -3.02607 7.81416 0.0383047 3.68136 7.9669 0.32662 0.310319 0.15516 0.634536
1312.21 -2.94946 7.16298 0.0766094 3.67418 7.62712 0.31346 0.308029 0.135307 0.494495
1312.22 -2.94946 7.08637 -0.191523 3.90509 7.27418 0.434297 0.30925 0.127671 0.419817
1312.24 -3.75386 7.12467 -0.344742 4.40758 7.30289 0.728614 0.316428 0.109039 0.323453
1312.26 -3.79216 6.97145 -0.536266 4.867 7.25264 0.954736 0.324217 0.102014 0.299935
1312.27 -4.44334 6.97145 -0.497961 5.05244 7.17966 1.08873 0.334143 0.0959058 0.296422
1312.29 -4.51995 7.04806 -0.57457 5.66381 7.18684 1.22034 0.342543 0.0988074 0.310625
1312.3 -5.40096 7.04806 -0.804398 6.25723 7.2993 1.42134 0.352011 0.0989602 0.327424
1312.32 -5.93723 7.16298 -1.11084 6.66281 7.3998 1.50508 0.35476 0.0936151 0.33903
1312.34 -6.5501 7.50772 -1.18745 7.3328 7.65703 1.5661 0.348346 0.106901 0.361021
1312.35 -6.47349 7.66094 -0.995922 7.62233 7.78265 1.36152 0.338114 0.117439 0.357203
1312.37 -7.08637 8.04398 -0.57457 8.03031 8.11884 1.14736 0.32666 0.129656 0.343153
1312.38 -6.93315 8.35042 -0.689484 7.97767 8.38564 0.82672 0.305738 0.144317 0.231212
1312.4 -6.62671 8.04398 -0.0766094 7.77787 8.3677 0.715454 0.290772 0.149967 0.0403171
1312.41 -6.43519 8.38873 0.191523 7.31964 8.59861 0.214158 0.262672 0.169362 -0.0583376
1312.43 -6.39688 8.50364 0.383047 7.30887 8.75414 0.00239282 0.235183 0.180053 -0.21365
1312.44 -5.82231 8.42703 0.306437 6.96191 8.62971 -0.0167498 0.222966 0.189979 -0.276722
1312.46 -5.63079 7.81416 0.344742 6.33021 8.09133 -0.0658026 0.211054 0.198226 -0.333685
1312.48 -5.51587 7.16298 0.612875 5.99282 7.72642 -0.0957129 0.2277 0.198684 -0.300087
1313.12 -2.68133 6.93315 -0.229828 3.31645 7.29811 0.725025 0.356287 0.22098 0.396604
1313.13 -3.17929 7.16298 -0.804398 3.74357 7.46441 0.879362 0.371559 0.178831 0.540921
1313.15 -3.33251 7.16298 -0.421352 3.92901 7.30887 0.955932 0.373697 0.141721 0.620028
1313.17 -3.63894 7.08637 -0.383047 4.21496 7.32443 0.994217 0.374308 0.123089 0.62125
1313.18 -3.86877 7.31619 -0.497961 4.58704 7.45484 1.03131 0.368199 0.091477 0.546266
1313.2 -4.02199 7.23959 -0.306437 4.78804 7.45484 0.929611 0.362548 0.0629191 0.415846
1313.22 -4.21351 7.04806 -0.344742 4.87657 7.35553 0.847059 0.355982 0.0348193 0.31093
1313.23 -4.40504 6.74162 -0.344742 4.9675 7.08036 0.660419 0.353844 0.0221439 0.28283
1313.25 -4.13691 6.66501 -0.114914 4.91246 6.81117 0.538385 0.354149 -0.00305432 0.239154
1313.27 -4.0986 6.47349 0.0 4.91725 6.72622 0.480957 0.356745 -0.0288634 0.189215
1313.28 -3.98369 6.70332 -0.0383047 4.95434 6.77647 0.468993 0.354913 -0.0384845 0.155007
1313.3 -4.40504 6.77993 -0.114914 5.15892 6.99183 0.485743 0.351095 -0.0609338 0.0760527
1313.32 -4.44334 7.16298 -0.0383047 5.48794 7.26461 0.479761 0.340099 -0.0731511 -0.000152716
1313.33 -5.13283 7.3928 -0.153219 5.75593 7.50508 0.494118 0.324675 -0.0794125 -0.067806
1313.35 -6.05214 8.65686 -0.268133 6.42114 8.47179 0.552742 0.316886 -0.0817032 -0.0916298
1313.36 -6.70332 9.65278 -0.191523 7.47757 9.84646 0.574277 0.288176 -0.0849102 -0.136376
1313.38 -7.66094 10.3423 0.0383047 8.55553 10.7378 0.474975 0.244346 -0.0766636 -0.22602
1313.4 -7.81416 10.0741 -0.0383047 8.80199 10.6947 0.318245 0.218079 -0.0639881 -0.279318
1313.41 -7.62263 9.26973 0.612875 8.67039 9.77588 -0.0909272 0.17318 -0.0467312 -0.366519
1313.43 -6.77993 8.23551 0.766094 7.71565 8.42991 -0.488136 0.149051 -0.03711 -0.400269
1313.45 -6.05214 7.31619 0.766094 7.26221 7.92144 -0.884148 0.13943 -0.0407752 -0.420581
1313.46 -5.43926 7.12467 1.26405 6.43908 7.40698 -0.971486 0.134543 -0.0390954 -0.433103
1313.48 -4.86469 7.27789 1.34066 5.9007 7.33878 -1.01575 0.135765 -0.0471893 -0.418443
1313.5 -4.903 7.46941 1.18745 5.64347 7.72283 -0.882951 0.136834 -0.0592539 -0.393245
1313.51 -4.97961 7.92907 0.842703 5.72483 8.01476 -0.796809 0.13607 -0.0675006 -0.375529
1313.53 -5.17113 8.23551 0.727789 5.93779 8.51246 -0.602991 0.126602 -0.0719294 -0.369726
1313.55 -5.40096 8.58025 0.57457 6.31585 8.77448 -0.434297 0.109498 -0.0616974 -0.37278
1313.56 -5.82231 8.61855 0.727789 6.77647 8.87258 -0.32662 0.0867428 -0.055436 -0.392481
