216.156 0.229828 -0.0383047 -9.65278 -0.0741775 0.184247 10.1073 0.0937678 -0.0531453 -0.0676533
216.173 0.306437 -0.114914 -9.46126 -0.0550349 0.163908 10.1731 0.0911716 -0.0539089 -0.0569632
216.19 0.229828 -0.0383047 -9.34634 -0.0550349 0.137587 10.118 0.0847575 -0.0571159 -0.0169515
216.206 0.229828 -0.191523 -9.38465 -0.0514457 0.12323 10.0582 0.0801761 -0.0583376 0.0256563
216.223 0.383047 -0.191523 -9.42295 -0.0358923 0.111266 10.0463 0.0792598 -0.0612392 0.0458149
216.239 0.383047 -0.114914 -9.42295 -0.0299103 0.0897308 10.0618 0.071624 -0.0569632 0.0833831
216.256 0.383047 -0.153219 -9.53786 0.0311067 0.101695 10.1001 0.0702495 -0.0639881 0.0901026
216.273 0.268133 0.0 -9.88261 0.0502493 0.113659 10.0941 0.0615447 -0.0597121 0.0507018
216.289 0.229828 -0.114914 -9.49956 0.112463 0.0681954 10.1372 0.0604756 -0.0609338 0.0305433
216.305 0.229828 -0.229828 -9.57617 0.104088 0.0454636 10.1085 0.0548251 -0.0503964 0.00992656
216.321 0.191523 -0.191523 -9.49956 0.120837 0.0299103 10.1001 0.0520762 -0.0461203 0.0120646
216.337 0.0766094 -0.191523 -9.38465 0.106481 -0.0131605 10.0726 0.0537561 -0.0482583 0.0195477
216.354 0.114914 -0.153219 -9.42295 0.101695 -0.0346959 10.0367 0.0513127 -0.0403171 0.0603229
216.37 0.114914 -0.306437 -9.34634 0.0837488 -0.0454636 9.98285 0.0537561 -0.0413861 0.117744
216.386 0.114914 -0.229828 -9.53786 0.0897308 -0.0382852 10.0271 0.0540616 -0.0374155 0.18326
216.403 0.268133 -0.191523 -9.30804 0.061017 -0.0143569 10.1049 0.053298 -0.0372628 0.210748
216.419 0.191523 -0.229828 -9.53786 0.026321 -0.00119641 10.1551 0.0519235 -0.0375682 0.259618
216.436 0.229828 -0.191523 -9.34634 0.00837488 -0.00358923 10.118 0.0516181 -0.0392481 0.330936
216.452 0.306437 -0.229828 -9.07821 0.00119641 0.0370887 10.0786 0.0519235 -0.0474948 0.368963
216.469 0.306437 -0.229828 -9.49956 -0.111266 -0.0717846 10.0618 0.0433714 -0.0418443 0.409738
216.486 0.153219 -0.306437 -9.49956 -0.0107677 -0.0861416 10.1348 0.0490219 -0.0499382 0.5116
216.502 0.268133 -0.383047 -9.30804 -0.106481 -0.271585 9.99841 0.0560469 -0.054367 0.657444
216.519 0.229828 -0.459656 -9.34634 -0.066999 -0.15673 9.8333 0.0652099 -0.0568105 0.774882
216.535 0.383047 -0.306437 -8.92499 -0.153141 -0.244068 9.56411 0.0751364 -0.0612392 0.917977
216.552 0.229828 -0.344742 -9.42295 -0.101695 -0.291924 10.0905 0.0772744 -0.0754418 0.906219
216.569 0.421352 -0.344742 -10.8785 -0.15673 -0.301496 11.4592 0.0774271 -0.0846048 0.853837
216.585 0.344742 -0.306437 -9.57617 -0.0622134 -0.232104 10.6911 0.0754418 -0.0856738 0.699899
216.602 0.268133 -0.421352 -9.49956 -0.124427 -0.307478 10.0726 0.0755945 -0.0759 0.510225
216.618 0.191523 -0.459656 -9.0016 0.0215354 -0.272782 9.71725 0.0853684 -0.0685696 0.422719
216.635 0.306437 -0.536266 -8.69516 0.0765703 -0.415155 9.35833 0.0936151 -0.0700968 0.375682
216.652 0.229828 -0.536266 -9.15482 -0.0969093 -0.484546 9.76989 0.109956 -0.0759 0.321162
216.668 0.306437 -0.612875 -9.57617 -0.16989 -0.508475 10.3502 0.12538 -0.090408 0.441961
216.684 0.268133 -0.459656 -9.49956 -0.0993021 -0.471386 10.4387 0.133169 -0.0997237 0.521679
216.7 0.268133 -0.459656 -9.72939 -0.0311067 -0.417547 10.404 0.145691 -0.113163 0.637896
216.717 0.344742 -0.383047 -9.34634 -0.0107677 -0.301496 9.91705 0.149662 -0.12034 0.657291
216.734 0.229828 -0.229828 -9.15482 -0.0191426 -0.224925 9.77468 0.151036 -0.126755 0.554513
216.75 0.191523 -0.191523 -9.30804 0.00957129 -0.0993021 9.85723 0.145233 -0.125991 0.467312
216.767 0.229828 -0.268133 -9.76769 0.100499 -0.0837488 10.1886 0.140346 -0.129503 0.289855
216.783 0.344742 -0.268133 -9.72939 0.204586 -0.150748 10.3358 0.137139 -0.130114 0.215635
216.8 0.0383047 -0.268133 -9.53786 0.246461 -0.0705882 10.069 0.143553 -0.128893 0.270308
216.817 -0.0766094 -0.268133 -9.49956 0.387637 -0.00598205 10.118 0.145233 -0.126144 0.293673
216.833 -0.0383047 -0.229828 -9.46126 0.479761 -0.0741775 9.89073 0.142026 -0.117592 0.30696
216.85 -0.0383047 -0.344742 -9.42295 0.428315 -0.102891 10.075 0.134543 -0.103694 0.34804
216.866 -0.0383047 -0.268133 -9.65278 0.40678 -0.0777667 10.1683 0.130572 -0.0933096 0.377209
216.883 -0.0766094 -0.191523 -9.49956 0.429512 -0.0418744 10.1898 0.12706 -0.0894917 0.419053
216.9 0.0 -0.229828 -9.23143 0.470189 -0.0693918 10.0977 0.123089 -0.0868956 0.401491
216.916 0.0766094 -0.229828 -9.26973 0.471386 -0.100499 9.92303 0.114079 -0.0763581 0.297491
216.933 0.0 -0.268133 -9.07821 0.435494 -0.106481 9.801 0.107665 -0.0641408 0.2277
216.949 -0.0766094 -0.306437 -9.38465 0.424726 -0.104088 9.97687 0.0977384 -0.0561996 0.0618501
216.966 -0.114914 -0.268133 -9.49956 0.375673 -0.0957129 10.1408 0.0917825 -0.0502437 -0.0516181
216.983 0.0383047 -0.268133 -9.30804 0.354138 -0.11007 10.2162 0.0868956 -0.0435241 -0.0951423
216.999 -0.0383047 -0.191523 -9.42295 0.267996 -0.119641 10.0355 0.0856738 -0.0439823 -0.139277
217.023 0.191523 -0.344742 -9.42295 0.141176 -0.159123 9.99841 0.081245 -0.0435241 -0.147218
217.039 0.191523 -0.306437 -9.26973 0.00717846 -0.0729811 9.95294 0.0783434 -0.0468839 -0.133627
217.056 0.229828 -0.268133 -9.53786 -0.0311067 -0.151944 10.069 0.078038 -0.0633773 -0.102014
217.072 -0.0383047 -0.191523 -9.34634 0.232104 -0.183051 10.1228 0.0783434 -0.0662789 -0.123242
217.089 0.153219 -0.268133 -9.49956 0.0299103 0.0191426 10.1456 0.083994 -0.071624 -0.155007
217.106 0.0766094 -0.153219 -9.72939 0.16989 -0.0514457 10.1779 0.0835358 -0.068875 -0.190284
217.122 -0.0766094 -0.114914 -9.26973 0.320638 -0.0227318 10.2508 0.0878119 -0.0784962 -0.232892
217.139 -0.153219 -0.229828 -9.46126 0.302692 -0.0753739 10.0917 0.0827722 -0.0789543 -0.242666
217.155 -0.0766094 -0.268133 -9.38465 0.299103 -0.104088 10.0223 0.0821613 -0.0798706 -0.294895
217.172 -0.153219 -0.306437 -9.46126 0.437886 -0.119641 10.1444 0.0789543 -0.0580322 -0.309556
217.189 -0.114914 -0.383047 -9.42295 0.521635 -0.211765 10.3035 0.0948368 -0.0653626 -0.268628
217.205 -0.191523 -0.306437 -9.53786 0.533599 -0.189033 10.0774 0.0966694 -0.054367 -0.20464
217.222 0.191523 -0.229828 -9.57617 0.317049 -0.234497 10.2269 0.0992656 -0.0511599 -0.175318
217.238 0.0766094 -0.268133 -9.46126 0.222532 -0.0490528 10.2329 0.106749 -0.0496328 -0.174555
217.255 0.0383047 -0.114914 -9.30804 0.364905 -0.0394815 9.75434 0.111177 -0.0502437 -0.108887
217.272 -0.114914 -0.153219 -9.30804 0.375673 -0.00478564 9.78066 0.119882 -0.0487165 -0.0708604
217.288 0.0 -0.306437 -9.42295 0.391226 -0.0849452 10.13 0.120188 -0.0400117 -0.065668
217.305 0.0 -0.306437 -9.72939 0.362513 -0.16989 10.4303 0.118355 -0.0415388 -0.103847
217.322 -0.0766094 -0.306437 -9.65278 0.440279 -0.148355 10.3478 0.109498 -0.0429133 -0.194713
217.338 -0.153219 -0.421352 -9.57617 0.458225 -0.12323 10.1647 0.105069 -0.0453567 -0.240681
217.355 -0.153219 -0.191523 -9.26973 0.480957 -0.0969093 10.0187 0.0842994 -0.0377209 -0.290924
217.371 0.0383047 -0.229828 -9.23143 0.399601 -0.0550349 9.81176 0.0757473 -0.0439823 -0.284969
217.388 0.0 -0.114914 -9.26973 0.349352 0.0239282 9.91227 0.0746782 -0.041997 -0.210138
217.405 -0.0766094 -0.268133 -9.57617 0.276371 0.0681954 10.0187 0.0792598 -0.0400117 -0.16417
217.421 0.0 -0.191523 -9.42295 0.327816 0.106481 10.1755 0.0907135 -0.0442877 -0.0907135
217.438 -0.0383047 -0.191523 -9.38465 0.357727 0.129212 10.2365 0.0919352 -0.0403171 -0.0343612
217.454 0.0383047 0.0 -9.61448 0.330209 0.148355 10.3202 0.0897971 -0.0398589 0.031765
217.471 0.0 -0.0766094 -9.49956 0.300299 0.125623 10.118 0.0856738 -0.0450513 0.0407752
217.488 0.114914 -0.0766094 -9.34634 0.269192 0.0442672 9.84766 0.0620028 -0.0471893 0.0166461
217.504 0.0 -0.114914 -9.34634 0.40678 0.0370887 9.97089 0.0392481 -0.0507018 -0.0508545
217.521 0.229828 -0.0766094 -9.57617 0.407976 0.00358923 10.0068 0.0332921 -0.0496328 -0.0335976
217.537 0.0383047 -0.153219 -9.49956 0.385244 -0.0658026 10.1563 0.0242819 -0.0523817 -0.0450513
217.554 -0.0383047 -0.268133 -9.65278 0.281157 -0.0155533 10.2221 0.025809 -0.0491747 -0.0925461
217.571 0.0766094 -0.191523 -9.49956 0.362513 -0.00358923 9.98883 0.0325286 -0.0442877 -0.0789543
217.587 0.0 -0.153219 -9.34634 0.443868 -0.193819 10.002 0.0369573 -0.0397062 -0.105222
217.604 -0.0383047 -0.536266 -9.26973 0.457029 -0.300299 9.95174 0.0435241 -0.0390954 -0.214719
217.621 -0.0766094 -0.459656 -9.53786 0.544367 -0.398405 10.0941 0.0485638 -0.0294742 -0.288023
217.638 -0.191523 -0.536266 -9.42295 0.574277 -0.401994 10.1611 0.0552833 -0.020464 -0.265879
217.655 -0.229828 -0.497961 -9.34634 0.626919 -0.388834 10.1288 0.0633773 -0.0262672 -0.227242
217.671 -0.306437 -0.344742 -9.76769 0.614955 -0.306281 10.0211 0.071013 -0.0174097 -0.124616
217.688 -0.191523 -0.306437 -9.46126 0.617348 -0.25005 10.0355 0.0781907 -0.0065668 0.0183259
217.704 -0.344742 -0.306437 -9.49956 0.629312 -0.222532 10.0391 0.0783434 0.00626137 0.0905607
217.721 -0.0766094 -0.344742 -9.49956 0.594616 -0.264407 10.1659 0.0775799 0.0114537 0.0888809
217.738 -0.153219 -0.344742 -9.53786 0.547956 -0.307478 10.2138 0.0801761 0.0210748 0.0369573
217.754 -0.153219 -0.383047 -9.0016 0.497707 -0.329013 10.1468 0.0833831 0.034972 -0.0143553
217.771 -0.0383047 -0.383047 -9.42295 0.465404 -0.319442 10.1168 0.0894917 0.0424551 -0.0450513
217.787 -0.114914 -0.459656 -9.57617 0.413958 -0.32662 10.0666 0.0965167 0.0536034 -0.0455095
217.804 -0.0383047 -0.497961 -9.38465 0.336191 -0.324227 10.0068 0.113163 0.0552833 -0.0285579
217.821 -0.114914 -0.57457 -9.23143 0.285942 -0.344566 9.88475 0.127518 0.0566577 0.00687223
217.837 0.0383047 -0.344742 -9.38465 0.287139 -0.337388 9.79023 0.13271 0.0630718 0.0160352
217.854 0.0766094 -0.459656 -9.38465 0.260818 -0.375673 9.92901 0.143706 0.0500909 0.0282525
217.87 0.114914 -0.57457 -9.34634 0.183051 -0.394816 10.1013 0.145539 0.044135 0.00733038
217.887 0.0766094 -0.421352 -9.46126 0.163908 -0.394816 10.1623 0.140346 0.0406225 -0.0561996
217.904 0.306437 -0.344742 -9.65278 0.157926 -0.345763 10.1671 0.133779 0.0445931 -0.0977384
217.92 0.114914 -0.421352 -9.38465 0.178265 -0.305085 10.0415 0.133169 0.0332921 -0.1715
217.937 0.0766094 -0.421352 -9.53786 0.159123 -0.281157 9.90628 0.133932 0.0305433 -0.216094
217.954 0.0766094 -0.383047 -9.34634 0.132802 -0.265603 9.93859 0.140499 0.0276416 -0.197462
217.97 0.153219 -0.268133 -9.07821 0.116052 -0.221336 10.1061 0.143248 0.0319177 -0.172111
217.987 0.229828 -0.306437 -9.42295 0.154337 -0.159123 10.1575 0.153785 0.0242819 -0.119882
218.003 0.114914 -0.191523 -9.8443 0.166301 -0.105284 10.1575 0.160963 0.0232129 -0.124464
218.02 0.383047 -0.229828 -9.53786 0.0358923 -0.0430708 10.1623 0.159283 0.0265726 -0.13439
218.036 0.459656 -0.268133 -9.57617 -0.061017 -0.0442672 10.1372 0.155465 0.0265726 -0.164323
218.053 0.306437 -0.153219 -9.38465 -0.125623 -0.0346959 10.0499 0.152105 0.0169515 -0.183412
218.07 0.383047 -0.191523 -9.30804 -0.114855 0.00598205 9.99601 0.147524 -0.00320704 -0.175318
218.086 0.268133 -0.0383047 -9.61448 -0.13998 0.0514457 9.91227 0.145691 -0.00809396 -0.152716
218.103 0.421352 -0.153219 -9.53786 -0.159123 0.131605 10.0989 0.143706 -0.0242819 -0.0867428
218.119 0.306437 0.0 -9.49956 -0.202193 0.12323 10.1827 0.138361 -0.0395535 -0.0636827
218.136 0.344742 -0.0766094 -9.69109 -0.210568 0.124427 10.2688 0.13439 -0.0450513 -0.0968221
218.153 0.536266 -0.191523 -9.30804 -0.172283 0.12323 10.0929 0.125991 -0.0609338 -0.121257
218.169 0.383047 -0.0383047 -9.53786 -0.129212 0.128016 10.0116 0.118661 -0.0754418 -0.13943
218.186 0.191523 -0.153219 -9.46126 -0.0993021 0.131605 9.94935 0.111177 -0.0905607 -0.109803
218.202 0.191523 -0.0766094 -9.46126 -0.111266 0.132802 9.99601 0.10568 -0.0907135 -0.0879646
218.219 0.153219 -0.0766094 -9.53786 -0.0239282 0.125623 10.1216 0.0965167 -0.109039 -0.0476475
218.236 0.229828 -0.229828 -9.38465 0.0717846 0.16989 10.1587 0.0905607 -0.124158 -0.0285579
218.252 0.191523 -0.0766094 -9.49956 0.111266 0.167498 10.1192 0.0765108 -0.1321 -0.021533
218.269 0.114914 -0.114914 -9.26973 0.189033 0.167498 10.0259 0.0708604 -0.133016 -0.02474
218.285 -0.0766094 0.0766094 -9.53786 0.26321 0.198604 10.057 0.0581849 -0.128282 -0.0496328
218.302 0.0766094 -0.0383047 -9.26973 0.314656 0.193819 10.1862 0.0494801 -0.127213 -0.0482583
218.319 0.0 0.0 -9.53786 0.327816 0.20339 10.191 0.0453567 -0.126755 -0.0369573
218.335 0.153219 -0.0383047 -9.15482 0.378066 0.187837 10.0654 0.0407752 -0.128893 -0.0166461
218.352 -0.0766094 -0.0383047 -9.30804 0.497707 0.168694 9.92303 0.0299324 -0.11469 0.00916297
218.367 -0.153219 -0.0766094 -9.42295 0.541974 0.13998 10.0439 0.0206167 -0.100945 0.0140499
218.383 -0.0383047 -0.0766094 -9.53786 0.553938 0.0574277 10.2185 0.0154243 -0.0988074 -0.00687223
218.399 0.0383047 -0.153219 -9.57617 0.526421 0.0107677 10.3214 0.00290161 -0.0890336 -0.0520762
218.414 -0.114914 -0.153219 -9.30804 0.463011 -0.0705882 10.2353 -0.00167988 -0.0856738 -0.0734565
218.429 -0.153219 -0.268133 -9.26973 0.454636 -0.0909272 9.95773 -0.0158825 -0.071013 -0.1518
218.445 -0.229828 -0.268133 -9.11651 0.484546 -0.137587 9.88714 -0.0155771 -0.0685696 -0.113315
218.46 -0.114914 -0.459656 -9.26973 0.528814 -0.12323 9.83928 -0.0163406 -0.0626137 -0.0594066
218.476 -0.0766094 -0.344742 -9.34634 0.527617 -0.193819 10.0439 -0.00977384 -0.0633773 0.0496328
218.491 -0.153219 -0.268133 -9.76769 0.525224 -0.227318 10.2126 -0.00916297 -0.0604756 0.104763
218.507 -0.0766094 -0.497961 -9.72939 0.507278 -0.30987 10.3705 -0.00870483 -0.0482583 0.108123
219.129 -0.153219 -0.191523 -9.46126 0.13998 -0.04666 10.0355 0.0879646 -0.0568105 -0.0846048
219.146 0.114914 -0.268133 -9.42295 0.184247 -0.0478564 10.0774 0.0862847 -0.0607811 -0.110108
219.162 0.0 -0.229828 -9.49956 0.252443 -0.0490528 10.057 0.0804815 -0.0641408 -0.0956004
219.178 0.0383047 -0.229828 -9.69109 0.311067 -0.0729811 10.1049 0.0772744 -0.0595593 -0.0583376
219.194 -0.0383047 -0.268133 -9.38465 0.345763 -0.117248 10.0427 0.0795652 -0.052229 -0.0297797
219.21 0.0 -0.306437 -9.30804 0.375673 -0.149551 10.136 0.0795652 -0.0470366 -0.0316123
219.227 -0.0383047 -0.306437 -9.57617 0.350548 -0.131605 10.2114 0.0833831 -0.0424551 -0.0244346
219.242 0.0383047 -0.268133 -9.38465 0.325424 -0.087338 10.1432 0.0879646 -0.0355829 -0.00397062
219.259 0.153219 -0.191523 -9.46126 0.246461 -0.0658026 10.0654 0.091477 -0.03711 -0.00106901
219.276 0.114914 -0.306437 -9.806 0.191426 -0.0646062 10.0068 0.0879646 -0.0355829 -0.000610865
219.292 0.153219 -0.306437 -9.53786 0.196211 -0.100499 10.1731 0.0836885 -0.0340557 -0.0377209
219.309 0.268133 -0.306437 -9.42295 0.132802 -0.143569 10.2939 0.0772744 -0.0374155 -0.156992
219.325 0.306437 -0.191523 -9.42295 0.066999 -0.155533 10.0463 0.074831 -0.0410807 -0.237932
219.342 0.344742 -0.268133 -9.49956 0.0717846 -0.17348 9.78305 0.066737 -0.0436769 -0.382096
219.359 0.0383047 -0.268133 -9.30804 0.130409 -0.128016 9.95773 0.0725402 -0.054367 -0.390801
219.375 0.0766094 -0.383047 -9.806 0.16989 -0.0622134 10.0379 0.0755945 -0.0589485 -0.333838
219.392 0.114914 -0.306437 -9.61448 0.26321 -0.0514457 10.2903 0.0801761 -0.0659734 -0.189368
219.408 -0.153219 -0.268133 -9.42295 0.311067 -0.0921237 10.3095 0.0801761 -0.0676533 -0.122784
219.425 0.0 -0.229828 -9.53786 0.440279 -0.128016 10.2185 0.0771217 -0.0572686 -0.134085
219.442 -0.0383047 -0.306437 -9.23143 0.370887 -0.160319 9.98764 0.0762054 -0.0481056 -0.150578
219.458 -0.114914 -0.306437 -9.30804 0.409173 -0.151944 9.88714 0.0777326 -0.0448986 -0.200669
219.475 -0.0766094 -0.268133 -9.34634 0.370887 -0.199801 9.99721 0.0826195 -0.0401644 -0.231671
219.491 0.0383047 -0.344742 -9.53786 0.394816 -0.205783 10.0762 0.0817032 -0.033903 -0.243124
219.508 0.114914 -0.306437 -9.49956 0.340977 -0.303888 10.1958 0.0878119 -0.0287107 -0.271682
219.524 0.0 -0.344742 -9.46126 0.366102 -0.269192 10.1396 0.0902553 -0.0227547 -0.330478
219.539 -0.0766094 -0.268133 -9.46126 0.338584 -0.272782 10.0798 0.097433 -0.0265726 -0.343612
219.555 -0.0766094 -0.306437 -9.34634 0.35653 -0.159123 9.96132 0.107054 -0.0190895 -0.313068
219.572 0.0 -0.306437 -9.34634 0.345763 -0.0921237 9.94098 0.114995 -0.0135917 -0.230449
219.588 -0.0383047 -0.306437 -9.72939 0.366102 -0.124427 10.008 0.118202 -0.0126754 -0.200822
219.605 0.0 -0.306437 -9.42295 0.387637 -0.195015 10.1695 0.115759 -0.00152716 -0.210138
219.621 0.0 -0.421352 -9.46126 0.430708 -0.252443 10.191 0.116675 -0.00381791 -0.298102
219.638 -0.191523 -0.268133 -9.49956 0.514457 -0.166301 10.0989 0.113621 0.0103847 -0.416915
219.655 0.0 -0.229828 -9.49956 0.547956 -0.155533 10.0223 0.115148 0.0157298 -0.450666
219.671 -0.153219 -0.306437 -9.42295 0.599402 -0.145962 10.0391 0.117744 0.0311541 -0.447917
219.688 0.0 -0.268133 -9.42295 0.370887 -0.132802 10.2341 0.126144 0.046273 -0.406073
219.704 0.114914 -0.306437 -9.72939 0.291924 -0.128016 10.2245 0.136223 0.0510072 -0.319177
219.721 0.0766094 -0.268133 -9.46126 0.129212 -0.107677 10.0403 0.137139 0.0540616 -0.277791
219.738 0.344742 -0.229828 -8.96329 -0.0227318 -0.118445 9.77946 0.144011 0.0499382 -0.198226
219.754 0.268133 -0.268133 -9.30804 -0.11007 -0.0334995 9.89312 0.151647 0.0436769 -0.129198
219.771 0.306437 -0.0766094 -9.69109 -0.0693918 -0.0179462 10.0056 0.15684 0.0241292 -0.0455095
219.787 0.268133 -0.0766094 -9.57617 -0.136391 0.0861416 10.2796 0.155007 0.0169515 -0.023671
219.804 0.268133 0.0 -9.61448 -0.155533 0.131605 10.2197 0.149204 -0.000458149 -0.0169515
219.821 0.421352 -0.0383047 -9.34634 -0.0981057 0.165105 10.0546 0.137445 -0.0180205 -0.0245873
219.837 0.114914 0.0 -9.15482 -0.0430708 0.184247 10.051 0.131794 -0.0235183 -0.0302378
219.854 0.191523 -0.191523 -9.42295 0.0191426 0.153141 10.0798 0.124769 -0.0429133 -0.0169515
219.87 0.268133 -0.114914 -9.49956 0.09332 0.135194 10.1049 0.12034 -0.0465785 0.0387899
219.887 0.114914 -0.114914 -9.53786 0.124427 0.128016 10.0881 0.116828 -0.0468839 0.11469
219.903 0.0383047 -0.114914 -9.57617 0.226122 0.137587 10.008 0.114995 -0.047342 0.136376
219.919 0.153219 -0.0383047 -9.38465 0.257228 0.11007 10.0654 0.11301 -0.0459676 0.123395
219.936 -0.153219 -0.229828 -9.26973 0.278764 0.124427 10.0666 0.10568 -0.0366519 0.0116064
219.952 0.153219 -0.153219 -9.61448 0.269192 0.100499 10.1934 0.102167 -0.0276416 -0.0316123
219.969 0.153219 0.0 -9.57617 0.223729 0.184247 10.3274 0.100335 -0.0343612 -0.0881173
219.986 0.0766094 -0.0383047 -9.46126 0.222532 0.147159 10.1384 0.0923933 -0.0250455 -0.112552
220.002 0.0766094 -0.0383047 -9.15482 0.270389 0.143569 9.89073 0.0864374 -0.0140499 -0.107665
220.019 0.114914 -0.0383047 -9.30804 0.232104 0.108873 9.87278 0.0853684 -0.0209221 -0.100182
220.035 0.114914 -0.0766094 -9.46126 0.217747 0.0729811 10.0475 0.0803288 -0.00824668 -0.0627664
220.052 0.153219 -0.114914 -9.23143 0.189033 0.0299103 10.1456 0.0804815 -0.00290161 -0.00855211
220.069 0.153219 -0.191523 -9.53786 0.175872 0.0191426 10.1815 0.0855211 -0.00641408 0.067806
220.085 0.0766094 -0.153219 -9.61448 0.142373 -0.0119641 10.2042 0.0907135 -0.0161879 0.0972803
220.102 0.229828 -0.229828 -9.46126 0.087338 -0.0514457 10.0403 0.090408 -0.01237 0.13607
220.118 0.191523 -0.306437 -9.38465 0.0526421 -0.0825523 9.98524 0.0868956 -0.00503964 0.120188
220.135 0.268133 -0.191523 -9.30804 0.0478564 -0.0813559 9.95174 0.090408 -0.00946841 0.086132
220.152 0.268133 -0.153219 -9.23143 0.0442672 -0.061017 9.99482 0.089339 -0.00610865 0.0135917
220.168 0.306437 -0.229828 -9.46126 0.0 -0.0598205 10.1252 0.0917825 -0.0114537 -0.0494801
220.185 0.191523 -0.268133 -9.76769 -0.0179462 -0.0837488 10.2006 0.0978911 -0.0192422 -0.0881173
220.201 0.306437 -0.229828 -9.46126 -0.0299103 -0.04666 10.1468 0.0981966 -0.0195477 -0.0969748
220.218 0.229828 -0.114914 -9.49956 -0.00119641 0.0107677 10.075 0.099571 -0.0287107 -0.114537
220.235 0.383047 -0.229828 -9.61448 0.00358923 0.0179462 10.0283 0.102931 -0.0361938 -0.129962
220.251 0.459656 -0.153219 -9.53786 -0.0227318 0.00358923 10.0247 0.101098 -0.0366519 -0.118202
220.268 0.229828 -0.191523 -9.61448 -0.066999 0.020339 10.1408 0.103236 -0.0455095 -0.0919352
220.284 0.421352 -0.229828 -9.61448 -0.107677 0.0239282 10.1803 0.107207 -0.0558941 -0.0155771
220.3 0.344742 -0.191523 -9.49956 -0.13998 0.0191426 10.1791 0.108581 -0.0658207 0.0720821
220.316 0.459656 -0.344742 -9.19312 -0.183051 0.0311067 10.0391 0.110261 -0.071013 0.111941
220.332 0.344742 -0.191523 -9.30804 -0.144766 0.061017 9.92303 0.111788 -0.0849102 0.162643
220.349 0.344742 -0.153219 -9.07821 -0.0538385 0.0729811 9.93739 0.111483 -0.103389 0.155771
220.365 0.344742 -0.153219 -9.46126 0.00119641 0.087338 9.98883 0.106749 -0.100945 0.123547
220.382 0.0766094 -0.0766094 -9.49956 0.0993021 0.119641 10.1264 0.100793 -0.114843 0.0108429
220.399 0.229828 -0.0766094 -9.61448 0.18664 0.144766 10.215 0.0897971 -0.106443 -0.113774
220.415 0.114914 -0.191523 -9.53786 0.238086 0.148355 10.1743 0.0794125 -0.106749 -0.206931
220.432 0.0383047 -0.114914 -9.34634 0.330209 0.165105 10.0714 0.0743728 -0.102625 -0.234419
220.448 -0.114914 -0.0766094 -9.38465 0.397208 0.187837 9.9996 0.0699441 -0.0940732 -0.237474
220.465 -0.191523 -0.0383047 -9.38465 0.447458 0.191426 10.0618 0.0665843 -0.0829249 -0.186161
220.482 -0.0383047 0.0 -9.42295 0.503689 0.190229 10.118 0.0665843 -0.0832304 -0.108276
220.498 -0.229828 -0.0766094 -9.49956 0.54676 0.191426 10.1671 0.0630718 -0.071013 -0.0766636
220.515 -0.114914 -0.114914 -9.46126 0.564706 0.160319 10.1731 0.0523817 -0.0540616 -0.0413861
220.531 -0.153219 -0.0383047 -9.53786 0.573081 0.113659 10.1312 0.0444404 -0.0343612 -0.0142026
220.548 -0.229828 -0.229828 -9.26973 0.582652 0.0729811 10.0642 0.0421497 -0.0308487 0.0056505
220.565 -0.191523 -0.191523 -9.26973 0.561117 -0.00119641 10.0152 0.0423024 -0.0210748 0.0235183
220.58 -0.0766094 -0.268133 -9.53786 0.521635 -0.0586241 10.0056 0.0354302 0.00137445 0.0125227
220.597 -0.0383047 -0.229828 -9.76769 0.486939 -0.0658026 10.0164 0.0340557 0.0148135 -0.0201585
220.613 -0.0766094 -0.268133 -9.46126 0.430708 -0.0993021 10.1145 0.034972 0.019395 -0.0410807
220.63 0.114914 -0.229828 -9.53786 0.349352 -0.120837 10.1922 0.0354302 0.034972 -0.0800233
220.647 0.191523 -0.191523 -9.42295 0.226122 -0.135194 10.0941 0.0412334 0.0368046 -0.111177
220.663 0.268133 -0.344742 -9.34634 0.177069 -0.148355 10.0367 0.0418443 0.0377209 -0.121868
220.68 0.191523 -0.306437 -9.38465 0.0813559 -0.151944 10.0116 0.045204 0.0479529 -0.10736
220.697 0.153219 -0.536266 -9.49956 0.0155533 -0.177069 10.0762 0.0546724 0.0337503 -0.0326813
220.713 0.268133 -0.344742 -9.46126 -0.0334995 -0.191426 10.1085 0.0652099 0.0222966 0.0788016
220.73 0.344742 -0.306437 -9.65278 -0.09332 -0.22014 10.0833 0.0690278 0.0171042 0.132405
220.746 0.383047 -0.383047 -9.30804 -0.11007 -0.144766 10.0164 0.0757473 0.00534507 0.202044
220.763 0.459656 -0.191523 -9.42295 -0.0753739 -0.0945165 9.94337 0.0771217 -0.00809396 0.189979
220.78 0.344742 -0.153219 -9.46126 -0.0705882 -0.0753739 9.95653 0.0733038 -0.0100793 0.145386
220.796 0.268133 -0.191523 -9.53786 -0.0323031 -0.0454636 10.0534 0.0665843 -0.0190895 -0.00717767
220.813 0.306437 -0.229828 -9.49956 0.0191426 -0.0717846 10.215 0.0552833 -0.0290161 -0.174249
220.828 0.268133 -0.344742 -9.57617 0.0323031 -0.0801595 10.264 0.0453567 -0.0264199 -0.278554
220.845 0.229828 -0.229828 -9.30804 0.0346959 -0.107677 10.2473 0.0455095 -0.0320704 -0.296117
220.862 0.229828 -0.383047 -9.61448 0.0275174 -0.163908 10.1013 0.0426078 -0.0320704 -0.240375
220.878 0.191523 -0.383047 -9.34634 -0.00598205 -0.218943 9.97567 0.0536034 -0.0403171 -0.106291
220.895 0.191523 -0.421352 -9.23143 -0.0323031 -0.251246 9.93978 0.0613919 -0.0458149 -0.0294742
220.911 0.229828 -0.383047 -9.34634 -0.0107677 -0.27996 9.96132 0.0705549 -0.0503964 0.106291
220.928 0.229828 -0.306437 -9.61448 0.0 -0.276371 10.0917 0.0824668 -0.0592539 0.16417
220.945 0.191523 -0.344742 -9.49956 0.026321 -0.259621 10.1599 0.0838412 -0.0632245 0.132863
220.961 0.229828 -0.421352 -9.49956 0.0717846 -0.264407 10.1635 0.083994 -0.0638354 0.0868956
220.978 0.191523 -0.306437 -9.53786 0.087338 -0.226122 10.0487 0.0827722 -0.0647517 -0.0326813
220.994 0.229828 -0.421352 -9.34634 0.104088 -0.211765 10.0702 0.0813978 -0.0665843 -0.14508
221.011 0.153219 -0.306437 -9.53786 0.111266 -0.226122 10.0845 0.0806342 -0.0690278 -0.194866
221.028 0.114914 -0.268133 -9.46126 0.12682 -0.205783 10.0941 0.0826195 -0.0726929 -0.190132
221.044 0.0766094 -0.383047 -9.30804 0.148355 -0.202193 10.0451 0.0887282 -0.078038 -0.140194
221.061 0.191523 -0.383047 -9.38465 0.174676 -0.190229 10.0666 0.0891863 -0.0731511 -0.0629191
221.076 0.191523 -0.268133 -9.46126 0.199801 -0.192622 10.0893 0.090408 -0.0749837 -0.0279471
221.092 0.0766094 -0.306437 -9.61448 0.264407 -0.212961 10.1252 0.0923933 -0.0739146 0.00824668
221.109 0.0 -0.268133 -9.49956 0.34337 -0.215354 10.0678 0.0934624 -0.0746782 -0.0232129
221.125 0.0 -0.344742 -9.42295 0.381655 -0.222532 10.0475 0.0878119 -0.0629191 -0.0911716
221.142 0.0383047 -0.306437 -9.49956 0.43669 -0.211765 10.0833 0.0887282 -0.0563523 -0.125227
221.158 -0.153219 -0.344742 -9.49956 0.448654 -0.212961 10.1001 0.086132 -0.0438296 -0.182649
221.175 -0.0383047 -0.383047 -9.46126 0.439083 -0.211765 10.1276 0.0907135 -0.0343612 -0.206472
221.192 -0.153219 -0.344742 -9.26973 0.428315 -0.215354 10.1384 0.0925461 -0.0277944 -0.200822
221.208 -0.0766094 -0.268133 -9.34634 0.380459 -0.185444 10.0798 0.0945314 -0.0154243 -0.153938
221.225 -0.153219 -0.344742 -9.49956 0.32662 -0.144766 10.0427 0.0998765 0.000763581 -0.0745255
221.241 0.0 -0.191523 -9.38465 0.290728 -0.141176 10.063 0.104611 -0.00305432 0.00198531
221.258 -0.0383047 -0.306437 -9.46126 0.235693 -0.143569 10.0798 0.104763 -0.00167988 0.0319177
221.275 0.114914 -0.306437 -9.42295 0.172283 -0.165105 10.0845 0.104916 -0.00671952 0.0629191
221.291 0.153219 -0.229828 -8.88668 0.141176 -0.144766 9.51147 0.099571 0.00122173 0.0398589
221.308 0.306437 -0.383047 -10.189 0.104088 -0.226122 10.1384 0.102778 -0.00213803 0.00855211
221.324 0.229828 -0.344742 -9.65278 0.0562313 -0.204586 10.4542 0.0992656 -0.0128282 -0.0381791
221.341 0.229828 -0.191523 -9.53786 0.192622 -0.159123 10.2772 0.096364 -0.00839939 -0.0948368
221.358 0.191523 -0.383047 -9.38465 0.155533 -0.15673 10.1384 0.0922406 -0.00626137 -0.157145
221.374 -0.0383047 -0.344742 -9.03991 0.183051 -0.168694 9.62632 0.0879646 -0.00488692 -0.182954
221.391 0.0766094 -0.268133 -8.84838 0.0837488 -0.247657 9.38704 0.0888809 -0.0103847 -0.19059
221.406 0.229828 -0.421352 -9.49956 -0.00957129 -0.283549 9.92423 0.0934624 -0.0209221 -0.13439
221.423 0.229828 -0.421352 -9.88261 -0.0334995 -0.306281 10.3944 0.0977384 -0.030696 -0.0907135
221.44 0.344742 -0.344742 -9.26973 -0.0789631 -0.202193 10.0606 0.098502 -0.0268781 0.00106901
221.456 0.536266 -0.383047 -9.69109 -0.0741775 -0.181854 10.3848 0.110872 -0.0329867 0.0265726
221.473 0.114914 -0.229828 -9.8443 -0.0179462 -0.190229 10.7593 0.125838 -0.0458149 -0.00167988
221.489 0.344742 -0.306437 -9.34634 -0.0251246 -0.222532 10.2329 0.1321 -0.0598648 -0.0284052
221.506 0.383047 -0.421352 -9.03991 -0.09332 -0.253639 9.55454 0.133169 -0.0584903 -0.0926988
221.523 0.344742 -0.306437 -8.81008 -0.136391 -0.289531 9.48993 0.135154 -0.0598648 -0.121562
221.539 0.268133 -0.421352 -9.42295 -0.0813559 -0.278764 9.74118 0.142484 -0.0659734 -0.10064
221.556 0.268133 -0.344742 -9.95922 -0.0370887 -0.244068 10.5081 0.149662 -0.0733038 -0.0774271
221.572 0.268133 -0.229828 -9.806 0.0394815 -0.210568 10.6959 0.159894 -0.0885754 -0.0280998
221.589 0.114914 -0.344742 -9.65278 0.160319 -0.144766 10.3621 0.162796 -0.096364 -0.0276416
221.606 -0.153219 -0.306437 -9.23143 0.226122 -0.129212 10.2437 0.155923 -0.0907135 -0.0470366
221.621 0.0 -0.268133 -9.61448 0.355334 -0.108873 10.118 0.14676 -0.0913243 -0.0946841
221.637 -0.0383047 -0.191523 -9.42295 0.422333 -0.0849452 9.89193 0.140499 -0.0988074 -0.126144
221.653 -0.191523 -0.191523 -9.30804 0.528814 -0.0323031 9.85244 0.136223 -0.0998765 -0.131031
221.669 0.0766094 -0.191523 -9.53786 0.552742 0.0382852 10.0582 0.114385 -0.0775799 -0.116064
221.686 -0.191523 -0.114914 -9.53786 0.571884 0.0897308 10.2293 0.103847 -0.0696386 -0.0792598
221.701 -0.229828 -0.0766094 -9.88261 0.595813 0.116052 10.2652 0.100335 -0.0633773 -0.0627664
221.717 -0.114914 0.0 -9.8443 0.53001 0.143569 10.1468 0.0965167 -0.0436769 -0.0455095
221.733 -0.0383047 -0.0383047 -9.49956 0.520439 0.155533 10.1468 0.097433 -0.0210748 -0.0531453
221.749 -0.0766094 0.0 -10.1124 0.535992 0.15673 10.1994 0.0975857 -0.00870483 -0.0528398
221.766 -0.0766094 0.0 -9.53786 0.544367 0.16989 10.264 0.0956004 0.0131336 -0.0467312
221.783 -0.229828 0.0383047 -9.46126 0.518046 0.133998 10.1815 0.0888809 0.0222966 -0.031765
221.799 -0.153219 -0.114914 -9.42295 0.495314 0.113659 10.1444 0.0788016 0.0340557 -0.0279471
221.817 0.0383047 -0.0766094 -9.53786 0.411565 0.0622134 9.96251 0.0736092 0.0398589 -0.0303905
221.833 0.0 -0.268133 -9.38465 0.331406 0.0299103 10.0307 0.0642935 0.0478002 -0.0505491
221.85 0.114914 -0.229828 -9.53786 0.272782 -0.0586241 10.1492 0.0572686 0.0551306 -0.0846048
221.866 0.0766094 -0.153219 -9.76769 0.269192 -0.101695 10.1874 0.054367 0.0626137 -0.11973
221.883 0.0766094 -0.306437 -9.57617 0.209372 -0.122034 10.1982 0.0526871 0.0629191 -0.128282
221.9 0.0766094 -0.383047 -9.57617 0.217747 -0.175872 10.1503 0.047342 0.0668897 -0.124769
221.916 0.191523 -0.344742 -9.38465 0.12682 -0.168694 9.84766 0.0401644 0.0558941 -0.105832
221.933 0.191523 -0.268133 -9.30804 0.0358923 -0.185444 9.79621 0.0369573 0.0568105 -0.0899499
221.949 0.268133 -0.344742 -9.15482 -0.0167498 -0.181854 9.84766 0.0366519 0.0448986 -0.062461
221.966 0.344742 -0.268133 -9.46126 -0.0909272 -0.168694 10.0104 0.0375682 0.0406225 -0.0187841
221.983 0.497961 -0.229828 -9.42295 -0.118445 -0.141176 10.1515 0.0435241 0.0264199 0.0348193
221.999 0.306437 -0.229828 -9.46126 -0.16989 -0.141176 10.1563 0.0478002 0.02474 0.0572686
222.016 0.459656 -0.306437 -9.53786 -0.204586 -0.135194 10.0762 0.0511599 0.020464 0.0800233
222.032 0.459656 -0.383047 -9.53786 -0.221336 -0.135194 10.0439 0.0597121 0.00809396 0.0757473
222.049 0.536266 -0.268133 -9.53786 -0.218943 -0.133998 10.0391 0.0650571 -0.00167988 0.0397062
222.066 0.497961 -0.191523 -9.42295 -0.208175 -0.171087 10.0259 0.0690278 -0.0128282 0.0155771
222.082 0.65118 -0.306437 -9.30804 -0.16989 -0.224925 10.0403 0.0702495 -0.0154243 -0.0448986
222.1 0.383047 -0.459656 -9.38465 -0.153141 -0.242871 10.0678 0.0691805 -0.0203113 -0.0829249
222.116 0.383047 -0.306437 -9.42295 -0.12682 -0.251246 10.0618 0.0694859 -0.0334449 -0.0908662
222.133 0.383047 -0.344742 -9.07821 -0.135194 -0.265603 10.0606 0.0717766 -0.0413861 -0.0864374
222.15 0.268133 -0.306437 -9.49956 -0.0969093 -0.275174 10.1037 0.0707076 -0.0474948 -0.0679587
222.166 0.459656 -0.536266 -9.72939 -0.0646062 -0.273978 10.0534 0.0702495 -0.0587958 -0.0476475
222.183 0.268133 -0.344742 -9.42295 -0.040678 -0.251246 10.0403 0.071013 -0.0662789 -0.0392481
222.199 0.191523 -0.344742 -9.34634 0.00957129 -0.234497 10.0152 0.0681114 -0.0725402 -0.0183259
222.216 0.344742 -0.383047 -9.42295 0.0179462 -0.256032 10.0917 0.066737 -0.076969 -0.00503964
222.233 0.153219 -0.383047 -9.49956 0.0275174 -0.252443 10.1432 0.0650571 -0.0740674 -0.000152716
222.249 0.191523 -0.306437 -9.53786 0.0837488 -0.271585 10.148 0.0658207 -0.0743728 -0.00351247
222.266 0.268133 -0.229828 -9.42295 0.0945165 -0.245264 10.1145 0.0700968 -0.0755945 -0.0206167
222.282 0.0383047 -0.383047 -9.53786 0.113659 -0.248853 10.0367 0.0722348 -0.0739146 -0.0366519
222.299 0.191523 -0.306437 -9.30804 0.130409 -0.246461 10.0187 0.0746782 -0.0685696 -0.055436
222.316 0.229828 -0.383047 -9.49956 0.147159 -0.271585 10.0499 0.0788016 -0.0659734 -0.0641408
222.332 0.153219 -0.383047 -9.49956 0.154337 -0.270389 10.1025 0.0830777 -0.0655153 -0.0824668
222.349 0.0383047 -0.344742 -9.61448 0.185444 -0.307478 10.1252 0.0820086 -0.0561996 -0.109192
222.365 0.0383047 -0.459656 -9.53786 0.193819 -0.320638 10.1085 0.0855211 -0.0526871 -0.131031
222.382 0.153219 -0.421352 -9.46126 0.198604 -0.323031 10.069 0.0875064 -0.0558941 -0.13271
222.399 0.153219 -0.344742 -9.42295 0.202193 -0.350548 10.0235 0.0896445 -0.0488692 -0.110414
222.415 0.0766094 -0.383047 -9.34634 0.187837 -0.333799 10.0283 0.0911716 -0.0450513 -0.0650571
222.432 0.191523 -0.383047 -9.61448 0.162712 -0.319442 10.0487 0.0913243 -0.0435241 -0.046273
222.448 0.153219 -0.421352 -9.34634 0.143569 -0.332602 10.1228 0.0907135 -0.0375682 -0.0303905
222.465 0.268133 -0.497961 -9.72939 0.125623 -0.332602 10.1468 0.0936151 -0.0374155 -0.0366519
222.482 0.306437 -0.421352 -9.38465 0.116052 -0.344566 10.1336 0.0977384 -0.0448986 -0.047342
222.497 0.191523 -0.497961 -9.53786 0.087338 -0.324227 10.0917 0.0994183 -0.0409279 -0.0491747
222.514 0.229828 -0.344742 -9.53786 0.0729811 -0.312263 10.0642 0.10736 -0.043066 -0.0334449
222.53 0.229828 -0.421352 -9.34634 0.0777667 -0.301496 10.069 0.114995 -0.0407752 -0.00931569
222.547 0.0766094 -0.344742 -9.42295 0.09332 -0.293121 10.0594 0.119577 -0.0447459 -0.00412334
222.564 0.114914 -0.421352 -9.19312 0.125623 -0.269192 10.0738 0.124006 -0.0461203 -0.0146608
222.58 0.153219 -0.383047 -9.42295 0.171087 -0.234497 10.0893 0.120493 -0.0384845 -0.0479529
222.597 0.306437 -0.421352 -9.53786 0.18664 -0.227318 10.0869 0.119882 -0.0390954 -0.0933096
222.613 0.153219 -0.344742 -9.38465 0.2333 -0.211765 10.0642 0.117133 -0.0374155 -0.112857
222.63 0.0383047 -0.383047 -9.53786 0.258425 -0.221336 10.063 0.117439 -0.0372628 -0.133169
222.647 0.0766094 -0.306437 -9.42295 0.282353 -0.214158 10.1013 0.11301 -0.0282525 -0.124464
222.663 0.114914 -0.344742 -9.42295 0.269192 -0.229711 10.1001 0.111177 -0.0206167 -0.0946841
222.68 0.0383047 -0.421352 -9.34634 0.256032 -0.222532 10.0989 0.109192 -0.0155771 -0.0781907
222.697 0.0383047 -0.383047 -9.53786 0.234497 -0.212961 10.1121 0.110261 -0.0143553 -0.0409279
222.713 0.114914 -0.344742 -9.30804 0.204586 -0.222532 10.1061 0.114995 -0.0137445 -0.000458149
222.73 0.268133 -0.383047 -9.42295 0.155533 -0.228514 10.1073 0.112705 -0.00931569 0.0171042
222.746 0.153219 -0.344742 -9.61448 0.11007 -0.234497 10.0833 0.117744 -0.0143553 0.0235183
222.763 0.229828 -0.306437 -9.46126 0.0622134 -0.244068 10.0798 0.119119 -0.0126754 0.00610865
222.78 0.421352 -0.344742 -9.34634 0.0239282 -0.25005 10.0857 0.121409 -0.00717767 -0.0357356
222.796 0.268133 -0.229828 -9.34634 -0.00358923 -0.253639 10.0702 0.123089 -0.0125227 -0.0629191
222.813 0.344742 -0.383047 -9.49956 -0.00837488 -0.234497 10.0546 0.125227 -0.011301 -0.120035
222.829 0.306437 -0.383047 -9.42295 -0.00239282 -0.236889 10.0606 0.127213 -0.0200058 -0.152869
222.846 0.229828 -0.306437 -9.38465 0.00598205 -0.209372 10.0487 0.125533 -0.0200058 -0.155771
222.863 0.191523 -0.229828 -9.34634 0.066999 -0.175872 10.0427 0.129351 -0.0302378 -0.14508
222.879 0.268133 -0.344742 -9.46126 0.101695 -0.147159 10.0798 0.126602 -0.0294742 -0.12034
222.896 0.229828 -0.306437 -9.46126 0.104088 -0.141176 10.1013 0.122326 -0.0323759 -0.0894917
222.911 0.191523 -0.383047 -9.30804 0.143569 -0.120837 10.1037 0.12202 -0.0319177 -0.0734565
222.927 0.153219 -0.268133 -9.49956 0.161515 -0.0909272 10.0929 0.123547 -0.034972 -0.045204
222.943 0.229828 -0.268133 -9.53786 0.181854 -0.0562313 10.0917 0.120493 -0.0313068 -0.0337503
222.957 0.153219 -0.229828 -9.42295 0.181854 -0.0334995 10.1085 0.117439 -0.0276416 -0.0100793
222.973 0.114914 -0.268133 -9.57617 0.154337 -0.0227318 10.1408 0.111788 -0.0167988 0.0151189
222.988 0.153219 -0.114914 -9.53786 0.141176 -0.0107677 10.1312 0.109956 -0.0103847 0.0195477
223.004 0.268133 -0.153219 -9.49956 0.11007 -0.0191426 10.1097 0.104 -0.0184787 0.00397062
223.02 0.268133 -0.229828 -9.49956 0.0849452 -0.0215354 10.0989 0.100487 -0.0138972 -0.0346666
223.035 0.306437 -0.268133 -9.46126 0.0179462 -0.0634098 10.0917 0.0919352 -0.00397062 -0.0578795
223.051 0.344742 -0.191523 -9.46126 -0.00598205 -0.102891 10.0702 0.0878119 -0.011301 -0.105069
223.067 0.153219 -0.191523 -9.11651 -0.026321 -0.117248 10.0642 0.0852157 -0.00901026 -0.120035
223.082 0.421352 -0.229828 -9.30804 -0.0143569 -0.142373 10.0427 0.0879646 -0.020464 -0.128893
223.693 0.0766094 -0.268133 -9.49956 0.114855 -0.101695 10.0798 0.122631 -0.0279471 -0.0461203
223.709 0.114914 -0.229828 -9.46126 0.101695 -0.108873 10.0295 0.124464 -0.036041 -0.0496328
223.725 0.191523 -0.268133 -9.57617 0.0897308 -0.107677 10.0833 0.120799 -0.0291688 -0.0690278
223.741 0.229828 -0.268133 -9.42295 0.0897308 -0.0909272 10.1647 0.120035 -0.029627 -0.0868956
223.758 0.191523 -0.268133 -9.49956 0.0789631 -0.0753739 10.1707 0.119424 -0.0265726 -0.0891863
223.775 0.153219 -0.268133 -9.49956 0.0765703 -0.0574277 10.0738 0.126755 -0.0358883 -0.0804815
223.791 0.306437 -0.229828 -9.38465 0.102891 -0.0693918 10.0905 0.124311 -0.0290161 -0.0603229
223.807 0.0383047 -0.191523 -9.30804 0.113659 -0.0574277 10.0678 0.122937 -0.0219911 -0.0485638
223.823 0.191523 -0.229828 -9.38465 0.132802 -0.00837488 9.95892 0.126449 -0.0284052 -0.0403171
223.84 0.153219 -0.153219 -9.69109 0.154337 -0.0334995 10.1013 0.127976 -0.0337503 -0.0458149
223.857 0.114914 -0.268133 -9.57617 0.168694 -0.0526421 10.197 0.12202 -0.0288634 -0.0510072
223.873 0.0766094 -0.153219 -9.34634 0.165105 -0.0454636 10.1719 0.11805 -0.0293215 -0.0520762
223.89 0.191523 -0.229828 -9.49956 0.160319 -0.0334995 10.0415 0.106901 -0.0274889 -0.0563523
223.906 0.268133 -0.191523 -9.34634 0.143569 0.0143569 9.95653 0.0971275 -0.0299324 -0.0647517
223.923 0.153219 -0.153219 -9.11651 0.159123 0.0562313 9.96371 0.0905607 -0.0259618 -0.0658207
223.94 0.0383047 -0.153219 -9.46126 0.122034 0.0705882 10.0056 0.0919352 -0.0274889 -0.0647517
223.956 0.0766094 -0.114914 -9.23143 0.087338 0.0394815 10.2305 0.0931569 -0.0345139 -0.0578795
223.973 0.191523 -0.153219 -9.49956 0.0442672 0.020339 10.1492 0.0919352 -0.0279471 -0.0525344
223.989 0.229828 -0.153219 -9.23143 0.0478564 0.0143569 10.1707 0.0911716 -0.0294742 -0.0508545
224.006 0.114914 -0.191523 -9.49956 0.102891 0.00239282 10.1192 0.0859793 -0.0280998 -0.0571159
224.023 0.344742 -0.229828 -9.23143 0.0729811 -0.0430708 10.0259 0.0862847 -0.0326813 -0.064599
224.039 0.229828 -0.268133 -9.26973 0.0885344 -0.0454636 9.98524 0.0789543 -0.0343612 -0.0777326
224.056 0.191523 -0.0766094 -9.92091 0.0430708 -0.087338 10.0379 0.0777326 -0.0377209 -0.0815505
224.072 0.268133 -0.229828 -9.53786 0.0729811 -0.0646062 10.0917 0.0726929 -0.0381791 -0.0781907
224.089 0.306437 -0.153219 -9.42295 0.0777667 -0.0765703 10.2329 0.0697913 -0.0415388 -0.0647517
224.106 0.153219 -0.191523 -9.42295 0.0705882 -0.0526421 10.0355 0.0650571 -0.0368046 -0.0557414
224.122 0.344742 -0.229828 -9.34634 0.0658026 -0.0646062 10.1192 0.0665843 -0.0401644 -0.0461203
224.138 0.191523 -0.306437 -9.42295 0.0622134 -0.0646062 10.0594 0.0731511 -0.045204 -0.044135
224.155 0.153219 -0.191523 -9.26973 0.0693918 -0.0693918 10.1288 0.0800233 -0.0450513 -0.0435241
224.177 0.268133 -0.268133 -9.34634 0.116052 -0.100499 10.1312 0.0835358 -0.0412334 -0.0345139
224.193 0.306437 -0.229828 -9.53786 0.114855 -0.102891 10.0606 0.086132 -0.0439823 -0.0148135
224.208 0.306437 -0.306437 -9.61448 0.131605 -0.187837 10.0953 0.0899499 -0.0455095 -0.0117592
224.225 0.229828 -0.306437 -9.42295 0.205783 -0.0969093 10.0415 0.0798706 -0.0478002 -0.0125227
224.241 0.114914 -0.268133 -9.34634 0.187837 -0.128016 9.90509 0.0792598 -0.0478002 -0.0361938
224.258 0.191523 -0.268133 -9.26973 0.12682 -0.214158 9.96849 0.0760527 -0.0507018 -0.0468839
224.275 0.229828 -0.268133 -9.49956 0.0981057 -0.0921237 10.2353 0.0697913 -0.0464257 -0.0508545
224.291 0.229828 -0.229828 -9.34634 0.175872 -0.0921237 10.1767 0.0762054 -0.043066 -0.044135
224.308 0.114914 -0.306437 -9.38465 0.193819 -0.153141 10.1097 0.0766636 -0.0484111 -0.0461203
224.324 0.191523 -0.306437 -9.42295 0.120837 -0.144766 9.94935 0.0731511 -0.0436769 -0.0394008
224.341 0.153219 -0.306437 -9.46126 0.0957129 -0.112463 10.063 0.0775799 -0.0491747 -0.0273362
224.358 0.268133 -0.306437 -9.65278 0.174676 -0.106481 10.0822 0.076969 -0.0453567 -0.0401644
224.374 0.153219 -0.268133 -9.46126 0.167498 -0.119641 10.0762 0.0777326 -0.0516181 -0.0520762
224.391 0.191523 -0.344742 -9.49956 0.128016 -0.128016 10.185 0.0755945 -0.0516181 -0.064599
224.407 0.191523 -0.229828 -9.57617 0.131605 -0.149551 10.1396 0.0827722 -0.0520762 -0.0726929
224.424 0.0766094 -0.229828 -9.19312 0.160319 -0.171087 10.0786 0.0835358 -0.0488692 -0.0807869
224.441 0.191523 -0.268133 -9.19312 0.209372 -0.165105 10.0295 0.0859793 -0.0510072 -0.0922406
224.457 0.229828 -0.191523 -9.38465 0.195015 -0.172283 9.98405 0.0818559 -0.0427606 -0.109192
224.474 0.191523 -0.306437 -9.26973 0.208175 -0.149551 10.081 0.0810924 -0.0395535 -0.108734
224.49 0.114914 -0.229828 -9.49956 0.168694 -0.154337 10.1228 0.0849102 -0.0488692 -0.0879646
224.507 0.114914 -0.229828 -9.23143 0.192622 -0.0957129 10.1695 0.0920879 -0.0433714 -0.0745255
224.523 0.229828 -0.229828 -9.42295 0.16989 -0.120837 10.0845 0.097433 -0.0435241 -0.0481056
224.539 0.0766094 -0.268133 -9.07821 0.17348 -0.129212 9.98524 0.0994183 -0.036041 -0.0251982
224.556 -0.0766094 -0.268133 -9.34634 0.192622 -0.130409 10.0008 0.100029 -0.0335976 -0.0206167
224.572 0.0383047 -0.229828 -9.49956 0.206979 -0.133998 10.0917 0.0978911 -0.0323759 -0.0221439
224.589 -0.0383047 -0.306437 -9.49956 0.238086 -0.154337 10.1121 0.0943787 -0.0310014 -0.0290161
224.606 0.0383047 -0.268133 -9.23143 0.209372 -0.162712 10.1204 0.0919352 -0.0325286 -0.0285579
224.622 0.268133 -0.268133 -9.38465 0.193819 -0.153141 10.1121 0.0865901 -0.0331394 -0.0311541
224.639 0.0766094 -0.268133 -9.23143 0.22014 -0.13998 10.118 0.0809396 -0.030696 -0.0316123
224.655 0.114914 -0.191523 -9.38465 0.210568 -0.125623 10.0654 0.0759 -0.0374155 -0.0364992
224.671 0.191523 -0.229828 -9.53786 0.187837 -0.122034 10.0594 0.0707076 -0.03711 -0.0395535
224.688 0.229828 -0.306437 -9.46126 0.174676 -0.133998 10.2197 0.066737 -0.041997 -0.0478002
224.704 0.114914 -0.229828 -9.806 0.185444 -0.0837488 10.0893 0.0636827 -0.0456622 -0.0493274
224.721 0.153219 -0.229828 -9.46126 0.187837 -0.0741775 9.99601 0.0571159 -0.0444404 -0.0578795
224.738 0.268133 -0.229828 -8.92499 0.149551 -0.087338 9.87398 0.0580322 -0.0409279 -0.0623082
224.754 0.229828 -0.153219 -9.42295 0.125623 -0.09332 9.99841 0.0616974 -0.0403171 -0.0540616
224.771 0.114914 -0.114914 -9.61448 0.118445 -0.107677 10.2126 0.0711658 -0.0372628 -0.0355829
224.787 0.153219 -0.268133 -9.49956 0.137587 -0.114855 10.2353 0.0760527 -0.0346666 -0.0335976
224.804 0.0383047 -0.306437 -9.30804 0.178265 -0.124427 10.1755 0.083994 -0.0323759 -0.0459676
224.821 0.153219 -0.268133 -9.38465 0.15673 -0.133998 10.0128 0.0934624 -0.0303905 -0.0774271
224.837 0.0766094 -0.268133 -9.53786 0.161515 -0.160319 10.0211 0.0943787 -0.025809 -0.0951423
224.854 0.153219 -0.306437 -9.46126 0.215354 -0.210568 10.0295 0.0936151 -0.0256563 -0.108276
224.87 0.268133 -0.421352 -9.42295 0.209372 -0.251246 10.1228 0.0956004 -0.0285579 -0.125227
224.887 0.153219 -0.306437 -9.38465 0.198604 -0.256032 10.1384 0.0928515 -0.0222966 -0.114995
224.904 0.0766094 -0.268133 -9.46126 0.205783 -0.244068 10.0881 0.0969748 -0.02474 -0.0957531
224.92 0.114914 -0.306437 -9.49956 0.199801 -0.229711 10.0582 0.0971275 -0.0271835 -0.0846048
224.937 0.153219 -0.344742 -9.38465 0.22014 -0.197408 10.0738 0.0978911 -0.0261145 -0.0647517
224.953 0.114914 -0.268133 -9.69109 0.181854 -0.205783 10.069 0.101404 -0.0264199 -0.0494801
224.97 0.114914 -0.306437 -9.46126 0.185444 -0.209372 10.081 0.0980438 -0.021533 -0.0395535
224.987 0.0383047 -0.344742 -9.19312 0.187837 -0.206979 10.1252 0.101556 -0.02474 -0.0248928
225.003 0.153219 -0.268133 -9.38465 0.191426 -0.183051 10.1073 0.0994183 -0.0238237 -0.0148135
225.02 0.229828 -0.344742 -9.42295 0.185444 -0.20339 10.0893 0.100945 -0.0293215 -0.0201585
225.036 0.0766094 -0.268133 -9.38465 0.162712 -0.196211 10.0175 0.0988074 -0.0245873 -0.0274889
225.053 0.229828 -0.268133 -9.34634 0.160319 -0.179462 10.0606 0.098502 -0.0308487 -0.0461203
225.07 0.153219 -0.268133 -9.53786 0.168694 -0.165105 10.0905 0.0981966 -0.0267254 -0.0632245
225.086 0.114914 -0.229828 -9.46126 0.163908 -0.136391 10.1121 0.0991129 -0.0270308 -0.0685696
225.103 0.191523 -0.268133 -9.46126 0.130409 -0.122034 10.1133 0.105527 -0.0343612 -0.0778853
225.119 0.268133 -0.191523 -9.19312 0.136391 -0.116052 10.0726 0.102014 -0.0230602 -0.0696386
225.136 0.0766094 -0.229828 -9.46126 0.145962 -0.119641 10.0965 0.108887 -0.02474 -0.0687223
225.153 0.229828 -0.268133 -9.57617 0.153141 -0.111266 10.0905 0.11469 -0.0334449 -0.0673479
225.168 0.114914 -0.229828 -9.42295 0.136391 -0.137587 10.0881 0.111941 -0.0265726 -0.0627664
225.185 0.114914 -0.421352 -9.38465 0.0813559 -0.120837 10.0798 0.108276 -0.0229074 -0.0613919
225.2 0.229828 -0.229828 -9.49956 0.0550349 -0.124427 10.1037 0.106138 -0.021533 -0.0555887
225.217 0.421352 -0.229828 -9.53786 0.0394815 -0.116052 10.0977 0.106291 -0.0337503 -0.046273
225.234 0.153219 -0.229828 -9.42295 0.0777667 -0.12682 10.0439 0.0965167 -0.0361938 -0.0468839
225.25 0.191523 -0.344742 -9.46126 0.105284 -0.151944 10.0223 0.095295 -0.044135 -0.0583376
225.267 0.153219 -0.344742 -9.42295 0.168694 -0.148355 10.0463 0.0897971 -0.041997 -0.0626137
225.283 0.229828 -0.383047 -9.49956 0.193819 -0.143569 10.1288 0.08827 -0.0439823 -0.0629191
225.3 0.229828 -0.306437 -9.49956 0.180658 -0.124427 10.1348 0.0885754 -0.0447459 -0.0609338
225.317 0.153219 -0.229828 -9.42295 0.154337 -0.0921237 10.1228 0.090408 -0.0421497 -0.0497855
225.333 0.114914 -0.268133 -9.26973 0.119641 -0.0622134 10.0463 0.0922406 -0.0389426 -0.0377209
225.35 0.114914 -0.229828 -9.30804 0.135194 -0.0442672 10.0187 0.0954477 -0.0445931 -0.0065668
225.366 0.114914 -0.191523 -9.46126 0.148355 -0.0765703 10.0857 0.0936151 -0.0426078 0.01237
225.383 0.0383047 -0.306437 -9.38465 0.192622 -0.130409 10.0977 0.0959058 -0.0499382 0.00641408
225.4 0.153219 -0.229828 -9.42295 0.222532 -0.142373 10.0917 0.0862847 -0.0427606 -0.0287107
225.416 0.153219 -0.268133 -9.57617 0.275174 -0.144766 10.1145 0.0801761 -0.0426078 -0.089339
225.433 0.191523 -0.268133 -9.46126 0.272782 -0.148355 10.1145 0.0743728 -0.0345139 -0.147066
225.448 0.114914 -0.229828 -9.49956 0.252443 -0.159123 10.0522 0.0650571 -0.0357356 -0.160199
225.465 0.114914 -0.383047 -9.34634 0.271585 -0.175872 10.0235 0.0606284 -0.0335976 -0.153327
225.482 0.191523 -0.344742 -9.42295 0.259621 -0.208175 10.0738 0.0607811 -0.0331394 -0.0972803
225.498 0.114914 -0.421352 -9.46126 0.253639 -0.171087 10.1085 0.0603229 -0.0282525 -0.06353
225.515 -0.0383047 -0.344742 -9.53786 0.211765 -0.166301 10.148 0.0675006 -0.0297797 -0.0197004
225.531 0.306437 -0.229828 -9.38465 0.17348 -0.193819 10.1252 0.0702495 -0.023671 -0.0119119
225.548 0.153219 -0.383047 -9.38465 0.147159 -0.208175 10.1216 0.0728457 -0.0210748 -0.0390954
225.565 0.306437 -0.306437 -9.23143 0.150748 -0.235693 10.0618 0.0743728 -0.0201585 -0.0517708
225.581 0.0766094 -0.383047 -9.34634 0.161515 -0.269192 10.0116 0.0817032 -0.0216857 -0.0743728
225.598 0.114914 -0.306437 -9.15482 0.143569 -0.297906 10.0247 0.0856738 -0.0233656 -0.0784962
225.614 0.229828 -0.344742 -9.42295 0.154337 -0.299103 10.0439 0.0891863 -0.0259618 -0.071013
225.631 0.0383047 -0.268133 -9.26973 0.116052 -0.305085 10.1049 0.0901026 -0.0274889 -0.0623082
225.648 0.191523 -0.383047 -9.42295 0.118445 -0.302692 10.1563 0.0925461 -0.0274889 -0.0551306
225.664 0.191523 -0.383047 -9.42295 0.0957129 -0.303888 10.0881 0.0951423 -0.0364992 -0.0612392
225.681 0.191523 -0.268133 -9.26973 0.0945165 -0.275174 10.002 0.0956004 -0.0377209 -0.0662789
225.697 0.153219 -0.344742 -9.26973 0.0897308 -0.221336 9.99362 0.097433 -0.0392481 -0.0704022
225.714 0.191523 -0.344742 -9.49956 0.116052 -0.244068 10.0594 0.103542 -0.0435241 -0.0775799
225.731 0.114914 -0.306437 -9.46126 0.131605 -0.21655 10.1013 0.108123 -0.0499382 -0.0784962
225.747 0.0383047 -0.191523 -9.19312 0.087338 -0.193819 9.98764 0.112246 -0.0465785 -0.0795652
225.764 0.268133 -0.344742 -9.38465 0.104088 -0.195015 10.0917 0.118355 -0.0438296 -0.0868956
225.78 0.191523 -0.383047 -9.42295 0.147159 -0.228514 10.2209 0.117744 -0.044135 -0.0920879
225.797 0.306437 -0.268133 -9.46126 0.166301 -0.184247 10.2772 0.118813 -0.0436769 -0.0876591
225.814 -0.0766094 -0.344742 -9.42295 0.195015 -0.224925 10.1647 0.115454 -0.053298 -0.0623082
225.829 0.0383047 -0.383047 -9.23143 0.226122 -0.20339 10.0164 0.113163 -0.053298 -0.0316123
225.845 0.114914 -0.306437 -9.38465 0.211765 -0.198604 9.9326 0.110261 -0.055436 -0.00992656
225.862 0.114914 -0.191523 -9.76769 0.208175 -0.143569 9.94935 0.103694 -0.0549779 -0.00687223
225.878 0.153219 -0.306437 -9.53786 0.184247 -0.0981057 10.1025 0.100182 -0.052229 -0.0138972
225.895 0.0766094 -0.229828 -9.49956 0.199801 -0.0646062 10.1647 0.095295 -0.0551306 -0.0467312
225.911 0.114914 -0.229828 -9.49956 0.205783 -0.0526421 10.1659 0.0943787 -0.0549779 -0.0719294
225.928 0.114914 -0.191523 -9.34634 0.275174 -0.00598205 10.0822 0.0876591 -0.0482583 -0.116217
225.945 -0.0383047 -0.153219 -9.38465 0.398405 0.0526421 9.99601 0.0847575 -0.0442877 -0.13042
225.961 0.0766094 -0.153219 -9.49956 0.394816 0.0717846 10.0439 0.0762054 -0.0363465 -0.117897
225.978 0.0 -0.229828 -9.42295 0.396012 0.0167498 10.124 0.0745255 -0.03711 -0.110414
225.994 -0.0383047 -0.191523 -9.57617 0.329013 -0.0658026 10.1683 0.0632245 -0.0230602 -0.117592
226.011 0.0383047 -0.268133 -9.69109 0.409173 -0.0646062 10.0989 0.0528398 -0.0119119 -0.145539
226.028 -0.0383047 -0.229828 -9.53786 0.470189 -0.0550349 10.081 0.0455095 -0.00320704 -0.173486
226.044 -0.229828 -0.114914 -9.42295 0.611366 0.0251246 10.1168 0.0331394 0.0065668 -0.240986
226.061 -0.229828 -0.114914 -9.49956 0.677169 0.122034 10.2233 0.0242819 0.0241292 -0.251982
226.077 -0.229828 -0.0766094 -9.806 0.764507 0.17348 10.2281 0.0129809 0.0455095 -0.195935
226.094 -0.191523 0.0766094 -9.69109 0.710668 0.209372 10.2185 0.00717767 0.0548251 -0.165392
