2277.34 0.191523 -0.191523 -9.49956 0.104088 -0.150748 10.0642 0.0881173 -0.0390954 -0.0568105
2277.36 0.268133 -0.268133 -9.46126 0.113659 -0.151944 10.0666 0.0858265 -0.0331394 -0.0577268
2277.37 0.344742 -0.306437 -9.38465 0.107677 -0.147159 10.0558 0.0875064 -0.0352775 -0.056505
2277.39 0.153219 -0.229828 -9.15482 0.117248 -0.142373 10.0678 0.0887282 -0.0357356 -0.0569632
2277.41 0.0383047 -0.268133 -9.42295 0.142373 -0.154337 10.0522 0.0875064 -0.0326813 -0.0548251
2277.42 0.153219 -0.114914 -9.57617 0.151944 -0.133998 10.0558 0.0908662 -0.041997 -0.0574213
2277.44 0.229828 -0.344742 -9.49956 0.160319 -0.155533 10.063 0.0858265 -0.0302378 -0.056505
2277.46 0.0766094 -0.229828 -9.19312 0.167498 -0.132802 10.0774 0.0864374 -0.0334449 -0.0561996
2277.47 0.229828 -0.229828 -9.49956 0.143569 -0.144766 10.0606 0.086132 -0.0323759 -0.0580322
2277.49 0.0383047 -0.421352 -9.30804 0.132802 -0.151944 10.0726 0.0858265 -0.0282525 -0.0563523
2277.51 0.153219 -0.191523 -9.46126 0.12323 -0.13998 10.0845 0.089339 -0.0299324 -0.0563523
2277.52 0.229828 -0.229828 -9.49956 0.11007 -0.145962 10.0702 0.0876591 -0.0308487 -0.0587958
2277.54 0.191523 -0.268133 -9.34634 0.108873 -0.137587 10.0702 0.0868956 -0.0300851 -0.0558941
2277.56 0.268133 -0.229828 -9.30804 0.108873 -0.135194 10.075 0.0870483 -0.0346666 -0.0563523
2277.57 0.268133 -0.191523 -9.42295 0.117248 -0.136391 10.069 0.0867428 -0.0311541 -0.0577268
2277.59 0.229828 -0.229828 -9.61448 0.118445 -0.129212 10.057 0.0884227 -0.0368046 -0.0578795
2277.6 0.229828 -0.268133 -9.42295 0.122034 -0.11007 10.0654 0.0890336 -0.0401644 -0.0581849
2277.62 0.0766094 -0.191523 -9.30804 0.120837 -0.12323 10.063 0.08827 -0.0354302 -0.056505
2277.64 0.229828 -0.268133 -9.49956 0.128016 -0.113659 10.0726 0.0873537 -0.0337503 -0.0578795
2277.65 0.153219 -0.306437 -9.34634 0.128016 -0.130409 10.063 0.0896445 -0.0392481 -0.057574
2277.67 0.229828 -0.229828 -9.42295 0.12323 -0.11007 10.0726 0.0884227 -0.0363465 -0.0560469
2277.69 0.268133 -0.268133 -9.61448 0.116052 -0.136391 10.0558 0.087201 -0.0316123 -0.0555887
2277.7 0.268133 -0.344742 -9.34634 0.100499 -0.135194 10.0726 0.0884227 -0.0374155 -0.0563523
2277.72 0.229828 -0.268133 -9.49956 0.0993021 -0.125623 10.069 0.0852157 -0.0348193 -0.0551306
2277.74 0.153219 -0.268133 -9.42295 0.0897308 -0.130409 10.0726 0.087201 -0.0343612 -0.0566577
2277.75 0.229828 -0.268133 -9.53786 0.087338 -0.143569 10.0654 0.0868956 -0.0372628 -0.0572686
2277.77 0.191523 -0.306437 -9.23143 0.102891 -0.141176 10.081 0.0833831 -0.0302378 -0.0551306
2277.79 0.191523 -0.306437 -9.38465 0.124427 -0.131605 10.0762 0.0881173 -0.0354302 -0.0540616
2277.8 0.191523 -0.114914 -9.53786 0.12682 -0.13998 10.0594 0.0858265 -0.0375682 -0.0561996
2277.82 0.229828 -0.268133 -9.49956 0.137587 -0.136391 10.0714 0.0838412 -0.0314596 -0.0551306
2277.84 0.229828 -0.268133 -9.61448 0.153141 -0.143569 10.0738 0.0897971 -0.0383318 -0.055436
2277.85 0.191523 -0.306437 -9.38465 0.157926 -0.147159 10.069 0.0885754 -0.0377209 -0.0568105
2277.87 0.0766094 -0.229828 -9.72939 0.145962 -0.142373 10.0618 0.0870483 -0.0364992 -0.0569632
2277.89 0.344742 -0.268133 -9.69109 0.147159 -0.161515 10.0546 0.0844521 -0.0311541 -0.0529926
2277.9 0.153219 -0.306437 -9.34634 0.136391 -0.160319 10.057 0.0867428 -0.032834 -0.056505
2277.92 0.0766094 -0.306437 -9.30804 0.124427 -0.163908 10.063 0.0864374 -0.0348193 -0.0577268
2277.93 0.229828 -0.344742 -9.46126 0.130409 -0.151944 10.075 0.0868956 -0.0303905 -0.0569632
2277.95 0.268133 -0.383047 -9.61448 0.11007 -0.168694 10.0654 0.0884227 -0.0361938 -0.0578795
2277.97 0.306437 -0.306437 -9.53786 0.11007 -0.157926 10.0702 0.0865901 -0.0332921 -0.0568105
2277.99 0.114914 -0.268133 -9.46126 0.135194 -0.155533 10.0606 0.086132 -0.0314596 -0.0568105
2278.0 0.0766094 -0.268133 -9.42295 0.128016 -0.151944 10.0594 0.0868956 -0.0335976 -0.0584903
2278.02 0.0766094 -0.191523 -9.49956 0.15673 -0.137587 10.0762 0.0902553 -0.0392481 -0.0571159
2278.03 0.0766094 -0.306437 -9.38465 0.132802 -0.136391 10.0654 0.0852157 -0.0343612 -0.0583376
2278.05 0.0 -0.306437 -9.806 0.157926 -0.131605 10.0642 0.089339 -0.0384845 -0.0583376
2278.07 0.191523 -0.229828 -9.49956 0.129212 -0.145962 10.0726 0.0875064 -0.033903 -0.0577268
2278.08 0.153219 -0.191523 -9.65278 0.111266 -0.131605 10.069 0.0867428 -0.0340557 -0.057574
2278.1 0.306437 -0.268133 -9.49956 0.129212 -0.143569 10.0678 0.0867428 -0.0305433 -0.0558941
2278.12 0.268133 -0.306437 -9.15482 0.102891 -0.154337 10.069 0.085063 -0.0332921 -0.0566577
2278.13 0.229828 -0.153219 -9.49956 0.0921237 -0.159123 10.057 0.0858265 -0.0316123 -0.0571159
2278.15 0.114914 -0.344742 -9.38465 0.0849452 -0.153141 10.069 0.0885754 -0.0389426 -0.0583376
2278.17 0.229828 -0.229828 -9.53786 0.0969093 -0.141176 10.0714 0.0890336 -0.03711 -0.0594066
2278.18 0.191523 -0.191523 -9.61448 0.100499 -0.128016 10.0654 0.0849102 -0.030696 -0.0561996
2278.2 0.268133 -0.153219 -9.46126 0.0993021 -0.130409 10.057 0.0885754 -0.0332921 -0.0586431
2278.21 0.229828 -0.229828 -9.46126 0.12682 -0.108873 10.0714 0.086132 -0.0297797 -0.0552833
2278.23 0.0766094 -0.229828 -9.42295 0.133998 -0.122034 10.0606 0.0862847 -0.0331394 -0.0591012
2278.25 0.114914 -0.383047 -9.34634 0.12682 -0.112463 10.057 0.0899499 -0.0392481 -0.0586431
2278.26 0.191523 -0.306437 -9.46126 0.147159 -0.117248 10.0666 0.0846048 -0.033903 -0.0555887
2278.28 0.191523 -0.153219 -9.15482 0.13998 -0.120837 10.0558 0.0833831 -0.0244346 -0.0561996
2278.3 0.153219 -0.229828 -9.34634 0.118445 -0.129212 10.075 0.0842994 -0.0329867 -0.0558941
2278.31 0.114914 -0.306437 -9.30804 0.116052 -0.141176 10.0594 0.0891863 -0.0384845 -0.0577268
2278.33 0.268133 -0.229828 -9.30804 0.104088 -0.145962 10.0606 0.0849102 -0.0313068 -0.0549779
2278.35 0.383047 -0.191523 -9.53786 0.0909272 -0.144766 10.063 0.0899499 -0.0410807 -0.0555887
2278.36 0.268133 -0.306437 -9.42295 0.114855 -0.138784 10.0714 0.0858265 -0.0337503 -0.0571159
2278.38 0.0766094 -0.229828 -9.53786 0.111266 -0.131605 10.0606 0.0875064 -0.0337503 -0.0548251
2278.4 0.191523 -0.306437 -9.34634 0.128016 -0.125623 10.0774 0.0859793 -0.0334449 -0.0540616
2278.41 0.229828 -0.306437 -9.38465 0.149551 -0.130409 10.0642 0.0875064 -0.0369573 -0.0548251
2278.43 0.191523 -0.229828 -9.34634 0.153141 -0.125623 10.0678 0.0856738 -0.031765 -0.0555887
2278.45 0.0383047 -0.344742 -9.19312 0.157926 -0.111266 10.0762 0.083994 -0.0331394 -0.055436
2278.46 0.153219 -0.344742 -9.46126 0.15673 -0.130409 10.0606 0.0894917 -0.0363465 -0.0557414
2278.48 0.229828 -0.229828 -9.38465 0.12682 -0.142373 10.069 0.0894917 -0.0366519 -0.056505
2278.5 0.191523 -0.268133 -9.42295 0.120837 -0.132802 10.0798 0.0887282 -0.0355829 -0.0569632
2278.51 0.306437 -0.268133 -9.49956 0.116052 -0.159123 10.0582 0.0870483 -0.0363465 -0.055436
2278.53 0.114914 -0.268133 -9.38465 0.107677 -0.159123 10.0762 0.086132 -0.0331394 -0.055436
2278.54 0.229828 -0.268133 -9.53786 0.101695 -0.168694 10.0642 0.0838412 -0.0293215 -0.054367
2278.56 0.229828 -0.268133 -9.49956 0.111266 -0.17348 10.0762 0.087201 -0.0337503 -0.0568105
2278.57 0.0383047 -0.306437 -9.23143 0.117248 -0.174676 10.0618 0.0891863 -0.0386372 -0.0572686
2278.59 0.191523 -0.383047 -9.19312 0.129212 -0.160319 10.0678 0.0905607 -0.0380264 -0.0592539
2278.6 0.191523 -0.344742 -9.38465 0.150748 -0.153141 10.051 0.090408 -0.0390954 -0.0577268
2278.62 0.114914 -0.268133 -9.34634 0.150748 -0.155533 10.069 0.087201 -0.0357356 -0.0566577
2278.63 0.0383047 -0.268133 -9.49956 0.162712 -0.136391 10.0642 0.0859793 -0.0310014 -0.0560469
2278.65 0.114914 -0.268133 -9.57617 0.13998 -0.149551 10.0558 0.0865901 -0.0335976 -0.0569632
2279.24 0.0766094 -0.268133 -9.46126 0.147159 -0.153141 10.0654 0.0888809 -0.0357356 -0.0577268
2279.26 0.229828 -0.268133 -9.38465 0.129212 -0.128016 10.0714 0.08827 -0.0343612 -0.0597121
2279.28 0.306437 -0.191523 -9.53786 0.117248 -0.131605 10.0546 0.0896445 -0.0369573 -0.0591012
2279.29 0.0766094 -0.344742 -9.46126 0.107677 -0.129212 10.0774 0.0887282 -0.0345139 -0.0586431
2279.31 0.191523 -0.191523 -9.38465 0.101695 -0.148355 10.0726 0.086132 -0.0313068 -0.0558941
2279.33 0.153219 -0.268133 -9.42295 0.0897308 -0.151944 10.0666 0.091477 -0.0384845 -0.0591012
2279.34 0.191523 -0.344742 -9.57617 0.0897308 -0.147159 10.063 0.0901026 -0.0358883 -0.0583376
2279.36 0.153219 -0.344742 -9.57617 0.107677 -0.13998 10.0738 0.0849102 -0.0294742 -0.0583376
2279.38 0.229828 -0.306437 -9.42295 0.107677 -0.143569 10.0642 0.0881173 -0.036041 -0.0581849
2279.39 0.114914 -0.306437 -9.53786 0.131605 -0.129212 10.0738 0.0876591 -0.034972 -0.057574
2279.41 0.191523 -0.306437 -9.38465 0.157926 -0.132802 10.069 0.0867428 -0.033903 -0.0577268
2279.43 0.0766094 -0.229828 -9.53786 0.150748 -0.122034 10.0606 0.0875064 -0.0323759 -0.0577268
2279.44 0.153219 -0.268133 -9.49956 0.143569 -0.117248 10.0606 0.0887282 -0.03711 -0.0586431
2279.46 0.268133 -0.268133 -9.07821 0.138784 -0.111266 10.063 0.087201 -0.0305433 -0.0571159
2279.48 0.153219 -0.229828 -9.53786 0.136391 -0.105284 10.0642 0.0870483 -0.0332921 -0.0577268
2279.49 0.229828 -0.268133 -9.30804 0.118445 -0.116052 10.0702 0.0849102 -0.0316123 -0.0549779
2279.51 0.268133 -0.191523 -9.76769 0.0969093 -0.116052 10.0606 0.0908662 -0.0378736 -0.0568105
2279.53 0.383047 -0.268133 -9.38465 0.108873 -0.113659 10.069 0.086132 -0.0342084 -0.056505
2279.54 0.268133 -0.229828 -9.69109 0.09332 -0.118445 10.0738 0.0858265 -0.0303905 -0.0552833
2279.56 0.229828 -0.229828 -9.46126 0.101695 -0.138784 10.075 0.0870483 -0.0357356 -0.057574
2279.58 0.229828 -0.191523 -9.61448 0.114855 -0.130409 10.063 0.0853684 -0.0332921 -0.0539089
2279.59 0.229828 -0.268133 -9.42295 0.128016 -0.12682 10.0702 0.0868956 -0.0323759 -0.0540616
2279.61 0.268133 -0.191523 -9.69109 0.133998 -0.113659 10.063 0.0890336 -0.0400117 -0.0560469
2279.63 0.191523 -0.268133 -9.38465 0.15673 -0.131605 10.0642 0.0856738 -0.032834 -0.0569632
2279.64 0.344742 -0.114914 -9.61448 0.132802 -0.13998 10.0594 0.087201 -0.0352775 -0.0563523
2279.66 0.0766094 -0.191523 -9.38465 0.155533 -0.13998 10.0833 0.0862847 -0.0332921 -0.0555887
2279.68 0.153219 -0.306437 -9.46126 0.132802 -0.141176 10.0594 0.0853684 -0.0299324 -0.0548251
2279.69 0.229828 -0.268133 -9.46126 0.113659 -0.131605 10.0666 0.0859793 -0.0343612 -0.0539089
2279.71 0.191523 -0.306437 -9.30804 0.0957129 -0.143569 10.0869 0.0853684 -0.0313068 -0.0561996
2279.73 0.229828 -0.268133 -9.46126 0.0909272 -0.154337 10.0714 0.0868956 -0.030696 -0.0558941
2279.74 0.421352 -0.268133 -9.42295 0.0993021 -0.168694 10.0702 0.0868956 -0.036041 -0.0561996
2279.76 0.229828 -0.306437 -9.42295 0.104088 -0.167498 10.075 0.0833831 -0.0329867 -0.0545197
2279.78 0.114914 -0.268133 -9.57617 0.108873 -0.166301 10.081 0.0875064 -0.034972 -0.0546724
2279.79 0.153219 -0.268133 -9.65278 0.138784 -0.177069 10.0546 0.0876591 -0.031765 -0.0536034
2279.81 0.229828 -0.229828 -9.46126 0.153141 -0.177069 10.0702 0.0862847 -0.0293215 -0.0555887
2279.82 0.191523 -0.306437 -9.46126 0.157926 -0.185444 10.0654 0.0867428 -0.0331394 -0.056505
2279.84 0.229828 -0.229828 -9.57617 0.180658 -0.172283 10.063 0.0870483 -0.0313068 -0.0581849
2279.86 0.229828 -0.306437 -9.69109 0.15673 -0.168694 10.0546 0.0873537 -0.0299324 -0.0572686
2279.87 0.0383047 -0.344742 -9.46126 0.135194 -0.149551 10.0594 0.0899499 -0.0355829 -0.0592539
2279.89 0.153219 -0.268133 -9.46126 0.112463 -0.147159 10.0546 0.0876591 -0.0340557 -0.0603229
2279.91 0.191523 -0.229828 -9.42295 0.0945165 -0.147159 10.0618 0.0887282 -0.0337503 -0.0616974
2279.92 0.268133 -0.229828 -9.34634 0.0981057 -0.141176 10.0714 0.0884227 -0.0342084 -0.0589485
2279.94 0.114914 -0.191523 -9.42295 0.0813559 -0.135194 10.0762 0.0901026 -0.0383318 -0.0592539
2279.96 0.191523 -0.153219 -9.46126 0.0777667 -0.131605 10.0762 0.089339 -0.036041 -0.0586431
2279.97 0.229828 -0.229828 -9.42295 0.09332 -0.130409 10.0558 0.0881173 -0.031765 -0.0551306
2279.99 0.268133 -0.191523 -9.19312 0.116052 -0.12682 10.0666 0.0868956 -0.030696 -0.0581849
2280.01 0.153219 -0.229828 -9.53786 0.141176 -0.113659 10.069 0.0885754 -0.0380264 -0.057574
2280.02 0.229828 -0.306437 -9.42295 0.154337 -0.120837 10.0522 0.089339 -0.0383318 -0.0581849
2280.04 0.191523 -0.153219 -9.11651 0.144766 -0.104088 10.0582 0.087201 -0.0352775 -0.0551306
2280.06 0.114914 -0.268133 -9.38465 0.157926 -0.11007 10.0786 0.0853684 -0.0277944 -0.0568105
2280.07 0.306437 -0.191523 -9.57617 0.133998 -0.122034 10.0582 0.0881173 -0.0335976 -0.0589485
2280.09 0.383047 -0.268133 -9.26973 0.113659 -0.129212 10.063 0.0891863 -0.0351248 -0.0587958
2280.11 0.229828 -0.191523 -9.26973 0.0945165 -0.125623 10.0666 0.0847575 -0.0279471 -0.0577268
2280.12 0.191523 -0.229828 -9.53786 0.0909272 -0.119641 10.0594 0.08827 -0.0357356 -0.0557414
2280.14 0.229828 -0.191523 -9.53786 0.0861416 -0.135194 10.0606 0.0876591 -0.033903 -0.055436
2280.16 0.191523 -0.306437 -9.46126 0.106481 -0.132802 10.075 0.08827 -0.0374155 -0.0581849
2280.17 0.229828 -0.268133 -9.57617 0.117248 -0.116052 10.0642 0.0876591 -0.0325286 -0.0551306
2280.19 0.114914 -0.229828 -9.19312 0.142373 -0.118445 10.0654 0.0864374 -0.033903 -0.0548251
2280.21 0.229828 -0.229828 -9.46126 0.144766 -0.133998 10.0774 0.0864374 -0.0348193 -0.0551306
2280.22 0.0 -0.268133 -9.38465 0.174676 -0.137587 10.0774 0.0856738 -0.0282525 -0.0542143
2280.24 0.191523 -0.191523 -9.42295 0.142373 -0.137587 10.0594 0.0858265 -0.0299324 -0.0542143
2280.26 0.268133 -0.306437 -9.15482 0.144766 -0.138784 10.0582 0.0862847 -0.033903 -0.055436
2280.27 0.191523 -0.229828 -9.34634 0.131605 -0.151944 10.0654 0.0827722 -0.0245873 -0.0528398
2280.29 0.191523 -0.306437 -9.49956 0.0897308 -0.157926 10.069 0.0873537 -0.0334449 -0.0569632
2280.3 0.268133 -0.268133 -9.42295 0.0861416 -0.155533 10.075 0.0868956 -0.0323759 -0.0557414
2280.32 0.229828 -0.306437 -9.57617 0.0777667 -0.155533 10.0714 0.0899499 -0.0397062 -0.0568105
2280.34 0.0766094 -0.268133 -9.38465 0.0849452 -0.154337 10.0702 0.0876591 -0.0346666 -0.0569632
2280.35 0.229828 -0.268133 -9.46126 0.0861416 -0.148355 10.069 0.0876591 -0.034972 -0.0563523
2280.37 0.0766094 -0.306437 -9.34634 0.0993021 -0.13998 10.069 0.0888809 -0.0337503 -0.0558941
2280.39 0.191523 -0.191523 -9.34634 0.125623 -0.13998 10.075 0.0884227 -0.0390954 -0.056505
2280.4 0.0383047 -0.306437 -9.38465 0.135194 -0.143569 10.069 0.087201 -0.0386372 -0.0563523
2280.42 0.344742 -0.268133 -9.34634 0.153141 -0.144766 10.0546 0.0875064 -0.0361938 -0.0572686
2280.44 0.229828 -0.306437 -9.42295 0.147159 -0.155533 10.0582 0.0908662 -0.0407752 -0.0566577
2280.45 0.114914 -0.344742 -9.46126 0.155533 -0.16989 10.0654 0.086132 -0.0331394 -0.0571159
2280.47 0.191523 -0.306437 -9.46126 0.148355 -0.15673 10.0582 0.08827 -0.0331394 -0.0566577
2280.49 0.114914 -0.306437 -9.46126 0.136391 -0.172283 10.0546 0.0876591 -0.0323759 -0.0591012
2280.5 0.229828 -0.191523 -9.46126 0.12682 -0.162712 10.0582 0.0855211 -0.0285579 -0.0571159
2280.52 0.191523 -0.306437 -9.49956 0.107677 -0.160319 10.069 0.0862847 -0.0290161 -0.0571159
2280.54 0.153219 -0.268133 -9.46126 0.117248 -0.15673 10.0678 0.0913243 -0.0363465 -0.0601702
2280.55 0.0 -0.306437 -9.26973 0.117248 -0.150748 10.057 0.0884227 -0.0342084 -0.0578795
2280.57 0.191523 -0.268133 -9.57617 0.132802 -0.138784 10.0738 0.0916298 -0.0386372 -0.0581849
2280.59 0.0766094 -0.268133 -9.57617 0.144766 -0.120837 10.0666 0.0913243 -0.0401644 -0.0600175
2280.6 0.191523 -0.229828 -9.38465 0.153141 -0.12323 10.0618 0.0878119 -0.0313068 -0.0584903
2280.62 0.229828 -0.229828 -9.65278 0.153141 -0.11007 10.0702 0.0899499 -0.03711 -0.0597121
2280.64 0.229828 -0.153219 -9.61448 0.160319 -0.106481 10.0762 0.0899499 -0.0352775 -0.0598648
2280.65 0.114914 -0.268133 -9.38465 0.137587 -0.114855 10.0618 0.0887282 -0.0325286 -0.0568105
2280.67 0.383047 -0.344742 -9.61448 0.125623 -0.125623 10.0582 0.0888809 -0.032834 -0.0560469
2280.69 0.191523 -0.268133 -9.49956 0.0921237 -0.131605 10.063 0.0858265 -0.0288634 -0.055436
2280.7 0.229828 -0.306437 -9.30804 0.0849452 -0.12323 10.0762 0.0908662 -0.0387899 -0.0560469
2280.72 0.191523 -0.344742 -9.46126 0.0765703 -0.12682 10.063 0.0859793 -0.0288634 -0.0549779
2280.74 0.0766094 -0.306437 -9.65278 0.0741775 -0.128016 10.0642 0.0885754 -0.0329867 -0.0569632
2280.75 0.268133 -0.229828 -9.46126 0.0789631 -0.116052 10.075 0.0864374 -0.036041 -0.055436
2280.77 0.268133 -0.268133 -9.19312 0.0969093 -0.105284 10.0702 0.0862847 -0.0326813 -0.0561996
2280.79 0.229828 -0.229828 -9.38465 0.122034 -0.105284 10.0714 0.0849102 -0.033903 -0.0551306
2280.8 0.421352 -0.268133 -9.42295 0.130409 -0.0945165 10.0786 0.0922406 -0.0429133 -0.0563523
2280.82 0.191523 -0.306437 -9.42295 0.137587 -0.114855 10.0582 0.0864374 -0.0358883 -0.054367
2280.83 0.191523 -0.229828 -9.38465 0.142373 -0.106481 10.0594 0.0868956 -0.0357356 -0.0549779
2280.85 0.191523 -0.268133 -9.65278 0.142373 -0.122034 10.0774 0.0879646 -0.0400117 -0.056505
2280.87 0.229828 -0.268133 -9.57617 0.131605 -0.138784 10.0762 0.0881173 -0.0383318 -0.0563523
2280.88 0.153219 -0.268133 -9.57617 0.114855 -0.157926 10.0666 0.0879646 -0.034972 -0.0557414
2280.9 0.114914 -0.268133 -9.49956 0.0945165 -0.163908 10.075 0.0859793 -0.0325286 -0.0552833
2280.92 0.191523 -0.268133 -9.46126 0.105284 -0.185444 10.0618 0.0864374 -0.0355829 -0.0558941
2280.93 0.191523 -0.306437 -9.26973 0.113659 -0.180658 10.0714 0.0878119 -0.0363465 -0.0566577
2280.95 0.344742 -0.344742 -9.38465 0.12323 -0.181854 10.057 0.0862847 -0.0340557 -0.0558941
2280.97 0.383047 -0.344742 -9.42295 0.13998 -0.17348 10.0463 0.0867428 -0.0345139 -0.0549779
2280.98 0.229828 -0.344742 -9.42295 0.148355 -0.160319 10.0594 0.0870483 -0.0354302 -0.057574
2281.0 0.306437 -0.268133 -9.42295 0.151944 -0.154337 10.0714 0.0885754 -0.034972 -0.0555887
2281.02 0.191523 -0.306437 -9.46126 0.159123 -0.13998 10.0702 0.08827 -0.0354302 -0.0558941
2281.03 0.268133 -0.229828 -9.53786 0.165105 -0.13998 10.0654 0.0896445 -0.0364992 -0.0577268
2281.05 0.191523 -0.268133 -9.38465 0.150748 -0.138784 10.057 0.08827 -0.0343612 -0.0566577
2281.07 0.229828 -0.268133 -9.46126 0.132802 -0.148355 10.0666 0.0868956 -0.0300851 -0.0555887
2281.08 0.153219 -0.306437 -9.38465 0.128016 -0.153141 10.0594 0.0894917 -0.0334449 -0.0583376
2281.1 0.114914 -0.306437 -9.61448 0.116052 -0.163908 10.0654 0.0897971 -0.0366519 -0.0568105
2281.12 0.229828 -0.229828 -9.53786 0.101695 -0.150748 10.0618 0.0910189 -0.0358883 -0.0577268
2281.13 0.229828 -0.229828 -9.34634 0.0993021 -0.162712 10.0582 0.0899499 -0.0351248 -0.0583376
2281.15 0.344742 -0.229828 -9.46126 0.112463 -0.168694 10.057 0.0901026 -0.0351248 -0.0583376
2281.16 0.153219 -0.344742 -9.46126 0.117248 -0.132802 10.0786 0.0888809 -0.0357356 -0.0577268
2281.18 0.344742 -0.153219 -9.42295 0.120837 -0.150748 10.0714 0.0875064 -0.0348193 -0.0594066
2281.2 0.229828 -0.229828 -9.49956 0.151944 -0.132802 10.063 0.0901026 -0.0378736 -0.0601702
2281.21 0.0383047 -0.268133 -9.46126 0.149551 -0.106481 10.063 0.0870483 -0.0320704 -0.0577268
2281.23 0.268133 -0.268133 -9.46126 0.150748 -0.108873 10.0881 0.0873537 -0.0346666 -0.0584903
2281.24 0.153219 -0.306437 -9.30804 0.149551 -0.105284 10.0738 0.0864374 -0.0335976 -0.0572686
2281.26 0.229828 -0.268133 -9.49956 0.124427 -0.106481 10.069 0.0885754 -0.0322231 -0.057574
2281.28 0.191523 -0.229828 -9.53786 0.117248 -0.117248 10.063 0.08827 -0.0326813 -0.0569632
2281.29 0.191523 -0.229828 -9.30804 0.0969093 -0.113659 10.0654 0.0888809 -0.0329867 -0.0583376
2281.31 0.268133 -0.268133 -9.26973 0.0909272 -0.129212 10.0654 0.0873537 -0.0331394 -0.0561996
2281.33 0.229828 -0.229828 -9.34634 0.087338 -0.133998 10.063 0.0876591 -0.033903 -0.0560469
2281.34 0.229828 -0.306437 -9.46126 0.0897308 -0.122034 10.0726 0.0884227 -0.0377209 -0.0571159
2281.36 0.191523 -0.268133 -9.38465 0.0897308 -0.116052 10.0774 0.0873537 -0.0355829 -0.0560469
2281.38 0.306437 -0.191523 -9.46126 0.105284 -0.118445 10.0642 0.083994 -0.0262672 -0.0549779
2281.39 0.191523 -0.306437 -9.65278 0.111266 -0.117248 10.069 0.0885754 -0.0335976 -0.0572686
2281.41 0.268133 -0.191523 -9.46126 0.12682 -0.102891 10.0738 0.0852157 -0.0316123 -0.0546724
2281.43 0.306437 -0.344742 -9.76769 0.129212 -0.102891 10.0798 0.0888809 -0.03711 -0.0584903
2281.45 0.268133 -0.268133 -9.49956 0.132802 -0.0897308 10.069 0.0856738 -0.0308487 -0.0531453
2281.46 0.268133 -0.229828 -9.49956 0.119641 -0.120837 10.0666 0.0856738 -0.0335976 -0.0552833
2281.48 0.229828 -0.306437 -9.42295 0.111266 -0.12682 10.069 0.0875064 -0.0369573 -0.0552833
2281.49 0.191523 -0.268133 -9.30804 0.111266 -0.124427 10.0606 0.0899499 -0.0384845 -0.0545197
2281.51 0.229828 -0.229828 -9.42295 0.101695 -0.153141 10.069 0.0829249 -0.0313068 -0.0510072
2281.53 0.268133 -0.229828 -9.49956 0.105284 -0.15673 10.0702 0.086132 -0.0358883 -0.0539089
2281.54 0.229828 -0.344742 -9.30804 0.113659 -0.166301 10.0666 0.0849102 -0.0363465 -0.0542143
2281.56 0.191523 -0.229828 -9.46126 0.130409 -0.161515 10.0546 0.0844521 -0.0343612 -0.052229
2281.58 0.191523 -0.191523 -9.42295 0.151944 -0.178265 10.0642 0.0838412 -0.0348193 -0.0560469
2281.59 0.153219 -0.268133 -9.49956 0.163908 -0.185444 10.0618 0.0878119 -0.0374155 -0.0558941
2281.61 0.229828 -0.229828 -9.46126 0.171087 -0.177069 10.0738 0.0859793 -0.0348193 -0.054367
2281.63 0.229828 -0.268133 -9.49956 0.177069 -0.166301 10.0714 0.0867428 -0.0311541 -0.0574213
2281.64 0.306437 -0.268133 -9.72939 0.174676 -0.15673 10.0714 0.0884227 -0.0351248 -0.0578795
2281.66 0.191523 -0.306437 -9.65278 0.147159 -0.15673 10.0618 0.0879646 -0.0326813 -0.0581849
2281.68 0.268133 -0.268133 -9.0016 0.148355 -0.157926 10.0726 0.08827 -0.0334449 -0.0578795
2281.69 0.153219 -0.229828 -9.34634 0.129212 -0.161515 10.0654 0.0862847 -0.032834 -0.056505
2281.71 0.268133 -0.306437 -9.34634 0.118445 -0.171087 10.0762 0.0875064 -0.033903 -0.0578795
2281.73 0.268133 -0.344742 -9.42295 0.0945165 -0.161515 10.0678 0.0847575 -0.0300851 -0.0558941
2281.74 0.229828 -0.306437 -9.15482 0.100499 -0.168694 10.0522 0.089339 -0.033903 -0.0581849
2281.76 0.153219 -0.268133 -9.34634 0.104088 -0.161515 10.0678 0.0899499 -0.0357356 -0.0597121
2281.78 0.191523 -0.229828 -9.49956 0.104088 -0.165105 10.0714 0.0919352 -0.0351248 -0.0606284
2281.79 0.229828 -0.306437 -9.34634 0.119641 -0.150748 10.0726 0.0922406 -0.0412334 -0.0601702
2281.81 0.191523 -0.306437 -9.53786 0.129212 -0.128016 10.0666 0.0891863 -0.0316123 -0.0591012
2281.82 0.114914 -0.344742 -9.42295 0.124427 -0.117248 10.0714 0.0875064 -0.0335976 -0.0578795
2281.84 0.153219 -0.229828 -9.46126 0.113659 -0.105284 10.0714 0.0858265 -0.0303905 -0.0584903
2281.85 0.191523 -0.268133 -9.26973 0.102891 -0.105284 10.0618 0.0879646 -0.0313068 -0.0568105
2281.87 0.191523 -0.268133 -9.49956 0.0849452 -0.112463 10.0606 0.0881173 -0.0334449 -0.0581849
2281.89 0.344742 -0.153219 -9.26973 0.0837488 -0.0981057 10.0702 0.0887282 -0.031765 -0.0595593
2281.9 0.306437 -0.344742 -9.46126 0.0741775 -0.0945165 10.0714 0.0858265 -0.0305433 -0.0552833
2281.92 0.191523 -0.191523 -9.49956 0.0646062 -0.107677 10.0558 0.0875064 -0.0340557 -0.0568105
2281.93 0.191523 -0.268133 -9.46126 0.0753739 -0.104088 10.0606 0.0859793 -0.0288634 -0.0563523
2281.95 0.229828 -0.306437 -9.46126 0.0909272 -0.120837 10.0558 0.0873537 -0.0355829 -0.0563523
2281.97 0.191523 -0.344742 -9.49956 0.122034 -0.122034 10.0618 0.0873537 -0.033903 -0.0548251
2281.99 0.114914 -0.268133 -9.42295 0.137587 -0.117248 10.069 0.0885754 -0.0383318 -0.0566577
2282.01 0.0383047 -0.268133 -9.53786 0.154337 -0.122034 10.0594 0.08827 -0.0357356 -0.056505
2282.02 0.153219 -0.229828 -9.69109 0.168694 -0.117248 10.0618 0.087201 -0.0352775 -0.0555887
2282.04 0.191523 -0.229828 -9.42295 0.167498 -0.119641 10.0774 0.0864374 -0.0374155 -0.057574
2282.06 0.191523 -0.191523 -9.34634 0.155533 -0.120837 10.0558 0.0838412 -0.0313068 -0.0545197
2282.07 0.268133 -0.191523 -9.46126 0.154337 -0.131605 10.063 0.0855211 -0.0343612 -0.0558941
2282.09 0.0766094 -0.268133 -9.42295 0.128016 -0.12682 10.0594 0.0827722 -0.0268781 -0.0540616
2282.11 0.114914 -0.268133 -9.53786 0.111266 -0.149551 10.0774 0.0884227 -0.0387899 -0.0561996
2282.12 0.0383047 -0.229828 -9.23143 0.101695 -0.149551 10.0642 0.0833831 -0.0329867 -0.0563523
2282.14 0.229828 -0.306437 -9.46126 0.104088 -0.154337 10.0642 0.0855211 -0.0323759 -0.0539089
2282.16 0.191523 -0.306437 -9.46126 0.116052 -0.168694 10.0654 0.0852157 -0.0310014 -0.0551306
2282.17 0.229828 -0.344742 -9.69109 0.117248 -0.163908 10.0738 0.087201 -0.0352775 -0.0549779
2282.19 0.229828 -0.306437 -9.46126 0.131605 -0.163908 10.0714 0.0884227 -0.0368046 -0.0566577
2282.21 0.114914 -0.268133 -9.34634 0.159123 -0.175872 10.0726 0.0856738 -0.0314596 -0.0558941
2282.22 0.191523 -0.344742 -9.38465 0.149551 -0.179462 10.0702 0.0841467 -0.0308487 -0.055436
2282.24 0.191523 -0.306437 -9.57617 0.162712 -0.177069 10.0738 0.0905607 -0.0395535 -0.0581849
2282.26 0.153219 -0.306437 -9.49956 0.136391 -0.16989 10.075 0.0887282 -0.034972 -0.0563523
2282.27 0.191523 -0.153219 -9.49956 0.128016 -0.162712 10.0738 0.08827 -0.0320704 -0.0583376
2282.29 0.191523 -0.306437 -9.42295 0.116052 -0.165105 10.0642 0.0896445 -0.0384845 -0.0598648
2282.31 0.153219 -0.229828 -9.92091 0.087338 -0.165105 10.0654 0.0888809 -0.0308487 -0.0581849
2282.32 0.191523 -0.229828 -9.49956 0.0981057 -0.163908 10.0714 0.089339 -0.033903 -0.0592539
2282.34 0.114914 -0.268133 -9.42295 0.0861416 -0.157926 10.0606 0.0881173 -0.031765 -0.056505
2282.36 0.268133 -0.344742 -9.38465 0.106481 -0.168694 10.0702 0.0884227 -0.0352775 -0.0580322
2282.37 0.191523 -0.344742 -9.38465 0.107677 -0.171087 10.0642 0.0885754 -0.0337503 -0.0586431
2282.39 0.0766094 -0.383047 -9.23143 0.132802 -0.160319 10.0606 0.0879646 -0.032834 -0.0580322
2282.41 0.114914 -0.268133 -9.49956 0.138784 -0.133998 10.063 0.089339 -0.0345139 -0.0598648
2282.42 0.153219 -0.306437 -9.61448 0.159123 -0.130409 10.0714 0.0894917 -0.034972 -0.0584903
2282.44 0.191523 -0.229828 -9.49956 0.137587 -0.113659 10.0618 0.0901026 -0.0358883 -0.0584903
2282.46 0.191523 -0.306437 -9.76769 0.155533 -0.119641 10.0702 0.0902553 -0.0397062 -0.0603229
2282.47 0.229828 -0.268133 -9.46126 0.130409 -0.0981057 10.0786 0.0934624 -0.0390954 -0.0597121
2282.49 0.268133 -0.191523 -9.23143 0.107677 -0.104088 10.0762 0.0888809 -0.0358883 -0.0584903
2282.5 0.191523 -0.229828 -9.34634 0.0849452 -0.0981057 10.081 0.0859793 -0.0322231 -0.0551306
2282.52 0.268133 -0.306437 -9.38465 0.09332 -0.0885344 10.0714 0.087201 -0.0302378 -0.0558941
2282.54 0.229828 -0.229828 -9.49956 0.0801595 -0.0801595 10.063 0.0881173 -0.0368046 -0.0568105
2282.55 0.0766094 -0.191523 -9.53786 0.0741775 -0.09332 10.057 0.090408 -0.036041 -0.0581849
2282.57 0.306437 -0.153219 -9.49956 0.105284 -0.102891 10.0654 0.087201 -0.0375682 -0.0583376
2282.59 0.191523 -0.153219 -9.30804 0.111266 -0.09332 10.069 0.0873537 -0.0366519 -0.054367
2282.6 0.191523 -0.229828 -9.46126 0.130409 -0.0945165 10.0666 0.0879646 -0.0351248 -0.0542143
2282.62 0.0383047 -0.153219 -9.57617 0.143569 -0.0945165 10.0666 0.0876591 -0.0334449 -0.0548251
2282.64 0.191523 -0.191523 -9.46126 0.144766 -0.102891 10.0654 0.0849102 -0.032834 -0.053298
2282.65 0.306437 -0.229828 -9.46126 0.147159 -0.11007 10.0582 0.0876591 -0.0357356 -0.0572686
2282.67 0.0766094 -0.268133 -9.34634 0.135194 -0.128016 10.0833 0.0867428 -0.0348193 -0.0539089
2282.69 0.268133 -0.191523 -9.42295 0.138784 -0.131605 10.0762 0.0862847 -0.0322231 -0.0549779
2282.7 0.191523 -0.229828 -9.38465 0.102891 -0.135194 10.0618 0.0847575 -0.0335976 -0.0523817
2282.72 0.268133 -0.306437 -9.49956 0.09332 -0.150748 10.0678 0.0859793 -0.0325286 -0.0546724
2282.74 0.229828 -0.229828 -9.46126 0.101695 -0.147159 10.0738 0.0852157 -0.0335976 -0.0552833
2282.75 0.229828 -0.344742 -9.57617 0.113659 -0.175872 10.0738 0.0856738 -0.0345139 -0.053298
2282.77 0.229828 -0.306437 -9.19312 0.113659 -0.168694 10.0618 0.0853684 -0.0343612 -0.0531453
2282.79 0.229828 -0.421352 -9.34634 0.143569 -0.174676 10.0606 0.0876591 -0.0345139 -0.0546724
2282.8 0.229828 -0.344742 -9.42295 0.166301 -0.178265 10.0786 0.0864374 -0.0322231 -0.0546724
2282.82 0.268133 -0.268133 -9.30804 0.175872 -0.193819 10.0534 0.0853684 -0.0319177 -0.0571159
2282.83 0.229828 -0.344742 -9.92091 0.175872 -0.193819 10.0714 0.0884227 -0.0375682 -0.057574
2282.85 0.191523 -0.421352 -9.42295 0.167498 -0.199801 10.0654 0.0875064 -0.033903 -0.0569632
2282.87 0.114914 -0.421352 -9.23143 0.144766 -0.189033 10.0654 0.0862847 -0.0323759 -0.0555887
2282.88 0.268133 -0.344742 -9.46126 0.128016 -0.185444 10.057 0.0884227 -0.0394008 -0.0594066
2282.9 0.306437 -0.459656 -9.49956 0.112463 -0.179462 10.069 0.0873537 -0.0332921 -0.0587958
2282.92 0.268133 -0.306437 -9.42295 0.108873 -0.174676 10.0738 0.08827 -0.031765 -0.0586431
2282.93 0.229828 -0.383047 -9.19312 0.0885344 -0.162712 10.0606 0.089339 -0.0358883 -0.0600175
2282.95 0.229828 -0.153219 -9.49956 0.104088 -0.15673 10.0594 0.0897971 -0.0354302 -0.0580322
2282.97 0.229828 -0.268133 -9.69109 0.104088 -0.147159 10.0702 0.0888809 -0.0326813 -0.0589485
2282.98 0.229828 -0.306437 -9.38465 0.113659 -0.13998 10.0546 0.0894917 -0.0361938 -0.057574
2283.0 0.0766094 -0.306437 -9.38465 0.141176 -0.142373 10.0714 0.0913243 -0.0375682 -0.0580322
2283.02 0.114914 -0.229828 -9.34634 0.148355 -0.12323 10.0654 0.0901026 -0.0355829 -0.0603229
2283.03 0.0383047 -0.306437 -9.57617 0.160319 -0.12323 10.0534 0.0894917 -0.032834 -0.057574
2283.05 0.191523 -0.268133 -9.42295 0.145962 -0.104088 10.0582 0.0887282 -0.0368046 -0.0587958
2283.07 0.153219 -0.306437 -9.23143 0.125623 -0.118445 10.0654 0.0858265 -0.0273362 -0.0592539
2283.08 0.191523 -0.268133 -9.49956 0.118445 -0.100499 10.057 0.0887282 -0.0323759 -0.0586431
2283.1 0.191523 -0.306437 -9.23143 0.111266 -0.104088 10.0774 0.0867428 -0.0287107 -0.0571159
2283.12 0.268133 -0.229828 -9.42295 0.087338 -0.0909272 10.0714 0.0856738 -0.0290161 -0.055436
2283.13 0.268133 -0.268133 -9.30804 0.0705882 -0.09332 10.0738 0.0878119 -0.0369573 -0.0581849
2283.15 0.191523 -0.268133 -9.42295 0.0897308 -0.0897308 10.0582 0.0830777 -0.025809 -0.0569632
2283.17 0.0766094 -0.306437 -9.34634 0.0969093 -0.09332 10.0833 0.091477 -0.0406225 -0.057574
2283.18 0.229828 -0.268133 -9.26973 0.118445 -0.087338 10.0618 0.0878119 -0.0390954 -0.0548251
2283.2 0.191523 -0.268133 -9.46126 0.131605 -0.0909272 10.0774 0.0875064 -0.0343612 -0.0545197
2283.22 0.153219 -0.229828 -9.19312 0.131605 -0.108873 10.0618 0.0922406 -0.0450513 -0.055436
2283.23 0.191523 -0.268133 -9.49956 0.160319 -0.104088 10.0714 0.0847575 -0.0305433 -0.0555887
2283.25 0.191523 -0.344742 -9.26973 0.149551 -0.119641 10.0678 0.0864374 -0.0361938 -0.0537561
2283.26 0.153219 -0.306437 -9.46126 0.138784 -0.132802 10.0822 0.0885754 -0.0415388 -0.0536034
2283.28 0.114914 -0.229828 -9.19312 0.124427 -0.135194 10.0678 0.0897971 -0.041997 -0.0545197
2283.3 0.0 -0.229828 -9.53786 0.114855 -0.163908 10.0666 0.083994 -0.0302378 -0.053298
2283.31 0.114914 -0.229828 -9.65278 0.0957129 -0.143569 10.0618 0.0867428 -0.0332921 -0.0560469
2283.33 0.191523 -0.306437 -9.42295 0.102891 -0.171087 10.0678 0.0829249 -0.0282525 -0.0520762
2283.35 0.114914 -0.306437 -9.53786 0.0885344 -0.172283 10.0642 0.0896445 -0.0406225 -0.0549779
2283.36 0.306437 -0.229828 -9.42295 0.11007 -0.16989 10.0786 0.0847575 -0.0329867 -0.0537561
2283.38 0.421352 -0.153219 -9.49956 0.141176 -0.162712 10.075 0.0876591 -0.0358883 -0.055436
2283.4 0.153219 -0.306437 -9.49956 0.13998 -0.15673 10.063 0.0920879 -0.0421497 -0.0560469
2283.41 0.268133 -0.306437 -9.42295 0.184247 -0.17348 10.0618 0.0890336 -0.0390954 -0.0574213
2283.43 0.191523 -0.306437 -9.42295 0.180658 -0.179462 10.0678 0.086132 -0.0346666 -0.0561996
2283.45 0.268133 -0.229828 -9.26973 0.168694 -0.166301 10.0714 0.0875064 -0.0346666 -0.0563523
2283.46 0.229828 -0.268133 -9.42295 0.154337 -0.175872 10.069 0.0867428 -0.033903 -0.0545197
2283.48 0.268133 -0.344742 -9.46126 0.120837 -0.187837 10.0666 0.0890336 -0.0345139 -0.0577268
2283.5 0.191523 -0.383047 -9.49956 0.116052 -0.17348 10.0702 0.0859793 -0.0305433 -0.0580322
2283.51 0.191523 -0.191523 -9.65278 0.0969093 -0.183051 10.0654 0.0867428 -0.0316123 -0.0583376
2283.53 0.191523 -0.344742 -9.42295 0.09332 -0.168694 10.069 0.0899499 -0.0343612 -0.0589485
2283.55 0.383047 -0.306437 -9.49956 0.0909272 -0.162712 10.063 0.08827 -0.0342084 -0.0594066
2283.56 0.153219 -0.229828 -9.46126 0.087338 -0.147159 10.0726 0.0905607 -0.0368046 -0.0580322
2283.58 0.306437 -0.268133 -9.42295 0.118445 -0.136391 10.0678 0.091477 -0.0394008 -0.0618501
2283.6 0.229828 -0.229828 -9.34634 0.136391 -0.120837 10.057 0.0897971 -0.0374155 -0.0615447
2283.61 0.0766094 -0.153219 -9.49956 0.142373 -0.106481 10.0786 0.0907135 -0.0358883 -0.0581849
2283.63 0.114914 -0.268133 -9.19312 0.162712 -0.106481 10.069 0.0894917 -0.0329867 -0.0578795
2283.65 0.114914 -0.191523 -9.38465 0.172283 -0.102891 10.0714 0.087201 -0.031765 -0.0569632
2283.66 0.153219 -0.229828 -9.30804 0.13998 -0.112463 10.0678 0.0865901 -0.031765 -0.0577268
2283.68 0.191523 -0.306437 -9.46126 0.147159 -0.116052 10.0762 0.0864374 -0.0308487 -0.0591012
2283.7 0.229828 -0.114914 -9.49956 0.118445 -0.130409 10.0618 0.0888809 -0.0407752 -0.0595593
2283.71 0.191523 -0.191523 -9.49956 0.09332 -0.12323 10.0714 0.0899499 -0.036041 -0.0586431
2283.73 0.344742 -0.229828 -9.26973 0.0789631 -0.129212 10.0642 0.0870483 -0.0352775 -0.0572686
2283.74 0.268133 -0.229828 -9.34634 0.0945165 -0.104088 10.0726 0.089339 -0.0361938 -0.0595593
2283.76 0.229828 -0.191523 -9.76769 0.100499 -0.125623 10.0726 0.0879646 -0.0384845 -0.0604756
2283.78 0.229828 -0.229828 -9.42295 0.12323 -0.116052 10.0702 0.0902553 -0.0381791 -0.0578795
2283.79 0.153219 -0.268133 -9.34634 0.117248 -0.106481 10.063 0.0881173 -0.0358883 -0.056505
2283.81 0.114914 -0.191523 -9.46126 0.148355 -0.0897308 10.0642 0.0878119 -0.0357356 -0.053298
2283.82 0.153219 -0.229828 -9.03991 0.136391 -0.0861416 10.0463 0.0865901 -0.0316123 -0.0551306
2283.84 0.229828 -0.191523 -9.46126 0.143569 -0.105284 10.0558 0.0862847 -0.0305433 -0.0539089
2283.85 0.383047 -0.268133 -9.26973 0.131605 -0.118445 10.069 0.0833831 -0.0297797 -0.0549779
2283.87 0.191523 -0.383047 -9.61448 0.118445 -0.120837 10.0738 0.0849102 -0.0332921 -0.053298
2283.89 0.229828 -0.344742 -9.46126 0.0993021 -0.133998 10.0714 0.0859793 -0.0332921 -0.0536034
2283.9 0.191523 -0.268133 -9.38465 0.0717846 -0.148355 10.0654 0.0867428 -0.0374155 -0.055436
2283.92 0.191523 -0.306437 -9.42295 0.0705882 -0.162712 10.0774 0.0852157 -0.032834 -0.0557414
2283.93 0.268133 -0.306437 -9.38465 0.0681954 -0.168694 10.0786 0.0890336 -0.0355829 -0.0568105
2284.52 0.306437 -0.306437 -9.42295 0.0813559 -0.148355 10.0738 0.0856738 -0.0361938 -0.0536034
2284.54 0.229828 -0.268133 -9.8443 0.0765703 -0.155533 10.0678 0.0873537 -0.0352775 -0.0549779
2284.55 0.153219 -0.268133 -9.42295 0.0921237 -0.142373 10.0738 0.0849102 -0.0346666 -0.0561996
2284.57 0.268133 -0.383047 -9.806 0.106481 -0.155533 10.0594 0.089339 -0.0413861 -0.0560469
2284.59 0.153219 -0.229828 -9.42295 0.129212 -0.145962 10.0606 0.0847575 -0.0316123 -0.0549779
2284.6 0.191523 -0.268133 -9.61448 0.153141 -0.148355 10.0726 0.0864374 -0.0340557 -0.0552833
2284.62 0.191523 -0.268133 -9.46126 0.157926 -0.138784 10.057 0.0885754 -0.0375682 -0.0580322
2284.64 0.229828 -0.229828 -9.38465 0.16989 -0.130409 10.0726 0.0884227 -0.0381791 -0.0549779
2284.65 0.153219 -0.383047 -9.53786 0.159123 -0.149551 10.0702 0.0847575 -0.0300851 -0.0569632
2284.67 0.153219 -0.344742 -9.46126 0.143569 -0.137587 10.063 0.0876591 -0.031765 -0.0578795
2284.69 0.229828 -0.268133 -9.26973 0.111266 -0.151944 10.0642 0.0896445 -0.0413861 -0.0574213
2284.7 0.191523 -0.306437 -9.34634 0.101695 -0.151944 10.0726 0.0887282 -0.0329867 -0.0578795
2284.72 0.344742 -0.114914 -9.57617 0.104088 -0.168694 10.0666 0.0876591 -0.0303905 -0.0561996
2284.74 0.268133 -0.268133 -9.42295 0.106481 -0.185444 10.0738 0.0878119 -0.0345139 -0.0568105
2284.75 0.229828 -0.114914 -9.34634 0.122034 -0.174676 10.0714 0.0884227 -0.0345139 -0.0569632
2284.77 0.153219 -0.306437 -9.38465 0.147159 -0.174676 10.063 0.0873537 -0.0392481 -0.0577268
2284.79 0.0766094 -0.268133 -9.65278 0.165105 -0.163908 10.0666 0.0879646 -0.0363465 -0.0577268
2284.8 0.191523 -0.268133 -9.53786 0.17348 -0.154337 10.0714 0.0873537 -0.0332921 -0.0586431
2284.82 0.229828 -0.153219 -9.42295 0.16989 -0.148355 10.0654 0.0862847 -0.0331394 -0.0583376
2284.84 0.191523 -0.268133 -9.38465 0.175872 -0.142373 10.0606 0.0881173 -0.0320704 -0.0584903
2284.85 0.229828 -0.268133 -9.38465 0.157926 -0.150748 10.0666 0.0875064 -0.0303905 -0.0583376
2284.87 0.306437 -0.114914 -9.76769 0.138784 -0.125623 10.075 0.0890336 -0.0346666 -0.0598648
2284.88 0.191523 -0.229828 -9.23143 0.104088 -0.133998 10.0738 0.0858265 -0.0267254 -0.0587958
2284.9 0.268133 -0.344742 -9.42295 0.0861416 -0.129212 10.0618 0.0884227 -0.0345139 -0.0572686
2284.92 0.191523 -0.114914 -9.806 0.0646062 -0.112463 10.0654 0.089339 -0.034972 -0.0581849
2284.93 0.153219 -0.268133 -9.42295 0.0646062 -0.125623 10.0786 0.0865901 -0.0337503 -0.0566577
2284.95 0.268133 -0.344742 -9.42295 0.0837488 -0.112463 10.0714 0.0856738 -0.0316123 -0.0572686
2284.97 0.344742 -0.268133 -9.42295 0.0729811 -0.104088 10.057 0.0885754 -0.0340557 -0.0566577
2284.98 0.229828 -0.0766094 -9.61448 0.100499 -0.113659 10.0546 0.0847575 -0.0294742 -0.0569632
2285.0 0.268133 -0.268133 -9.42295 0.137587 -0.104088 10.0762 0.0873537 -0.0329867 -0.0569632
2285.02 0.268133 -0.191523 -9.49956 0.133998 -0.11007 10.0451 0.0888809 -0.0386372 -0.0572686
2285.03 0.153219 -0.268133 -9.34634 0.147159 -0.105284 10.0702 0.0833831 -0.0300851 -0.0563523
2285.05 0.383047 -0.191523 -9.30804 0.130409 -0.11007 10.0618 0.08827 -0.0406225 -0.056505
2285.07 0.229828 -0.268133 -9.42295 0.111266 -0.116052 10.0714 0.0868956 -0.0351248 -0.0568105
2285.08 0.344742 -0.229828 -9.69109 0.104088 -0.120837 10.0738 0.0868956 -0.036041 -0.0568105
2285.1 0.383047 -0.268133 -9.38465 0.0897308 -0.132802 10.0666 0.083994 -0.0342084 -0.0534507
2285.12 0.306437 -0.306437 -9.42295 0.0837488 -0.131605 10.0642 0.0853684 -0.0316123 -0.0536034
2285.13 0.153219 -0.268133 -9.46126 0.0825523 -0.136391 10.0546 0.0873537 -0.0366519 -0.0558941
2285.15 0.306437 -0.114914 -9.23143 0.0993021 -0.154337 10.0666 0.0907135 -0.0436769 -0.0560469
2285.17 0.229828 -0.153219 -9.61448 0.12682 -0.149551 10.0654 0.0858265 -0.0325286 -0.0540616
2285.18 0.268133 -0.306437 -9.49956 0.162712 -0.168694 10.0714 0.0875064 -0.0375682 -0.0539089
2285.2 0.114914 -0.306437 -9.34634 0.180658 -0.155533 10.0618 0.087201 -0.033903 -0.0545197
2285.21 0.191523 -0.306437 -9.49956 0.190229 -0.145962 10.069 0.0887282 -0.0366519 -0.0560469
2285.23 0.114914 -0.268133 -9.46126 0.195015 -0.161515 10.0594 0.0855211 -0.0337503 -0.0561996
2285.25 0.0766094 -0.268133 -9.65278 0.174676 -0.166301 10.057 0.0862847 -0.032834 -0.056505
2285.26 0.229828 -0.268133 -9.38465 0.153141 -0.163908 10.0582 0.0876591 -0.0352775 -0.0577268
2285.28 0.191523 -0.344742 -9.30804 0.12682 -0.167498 10.0618 0.0870483 -0.0311541 -0.0574213
2285.3 0.153219 -0.344742 -9.42295 0.107677 -0.166301 10.0678 0.0878119 -0.0316123 -0.0571159
2285.31 0.0766094 -0.268133 -9.38465 0.0957129 -0.160319 10.0582 0.0867428 -0.0325286 -0.057574
2285.33 0.268133 -0.383047 -9.34634 0.087338 -0.159123 10.0594 0.0897971 -0.0366519 -0.0597121
2285.35 0.153219 -0.306437 -9.42295 0.0993021 -0.15673 10.0558 0.0885754 -0.032834 -0.0563523
2285.36 0.0383047 -0.306437 -9.53786 0.108873 -0.153141 10.0654 0.0884227 -0.0331394 -0.0574213
2285.38 0.153219 -0.306437 -9.42295 0.129212 -0.150748 10.063 0.0881173 -0.0342084 -0.0580322
2285.4 0.0766094 -0.268133 -9.49956 0.15673 -0.145962 10.0726 0.0913243 -0.0378736 -0.0586431
2285.41 0.191523 -0.306437 -9.26973 0.154337 -0.151944 10.0714 0.0858265 -0.0316123 -0.0577268
2285.43 0.153219 -0.421352 -9.15482 0.151944 -0.13998 10.0582 0.0891863 -0.0346666 -0.0595593
2285.45 0.0766094 -0.268133 -9.46126 0.151944 -0.145962 10.0738 0.090408 -0.0380264 -0.0607811
2285.46 0.191523 -0.191523 -9.46126 0.12682 -0.141176 10.069 0.0908662 -0.0390954 -0.0603229
2285.48 0.153219 -0.268133 -9.46126 0.107677 -0.135194 10.0726 0.0897971 -0.0326813 -0.0603229
2285.5 0.229828 -0.306437 -9.23143 0.0897308 -0.124427 10.0738 0.0878119 -0.0348193 -0.0591012
2285.51 0.229828 -0.268133 -9.72939 0.0634098 -0.12323 10.0499 0.0894917 -0.0358883 -0.057574
2285.53 0.191523 -0.153219 -9.49956 0.0598205 -0.111266 10.063 0.0890336 -0.0372628 -0.0586431
2285.55 0.114914 -0.268133 -9.30804 0.0741775 -0.113659 10.0726 0.0881173 -0.036041 -0.0542143
2285.56 0.306437 -0.268133 -9.34634 0.0897308 -0.104088 10.069 0.0884227 -0.0383318 -0.0571159
2285.58 0.383047 -0.229828 -9.30804 0.114855 -0.108873 10.0642 0.0887282 -0.0340557 -0.0560469
2285.6 0.114914 -0.229828 -9.53786 0.13998 -0.113659 10.0666 0.086132 -0.032834 -0.0563523
2285.61 0.0766094 -0.229828 -9.69109 0.147159 -0.11007 10.0534 0.0852157 -0.0322231 -0.0557414
2285.63 0.114914 -0.153219 -9.46126 0.150748 -0.11007 10.069 0.0899499 -0.0445931 -0.056505
2285.65 0.229828 -0.268133 -9.53786 0.145962 -0.106481 10.057 0.0867428 -0.031765 -0.0548251
2285.66 0.191523 -0.229828 -9.11651 0.12323 -0.116052 10.0594 0.0888809 -0.0345139 -0.056505
2285.68 0.191523 -0.153219 -9.34634 0.130409 -0.107677 10.0738 0.0858265 -0.0340557 -0.0561996
2285.7 0.191523 -0.191523 -9.53786 0.105284 -0.136391 10.0762 0.0826195 -0.0261145 -0.0552833
2285.71 0.191523 -0.229828 -9.42295 0.101695 -0.129212 10.069 0.0884227 -0.0352775 -0.0577268
2285.73 0.191523 -0.268133 -9.38465 0.0957129 -0.133998 10.0738 0.0862847 -0.0334449 -0.0569632
2285.75 0.268133 -0.268133 -9.49956 0.0921237 -0.124427 10.0642 0.0910189 -0.041997 -0.0561996
2285.76 0.0766094 -0.306437 -9.61448 0.119641 -0.129212 10.0558 0.0853684 -0.0313068 -0.0561996
2285.78 0.268133 -0.229828 -9.46126 0.147159 -0.142373 10.0762 0.0859793 -0.0322231 -0.0539089
2285.79 0.191523 -0.229828 -9.49956 0.17348 -0.149551 10.075 0.0867428 -0.0325286 -0.0542143
2285.81 0.114914 -0.344742 -9.38465 0.172283 -0.148355 10.0774 0.0862847 -0.0322231 -0.0552833
2285.83 0.153219 -0.268133 -9.61448 0.191426 -0.165105 10.0606 0.0879646 -0.0378736 -0.0542143
2285.84 0.0766094 -0.306437 -9.49956 0.16989 -0.168694 10.0546 0.0870483 -0.0342084 -0.0568105
2285.86 0.191523 -0.191523 -9.46126 0.161515 -0.17348 10.0666 0.0868956 -0.0337503 -0.0572686
2285.88 0.229828 -0.229828 -9.11651 0.133998 -0.192622 10.0666 0.0891863 -0.0410807 -0.0589485
2285.89 0.229828 -0.229828 -9.53786 0.122034 -0.189033 10.0678 0.0830777 -0.0265726 -0.0569632
2285.91 0.344742 -0.229828 -9.34634 0.0945165 -0.18664 10.0678 0.0876591 -0.0322231 -0.0577268
2285.93 0.268133 -0.306437 -9.46126 0.0945165 -0.167498 10.0702 0.0870483 -0.0319177 -0.0569632
2285.95 0.153219 -0.306437 -9.53786 0.108873 -0.165105 10.063 0.0907135 -0.0374155 -0.0601702
2285.96 0.229828 -0.268133 -9.53786 0.09332 -0.16989 10.0606 0.0899499 -0.0368046 -0.0574213
2285.98 0.153219 -0.421352 -9.30804 0.105284 -0.155533 10.0833 0.0885754 -0.0342084 -0.0571159
2285.99 0.114914 -0.268133 -9.46126 0.159123 -0.153141 10.075 0.08827 -0.0345139 -0.0574213
2286.01 0.268133 -0.268133 -9.61448 0.155533 -0.13998 10.0714 0.0899499 -0.0369573 -0.0580322
2286.03 0.153219 -0.191523 -9.46126 0.154337 -0.147159 10.0642 0.0876591 -0.0329867 -0.0568105
2286.04 0.153219 -0.306437 -9.38465 0.157926 -0.13998 10.0762 0.0864374 -0.0316123 -0.0580322
2286.06 0.153219 -0.229828 -9.38465 0.142373 -0.13998 10.0678 0.0879646 -0.0290161 -0.057574
2286.08 0.153219 -0.306437 -9.26973 0.104088 -0.125623 10.0642 0.0865901 -0.030696 -0.0584903
2286.09 0.153219 -0.268133 -9.07821 0.104088 -0.13998 10.0845 0.0881173 -0.0335976 -0.0600175
2286.11 0.191523 -0.229828 -9.42295 0.0825523 -0.130409 10.0702 0.0897971 -0.034972 -0.0601702
2286.13 0.191523 -0.383047 -9.88261 0.0574277 -0.116052 10.0606 0.0885754 -0.0378736 -0.0598648
2286.14 0.229828 -0.229828 -9.38465 0.0729811 -0.101695 10.0822 0.0888809 -0.034972 -0.0595593
2286.16 0.191523 -0.191523 -9.69109 0.0765703 -0.0921237 10.0774 0.087201 -0.0375682 -0.0586431
2286.18 0.268133 -0.191523 -9.42295 0.0993021 -0.0861416 10.0666 0.0908662 -0.0418443 -0.056505
2286.19 0.229828 -0.191523 -9.30804 0.138784 -0.0801595 10.0606 0.0876591 -0.0337503 -0.0551306
2286.21 0.114914 -0.229828 -9.49956 0.150748 -0.0729811 10.0714 0.0862847 -0.0355829 -0.0563523
2286.23 0.153219 -0.191523 -9.53786 0.162712 -0.0801595 10.0726 0.0881173 -0.0394008 -0.055436
2286.24 0.191523 -0.229828 -9.53786 0.175872 -0.104088 10.0714 0.0888809 -0.0398589 -0.0561996
2286.26 0.191523 -0.191523 -9.34634 0.135194 -0.116052 10.0642 0.0885754 -0.0363465 -0.0557414
2286.28 0.191523 -0.306437 -9.53786 0.13998 -0.12323 10.0666 0.0864374 -0.0357356 -0.0546724
2286.29 0.153219 -0.191523 -9.23143 0.117248 -0.135194 10.063 0.0842994 -0.0326813 -0.0531453
2286.31 0.191523 -0.344742 -9.42295 0.105284 -0.149551 10.0822 0.0876591 -0.0361938 -0.0568105
2286.33 0.114914 -0.268133 -9.61448 0.0825523 -0.148355 10.0678 0.086132 -0.032834 -0.0563523
2286.34 0.114914 -0.268133 -9.30804 0.0849452 -0.151944 10.0714 0.0873537 -0.0355829 -0.0578795
2286.36 0.191523 -0.229828 -9.46126 0.107677 -0.138784 10.0738 0.0867428 -0.0372628 -0.055436
2286.37 0.191523 -0.268133 -9.46126 0.130409 -0.130409 10.0762 0.0849102 -0.0302378 -0.0548251
2286.39 0.153219 -0.268133 -9.42295 0.142373 -0.13998 10.0738 0.0841467 -0.0299324 -0.0542143
2286.41 0.229828 -0.306437 -9.15482 0.160319 -0.128016 10.0642 0.0847575 -0.0329867 -0.0545197
2286.42 0.153219 -0.306437 -9.46126 0.171087 -0.136391 10.0666 0.087201 -0.036041 -0.0545197
2286.44 0.0766094 -0.306437 -9.46126 0.174676 -0.149551 10.0822 0.0865901 -0.0337503 -0.0552833
2286.45 0.229828 -0.268133 -9.46126 0.150748 -0.165105 10.0654 0.0868956 -0.0308487 -0.0540616
2286.47 0.229828 -0.229828 -9.26973 0.130409 -0.177069 10.0762 0.0858265 -0.0316123 -0.0548251
2286.49 0.153219 -0.306437 -9.30804 0.102891 -0.195015 10.0594 0.0868956 -0.0351248 -0.0578795
2286.5 0.383047 -0.191523 -9.49956 0.0981057 -0.212961 10.069 0.0873537 -0.034972 -0.0560469
2286.52 0.229828 -0.229828 -9.42295 0.09332 -0.192622 10.0642 0.0841467 -0.0279471 -0.0558941
2286.54 0.268133 -0.383047 -9.23143 0.0825523 -0.18664 10.063 0.089339 -0.0369573 -0.0584903
2286.55 0.268133 -0.268133 -9.46126 0.0909272 -0.193819 10.063 0.0878119 -0.0331394 -0.0580322
2286.57 0.268133 -0.153219 -9.34634 0.12323 -0.161515 10.0666 0.0876591 -0.0352775 -0.0594066
2286.59 0.153219 -0.306437 -9.49956 0.138784 -0.143569 10.0654 0.0878119 -0.0368046 -0.0592539
2286.6 0.114914 -0.344742 -9.42295 0.151944 -0.135194 10.0702 0.0899499 -0.0358883 -0.0600175
2286.62 0.0383047 -0.268133 -9.49956 0.157926 -0.136391 10.0738 0.090408 -0.0384845 -0.0591012
2286.64 0.191523 -0.229828 -9.38465 0.159123 -0.129212 10.069 0.0925461 -0.0415388 -0.0603229
2286.65 0.153219 -0.306437 -9.72939 0.147159 -0.132802 10.0714 0.0913243 -0.0397062 -0.0581849
2286.67 0.268133 -0.229828 -9.30804 0.131605 -0.135194 10.0678 0.0887282 -0.0335976 -0.0580322
2286.69 0.153219 -0.191523 -9.53786 0.105284 -0.136391 10.0606 0.0887282 -0.0334449 -0.0563523
2286.7 0.229828 -0.229828 -9.30804 0.114855 -0.154337 10.0774 0.0894917 -0.0378736 -0.0583376
2286.72 0.191523 -0.306437 -9.49956 0.100499 -0.145962 10.0762 0.0888809 -0.0337503 -0.0587958
2286.74 0.229828 -0.268133 -9.49956 0.0837488 -0.144766 10.0989 0.0888809 -0.0346666 -0.0584903
2286.75 0.114914 -0.306437 -9.69109 0.100499 -0.124427 10.0702 0.0910189 -0.041997 -0.0591012
2286.77 0.153219 -0.306437 -9.49956 0.12682 -0.104088 10.0726 0.0884227 -0.034972 -0.0592539
2286.79 0.229828 -0.114914 -9.49956 0.129212 -0.0861416 10.069 0.0879646 -0.0366519 -0.0592539
2286.8 0.229828 -0.268133 -9.42295 0.129212 -0.0717846 10.0666 0.0896445 -0.0354302 -0.0581849
2286.82 0.0383047 -0.114914 -9.49956 0.154337 -0.0634098 10.0738 0.0878119 -0.0394008 -0.0572686
2286.84 0.191523 -0.229828 -9.49956 0.133998 -0.0849452 10.0714 0.0853684 -0.0310014 -0.0551306
2286.85 0.421352 -0.191523 -9.38465 0.130409 -0.0921237 10.0534 0.086132 -0.0343612 -0.0549779
2286.87 0.383047 -0.229828 -9.26973 0.118445 -0.0945165 10.0618 0.0884227 -0.03711 -0.054367
2286.89 0.306437 -0.268133 -9.42295 0.101695 -0.11007 10.0786 0.0865901 -0.0358883 -0.0557414
2286.9 0.383047 -0.191523 -9.76769 0.0849452 -0.148355 10.0606 0.0868956 -0.0377209 -0.054367
2286.92 0.306437 -0.229828 -9.46126 0.0729811 -0.148355 10.0546 0.0846048 -0.033903 -0.054367
2286.94 0.306437 -0.344742 -9.65278 0.0909272 -0.159123 10.0642 0.0879646 -0.0363465 -0.0555887
2286.95 0.114914 -0.268133 -9.42295 0.09332 -0.162712 10.063 0.0870483 -0.0363465 -0.0534507
2286.97 0.306437 -0.268133 -9.46126 0.105284 -0.159123 10.057 0.0865901 -0.0335976 -0.0571159
2286.99 0.268133 -0.344742 -9.42295 0.114855 -0.149551 10.0702 0.086132 -0.0351248 -0.0577268
2287.0 0.306437 -0.306437 -9.38465 0.136391 -0.133998 10.0618 0.0821613 -0.0305433 -0.0577268
2287.02 0.153219 -0.229828 -9.61448 0.154337 -0.133998 10.0654 0.0862847 -0.0316123 -0.056505
2287.04 0.191523 -0.0766094 -9.49956 0.154337 -0.144766 10.0702 0.0867428 -0.0354302 -0.0545197
2287.05 0.268133 -0.344742 -9.42295 0.133998 -0.142373 10.0606 0.0879646 -0.0364992 -0.0549779
2287.07 0.153219 -0.344742 -9.38465 0.124427 -0.144766 10.0714 0.086132 -0.0352775 -0.0539089
2287.09 0.191523 -0.306437 -9.34634 0.120837 -0.175872 10.069 0.0870483 -0.034972 -0.0571159
2287.1 0.229828 -0.306437 -9.38465 0.11007 -0.185444 10.0822 0.087201 -0.0343612 -0.055436
2287.12 0.0383047 -0.344742 -9.57617 0.105284 -0.196211 10.0714 0.0881173 -0.036041 -0.0546724
2287.14 0.229828 -0.268133 -9.42295 0.100499 -0.196211 10.0606 0.0875064 -0.0311541 -0.0552833
2287.15 0.114914 -0.344742 -9.49956 0.122034 -0.18664 10.0678 0.0885754 -0.0351248 -0.0566577
2287.17 0.114914 -0.268133 -9.61448 0.12323 -0.187837 10.063 0.087201 -0.034972 -0.0584903
2287.19 0.153219 -0.229828 -9.42295 0.143569 -0.172283 10.0666 0.0896445 -0.0368046 -0.0610865
2287.2 0.229828 -0.383047 -9.57617 0.163908 -0.138784 10.075 0.089339 -0.0372628 -0.0615447
2287.22 0.153219 -0.306437 -9.42295 0.16989 -0.120837 10.0642 0.0878119 -0.0313068 -0.0589485
2287.24 0.114914 -0.229828 -9.38465 0.163908 -0.122034 10.0666 0.0884227 -0.0361938 -0.0583376
2287.25 0.229828 -0.268133 -9.34634 0.151944 -0.116052 10.0678 0.0891863 -0.0364992 -0.0598648
2287.27 0.191523 -0.229828 -9.38465 0.130409 -0.100499 10.0714 0.0870483 -0.030696 -0.0569632
2287.29 0.153219 -0.153219 -9.42295 0.118445 -0.116052 10.0762 0.0910189 -0.0389426 -0.0574213
2287.3 0.268133 -0.306437 -9.49956 0.100499 -0.130409 10.051 0.0865901 -0.0313068 -0.0569632
2287.32 0.191523 -0.229828 -9.49956 0.0993021 -0.129212 10.0738 0.0855211 -0.031765 -0.0563523
2287.33 0.344742 -0.344742 -9.57617 0.087338 -0.136391 10.0678 0.0865901 -0.0342084 -0.0586431
2287.35 0.268133 -0.268133 -9.30804 0.0993021 -0.133998 10.0678 0.0867428 -0.0374155 -0.0591012
2287.37 0.268133 -0.268133 -9.46126 0.11007 -0.141176 10.0582 0.0910189 -0.0442877 -0.0601702
