2488.04 -0.0383047 -3.98369 14.0578 0.981057 -3.89791 -13.4943 -1.77976 -2.07236 -0.231976
2488.06 -0.421352 -4.0986 13.6748 1.0672 -4.09172 -13.7444 -1.83397 -1.9566 -0.269086
2488.08 -0.344742 -3.79216 13.0236 0.892523 -3.8656 -13.0265 -1.87978 -1.8303 -0.300698
2488.09 -0.459656 -3.75386 14.1344 0.99661 -3.94217 -13.0696 -1.89093 -1.76173 -0.321468
2488.11 0.0766094 -3.86877 12.8321 0.634098 -4.09531 -13.1186 -1.87032 -1.59207 -0.363465
2488.13 0.344742 -3.75386 13.3683 0.217747 -3.82493 -12.8255 -1.8329 -1.40972 -0.396146
2488.14 0.383047 -3.75386 12.1043 0.267996 -3.96491 -12.3505 -1.77884 -1.23166 -0.431271
2488.16 0.804398 -3.48573 12.3341 -0.112463 -3.42772 -12.2082 -1.74998 -1.13819 -0.448222
2488.18 0.689484 -3.63894 12.5639 -0.0861416 -3.78066 -12.0897 -1.70767 -0.973566 -0.479376
2488.19 0.804398 -3.56234 11.185 -0.301496 -3.60838 -11.2211 -1.63238 -0.79443 -0.507782
2488.21 1.45558 -3.06437 11.6829 -0.591027 -3.3667 -11.3683 -1.58749 -0.706007 -0.52061
2488.23 1.45558 -2.75794 11.2233 -1.06481 -2.73619 -10.7103 -1.49906 -0.541837 -0.533285
2488.24 1.41727 -2.83455 10.2273 -1.00259 -3.01137 -10.3705 -1.40239 -0.37782 -0.554054
2488.26 1.37897 -3.10268 10.9934 -0.855434 -3.22074 -10.8311 -1.29503 -0.221897 -0.571006
2488.28 1.72371 -2.64302 10.7636 -1.12702 -3.0676 -10.6014 -1.23731 -0.148898 -0.5791
2488.29 1.87693 -1.68541 10.4189 -1.76471 -2.21934 -10.3131 -1.13483 -0.00167988 -0.587041
2488.31 2.18337 -1.83862 10.4955 -1.73599 -1.87358 -10.2784 -1.04305 0.125533 -0.597579
2488.33 1.6088 -2.29828 10.1507 -1.60199 -2.02074 -10.5021 -0.954629 0.247859 -0.604451
2488.34 1.49388 -2.91116 10.2657 -1.1342 -2.78166 -9.3344 -0.911105 0.30696 -0.607811
2488.36 1.49388 -2.98777 9.806 -1.15095 -3.27577 -9.6658 -0.819017 0.410349 -0.610101
2488.37 1.91523 -2.68133 10.2273 -1.53619 -2.81994 -9.87757 -0.715781 0.495564 -0.613614
2488.39 1.91523 -2.60472 10.189 -1.44048 -2.76132 -10.2843 -0.663552 0.536645 -0.614377
2488.41 1.87693 -2.37489 10.1124 -1.53978 -2.65244 -9.91107 -0.54535 0.611934 -0.614225
2488.42 1.95354 -2.06845 10.0741 -1.70967 -2.23968 -9.91824 -0.440281 0.67409 -0.61957
2488.44 2.03015 -1.99184 10.3423 -1.72164 -2.2995 -10.1551 -0.394008 0.693637 -0.621555
2488.46 2.06845 -1.83862 10.2657 -1.64746 -2.0662 -9.9661 -0.297491 0.734565 -0.628427
2488.47 2.25998 -2.06845 10.4189 -1.60798 -2.17986 -9.95294 -0.207083 0.757625 -0.636369
2488.49 1.87693 -2.03015 10.5721 -1.75274 -2.11884 -10.0798 -0.170126 0.768316 -0.640492
2488.5 1.95354 -1.80032 10.189 -1.81376 -1.97168 -10.1288 -0.0988074 0.76068 -0.647975
2488.52 1.95354 -1.87693 9.95922 -1.83769 -1.75872 -9.82732 -0.0387899 0.733649 -0.662789
2488.53 1.95354 -1.87693 10.1124 -1.60678 -1.85683 -9.84766 -0.0106901 0.718836 -0.671035
2488.55 2.14506 -1.68541 9.806 -1.86281 -1.82333 -9.66341 0.0314596 0.676991 -0.688292
2488.56 2.06845 -1.68541 9.26973 -1.8341 -1.71326 -9.4995 0.0503964 0.64599 -0.696692
2488.58 0.497961 -3.33251 7.73755 -1.8987 -1.76471 -8.50289 0.0881173 0.58414 -0.715781
2489.2 1.72371 -6.5118 1.57049 0.00837488 -6.92842 -1.47159 1.62597 -0.300087 -1.23318
2489.21 2.33659 -6.16705 1.26405 -2.24088 -5.72243 -1.44526 1.63681 -0.240986 -1.23975
2489.23 3.06437 -5.66909 2.03015 -3.02333 -5.61356 -1.71206 1.63865 -0.197309 -1.24296
2489.25 2.29828 -6.09044 1.6088 -2.48375 -6.11246 -1.59123 1.6304 -0.175166 -1.24708
2489.26 3.2559 -5.36266 1.49388 -2.92642 -5.38265 -1.33639 1.60917 -0.140499 -1.24708
2489.28 2.33659 -6.66501 1.68541 -1.74796 -6.65563 -1.57448 1.59115 -0.132405 -1.25411
2489.29 0.612875 -7.00976 1.87693 -0.415155 -7.19043 -1.71206 1.58336 -0.126296 -1.24326
2489.31 0.229828 -7.08637 1.87693 -0.270389 -7.0337 -1.68694 1.55816 -0.081245 -1.23578
2489.33 0.114914 -6.81823 1.80032 -1.07677 -6.85902 -1.5003 1.5267 -0.0424551 -1.21623
2489.34 2.03015 -6.47349 1.76202 -2.35693 -6.41396 -1.57807 1.49723 -0.0299324 -1.21211
2489.36 1.6471 -6.5501 2.14506 -1.43569 -6.50369 -1.79581 1.47661 -0.029627 -1.2086
2489.38 0.995922 -6.43519 1.95354 -0.62333 -6.25244 -1.81376 1.41171 -0.0271835 -1.18951
2489.39 1.30236 -6.62671 2.25998 0.658026 -6.43789 -2.03151 1.32206 -0.0129809 -1.16858
2489.41 1.07253 -5.32435 2.10676 -0.866202 -5.64108 -1.95015 1.20921 0.0120646 -1.14614
2489.43 1.26405 -5.66909 1.80032 -1.46441 -5.58963 -1.71924 1.14033 0.0125227 -1.13331
2489.45 0.957617 -5.78401 2.18337 -0.66999 -5.37787 -1.81496 1.00869 -0.0128282 -1.07237
2489.46 1.11084 -5.05622 2.29828 -0.740578 -5.00818 -1.74676 0.841314 -0.0407752 -1.00274
2489.48 1.22575 -5.32435 1.57049 -0.691525 -5.19721 -1.57807 0.741132 -0.0658207 -0.957226
2489.49 1.14914 -5.17113 1.68541 -0.905683 -4.89452 -1.59362 0.523359 -0.129656 -0.83994
2489.51 0.268133 -4.903 1.6088 0.130409 -4.62413 -1.21675 0.285579 -0.208152 -0.706771
2489.53 1.6471 -4.78809 1.57049 -1.41655 -4.39083 -1.00379 0.153022 -0.253204 -0.614989
2489.54 0.919312 -4.71148 1.37897 -0.312263 -4.38365 -1.09831 -0.11973 -0.354149 -0.442266
2489.56 0.766094 -4.48165 1.41727 -0.478564 -4.10249 -1.29691 -0.415541 -0.439059 -0.27718
2489.58 0.191523 -4.0986 1.95354 -1.26461 -3.9996 -1.54696 -0.733802 -0.51557 -0.124922
2489.59 0.344742 -3.94538 2.60472 -1.17607 -3.80937 -2.00518 -0.906982 -0.544739 -0.0584903
2489.61 0.881008 -4.0603 2.71963 -0.832702 -3.65384 -2.46939 -1.27564 -0.604756 0.0884227
2489.63 0.727789 -4.29012 3.44742 -0.540778 -3.95892 -3.28056 -1.62979 -0.656069 0.206625
2489.64 0.881008 -4.0986 4.25182 -0.605384 -3.93619 -3.60239 -1.96622 -0.665537 0.274737
2489.66 0.766094 -4.32843 4.32843 -0.587438 -3.73639 -4.15633 -2.12688 -0.669661 0.317955
2489.67 0.881008 -4.21351 5.09452 -0.719043 -3.97687 -4.75932 -2.44804 -0.675159 0.430202
2489.69 1.18745 -3.90708 5.32435 -0.831506 -3.72203 -5.43051 -2.73851 -0.675617 0.509614
2489.71 0.842703 -3.86877 5.78401 -0.954736 -4.35015 -5.88275 -2.86633 -0.663705 0.526871
2489.72 0.689484 -4.97961 6.24366 -0.522831 -4.29152 -6.09691 -3.14122 -0.640492 0.57406
2489.74 1.83862 -4.9413 7.00976 -1.41775 -4.36092 -7.02652 -3.34204 -0.595899 0.595135
