2317.54 0.114914 -0.229828 -9.30804 0.112463 -0.143569 10.075 0.0833831 -0.033903 -0.0516181
2317.55 0.191523 -0.306437 -9.38465 0.122034 -0.166301 10.063 0.086132 -0.0383318 -0.054367
2317.57 0.268133 -0.344742 -9.76769 0.122034 -0.171087 10.0726 0.0823141 -0.0334449 -0.0502437
2317.59 0.153219 -0.306437 -9.42295 0.132802 -0.185444 10.0594 0.0829249 -0.0331394 -0.0525344
2317.6 0.229828 -0.229828 -9.38465 0.12323 -0.180658 10.0642 0.0852157 -0.0372628 -0.0519235
2317.62 0.268133 -0.268133 -9.49956 0.131605 -0.183051 10.0618 0.086132 -0.0363465 -0.052229
2317.64 0.268133 -0.306437 -9.72939 0.15673 -0.199801 10.0582 0.085063 -0.0342084 -0.0551306
2317.65 0.229828 -0.306437 -9.38465 0.15673 -0.205783 10.0558 0.0862847 -0.0345139 -0.0540616
2317.67 0.114914 -0.306437 -9.30804 0.141176 -0.212961 10.0642 0.08827 -0.0368046 -0.0572686
2317.69 0.268133 -0.459656 -9.61448 0.141176 -0.22014 10.051 0.0870483 -0.0366519 -0.0555887
2317.7 0.229828 -0.306437 -9.46126 0.151944 -0.21655 10.0762 0.0885754 -0.036041 -0.0551306
2317.72 0.229828 -0.268133 -9.30804 0.13998 -0.21655 10.0774 0.091477 -0.0383318 -0.0578795
2317.74 0.153219 -0.191523 -9.15482 0.135194 -0.214158 10.0798 0.0905607 -0.0384845 -0.0574213
2317.75 0.229828 -0.268133 -9.53786 0.15673 -0.204586 10.057 0.0876591 -0.0340557 -0.0591012
2317.77 0.191523 -0.344742 -9.42295 0.143569 -0.196211 10.0606 0.091477 -0.0366519 -0.0600175
2317.79 0.229828 -0.268133 -9.42295 0.150748 -0.175872 10.0499 0.0910189 -0.0357356 -0.0592539
2317.8 -0.0766094 -0.268133 -9.38465 0.163908 -0.161515 10.0499 0.0878119 -0.0311541 -0.0610865
2317.82 0.153219 -0.229828 -9.46126 0.161515 -0.145962 10.063 0.0884227 -0.0334449 -0.0598648
2317.83 0.114914 -0.268133 -9.42295 0.149551 -0.148355 10.0606 0.0930042 -0.0384845 -0.0627664
2317.85 0.229828 -0.268133 -9.46126 0.142373 -0.120837 10.0654 0.0885754 -0.031765 -0.0638354
2317.87 0.191523 -0.268133 -9.46126 0.141176 -0.117248 10.0714 0.0888809 -0.0294742 -0.0610865
2317.88 0.191523 -0.344742 -9.42295 0.128016 -0.113659 10.0606 0.0902553 -0.0316123 -0.0626137
2317.9 0.229828 -0.306437 -9.46126 0.120837 -0.104088 10.0678 0.0899499 -0.0361938 -0.0616974
2317.91 0.306437 -0.229828 -9.49956 0.106481 -0.0861416 10.0666 0.0885754 -0.0316123 -0.0609338
2317.93 0.191523 -0.306437 -9.34634 0.107677 -0.087338 10.0606 0.0891863 -0.0325286 -0.0601702
2317.95 0.268133 -0.153219 -9.46126 0.102891 -0.0825523 10.0558 0.08827 -0.0351248 -0.0610865
2317.96 0.229828 -0.229828 -9.42295 0.0921237 -0.0646062 10.0666 0.0875064 -0.0320704 -0.0577268
2317.98 0.229828 -0.114914 -9.49956 0.104088 -0.066999 10.0857 0.0884227 -0.0363465 -0.0581849
2318.0 0.153219 -0.268133 -9.38465 0.0789631 -0.0538385 10.0678 0.0879646 -0.0343612 -0.0586431
2318.01 0.153219 -0.153219 -9.61448 0.0957129 -0.0598205 10.063 0.0870483 -0.0361938 -0.0597121
2318.03 0.114914 -0.191523 -9.38465 0.0993021 -0.0634098 10.0762 0.0879646 -0.036041 -0.0558941
2318.05 0.383047 -0.191523 -9.38465 0.0813559 -0.066999 10.0714 0.086132 -0.0366519 -0.0549779
2318.06 0.268133 -0.191523 -9.46126 0.0861416 -0.0741775 10.0738 0.0864374 -0.0320704 -0.0545197
2318.08 0.229828 -0.306437 -9.53786 0.0729811 -0.0861416 10.0606 0.087201 -0.0389426 -0.055436
2318.1 0.229828 -0.191523 -9.34634 0.0777667 -0.105284 10.069 0.0859793 -0.0332921 -0.0526871
2318.11 0.306437 -0.268133 -9.46126 0.0969093 -0.107677 10.0786 0.0852157 -0.0343612 -0.0525344
2318.13 0.306437 -0.268133 -9.53786 0.0789631 -0.116052 10.069 0.0842994 -0.0357356 -0.0540616
2318.15 0.229828 -0.306437 -9.49956 0.0909272 -0.132802 10.0774 0.0830777 -0.0343612 -0.0519235
2318.16 0.306437 -0.344742 -9.42295 0.09332 -0.144766 10.0618 0.0862847 -0.0395535 -0.0528398
2318.18 0.114914 -0.229828 -9.42295 0.100499 -0.153141 10.0702 0.0827722 -0.0332921 -0.0531453
2318.2 0.114914 -0.268133 -9.34634 0.118445 -0.161515 10.0618 0.086132 -0.0416915 -0.0525344
2318.21 0.153219 -0.421352 -9.65278 0.137587 -0.171087 10.075 0.0856738 -0.0369573 -0.0511599
2318.23 0.191523 -0.229828 -9.30804 0.130409 -0.175872 10.0893 0.0853684 -0.036041 -0.052229
2318.25 0.268133 -0.536266 -9.38465 0.149551 -0.179462 10.0654 0.0864374 -0.0378736 -0.0549779
2318.26 0.229828 -0.306437 -9.53786 0.153141 -0.192622 10.0678 0.0865901 -0.0378736 -0.0531453
2318.28 0.153219 -0.191523 -9.15482 0.174676 -0.197408 10.0738 0.0876591 -0.0352775 -0.0536034
2318.3 0.191523 -0.268133 -9.49956 0.16989 -0.206979 10.0618 0.0885754 -0.0358883 -0.0545197
2318.31 0.114914 -0.268133 -9.57617 0.166301 -0.198604 10.0702 0.085063 -0.0310014 -0.0558941
2318.33 0.114914 -0.268133 -9.49956 0.168694 -0.20339 10.0738 0.0852157 -0.0340557 -0.0560469
2318.34 0.114914 -0.229828 -9.30804 0.184247 -0.199801 10.0762 0.0878119 -0.033903 -0.0571159
2318.36 0.114914 -0.268133 -9.42295 0.177069 -0.209372 10.0738 0.0884227 -0.0374155 -0.0600175
2318.38 0.0383047 -0.344742 -9.57617 0.17348 -0.199801 10.0642 0.0884227 -0.0311541 -0.0597121
2318.39 0.268133 -0.459656 -9.26973 0.167498 -0.18664 10.069 0.0881173 -0.0335976 -0.0594066
2318.41 0.114914 -0.383047 -9.53786 0.171087 -0.18664 10.0714 0.0910189 -0.0378736 -0.0612392
2318.43 0.229828 -0.306437 -9.49956 0.168694 -0.166301 10.075 0.0888809 -0.0334449 -0.0630718
2318.45 0.153219 -0.306437 -9.42295 0.148355 -0.160319 10.0678 0.090408 -0.0326813 -0.0621555
2318.46 0.153219 -0.191523 -9.72939 0.143569 -0.165105 10.0654 0.0901026 -0.0363465 -0.0616974
2318.48 0.229828 -0.306437 -9.30804 0.131605 -0.151944 10.0666 0.0888809 -0.0319177 -0.0601702
2318.49 0.191523 -0.229828 -9.49956 0.12323 -0.12682 10.0702 0.0890336 -0.0303905 -0.0621555
2318.51 0.229828 -0.229828 -9.38465 0.0981057 -0.112463 10.0594 0.0905607 -0.0361938 -0.0609338
2318.53 0.114914 -0.344742 -9.34634 0.0981057 -0.108873 10.0654 0.0908662 -0.0325286 -0.0616974
2318.54 0.191523 -0.229828 -9.42295 0.0897308 -0.0897308 10.0642 0.0908662 -0.0323759 -0.0613919
2318.56 0.229828 -0.191523 -9.53786 0.0825523 -0.0837488 10.069 0.0902553 -0.0332921 -0.0612392
2318.58 0.229828 -0.306437 -9.46126 0.0658026 -0.0777667 10.069 0.090408 -0.034972 -0.0598648
2318.59 0.229828 -0.268133 -9.49956 0.066999 -0.0753739 10.0726 0.0896445 -0.0368046 -0.0603229
2318.61 0.153219 -0.229828 -9.49956 0.0658026 -0.0693918 10.0642 0.0846048 -0.0287107 -0.0574213
2318.63 0.421352 -0.191523 -9.19312 0.0622134 -0.0646062 10.0678 0.0901026 -0.0386372 -0.0583376
2318.64 0.344742 -0.191523 -9.49956 0.061017 -0.0705882 10.0606 0.0884227 -0.0375682 -0.0572686
2318.66 0.268133 -0.306437 -9.26973 0.0681954 -0.0550349 10.0666 0.0878119 -0.0378736 -0.0591012
2318.68 0.268133 -0.268133 -9.42295 0.0586241 -0.0646062 10.0654 0.0846048 -0.031765 -0.0539089
2318.69 0.191523 -0.191523 -9.42295 0.066999 -0.0550349 10.069 0.0875064 -0.0372628 -0.0546724
2318.71 0.229828 -0.268133 -9.46126 0.066999 -0.066999 10.0678 0.0868956 -0.0394008 -0.0529926
2318.72 0.344742 -0.229828 -9.49956 0.0849452 -0.0658026 10.0702 0.0873537 -0.0390954 -0.0540616
2318.74 0.191523 -0.268133 -9.42295 0.0849452 -0.0765703 10.0642 0.086132 -0.0368046 -0.0519235
2318.76 0.0383047 -0.306437 -9.26973 0.104088 -0.100499 10.0738 0.0867428 -0.0387899 -0.0545197
2318.77 0.268133 -0.229828 -9.42295 0.117248 -0.111266 10.0702 0.0813978 -0.0297797 -0.0499382
2318.79 0.153219 -0.306437 -9.61448 0.135194 -0.124427 10.069 0.0855211 -0.0394008 -0.0499382
2318.8 0.153219 -0.306437 -9.42295 0.148355 -0.137587 10.0714 0.0826195 -0.0331394 -0.0494801
2318.82 0.114914 -0.306437 -9.23143 0.166301 -0.143569 10.0654 0.0862847 -0.0403171 -0.0510072
2318.84 0.114914 -0.191523 -9.46126 0.16989 -0.166301 10.0606 0.0835358 -0.0355829 -0.0482583
2318.85 0.114914 -0.459656 -9.57617 0.162712 -0.178265 10.0618 0.0844521 -0.0369573 -0.0523817
2318.87 0.114914 -0.268133 -9.8443 0.190229 -0.187837 10.0738 0.0813978 -0.0326813 -0.0528398
2318.89 0.229828 -0.344742 -9.38465 0.195015 -0.211765 10.0726 0.0846048 -0.0335976 -0.0525344
2318.9 0.153219 -0.344742 -9.38465 0.18664 -0.211765 10.0642 0.0859793 -0.0357356 -0.0548251
2318.92 0.0383047 -0.306437 -9.42295 0.185444 -0.226122 10.0702 0.0841467 -0.0331394 -0.053298
2318.94 0.191523 -0.383047 -9.30804 0.192622 -0.234497 10.0714 0.0862847 -0.0313068 -0.054367
2318.95 0.0766094 -0.229828 -9.34634 0.178265 -0.229711 10.0606 0.0881173 -0.0363465 -0.0587958
2318.97 0.153219 -0.344742 -9.49956 0.171087 -0.235693 10.057 0.0873537 -0.030696 -0.0589485
2318.99 0.191523 -0.344742 -9.46126 0.171087 -0.236889 10.0642 0.087201 -0.0302378 -0.0578795
2319.0 0.229828 -0.421352 -9.42295 0.15673 -0.217747 10.057 0.0897971 -0.0326813 -0.0601702
2319.02 0.229828 -0.306437 -9.42295 0.150748 -0.21655 10.0618 0.0870483 -0.0273362 -0.0594066
2319.04 0.229828 -0.383047 -9.07821 0.149551 -0.202193 10.0762 0.0907135 -0.0346666 -0.0626137
2319.05 0.153219 -0.306437 -9.38465 0.133998 -0.190229 10.0642 0.0908662 -0.0323759 -0.0638354
2319.07 0.114914 -0.383047 -9.38465 0.105284 -0.178265 10.0558 0.0908662 -0.0325286 -0.0626137
2319.09 0.191523 -0.306437 -9.42295 0.105284 -0.165105 10.0774 0.0905607 -0.0299324 -0.0630718
2319.1 0.306437 -0.229828 -9.46126 0.0921237 -0.149551 10.0786 0.0902553 -0.0305433 -0.064599
2319.12 0.306437 -0.306437 -9.42295 0.061017 -0.125623 10.063 0.0911716 -0.0329867 -0.0621555
2319.14 0.306437 -0.229828 -9.38465 0.0538385 -0.11007 10.0762 0.0896445 -0.0287107 -0.0603229
2319.15 0.229828 -0.268133 -9.42295 0.040678 -0.108873 10.0786 0.0913243 -0.0375682 -0.0633773
2319.17 0.421352 -0.268133 -9.42295 0.0442672 -0.0765703 10.0714 0.0881173 -0.0310014 -0.0603229
2319.19 0.229828 -0.153219 -9.61448 0.0454636 -0.0586241 10.0738 0.091477 -0.0387899 -0.0630718
2319.2 0.306437 -0.153219 -9.53786 0.0622134 -0.04666 10.0475 0.0878119 -0.033903 -0.0584903
2319.22 0.344742 -0.153219 -9.46126 0.0598205 -0.04666 10.0534 0.0925461 -0.0412334 -0.057574
2319.24 0.153219 -0.191523 -9.53786 0.0693918 -0.0334995 10.0678 0.091477 -0.0400117 -0.0591012
2319.25 0.153219 -0.153219 -9.72939 0.0837488 -0.0358923 10.0546 0.0859793 -0.0335976 -0.0545197
2319.27 0.114914 -0.153219 -9.26973 0.100499 -0.0334995 10.0726 0.0868956 -0.036041 -0.0542143
2319.29 0.306437 -0.191523 -9.65278 0.0957129 -0.0454636 10.0618 0.0849102 -0.032834 -0.0525344
2319.3 0.306437 -0.229828 -9.34634 0.107677 -0.0526421 10.0678 0.0864374 -0.0377209 -0.0517708
2319.32 0.344742 -0.268133 -9.11651 0.124427 -0.0622134 10.0702 0.087201 -0.0386372 -0.0529926
2319.33 0.229828 -0.229828 -9.46126 0.108873 -0.0658026 10.0582 0.0830777 -0.0358883 -0.0523817
2319.35 0.191523 -0.229828 -9.34634 0.138784 -0.0885344 10.0666 0.0858265 -0.0400117 -0.0520762
2319.37 0.153219 -0.306437 -9.46126 0.154337 -0.114855 10.0522 0.0832304 -0.0346666 -0.0510072
2319.38 0.114914 -0.153219 -9.49956 0.15673 -0.112463 10.0702 0.0841467 -0.0343612 -0.0500909
2319.4 0.114914 -0.268133 -9.42295 0.181854 -0.141176 10.0822 0.0810924 -0.0322231 -0.0505491
2319.42 0.153219 -0.268133 -9.69109 0.198604 -0.147159 10.0582 0.0856738 -0.0381791 -0.0497855
2319.43 0.229828 -0.344742 -9.38465 0.206979 -0.16989 10.051 0.0823141 -0.0310014 -0.0500909
2319.45 0.306437 -0.153219 -9.57617 0.200997 -0.171087 10.0666 0.0841467 -0.0374155 -0.0511599
2319.47 0.191523 -0.306437 -9.49956 0.189033 -0.181854 10.0594 0.0817032 -0.0332921 -0.0500909
2319.48 0.191523 -0.306437 -9.57617 0.177069 -0.20339 10.069 0.0855211 -0.0346666 -0.053298
2319.5 0.153219 -0.191523 -9.34634 0.162712 -0.217747 10.0726 0.0852157 -0.034972 -0.0531453
2319.52 0.191523 -0.306437 -9.26973 0.143569 -0.21655 10.057 0.0852157 -0.0337503 -0.0551306
2319.53 0.268133 -0.268133 -9.53786 0.144766 -0.25005 10.069 0.0876591 -0.0372628 -0.056505
2319.55 0.383047 -0.306437 -9.42295 0.136391 -0.244068 10.057 0.0870483 -0.0342084 -0.0574213
2319.57 0.229828 -0.383047 -9.42295 0.111266 -0.248853 10.075 0.0873537 -0.0302378 -0.0595593
2319.58 0.229828 -0.306437 -9.46126 0.130409 -0.236889 10.0546 0.0916298 -0.0364992 -0.0597121
2319.6 0.191523 -0.229828 -9.03991 0.128016 -0.218943 10.0726 0.086132 -0.0285579 -0.0597121
2319.62 0.114914 -0.306437 -9.38465 0.117248 -0.211765 10.069 0.089339 -0.034972 -0.0600175
2319.63 0.383047 -0.229828 -9.38465 0.111266 -0.208175 10.0774 0.0913243 -0.0375682 -0.0616974
2319.65 0.229828 -0.268133 -9.46126 0.122034 -0.179462 10.0822 0.0911716 -0.0380264 -0.0630718
2319.66 0.191523 -0.344742 -9.57617 0.104088 -0.163908 10.075 0.0887282 -0.0268781 -0.0606284
2319.68 0.229828 -0.383047 -9.46126 0.0849452 -0.168694 10.0546 0.0901026 -0.0355829 -0.062461
2319.7 0.191523 -0.344742 -9.53786 0.0849452 -0.157926 10.0666 0.0887282 -0.0313068 -0.0629191
2319.71 0.114914 -0.229828 -9.57617 0.0861416 -0.128016 10.069 0.0891863 -0.0337503 -0.0626137
2319.73 0.229828 -0.191523 -9.42295 0.0777667 -0.131605 10.0726 0.0925461 -0.0363465 -0.0623082
2319.74 0.229828 -0.306437 -9.42295 0.0801595 -0.124427 10.0738 0.0934624 -0.0445931 -0.0620028
2319.76 0.229828 -0.306437 -9.42295 0.0825523 -0.106481 10.0726 0.0911716 -0.036041 -0.0623082
2319.78 0.229828 -0.229828 -9.49956 0.105284 -0.100499 10.069 0.0911716 -0.0355829 -0.0607811
2319.79 0.0383047 -0.229828 -9.38465 0.104088 -0.066999 10.0582 0.0884227 -0.0326813 -0.0597121
2319.8 0.114914 -0.153219 -9.69109 0.114855 -0.0646062 10.0654 0.0881173 -0.0314596 -0.0581849
2319.82 0.229828 -0.268133 -9.42295 0.124427 -0.0442672 10.0546 0.090408 -0.0392481 -0.0601702
2320.42 0.229828 -0.229828 -9.53786 0.144766 -0.0741775 10.0606 0.0894917 -0.0340557 -0.0616974
2320.43 0.114914 -0.153219 -9.76769 0.141176 -0.0538385 10.0546 0.0878119 -0.0326813 -0.0601702
2320.45 0.191523 -0.191523 -9.42295 0.136391 -0.0574277 10.0738 0.0881173 -0.0335976 -0.0600175
2320.47 0.229828 -0.114914 -9.11651 0.130409 -0.0454636 10.063 0.0881173 -0.0334449 -0.0600175
2320.48 0.229828 -0.191523 -9.46126 0.0969093 -0.04666 10.0606 0.0885754 -0.0358883 -0.0586431
2320.5 0.191523 -0.268133 -9.38465 0.0957129 -0.0454636 10.0654 0.0879646 -0.0348193 -0.0591012
2320.52 0.153219 -0.153219 -9.49956 0.0789631 -0.0490528 10.0678 0.0891863 -0.0404698 -0.055436
2320.53 0.0766094 -0.306437 -9.49956 0.0729811 -0.04666 10.0594 0.0818559 -0.0291688 -0.0545197
2320.55 0.268133 -0.191523 -9.57617 0.0837488 -0.0550349 10.0654 0.0875064 -0.0375682 -0.0539089
2320.57 0.344742 -0.268133 -9.49956 0.0909272 -0.0849452 10.0546 0.0849102 -0.0335976 -0.0516181
2320.58 0.306437 -0.421352 -9.65278 0.0885344 -0.0957129 10.0666 0.0829249 -0.0322231 -0.0517708
2320.6 0.153219 -0.268133 -9.806 0.0885344 -0.111266 10.0642 0.0847575 -0.03711 -0.0514654
2320.62 0.191523 -0.229828 -9.49956 0.09332 -0.137587 10.0822 0.0841467 -0.036041 -0.0513127
2320.63 0.268133 -0.229828 -9.30804 0.117248 -0.141176 10.075 0.0879646 -0.0392481 -0.0526871
2320.65 0.229828 -0.383047 -9.38465 0.101695 -0.153141 10.0594 0.083994 -0.0361938 -0.0500909
2320.67 0.153219 -0.344742 -9.42295 0.114855 -0.178265 10.075 0.0836885 -0.0358883 -0.0525344
2320.68 0.229828 -0.306437 -9.57617 0.0993021 -0.160319 10.0666 0.0849102 -0.0378736 -0.0517708
2320.7 0.153219 -0.344742 -9.49956 0.105284 -0.200997 10.0726 0.0865901 -0.0403171 -0.0519235
2320.71 0.114914 -0.383047 -9.49956 0.107677 -0.200997 10.0738 0.0830777 -0.029627 -0.0513127
2320.73 0.153219 -0.383047 -9.61448 0.116052 -0.211765 10.0678 0.0870483 -0.0413861 -0.0529926
2320.75 0.268133 -0.306437 -9.42295 0.128016 -0.211765 10.0642 0.0855211 -0.0340557 -0.0508545
2320.76 0.114914 -0.344742 -9.19312 0.147159 -0.22014 10.0738 0.0875064 -0.0363465 -0.053298
2320.78 0.114914 -0.306437 -9.46126 0.163908 -0.221336 10.069 0.0864374 -0.0374155 -0.0549779
2320.8 0.153219 -0.344742 -9.49956 0.171087 -0.230907 10.057 0.0864374 -0.036041 -0.0548251
2320.81 0.191523 -0.306437 -9.49956 0.178265 -0.224925 10.0618 0.0868956 -0.0345139 -0.0578795
2320.83 0.0766094 -0.459656 -9.49956 0.184247 -0.232104 10.069 0.0901026 -0.0381791 -0.0583376
2320.85 0.229828 -0.344742 -9.46126 0.190229 -0.214158 10.0726 0.0876591 -0.0351248 -0.0583376
2320.86 0.114914 -0.268133 -9.46126 0.191426 -0.205783 10.069 0.0891863 -0.032834 -0.0612392
2320.88 0.0 -0.306437 -9.26973 0.171087 -0.197408 10.0618 0.0937678 -0.0407752 -0.062461
2320.9 0.268133 -0.229828 -9.38465 0.15673 -0.181854 10.0678 0.0907135 -0.0354302 -0.0627664
2320.91 0.153219 -0.268133 -9.42295 0.154337 -0.162712 10.063 0.0910189 -0.0325286 -0.0626137
2320.93 0.153219 -0.306437 -9.38465 0.154337 -0.138784 10.0606 0.08827 -0.0268781 -0.06353
2320.95 0.0383047 -0.268133 -9.42295 0.149551 -0.136391 10.0702 0.0910189 -0.0363465 -0.0638354
2320.96 0.153219 -0.229828 -9.26973 0.130409 -0.106481 10.069 0.0897971 -0.0326813 -0.0621555
2320.98 0.153219 -0.344742 -9.49956 0.129212 -0.100499 10.0702 0.0905607 -0.0313068 -0.0623082
2321.0 0.229828 -0.229828 -9.49956 0.125623 -0.0765703 10.0678 0.0922406 -0.036041 -0.0621555
2321.01 0.191523 -0.268133 -9.49956 0.119641 -0.0801595 10.0678 0.0867428 -0.0273362 -0.0600175
2321.03 0.153219 -0.191523 -9.49956 0.107677 -0.0765703 10.0582 0.0905607 -0.0372628 -0.0610865
2321.05 0.0766094 -0.191523 -9.19312 0.0993021 -0.0658026 10.0606 0.086132 -0.0271835 -0.0586431
2321.06 0.191523 -0.268133 -9.49956 0.09332 -0.0598205 10.0678 0.0888809 -0.0314596 -0.0600175
2321.08 0.0766094 -0.153219 -9.38465 0.0753739 -0.0550349 10.0522 0.0890336 -0.0355829 -0.0597121
2321.1 0.153219 -0.153219 -9.46126 0.0693918 -0.0538385 10.063 0.087201 -0.0322231 -0.0572686
2321.11 0.229828 -0.268133 -9.30804 0.0514457 -0.0598205 10.069 0.0846048 -0.0274889 -0.0563523
2321.13 0.306437 -0.229828 -9.38465 0.04666 -0.0538385 10.0714 0.0884227 -0.0375682 -0.0572686
2321.15 0.229828 -0.268133 -9.42295 0.0478564 -0.0550349 10.0702 0.0879646 -0.0381791 -0.055436
2321.16 0.191523 -0.191523 -9.49956 0.0550349 -0.0562313 10.0582 0.0852157 -0.0340557 -0.053298
2321.18 0.268133 -0.344742 -8.96329 0.0753739 -0.0717846 10.0845 0.0847575 -0.0326813 -0.0528398
2321.2 0.344742 -0.191523 -9.76769 0.0693918 -0.0693918 10.0606 0.0858265 -0.0415388 -0.0511599
2321.21 0.114914 -0.268133 -9.38465 0.105284 -0.0957129 10.0714 0.0864374 -0.0377209 -0.0519235
2321.23 -0.0383047 -0.268133 -9.23143 0.116052 -0.120837 10.0774 0.0846048 -0.0375682 -0.0517708
2321.24 0.229828 -0.229828 -9.49956 0.117248 -0.141176 10.0798 0.0824668 -0.0334449 -0.0484111
2321.26 0.306437 -0.268133 -9.49956 0.112463 -0.150748 10.063 0.0865901 -0.0412334 -0.0500909
2321.28 0.191523 -0.268133 -9.34634 0.135194 -0.148355 10.0582 0.0832304 -0.0345139 -0.0497855
2321.29 0.191523 -0.268133 -9.42295 0.13998 -0.17348 10.0702 0.0821613 -0.0322231 -0.0487165
2321.31 0.0766094 -0.344742 -9.42295 0.144766 -0.179462 10.0618 0.0826195 -0.0316123 -0.0513127
2321.33 0.191523 -0.383047 -9.49956 0.150748 -0.181854 10.0654 0.0842994 -0.0372628 -0.0523817
2321.34 0.191523 -0.344742 -9.42295 0.163908 -0.205783 10.0666 0.083994 -0.0322231 -0.0517708
2321.36 0.114914 -0.383047 -9.34634 0.171087 -0.192622 10.0678 0.0844521 -0.0331394 -0.052229
2321.38 0.153219 -0.229828 -9.46126 0.180658 -0.209372 10.0654 0.0870483 -0.0358883 -0.0539089
2321.39 0.114914 -0.306437 -9.23143 0.184247 -0.210568 10.0654 0.086132 -0.0364992 -0.0539089
2321.41 0.114914 -0.268133 -9.42295 0.202193 -0.205783 10.0678 0.0876591 -0.0372628 -0.0545197
2321.43 0.114914 -0.306437 -9.03991 0.198604 -0.211765 10.0618 0.08827 -0.0342084 -0.0560469
2321.44 0.0383047 -0.268133 -9.42295 0.205783 -0.214158 10.069 0.0879646 -0.0346666 -0.0584903
2321.46 0.191523 -0.191523 -9.49956 0.20339 -0.208175 10.0774 0.0894917 -0.0335976 -0.0591012
2321.47 0.306437 -0.306437 -9.34634 0.16989 -0.222532 10.0606 0.0875064 -0.0320704 -0.0577268
2321.49 0.268133 -0.229828 -9.49956 0.159123 -0.210568 10.0618 0.0884227 -0.0331394 -0.0592539
2321.51 0.114914 -0.344742 -9.34634 0.150748 -0.204586 10.057 0.0913243 -0.0377209 -0.0621555
2321.53 0.191523 -0.229828 -9.38465 0.143569 -0.187837 10.0678 0.0875064 -0.0274889 -0.0630718
2321.54 0.229828 -0.268133 -9.42295 0.120837 -0.160319 10.063 0.091477 -0.036041 -0.0638354
2321.56 0.229828 -0.268133 -9.03991 0.101695 -0.141176 10.063 0.0907135 -0.0331394 -0.0644463
2321.57 0.114914 -0.268133 -9.42295 0.106481 -0.130409 10.0726 0.0920879 -0.0320704 -0.0626137
2321.59 0.229828 -0.306437 -9.30804 0.0993021 -0.101695 10.069 0.0888809 -0.031765 -0.0633773
2321.61 0.153219 -0.306437 -9.65278 0.0837488 -0.0813559 10.063 0.0896445 -0.0345139 -0.0618501
2321.62 0.114914 -0.229828 -9.46126 0.0789631 -0.0813559 10.0714 0.0894917 -0.0314596 -0.0609338
2321.64 0.191523 -0.268133 -9.46126 0.0729811 -0.0765703 10.0642 0.0926988 -0.0380264 -0.0621555
2321.66 0.153219 -0.268133 -9.49956 0.0705882 -0.0741775 10.0618 0.0919352 -0.0426078 -0.0583376
2321.67 0.0766094 -0.114914 -9.30804 0.0789631 -0.066999 10.0678 0.0878119 -0.0313068 -0.0572686
2321.69 0.229828 -0.153219 -9.46126 0.066999 -0.0753739 10.0738 0.08827 -0.0352775 -0.0589485
2321.71 0.344742 -0.191523 -9.42295 0.0574277 -0.066999 10.0678 0.086132 -0.0297797 -0.0569632
2321.72 0.229828 -0.191523 -9.49956 0.061017 -0.0753739 10.0762 0.0862847 -0.0313068 -0.0566577
2321.74 0.229828 -0.229828 -9.53786 0.0813559 -0.0598205 10.0714 0.0888809 -0.0387899 -0.0572686
2321.76 0.229828 -0.191523 -9.49956 0.0861416 -0.0586241 10.075 0.0852157 -0.0311541 -0.054367
2321.77 0.191523 -0.268133 -9.49956 0.087338 -0.0598205 10.0654 0.0901026 -0.0418443 -0.0560469
2321.79 0.229828 -0.229828 -9.11651 0.100499 -0.0562313 10.0618 0.0867428 -0.0390954 -0.0542143
2321.81 0.344742 -0.229828 -9.49956 0.107677 -0.0658026 10.0666 0.0864374 -0.0378736 -0.0520762
2321.82 0.114914 -0.153219 -9.07821 0.122034 -0.0705882 10.0702 0.0844521 -0.0340557 -0.0514654
2321.84 0.191523 -0.229828 -9.53786 0.142373 -0.0837488 10.0654 0.087201 -0.0366519 -0.0514654
2321.86 0.114914 -0.191523 -9.57617 0.142373 -0.111266 10.0618 0.0855211 -0.0358883 -0.0528398
2321.87 0.153219 -0.268133 -9.42295 0.151944 -0.122034 10.057 0.0841467 -0.0374155 -0.0491747
2321.89 0.0383047 -0.344742 -9.53786 0.154337 -0.150748 10.0654 0.0820086 -0.0337503 -0.0484111
2321.91 0.114914 -0.344742 -9.46126 0.159123 -0.15673 10.0762 0.087201 -0.0366519 -0.0508545
2321.92 0.153219 -0.344742 -9.38465 0.15673 -0.163908 10.0726 0.0844521 -0.0357356 -0.0520762
2321.94 0.191523 -0.497961 -9.61448 0.16989 -0.175872 10.063 0.0856738 -0.0363465 -0.054367
2321.95 0.0766094 -0.306437 -9.46126 0.165105 -0.200997 10.057 0.0858265 -0.0364992 -0.0534507
2321.97 0.0766094 -0.268133 -9.26973 0.168694 -0.20339 10.0726 0.0859793 -0.0346666 -0.0526871
2321.99 0.114914 -0.344742 -9.42295 0.166301 -0.195015 10.0666 0.0888809 -0.0383318 -0.0542143
2322.0 0.153219 -0.344742 -9.76769 0.17348 -0.195015 10.0714 0.0847575 -0.0331394 -0.0558941
2322.02 0.153219 -0.229828 -9.42295 0.174676 -0.202193 10.0666 0.0853684 -0.0348193 -0.0549779
2322.04 0.191523 -0.344742 -9.38465 0.174676 -0.234497 10.0499 0.0856738 -0.0335976 -0.0572686
2322.05 0.229828 -0.344742 -9.46126 0.145962 -0.217747 10.0594 0.0844521 -0.0329867 -0.0584903
2322.07 -0.0383047 -0.306437 -9.38465 0.163908 -0.212961 10.0822 0.0852157 -0.0287107 -0.0581849
2322.09 0.268133 -0.268133 -9.72939 0.151944 -0.218943 10.0738 0.0870483 -0.0320704 -0.0587958
2322.1 0.344742 -0.306437 -9.38465 0.13998 -0.218943 10.0594 0.0910189 -0.0406225 -0.0598648
2322.12 0.229828 -0.268133 -9.57617 0.124427 -0.206979 10.0714 0.0913243 -0.0366519 -0.0626137
2322.14 0.191523 -0.306437 -9.38465 0.104088 -0.193819 10.0702 0.091477 -0.0337503 -0.0620028
2322.15 0.229828 -0.344742 -9.26973 0.102891 -0.185444 10.0606 0.0902553 -0.0326813 -0.0623082
2322.17 0.114914 -0.268133 -9.49956 0.087338 -0.196211 10.0606 0.0894917 -0.0345139 -0.0627664
2322.19 0.153219 -0.229828 -9.65278 0.09332 -0.151944 10.0702 0.0916298 -0.0329867 -0.0633773
2322.2 0.421352 -0.153219 -9.53786 0.0945165 -0.130409 10.0726 0.0917825 -0.034972 -0.0618501
2322.22 0.153219 -0.191523 -9.42295 0.087338 -0.114855 10.0654 0.0933096 -0.0395535 -0.0627664
2322.24 0.268133 -0.153219 -9.38465 0.102891 -0.104088 10.0786 0.0926988 -0.0352775 -0.0626137
2322.25 0.268133 -0.268133 -9.46126 0.106481 -0.0813559 10.0762 0.090408 -0.0305433 -0.0601702
2322.27 0.268133 -0.229828 -9.61448 0.0909272 -0.0777667 10.0522 0.0899499 -0.0305433 -0.0587958
2322.28 0.306437 -0.191523 -9.42295 0.0969093 -0.087338 10.0546 0.0891863 -0.0326813 -0.0603229
2322.3 0.268133 -0.114914 -9.46126 0.104088 -0.0717846 10.0594 0.0888809 -0.0331394 -0.057574
2322.32 0.229828 -0.229828 -9.46126 0.104088 -0.0777667 10.057 0.0902553 -0.0372628 -0.0584903
2322.33 0.153219 -0.268133 -9.26973 0.0957129 -0.0681954 10.069 0.0881173 -0.0331394 -0.0584903
2322.35 0.0383047 -0.191523 -9.42295 0.0969093 -0.0658026 10.0642 0.086132 -0.0323759 -0.056505
2322.37 0.191523 -0.191523 -9.806 0.0981057 -0.066999 10.0546 0.0868956 -0.0348193 -0.0555887
2322.38 0.268133 -0.229828 -9.42295 0.104088 -0.0717846 10.0618 0.0875064 -0.0352775 -0.0558941
2322.4 0.114914 -0.306437 -9.23143 0.12682 -0.0490528 10.0654 0.0868956 -0.0346666 -0.0555887
2322.42 0.229828 -0.191523 -9.42295 0.125623 -0.0562313 10.0714 0.0838412 -0.033903 -0.053298
2322.43 0.306437 -0.229828 -9.65278 0.131605 -0.0526421 10.0738 0.0865901 -0.0361938 -0.0545197
2322.45 0.153219 -0.344742 -9.46126 0.137587 -0.066999 10.0762 0.0842994 -0.0314596 -0.052229
2322.47 0.268133 -0.229828 -9.72939 0.142373 -0.0825523 10.0618 0.0876591 -0.0426078 -0.0531453
2322.48 0.153219 -0.268133 -9.49956 0.136391 -0.0981057 10.063 0.0842994 -0.0323759 -0.052229
2322.5 0.0766094 -0.229828 -9.26973 0.108873 -0.107677 10.0594 0.0832304 -0.0346666 -0.0505491
2322.51 0.268133 -0.383047 -9.42295 0.138784 -0.143569 10.0822 0.0838412 -0.0352775 -0.0516181
2322.53 0.383047 -0.306437 -9.26973 0.12323 -0.161515 10.057 0.0826195 -0.0334449 -0.0519235
2322.55 0.191523 -0.229828 -9.38465 0.125623 -0.181854 10.0666 0.0844521 -0.0340557 -0.0511599
2322.56 0.306437 -0.306437 -9.15482 0.119641 -0.171087 10.0606 0.0820086 -0.0323759 -0.0511599
2322.58 0.114914 -0.344742 -9.42295 0.131605 -0.197408 10.0762 0.0836885 -0.0302378 -0.054367
2322.6 0.191523 -0.268133 -9.46126 0.130409 -0.196211 10.0678 0.0865901 -0.0346666 -0.054367
2322.61 0.153219 -0.306437 -9.57617 0.124427 -0.214158 10.0642 0.0856738 -0.0346666 -0.0549779
2322.63 0.153219 -0.268133 -9.46126 0.141176 -0.20339 10.063 0.087201 -0.0384845 -0.0552833
2322.65 0.153219 -0.268133 -9.30804 0.142373 -0.214158 10.057 0.086132 -0.0334449 -0.0548251
2322.66 0.191523 -0.344742 -9.42295 0.137587 -0.215354 10.0558 0.0862847 -0.0320704 -0.055436
2322.68 0.114914 -0.344742 -9.65278 0.142373 -0.226122 10.0558 0.0827722 -0.0293215 -0.0548251
2322.7 0.0766094 -0.383047 -9.42295 0.135194 -0.214158 10.0702 0.0887282 -0.0381791 -0.0571159
2322.71 0.153219 -0.268133 -9.46126 0.129212 -0.208175 10.069 0.0876591 -0.0342084 -0.0586431
2322.73 0.191523 -0.344742 -9.46126 0.136391 -0.222532 10.0774 0.0879646 -0.0334449 -0.0586431
2322.75 0.229828 -0.268133 -9.46126 0.12682 -0.208175 10.0714 0.0864374 -0.0287107 -0.0572686
2322.76 0.0766094 -0.383047 -9.42295 0.128016 -0.197408 10.069 0.0867428 -0.0316123 -0.0597121
2322.78 0.114914 -0.383047 -9.34634 0.133998 -0.178265 10.0666 0.0905607 -0.0345139 -0.0598648
2322.8 0.191523 -0.344742 -9.46126 0.143569 -0.16989 10.069 0.091477 -0.0352775 -0.0627664
2322.81 0.229828 -0.344742 -9.61448 0.128016 -0.147159 10.0606 0.0910189 -0.0381791 -0.0641408
2322.83 0.229828 -0.306437 -9.53786 0.131605 -0.124427 10.0606 0.0922406 -0.0377209 -0.062461
2322.85 0.153219 -0.229828 -9.46126 0.142373 -0.0981057 10.0606 0.090408 -0.0342084 -0.0629191
2322.86 0.306437 -0.229828 -9.23143 0.129212 -0.0945165 10.0678 0.0911716 -0.0358883 -0.0620028
2322.88 0.153219 -0.268133 -9.49956 0.12682 -0.087338 10.0582 0.0907135 -0.0354302 -0.0606284
2322.9 0.268133 -0.229828 -9.57617 0.117248 -0.0681954 10.0558 0.0905607 -0.0380264 -0.0598648
2322.91 0.191523 -0.229828 -9.42295 0.102891 -0.0729811 10.0618 0.0885754 -0.0334449 -0.0600175
2322.93 0.153219 -0.268133 -9.26973 0.108873 -0.0658026 10.0678 0.0907135 -0.0383318 -0.0597121
2322.95 0.191523 -0.268133 -9.46126 0.0957129 -0.0658026 10.063 0.0899499 -0.0363465 -0.0578795
2322.96 0.153219 -0.344742 -9.42295 0.0969093 -0.0526421 10.0642 0.0858265 -0.0313068 -0.057574
2322.98 0.114914 -0.268133 -9.57617 0.0957129 -0.0729811 10.063 0.0867428 -0.033903 -0.056505
2323.0 0.153219 -0.229828 -9.42295 0.106481 -0.0562313 10.0702 0.0852157 -0.031765 -0.0560469
2323.01 0.229828 -0.268133 -9.61448 0.101695 -0.0658026 10.0618 0.0855211 -0.0291688 -0.0560469
2323.03 0.229828 -0.229828 -9.46126 0.118445 -0.0574277 10.0606 0.0842994 -0.0340557 -0.0546724
2323.05 0.229828 -0.344742 -9.92091 0.09332 -0.0681954 10.0558 0.0879646 -0.0432187 -0.0548251
2323.06 0.229828 -0.268133 -9.46126 0.0957129 -0.0681954 10.063 0.0830777 -0.0267254 -0.0536034
2323.08 0.153219 -0.268133 -9.38465 0.0909272 -0.0957129 10.0738 0.0842994 -0.0357356 -0.053298
2323.1 0.268133 -0.306437 -9.46126 0.0969093 -0.116052 10.063 0.0835358 -0.0343612 -0.0491747
2323.11 0.191523 -0.229828 -9.46126 0.0957129 -0.116052 10.0606 0.0821613 -0.0332921 -0.0494801
2323.13 0.0766094 -0.383047 -9.49956 0.0993021 -0.142373 10.069 0.0862847 -0.0426078 -0.0525344
2323.14 0.114914 -0.268133 -9.46126 0.104088 -0.162712 10.057 0.083994 -0.0335976 -0.0503964
2323.16 0.114914 -0.268133 -9.69109 0.114855 -0.16989 10.0606 0.0815505 -0.0285579 -0.0493274
2323.18 0.229828 -0.268133 -9.38465 0.112463 -0.198604 10.0666 0.0838412 -0.0372628 -0.0490219
2323.19 0.191523 -0.229828 -9.34634 0.129212 -0.199801 10.0594 0.0836885 -0.0381791 -0.0514654
2323.21 0.114914 -0.383047 -9.42295 0.13998 -0.202193 10.0738 0.0856738 -0.0368046 -0.0531453
2323.23 0.229828 -0.344742 -9.49956 0.143569 -0.210568 10.0714 0.087201 -0.0436769 -0.0540616
2323.24 0.191523 -0.306437 -9.53786 0.150748 -0.209372 10.063 0.0858265 -0.0340557 -0.0558941
2323.26 0.229828 -0.306437 -9.69109 0.159123 -0.215354 10.069 0.0858265 -0.0342084 -0.055436
2323.28 0.153219 -0.268133 -9.49956 0.147159 -0.21655 10.0534 0.0873537 -0.0383318 -0.0572686
2323.29 0.0383047 -0.268133 -9.42295 0.148355 -0.217747 10.0654 0.0907135 -0.043066 -0.0581849
2323.31 0.153219 -0.344742 -9.30804 0.167498 -0.214158 10.0702 0.0868956 -0.0329867 -0.0583376
2323.33 0.0 -0.268133 -9.46126 0.151944 -0.215354 10.0798 0.0890336 -0.0342084 -0.0587958
2323.34 0.191523 -0.383047 -9.61448 0.157926 -0.211765 10.069 0.0878119 -0.0352775 -0.0581849
2323.36 0.114914 -0.268133 -9.30804 0.159123 -0.209372 10.075 0.0884227 -0.0314596 -0.0607811
2323.38 0.153219 -0.344742 -9.42295 0.147159 -0.189033 10.0702 0.0905607 -0.0357356 -0.0597121
2323.39 0.153219 -0.268133 -9.69109 0.148355 -0.18664 10.0666 0.0942259 -0.0380264 -0.0616974
2323.41 0.153219 -0.306437 -9.46126 0.138784 -0.163908 10.0642 0.0894917 -0.0303905 -0.0606284
2323.42 0.229828 -0.344742 -9.34634 0.149551 -0.143569 10.0714 0.0901026 -0.030696 -0.0626137
2323.44 0.229828 -0.229828 -9.46126 0.148355 -0.131605 10.0678 0.0896445 -0.0320704 -0.0630718
2323.46 0.191523 -0.114914 -9.38465 0.135194 -0.12323 10.0534 0.0881173 -0.0288634 -0.0623082
2323.47 0.153219 -0.191523 -9.42295 0.135194 -0.101695 10.0738 0.0917825 -0.0351248 -0.0627664
2323.49 0.191523 -0.268133 -9.53786 0.0981057 -0.0717846 10.0618 0.087201 -0.0300851 -0.0620028
2323.51 0.191523 -0.229828 -9.53786 0.112463 -0.0753739 10.075 0.0908662 -0.0377209 -0.0620028
2323.52 0.0383047 -0.191523 -9.42295 0.0885344 -0.0646062 10.0642 0.0890336 -0.0329867 -0.0598648
2323.54 0.153219 -0.191523 -9.42295 0.0897308 -0.0550349 10.0606 0.0897971 -0.0368046 -0.0587958
2323.56 0.191523 -0.306437 -9.49956 0.0897308 -0.0478564 10.0546 0.0881173 -0.0343612 -0.057574
2323.57 0.191523 -0.268133 -9.49956 0.0753739 -0.0646062 10.0798 0.0894917 -0.0400117 -0.0560469
2323.59 0.114914 -0.153219 -9.46126 0.0861416 -0.0562313 10.0714 0.0884227 -0.0366519 -0.0571159
2323.61 0.229828 -0.114914 -9.76769 0.0861416 -0.0658026 10.0714 0.0867428 -0.0352775 -0.056505
2323.62 0.268133 -0.268133 -9.42295 0.0801595 -0.0514457 10.0666 0.0894917 -0.0387899 -0.0563523
2323.64 0.0766094 -0.229828 -9.26973 0.0897308 -0.0622134 10.0654 0.0891863 -0.0380264 -0.0546724
2323.66 0.153219 -0.229828 -9.38465 0.0909272 -0.0753739 10.0642 0.0841467 -0.034972 -0.0540616
2323.67 0.268133 -0.0766094 -9.61448 0.114855 -0.0777667 10.0726 0.0859793 -0.0361938 -0.0542143
2323.69 0.153219 -0.306437 -9.65278 0.101695 -0.0909272 10.0666 0.0844521 -0.0395535 -0.0536034
2323.7 0.191523 -0.191523 -9.49956 0.107677 -0.106481 10.0774 0.0881173 -0.0407752 -0.0520762
2323.72 0.229828 -0.191523 -9.46126 0.105284 -0.124427 10.0714 0.0847575 -0.0374155 -0.0500909
2323.74 0.191523 -0.268133 -9.49956 0.107677 -0.128016 10.0582 0.0815505 -0.0290161 -0.0499382
2323.75 0.0383047 -0.191523 -9.19312 0.120837 -0.148355 10.0738 0.0873537 -0.0384845 -0.0534507
2323.77 0.153219 -0.344742 -9.49956 0.131605 -0.155533 10.0642 0.0846048 -0.0366519 -0.0493274
2323.79 0.0766094 -0.383047 -9.26973 0.131605 -0.166301 10.0522 0.0842994 -0.0361938 -0.0513127
2323.8 0.153219 -0.306437 -9.49956 0.147159 -0.181854 10.069 0.0830777 -0.0343612 -0.0503964
2323.82 0.268133 -0.268133 -9.26973 0.147159 -0.187837 10.0594 0.0832304 -0.0331394 -0.0508545
2323.84 0.153219 -0.306437 -9.49956 0.166301 -0.208175 10.0534 0.0844521 -0.0358883 -0.0520762
2323.85 0.153219 -0.344742 -9.34634 0.160319 -0.210568 10.0582 0.083994 -0.0325286 -0.0536034
2323.87 0.114914 -0.344742 -9.34634 0.179462 -0.22014 10.0738 0.08827 -0.0395535 -0.055436
2323.89 0.0766094 -0.306437 -9.42295 0.17348 -0.222532 10.063 0.0868956 -0.0368046 -0.0557414
2323.9 0.191523 -0.306437 -9.38465 0.171087 -0.218943 10.0499 0.0885754 -0.0354302 -0.0572686
2323.93 0.191523 -0.268133 -9.23143 0.167498 -0.206979 10.069 0.0885754 -0.0354302 -0.0604756
2323.94 0.229828 -0.229828 -9.34634 0.157926 -0.209372 10.0666 0.0891863 -0.0346666 -0.0598648
2323.96 0.191523 -0.306437 -9.38465 0.154337 -0.210568 10.0594 0.0873537 -0.0310014 -0.0589485
2323.98 0.153219 -0.268133 -9.42295 0.145962 -0.193819 10.0702 0.0894917 -0.0392481 -0.0594066
2323.99 0.191523 -0.306437 -9.38465 0.137587 -0.190229 10.051 0.08827 -0.0325286 -0.0609338
2324.01 0.229828 -0.229828 -9.49956 0.138784 -0.172283 10.0618 0.0896445 -0.0322231 -0.0589485
2324.03 0.191523 -0.344742 -9.53786 0.138784 -0.17348 10.0594 0.0888809 -0.0348193 -0.0609338
2324.04 0.153219 -0.268133 -9.46126 0.112463 -0.144766 10.0606 0.0911716 -0.0337503 -0.062461
2324.06 0.0766094 -0.229828 -9.46126 0.124427 -0.122034 10.0558 0.0896445 -0.0334449 -0.0607811
2324.08 0.229828 -0.0766094 -9.57617 0.104088 -0.137587 10.081 0.090408 -0.0348193 -0.0613919
2324.09 0.191523 -0.191523 -9.42295 0.106481 -0.11007 10.0786 0.0917825 -0.0418443 -0.0627664
2324.11 0.191523 -0.153219 -8.88668 0.0861416 -0.09332 10.051 0.0890336 -0.033903 -0.062461
2324.13 0.306437 -0.229828 -9.46126 0.0801595 -0.0861416 10.0654 0.0891863 -0.0329867 -0.0626137
2324.14 0.268133 -0.191523 -9.34634 0.0777667 -0.0813559 10.063 0.0919352 -0.0395535 -0.0626137
2324.16 0.268133 -0.229828 -9.46126 0.0741775 -0.061017 10.0678 0.089339 -0.0374155 -0.0591012
2324.17 0.229828 -0.306437 -9.53786 0.0693918 -0.0634098 10.0738 0.0881173 -0.0332921 -0.0569632
2324.19 0.268133 -0.191523 -9.49956 0.0717846 -0.0538385 10.0558 0.0902553 -0.0334449 -0.0568105
2324.21 0.191523 -0.306437 -9.42295 0.0837488 -0.0550349 10.0499 0.0876591 -0.034972 -0.0586431
2324.22 0.153219 -0.229828 -9.49956 0.104088 -0.0574277 10.0678 0.0873537 -0.0369573 -0.0569632
2324.24 0.153219 -0.0766094 -9.30804 0.100499 -0.061017 10.0726 0.0853684 -0.0302378 -0.054367
2324.26 0.114914 -0.268133 -9.38465 0.107677 -0.0562313 10.0582 0.0842994 -0.031765 -0.0539089
2324.28 0.229828 -0.191523 -9.42295 0.106481 -0.0658026 10.057 0.0833831 -0.0323759 -0.0517708
2324.29 0.191523 -0.153219 -9.46126 0.113659 -0.087338 10.0666 0.0855211 -0.0369573 -0.0545197
2324.31 0.114914 -0.191523 -9.49956 0.116052 -0.0825523 10.057 0.0870483 -0.0337503 -0.0525344
2324.32 0.229828 -0.306437 -9.53786 0.124427 -0.102891 10.0762 0.0873537 -0.0404698 -0.0536034
2324.34 0.306437 -0.268133 -9.34634 0.133998 -0.118445 10.0499 0.0864374 -0.045204 -0.0531453
2324.36 0.191523 -0.268133 -9.65278 0.137587 -0.128016 10.0582 0.0830777 -0.0346666 -0.0499382
2324.37 0.191523 -0.344742 -9.49956 0.145962 -0.144766 10.0726 0.0847575 -0.0354302 -0.0520762
2324.39 0.191523 -0.268133 -9.61448 0.147159 -0.149551 10.057 0.0830777 -0.032834 -0.0500909
2324.41 0.268133 -0.344742 -9.42295 0.167498 -0.177069 10.0654 0.0821613 -0.0310014 -0.0503964
2324.42 0.0766094 -0.306437 -9.42295 0.179462 -0.191426 10.0546 0.0856738 -0.0354302 -0.0529926
2324.44 0.191523 -0.344742 -9.34634 0.16989 -0.187837 10.0726 0.0855211 -0.0354302 -0.0514654
2324.46 0.153219 -0.268133 -9.69109 0.165105 -0.209372 10.057 0.0868956 -0.0363465 -0.0526871
2324.47 0.191523 -0.229828 -9.46126 0.168694 -0.215354 10.075 0.0867428 -0.0374155 -0.0560469
2324.49 0.229828 -0.459656 -9.65278 0.161515 -0.221336 10.0953 0.0878119 -0.034972 -0.0555887
2324.51 0.191523 -0.344742 -9.49956 0.151944 -0.226122 10.069 0.0878119 -0.0358883 -0.0560469
2324.52 0.153219 -0.306437 -9.8443 0.142373 -0.218943 10.0606 0.0873537 -0.033903 -0.0571159
2324.54 0.114914 -0.268133 -9.38465 0.130409 -0.214158 10.0654 0.089339 -0.0352775 -0.0586431
2324.55 0.191523 -0.383047 -9.42295 0.125623 -0.210568 10.0546 0.0876591 -0.0302378 -0.0589485
2324.57 0.153219 -0.268133 -9.53786 0.129212 -0.205783 10.0786 0.0901026 -0.0358883 -0.0607811
2324.59 0.191523 -0.344742 -9.53786 0.124427 -0.191426 10.0534 0.0885754 -0.033903 -0.0609338
2324.6 0.0766094 -0.268133 -9.38465 0.12682 -0.199801 10.0606 0.0913243 -0.0348193 -0.0613919
2324.62 0.114914 -0.229828 -9.72939 0.129212 -0.180658 10.0762 0.0894917 -0.0316123 -0.0609338
2324.64 0.0766094 -0.306437 -9.34634 0.112463 -0.159123 10.0642 0.0881173 -0.0322231 -0.0604756
2324.65 0.153219 -0.306437 -9.46126 0.102891 -0.144766 10.0582 0.0902553 -0.0357356 -0.0618501
2324.67 0.114914 -0.153219 -9.42295 0.0969093 -0.141176 10.0654 0.0933096 -0.03711 -0.0627664
2324.69 0.191523 -0.306437 -9.46126 0.0969093 -0.132802 10.0582 0.0894917 -0.0337503 -0.0616974
2324.7 0.191523 -0.229828 -9.46126 0.0981057 -0.104088 10.0726 0.0907135 -0.033903 -0.0615447
2324.72 0.191523 -0.191523 -9.46126 0.087338 -0.0981057 10.0786 0.0887282 -0.0384845 -0.0601702
2324.74 0.114914 -0.229828 -9.38465 0.0837488 -0.0753739 10.0726 0.0907135 -0.0394008 -0.0610865
2324.75 0.229828 -0.229828 -9.8443 0.0909272 -0.0729811 10.0786 0.0891863 -0.0329867 -0.0594066
2324.77 0.268133 -0.229828 -9.38465 0.0969093 -0.0574277 10.075 0.0884227 -0.0375682 -0.0586431
2324.78 0.306437 -0.306437 -9.30804 0.104088 -0.0622134 10.0702 0.0875064 -0.0335976 -0.0578795
2324.8 0.191523 -0.268133 -9.15482 0.102891 -0.0502493 10.0594 0.0897971 -0.0326813 -0.0563523
2324.82 0.268133 -0.191523 -9.30804 0.102891 -0.0502493 10.069 0.0879646 -0.0386372 -0.0561996
2324.83 0.0766094 -0.421352 -9.49956 0.12323 -0.0586241 10.0594 0.0917825 -0.0459676 -0.056505
2324.85 0.229828 -0.229828 -9.49956 0.130409 -0.0514457 10.0654 0.089339 -0.0383318 -0.0552833
2324.86 0.229828 -0.153219 -9.34634 0.124427 -0.0538385 10.0606 0.086132 -0.0384845 -0.0540616
2324.88 0.191523 -0.191523 -9.34634 0.129212 -0.066999 10.0654 0.0846048 -0.0340557 -0.0523817
2324.89 0.114914 -0.268133 -9.34634 0.138784 -0.0885344 10.069 0.0849102 -0.0343612 -0.0519235
2324.91 0.229828 -0.229828 -9.38465 0.132802 -0.0813559 10.0678 0.0849102 -0.0340557 -0.0537561
2324.92 0.344742 -0.268133 -9.72939 0.143569 -0.104088 10.0666 0.0864374 -0.0384845 -0.0540616
2324.94 0.191523 -0.383047 -9.53786 0.135194 -0.122034 10.0499 0.0873537 -0.0381791 -0.0539089
2325.53 0.191523 -0.268133 -9.19312 0.114855 -0.104088 10.051 0.0859793 -0.0346666 -0.0525344
2325.55 0.153219 -0.268133 -9.42295 0.0957129 -0.125623 10.0774 0.0838412 -0.0337503 -0.0529926
2325.57 0.268133 -0.191523 -9.61448 0.0885344 -0.141176 10.0678 0.083994 -0.0358883 -0.0537561
2325.58 0.191523 -0.306437 -9.23143 0.09332 -0.144766 10.0833 0.0852157 -0.0346666 -0.0537561
2325.6 0.306437 -0.421352 -9.38465 0.100499 -0.165105 10.0546 0.0855211 -0.0390954 -0.0519235
2325.62 0.191523 -0.229828 -9.53786 0.0849452 -0.178265 10.0654 0.0838412 -0.0363465 -0.0526871
2325.63 0.191523 -0.383047 -9.46126 0.087338 -0.17348 10.0702 0.0849102 -0.0345139 -0.0548251
2325.65 0.153219 -0.268133 -9.46126 0.101695 -0.181854 10.0654 0.08827 -0.0423024 -0.0539089
2325.67 0.191523 -0.306437 -9.53786 0.0957129 -0.196211 10.0678 0.0853684 -0.0383318 -0.0545197
2325.68 0.153219 -0.344742 -9.42295 0.0969093 -0.193819 10.069 0.0867428 -0.03711 -0.055436
2325.7 0.306437 -0.344742 -9.30804 0.107677 -0.21655 10.0726 0.0833831 -0.0323759 -0.0540616
2325.72 0.268133 -0.383047 -9.42295 0.122034 -0.21655 10.0798 0.0838412 -0.0348193 -0.0534507
2325.73 0.191523 -0.268133 -9.38465 0.117248 -0.208175 10.0774 0.0852157 -0.0334449 -0.055436
2325.75 0.114914 -0.306437 -9.46126 0.111266 -0.210568 10.0606 0.0887282 -0.0380264 -0.0574213
2325.77 0.191523 -0.268133 -9.57617 0.125623 -0.206979 10.0666 0.0887282 -0.0357356 -0.057574
2325.78 0.191523 -0.306437 -9.76769 0.136391 -0.196211 10.0702 0.0901026 -0.03711 -0.0580322
2325.8 0.306437 -0.421352 -9.46126 0.151944 -0.193819 10.0714 0.087201 -0.0297797 -0.0578795
2325.82 0.229828 -0.383047 -9.69109 0.149551 -0.195015 10.0774 0.0865901 -0.0329867 -0.0578795
2325.83 0.229828 -0.229828 -9.53786 0.163908 -0.162712 10.0654 0.0917825 -0.0383318 -0.0598648
2325.85 0.229828 -0.268133 -9.46126 0.181854 -0.144766 10.0714 0.0888809 -0.0354302 -0.0586431
2325.87 0.114914 -0.191523 -9.42295 0.189033 -0.145962 10.0738 0.0899499 -0.0343612 -0.0592539
2325.88 0.191523 -0.306437 -9.53786 0.183051 -0.131605 10.0738 0.0859793 -0.0290161 -0.0591012
2325.9 0.153219 -0.268133 -9.38465 0.183051 -0.117248 10.063 0.0853684 -0.0288634 -0.0592539
2325.92 0.191523 -0.268133 -9.42295 0.172283 -0.09332 10.0582 0.091477 -0.0372628 -0.0600175
2325.93 0.0766094 -0.306437 -9.53786 0.179462 -0.0969093 10.0654 0.0887282 -0.0316123 -0.0606284
2325.95 0.268133 -0.191523 -9.38465 0.147159 -0.0993021 10.051 0.0899499 -0.0323759 -0.0595593
2325.96 0.191523 -0.268133 -9.57617 0.131605 -0.111266 10.0594 0.0868956 -0.031765 -0.0594066
2325.98 0.191523 -0.191523 -9.49956 0.12682 -0.0945165 10.0642 0.0891863 -0.0325286 -0.0595593
2326.0 0.306437 -0.153219 -9.65278 0.112463 -0.0885344 10.063 0.0853684 -0.0334449 -0.0612392
2326.01 0.268133 -0.153219 -9.46126 0.119641 -0.0849452 10.0642 0.0884227 -0.0357356 -0.0604756
2326.03 0.191523 -0.114914 -9.65278 0.106481 -0.0837488 10.0726 0.0858265 -0.0290161 -0.0572686
2326.05 0.191523 -0.229828 -9.19312 0.0837488 -0.0729811 10.063 0.0864374 -0.0320704 -0.0587958
2326.06 0.0766094 -0.268133 -9.61448 0.0945165 -0.0598205 10.069 0.087201 -0.0320704 -0.0580322
2326.08 0.268133 -0.268133 -9.46126 0.0861416 -0.087338 10.0618 0.0876591 -0.0372628 -0.0574213
2326.1 0.268133 -0.383047 -9.49956 0.0789631 -0.0825523 10.0714 0.0855211 -0.0342084 -0.0539089
2326.11 0.306437 -0.153219 -9.42295 0.0634098 -0.0753739 10.0582 0.0849102 -0.0346666 -0.054367
2326.13 0.191523 -0.268133 -9.23143 0.0717846 -0.107677 10.0738 0.0875064 -0.0363465 -0.0569632
2326.15 0.268133 -0.306437 -9.30804 0.04666 -0.129212 10.0582 0.085063 -0.0369573 -0.0529926
2326.16 0.114914 -0.191523 -9.46126 0.061017 -0.132802 10.0738 0.086132 -0.0363465 -0.053298
2326.18 0.306437 -0.229828 -9.65278 0.0681954 -0.13998 10.081 0.0821613 -0.0302378 -0.0523817
2326.2 0.229828 -0.191523 -9.53786 0.0753739 -0.150748 10.0738 0.0855211 -0.0395535 -0.052229
2326.21 0.229828 -0.306437 -9.46126 0.0981057 -0.159123 10.0582 0.0846048 -0.0383318 -0.0531453
2326.23 0.229828 -0.306437 -9.38465 0.100499 -0.167498 10.0714 0.0838412 -0.0375682 -0.0520762
2326.25 0.191523 -0.268133 -9.38465 0.111266 -0.171087 10.0726 0.0881173 -0.0413861 -0.0529926
2326.26 0.191523 -0.383047 -9.46126 0.125623 -0.165105 10.0594 0.087201 -0.0401644 -0.0520762
2326.28 0.268133 -0.344742 -9.30804 0.148355 -0.16989 10.0714 0.0864374 -0.0337503 -0.0534507
2326.3 0.229828 -0.306437 -9.46126 0.153141 -0.17348 10.063 0.0884227 -0.0413861 -0.0555887
2326.31 0.0766094 -0.306437 -9.42295 0.166301 -0.183051 10.081 0.0865901 -0.0342084 -0.0525344
2326.33 0.229828 -0.344742 -9.38465 0.171087 -0.184247 10.0642 0.087201 -0.0348193 -0.0539089
2326.35 0.268133 -0.306437 -9.76769 0.163908 -0.184247 10.0666 0.0884227 -0.0372628 -0.0549779
2326.36 0.268133 -0.306437 -9.46126 0.17348 -0.192622 10.0618 0.0855211 -0.0335976 -0.0558941
2326.38 0.191523 -0.268133 -9.46126 0.177069 -0.192622 10.0534 0.0865901 -0.0352775 -0.0560469
2326.4 0.153219 -0.344742 -9.38465 0.183051 -0.185444 10.0558 0.0875064 -0.036041 -0.0572686
2326.41 0.0383047 -0.306437 -9.46126 0.195015 -0.179462 10.0666 0.0891863 -0.0348193 -0.0595593
2326.43 0.114914 -0.229828 -9.42295 0.200997 -0.187837 10.0582 0.0878119 -0.0285579 -0.0583376
2326.45 0.191523 -0.191523 -9.53786 0.183051 -0.162712 10.0678 0.0881173 -0.031765 -0.0589485
2326.46 0.268133 -0.268133 -9.38465 0.16989 -0.151944 10.0618 0.0884227 -0.031765 -0.0603229
2326.48 0.191523 -0.268133 -9.49956 0.160319 -0.147159 10.0702 0.0901026 -0.0354302 -0.0616974
2326.49 0.0766094 -0.268133 -9.42295 0.166301 -0.138784 10.075 0.0905607 -0.0351248 -0.0612392
2326.51 0.114914 -0.229828 -9.42295 0.145962 -0.125623 10.0798 0.0876591 -0.0331394 -0.0609338
2326.53 0.114914 -0.153219 -9.72939 0.130409 -0.120837 10.0702 0.0873537 -0.0319177 -0.0598648
2326.55 0.191523 -0.268133 -9.42295 0.108873 -0.114855 10.0726 0.0901026 -0.0372628 -0.062461
2326.56 0.306437 -0.229828 -9.46126 0.0801595 -0.106481 10.0666 0.0884227 -0.0314596 -0.0604756
2326.58 0.229828 -0.268133 -9.53786 0.0801595 -0.107677 10.0618 0.0894917 -0.0334449 -0.0604756
2326.59 0.306437 -0.268133 -9.26973 0.0658026 -0.107677 10.0558 0.0896445 -0.0320704 -0.0578795
2326.61 0.191523 -0.344742 -9.42295 0.0502493 -0.107677 10.0606 0.0856738 -0.0287107 -0.0571159
2326.63 0.268133 -0.344742 -9.46126 0.066999 -0.09332 10.0618 0.0865901 -0.0343612 -0.057574
2326.64 0.306437 -0.306437 -9.69109 0.04666 -0.0813559 10.0738 0.0870483 -0.0357356 -0.0577268
2326.66 0.229828 -0.153219 -9.49956 0.0550349 -0.0837488 10.0582 0.0885754 -0.043066 -0.0581849
2326.68 0.153219 -0.268133 -9.46126 0.04666 -0.0837488 10.0606 0.0833831 -0.0293215 -0.0558941
2326.7 0.114914 -0.268133 -9.49956 0.0562313 -0.0849452 10.069 0.0876591 -0.0386372 -0.0545197
2326.71 0.153219 -0.268133 -9.72939 0.0598205 -0.0885344 10.0738 0.0858265 -0.034972 -0.0540616
2326.73 0.191523 -0.191523 -9.46126 0.0789631 -0.0921237 10.0678 0.0876591 -0.0394008 -0.0555887
2326.74 0.191523 -0.191523 -9.34634 0.0837488 -0.09332 10.075 0.0881173 -0.0415388 -0.0528398
2326.76 0.268133 -0.268133 -9.46126 0.100499 -0.120837 10.0582 0.0852157 -0.0372628 -0.0528398
2326.78 0.229828 -0.191523 -9.46126 0.113659 -0.128016 10.069 0.0859793 -0.0400117 -0.0519235
2326.79 0.0383047 -0.306437 -9.34634 0.142373 -0.131605 10.0738 0.0849102 -0.0407752 -0.0519235
2326.81 0.268133 -0.306437 -9.46126 0.15673 -0.135194 10.0654 0.0865901 -0.0415388 -0.0537561
2326.83 0.268133 -0.229828 -9.42295 0.15673 -0.149551 10.0678 0.0855211 -0.0363465 -0.0500909
2326.84 0.153219 -0.268133 -9.57617 0.171087 -0.150748 10.0642 0.0826195 -0.0297797 -0.0510072
2326.86 0.229828 -0.229828 -9.38465 0.202193 -0.163908 10.0726 0.0853684 -0.0390954 -0.0510072
2326.88 0.0766094 -0.268133 -9.49956 0.200997 -0.166301 10.0666 0.0847575 -0.03711 -0.0557414
2326.89 0.153219 -0.344742 -9.57617 0.198604 -0.168694 10.0702 0.0855211 -0.0369573 -0.0549779
2326.91 0.114914 -0.383047 -9.49956 0.200997 -0.179462 10.0714 0.0829249 -0.0303905 -0.0540616
2326.93 0.0766094 -0.229828 -9.49956 0.179462 -0.190229 10.0618 0.0841467 -0.0325286 -0.0566577
2326.94 0.153219 -0.383047 -9.23143 0.17348 -0.193819 10.0546 0.0875064 -0.0345139 -0.056505
2326.96 0.0383047 -0.268133 -9.42295 0.165105 -0.189033 10.0594 0.0867428 -0.0337503 -0.0578795
2326.98 0.114914 -0.268133 -9.15482 0.159123 -0.192622 10.0678 0.0859793 -0.0334449 -0.0566577
2326.99 0.191523 -0.268133 -9.53786 0.165105 -0.197408 10.0642 0.0852157 -0.0287107 -0.0589485
2327.01 0.421352 -0.306437 -9.46126 0.149551 -0.195015 10.0714 0.0876591 -0.0323759 -0.0601702
2327.03 0.153219 -0.344742 -9.42295 0.138784 -0.185444 10.0618 0.0859793 -0.0282525 -0.0600175
2327.04 0.191523 -0.344742 -9.34634 0.132802 -0.171087 10.0738 0.087201 -0.0303905 -0.0613919
2327.06 0.191523 -0.344742 -9.34634 0.11007 -0.171087 10.0642 0.0890336 -0.0346666 -0.0615447
2327.08 0.229828 -0.344742 -9.30804 0.104088 -0.15673 10.0726 0.0896445 -0.0342084 -0.0594066
2327.09 0.191523 -0.268133 -9.46126 0.087338 -0.154337 10.0546 0.0856738 -0.0267254 -0.0583376
2327.11 0.268133 -0.268133 -9.38465 0.0741775 -0.132802 10.0666 0.0884227 -0.0337503 -0.0598648
2327.13 0.114914 -0.191523 -9.30804 0.0753739 -0.143569 10.0714 0.0890336 -0.0332921 -0.0627664
2327.14 0.229828 -0.306437 -9.49956 0.0765703 -0.131605 10.0714 0.0875064 -0.0293215 -0.0597121
2327.16 0.306437 -0.306437 -9.38465 0.0729811 -0.12682 10.063 0.0847575 -0.0294742 -0.0584903
2327.17 0.0766094 -0.344742 -9.46126 0.061017 -0.104088 10.0642 0.089339 -0.032834 -0.0577268
2327.19 0.268133 -0.229828 -9.42295 0.0765703 -0.101695 10.0762 0.0896445 -0.0357356 -0.0591012
2327.21 0.229828 -0.153219 -9.57617 0.0753739 -0.100499 10.0666 0.0858265 -0.0302378 -0.0580322
2327.22 0.306437 -0.229828 -9.53786 0.0957129 -0.087338 10.0654 0.0910189 -0.0387899 -0.0571159
2327.24 0.191523 -0.268133 -9.34634 0.101695 -0.0813559 10.0666 0.0876591 -0.036041 -0.0557414
2327.26 0.191523 -0.268133 -9.46126 0.118445 -0.09332 10.0702 0.0876591 -0.0340557 -0.0574213
2327.28 0.114914 -0.191523 -9.46126 0.138784 -0.0813559 10.0546 0.0888809 -0.041997 -0.0551306
2327.29 0.229828 -0.153219 -9.49956 0.122034 -0.0801595 10.0654 0.0881173 -0.0395535 -0.0552833
2327.31 0.268133 -0.191523 -9.65278 0.138784 -0.087338 10.0522 0.0852157 -0.0358883 -0.0557414
2327.32 0.153219 -0.268133 -9.42295 0.136391 -0.100499 10.0833 0.0844521 -0.0343612 -0.0558941
2327.34 0.229828 -0.153219 -9.38465 0.154337 -0.101695 10.057 0.0842994 -0.030696 -0.052229
2327.36 0.268133 -0.229828 -9.30804 0.159123 -0.0957129 10.0702 0.0858265 -0.03711 -0.0531453
2327.37 0.153219 -0.0383047 -9.49956 0.154337 -0.102891 10.063 0.0873537 -0.0369573 -0.0539089
2327.39 0.191523 -0.268133 -9.46126 0.159123 -0.130409 10.063 0.0817032 -0.0313068 -0.054367
2327.41 0.0766094 -0.344742 -9.61448 0.171087 -0.130409 10.0702 0.0836885 -0.0308487 -0.055436
2327.42 0.114914 -0.229828 -9.53786 0.162712 -0.138784 10.0642 0.0841467 -0.0368046 -0.0549779
2327.44 0.229828 -0.268133 -9.53786 0.171087 -0.161515 10.057 0.0868956 -0.0372628 -0.0568105
2327.46 0.191523 -0.268133 -9.42295 0.17348 -0.149551 10.0678 0.0844521 -0.0326813 -0.0558941
2327.47 0.229828 -0.306437 -9.57617 0.150748 -0.15673 10.0582 0.0873537 -0.0357356 -0.0560469
2327.49 0.268133 -0.268133 -9.42295 0.137587 -0.154337 10.0702 0.0897971 -0.0404698 -0.0571159
2327.5 0.191523 -0.344742 -9.57617 0.130409 -0.185444 10.0594 0.0876591 -0.0395535 -0.0597121
2327.52 0.191523 -0.306437 -9.42295 0.128016 -0.181854 10.075 0.085063 -0.0329867 -0.055436
2327.54 0.153219 -0.344742 -9.46126 0.118445 -0.195015 10.0654 0.0853684 -0.0314596 -0.0563523
2327.55 0.229828 -0.344742 -9.07821 0.101695 -0.197408 10.0558 0.086132 -0.0335976 -0.0558941
2327.57 0.191523 -0.344742 -9.38465 0.0969093 -0.189033 10.0582 0.0868956 -0.0361938 -0.0563523
