2205.98 0.191523 -0.306437 -9.26973 0.150748 -0.185444 10.0714 0.0876591 -0.0331394 -0.0577268
2205.99 0.191523 -0.306437 -9.30804 0.133998 -0.200997 10.057 0.0885754 -0.0354302 -0.0594066
2206.01 0.344742 -0.383047 -9.53786 0.118445 -0.175872 10.0774 0.0908662 -0.0416915 -0.0604756
2206.03 0.153219 -0.268133 -9.42295 0.128016 -0.159123 10.0666 0.0865901 -0.0288634 -0.0594066
2206.04 0.191523 -0.344742 -9.57617 0.151944 -0.144766 10.0774 0.08827 -0.0340557 -0.0592539
2206.06 0.229828 -0.229828 -9.46126 0.142373 -0.136391 10.075 0.0907135 -0.0387899 -0.0627664
2206.08 0.153219 -0.114914 -9.61448 0.145962 -0.118445 10.0702 0.0864374 -0.0316123 -0.0589485
2206.09 0.191523 -0.268133 -9.53786 0.143569 -0.0957129 10.0606 0.0891863 -0.0369573 -0.0609338
2206.11 0.229828 -0.191523 -9.42295 0.151944 -0.0957129 10.0678 0.086132 -0.0300851 -0.0604756
2206.13 0.114914 -0.191523 -9.72939 0.124427 -0.116052 10.0594 0.0911716 -0.0387899 -0.0607811
2206.14 0.268133 -0.268133 -9.57617 0.0957129 -0.113659 10.0642 0.0905607 -0.0394008 -0.0592539
2206.16 0.153219 -0.114914 -9.53786 0.0777667 -0.12323 10.063 0.0885754 -0.0310014 -0.057574
2206.17 0.229828 -0.268133 -9.42295 0.0765703 -0.12323 10.0726 0.0858265 -0.0337503 -0.0571159
2206.19 0.229828 -0.383047 -9.26973 0.0526421 -0.107677 10.0738 0.0873537 -0.0343612 -0.0574213
2206.21 0.268133 -0.229828 -9.38465 0.0586241 -0.111266 10.0654 0.0899499 -0.0390954 -0.0595593
2206.22 0.114914 -0.191523 -9.38465 0.0622134 -0.11007 10.0774 0.0864374 -0.034972 -0.0569632
2206.24 0.191523 -0.114914 -9.46126 0.0813559 -0.107677 10.0714 0.0896445 -0.0380264 -0.0561996
2206.26 0.153219 -0.268133 -9.49956 0.113659 -0.0921237 10.0666 0.0862847 -0.031765 -0.0539089
2206.28 0.191523 -0.191523 -9.53786 0.118445 -0.0885344 10.0666 0.0870483 -0.0335976 -0.0560469
2206.29 0.383047 -0.268133 -9.34634 0.125623 -0.0909272 10.0702 0.0849102 -0.0348193 -0.0569632
2206.31 0.191523 -0.191523 -9.19312 0.137587 -0.0957129 10.0714 0.0862847 -0.0374155 -0.0572686
2206.32 0.153219 -0.268133 -9.34634 0.133998 -0.0969093 10.0702 0.0847575 -0.031765 -0.0526871
2206.34 0.268133 -0.268133 -9.15482 0.106481 -0.130409 10.0702 0.086132 -0.0348193 -0.0531453
2206.36 0.191523 -0.229828 -9.46126 0.111266 -0.124427 10.0833 0.0868956 -0.0372628 -0.0537561
2206.37 0.229828 -0.306437 -9.38465 0.120837 -0.142373 10.0798 0.0896445 -0.0432187 -0.0536034
2206.39 0.153219 -0.268133 -9.34634 0.108873 -0.171087 10.063 0.0846048 -0.0340557 -0.0513127
2206.41 0.191523 -0.229828 -9.46126 0.122034 -0.16989 10.0642 0.0856738 -0.0348193 -0.0526871
2206.42 0.229828 -0.229828 -9.38465 0.132802 -0.172283 10.063 0.0856738 -0.034972 -0.0510072
2206.44 0.268133 -0.268133 -9.30804 0.150748 -0.175872 10.0594 0.08827 -0.036041 -0.0561996
2206.46 0.153219 -0.191523 -9.46126 0.163908 -0.172283 10.075 0.0859793 -0.0343612 -0.0555887
2206.47 0.191523 -0.268133 -9.49956 0.179462 -0.175872 10.0534 0.086132 -0.036041 -0.056505
2206.49 0.153219 -0.306437 -9.49956 0.183051 -0.168694 10.0666 0.0853684 -0.0351248 -0.0569632
2206.51 0.191523 -0.229828 -9.34634 0.178265 -0.151944 10.0654 0.0873537 -0.0368046 -0.0534507
2206.52 0.191523 -0.229828 -9.806 0.177069 -0.160319 10.0666 0.0853684 -0.0331394 -0.0566577
2206.54 0.306437 -0.344742 -9.38465 0.153141 -0.171087 10.0594 0.0849102 -0.0326813 -0.0568105
2206.56 0.459656 -0.268133 -9.76769 0.145962 -0.185444 10.0702 0.0875064 -0.0361938 -0.0563523
2206.57 0.191523 -0.306437 -9.46126 0.12682 -0.195015 10.0678 0.0855211 -0.0299324 -0.056505
2206.59 0.229828 -0.344742 -9.46126 0.137587 -0.197408 10.0738 0.0875064 -0.032834 -0.0580322
2206.61 0.268133 -0.229828 -9.49956 0.12323 -0.191426 10.0762 0.0913243 -0.0357356 -0.0594066
2206.62 0.191523 -0.421352 -9.42295 0.118445 -0.197408 10.0594 0.090408 -0.0380264 -0.0604756
2206.64 0.191523 -0.306437 -9.38465 0.113659 -0.177069 10.0534 0.0908662 -0.034972 -0.0595593
2206.66 0.153219 -0.229828 -9.61448 0.125623 -0.162712 10.0534 0.0879646 -0.0310014 -0.0604756
2206.67 0.114914 -0.306437 -9.61448 0.112463 -0.149551 10.069 0.08827 -0.0351248 -0.0606284
2206.69 0.268133 -0.268133 -9.30804 0.117248 -0.125623 10.0582 0.0881173 -0.0354302 -0.0598648
2206.7 0.268133 -0.229828 -9.49956 0.111266 -0.114855 10.0738 0.0875064 -0.0273362 -0.0610865
2206.72 0.229828 -0.268133 -9.42295 0.113659 -0.101695 10.063 0.0867428 -0.02474 -0.0607811
2206.73 0.229828 -0.229828 -9.49956 0.0921237 -0.0921237 10.0714 0.0888809 -0.0325286 -0.0591012
2206.75 0.229828 -0.268133 -9.49956 0.0801595 -0.0957129 10.0666 0.0905607 -0.0390954 -0.0592539
2206.76 0.153219 -0.229828 -9.30804 0.0681954 -0.0717846 10.0666 0.086132 -0.0299324 -0.0572686
2206.78 0.229828 -0.191523 -9.69109 0.0586241 -0.0897308 10.0642 0.0868956 -0.0308487 -0.0546724
2206.8 0.306437 -0.268133 -9.42295 0.0658026 -0.0753739 10.0762 0.089339 -0.0381791 -0.0568105
2206.81 0.153219 -0.306437 -9.53786 0.0765703 -0.0969093 10.075 0.08827 -0.0389426 -0.0578795
2207.39 0.229828 -0.268133 -9.53786 0.0729811 -0.0693918 10.0594 0.0876591 -0.0352775 -0.057574
2207.41 0.191523 -0.191523 -9.46126 0.0897308 -0.0765703 10.0582 0.0885754 -0.033903 -0.057574
2207.42 0.306437 -0.229828 -9.38465 0.0957129 -0.0681954 10.0702 0.0875064 -0.034972 -0.0580322
2207.44 0.153219 -0.114914 -9.806 0.113659 -0.0753739 10.0738 0.0885754 -0.0363465 -0.057574
2207.46 0.306437 -0.229828 -9.46126 0.125623 -0.0897308 10.0738 0.0885754 -0.0375682 -0.054367
2207.47 0.229828 -0.268133 -9.72939 0.122034 -0.0825523 10.0606 0.0925461 -0.0397062 -0.054367
2207.49 0.114914 -0.268133 -9.42295 0.133998 -0.0789631 10.0738 0.0841467 -0.032834 -0.0534507
2207.51 0.0766094 -0.0766094 -9.46126 0.136391 -0.0849452 10.0678 0.085063 -0.031765 -0.0563523
2207.52 0.114914 -0.306437 -9.46126 0.144766 -0.0969093 10.0678 0.086132 -0.0375682 -0.0546724
2207.54 0.229828 -0.153219 -9.23143 0.130409 -0.0885344 10.0714 0.0824668 -0.0310014 -0.0542143
2207.56 0.114914 -0.268133 -9.49956 0.128016 -0.114855 10.0606 0.0887282 -0.041997 -0.0552833
2207.57 0.306437 -0.229828 -9.38465 0.129212 -0.117248 10.057 0.0870483 -0.0372628 -0.0536034
2207.59 0.191523 -0.268133 -9.15482 0.13998 -0.124427 10.0606 0.0849102 -0.0337503 -0.0531453
2207.61 0.268133 -0.268133 -9.46126 0.137587 -0.131605 10.0654 0.0836885 -0.0302378 -0.0517708
2207.62 0.268133 -0.191523 -9.49956 0.135194 -0.145962 10.0534 0.0867428 -0.0410807 -0.0520762
2207.64 0.268133 -0.306437 -9.46126 0.147159 -0.174676 10.0654 0.0826195 -0.0313068 -0.0510072
2207.66 0.191523 -0.344742 -9.72939 0.147159 -0.179462 10.0666 0.0896445 -0.0423024 -0.0516181
2207.67 0.191523 -0.344742 -9.46126 0.144766 -0.197408 10.0738 0.0856738 -0.0337503 -0.0548251
2207.69 0.229828 -0.268133 -9.46126 0.141176 -0.211765 10.0798 0.0836885 -0.0322231 -0.0545197
2207.71 0.114914 -0.383047 -9.34634 0.144766 -0.218943 10.0714 0.086132 -0.0326813 -0.0557414
2207.72 0.0766094 -0.344742 -9.38465 0.124427 -0.230907 10.0666 0.0878119 -0.0384845 -0.0574213
2207.74 0.229828 -0.268133 -9.34634 0.133998 -0.218943 10.069 0.0879646 -0.0358883 -0.057574
2207.75 0.191523 -0.268133 -9.42295 0.12682 -0.204586 10.0654 0.087201 -0.034972 -0.0566577
2207.77 0.191523 -0.229828 -9.30804 0.11007 -0.204586 10.0762 0.0879646 -0.0342084 -0.0597121
2207.79 0.191523 -0.306437 -9.49956 0.124427 -0.214158 10.0845 0.0864374 -0.0288634 -0.0601702
2207.81 0.229828 -0.229828 -9.53786 0.107677 -0.191426 10.0606 0.0919352 -0.0404698 -0.0600175
2207.82 0.229828 -0.344742 -9.46126 0.131605 -0.167498 10.0678 0.089339 -0.0361938 -0.0586431
2207.84 0.268133 -0.268133 -9.49956 0.119641 -0.183051 10.0546 0.0879646 -0.033903 -0.0587958
2207.86 0.229828 -0.229828 -9.38465 0.119641 -0.181854 10.0594 0.0876591 -0.0276416 -0.0603229
2207.87 0.153219 -0.344742 -9.38465 0.130409 -0.160319 10.0558 0.0884227 -0.033903 -0.0587958
2207.89 0.0383047 -0.268133 -9.46126 0.138784 -0.149551 10.0774 0.0896445 -0.0368046 -0.0595593
2207.91 0.268133 -0.268133 -9.42295 0.120837 -0.153141 10.063 0.0907135 -0.0400117 -0.0603229
2207.92 0.191523 -0.268133 -9.38465 0.117248 -0.125623 10.0606 0.0923933 -0.0363465 -0.0592539
2207.94 0.229828 -0.268133 -9.46126 0.122034 -0.119641 10.0666 0.091477 -0.036041 -0.0626137
2207.96 0.114914 -0.229828 -9.34634 0.128016 -0.118445 10.0726 0.0884227 -0.0334449 -0.0607811
2207.97 0.191523 -0.229828 -9.03991 0.112463 -0.102891 10.0726 0.0933096 -0.0390954 -0.0623082
2207.99 0.153219 -0.229828 -9.38465 0.106481 -0.0741775 10.0786 0.0908662 -0.0392481 -0.0577268
2208.0 0.153219 -0.153219 -9.46126 0.102891 -0.0622134 10.0654 0.08827 -0.0334449 -0.0587958
2208.02 0.153219 -0.153219 -9.53786 0.107677 -0.0646062 10.0666 0.0885754 -0.0354302 -0.0568105
2208.04 0.229828 -0.191523 -9.03991 0.113659 -0.0622134 10.0678 0.0899499 -0.0397062 -0.0569632
2208.05 0.191523 -0.191523 -9.42295 0.128016 -0.0598205 10.0678 0.0873537 -0.0374155 -0.0577268
2208.07 0.191523 -0.153219 -9.61448 0.118445 -0.066999 10.0582 0.0884227 -0.0375682 -0.056505
2208.09 0.229828 -0.229828 -9.69109 0.129212 -0.0622134 10.069 0.0844521 -0.0303905 -0.053298
2208.1 0.344742 -0.114914 -9.30804 0.111266 -0.0825523 10.0642 0.0829249 -0.0271835 -0.0531453
2208.12 0.268133 -0.268133 -9.42295 0.141176 -0.101695 10.0666 0.0858265 -0.0354302 -0.0566577
2208.14 0.153219 -0.268133 -9.57617 0.128016 -0.108873 10.0594 0.0858265 -0.0361938 -0.054367
2208.15 0.153219 -0.383047 -9.38465 0.128016 -0.118445 10.0594 0.0844521 -0.0299324 -0.0531453
2208.17 0.191523 -0.153219 -9.46126 0.122034 -0.138784 10.0893 0.0835358 -0.0299324 -0.0520762
2208.19 0.191523 -0.268133 -9.46126 0.113659 -0.136391 10.0594 0.0859793 -0.0342084 -0.0545197
2208.2 0.383047 -0.268133 -9.42295 0.107677 -0.13998 10.0594 0.0858265 -0.0377209 -0.0545197
2208.22 0.229828 -0.268133 -9.38465 0.113659 -0.154337 10.0702 0.0867428 -0.0381791 -0.0551306
2208.24 0.268133 -0.229828 -9.46126 0.118445 -0.16989 10.063 0.0846048 -0.0346666 -0.0531453
2208.25 0.0383047 -0.268133 -9.49956 0.113659 -0.178265 10.063 0.0838412 -0.032834 -0.0536034
2208.27 0.191523 -0.268133 -9.38465 0.113659 -0.180658 10.0762 0.0846048 -0.0361938 -0.053298
2208.29 0.229828 -0.344742 -9.38465 0.131605 -0.175872 10.075 0.0888809 -0.0390954 -0.0525344
2208.3 0.0766094 -0.306437 -9.57617 0.12323 -0.196211 10.0654 0.0852157 -0.0310014 -0.0548251
2208.32 0.229828 -0.306437 -9.30804 0.131605 -0.199801 10.0606 0.08827 -0.0387899 -0.0557414
2208.34 0.268133 -0.229828 -9.38465 0.144766 -0.22014 10.0726 0.0870483 -0.033903 -0.0558941
2208.35 0.153219 -0.268133 -9.46126 0.12682 -0.214158 10.063 0.0847575 -0.0291688 -0.0539089
2208.37 0.114914 -0.268133 -9.46126 0.150748 -0.215354 10.0534 0.089339 -0.0381791 -0.0581849
2208.39 0.153219 -0.306437 -9.46126 0.132802 -0.211765 10.0666 0.0859793 -0.0322231 -0.0581849
2208.4 0.153219 -0.344742 -9.34634 0.133998 -0.199801 10.0618 0.0867428 -0.0303905 -0.0587958
2208.42 0.153219 -0.229828 -9.46126 0.147159 -0.180658 10.0594 0.0907135 -0.0378736 -0.0601702
2208.44 0.191523 -0.344742 -9.38465 0.132802 -0.160319 10.0618 0.0899499 -0.0354302 -0.0604756
2208.45 0.153219 -0.306437 -9.49956 0.130409 -0.147159 10.0642 0.0879646 -0.029627 -0.0610865
2208.47 0.114914 -0.229828 -9.61448 0.135194 -0.13998 10.0774 0.0920879 -0.0383318 -0.0604756
2208.49 0.153219 -0.229828 -9.49956 0.137587 -0.136391 10.0606 0.0891863 -0.0337503 -0.0613919
2208.5 0.191523 -0.306437 -9.34634 0.132802 -0.132802 10.0702 0.0876591 -0.0319177 -0.0594066
2208.52 0.191523 -0.268133 -9.30804 0.150748 -0.124427 10.0833 0.0922406 -0.0407752 -0.0601702
2208.53 0.191523 -0.229828 -9.49956 0.151944 -0.116052 10.0702 0.0878119 -0.0297797 -0.0586431
2208.55 0.306437 -0.306437 -9.30804 0.141176 -0.107677 10.0618 0.0878119 -0.0325286 -0.0584903
2208.57 0.191523 -0.229828 -9.34634 0.145962 -0.0957129 10.0666 0.0902553 -0.0380264 -0.0610865
2208.58 0.268133 -0.268133 -9.42295 0.137587 -0.087338 10.0666 0.091477 -0.0395535 -0.0601702
2208.6 0.114914 -0.229828 -9.72939 0.116052 -0.0921237 10.0678 0.0885754 -0.0319177 -0.0580322
2208.62 0.383047 -0.229828 -9.53786 0.105284 -0.0861416 10.0726 0.0902553 -0.0386372 -0.0586431
2208.63 0.153219 -0.191523 -9.53786 0.100499 -0.0634098 10.0642 0.0842994 -0.0277944 -0.0563523
2208.65 0.153219 -0.344742 -9.46126 0.0945165 -0.0681954 10.0666 0.0891863 -0.0357356 -0.0566577
2208.67 0.153219 -0.191523 -9.806 0.104088 -0.0562313 10.0666 0.0876591 -0.034972 -0.057574
2208.68 0.229828 -0.191523 -9.53786 0.0885344 -0.0658026 10.0558 0.0858265 -0.0311541 -0.056505
2208.7 0.229828 -0.268133 -9.69109 0.0969093 -0.0646062 10.0726 0.0879646 -0.0335976 -0.054367
2208.72 0.191523 -0.383047 -9.53786 0.107677 -0.0885344 10.0642 0.0835358 -0.0340557 -0.0514654
2208.73 0.191523 -0.229828 -9.38465 0.102891 -0.0909272 10.0738 0.0853684 -0.034972 -0.0528398
2208.75 0.191523 -0.229828 -9.42295 0.100499 -0.112463 10.057 0.086132 -0.0374155 -0.0549779
2208.76 0.153219 -0.306437 -9.34634 0.120837 -0.131605 10.0726 0.0838412 -0.036041 -0.052229
2208.78 0.306437 -0.306437 -9.69109 0.0993021 -0.133998 10.0869 0.083994 -0.0332921 -0.0545197
2208.8 0.268133 -0.344742 -9.42295 0.105284 -0.157926 10.0678 0.0846048 -0.0348193 -0.0519235
2208.81 0.306437 -0.344742 -9.38465 0.11007 -0.178265 10.0678 0.0856738 -0.0354302 -0.052229
2208.83 0.114914 -0.306437 -9.46126 0.120837 -0.177069 10.0642 0.0841467 -0.0326813 -0.054367
2208.85 0.0383047 -0.306437 -9.65278 0.124427 -0.165105 10.081 0.0841467 -0.0334449 -0.0526871
2208.86 0.229828 -0.306437 -9.46126 0.117248 -0.174676 10.063 0.086132 -0.0352775 -0.0551306
2208.88 0.229828 -0.229828 -9.46126 0.122034 -0.175872 10.063 0.0868956 -0.0378736 -0.054367
2208.9 0.191523 -0.191523 -9.53786 0.124427 -0.185444 10.0582 0.0862847 -0.0377209 -0.0539089
2208.91 0.229828 -0.191523 -9.61448 0.118445 -0.17348 10.0522 0.0870483 -0.0407752 -0.0531453
2208.93 0.114914 -0.306437 -9.42295 0.124427 -0.178265 10.0714 0.0855211 -0.0348193 -0.0549779
2208.95 0.229828 -0.306437 -9.38465 0.141176 -0.185444 10.063 0.0868956 -0.0357356 -0.0555887
2208.96 0.0766094 -0.421352 -9.69109 0.136391 -0.183051 10.0642 0.0862847 -0.0342084 -0.0548251
2208.98 0.114914 -0.268133 -9.46126 0.143569 -0.200997 10.075 0.0853684 -0.0342084 -0.0539089
2209.0 0.191523 -0.344742 -9.15482 0.157926 -0.202193 10.0678 0.0901026 -0.0375682 -0.0584903
2209.01 0.153219 -0.268133 -9.49956 0.15673 -0.180658 10.0666 0.0899499 -0.0355829 -0.0584903
2209.03 0.191523 -0.421352 -9.53786 0.142373 -0.180658 10.0606 0.091477 -0.0400117 -0.0603229
2209.05 0.114914 -0.191523 -9.42295 0.162712 -0.16989 10.0738 0.0856738 -0.0300851 -0.0610865
2209.06 0.0766094 -0.229828 -9.30804 0.147159 -0.150748 10.0678 0.0890336 -0.0384845 -0.0607811
2209.08 0.191523 -0.229828 -9.49956 0.142373 -0.155533 10.0654 0.0905607 -0.0342084 -0.0600175
2209.1 0.268133 -0.344742 -9.42295 0.12682 -0.149551 10.0654 0.0875064 -0.0313068 -0.0583376
2209.11 0.153219 -0.229828 -9.57617 0.138784 -0.116052 10.0642 0.0867428 -0.0302378 -0.0612392
2209.13 0.114914 -0.191523 -9.19312 0.155533 -0.124427 10.0594 0.0873537 -0.0326813 -0.0612392
2209.15 0.153219 -0.306437 -9.42295 0.144766 -0.111266 10.0642 0.0885754 -0.0329867 -0.0616974
2209.16 0.0766094 -0.268133 -9.30804 0.130409 -0.12323 10.0582 0.0885754 -0.0331394 -0.0592539
2209.18 0.153219 -0.229828 -9.34634 0.130409 -0.105284 10.0726 0.0878119 -0.0319177 -0.0581849
2209.2 0.0383047 -0.114914 -9.34634 0.12682 -0.0993021 10.0654 0.089339 -0.034972 -0.0584903
2209.21 0.268133 -0.268133 -9.46126 0.122034 -0.100499 10.0762 0.0881173 -0.0322231 -0.0592539
2209.23 0.114914 -0.383047 -9.38465 0.102891 -0.100499 10.0642 0.0896445 -0.0372628 -0.0594066
2209.25 0.268133 -0.268133 -9.42295 0.117248 -0.0981057 10.069 0.0896445 -0.0366519 -0.0586431
2209.26 0.229828 -0.229828 -9.49956 0.0957129 -0.0993021 10.0678 0.0896445 -0.0369573 -0.0577268
2209.28 0.114914 -0.421352 -9.30804 0.0717846 -0.087338 10.069 0.086132 -0.0308487 -0.0574213
2209.3 0.153219 -0.153219 -9.46126 0.0705882 -0.0789631 10.0606 0.0878119 -0.0383318 -0.0589485
2209.31 0.191523 -0.153219 -9.65278 0.0777667 -0.0897308 10.0678 0.0858265 -0.0346666 -0.0568105
2209.33 0.229828 -0.229828 -9.49956 0.0825523 -0.0921237 10.0618 0.0859793 -0.0342084 -0.0568105
2209.34 0.114914 -0.306437 -9.38465 0.0825523 -0.0885344 10.0618 0.085063 -0.0334449 -0.0557414
2209.36 0.268133 -0.191523 -9.49956 0.0897308 -0.0957129 10.0774 0.0858265 -0.0361938 -0.053298
2209.38 0.153219 -0.268133 -9.49956 0.09332 -0.101695 10.0822 0.0867428 -0.0358883 -0.0534507
2209.39 0.229828 -0.306437 -9.49956 0.0849452 -0.129212 10.0642 0.0859793 -0.036041 -0.0529926
2209.41 0.191523 -0.344742 -9.46126 0.117248 -0.145962 10.0845 0.0867428 -0.0398589 -0.0546724
2209.43 0.114914 -0.306437 -9.03991 0.0993021 -0.150748 10.0582 0.0821613 -0.0340557 -0.0519235
2209.44 0.191523 -0.383047 -9.46126 0.113659 -0.165105 10.0678 0.0887282 -0.043066 -0.0508545
2209.46 0.153219 -0.268133 -8.92499 0.13998 -0.167498 10.0702 0.0864374 -0.0361938 -0.0545197
2209.47 0.191523 -0.344742 -9.46126 0.135194 -0.178265 10.0702 0.0865901 -0.0366519 -0.0560469
2209.49 0.229828 -0.268133 -9.53786 0.137587 -0.180658 10.0738 0.0865901 -0.0322231 -0.0545197
2209.51 0.153219 -0.268133 -9.30804 0.12682 -0.191426 10.0654 0.0859793 -0.0322231 -0.0542143
2209.52 0.153219 -0.229828 -9.46126 0.137587 -0.183051 10.0654 0.08827 -0.0380264 -0.0549779
2209.54 0.268133 -0.268133 -9.38465 0.15673 -0.172283 10.0642 0.0905607 -0.0406225 -0.0557414
2209.56 0.114914 -0.306437 -9.30804 0.159123 -0.175872 10.0714 0.0875064 -0.03711 -0.0558941
2209.57 0.114914 -0.344742 -9.46126 0.15673 -0.174676 10.0594 0.0855211 -0.0342084 -0.0557414
2209.59 0.114914 -0.306437 -9.42295 0.161515 -0.179462 10.069 0.0891863 -0.0366519 -0.0571159
2209.61 0.0766094 -0.153219 -9.53786 0.187837 -0.184247 10.069 0.086132 -0.0335976 -0.0560469
2209.62 0.229828 -0.229828 -9.57617 0.184247 -0.175872 10.0642 0.0879646 -0.0358883 -0.0558941
2209.64 0.191523 -0.344742 -9.38465 0.162712 -0.179462 10.0738 0.089339 -0.0346666 -0.0566577
2209.66 0.153219 -0.191523 -9.34634 0.160319 -0.17348 10.0618 0.0885754 -0.0340557 -0.0591012
2209.67 0.191523 -0.306437 -9.38465 0.162712 -0.172283 10.0522 0.089339 -0.0352775 -0.0610865
2209.69 0.191523 -0.344742 -9.53786 0.138784 -0.157926 10.0654 0.0894917 -0.034972 -0.0616974
2209.71 0.268133 -0.229828 -9.38465 0.133998 -0.160319 10.0487 0.0894917 -0.0342084 -0.0600175
2209.72 0.229828 -0.306437 -9.57617 0.125623 -0.151944 10.069 0.0896445 -0.0345139 -0.0610865
2209.74 0.229828 -0.191523 -9.46126 0.131605 -0.125623 10.075 0.0901026 -0.0366519 -0.0616974
2209.76 0.229828 -0.229828 -9.30804 0.119641 -0.114855 10.081 0.0878119 -0.0329867 -0.0604756
2209.77 0.153219 -0.268133 -9.42295 0.105284 -0.111266 10.063 0.089339 -0.0331394 -0.0627664
2209.79 0.191523 -0.306437 -9.46126 0.125623 -0.0909272 10.0654 0.0870483 -0.0284052 -0.0598648
2209.81 0.153219 -0.229828 -9.49956 0.11007 -0.107677 10.0738 0.0859793 -0.0316123 -0.0574213
2209.82 0.229828 -0.306437 -9.49956 0.09332 -0.107677 10.0857 0.0885754 -0.0372628 -0.0574213
2209.84 0.191523 -0.306437 -9.30804 0.0777667 -0.0981057 10.069 0.0884227 -0.0377209 -0.056505
2209.85 0.153219 -0.306437 -9.42295 0.0741775 -0.100499 10.0654 0.0888809 -0.036041 -0.057574
2209.87 0.153219 -0.306437 -9.34634 0.066999 -0.104088 10.0762 0.0868956 -0.0355829 -0.0581849
2209.89 0.229828 -0.114914 -9.42295 0.04666 -0.108873 10.0642 0.08827 -0.0377209 -0.0580322
2209.9 0.229828 -0.153219 -9.53786 0.0550349 -0.0777667 10.069 0.0842994 -0.030696 -0.0574213
2209.92 0.306437 -0.268133 -9.42295 0.0717846 -0.0957129 10.0714 0.087201 -0.03711 -0.0552833
2209.94 0.306437 -0.306437 -9.53786 0.0693918 -0.09332 10.069 0.0862847 -0.0361938 -0.053298
2209.95 0.153219 -0.268133 -9.46126 0.0861416 -0.0861416 10.0582 0.087201 -0.0403171 -0.0563523
2209.97 0.268133 -0.153219 -9.42295 0.102891 -0.0909272 10.0786 0.0884227 -0.0394008 -0.0549779
2209.99 0.383047 -0.229828 -9.49956 0.122034 -0.105284 10.0678 0.0867428 -0.0378736 -0.0551306
2210.0 0.191523 -0.306437 -9.65278 0.137587 -0.108873 10.081 0.0856738 -0.0380264 -0.053298
2210.02 0.383047 -0.268133 -9.46126 0.142373 -0.118445 10.0606 0.0884227 -0.0453567 -0.0552833
2210.04 0.191523 -0.268133 -9.69109 0.162712 -0.135194 10.0774 0.086132 -0.0374155 -0.0526871
2210.05 0.153219 -0.268133 -9.49956 0.137587 -0.166301 10.0546 0.0862847 -0.0380264 -0.0529926
2210.07 0.153219 -0.421352 -9.11651 0.161515 -0.161515 10.0654 0.083994 -0.0348193 -0.0516181
2210.09 0.114914 -0.344742 -9.49956 0.150748 -0.177069 10.0666 0.083994 -0.0335976 -0.0534507
2210.1 0.153219 -0.191523 -9.38465 0.155533 -0.18664 10.0762 0.0859793 -0.0381791 -0.053298
2210.12 0.191523 -0.306437 -9.46126 0.161515 -0.191426 10.0666 0.083994 -0.0320704 -0.0557414
2210.14 0.114914 -0.344742 -9.23143 0.17348 -0.198604 10.0534 0.0852157 -0.0348193 -0.054367
2210.15 0.114914 -0.268133 -9.46126 0.175872 -0.195015 10.063 0.086132 -0.0329867 -0.054367
2210.17 0.114914 -0.306437 -9.53786 0.189033 -0.190229 10.0833 0.0852157 -0.0335976 -0.0552833
2210.19 0.229828 -0.306437 -9.38465 0.175872 -0.200997 10.0451 0.08827 -0.0352775 -0.0577268
2210.2 0.191523 -0.229828 -9.42295 0.180658 -0.180658 10.0738 0.0879646 -0.0381791 -0.0586431
2210.22 0.191523 -0.268133 -9.46126 0.155533 -0.180658 10.0618 0.0879646 -0.0331394 -0.0589485
2210.24 0.0766094 -0.344742 -9.46126 0.132802 -0.172283 10.0582 0.0875064 -0.0303905 -0.0583376
2210.25 0.191523 -0.383047 -9.42295 0.131605 -0.166301 10.0642 0.08827 -0.0329867 -0.0586431
2210.27 0.229828 -0.191523 -9.46126 0.108873 -0.167498 10.069 0.0887282 -0.0345139 -0.0587958
2210.29 0.0766094 -0.229828 -9.76769 0.100499 -0.16989 10.075 0.0888809 -0.0342084 -0.0615447
2210.3 0.114914 -0.191523 -9.34634 0.0885344 -0.166301 10.063 0.0896445 -0.0335976 -0.0595593
2210.32 0.268133 -0.306437 -9.49956 0.101695 -0.15673 10.0582 0.0913243 -0.0361938 -0.0609338
2210.33 0.344742 -0.229828 -9.806 0.113659 -0.148355 10.075 0.0910189 -0.0389426 -0.0603229
2210.35 0.229828 -0.191523 -9.53786 0.104088 -0.133998 10.069 0.0894917 -0.0375682 -0.0595593
2210.37 0.229828 -0.383047 -9.19312 0.107677 -0.129212 10.0666 0.0876591 -0.0322231 -0.0583376
2210.38 0.229828 -0.229828 -9.49956 0.120837 -0.122034 10.0678 0.0875064 -0.0325286 -0.0595593
2210.4 -0.0383047 -0.191523 -9.26973 0.117248 -0.12682 10.063 0.0911716 -0.0403171 -0.0615447
2210.42 0.153219 -0.268133 -9.46126 0.116052 -0.113659 10.0738 0.0891863 -0.0345139 -0.0584903
2210.43 0.229828 -0.268133 -9.72939 0.105284 -0.118445 10.0594 0.0916298 -0.0409279 -0.0591012
2210.45 0.191523 -0.229828 -9.46126 0.0801595 -0.0837488 10.0774 0.0887282 -0.0348193 -0.0584903
2210.47 0.459656 -0.229828 -9.42295 0.0729811 -0.0969093 10.0774 0.0862847 -0.032834 -0.0583376
2210.48 0.191523 -0.268133 -9.61448 0.0885344 -0.0885344 10.075 0.0885754 -0.0372628 -0.0581849
2210.5 0.268133 -0.191523 -9.34634 0.0861416 -0.0825523 10.0714 0.0846048 -0.0311541 -0.0551306
2210.52 0.0766094 -0.268133 -9.46126 0.0885344 -0.0909272 10.0654 0.0870483 -0.0355829 -0.0525344
2210.53 0.0766094 -0.306437 -9.38465 0.0945165 -0.0693918 10.0738 0.0876591 -0.036041 -0.0546724
2210.55 0.191523 -0.268133 -9.38465 0.106481 -0.09332 10.0774 0.0885754 -0.0384845 -0.0552833
2210.57 0.153219 -0.306437 -9.42295 0.129212 -0.0897308 10.0534 0.0856738 -0.0345139 -0.0536034
2210.58 0.229828 -0.191523 -9.34634 0.133998 -0.087338 10.0738 0.0856738 -0.0337503 -0.0531453
2210.6 0.191523 -0.344742 -9.34634 0.138784 -0.0981057 10.0738 0.0881173 -0.0340557 -0.0525344
2210.62 0.0 -0.229828 -9.30804 0.144766 -0.0921237 10.0654 0.0835358 -0.033903 -0.0517708
2210.63 0.153219 -0.229828 -9.46126 0.12682 -0.114855 10.0642 0.0849102 -0.033903 -0.0557414
2210.65 0.229828 -0.268133 -9.42295 0.128016 -0.120837 10.0546 0.0862847 -0.0378736 -0.0549779
2210.66 0.229828 -0.344742 -9.42295 0.141176 -0.13998 10.069 0.0864374 -0.0387899 -0.0536034
2210.68 0.153219 -0.229828 -9.46126 0.135194 -0.148355 10.0774 0.0855211 -0.0340557 -0.0539089
2210.7 0.153219 -0.268133 -9.53786 0.132802 -0.155533 10.0582 0.0846048 -0.0326813 -0.0505491
2210.71 0.0383047 -0.268133 -9.38465 0.132802 -0.175872 10.0905 0.0853684 -0.0354302 -0.0534507
2210.73 0.0383047 -0.344742 -9.42295 0.161515 -0.177069 10.075 0.0827722 -0.0364992 -0.0534507
2210.75 0.153219 -0.306437 -9.49956 0.171087 -0.202193 10.0594 0.0891863 -0.0412334 -0.0560469
2210.76 0.268133 -0.344742 -9.57617 0.165105 -0.195015 10.0654 0.0836885 -0.0331394 -0.0557414
2210.78 0.229828 -0.344742 -9.38465 0.159123 -0.197408 10.0642 0.0859793 -0.0355829 -0.054367
2210.8 0.0766094 -0.268133 -9.806 0.167498 -0.197408 10.0594 0.0878119 -0.0355829 -0.056505
2210.81 0.114914 -0.344742 -9.53786 0.155533 -0.197408 10.0618 0.0867428 -0.030696 -0.057574
2210.83 0.268133 -0.459656 -9.53786 0.133998 -0.197408 10.0762 0.0867428 -0.033903 -0.0595593
2210.85 0.153219 -0.306437 -9.42295 0.133998 -0.199801 10.051 0.0847575 -0.0271835 -0.0560469
2210.86 0.191523 -0.268133 -9.38465 0.106481 -0.181854 10.0558 0.085063 -0.0290161 -0.0568105
2210.88 0.153219 -0.229828 -9.65278 0.0993021 -0.17348 10.0702 0.089339 -0.0364992 -0.0584903
2210.9 0.306437 -0.229828 -9.30804 0.0897308 -0.16989 10.069 0.0887282 -0.0377209 -0.0595593
2210.91 0.153219 -0.229828 -9.15482 0.087338 -0.163908 10.0558 0.0873537 -0.0354302 -0.0604756
2210.93 0.114914 -0.229828 -9.34634 0.11007 -0.157926 10.0702 0.0901026 -0.03711 -0.0618501
2210.95 0.191523 -0.229828 -9.57617 0.116052 -0.148355 10.075 0.0894917 -0.0334449 -0.0595593
2210.96 0.191523 -0.268133 -9.42295 0.122034 -0.136391 10.0822 0.0925461 -0.0404698 -0.0594066
2210.98 0.0766094 -0.306437 -9.42295 0.120837 -0.124427 10.063 0.0937678 -0.0455095 -0.0606284
2211.0 0.191523 -0.306437 -9.42295 0.107677 -0.116052 10.069 0.0891863 -0.0358883 -0.0600175
2211.01 0.306437 -0.344742 -9.42295 0.112463 -0.107677 10.0726 0.0896445 -0.036041 -0.0604756
2211.03 0.268133 -0.383047 -9.46126 0.112463 -0.106481 10.069 0.0911716 -0.0404698 -0.0589485
2211.05 0.268133 -0.229828 -9.42295 0.102891 -0.102891 10.0786 0.0894917 -0.0348193 -0.0603229
2211.06 0.268133 -0.306437 -9.42295 0.101695 -0.102891 10.0774 0.0897971 -0.0372628 -0.0594066
2211.08 0.344742 -0.114914 -9.46126 0.100499 -0.0885344 10.0522 0.0888809 -0.0337503 -0.0574213
2211.1 0.229828 -0.229828 -9.49956 0.106481 -0.0861416 10.0582 0.0887282 -0.0325286 -0.0580322
2211.11 0.114914 -0.268133 -9.65278 0.102891 -0.0681954 10.0666 0.086132 -0.0331394 -0.0566577
2211.13 0.191523 -0.229828 -9.42295 0.101695 -0.0837488 10.0618 0.0876591 -0.0357356 -0.0557414
2211.15 0.153219 -0.191523 -10.0358 0.135194 -0.0765703 10.057 0.0891863 -0.0390954 -0.0561996
2211.16 0.153219 -0.191523 -9.49956 0.144766 -0.0693918 10.0678 0.08827 -0.0381791 -0.0552833
2211.18 0.191523 -0.229828 -9.53786 0.13998 -0.106481 10.0642 0.0859793 -0.0340557 -0.0555887
2211.2 0.191523 -0.191523 -9.34634 0.147159 -0.0921237 10.0714 0.0846048 -0.0351248 -0.0548251
2211.21 0.153219 -0.229828 -9.26973 0.143569 -0.118445 10.063 0.0858265 -0.0361938 -0.0545197
2211.23 0.153219 -0.153219 -9.42295 0.142373 -0.116052 10.0654 0.087201 -0.0374155 -0.0552833
2211.24 0.114914 -0.268133 -9.42295 0.12323 -0.122034 10.0702 0.0870483 -0.036041 -0.0536034
2211.26 0.229828 -0.229828 -9.46126 0.117248 -0.133998 10.063 0.0897971 -0.0424551 -0.0563523
2211.28 0.344742 -0.268133 -9.49956 0.106481 -0.148355 10.057 0.0847575 -0.0351248 -0.0549779
2211.29 0.229828 -0.268133 -9.53786 0.116052 -0.151944 10.0786 0.087201 -0.0366519 -0.0551306
2211.31 0.229828 -0.229828 -9.53786 0.105284 -0.157926 10.0618 0.0846048 -0.0332921 -0.0537561
2211.33 0.191523 -0.383047 -9.42295 0.106481 -0.162712 10.0702 0.0852157 -0.0343612 -0.0540616
2211.35 0.191523 -0.306437 -9.38465 0.114855 -0.181854 10.0654 0.0842994 -0.0361938 -0.0549779
2211.37 0.191523 -0.268133 -9.34634 0.11007 -0.178265 10.057 0.0818559 -0.0320704 -0.0549779
2211.38 0.114914 -0.344742 -9.46126 0.12682 -0.185444 10.0654 0.0890336 -0.043066 -0.0563523
2211.4 0.229828 -0.306437 -9.49956 0.128016 -0.190229 10.0618 0.0867428 -0.0346666 -0.0546724
2211.42 0.114914 -0.306437 -9.42295 0.125623 -0.185444 10.0666 0.0853684 -0.0354302 -0.0537561
2211.43 0.268133 -0.344742 -9.42295 0.12323 -0.192622 10.0475 0.0891863 -0.0374155 -0.0561996
2211.45 0.268133 -0.268133 -9.46126 0.128016 -0.202193 10.0582 0.0862847 -0.0290161 -0.0584903
2211.47 0.229828 -0.229828 -9.38465 0.105284 -0.189033 10.0678 0.0855211 -0.0310014 -0.055436
2211.48 0.229828 -0.344742 -9.46126 0.108873 -0.196211 10.0654 0.0885754 -0.0329867 -0.0566577
2211.5 0.114914 -0.268133 -9.42295 0.116052 -0.190229 10.069 0.0905607 -0.0375682 -0.0578795
2211.52 0.191523 -0.229828 -9.42295 0.111266 -0.185444 10.0666 0.0897971 -0.0392481 -0.0587958
2211.53 0.191523 -0.268133 -9.38465 0.122034 -0.165105 10.0594 0.0902553 -0.0364992 -0.0600175
2211.55 0.191523 -0.191523 -9.42295 0.130409 -0.165105 10.0654 0.0913243 -0.0377209 -0.0598648
2211.57 0.153219 -0.306437 -9.46126 0.151944 -0.150748 10.0714 0.090408 -0.0403171 -0.0600175
2211.58 0.0766094 -0.229828 -9.49956 0.161515 -0.133998 10.0666 0.0907135 -0.0390954 -0.0587958
2211.6 0.191523 -0.306437 -9.65278 0.144766 -0.13998 10.081 0.0891863 -0.0355829 -0.0586431
2211.62 0.153219 -0.153219 -9.53786 0.162712 -0.132802 10.0798 0.08827 -0.0323759 -0.0591012
2211.63 0.229828 -0.421352 -9.26973 0.130409 -0.117248 10.0666 0.0878119 -0.0357356 -0.0595593
2211.65 0.229828 -0.229828 -9.42295 0.0969093 -0.112463 10.0606 0.090408 -0.0369573 -0.0597121
2211.67 0.229828 -0.229828 -9.53786 0.107677 -0.100499 10.063 0.0896445 -0.0378736 -0.0597121
2211.68 0.114914 -0.229828 -9.03991 0.101695 -0.104088 10.069 0.0907135 -0.0368046 -0.0598648
2211.7 0.153219 -0.229828 -9.42295 0.0993021 -0.0825523 10.0774 0.0884227 -0.0363465 -0.0586431
2211.72 0.421352 -0.153219 -9.61448 0.0945165 -0.0717846 10.0678 0.0849102 -0.032834 -0.0580322
2211.73 0.306437 -0.191523 -9.46126 0.108873 -0.066999 10.0726 0.0887282 -0.0358883 -0.0594066
2211.75 0.229828 -0.191523 -9.26973 0.120837 -0.0622134 10.0642 0.0856738 -0.0297797 -0.0548251
2211.77 0.229828 -0.191523 -9.42295 0.12323 -0.0765703 10.0642 0.089339 -0.0369573 -0.0571159
2211.78 0.306437 -0.0766094 -9.38465 0.111266 -0.0658026 10.0582 0.0852157 -0.0346666 -0.053298
2211.8 0.229828 -0.268133 -9.42295 0.11007 -0.0777667 10.0654 0.0826195 -0.0303905 -0.053298
2211.81 0.191523 -0.268133 -9.38465 0.122034 -0.0909272 10.0546 0.0868956 -0.0375682 -0.0548251
2211.83 0.153219 -0.268133 -9.30804 0.116052 -0.111266 10.0726 0.08827 -0.0409279 -0.0539089
2211.84 0.229828 -0.229828 -9.38465 0.100499 -0.130409 10.069 0.0824668 -0.0323759 -0.0529926
2211.86 0.421352 -0.229828 -9.53786 0.0993021 -0.136391 10.075 0.0849102 -0.036041 -0.0511599
2211.88 0.191523 -0.344742 -9.38465 0.102891 -0.150748 10.0762 0.0817032 -0.0280998 -0.0510072
2211.89 0.153219 -0.344742 -9.69109 0.107677 -0.181854 10.0833 0.0835358 -0.0332921 -0.0537561
2211.91 0.191523 -0.306437 -9.42295 0.111266 -0.17348 10.0714 0.0849102 -0.0352775 -0.0557414
2211.92 0.191523 -0.229828 -9.42295 0.136391 -0.172283 10.0702 0.0888809 -0.0436769 -0.0571159
2211.94 0.229828 -0.421352 -9.49956 0.151944 -0.168694 10.057 0.0865901 -0.0374155 -0.0558941
2211.95 0.229828 -0.268133 -9.38465 0.147159 -0.175872 10.069 0.0859793 -0.0332921 -0.0542143
2212.53 0.229828 -0.153219 -9.53786 0.125623 -0.13998 10.0678 0.0865901 -0.0342084 -0.0545197
2212.55 0.114914 -0.268133 -9.38465 0.129212 -0.155533 10.057 0.0855211 -0.0311541 -0.0542143
2212.56 0.153219 -0.191523 -9.46126 0.131605 -0.167498 10.0606 0.0868956 -0.0375682 -0.0561996
2212.58 0.306437 -0.306437 -9.42295 0.136391 -0.166301 10.075 0.0885754 -0.0392481 -0.0561996
2212.6 0.268133 -0.497961 -9.26973 0.135194 -0.174676 10.069 0.0891863 -0.0409279 -0.0560469
2212.61 0.229828 -0.268133 -9.46126 0.125623 -0.174676 10.0582 0.086132 -0.0334449 -0.0549779
2212.63 0.0383047 -0.459656 -9.46126 0.142373 -0.178265 10.0582 0.0881173 -0.0358883 -0.0558941
2212.65 0.114914 -0.306437 -9.49956 0.147159 -0.189033 10.0522 0.0913243 -0.0412334 -0.0571159
2212.66 0.153219 -0.421352 -9.42295 0.150748 -0.16989 10.057 0.0846048 -0.0325286 -0.057574
2212.68 0.0383047 -0.268133 -9.46126 0.15673 -0.160319 10.0582 0.0878119 -0.0383318 -0.0571159
2212.7 0.0383047 -0.229828 -9.46126 0.149551 -0.162712 10.0618 0.087201 -0.0342084 -0.0572686
2212.71 0.0766094 -0.306437 -9.49956 0.165105 -0.166301 10.069 0.0902553 -0.0401644 -0.0598648
2212.73 0.114914 -0.306437 -9.30804 0.166301 -0.159123 10.0546 0.0891863 -0.0366519 -0.0577268
2212.75 0.153219 -0.268133 -9.34634 0.160319 -0.151944 10.0606 0.0878119 -0.0311541 -0.0591012
2212.76 0.114914 -0.306437 -9.38465 0.17348 -0.159123 10.0618 0.0868956 -0.031765 -0.0584903
2212.78 0.229828 -0.383047 -9.72939 0.148355 -0.149551 10.0654 0.0867428 -0.0323759 -0.057574
2212.8 0.153219 -0.344742 -9.49956 0.142373 -0.137587 10.063 0.0884227 -0.0348193 -0.0598648
2212.81 0.0766094 -0.153219 -9.61448 0.12682 -0.124427 10.0654 0.0878119 -0.0348193 -0.0584903
2212.83 0.229828 -0.268133 -9.49956 0.132802 -0.112463 10.0678 0.086132 -0.0280998 -0.0600175
2212.84 0.153219 -0.268133 -9.46126 0.11007 -0.122034 10.063 0.0856738 -0.0288634 -0.0574213
2212.86 0.191523 -0.306437 -9.38465 0.100499 -0.111266 10.0726 0.0913243 -0.0354302 -0.0601702
2212.88 0.268133 -0.344742 -9.61448 0.0969093 -0.114855 10.057 0.0890336 -0.0342084 -0.0563523
2212.89 0.114914 -0.229828 -9.34634 0.111266 -0.104088 10.0774 0.0876591 -0.0368046 -0.0594066
2212.91 0.153219 -0.229828 -9.42295 0.105284 -0.106481 10.0618 0.0835358 -0.0274889 -0.0569632
2212.93 0.306437 -0.191523 -9.34634 0.104088 -0.0981057 10.075 0.0865901 -0.0352775 -0.0584903
2212.95 0.191523 -0.191523 -9.46126 0.0969093 -0.0825523 10.0798 0.0864374 -0.0358883 -0.0558941
2212.96 0.153219 -0.344742 -9.49956 0.104088 -0.102891 10.0714 0.0878119 -0.0337503 -0.0578795
2212.98 0.229828 -0.268133 -9.42295 0.087338 -0.111266 10.0666 0.0844521 -0.0319177 -0.0549779
2212.99 0.268133 -0.268133 -9.15482 0.0981057 -0.114855 10.0582 0.085063 -0.0337503 -0.0551306
2213.01 0.229828 -0.191523 -9.42295 0.0945165 -0.112463 10.075 0.0853684 -0.0358883 -0.0557414
2213.03 0.268133 -0.268133 -9.49956 0.0921237 -0.113659 10.0738 0.087201 -0.0380264 -0.0560469
2213.04 0.153219 -0.229828 -9.46126 0.09332 -0.122034 10.0666 0.0864374 -0.0340557 -0.0546724
2213.06 0.383047 -0.191523 -9.49956 0.0885344 -0.138784 10.0917 0.0856738 -0.0351248 -0.0528398
2213.08 0.153219 -0.229828 -9.46126 0.11007 -0.135194 10.0654 0.0879646 -0.0410807 -0.0546724
2213.09 0.191523 -0.268133 -9.34634 0.113659 -0.141176 10.0774 0.0868956 -0.0368046 -0.0526871
2213.11 0.229828 -0.306437 -9.03991 0.12682 -0.136391 10.0702 0.0888809 -0.0412334 -0.0542143
2213.12 0.191523 -0.268133 -9.42295 0.12682 -0.148355 10.0642 0.0856738 -0.0335976 -0.0551306
2213.14 0.0383047 -0.268133 -9.42295 0.147159 -0.150748 10.0714 0.0878119 -0.0416915 -0.0551306
2213.16 0.191523 -0.344742 -9.49956 0.151944 -0.153141 10.0762 0.087201 -0.0384845 -0.0555887
2213.17 0.191523 -0.383047 -9.61448 0.150748 -0.153141 10.0714 0.0881173 -0.0423024 -0.0566577
2213.19 0.268133 -0.268133 -9.49956 0.157926 -0.161515 10.0594 0.085063 -0.0314596 -0.0546724
2213.21 0.191523 -0.229828 -9.38465 0.153141 -0.168694 10.069 0.0849102 -0.0323759 -0.0539089
2213.22 0.114914 -0.306437 -9.53786 0.124427 -0.166301 10.0822 0.0864374 -0.0343612 -0.0555887
2213.24 0.153219 -0.268133 -9.38465 0.148355 -0.166301 10.0654 0.0884227 -0.0404698 -0.0571159
2213.26 0.114914 -0.229828 -9.61448 0.145962 -0.168694 10.0702 0.08827 -0.0406225 -0.0569632
2213.28 0.153219 -0.344742 -9.42295 0.160319 -0.17348 10.0702 0.0853684 -0.0305433 -0.056505
2213.29 0.153219 -0.306437 -9.46126 0.161515 -0.157926 10.069 0.0862847 -0.0374155 -0.0560469
2213.31 0.191523 -0.306437 -9.42295 0.165105 -0.167498 10.069 0.0891863 -0.0380264 -0.0589485
2213.32 0.191523 -0.421352 -9.38465 0.163908 -0.163908 10.0594 0.0876591 -0.0348193 -0.0586431
2213.34 0.268133 -0.268133 -9.49956 0.154337 -0.160319 10.063 0.0870483 -0.0335976 -0.0587958
2213.36 0.191523 -0.229828 -9.46126 0.155533 -0.167498 10.0558 0.0864374 -0.030696 -0.0580322
2213.37 0.268133 -0.268133 -9.61448 0.142373 -0.155533 10.0654 0.089339 -0.036041 -0.0592539
2213.39 0.114914 -0.268133 -9.26973 0.122034 -0.160319 10.0606 0.0878119 -0.0311541 -0.0598648
2213.41 0.114914 -0.306437 -9.53786 0.120837 -0.15673 10.069 0.08827 -0.0354302 -0.0580322
2213.42 0.306437 -0.229828 -9.03991 0.102891 -0.145962 10.075 0.0885754 -0.0320704 -0.0589485
2213.44 0.268133 -0.344742 -9.42295 0.101695 -0.135194 10.075 0.0901026 -0.0384845 -0.0600175
2213.46 0.421352 -0.153219 -9.46126 0.0849452 -0.135194 10.0642 0.089339 -0.0346666 -0.0584903
2213.47 0.153219 -0.268133 -9.42295 0.104088 -0.131605 10.0702 0.0894917 -0.0377209 -0.0584903
2213.49 0.153219 -0.191523 -9.30804 0.0981057 -0.111266 10.0702 0.0901026 -0.0394008 -0.0586431
2213.51 0.229828 -0.229828 -9.49956 0.0909272 -0.12323 10.0666 0.0870483 -0.033903 -0.0566577
2213.52 0.268133 -0.268133 -9.38465 0.0909272 -0.105284 10.0798 0.0881173 -0.0357356 -0.0578795
2213.54 0.191523 -0.306437 -9.34634 0.102891 -0.100499 10.075 0.08827 -0.0394008 -0.0580322
2213.56 0.114914 -0.268133 -9.42295 0.0957129 -0.100499 10.0786 0.089339 -0.0381791 -0.0577268
2213.57 0.344742 -0.114914 -9.03991 0.0885344 -0.100499 10.0678 0.0864374 -0.032834 -0.056505
2213.59 0.191523 -0.229828 -9.38465 0.0897308 -0.0993021 10.0869 0.0842994 -0.0352775 -0.0561996
2213.61 0.229828 -0.268133 -9.57617 0.0909272 -0.11007 10.0654 0.087201 -0.0380264 -0.0560469
2213.62 0.114914 -0.229828 -9.46126 0.0861416 -0.111266 10.0594 0.0870483 -0.036041 -0.0574213
2213.64 0.191523 -0.268133 -9.46126 0.108873 -0.12323 10.0534 0.0870483 -0.0380264 -0.0552833
2213.66 0.229828 -0.306437 -9.38465 0.12682 -0.116052 10.0666 0.0890336 -0.041997 -0.0587958
2213.67 0.191523 -0.114914 -9.49956 0.12323 -0.108873 10.0738 0.0864374 -0.0413861 -0.0531453
2213.69 0.191523 -0.229828 -9.53786 0.138784 -0.108873 10.0582 0.0855211 -0.0345139 -0.0540616
2213.71 0.268133 -0.268133 -9.49956 0.141176 -0.120837 10.0582 0.085063 -0.0355829 -0.0534507
2213.72 0.153219 -0.306437 -9.34634 0.150748 -0.12323 10.0798 0.0884227 -0.0448986 -0.0558941
2213.74 0.191523 -0.268133 -9.46126 0.157926 -0.143569 10.075 0.0870483 -0.0375682 -0.0572686
2213.75 0.191523 -0.344742 -9.34634 0.147159 -0.147159 10.0642 0.0873537 -0.0394008 -0.0545197
2213.77 0.229828 -0.268133 -9.38465 0.154337 -0.153141 10.0702 0.0852157 -0.0325286 -0.0540616
2213.79 0.229828 -0.191523 -9.57617 0.15673 -0.15673 10.0762 0.0891863 -0.0383318 -0.0583376
2213.8 0.306437 -0.229828 -9.46126 0.148355 -0.172283 10.0666 0.0890336 -0.0375682 -0.0568105
2213.82 0.191523 -0.344742 -9.69109 0.142373 -0.16989 10.0714 0.0856738 -0.0346666 -0.0558941
2213.84 0.114914 -0.229828 -9.42295 0.13998 -0.157926 10.075 0.0836885 -0.0294742 -0.0536034
2213.85 0.268133 -0.306437 -9.11651 0.136391 -0.178265 10.0594 0.089339 -0.0410807 -0.0594066
2213.87 0.114914 -0.306437 -9.49956 0.135194 -0.166301 10.0702 0.0859793 -0.0357356 -0.0577268
2213.89 0.191523 -0.306437 -9.38465 0.129212 -0.168694 10.0726 0.0867428 -0.0357356 -0.0566577
2213.9 0.153219 -0.268133 -9.38465 0.138784 -0.180658 10.0702 0.0876591 -0.0369573 -0.0589485
2213.92 0.229828 -0.344742 -9.19312 0.135194 -0.179462 10.0666 0.0853684 -0.0320704 -0.0563523
2213.94 0.0 -0.306437 -9.53786 0.131605 -0.167498 10.0798 0.0862847 -0.0314596 -0.0568105
2213.95 0.191523 -0.383047 -9.92091 0.131605 -0.17348 10.0654 0.0864374 -0.0346666 -0.0555887
2213.97 0.229828 -0.229828 -9.46126 0.114855 -0.174676 10.063 0.0891863 -0.033903 -0.0586431
2213.99 0.344742 -0.344742 -9.30804 0.116052 -0.172283 10.069 0.0855211 -0.0320704 -0.0598648
2214.0 0.268133 -0.191523 -9.46126 0.105284 -0.165105 10.0714 0.0910189 -0.0387899 -0.0584903
2214.02 0.268133 -0.268133 -9.46126 0.101695 -0.157926 10.0522 0.0920879 -0.0358883 -0.0607811
2214.04 0.229828 -0.306437 -9.57617 0.0993021 -0.138784 10.0738 0.0878119 -0.0337503 -0.0586431
2214.05 0.191523 -0.344742 -9.61448 0.0921237 -0.124427 10.081 0.0899499 -0.0361938 -0.0603229
2214.07 0.191523 -0.268133 -9.38465 0.106481 -0.124427 10.0702 0.0835358 -0.0265726 -0.0589485
2214.09 0.229828 -0.344742 -9.53786 0.104088 -0.111266 10.0714 0.0879646 -0.0355829 -0.0578795
2214.1 0.229828 -0.191523 -9.38465 0.0993021 -0.119641 10.0606 0.0901026 -0.0343612 -0.0589485
2214.12 0.344742 -0.229828 -9.34634 0.118445 -0.104088 10.081 0.0885754 -0.0400117 -0.0577268
2214.13 0.191523 -0.153219 -9.53786 0.124427 -0.09332 10.0582 0.0881173 -0.0377209 -0.0563523
2214.15 0.191523 -0.306437 -9.46126 0.113659 -0.0825523 10.0642 0.087201 -0.032834 -0.0580322
2214.17 0.229828 -0.268133 -9.46126 0.128016 -0.0957129 10.0726 0.0875064 -0.034972 -0.0578795
2214.18 0.191523 -0.0766094 -9.49956 0.114855 -0.107677 10.0702 0.0842994 -0.0293215 -0.0549779
2214.2 0.0766094 -0.114914 -9.34634 0.112463 -0.0969093 10.0642 0.0911716 -0.0421497 -0.0551306
2214.22 0.153219 -0.191523 -9.30804 0.128016 -0.0897308 10.0798 0.087201 -0.0375682 -0.0560469
2214.23 0.114914 -0.306437 -9.49956 0.129212 -0.0885344 10.057 0.0832304 -0.0311541 -0.0548251
2214.25 0.229828 -0.268133 -9.49956 0.129212 -0.0969093 10.0642 0.0846048 -0.0337503 -0.0569632
2214.26 0.229828 -0.268133 -9.42295 0.132802 -0.107677 10.0594 0.0856738 -0.0342084 -0.0534507
2214.28 0.191523 -0.191523 -9.76769 0.12682 -0.108873 10.0654 0.0846048 -0.0345139 -0.0540616
2214.3 0.268133 -0.229828 -9.38465 0.131605 -0.113659 10.0666 0.0865901 -0.036041 -0.0529926
2214.31 0.114914 -0.268133 -9.23143 0.136391 -0.113659 10.0594 0.0847575 -0.0348193 -0.0549779
2214.33 0.229828 -0.268133 -9.38465 0.149551 -0.114855 10.0594 0.0823141 -0.0331394 -0.0558941
2214.35 0.153219 -0.229828 -9.61448 0.141176 -0.132802 10.0678 0.0881173 -0.0381791 -0.0549779
2214.36 0.268133 -0.306437 -9.42295 0.142373 -0.149551 10.069 0.0846048 -0.0319177 -0.0528398
2214.38 0.153219 -0.153219 -9.23143 0.150748 -0.174676 10.0702 0.08827 -0.0378736 -0.0539089
2214.4 0.191523 -0.306437 -9.49956 0.122034 -0.157926 10.0487 0.0873537 -0.0398589 -0.0552833
2214.41 0.153219 -0.229828 -9.34634 0.136391 -0.166301 10.0726 0.0870483 -0.0380264 -0.0572686
2214.43 0.114914 -0.306437 -9.49956 0.129212 -0.185444 10.0654 0.085063 -0.0331394 -0.0551306
2214.45 0.306437 -0.383047 -9.30804 0.113659 -0.195015 10.069 0.0864374 -0.0363465 -0.0571159
2214.46 0.268133 -0.191523 -9.46126 0.112463 -0.184247 10.069 0.0865901 -0.0325286 -0.0569632
2214.48 0.191523 -0.114914 -9.34634 0.0981057 -0.183051 10.0546 0.0867428 -0.0346666 -0.056505
2214.5 0.268133 -0.306437 -9.42295 0.0909272 -0.178265 10.0642 0.0884227 -0.033903 -0.0569632
2214.51 0.229828 -0.268133 -9.61448 0.102891 -0.17348 10.0702 0.0865901 -0.031765 -0.0566577
2214.53 0.191523 -0.268133 -9.57617 0.124427 -0.165105 10.069 0.0849102 -0.0273362 -0.0584903
2214.54 0.229828 -0.344742 -9.49956 0.119641 -0.174676 10.0606 0.0876591 -0.0325286 -0.0571159
2214.56 0.153219 -0.268133 -9.42295 0.12323 -0.165105 10.069 0.0890336 -0.0366519 -0.0589485
2214.58 0.268133 -0.306437 -9.53786 0.120837 -0.159123 10.0666 0.0884227 -0.0335976 -0.0591012
2214.59 0.153219 -0.191523 -9.65278 0.129212 -0.161515 10.0475 0.0896445 -0.0369573 -0.0571159
2214.61 0.153219 -0.191523 -9.38465 0.107677 -0.148355 10.0606 0.0878119 -0.0351248 -0.0581849
2214.63 0.229828 -0.268133 -9.34634 0.118445 -0.157926 10.081 0.0887282 -0.0352775 -0.0586431
2214.64 0.114914 -0.268133 -9.57617 0.128016 -0.138784 10.075 0.0885754 -0.0342084 -0.0592539
2214.66 0.229828 -0.268133 -9.53786 0.12682 -0.135194 10.0786 0.0910189 -0.0378736 -0.0604756
2214.68 0.229828 -0.268133 -9.30804 0.113659 -0.12323 10.0822 0.0891863 -0.0340557 -0.0603229
2214.69 0.229828 -0.268133 -9.42295 0.114855 -0.102891 10.0594 0.0910189 -0.0386372 -0.0609338
2214.71 0.229828 -0.306437 -9.42295 0.132802 -0.0981057 10.069 0.0876591 -0.0323759 -0.0568105
2214.72 0.114914 -0.191523 -9.11651 0.129212 -0.0861416 10.0762 0.0887282 -0.0335976 -0.0595593
2214.74 0.268133 -0.268133 -9.46126 0.144766 -0.0945165 10.0678 0.0870483 -0.0293215 -0.056505
2214.76 0.191523 -0.191523 -9.49956 0.138784 -0.0837488 10.069 0.0888809 -0.034972 -0.0572686
2214.77 0.268133 -0.268133 -9.46126 0.150748 -0.0921237 10.0606 0.087201 -0.0331394 -0.056505
2214.79 0.153219 -0.153219 -9.34634 0.148355 -0.0969093 10.0618 0.0888809 -0.0394008 -0.056505
2214.81 0.229828 -0.153219 -9.49956 0.137587 -0.100499 10.0738 0.087201 -0.0357356 -0.0587958
2214.82 0.191523 -0.268133 -9.38465 0.124427 -0.105284 10.0726 0.0865901 -0.0381791 -0.0566577
2214.84 0.153219 -0.268133 -9.38465 0.131605 -0.0909272 10.0714 0.0867428 -0.032834 -0.0557414
2214.86 0.306437 -0.153219 -9.61448 0.129212 -0.0897308 10.0726 0.0879646 -0.032834 -0.0545197
2214.87 0.153219 -0.229828 -9.49956 0.119641 -0.113659 10.0606 0.0855211 -0.031765 -0.0557414
2214.89 0.229828 -0.306437 -9.26973 0.120837 -0.119641 10.0618 0.0847575 -0.0342084 -0.0568105
2214.91 0.191523 -0.268133 -9.46126 0.112463 -0.128016 10.0642 0.0881173 -0.0438296 -0.0566577
2214.92 0.191523 -0.268133 -9.61448 0.108873 -0.117248 10.0666 0.0856738 -0.0368046 -0.0557414
2214.94 0.229828 -0.268133 -9.46126 0.122034 -0.12682 10.0594 0.085063 -0.0323759 -0.0542143
2214.95 0.114914 -0.153219 -9.61448 0.116052 -0.132802 10.0678 0.0853684 -0.0335976 -0.0536034
2214.97 0.0383047 -0.306437 -9.46126 0.104088 -0.132802 10.0654 0.0844521 -0.0345139 -0.0549779
2214.99 0.229828 -0.344742 -9.61448 0.118445 -0.143569 10.0678 0.0864374 -0.0378736 -0.0560469
2215.0 0.268133 -0.229828 -9.53786 0.114855 -0.162712 10.0654 0.0868956 -0.0340557 -0.0542143
2215.02 0.229828 -0.344742 -8.96329 0.116052 -0.178265 10.0618 0.0884227 -0.0415388 -0.0548251
2215.04 0.229828 -0.306437 -9.30804 0.119641 -0.185444 10.0714 0.0842994 -0.032834 -0.0540616
2215.05 0.421352 -0.268133 -9.46126 0.108873 -0.185444 10.0606 0.0838412 -0.0346666 -0.0542143
2215.07 0.229828 -0.268133 -9.42295 0.100499 -0.196211 10.0594 0.0859793 -0.0342084 -0.056505
2215.09 0.0766094 -0.344742 -9.23143 0.118445 -0.192622 10.0546 0.0868956 -0.0343612 -0.0566577
2215.1 0.191523 -0.268133 -9.46126 0.132802 -0.178265 10.0738 0.0868956 -0.0355829 -0.0569632
2215.12 0.0766094 -0.421352 -9.26973 0.130409 -0.159123 10.0714 0.0894917 -0.036041 -0.0578795
2215.14 0.153219 -0.344742 -9.42295 0.129212 -0.161515 10.069 0.0887282 -0.0377209 -0.0580322
2215.15 0.229828 -0.383047 -9.42295 0.131605 -0.151944 10.0642 0.0873537 -0.036041 -0.0566577
2215.17 0.229828 -0.306437 -9.46126 0.133998 -0.159123 10.069 0.08827 -0.0340557 -0.0569632
2215.19 0.191523 -0.268133 -9.57617 0.13998 -0.148355 10.0606 0.0887282 -0.0345139 -0.0580322
2215.2 0.229828 -0.268133 -9.65278 0.132802 -0.149551 10.0534 0.090408 -0.0377209 -0.0569632
2215.22 0.344742 -0.153219 -9.42295 0.124427 -0.147159 10.0558 0.0865901 -0.0354302 -0.0568105
2215.24 0.191523 -0.229828 -9.11651 0.137587 -0.155533 10.057 0.0887282 -0.0346666 -0.0586431
2215.25 0.153219 -0.268133 -9.38465 0.12323 -0.144766 10.069 0.0887282 -0.0346666 -0.0598648
2215.27 0.0766094 -0.191523 -9.61448 0.149551 -0.130409 10.0618 0.0907135 -0.0372628 -0.0604756
2215.29 0.191523 -0.306437 -9.38465 0.143569 -0.111266 10.0666 0.0896445 -0.0369573 -0.0595593
2215.3 0.114914 -0.229828 -9.49956 0.142373 -0.114855 10.063 0.0864374 -0.0348193 -0.0600175
2215.32 0.153219 -0.268133 -9.57617 0.141176 -0.105284 10.0654 0.0862847 -0.0300851 -0.0604756
2215.34 0.229828 -0.114914 -9.49956 0.142373 -0.0993021 10.0738 0.086132 -0.0311541 -0.0589485
2215.35 0.0383047 -0.268133 -9.30804 0.12323 -0.0789631 10.0714 0.0887282 -0.036041 -0.0589485
2215.37 -0.0383047 -0.153219 -9.49956 0.132802 -0.0837488 10.0618 0.087201 -0.033903 -0.0581849
2215.39 0.306437 -0.191523 -9.65278 0.120837 -0.0861416 10.0702 0.0853684 -0.0323759 -0.0566577
2215.4 0.191523 -0.268133 -9.38465 0.12323 -0.09332 10.051 0.0885754 -0.0357356 -0.0571159
2215.42 0.306437 -0.191523 -9.30804 0.11007 -0.100499 10.057 0.0870483 -0.0313068 -0.0563523
2215.44 0.229828 -0.229828 -9.38465 0.101695 -0.11007 10.0666 0.089339 -0.0369573 -0.0555887
2215.45 0.229828 -0.306437 -9.42295 0.101695 -0.118445 10.0726 0.0865901 -0.0316123 -0.0546724
2215.47 0.268133 -0.229828 -9.38465 0.0969093 -0.122034 10.0654 0.0864374 -0.0351248 -0.0555887
2215.48 0.191523 -0.306437 -9.42295 0.0885344 -0.120837 10.0666 0.0888809 -0.0390954 -0.0557414
2215.5 0.191523 -0.229828 -9.46126 0.0981057 -0.12682 10.0618 0.0875064 -0.033903 -0.0545197
2215.52 0.229828 -0.191523 -9.49956 0.100499 -0.137587 10.0642 0.0855211 -0.0345139 -0.0548251
2215.53 0.153219 -0.153219 -9.53786 0.114855 -0.120837 10.0857 0.086132 -0.0320704 -0.0557414
2215.55 0.0766094 -0.229828 -9.57617 0.102891 -0.131605 10.0666 0.0820086 -0.0264199 -0.053298
2215.57 0.229828 -0.306437 -9.26973 0.112463 -0.142373 10.0762 0.0864374 -0.0355829 -0.054367
2215.58 0.153219 -0.153219 -9.49956 0.102891 -0.13998 10.0606 0.0875064 -0.0384845 -0.0557414
2215.6 0.229828 -0.383047 -9.34634 0.107677 -0.148355 10.0762 0.087201 -0.0369573 -0.055436
2215.62 0.153219 -0.268133 -9.42295 0.105284 -0.157926 10.0522 0.0853684 -0.0291688 -0.0525344
2215.63 0.153219 -0.191523 -9.46126 0.112463 -0.159123 10.0618 0.0878119 -0.0369573 -0.0560469
2215.65 0.153219 -0.306437 -9.42295 0.12682 -0.16989 10.0762 0.0881173 -0.0384845 -0.0548251
2215.67 0.153219 -0.383047 -9.53786 0.125623 -0.171087 10.0714 0.0838412 -0.0313068 -0.0528398
2215.68 0.191523 -0.268133 -9.38465 0.133998 -0.172283 10.0654 0.0873537 -0.0337503 -0.0563523
2215.7 0.153219 -0.229828 -9.49956 0.138784 -0.191426 10.0582 0.089339 -0.0377209 -0.055436
2215.71 0.114914 -0.229828 -9.42295 0.144766 -0.178265 10.0618 0.0887282 -0.0326813 -0.0561996
2215.73 0.153219 -0.229828 -9.53786 0.154337 -0.178265 10.0666 0.0910189 -0.0390954 -0.0586431
2215.75 0.0383047 -0.229828 -9.49956 0.155533 -0.165105 10.0546 0.0896445 -0.0368046 -0.0574213
2215.76 0.191523 -0.229828 -9.42295 0.157926 -0.15673 10.0654 0.0870483 -0.0348193 -0.0580322
2215.78 0.229828 -0.344742 -9.49956 0.151944 -0.166301 10.0546 0.0879646 -0.0368046 -0.0569632
2215.8 0.153219 -0.344742 -9.57617 0.145962 -0.150748 10.0666 0.087201 -0.0299324 -0.0587958
2215.81 0.0383047 -0.383047 -9.42295 0.138784 -0.13998 10.0678 0.0868956 -0.032834 -0.0586431
2215.83 0.229828 -0.344742 -9.46126 0.149551 -0.147159 10.0582 0.0876591 -0.0314596 -0.0572686
2215.85 0.268133 -0.268133 -9.65278 0.142373 -0.136391 10.0618 0.0901026 -0.0366519 -0.0610865
2215.86 0.191523 -0.229828 -9.53786 0.143569 -0.143569 10.075 0.0876591 -0.0334449 -0.0584903
2215.88 0.268133 -0.229828 -9.34634 0.12682 -0.133998 10.0618 0.0902553 -0.0357356 -0.0586431
2215.9 0.153219 -0.421352 -9.38465 0.149551 -0.135194 10.069 0.0902553 -0.0390954 -0.0581849
2215.91 0.191523 -0.268133 -9.34634 0.129212 -0.122034 10.0534 0.0896445 -0.0375682 -0.0583376
2215.93 0.268133 -0.153219 -9.46126 0.129212 -0.106481 10.069 0.08827 -0.0323759 -0.0598648
2215.95 0.229828 -0.153219 -9.42295 0.124427 -0.107677 10.0582 0.0887282 -0.0337503 -0.0584903
2215.96 0.306437 -0.268133 -9.65278 0.118445 -0.102891 10.0666 0.0908662 -0.0412334 -0.0613919
2215.98 0.268133 -0.229828 -9.46126 0.102891 -0.102891 10.0642 0.0864374 -0.0326813 -0.0597121
2216.0 0.344742 -0.191523 -9.38465 0.106481 -0.101695 10.0726 0.087201 -0.0337503 -0.0587958
