2085.21 0.229828 -0.306437 -9.53786 0.142373 -0.15673 10.0678 0.0875064 -0.0384845 -0.0561996
2085.23 0.153219 -0.306437 -9.57617 0.132802 -0.143569 10.0678 0.0852157 -0.0329867 -0.054367
2085.25 0.229828 -0.306437 -9.46126 0.12682 -0.154337 10.0606 0.0876591 -0.0361938 -0.0568105
2085.26 0.191523 -0.306437 -9.38465 0.130409 -0.155533 10.0534 0.0847575 -0.0316123 -0.054367
2085.28 0.229828 -0.344742 -9.76769 0.116052 -0.17348 10.0678 0.0835358 -0.0297797 -0.0542143
2085.3 0.153219 -0.268133 -9.42295 0.114855 -0.17348 10.0654 0.0878119 -0.0352775 -0.0549779
2085.31 0.191523 -0.306437 -9.23143 0.106481 -0.178265 10.0606 0.0862847 -0.036041 -0.053298
2085.33 0.229828 -0.306437 -9.46126 0.112463 -0.196211 10.0714 0.089339 -0.0372628 -0.0555887
2085.35 0.459656 -0.306437 -9.49956 0.111266 -0.199801 10.0606 0.0884227 -0.0357356 -0.0568105
2085.36 0.153219 -0.344742 -9.42295 0.128016 -0.193819 10.0654 0.0878119 -0.0351248 -0.0572686
2085.38 0.0766094 -0.344742 -9.38465 0.141176 -0.191426 10.0774 0.0856738 -0.031765 -0.055436
2085.4 0.153219 -0.268133 -9.42295 0.141176 -0.187837 10.0618 0.0881173 -0.0364992 -0.0581849
2085.41 0.0383047 -0.344742 -9.46126 0.149551 -0.177069 10.0439 0.0896445 -0.0383318 -0.0601702
2085.43 0.114914 -0.306437 -9.42295 0.159123 -0.161515 10.0606 0.091477 -0.0392481 -0.0609338
2085.45 0.191523 -0.229828 -9.38465 0.168694 -0.133998 10.075 0.0885754 -0.0403171 -0.0609338
2085.46 0.153219 -0.229828 -9.30804 0.160319 -0.12323 10.0654 0.090408 -0.0366519 -0.0607811
2085.48 0.114914 -0.306437 -9.61448 0.149551 -0.125623 10.057 0.0905607 -0.0378736 -0.0591012
2085.49 0.229828 -0.191523 -9.42295 0.144766 -0.111266 10.0666 0.0885754 -0.032834 -0.0563523
2085.51 0.114914 -0.306437 -9.46126 0.128016 -0.118445 10.063 0.0885754 -0.032834 -0.0577268
2085.53 0.191523 -0.229828 -9.30804 0.131605 -0.119641 10.0534 0.0894917 -0.0361938 -0.0581849
2085.54 0.229828 -0.268133 -9.76769 0.119641 -0.131605 10.0642 0.0907135 -0.0361938 -0.0594066
2085.56 0.0766094 -0.191523 -9.46126 0.120837 -0.130409 10.0642 0.0884227 -0.0366519 -0.0580322
2085.57 0.153219 -0.229828 -9.30804 0.112463 -0.136391 10.0678 0.0868956 -0.0331394 -0.0574213
2085.59 0.268133 -0.229828 -9.42295 0.119641 -0.128016 10.0666 0.0841467 -0.0280998 -0.0572686
2085.61 0.191523 -0.421352 -9.49956 0.11007 -0.122034 10.0678 0.0855211 -0.030696 -0.0583376
2085.62 0.191523 -0.191523 -9.53786 0.108873 -0.117248 10.0678 0.0891863 -0.0342084 -0.0578795
2085.64 0.0766094 -0.306437 -9.53786 0.0837488 -0.112463 10.0678 0.0875064 -0.0346666 -0.0563523
2085.66 0.191523 -0.268133 -9.42295 0.0885344 -0.0849452 10.0702 0.0868956 -0.0334449 -0.0577268
2085.67 0.421352 -0.268133 -9.53786 0.0789631 -0.0897308 10.063 0.0878119 -0.0377209 -0.0589485
2085.69 0.268133 -0.229828 -9.30804 0.0717846 -0.0909272 10.0738 0.0862847 -0.033903 -0.0557414
2085.71 0.268133 -0.229828 -9.46126 0.0598205 -0.0945165 10.0654 0.0881173 -0.0369573 -0.0549779
2085.72 0.383047 -0.383047 -9.49956 0.0658026 -0.104088 10.0618 0.0891863 -0.0412334 -0.0555887
2085.74 0.191523 -0.153219 -9.69109 0.0825523 -0.104088 10.0475 0.0849102 -0.0366519 -0.0534507
2085.75 0.229828 -0.306437 -9.53786 0.0837488 -0.135194 10.0738 0.0852157 -0.041997 -0.0513127
2085.77 0.191523 -0.268133 -9.46126 0.117248 -0.155533 10.0714 0.0836885 -0.0311541 -0.0510072
2085.78 0.0766094 -0.344742 -9.42295 0.119641 -0.153141 10.0618 0.0838412 -0.0340557 -0.0525344
2085.8 0.229828 -0.306437 -9.49956 0.150748 -0.168694 10.0654 0.0867428 -0.0407752 -0.0542143
2085.82 0.153219 -0.306437 -9.42295 0.15673 -0.175872 10.0618 0.0885754 -0.0406225 -0.0525344
2085.83 0.191523 -0.306437 -9.57617 0.177069 -0.168694 10.0762 0.0876591 -0.0403171 -0.0558941
2085.85 0.191523 -0.306437 -9.46126 0.190229 -0.166301 10.0582 0.0864374 -0.0355829 -0.0577268
2085.86 0.153219 -0.268133 -9.42295 0.175872 -0.15673 10.0582 0.0862847 -0.0340557 -0.0571159
2086.46 0.153219 -0.153219 -9.42295 0.133998 -0.157926 10.0702 0.0867428 -0.0352775 -0.0563523
2086.48 0.114914 -0.191523 -9.42295 0.13998 -0.162712 10.0738 0.086132 -0.0354302 -0.057574
2086.49 0.191523 -0.268133 -9.38465 0.124427 -0.161515 10.0654 0.08827 -0.0383318 -0.0598648
2086.51 0.306437 -0.153219 -9.65278 0.106481 -0.142373 10.0642 0.0856738 -0.0361938 -0.0572686
2086.53 0.153219 -0.229828 -9.49956 0.102891 -0.149551 10.0582 0.0878119 -0.0369573 -0.0551306
2086.54 0.191523 -0.344742 -9.23143 0.0981057 -0.147159 10.063 0.0878119 -0.0352775 -0.0561996
2086.56 0.306437 -0.344742 -9.34634 0.118445 -0.148355 10.081 0.0867428 -0.0325286 -0.0571159
2086.57 0.191523 -0.344742 -9.42295 0.107677 -0.153141 10.0738 0.0865901 -0.0358883 -0.0584903
2086.59 0.191523 -0.306437 -9.53786 0.131605 -0.160319 10.069 0.0894917 -0.0372628 -0.0587958
2086.61 0.153219 -0.383047 -9.61448 0.143569 -0.174676 10.0654 0.0885754 -0.0386372 -0.0552833
2086.62 0.191523 -0.306437 -9.49956 0.161515 -0.16989 10.0606 0.0862847 -0.0332921 -0.0548251
2086.64 0.153219 -0.306437 -9.46126 0.162712 -0.17348 10.0666 0.0894917 -0.0381791 -0.0568105
2086.66 0.153219 -0.306437 -9.11651 0.151944 -0.180658 10.069 0.0899499 -0.0418443 -0.0581849
2086.67 0.153219 -0.306437 -9.38465 0.167498 -0.178265 10.069 0.0879646 -0.0354302 -0.0581849
2086.69 0.153219 -0.268133 -9.38465 0.161515 -0.190229 10.0726 0.0881173 -0.0332921 -0.0583376
2086.7 0.268133 -0.306437 -9.15482 0.149551 -0.155533 10.069 0.0902553 -0.0389426 -0.0583376
2086.72 0.229828 -0.229828 -9.49956 0.131605 -0.136391 10.075 0.0897971 -0.0346666 -0.0615447
2086.74 0.229828 -0.268133 -9.23143 0.131605 -0.136391 10.0594 0.0887282 -0.0342084 -0.0621555
2086.75 0.191523 -0.229828 -9.34634 0.125623 -0.12682 10.057 0.0905607 -0.0381791 -0.0630718
2086.77 0.153219 -0.268133 -9.38465 0.104088 -0.12323 10.0618 0.08827 -0.0342084 -0.0595593
2086.79 0.229828 -0.383047 -9.23143 0.0969093 -0.117248 10.0642 0.0902553 -0.0348193 -0.0583376
2086.8 0.229828 -0.191523 -9.42295 0.101695 -0.111266 10.0678 0.0905607 -0.0384845 -0.0558941
2086.82 0.229828 -0.229828 -9.46126 0.0957129 -0.107677 10.0666 0.0859793 -0.031765 -0.0563523
2086.84 0.229828 -0.268133 -9.49956 0.087338 -0.124427 10.069 0.089339 -0.033903 -0.0581849
2086.85 0.306437 -0.268133 -9.34634 0.101695 -0.12682 10.0738 0.0887282 -0.0368046 -0.0557414
2086.87 0.229828 -0.306437 -9.42295 0.101695 -0.128016 10.0774 0.0913243 -0.0410807 -0.0586431
2086.89 0.229828 -0.229828 -9.30804 0.0981057 -0.117248 10.0594 0.0894917 -0.0386372 -0.0578795
2086.9 0.191523 -0.229828 -9.49956 0.112463 -0.105284 10.0714 0.0878119 -0.0355829 -0.0566577
2086.92 0.344742 -0.383047 -9.38465 0.105284 -0.102891 10.0762 0.0865901 -0.0319177 -0.0594066
2086.94 0.229828 -0.229828 -9.46126 0.111266 -0.102891 10.0762 0.0844521 -0.0310014 -0.0583376
2086.95 0.153219 -0.229828 -9.42295 0.100499 -0.087338 10.0738 0.0884227 -0.0369573 -0.0568105
2086.97 0.0766094 -0.191523 -9.61448 0.114855 -0.087338 10.0666 0.0868956 -0.0323759 -0.054367
2086.99 0.191523 -0.153219 -9.42295 0.128016 -0.0741775 10.0702 0.087201 -0.0375682 -0.0517708
2087.0 0.383047 -0.229828 -9.53786 0.137587 -0.09332 10.0833 0.0849102 -0.0305433 -0.0526871
2087.02 0.229828 -0.268133 -9.38465 0.153141 -0.107677 10.0822 0.0853684 -0.036041 -0.0537561
2087.04 0.229828 -0.306437 -9.26973 0.141176 -0.130409 10.0714 0.0862847 -0.0368046 -0.0537561
2087.05 0.153219 -0.306437 -9.26973 0.168694 -0.129212 10.0726 0.0852157 -0.0369573 -0.0510072
2087.07 0.114914 -0.306437 -9.38465 0.159123 -0.149551 10.0582 0.0879646 -0.0398589 -0.0545197
2087.09 0.191523 -0.191523 -9.46126 0.172283 -0.172283 10.069 0.0847575 -0.0346666 -0.053298
2087.1 0.153219 -0.306437 -9.49956 0.157926 -0.163908 10.0618 0.0846048 -0.0358883 -0.0552833
2087.12 0.114914 -0.383047 -9.38465 0.163908 -0.196211 10.063 0.086132 -0.0377209 -0.0569632
2087.14 0.229828 -0.268133 -9.53786 0.172283 -0.185444 10.0774 0.0873537 -0.0364992 -0.0589485
2087.15 0.306437 -0.229828 -9.07821 0.144766 -0.163908 10.0606 0.0858265 -0.0323759 -0.0563523
2087.17 0.191523 -0.268133 -9.49956 0.12682 -0.16989 10.0845 0.0870483 -0.0355829 -0.0587958
2087.19 0.383047 -0.268133 -9.26973 0.133998 -0.143569 10.0774 0.0891863 -0.0421497 -0.0587958
2087.2 0.268133 -0.268133 -9.46126 0.114855 -0.149551 10.0726 0.0890336 -0.041997 -0.0594066
2087.22 0.268133 -0.268133 -9.806 0.112463 -0.162712 10.0654 0.0864374 -0.0316123 -0.0566577
2087.24 0.191523 -0.344742 -9.53786 0.106481 -0.157926 10.0582 0.0888809 -0.0337503 -0.056505
2087.25 0.191523 -0.191523 -9.38465 0.100499 -0.180658 10.063 0.0852157 -0.0314596 -0.0520762
2087.27 0.306437 -0.344742 -9.15482 0.100499 -0.193819 10.0618 0.0868956 -0.0320704 -0.0568105
2087.29 0.268133 -0.306437 -9.46126 0.100499 -0.193819 10.0594 0.0896445 -0.0345139 -0.0581849
2087.3 0.229828 -0.344742 -9.49956 0.0969093 -0.200997 10.0774 0.0864374 -0.0319177 -0.0580322
2087.32 0.153219 -0.383047 -9.49956 0.101695 -0.189033 10.0666 0.0922406 -0.0423024 -0.0587958
2087.34 0.229828 -0.306437 -9.46126 0.0945165 -0.187837 10.069 0.0884227 -0.0352775 -0.0606284
2087.35 0.268133 -0.306437 -9.38465 0.09332 -0.165105 10.0726 0.0875064 -0.0323759 -0.0606284
2087.37 0.0383047 -0.306437 -9.23143 0.107677 -0.142373 10.069 0.0905607 -0.0363465 -0.0609338
2087.38 0.153219 -0.191523 -9.38465 0.105284 -0.117248 10.075 0.0891863 -0.0400117 -0.0627664
2087.4 0.306437 -0.153219 -9.57617 0.105284 -0.101695 10.0618 0.0891863 -0.0358883 -0.0601702
2087.42 0.229828 -0.268133 -9.57617 0.118445 -0.0861416 10.063 0.0897971 -0.0389426 -0.0584903
2087.43 0.191523 -0.268133 -9.30804 0.130409 -0.0705882 10.0594 0.0864374 -0.0319177 -0.0551306
2087.45 0.153219 -0.229828 -9.57617 0.13998 -0.0885344 10.0594 0.0873537 -0.0335976 -0.0555887
2087.47 0.229828 -0.229828 -9.46126 0.147159 -0.0969093 10.075 0.0884227 -0.0357356 -0.0549779
2087.49 0.191523 -0.153219 -9.46126 0.145962 -0.112463 10.0714 0.08827 -0.0342084 -0.0546724
2087.5 0.153219 -0.268133 -9.38465 0.165105 -0.112463 10.0726 0.0890336 -0.0386372 -0.0552833
2087.52 0.153219 -0.268133 -9.46126 0.16989 -0.132802 10.063 0.0894917 -0.0377209 -0.0561996
2087.53 0.191523 -0.268133 -9.34634 0.171087 -0.129212 10.0499 0.0876591 -0.0363465 -0.0581849
2087.55 0.0766094 -0.229828 -9.30804 0.162712 -0.120837 10.0594 0.0859793 -0.0308487 -0.0591012
2087.57 0.229828 -0.229828 -9.26973 0.150748 -0.106481 10.069 0.0875064 -0.033903 -0.0604756
2087.58 0.114914 -0.306437 -9.38465 0.129212 -0.0885344 10.0726 0.0864374 -0.0319177 -0.0566577
2087.6 0.191523 -0.0766094 -9.30804 0.133998 -0.0789631 10.063 0.0876591 -0.0340557 -0.0574213
2087.62 0.268133 -0.153219 -9.49956 0.12682 -0.0753739 10.0642 0.087201 -0.0375682 -0.0563523
2087.63 0.268133 -0.191523 -9.42295 0.125623 -0.0861416 10.0594 0.086132 -0.0329867 -0.0555887
2087.65 0.191523 -0.306437 -9.53786 0.11007 -0.087338 10.0642 0.0888809 -0.0403171 -0.0561996
2087.67 0.191523 -0.344742 -9.42295 0.119641 -0.119641 10.069 0.086132 -0.0366519 -0.0539089
2087.68 0.153219 -0.268133 -9.61448 0.111266 -0.148355 10.069 0.0844521 -0.0313068 -0.0517708
2087.7 0.268133 -0.344742 -9.38465 0.12323 -0.167498 10.063 0.0855211 -0.0351248 -0.0545197
2087.71 0.229828 -0.459656 -9.57617 0.108873 -0.190229 10.0738 0.0891863 -0.0418443 -0.0552833
2087.73 0.268133 -0.344742 -9.49956 0.107677 -0.197408 10.0594 0.0830777 -0.0331394 -0.0545197
2087.75 0.268133 -0.306437 -9.34634 0.114855 -0.218943 10.081 0.0870483 -0.0363465 -0.0581849
2087.76 0.191523 -0.383047 -9.49956 0.105284 -0.205783 10.0774 0.08827 -0.033903 -0.0584903
2087.78 0.306437 -0.306437 -9.92091 0.0969093 -0.181854 10.0833 0.08827 -0.0346666 -0.0580322
2087.8 0.229828 -0.268133 -9.46126 0.101695 -0.163908 10.0702 0.0876591 -0.0348193 -0.0586431
2087.81 0.0383047 -0.229828 -9.42295 0.111266 -0.163908 10.0666 0.0888809 -0.0374155 -0.0594066
2087.83 0.229828 -0.229828 -9.38465 0.104088 -0.143569 10.0546 0.0870483 -0.0334449 -0.0587958
2087.85 0.268133 -0.306437 -9.34634 0.117248 -0.142373 10.0702 0.08827 -0.0354302 -0.0589485
2087.86 0.114914 -0.306437 -9.46126 0.141176 -0.131605 10.0822 0.087201 -0.0364992 -0.0536034
2087.88 0.153219 -0.421352 -9.42295 0.130409 -0.151944 10.0618 0.090408 -0.0435241 -0.0555887
2087.9 0.191523 -0.344742 -9.38465 0.153141 -0.167498 10.0654 0.0859793 -0.0345139 -0.0566577
2087.91 0.0766094 -0.268133 -9.46126 0.15673 -0.177069 10.069 0.0865901 -0.0343612 -0.0569632
2087.93 0.229828 -0.344742 -9.46126 0.162712 -0.184247 10.0702 0.0876591 -0.0368046 -0.0563523
2087.95 0.0766094 -0.306437 -9.49956 0.15673 -0.177069 10.075 0.0910189 -0.0387899 -0.0589485
2087.96 0.153219 -0.229828 -9.26973 0.154337 -0.16989 10.0678 0.0873537 -0.0331394 -0.0597121
2087.98 0.268133 -0.229828 -9.42295 0.131605 -0.137587 10.0654 0.0887282 -0.0340557 -0.0610865
2088.0 0.114914 -0.229828 -9.46126 0.142373 -0.129212 10.069 0.0873537 -0.0319177 -0.0604756
2088.01 0.268133 -0.229828 -9.42295 0.130409 -0.119641 10.069 0.0896445 -0.0343612 -0.0612392
2088.03 0.229828 -0.268133 -9.38465 0.135194 -0.0837488 10.0666 0.0875064 -0.0294742 -0.0603229
2088.05 0.153219 -0.229828 -9.30804 0.138784 -0.0634098 10.069 0.0875064 -0.0323759 -0.0595593
2088.06 0.229828 -0.306437 -9.46126 0.111266 -0.0693918 10.063 0.0926988 -0.0444404 -0.0598648
2088.08 0.153219 -0.306437 -9.42295 0.125623 -0.066999 10.0702 0.0841467 -0.0311541 -0.0560469
2088.1 0.229828 -0.191523 -9.23143 0.122034 -0.0909272 10.0606 0.0876591 -0.0355829 -0.0545197
2088.11 0.191523 -0.268133 -9.38465 0.114855 -0.087338 10.075 0.0878119 -0.0374155 -0.0528398
2088.13 0.0 -0.229828 -9.38465 0.111266 -0.114855 10.0642 0.0879646 -0.0400117 -0.054367
2088.15 0.229828 -0.191523 -9.42295 0.113659 -0.113659 10.0714 0.0875064 -0.0377209 -0.0534507
2088.16 0.153219 -0.306437 -9.26973 0.108873 -0.138784 10.0642 0.0852157 -0.0308487 -0.0551306
2088.18 0.191523 -0.306437 -9.34634 0.105284 -0.147159 10.069 0.0919352 -0.0416915 -0.0557414
2088.2 0.191523 -0.191523 -9.34634 0.113659 -0.142373 10.0786 0.0832304 -0.0291688 -0.0561996
2088.21 0.229828 -0.268133 -9.61448 0.0969093 -0.143569 10.0702 0.0849102 -0.031765 -0.0561996
2088.23 0.268133 -0.268133 -9.19312 0.107677 -0.137587 10.0714 0.0867428 -0.0345139 -0.0557414
2088.25 0.229828 -0.306437 -9.49956 0.117248 -0.124427 10.0678 0.0835358 -0.0297797 -0.056505
2088.26 0.229828 -0.229828 -9.34634 0.133998 -0.102891 10.0654 0.0881173 -0.0381791 -0.0568105
2088.28 0.191523 -0.383047 -9.42295 0.131605 -0.124427 10.0642 0.0858265 -0.0352775 -0.0546724
2088.29 0.114914 -0.268133 -9.42295 0.120837 -0.125623 10.069 0.0864374 -0.0346666 -0.0526871
2088.31 0.268133 -0.268133 -9.38465 0.132802 -0.151944 10.0594 0.0846048 -0.0368046 -0.0517708
2088.33 0.191523 -0.344742 -9.49956 0.136391 -0.174676 10.0714 0.0842994 -0.0329867 -0.0516181
2088.34 0.153219 -0.229828 -9.57617 0.124427 -0.202193 10.0594 0.0870483 -0.0351248 -0.054367
2088.36 0.153219 -0.268133 -9.49956 0.128016 -0.214158 10.0762 0.0873537 -0.0372628 -0.0539089
2088.38 0.229828 -0.344742 -9.03991 0.12682 -0.212961 10.0726 0.089339 -0.0407752 -0.0578795
2088.39 0.306437 -0.383047 -9.53786 0.125623 -0.206979 10.0678 0.0879646 -0.0322231 -0.0571159
2088.41 0.229828 -0.229828 -9.57617 0.120837 -0.204586 10.0618 0.0884227 -0.0345139 -0.0571159
2088.43 0.306437 -0.344742 -9.46126 0.116052 -0.179462 10.0582 0.0884227 -0.033903 -0.0583376
2088.44 0.306437 -0.306437 -9.19312 0.124427 -0.151944 10.0714 0.0867428 -0.0329867 -0.0607811
2088.46 0.114914 -0.306437 -9.49956 0.130409 -0.120837 10.0738 0.0896445 -0.03711 -0.0609338
2088.48 0.114914 -0.268133 -9.38465 0.137587 -0.122034 10.0534 0.0885754 -0.0342084 -0.0597121
2088.49 0.153219 -0.229828 -9.42295 0.116052 -0.105284 10.0654 0.0867428 -0.0326813 -0.054367
2088.51 0.306437 -0.153219 -9.49956 0.132802 -0.0993021 10.0666 0.089339 -0.0375682 -0.056505
2088.53 0.0766094 -0.268133 -9.19312 0.12323 -0.11007 10.0654 0.0870483 -0.0348193 -0.056505
2088.55 0.114914 -0.229828 -9.42295 0.133998 -0.148355 10.0582 0.0891863 -0.0354302 -0.0566577
2088.57 0.229828 -0.268133 -9.49956 0.144766 -0.150748 10.0654 0.0876591 -0.0303905 -0.056505
2088.58 0.191523 -0.344742 -9.53786 0.145962 -0.159123 10.0702 0.0902553 -0.0335976 -0.0571159
2088.6 0.153219 -0.344742 -9.38465 0.142373 -0.155533 10.0738 0.0897971 -0.0355829 -0.0586431
2088.62 0.0766094 -0.383047 -9.57617 0.166301 -0.136391 10.075 0.0885754 -0.0346666 -0.0598648
2088.63 0.153219 -0.229828 -9.49956 0.160319 -0.117248 10.069 0.0879646 -0.0346666 -0.0618501
2088.65 0.229828 -0.229828 -9.42295 0.163908 -0.122034 10.0678 0.0891863 -0.0387899 -0.0618501
2088.67 0.191523 -0.153219 -9.57617 0.145962 -0.09332 10.075 0.0911716 -0.0412334 -0.0620028
2088.68 0.114914 -0.191523 -9.61448 0.136391 -0.0741775 10.075 0.0890336 -0.0361938 -0.0603229
2088.7 0.153219 -0.229828 -9.65278 0.142373 -0.0526421 10.0678 0.0878119 -0.0334449 -0.0592539
2088.72 0.306437 -0.268133 -9.46126 0.11007 -0.0586241 10.057 0.0919352 -0.0427606 -0.0589485
2088.73 0.0766094 -0.153219 -9.26973 0.0897308 -0.0897308 10.063 0.0856738 -0.0368046 -0.0589485
2088.75 0.229828 -0.153219 -9.42295 0.087338 -0.111266 10.0738 0.086132 -0.0352775 -0.0539089
2088.77 0.153219 -0.191523 -9.42295 0.0801595 -0.119641 10.057 0.0864374 -0.0343612 -0.0528398
2088.78 0.229828 -0.268133 -9.38465 0.0634098 -0.129212 10.0738 0.0876591 -0.0372628 -0.0536034
2088.8 0.191523 -0.114914 -9.46126 0.0622134 -0.147159 10.0774 0.0844521 -0.0345139 -0.0548251
2088.82 0.306437 -0.306437 -9.34634 0.0538385 -0.145962 10.0618 0.0855211 -0.0329867 -0.0542143
2088.83 0.268133 -0.229828 -9.23143 0.09332 -0.147159 10.0798 0.0856738 -0.0352775 -0.0560469
2088.85 0.268133 -0.268133 -9.34634 0.0861416 -0.135194 10.0762 0.083994 -0.031765 -0.055436
2088.86 0.153219 -0.306437 -9.69109 0.101695 -0.118445 10.0654 0.0864374 -0.0357356 -0.0552833
2088.88 0.191523 -0.229828 -9.49956 0.0921237 -0.128016 10.0594 0.0864374 -0.0394008 -0.0555887
2088.9 0.191523 -0.268133 -9.38465 0.102891 -0.111266 10.0666 0.08827 -0.0384845 -0.0557414
2088.91 0.229828 -0.268133 -9.53786 0.114855 -0.117248 10.0702 0.0870483 -0.0381791 -0.0546724
2088.93 0.0766094 -0.344742 -9.38465 0.12682 -0.128016 10.0762 0.0876591 -0.0389426 -0.0520762
2088.95 0.191523 -0.306437 -9.42295 0.155533 -0.144766 10.0726 0.0856738 -0.0345139 -0.0496328
2088.96 0.191523 -0.421352 -9.49956 0.157926 -0.159123 10.0714 0.0885754 -0.0418443 -0.0519235
2088.98 0.191523 -0.268133 -9.53786 0.168694 -0.17348 10.0774 0.0881173 -0.0381791 -0.0537561
2089.0 0.0766094 -0.229828 -9.53786 0.16989 -0.189033 10.0642 0.0868956 -0.0363465 -0.0546724
2089.01 0.114914 -0.306437 -9.61448 0.187837 -0.214158 10.0774 0.08827 -0.0358883 -0.0555887
2089.03 0.0766094 -0.344742 -9.26973 0.196211 -0.199801 10.063 0.0870483 -0.0386372 -0.056505
2089.05 0.229828 -0.229828 -9.15482 0.202193 -0.190229 10.0666 0.0887282 -0.0345139 -0.0583376
2089.06 0.268133 -0.229828 -9.19312 0.192622 -0.195015 10.0654 0.090408 -0.0354302 -0.0598648
2089.08 0.0766094 -0.229828 -9.49956 0.179462 -0.18664 10.0594 0.089339 -0.0375682 -0.0601702
2089.09 0.191523 -0.153219 -9.57617 0.167498 -0.162712 10.0642 0.0890336 -0.0346666 -0.062461
2089.11 0.153219 -0.344742 -9.42295 0.165105 -0.141176 10.0857 0.0907135 -0.034972 -0.062461
2089.13 0.344742 -0.229828 -9.30804 0.125623 -0.130409 10.0786 0.0856738 -0.0303905 -0.0601702
2089.14 0.191523 -0.344742 -9.53786 0.107677 -0.133998 10.069 0.0894917 -0.0340557 -0.0604756
2089.16 0.191523 -0.229828 -9.42295 0.0885344 -0.117248 10.0714 0.0890336 -0.0352775 -0.0591012
2089.18 0.306437 -0.306437 -9.42295 0.087338 -0.118445 10.0678 0.08827 -0.0335976 -0.0581849
2089.2 0.229828 -0.114914 -9.19312 0.0681954 -0.116052 10.069 0.0865901 -0.0282525 -0.0569632
2089.21 0.229828 -0.268133 -9.42295 0.066999 -0.120837 10.0798 0.0887282 -0.0364992 -0.0581849
2089.23 0.0766094 -0.268133 -9.46126 0.0681954 -0.124427 10.0869 0.0896445 -0.0346666 -0.0566577
2089.24 0.268133 -0.268133 -9.42295 0.0741775 -0.12682 10.063 0.0911716 -0.0403171 -0.0592539
2089.26 0.268133 -0.229828 -9.38465 0.0789631 -0.118445 10.0762 0.0891863 -0.0363465 -0.0574213
2089.28 0.191523 -0.153219 -9.38465 0.104088 -0.12682 10.0702 0.0890336 -0.0355829 -0.0577268
2089.29 0.229828 -0.229828 -9.49956 0.117248 -0.117248 10.0534 0.086132 -0.0342084 -0.0561996
2089.31 0.229828 -0.0766094 -9.11651 0.106481 -0.106481 10.0618 0.0873537 -0.0331394 -0.057574
2089.33 0.191523 -0.229828 -9.49956 0.125623 -0.100499 10.0738 0.0868956 -0.032834 -0.0569632
2089.34 0.229828 -0.191523 -9.23143 0.125623 -0.09332 10.0774 0.085063 -0.0337503 -0.0571159
2089.36 0.229828 -0.229828 -9.34634 0.118445 -0.09332 10.0714 0.0865901 -0.0354302 -0.0548251
2089.38 0.344742 -0.268133 -9.15482 0.116052 -0.0981057 10.0702 0.0855211 -0.0308487 -0.0549779
2089.39 0.0766094 -0.191523 -9.34634 0.130409 -0.087338 10.0546 0.0841467 -0.0303905 -0.0540616
2089.41 0.0766094 -0.268133 -9.23143 0.117248 -0.0861416 10.075 0.0852157 -0.0329867 -0.0537561
2089.43 0.0766094 -0.268133 -9.34634 0.13998 -0.107677 10.0666 0.085063 -0.0345139 -0.0513127
2089.44 0.153219 -0.306437 -9.65278 0.153141 -0.135194 10.0678 0.0870483 -0.0377209 -0.0525344
2089.46 0.268133 -0.306437 -9.49956 0.148355 -0.143569 10.0714 0.086132 -0.0374155 -0.0531453
2089.48 0.191523 -0.229828 -9.69109 0.160319 -0.168694 10.057 0.0856738 -0.0332921 -0.0539089
2089.49 0.229828 -0.306437 -9.42295 0.147159 -0.16989 10.0582 0.0862847 -0.0386372 -0.0545197
2089.51 0.268133 -0.229828 -9.46126 0.154337 -0.187837 10.0762 0.086132 -0.0368046 -0.0571159
2089.53 0.114914 -0.268133 -9.42295 0.150748 -0.17348 10.051 0.0852157 -0.0323759 -0.0577268
2089.54 0.306437 -0.191523 -9.23143 0.131605 -0.160319 10.057 0.0868956 -0.0343612 -0.0595593
2089.56 0.306437 -0.306437 -9.49956 0.116052 -0.148355 10.0726 0.0875064 -0.0375682 -0.0568105
2089.57 0.268133 -0.306437 -9.53786 0.0993021 -0.132802 10.0822 0.0855211 -0.0311541 -0.0584903
2089.59 0.191523 -0.268133 -9.49956 0.0921237 -0.141176 10.0654 0.0920879 -0.0423024 -0.0587958
2089.61 0.153219 -0.268133 -9.30804 0.0885344 -0.148355 10.069 0.0852157 -0.0320704 -0.0581849
2089.62 0.153219 -0.268133 -9.46126 0.0837488 -0.161515 10.0642 0.089339 -0.0384845 -0.0548251
2089.64 0.268133 -0.268133 -9.46126 0.118445 -0.166301 10.0726 0.0873537 -0.0369573 -0.0529926
2089.66 0.153219 -0.306437 -9.49956 0.133998 -0.181854 10.069 0.0890336 -0.0368046 -0.052229
2089.67 0.0766094 -0.344742 -9.57617 0.147159 -0.187837 10.057 0.0876591 -0.03711 -0.0528398
2089.69 0.191523 -0.383047 -9.49956 0.171087 -0.197408 10.0702 0.0873537 -0.0326813 -0.0569632
2089.71 0.153219 -0.268133 -9.38465 0.171087 -0.199801 10.0666 0.0897971 -0.0394008 -0.0591012
2089.72 0.191523 -0.268133 -9.42295 0.183051 -0.197408 10.069 0.0897971 -0.0381791 -0.0603229
2089.74 0.268133 -0.344742 -9.38465 0.159123 -0.178265 10.0714 0.0868956 -0.0303905 -0.0610865
2089.76 0.229828 -0.306437 -9.23143 0.147159 -0.163908 10.0714 0.0888809 -0.032834 -0.0616974
2089.77 0.153219 -0.229828 -9.42295 0.142373 -0.137587 10.0666 0.08827 -0.0340557 -0.0618501
2089.79 0.153219 -0.306437 -9.72939 0.120837 -0.120837 10.0618 0.0875064 -0.029627 -0.062461
2089.81 0.229828 -0.306437 -9.46126 0.114855 -0.114855 10.0762 0.0879646 -0.0345139 -0.0606284
2089.82 0.153219 -0.0766094 -9.38465 0.12323 -0.107677 10.0762 0.0858265 -0.0270308 -0.0583376
2089.84 0.153219 -0.229828 -9.53786 0.112463 -0.101695 10.0786 0.0856738 -0.0308487 -0.0566577
2089.86 0.114914 -0.306437 -9.19312 0.104088 -0.111266 10.0642 0.0884227 -0.0352775 -0.056505
2089.87 0.153219 -0.344742 -9.38465 0.128016 -0.117248 10.0654 0.0881173 -0.036041 -0.0557414
2089.89 0.229828 -0.344742 -9.49956 0.118445 -0.128016 10.0726 0.0856738 -0.0293215 -0.056505
2089.91 0.153219 -0.306437 -9.26973 0.113659 -0.136391 10.0714 0.0876591 -0.0325286 -0.0581849
2089.92 0.229828 -0.268133 -9.42295 0.117248 -0.130409 10.063 0.089339 -0.0348193 -0.057574
2089.94 0.114914 -0.421352 -9.46126 0.106481 -0.122034 10.0678 0.0891863 -0.0351248 -0.0568105
2089.96 0.229828 -0.268133 -9.42295 0.101695 -0.112463 10.0678 0.0896445 -0.0383318 -0.0613919
2089.97 0.229828 -0.153219 -9.88261 0.0813559 -0.0969093 10.0738 0.0859793 -0.0323759 -0.0606284
2089.99 0.153219 -0.268133 -9.46126 0.0693918 -0.087338 10.0678 0.0870483 -0.0300851 -0.0595593
2090.01 0.0766094 -0.153219 -9.38465 0.0586241 -0.0837488 10.063 0.0873537 -0.036041 -0.0558941
2090.02 0.229828 -0.0766094 -9.15482 0.087338 -0.0801595 10.0678 0.089339 -0.0397062 -0.0568105
2090.04 0.191523 -0.153219 -9.46126 0.0861416 -0.0897308 10.0738 0.0888809 -0.0380264 -0.0536034
2090.06 0.229828 -0.306437 -9.46126 0.102891 -0.0969093 10.057 0.083994 -0.034972 -0.0537561
2090.07 0.229828 -0.344742 -9.19312 0.135194 -0.108873 10.0522 0.0853684 -0.0380264 -0.0516181
2090.09 0.0766094 -0.229828 -9.46126 0.160319 -0.133998 10.0762 0.0813978 -0.0297797 -0.0517708
2090.11 0.229828 -0.268133 -9.42295 0.17348 -0.154337 10.057 0.0878119 -0.0369573 -0.0520762
2090.12 0.229828 -0.306437 -9.72939 0.178265 -0.151944 10.0738 0.0901026 -0.0369573 -0.0505491
2090.14 0.0766094 -0.344742 -9.42295 0.178265 -0.167498 10.0606 0.0867428 -0.0358883 -0.054367
2090.15 0.153219 -0.306437 -9.46126 0.161515 -0.178265 10.0678 0.0852157 -0.0364992 -0.0569632
2090.17 0.0766094 -0.229828 -9.34634 0.143569 -0.179462 10.057 0.0870483 -0.034972 -0.0594066
2090.19 0.114914 -0.344742 -9.46126 0.141176 -0.172283 10.069 0.0885754 -0.0355829 -0.0598648
2090.2 0.153219 -0.229828 -9.38465 0.117248 -0.175872 10.0594 0.0890336 -0.0387899 -0.0583376
2090.22 0.268133 -0.268133 -9.53786 0.0981057 -0.163908 10.063 0.0868956 -0.0358883 -0.0560469
2090.24 0.421352 -0.306437 -9.46126 0.122034 -0.138784 10.0726 0.087201 -0.0357356 -0.0548251
2090.25 0.153219 -0.268133 -9.38465 0.118445 -0.145962 10.0654 0.0881173 -0.036041 -0.056505
2090.27 0.268133 -0.383047 -9.46126 0.135194 -0.159123 10.0678 0.0865901 -0.0326813 -0.0591012
2090.29 0.191523 -0.306437 -9.57617 0.147159 -0.162712 10.0738 0.0868956 -0.0323759 -0.0545197
2090.3 0.191523 -0.306437 -9.42295 0.145962 -0.167498 10.0546 0.0885754 -0.0384845 -0.0552833
2090.32 0.229828 -0.268133 -9.57617 0.144766 -0.181854 10.0678 0.0870483 -0.0332921 -0.0537561
2090.34 0.153219 -0.153219 -9.49956 0.141176 -0.195015 10.0666 0.0870483 -0.0329867 -0.0586431
2090.35 0.153219 -0.306437 -9.34634 0.128016 -0.193819 10.0642 0.0891863 -0.0361938 -0.0584903
2090.37 0.191523 -0.306437 -9.03991 0.130409 -0.198604 10.0582 0.0853684 -0.0291688 -0.0591012
2090.39 0.191523 -0.268133 -9.57617 0.112463 -0.185444 10.063 0.0916298 -0.0372628 -0.0601702
2090.4 0.229828 -0.268133 -9.53786 0.0921237 -0.160319 10.069 0.0887282 -0.0285579 -0.0609338
2090.42 0.191523 -0.153219 -9.53786 0.105284 -0.144766 10.075 0.0905607 -0.0357356 -0.0638354
2090.44 0.268133 -0.268133 -9.34634 0.117248 -0.106481 10.075 0.0899499 -0.0351248 -0.0641408
2090.45 0.153219 -0.191523 -9.34634 0.12682 -0.0993021 10.0774 0.08827 -0.0358883 -0.0606284
2090.47 0.268133 -0.229828 -9.07821 0.143569 -0.0801595 10.075 0.089339 -0.0346666 -0.0574213
2090.49 0.268133 -0.191523 -9.46126 0.147159 -0.0753739 10.075 0.0907135 -0.0374155 -0.0558941
2090.5 0.114914 -0.268133 -9.49956 0.132802 -0.0741775 10.0594 0.086132 -0.0323759 -0.0548251
2090.52 0.191523 -0.191523 -9.61448 0.138784 -0.0897308 10.0678 0.0867428 -0.030696 -0.0571159
2090.54 0.114914 -0.229828 -9.30804 0.145962 -0.111266 10.0762 0.08827 -0.033903 -0.0572686
2090.55 0.114914 -0.229828 -9.46126 0.133998 -0.12682 10.069 0.087201 -0.0320704 -0.0572686
2090.57 0.114914 -0.306437 -9.49956 0.112463 -0.138784 10.0678 0.0881173 -0.0346666 -0.0542143
2090.59 0.229828 -0.306437 -9.53786 0.11007 -0.131605 10.0798 0.0888809 -0.0326813 -0.0555887
2090.6 0.191523 -0.268133 -9.49956 0.0909272 -0.12323 10.0558 0.0856738 -0.0291688 -0.0594066
2090.62 0.191523 -0.229828 -9.38465 0.09332 -0.124427 10.0582 0.0856738 -0.0293215 -0.0594066
2090.64 0.114914 -0.268133 -9.34634 0.0945165 -0.0981057 10.069 0.0876591 -0.0392481 -0.0613919
2090.65 0.344742 -0.268133 -9.65278 0.101695 -0.0717846 10.0666 0.0864374 -0.0346666 -0.0555887
2090.67 0.229828 -0.153219 -9.53786 0.114855 -0.0765703 10.057 0.0885754 -0.0381791 -0.0560469
2090.69 0.268133 -0.0766094 -9.46126 0.108873 -0.0813559 10.063 0.0847575 -0.0305433 -0.0520762
2090.7 0.229828 -0.268133 -9.38465 0.138784 -0.0921237 10.0654 0.0862847 -0.0372628 -0.0551306
2090.72 0.229828 -0.229828 -9.46126 0.137587 -0.0993021 10.0798 0.0849102 -0.0334449 -0.0555887
2090.73 0.153219 -0.268133 -9.57617 0.153141 -0.145962 10.0738 0.0846048 -0.0348193 -0.0517708
2090.75 0.153219 -0.268133 -9.42295 0.142373 -0.175872 10.075 0.085063 -0.0332921 -0.0488692
2090.77 0.153219 -0.421352 -9.19312 0.143569 -0.160319 10.0678 0.083994 -0.0334449 -0.0510072
2090.78 0.153219 -0.268133 -9.38465 0.13998 -0.179462 10.0678 0.0823141 -0.0311541 -0.0520762
2090.8 0.229828 -0.344742 -9.15482 0.137587 -0.21655 10.0678 0.0870483 -0.0374155 -0.0560469
2090.82 0.153219 -0.344742 -9.38465 0.132802 -0.198604 10.0786 0.08827 -0.0348193 -0.0587958
2090.83 0.229828 -0.306437 -9.19312 0.128016 -0.177069 10.0678 0.0896445 -0.0404698 -0.0592539
2090.85 0.268133 -0.344742 -9.30804 0.117248 -0.159123 10.0726 0.0876591 -0.0372628 -0.0580322
2090.86 0.153219 -0.268133 -9.38465 0.125623 -0.13998 10.081 0.0887282 -0.0346666 -0.0586431
2090.88 0.191523 -0.306437 -9.57617 0.130409 -0.135194 10.0666 0.0881173 -0.0378736 -0.0606284
2090.89 0.153219 -0.268133 -9.34634 0.142373 -0.143569 10.0738 0.090408 -0.0389426 -0.0597121
2090.91 0.229828 -0.268133 -9.46126 0.145962 -0.141176 10.0714 0.0870483 -0.0323759 -0.057574
2090.92 0.229828 -0.268133 -9.46126 0.122034 -0.13998 10.0905 0.083994 -0.0287107 -0.0549779
2090.94 0.229828 -0.268133 -9.42295 0.124427 -0.166301 10.0546 0.0881173 -0.031765 -0.0534507
2090.96 0.191523 -0.344742 -9.61448 0.12682 -0.174676 10.0594 0.0867428 -0.0340557 -0.0555887
2090.97 0.268133 -0.306437 -9.46126 0.108873 -0.184247 10.0762 0.090408 -0.0392481 -0.0604756
2090.99 0.268133 -0.383047 -9.53786 0.0981057 -0.197408 10.0642 0.0885754 -0.0389426 -0.0598648
2091.57 0.153219 -0.306437 -9.42295 0.131605 -0.125623 10.0833 0.08827 -0.0354302 -0.0549779
2091.59 0.191523 -0.229828 -9.46126 0.116052 -0.159123 10.0714 0.0876591 -0.0357356 -0.0568105
2091.61 0.153219 -0.344742 -9.61448 0.132802 -0.16989 10.0594 0.0905607 -0.0390954 -0.0561996
2091.62 0.191523 -0.383047 -9.53786 0.130409 -0.18664 10.0654 0.0868956 -0.0314596 -0.0546724
2091.64 0.229828 -0.229828 -9.49956 0.114855 -0.171087 10.0546 0.0852157 -0.0302378 -0.0571159
2091.66 0.344742 -0.268133 -9.38465 0.116052 -0.161515 10.063 0.0881173 -0.0337503 -0.055436
2091.67 0.191523 -0.306437 -9.34634 0.137587 -0.162712 10.0726 0.0896445 -0.0380264 -0.0589485
2091.69 0.114914 -0.344742 -9.30804 0.118445 -0.153141 10.0654 0.0888809 -0.0329867 -0.0621555
2091.71 0.268133 -0.229828 -9.38465 0.129212 -0.133998 10.0654 0.0902553 -0.0400117 -0.064599
2091.72 0.153219 -0.306437 -9.42295 0.129212 -0.100499 10.0726 0.0868956 -0.0325286 -0.0594066
2091.74 0.153219 -0.229828 -9.26973 0.124427 -0.0909272 10.0714 0.0907135 -0.0363465 -0.0598648
2091.76 0.229828 -0.306437 -9.49956 0.12323 -0.0885344 10.0546 0.0856738 -0.0310014 -0.0584903
2091.77 0.268133 -0.153219 -9.69109 0.125623 -0.0813559 10.0618 0.0896445 -0.0384845 -0.0600175
2091.79 0.191523 -0.344742 -9.49956 0.12682 -0.0981057 10.0654 0.0891863 -0.0375682 -0.0589485
2091.81 0.153219 -0.191523 -9.30804 0.125623 -0.114855 10.0738 0.0885754 -0.0343612 -0.0563523
2091.82 0.268133 -0.229828 -9.42295 0.118445 -0.117248 10.0714 0.0858265 -0.0302378 -0.053298
2091.84 0.344742 -0.229828 -9.65278 0.12323 -0.133998 10.0714 0.0896445 -0.0400117 -0.0549779
2091.86 0.153219 -0.229828 -9.42295 0.111266 -0.154337 10.0666 0.0847575 -0.0310014 -0.055436
2091.87 0.191523 -0.229828 -9.38465 0.104088 -0.161515 10.0654 0.0855211 -0.0368046 -0.0595593
2091.89 0.268133 -0.306437 -9.46126 0.113659 -0.165105 10.0678 0.0858265 -0.033903 -0.0580322
2091.91 0.153219 -0.229828 -9.65278 0.138784 -0.141176 10.0786 0.0858265 -0.0331394 -0.0587958
2091.92 0.229828 -0.306437 -9.53786 0.117248 -0.12323 10.0666 0.0894917 -0.0352775 -0.0577268
2091.94 0.229828 -0.229828 -9.38465 0.122034 -0.122034 10.0654 0.0876591 -0.0337503 -0.0589485
2091.95 0.153219 -0.268133 -9.34634 0.130409 -0.0969093 10.075 0.0859793 -0.0351248 -0.0568105
2091.97 0.229828 -0.191523 -9.42295 0.112463 -0.104088 10.0642 0.0865901 -0.0325286 -0.0580322
2091.99 0.153219 -0.191523 -9.53786 0.101695 -0.101695 10.0654 0.0867428 -0.0352775 -0.0555887
2092.0 0.114914 -0.268133 -9.53786 0.0993021 -0.114855 10.0738 0.0875064 -0.0354302 -0.0516181
2092.02 0.268133 -0.268133 -9.65278 0.0897308 -0.119641 10.063 0.0878119 -0.0380264 -0.0531453
2092.04 0.0766094 -0.268133 -9.49956 0.0921237 -0.147159 10.069 0.0849102 -0.0325286 -0.0542143
2092.05 0.268133 -0.306437 -9.07821 0.106481 -0.17348 10.0654 0.0853684 -0.0342084 -0.056505
2092.07 0.191523 -0.383047 -9.42295 0.108873 -0.175872 10.0606 0.085063 -0.0308487 -0.0539089
2092.09 0.153219 -0.229828 -9.30804 0.130409 -0.185444 10.0582 0.0885754 -0.03711 -0.0548251
2092.1 0.114914 -0.229828 -9.46126 0.141176 -0.181854 10.069 0.0884227 -0.0352775 -0.0542143
2092.12 0.191523 -0.268133 -9.34634 0.155533 -0.159123 10.0594 0.0890336 -0.0346666 -0.0549779
2092.14 0.229828 -0.306437 -9.49956 0.162712 -0.144766 10.0666 0.0879646 -0.0380264 -0.0591012
2092.15 0.153219 -0.229828 -9.53786 0.171087 -0.135194 10.075 0.0862847 -0.0342084 -0.0589485
2092.17 0.0766094 -0.191523 -9.53786 0.16989 -0.133998 10.075 0.0879646 -0.0363465 -0.0578795
2092.19 0.114914 -0.191523 -9.49956 0.148355 -0.113659 10.063 0.0905607 -0.0387899 -0.0577268
2092.2 0.229828 -0.191523 -9.42295 0.138784 -0.118445 10.063 0.0864374 -0.0358883 -0.0558941
2092.22 0.229828 -0.229828 -9.38465 0.117248 -0.131605 10.0738 0.0865901 -0.031765 -0.0563523
2092.24 0.153219 -0.268133 -9.53786 0.124427 -0.137587 10.081 0.0876591 -0.0351248 -0.0557414
2092.25 0.153219 -0.268133 -9.38465 0.132802 -0.157926 10.0774 0.0865901 -0.0361938 -0.0566577
2092.27 0.191523 -0.229828 -9.46126 0.137587 -0.16989 10.0726 0.0862847 -0.0342084 -0.054367
2092.29 0.191523 -0.383047 -9.69109 0.142373 -0.162712 10.0738 0.0887282 -0.0381791 -0.0555887
2092.3 0.229828 -0.268133 -9.38465 0.153141 -0.179462 10.0726 0.0864374 -0.033903 -0.0561996
2092.32 0.268133 -0.191523 -9.49956 0.153141 -0.184247 10.0654 0.0907135 -0.0394008 -0.0613919
2092.34 0.229828 -0.191523 -9.38465 0.13998 -0.149551 10.0714 0.08827 -0.0346666 -0.0601702
2092.35 0.114914 -0.268133 -9.49956 0.125623 -0.12682 10.0522 0.0902553 -0.0352775 -0.0589485
2092.37 0.229828 -0.306437 -9.53786 0.124427 -0.125623 10.063 0.0902553 -0.0395535 -0.0618501
2092.39 0.268133 -0.268133 -9.42295 0.0897308 -0.117248 10.0606 0.089339 -0.0346666 -0.0600175
2092.4 0.229828 -0.153219 -9.8443 0.0658026 -0.100499 10.0666 0.0890336 -0.0345139 -0.0604756
2092.42 0.191523 -0.268133 -9.49956 0.0598205 -0.107677 10.0487 0.0870483 -0.0303905 -0.0578795
2092.44 0.306437 -0.306437 -9.42295 0.0634098 -0.102891 10.0774 0.0870483 -0.0366519 -0.0566577
2092.45 0.268133 -0.191523 -9.30804 0.0658026 -0.105284 10.0558 0.0876591 -0.0342084 -0.0537561
2092.47 0.229828 -0.191523 -9.46126 0.0789631 -0.111266 10.0881 0.0873537 -0.0372628 -0.0542143
2092.49 0.344742 -0.229828 -9.38465 0.114855 -0.141176 10.0786 0.0841467 -0.0343612 -0.0557414
2092.5 0.191523 -0.191523 -9.38465 0.141176 -0.144766 10.0642 0.0867428 -0.0332921 -0.0542143
2092.52 0.229828 -0.268133 -9.38465 0.159123 -0.153141 10.0833 0.0887282 -0.0378736 -0.055436
2092.54 0.114914 -0.268133 -9.42295 0.153141 -0.154337 10.0678 0.0885754 -0.0372628 -0.0497855
2092.55 0.153219 -0.383047 -9.57617 0.248853 -0.189033 10.0833 0.086132 -0.030696 -0.0511599
2092.57 0.0766094 -0.344742 -9.38465 0.184247 -0.157926 10.0618 0.0875064 -0.031765 -0.0604756
2092.58 0.153219 -0.229828 -9.53786 0.114855 -0.113659 10.0881 0.0896445 -0.0323759 -0.0675006
2092.6 0.268133 -0.344742 -9.30804 0.0825523 -0.0825523 10.0642 0.0891863 -0.0358883 -0.0681114
2092.62 0.268133 -0.229828 -9.34634 0.13998 -0.114855 10.0499 0.0888809 -0.0381791 -0.0534507
2092.63 0.268133 -0.268133 -9.30804 0.087338 -0.142373 10.0666 0.0864374 -0.0308487 -0.0546724
2092.65 0.306437 -0.268133 -9.38465 0.0658026 -0.117248 10.063 0.0870483 -0.0325286 -0.0558941
2092.67 0.153219 -0.229828 -9.49956 0.102891 -0.0502493 10.0522 0.0859793 -0.0323759 -0.0507018
2092.68 0.229828 -0.306437 -9.53786 0.168694 -0.160319 10.0654 0.0847575 -0.034972 -0.0546724
2092.7 0.114914 -0.306437 -9.38465 0.157926 -0.197408 10.0594 0.0868956 -0.034972 -0.053298
2092.72 0.229828 -0.229828 -9.46126 0.136391 -0.172283 10.0738 0.0864374 -0.0329867 -0.0555887
2092.73 0.344742 -0.229828 -9.34634 0.172283 -0.0993021 10.0642 0.0876591 -0.0363465 -0.0531453
2092.75 0.114914 -0.306437 -9.38465 0.122034 -0.189033 10.0594 0.0856738 -0.0343612 -0.0534507
2092.77 0.0766094 -0.383047 -9.42295 0.116052 -0.20339 10.0558 0.0853684 -0.0316123 -0.0600175
2092.78 0.229828 -0.114914 -9.57617 0.0981057 -0.135194 10.0702 0.0867428 -0.0294742 -0.0639881
2092.8 0.191523 -0.306437 -9.53786 0.0729811 -0.0897308 10.075 0.089339 -0.033903 -0.0615447
2092.82 0.268133 -0.268133 -9.69109 0.0622134 -0.0981057 10.0786 0.0876591 -0.0357356 -0.0505491
2092.83 0.191523 -0.306437 -9.42295 0.0526421 -0.124427 10.0786 0.0844521 -0.0322231 -0.0507018
2092.85 0.153219 -0.229828 -9.65278 0.09332 -0.0765703 10.0833 0.0896445 -0.0427606 -0.0609338
2092.87 0.268133 -0.344742 -9.49956 0.0993021 -0.0813559 10.0594 0.0847575 -0.0352775 -0.0545197
2092.88 0.268133 -0.383047 -9.26973 0.111266 -0.137587 10.0618 0.085063 -0.0377209 -0.0497855
2092.9 0.114914 -0.306437 -9.57617 0.172283 -0.199801 10.0618 0.0873537 -0.0404698 -0.0479529
2092.92 0.153219 -0.306437 -9.42295 0.229711 -0.151944 10.075 0.0881173 -0.0397062 -0.0557414
2092.93 0.268133 -0.306437 -9.49956 0.184247 -0.133998 10.0582 0.0859793 -0.0335976 -0.0537561
2092.95 0.191523 -0.268133 -9.49956 0.197408 -0.171087 10.0606 0.0833831 -0.0291688 -0.0551306
2092.96 0.114914 -0.344742 -9.34634 0.218943 -0.2333 10.0642 0.0881173 -0.0377209 -0.0620028
2092.98 0.153219 -0.306437 -9.38465 0.175872 -0.155533 10.0714 0.0894917 -0.0364992 -0.0601702
2093.0 0.0766094 -0.344742 -9.15482 0.13998 -0.116052 10.0618 0.0862847 -0.031765 -0.0577268
2093.01 0.153219 -0.268133 -9.30804 0.100499 -0.132802 10.069 0.0885754 -0.03711 -0.055436
2093.03 0.153219 -0.268133 -9.69109 0.129212 -0.150748 10.0678 0.0842994 -0.030696 -0.0606284
2093.05 0.229828 -0.306437 -9.42295 0.0837488 -0.119641 10.075 0.0859793 -0.033903 -0.0642935
2093.06 0.0766094 -0.268133 -9.38465 0.0598205 -0.0837488 10.069 0.0853684 -0.0366519 -0.057574
2093.08 0.191523 -0.268133 -9.42295 0.118445 -0.119641 10.075 0.0875064 -0.0329867 -0.0546724
2093.1 0.153219 -0.306437 -9.30804 0.157926 -0.154337 10.0666 0.086132 -0.0285579 -0.0494801
2093.11 0.153219 -0.268133 -9.42295 0.118445 -0.130409 10.0666 0.089339 -0.0358883 -0.0606284
2093.13 0.229828 -0.268133 -9.30804 0.11007 -0.12323 10.0774 0.0913243 -0.0406225 -0.06353
2093.15 0.191523 -0.268133 -9.53786 0.142373 -0.143569 10.081 0.0844521 -0.0271835 -0.0542143
2093.16 0.344742 -0.344742 -9.42295 0.137587 -0.211765 10.081 0.0867428 -0.0305433 -0.0529926
2093.18 0.229828 -0.344742 -9.46126 0.0921237 -0.183051 10.0702 0.0916298 -0.0421497 -0.0577268
2093.2 0.344742 -0.268133 -9.46126 0.0442672 -0.111266 10.0738 0.0894917 -0.0342084 -0.0620028
2093.21 0.191523 -0.306437 -9.53786 0.0586241 -0.122034 10.0558 0.0858265 -0.0346666 -0.0586431
2093.23 0.0 -0.344742 -9.42295 0.0514457 -0.147159 10.0666 0.0884227 -0.0369573 -0.0615447
2093.25 0.268133 -0.344742 -9.38465 0.0478564 -0.133998 10.075 0.0873537 -0.0308487 -0.0597121
2093.26 0.153219 -0.344742 -9.65278 0.0562313 -0.0454636 10.0654 0.0849102 -0.0290161 -0.0537561
2093.28 0.114914 -0.229828 -9.38465 0.106481 -0.0789631 10.075 0.089339 -0.0421497 -0.0519235
2093.29 0.344742 -0.344742 -9.57617 0.136391 -0.102891 10.0798 0.0884227 -0.0380264 -0.0539089
2093.31 0.191523 -0.306437 -9.46126 0.160319 -0.125623 10.0606 0.0896445 -0.0407752 -0.0586431
2093.33 0.229828 -0.344742 -9.53786 0.198604 -0.09332 10.0642 0.0881173 -0.0389426 -0.0577268
2093.34 0.153219 -0.268133 -9.46126 0.212961 -0.133998 10.0714 0.0855211 -0.0340557 -0.0505491
2093.36 0.153219 -0.421352 -9.26973 0.200997 -0.165105 10.0618 0.0853684 -0.0343612 -0.0482583
2093.38 0.229828 -0.229828 -9.61448 0.175872 -0.177069 10.0678 0.0881173 -0.0358883 -0.054367
2093.39 0.306437 -0.268133 -9.38465 0.150748 -0.137587 10.0678 0.0887282 -0.0369573 -0.0618501
2093.41 0.191523 -0.344742 -9.30804 0.142373 -0.141176 10.0726 0.0867428 -0.0348193 -0.0571159
2093.43 0.114914 -0.306437 -9.46126 0.111266 -0.178265 10.0714 0.0879646 -0.0364992 -0.0563523
2093.45 0.114914 -0.229828 -9.72939 0.124427 -0.15673 10.0762 0.0891863 -0.0342084 -0.0581849
2093.46 0.191523 -0.191523 -9.38465 0.112463 -0.0717846 10.0762 0.0875064 -0.0375682 -0.0581849
2093.48 0.153219 -0.191523 -9.49956 0.101695 -0.0789631 10.0738 0.0896445 -0.0403171 -0.0606284
2093.49 0.191523 -0.268133 -9.42295 0.160319 -0.137587 10.0762 0.0842994 -0.031765 -0.0539089
2093.51 0.0383047 -0.306437 -9.23143 0.184247 -0.128016 10.0666 0.0858265 -0.0316123 -0.0568105
2093.53 0.114914 -0.306437 -9.53786 0.177069 -0.117248 10.063 0.0875064 -0.0326813 -0.0560469
2093.54 0.0766094 -0.344742 -9.30804 0.130409 -0.112463 10.0654 0.083994 -0.0280998 -0.0508545
2093.56 0.153219 -0.383047 -9.46126 0.16989 -0.175872 10.075 0.0853684 -0.0322231 -0.052229
2093.58 0.191523 -0.306437 -9.806 0.136391 -0.193819 10.0714 0.087201 -0.033903 -0.0574213
2093.59 0.229828 -0.306437 -9.42295 0.0969093 -0.190229 10.0618 0.0855211 -0.0297797 -0.0609338
2093.61 0.268133 -0.268133 -9.38465 0.0622134 -0.190229 10.0594 0.087201 -0.0322231 -0.0577268
2093.63 0.306437 -0.229828 -9.49956 0.0837488 -0.197408 10.0762 0.0865901 -0.0343612 -0.0549779
2093.64 0.229828 -0.268133 -9.57617 0.0777667 -0.196211 10.0702 0.0884227 -0.0352775 -0.0606284
2093.66 0.268133 -0.229828 -9.42295 0.0454636 -0.151944 10.0666 0.0870483 -0.0314596 -0.0615447
2093.68 0.191523 -0.421352 -9.49956 0.0801595 -0.122034 10.063 0.0901026 -0.03711 -0.0649044
2093.69 0.229828 -0.229828 -9.38465 0.13998 -0.12682 10.075 0.0902553 -0.0354302 -0.0545197
2093.71 0.114914 -0.306437 -9.49956 0.159123 -0.136391 10.075 0.0887282 -0.0358883 -0.0574213
2093.73 0.0383047 -0.229828 -9.46126 0.144766 -0.102891 10.0618 0.0920879 -0.0426078 -0.0606284
2093.74 0.153219 -0.191523 -9.34634 0.155533 -0.0777667 10.069 0.08827 -0.0342084 -0.0571159
2093.76 0.114914 -0.306437 -9.49956 0.165105 -0.150748 10.0738 0.0855211 -0.0369573 -0.0539089
2093.78 0.229828 -0.268133 -9.42295 0.142373 -0.184247 10.0762 0.089339 -0.0390954 -0.0560469
2093.79 0.114914 -0.229828 -9.49956 0.111266 -0.167498 10.0738 0.0907135 -0.0418443 -0.057574
2093.81 0.191523 -0.268133 -9.42295 0.12323 -0.132802 10.0654 0.08827 -0.0326813 -0.054367
2093.83 0.191523 -0.268133 -9.61448 0.105284 -0.147159 10.0654 0.0858265 -0.0345139 -0.057574
2093.84 0.191523 -0.191523 -9.49956 0.0981057 -0.197408 10.063 0.0867428 -0.0334449 -0.0607811
2093.86 0.268133 -0.229828 -9.57617 0.105284 -0.122034 10.0678 0.0853684 -0.0300851 -0.0629191
2093.87 0.191523 -0.229828 -9.42295 0.12682 -0.087338 10.0606 0.0901026 -0.0375682 -0.0604756
2093.89 0.344742 -0.191523 -9.42295 0.149551 -0.101695 10.0762 0.0881173 -0.0378736 -0.054367
2093.91 0.191523 -0.383047 -9.19312 0.163908 -0.09332 10.0594 0.090408 -0.0395535 -0.056505
2093.92 0.0766094 -0.268133 -9.49956 0.174676 -0.0562313 10.0798 0.0875064 -0.0363465 -0.0589485
2093.94 0.153219 -0.344742 -9.42295 0.154337 -0.04666 10.0618 0.0879646 -0.0345139 -0.0558941
2093.96 0.229828 -0.268133 -9.34634 0.143569 -0.0837488 10.0678 0.0865901 -0.0343612 -0.0528398
2093.97 0.153219 -0.306437 -9.38465 0.147159 -0.147159 10.0678 0.0856738 -0.030696 -0.0507018
2093.99 0.268133 -0.306437 -9.53786 0.125623 -0.133998 10.0833 0.0881173 -0.0346666 -0.0549779
2094.01 0.268133 -0.306437 -9.57617 0.0909272 -0.149551 10.069 0.0864374 -0.0329867 -0.0540616
2094.02 0.191523 -0.268133 -9.42295 0.0753739 -0.198604 10.0666 0.0879646 -0.0377209 -0.0536034
2094.04 0.344742 -0.344742 -9.38465 0.101695 -0.224925 10.057 0.0852157 -0.0293215 -0.0563523
2094.06 0.229828 -0.344742 -9.34634 0.107677 -0.171087 10.0726 0.0881173 -0.036041 -0.0600175
2094.07 0.114914 -0.268133 -9.23143 0.100499 -0.136391 10.0654 0.0864374 -0.0319177 -0.0577268
2094.09 0.153219 -0.229828 -9.46126 0.125623 -0.141176 10.0678 0.0887282 -0.0410807 -0.0587958
2094.11 0.306437 -0.268133 -9.03991 0.183051 -0.141176 10.0714 0.0891863 -0.0369573 -0.0598648
2094.12 0.191523 -0.268133 -9.42295 0.16989 -0.107677 10.0451 0.0865901 -0.0340557 -0.0597121
2094.14 0.114914 -0.344742 -9.49956 0.131605 -0.0777667 10.0666 0.0865901 -0.0345139 -0.0566577
2094.16 0.191523 -0.268133 -9.42295 0.166301 -0.128016 10.0618 0.0864374 -0.0358883 -0.0542143
2094.17 0.229828 -0.268133 -9.57617 0.151944 -0.161515 10.0654 0.0875064 -0.0319177 -0.0537561
2094.19 0.191523 -0.268133 -9.34634 0.107677 -0.167498 10.0618 0.0896445 -0.033903 -0.0566577
2094.21 0.268133 -0.229828 -9.61448 0.0729811 -0.160319 10.0582 0.0858265 -0.029627 -0.057574
2094.22 0.191523 -0.459656 -9.49956 0.100499 -0.208175 10.0678 0.0876591 -0.0332921 -0.0526871
2094.24 0.268133 -0.383047 -9.61448 0.108873 -0.228514 10.0666 0.0873537 -0.032834 -0.0549779
2094.25 0.153219 -0.306437 -9.42295 0.0945165 -0.21655 10.0714 0.0862847 -0.0340557 -0.0561996
2094.27 0.114914 -0.306437 -9.53786 0.104088 -0.159123 10.0762 0.0936151 -0.0410807 -0.0620028
2094.29 0.153219 -0.268133 -9.34634 0.159123 -0.153141 10.075 0.0887282 -0.0364992 -0.0603229
2094.3 0.191523 -0.191523 -9.53786 0.15673 -0.157926 10.0618 0.0901026 -0.0361938 -0.0612392
2094.32 0.229828 -0.229828 -9.23143 0.153141 -0.122034 10.0702 0.0897971 -0.0374155 -0.06353
2094.34 0.153219 -0.191523 -9.42295 0.15673 -0.0693918 10.0762 0.0864374 -0.0287107 -0.0598648
2094.35 0.0766094 -0.191523 -9.30804 0.136391 -0.09332 10.0582 0.0899499 -0.0364992 -0.0587958
2094.37 0.153219 -0.268133 -9.46126 0.137587 -0.116052 10.069 0.08827 -0.0335976 -0.0571159
2094.39 0.344742 -0.268133 -9.42295 0.0969093 -0.111266 10.0738 0.0896445 -0.0387899 -0.0584903
2094.4 0.268133 -0.306437 -9.49956 0.0969093 -0.11007 10.0618 0.0891863 -0.0374155 -0.0572686
2094.42 0.191523 -0.306437 -9.26973 0.0909272 -0.111266 10.0714 0.0879646 -0.0368046 -0.0526871
2094.44 0.306437 -0.383047 -9.30804 0.0825523 -0.172283 10.0582 0.0878119 -0.0389426 -0.0539089
2094.45 0.306437 -0.191523 -9.38465 0.104088 -0.163908 10.0666 0.0879646 -0.0343612 -0.0560469
2094.47 0.191523 -0.383047 -9.19312 0.122034 -0.118445 10.063 0.090408 -0.0343612 -0.0594066
2094.49 0.0766094 -0.268133 -9.49956 0.130409 -0.11007 10.0678 0.0888809 -0.0374155 -0.0568105
2094.5 0.114914 -0.268133 -9.49956 0.174676 -0.133998 10.0666 0.0876591 -0.0363465 -0.0566577
2094.52 0.191523 -0.306437 -9.30804 0.18664 -0.09332 10.0618 0.0868956 -0.033903 -0.0592539
2094.54 0.191523 -0.306437 -9.30804 0.165105 -0.0490528 10.0582 0.0885754 -0.03711 -0.0598648
2094.55 0.191523 -0.191523 -9.46126 0.161515 -0.066999 10.0833 0.0887282 -0.0364992 -0.0597121
2094.57 0.229828 -0.153219 -9.53786 0.132802 -0.0981057 10.069 0.0867428 -0.0387899 -0.0569632
2094.59 0.191523 -0.229828 -9.38465 0.129212 -0.09332 10.0714 0.0856738 -0.0323759 -0.0548251
2094.6 0.114914 -0.306437 -9.23143 0.0777667 -0.0969093 10.0845 0.086132 -0.0334449 -0.0552833
2094.62 0.229828 -0.268133 -9.46126 0.0777667 -0.120837 10.0762 0.0878119 -0.0394008 -0.0531453
2094.64 0.191523 -0.344742 -9.49956 0.104088 -0.17348 10.0642 0.0876591 -0.0377209 -0.0529926
2094.65 0.153219 -0.344742 -9.42295 0.117248 -0.185444 10.075 0.0865901 -0.0340557 -0.0546724
2094.67 0.306437 -0.344742 -9.42295 0.120837 -0.179462 10.0702 0.0878119 -0.03711 -0.0581849
2094.68 0.306437 -0.306437 -9.38465 0.120837 -0.172283 10.0666 0.0853684 -0.0320704 -0.0540616
2094.7 0.153219 -0.344742 -9.26973 0.166301 -0.184247 10.0714 0.0888809 -0.0364992 -0.0549779
2094.72 0.153219 -0.268133 -9.46126 0.177069 -0.178265 10.0654 0.0878119 -0.0325286 -0.0594066
2094.74 0.114914 -0.383047 -9.65278 0.137587 -0.13998 10.0618 0.0859793 -0.0302378 -0.0603229
2094.75 0.229828 -0.306437 -9.42295 0.13998 -0.132802 10.0702 0.089339 -0.0378736 -0.0597121
2094.77 0.153219 -0.229828 -9.53786 0.128016 -0.157926 10.0594 0.0890336 -0.0374155 -0.057574
2094.78 0.306437 -0.229828 -9.46126 0.106481 -0.16989 10.0738 0.089339 -0.0386372 -0.0572686
2094.8 0.191523 -0.229828 -9.69109 0.0574277 -0.13998 10.0642 0.0852157 -0.0294742 -0.0563523
2094.82 0.229828 -0.191523 -9.46126 0.0801595 -0.145962 10.0714 0.0868956 -0.0332921 -0.0555887
2094.83 0.153219 -0.191523 -9.65278 0.0885344 -0.165105 10.0678 0.0876591 -0.0334449 -0.0560469
2094.85 0.191523 -0.344742 -9.34634 0.0789631 -0.179462 10.0678 0.0852157 -0.0332921 -0.0551306
2094.87 0.0383047 -0.344742 -8.96329 0.0993021 -0.165105 10.0738 0.0875064 -0.0358883 -0.0560469
2094.88 0.229828 -0.383047 -9.46126 0.151944 -0.177069 10.069 0.0891863 -0.0361938 -0.0551306
2094.9 0.229828 -0.229828 -9.34634 0.165105 -0.168694 10.0594 0.08827 -0.0340557 -0.0551306
2094.92 0.268133 -0.268133 -9.19312 0.181854 -0.16989 10.0726 0.0905607 -0.0374155 -0.0591012
2094.93 0.153219 -0.191523 -9.42295 0.189033 -0.136391 10.0678 0.0884227 -0.0355829 -0.0623082
2094.95 0.268133 -0.306437 -9.65278 0.181854 -0.119641 10.069 0.0878119 -0.0329867 -0.0589485
2094.97 0.153219 -0.191523 -9.53786 0.15673 -0.112463 10.0678 0.087201 -0.032834 -0.0584903
2094.98 0.229828 -0.268133 -9.30804 0.122034 -0.114855 10.0678 0.0873537 -0.0325286 -0.0580322
2095.0 0.0766094 -0.191523 -9.46126 0.131605 -0.0885344 10.0786 0.0849102 -0.0293215 -0.0600175
2095.02 0.268133 -0.114914 -9.57617 0.119641 -0.0801595 10.069 0.087201 -0.032834 -0.0572686
2095.03 0.306437 -0.306437 -9.38465 0.0993021 -0.11007 10.0714 0.0846048 -0.0274889 -0.0561996
2095.05 0.344742 -0.229828 -9.49956 0.104088 -0.11007 10.0666 0.08827 -0.0374155 -0.0561996
2095.07 0.114914 -0.191523 -9.34634 0.124427 -0.113659 10.0594 0.0867428 -0.031765 -0.0557414
2095.08 0.0383047 -0.306437 -9.42295 0.133998 -0.124427 10.0594 0.0881173 -0.033903 -0.0549779
2095.11 0.229828 -0.268133 -9.42295 0.162712 -0.145962 10.0738 0.0901026 -0.0403171 -0.0574213
2095.12 0.153219 -0.344742 -9.30804 0.172283 -0.132802 10.0666 0.0859793 -0.0316123 -0.0571159
2095.14 0.191523 -0.268133 -9.38465 0.160319 -0.116052 10.0738 0.0875064 -0.0358883 -0.0566577
2095.16 0.229828 -0.268133 -9.26973 0.12323 -0.124427 10.0762 0.0896445 -0.0375682 -0.0583376
2095.17 0.229828 -0.229828 -9.42295 0.117248 -0.120837 10.0618 0.0865901 -0.0355829 -0.0571159
2095.19 0.114914 -0.344742 -9.42295 0.102891 -0.116052 10.0642 0.0878119 -0.032834 -0.0595593
2095.21 0.229828 -0.229828 -9.34634 0.0562313 -0.113659 10.063 0.0859793 -0.031765 -0.0574213
2095.22 0.306437 -0.229828 -9.42295 0.0442672 -0.120837 10.0738 0.0859793 -0.0337503 -0.0561996
2095.24 0.153219 -0.268133 -9.61448 0.0789631 -0.137587 10.0714 0.0876591 -0.0372628 -0.0537561
