649.904 1.68541 -7.23959 -6.20536 -1.4668 -7.10788 6.78006 0.0838412 -0.032834 -0.122631
649.92 1.83862 -7.16298 -6.12875 -1.53978 -7.15334 6.77527 0.083994 -0.0351248 -0.15684
649.937 1.87693 -7.23959 -6.28197 -1.61157 -7.15095 6.7681 0.0815505 -0.0322231 -0.189979
649.953 1.99184 -7.00976 -6.20536 -1.64626 -7.16411 6.77886 0.0759 -0.0299324 -0.264199
649.97 1.91523 -7.27789 -6.20536 -1.62951 -7.17488 6.78604 0.0746782 -0.0366519 -0.333227
649.986 1.68541 -7.27789 -6.01384 -1.58764 -7.18923 6.79202 0.0728457 -0.0323759 -0.365603
650.002 1.6471 -7.23959 -6.20536 -1.45723 -7.22991 6.77647 0.0707076 -0.0348193 -0.41157
650.018 1.53219 -7.3928 -6.32027 -1.32323 -7.22034 6.77169 0.0681114 -0.036041 -0.425162
650.034 1.6088 -7.31619 -6.28197 -1.2347 -7.25264 6.78365 0.0694859 -0.036041 -0.40088
650.051 1.14914 -7.62263 -6.35858 -1.08634 -7.31127 6.77049 0.0723875 -0.031765 -0.374308
650.068 1.30236 -7.50772 -6.47349 -1.00857 -7.38544 6.7334 0.0749837 -0.0390954 -0.303142
650.084 0.995922 -7.58433 -6.5118 -0.880558 -7.44646 6.75972 0.0789543 -0.0368046 -0.216857
650.101 0.919312 -7.69924 -6.28197 -0.866202 -7.50987 6.73938 0.0820086 -0.0395535 -0.167988
650.117 0.957617 -7.77585 -6.01384 -0.789631 -7.5996 6.72981 0.0885754 -0.0381791 -0.0846048
650.134 1.11084 -7.66094 -6.09044 -0.897308 -7.57208 6.74536 0.0937678 -0.0432187 -0.0368046
650.151 1.14914 -7.54602 -6.16705 -0.970289 -7.49791 6.77288 0.0965167 -0.0407752 -0.0343612
650.167 1.18745 -7.54602 -6.28197 -1.04088 -7.41296 6.71785 0.0946841 -0.0331394 -0.0394008
650.183 1.26405 -7.3928 -6.20536 -1.05284 -7.28255 6.75853 0.0978911 -0.0386372 -0.046273
650.199 1.34066 -7.23959 -5.86062 -1.10309 -7.17607 6.76331 0.0989602 -0.0369573 -0.0478002
650.215 1.34066 -7.16298 -6.20536 -1.12463 -7.14377 6.77288 0.0983493 -0.0366519 -0.0487165
650.232 1.18745 -7.20128 -6.39688 -1.14975 -7.15454 6.78365 0.0949895 -0.0404698 -0.0468839
650.248 1.37897 -7.23959 -6.20536 -1.15813 -7.15214 6.77408 0.0948368 -0.0390954 -0.0561996
650.265 1.34066 -7.04806 -6.47349 -1.14736 -7.1007 6.76092 0.0923933 -0.0383318 -0.0771217
650.281 1.26405 -7.3545 -6.28197 -1.18205 -7.05524 6.77647 0.0899499 -0.0322231 -0.0786489
650.298 1.22575 -7.20128 -6.09044 -1.12223 -7.06839 6.7669 0.0896445 -0.0368046 -0.0762054
650.315 1.30236 -7.20128 -6.16705 -1.11506 -7.20239 6.75613 0.0884227 -0.0383318 -0.0687223
650.331 1.22575 -7.23959 -5.93723 -1.08156 -7.25025 6.74656 0.0862847 -0.0354302 -0.0676533
650.348 1.11084 -7.43111 -6.16705 -1.00857 -7.34357 6.75494 0.0887282 -0.044135 -0.079107
650.364 1.26405 -7.3928 -6.32027 -0.981057 -7.32682 6.7681 0.085063 -0.0398589 -0.0856738
650.381 1.18745 -7.27789 -6.43519 -0.959521 -7.32203 6.7657 0.0873537 -0.0364992 -0.0739146
650.397 1.14914 -7.27789 -6.35858 -0.952343 -7.34716 6.7669 0.0867428 -0.0358883 -0.0661261
650.413 1.14914 -7.50772 -6.28197 -0.961914 -7.37587 6.75733 0.0887282 -0.0378736 -0.0481056
650.43 1.14914 -7.43111 -6.32027 -1.01216 -7.43809 6.74776 0.0899499 -0.0361938 -0.0392481
650.447 1.18745 -7.50772 -6.32027 -1.02173 -7.42253 6.75733 0.0913243 -0.0355829 -0.0392481
650.463 1.11084 -7.43111 -6.05214 -1.00857 -7.39621 6.76092 0.0897971 -0.0293215 -0.0448986
650.48 1.07253 -7.46941 -6.28197 -0.965504 -7.35314 6.7669 0.0926988 -0.0302378 -0.0578795
650.496 1.11084 -7.3545 -6.28197 -0.90329 -7.34118 6.77408 0.0948368 -0.0390954 -0.0636827
650.513 1.03423 -7.23959 -6.32027 -0.921237 -7.32802 6.75972 0.0926988 -0.0291688 -0.0626137
650.53 1.07253 -7.27789 -6.20536 -0.935593 -7.27657 6.76092 0.0940732 -0.0342084 -0.0545197
650.546 1.14914 -7.20128 -6.12875 -0.978664 -7.21795 6.7669 0.0951423 -0.0337503 -0.0427606
650.563 1.22575 -7.20128 -6.20536 -0.985843 -7.1988 6.76211 0.0936151 -0.0314596 -0.0380264
650.579 1.22575 -7.3928 -6.01384 -0.981057 -7.19641 6.75853 0.0936151 -0.0305433 -0.0439823
650.596 1.11084 -7.3928 -6.16705 -0.997807 -7.24786 6.75733 0.0911716 -0.0299324 -0.0545197
650.613 1.11084 -7.46941 -6.32027 -0.989432 -7.25384 6.75853 0.0911716 -0.0294742 -0.0616974
650.629 1.11084 -7.31619 -6.24366 -0.982253 -7.25863 6.75853 0.0920879 -0.0291688 -0.0597121
650.646 1.18745 -7.16298 -6.35858 -0.969093 -7.22153 6.75613 0.0928515 -0.0311541 -0.0571159
650.662 1.14914 -7.12467 -6.24366 -0.973878 -7.17368 6.76929 0.0928515 -0.0271835 -0.0580322
650.679 1.14914 -7.16298 -6.39688 -1.00738 -7.14497 6.7681 0.0884227 -0.0261145 -0.0733038
650.696 1.18745 -7.08637 -6.20536 -1.03609 -7.10788 6.78365 0.0887282 -0.0248928 -0.0777326
650.712 1.26405 -7.20128 -6.32027 -1.05284 -7.12463 6.7657 0.0875064 -0.0238237 -0.0775799
650.729 1.26405 -7.23959 -6.20536 -1.06002 -7.1653 6.75494 0.0867428 -0.02474 -0.06353
650.745 1.26405 -7.3545 -6.28197 -1.05763 -7.20957 6.73938 0.0862847 -0.0218384 -0.0519235
650.761 1.30236 -7.31619 -6.05214 -1.0325 -7.25982 6.76331 0.0884227 -0.0274889 -0.0487165
650.779 1.03423 -7.50772 -6.20536 -1.01336 -7.34955 6.75494 0.0870483 -0.0279471 -0.0468839
650.794 1.26405 -7.3545 -6.47349 -1.05763 -7.34716 6.75374 0.0870483 -0.0277944 -0.0578795
650.811 1.22575 -7.54602 -6.20536 -1.17727 -7.35912 6.7322 0.0873537 -0.0261145 -0.0620028
650.827 1.34066 -7.58433 -5.93723 -1.1665 -7.3998 6.75374 0.0864374 -0.0270308 -0.062461
650.844 1.07253 -7.54602 -6.24366 -1.11745 -7.3352 6.75254 0.089339 -0.0271835 -0.0650571
650.861 1.41727 -7.50772 -6.01384 -1.13898 -7.34955 6.76211 0.0876591 -0.0259618 -0.0697913
650.877 1.34066 -7.43111 -6.20536 -1.19402 -7.35673 6.74656 0.089339 -0.025809 -0.0705549
650.894 1.37897 -7.54602 -6.32027 -1.18086 -7.39023 6.7346 0.0917825 -0.0322231 -0.0742201
650.91 1.26405 -7.54602 -6.35858 -1.08873 -7.42612 6.75254 0.08827 -0.0267254 -0.0832304
650.927 1.18745 -7.50772 -6.28197 -1.04566 -7.41057 6.74895 0.089339 -0.0284052 -0.0864374
650.944 1.18745 -7.43111 -6.32027 -1.0014 -7.36152 6.74656 0.0864374 -0.0222966 -0.0879646
650.96 1.22575 -7.43111 -6.16705 -0.973878 -7.28614 6.77049 0.0930042 -0.0284052 -0.0696386
650.977 1.18745 -7.43111 -6.20536 -0.989432 -7.27059 6.74417 0.0930042 -0.0285579 -0.0358883
650.993 1.41727 -7.20128 -6.35858 -1.01097 -7.24307 6.75853 0.0945314 -0.0311541 -0.0186314
651.01 1.26405 -7.43111 -6.24366 -1.05284 -7.25504 6.77169 0.0954477 -0.0274889 -0.00152716
651.027 1.26405 -7.23959 -6.32027 -1.16052 -7.29332 6.76092 0.096364 -0.0313068 -0.00610865
651.043 1.30236 -7.3928 -5.97553 -1.15693 -7.27178 6.70947 0.0954477 -0.0300851 -0.0206167
651.06 1.26405 -7.3545 -6.09044 -1.31725 -7.31007 6.73938 0.0942259 -0.0331394 -0.0274889
651.076 1.6471 -7.27789 -6.47349 -1.40578 -7.29212 6.75015 0.0916298 -0.0271835 -0.0542143
651.093 1.6471 -7.43111 -6.24366 -1.47039 -7.25982 6.76929 0.0862847 -0.0270308 -0.0739146
651.11 1.49388 -7.3545 -6.39688 -1.44885 -7.22632 6.75015 0.0847575 -0.0213803 -0.0813978
651.126 1.45558 -7.3545 -6.24366 -1.2347 -7.21914 6.74895 0.0867428 -0.0314596 -0.0809396
651.142 1.18745 -7.27789 -6.24366 -1.09113 -7.22872 6.75494 0.0913243 -0.0398589 -0.0566577
651.158 1.22575 -7.31619 -6.05214 -0.969093 -7.20479 6.74895 0.0942259 -0.0427606 -0.0453567
651.175 1.07253 -7.31619 -6.24366 -0.841077 -7.30648 6.74776 0.0930042 -0.0377209 -0.0305433
651.191 0.995922 -7.66094 -6.24366 -0.898505 -7.45842 6.72622 0.0936151 -0.0380264 -0.0109956
651.208 1.11084 -7.58433 -6.24366 -0.911665 -7.51107 6.72622 0.0956004 -0.0389426 0.00580322
651.224 1.11084 -7.77585 -6.12875 -0.965504 -7.57926 6.74417 0.0972803 -0.0377209 0.00671952
651.24 1.14914 -7.66094 -6.28197 -0.984646 -7.53619 6.75374 0.0991129 -0.0323759 -0.00259618
651.257 0.995922 -7.43111 -6.05214 -1.06241 -7.49552 6.74417 0.10064 -0.0314596 -0.0187841
651.274 1.26405 -7.50772 -6.28197 -1.09472 -7.40818 6.75853 0.10064 -0.0316123 -0.023671
651.29 1.30236 -7.31619 -6.05214 -1.05045 -7.2993 6.74178 0.10232 -0.0329867 -0.0190895
651.307 1.30236 -7.31619 -6.43519 -0.984646 -7.21795 6.75015 0.101556 -0.0270308 -0.0103847
651.323 1.14914 -7.23959 -6.16705 -0.981057 -7.2323 6.75733 0.10232 -0.0299324 0.00213803
651.34 1.18745 -7.43111 -6.35858 -1.01695 -7.27178 6.75972 0.100945 -0.0308487 0.00839939
651.357 1.26405 -7.3928 -6.09044 -1.06002 -7.26221 6.77049 0.100182 -0.0265726 0.0232129
651.373 1.22575 -7.43111 -6.24366 -1.08514 -7.28494 6.75613 0.0998765 -0.0262672 0.0270308
651.39 1.18745 -7.43111 -6.28197 -1.07198 -7.26102 6.75613 0.103236 -0.0245873 0.0245873
651.406 1.41727 -7.3545 -6.09044 -1.06481 -7.28016 6.75015 0.101098 -0.0227547 0.0197004
651.422 1.45558 -7.27789 -6.58841 -1.11625 -7.29571 6.76092 0.102014 -0.0241292 0.0129809
651.438 1.26405 -7.43111 -6.28197 -1.14377 -7.31246 6.75853 0.100793 -0.019395 0.0203113
651.454 1.30236 -7.3928 -6.5501 -1.0995 -7.24786 6.75015 0.104 -0.0251982 0.0267254
651.471 1.14914 -7.23959 -6.24366 -1.04806 -7.18564 6.7669 0.104763 -0.0262672 0.0369573
651.488 1.37897 -7.27789 -5.86062 -1.11506 -7.22393 6.76929 0.104763 -0.0255036 0.0398589
651.504 1.30236 -7.43111 -6.16705 -1.15932 -7.25025 6.75853 0.101709 -0.0189368 0.0357356
651.521 1.22575 -7.23959 -6.35858 -1.22871 -7.31007 6.76451 0.105374 -0.0222966 0.0213803
651.537 1.45558 -7.3545 -6.24366 -1.30648 -7.28375 6.77288 0.101098 -0.0187841 0.0137445
651.554 1.41727 -7.23959 -6.16705 -1.34955 -7.22153 6.7681 0.103847 -0.0161879 0.00946841
651.571 1.57049 -7.31619 -6.28197 -1.38425 -7.18564 6.7657 0.104458 -0.0224493 0.00962113
651.587 1.57049 -7.23959 -6.16705 -1.41057 -7.20479 6.75853 0.103236 -0.0267254 -0.00473421
651.604 1.80032 -7.27789 -6.43519 -1.54098 -7.31725 6.79561 0.101862 -0.021533 -0.0132863
651.619 1.68541 -7.20128 -6.09044 -1.52183 -7.21316 6.7322 0.102931 -0.0241292 -0.0142026
651.635 1.49388 -7.23959 -6.32027 -1.40818 -7.12941 6.7657 0.100182 -0.0242819 -0.0201585
651.652 1.53219 -7.12467 -6.5118 -1.30648 -7.05882 6.75015 0.0978911 -0.0190895 -0.0387899
651.668 1.53219 -7.12467 -6.24366 -1.27777 -7.04925 6.77767 0.0977384 -0.0224493 -0.0528398
651.685 1.6088 -7.04806 -6.09044 -1.32443 -7.01814 6.79202 0.0972803 -0.0248928 -0.0555887
651.701 1.41727 -7.04806 -6.24366 -1.28136 -7.04925 6.7669 0.0945314 -0.0190895 -0.0595593
651.718 1.30236 -7.31619 -5.97553 -1.23589 -7.14257 6.75853 0.0919352 -0.0221439 -0.0717766
651.735 1.53219 -7.23959 -6.24366 -1.23589 -7.14975 6.79681 0.0899499 -0.0195477 -0.073762
651.751 1.34066 -7.27789 -6.32027 -1.27418 -7.20957 6.74656 0.0930042 -0.0201585 -0.0708604
651.768 1.53219 -7.43111 -6.47349 -1.2347 -7.29212 6.75613 0.0923933 -0.0200058 -0.0632245
651.783 1.41727 -7.43111 -6.28197 -1.18804 -7.29093 6.75135 0.0890336 -0.014508 -0.0636827
651.8 1.30236 -7.3545 -6.16705 -1.20239 -7.28734 6.79202 0.0910189 -0.0157298 -0.0632245
651.817 1.30236 -7.23959 -6.16705 -1.19282 -7.31845 6.74178 0.0931569 -0.0131336 -0.0516181
651.833 1.41727 -7.3545 -6.24366 -1.17846 -7.31605 6.75972 0.0956004 -0.0209221 -0.0342084
651.85 1.34066 -7.27789 -6.28197 -1.27418 -7.28136 6.76331 0.098502 -0.0221439 -0.0224493
651.866 1.49388 -7.23959 -6.35858 -1.48834 -7.27777 6.76929 0.0992656 -0.0178678 0.00473421
651.883 1.68541 -7.3545 -6.24366 -1.468 -7.21197 6.77767 0.0977384 -0.0178678 -0.00885754
651.9 1.76202 -7.27789 -6.32027 -1.47398 -7.19163 6.75733 0.0946841 -0.0192422 -0.052229
651.916 1.99184 -7.23959 -6.62671 -1.56132 -7.17607 6.77169 0.0956004 -0.0207694 -0.0792598
651.933 1.87693 -7.27789 -6.24366 -1.69172 -7.21316 6.75494 0.0936151 -0.0197004 -0.121409
651.949 1.83862 -7.27789 -6.24366 -1.57089 -7.22153 6.77527 0.0897971 -0.0183259 -0.152105
651.966 1.6471 -7.20128 -6.28197 -1.56132 -7.19641 6.76451 0.0905607 -0.0181732 -0.158214
651.983 1.80032 -7.12467 -6.28197 -1.51705 -7.0672 6.77527 0.0919352 -0.0233656 -0.163712
651.999 1.6471 -7.08637 -6.28197 -1.46082 -6.97149 6.77169 0.0870483 -0.0222966 -0.180663
652.016 1.87693 -6.97145 -6.39688 -1.36989 -6.97508 6.76211 0.0868956 -0.0267254 -0.204793
652.032 1.6088 -7.08637 -5.89892 -1.36152 -6.98106 6.76092 0.0804815 -0.019395 -0.21533
652.049 1.6471 -7.12467 -6.32027 -1.3986 -7.09472 6.75374 0.0797179 -0.0221439 -0.234725
652.066 1.6088 -7.27789 -6.20536 -1.33041 -7.21197 6.77169 0.0783434 -0.0209221 -0.23335
652.082 1.45558 -7.3545 -6.28197 -1.28734 -7.24307 6.75613 0.0778853 -0.0235183 -0.23503
652.099 1.37897 -7.3928 -6.32027 -1.24307 -7.21077 6.74895 0.0788016 -0.0259618 -0.240834
652.115 1.45558 -7.31619 -6.32027 -1.25264 -7.22632 6.75015 0.0740674 -0.0227547 -0.267101
652.132 1.34066 -7.20128 -6.62671 -1.2658 -7.2335 6.75015 0.0693332 -0.0216857 -0.32666
652.149 1.41727 -7.3545 -6.16705 -1.20359 -7.23829 6.78006 0.0704022 -0.0238237 -0.390954
652.165 1.41727 -7.27789 -6.35858 -1.18684 -7.26461 6.75733 0.0675006 -0.0190895 -0.403934
652.182 1.34066 -7.27789 -6.24366 -1.14138 -7.15693 6.76092 0.0673479 -0.0229074 -0.397368
652.198 1.26405 -7.31619 -6.28197 -0.994217 -7.22153 6.73579 0.0664316 -0.0245873 -0.364381
652.215 1.14914 -7.46941 -6.12875 -0.961914 -7.27418 6.75494 0.0697913 -0.0294742 -0.336281
652.232 1.07253 -7.31619 -6.24366 -0.912862 -7.31246 6.73579 0.0743728 -0.0305433 -0.279013
652.248 1.07253 -7.50772 -6.35858 -0.79322 -7.31964 6.74776 0.073762 -0.0282525 -0.236558
652.265 0.957617 -7.58433 -6.16705 -0.781256 -7.34357 6.74178 0.0746782 -0.0270308 -0.209221
652.281 0.995922 -7.50772 -6.16705 -0.835095 -7.42373 6.7322 0.0783434 -0.0308487 -0.20632
652.298 1.03423 -7.50772 -6.35858 -0.851844 -7.35793 6.73101 0.0755945 -0.0239765 -0.201433
652.315 1.11084 -7.50772 -6.12875 -0.878166 -7.34955 6.75135 0.0795652 -0.0291688 -0.183107
652.331 0.995922 -7.50772 -6.24366 -0.880558 -7.36032 6.73819 0.0803288 -0.0285579 -0.149509
652.348 0.881008 -7.3928 -6.28197 -0.872184 -7.38903 6.70708 0.0784962 -0.0242819 -0.1321
652.364 0.995922 -7.62263 -5.7074 -0.892523 -7.468 6.75972 0.0772744 -0.0245873 -0.0899499
652.381 0.881008 -7.58433 -6.39688 -0.774078 -7.46441 6.7322 0.0867428 -0.0331394 -0.0534507
652.398 0.957617 -7.50772 -6.28197 -0.758524 -7.47517 6.71785 0.0858265 -0.0291688 -0.0413861
652.414 0.842703 -7.58433 -6.16705 -0.702293 -7.57208 6.72742 0.0896445 -0.0378736 -0.0438296
652.432 0.957617 -7.62263 -6.5501 -0.7334 -7.54935 6.7346 0.0891863 -0.0280998 -0.0458149
652.447 0.919312 -7.62263 -6.35858 -0.783649 -7.56491 6.71186 0.0937678 -0.0302378 -0.0351248
652.463 0.881008 -7.62263 -6.16705 -0.794417 -7.59242 6.6999 0.0934624 -0.0300851 -0.0189368
652.48 0.919312 -7.81416 -5.97553 -0.801595 -7.58046 6.71785 0.0954477 -0.0253509 0.0172569
652.495 0.919312 -7.50772 -6.16705 -0.752542 -7.54217 6.7346 0.0992656 -0.0313068 0.0277944
652.513 0.881008 -7.43111 -6.32027 -0.728614 -7.44287 6.72144 0.102014 -0.0329867 0.0197004
652.529 0.995922 -7.46941 -6.16705 -0.806381 -7.39262 6.72622 0.100793 -0.0302378 0.0120646
652.545 1.03423 -7.46941 -6.20536 -0.912862 -7.39143 6.72742 0.102167 -0.0248928 0.0456622
652.562 1.03423 -7.54602 -6.28197 -0.914058 -7.40219 6.72144 0.105527 -0.0291688 0.129045
652.578 1.03423 -7.43111 -6.12875 -1.02293 -7.38544 6.71545 0.111636 -0.0380264 0.178067
652.595 1.03423 -7.43111 -6.24366 -1.07079 -7.32562 6.72981 0.11637 -0.0401644 0.30864
652.613 0.919312 -7.3928 -6.09044 -1.04207 -7.25264 6.75494 0.12202 -0.0435241 0.45204
652.628 1.11084 -7.12467 -6.32027 -1.02652 -7.17248 6.74178 0.123547 -0.0398589 0.507476
652.646 0.842703 -5.66909 -6.24366 -0.742971 -6.0012 6.72503 0.121409 -0.0424551 0.553138
652.661 1.76202 -5.89892 -6.20536 -1.3005 -5.99522 6.86261 0.0983493 -0.0510072 0.314137
652.678 1.11084 -6.01384 -6.39688 -1.6331 -6.17109 7.02652 0.0876591 -0.0303905 0.0352775
652.695 2.52811 -6.70332 -5.89892 -2.20857 -6.33141 6.69392 0.0772744 -0.0308487 -0.114079
652.711 1.41727 -7.50772 -6.35858 -2.18943 -7.36271 6.84227 0.0577268 -0.0280998 -0.288787
652.728 2.06845 -6.85654 -5.97553 -1.79462 -7.11266 6.67597 0.0566577 -0.031765 -0.28787
652.744 2.14506 -6.97145 -6.12875 -1.33759 -6.85184 6.67358 0.0555887 -0.0416915 -0.216399
652.761 1.45558 -6.70332 -6.24366 -2.04227 -6.57188 6.7681 0.0503964 -0.0438296 -0.171806
652.778 1.6088 -6.43519 -6.24366 -1.26461 -6.3003 6.75972 0.0510072 -0.0484111 -0.121715
652.794 1.49388 -6.47349 -6.62671 -1.64746 -6.55514 6.75494 0.046273 -0.0536034 -0.115454
652.811 0.957617 -7.31619 -6.32027 -1.18445 -7.2682 6.73938 0.0432187 -0.0511599 -0.116828
652.827 0.536266 -8.58025 -5.93723 -0.211765 -8.22652 6.70827 0.0514654 -0.0467312 -0.0813978
652.844 0.57457 -8.73347 -6.01384 -0.445065 -8.64766 6.59222 0.0612392 -0.0490219 -0.00992656
652.861 0.497961 -9.30804 -6.24366 -0.369691 -8.95633 6.65205 0.0697913 -0.0479529 0.0835358
652.877 1.14914 -8.88668 -6.09044 -0.847059 -8.9659 6.64367 0.0817032 -0.0468839 0.143401
652.894 1.41727 -8.42703 -6.24366 -1.33161 -8.55194 6.70827 0.0969748 -0.0464257 0.210901
652.91 0.612875 -8.27381 -5.89892 -0.358923 -8.20259 6.69153 0.106291 -0.0461203 0.196088
652.927 0.727789 -8.65686 -6.01384 -0.418744 -8.44905 6.71186 0.112246 -0.0377209 0.191812
652.944 0.65118 -8.08229 -6.35858 -0.344566 -8.0327 6.5994 0.123547 -0.0280998 0.222508
652.96 0.842703 -8.1589 -6.16705 -1.11625 -8.03868 6.65922 0.125991 -0.0401644 0.250302
652.977 2.06845 -7.3928 -6.28197 -1.52542 -7.68814 6.6329 0.129351 -0.0299324 0.267406
652.993 2.10676 -6.93315 -6.43519 -1.67378 -6.98106 6.78365 0.13042 -0.0293215 0.25076
653.01 2.4898 -6.81823 -5.93723 -2.32582 -6.87817 6.68195 0.130725 -0.0358883 0.195171
653.027 2.22167 -7.00976 -6.24366 -1.95135 -6.93559 6.79083 0.12034 -0.0361938 0.0980438
653.043 2.29828 -6.62671 -5.78401 -2.01356 -7.01217 6.60419 0.120951 -0.0378736 0.0418443
653.059 2.4898 -6.12875 -6.47349 -2.48853 -6.14237 6.78963 0.108581 -0.0372628 -0.00488692
653.074 2.14506 -6.47349 -6.32027 -1.89392 -6.41875 6.74656 0.0920879 -0.0500909 -0.16417
653.091 2.25998 -6.32027 -6.32027 -1.94417 -6.37208 6.72981 0.0888809 -0.0412334 -0.281456
653.108 1.87693 -6.47349 -6.12875 -1.70967 -6.40199 6.74058 0.0797179 -0.0464257 -0.33399
653.124 1.45558 -6.81823 -6.12875 -1.34237 -6.76092 6.71545 0.0679587 -0.0502437 -0.392634
653.141 1.49388 -6.77993 -6.24366 -1.30169 -6.82911 6.74536 0.0638354 -0.0432187 -0.421802
653.157 1.57049 -7.08637 -6.20536 -1.24187 -6.87577 6.70708 0.0629191 -0.0500909 -0.423788
653.174 1.07253 -7.46941 -6.35858 -1.02891 -7.39861 6.7669 0.0569632 -0.0406225 -0.392175
653.191 0.995922 -7.54602 -6.12875 -0.638883 -7.47757 6.65324 0.0633773 -0.0482583 -0.379194
653.207 0.842703 -7.54602 -6.01384 -0.594616 -7.49073 6.64367 0.0603229 -0.0415388 -0.409432
653.224 0.766094 -7.58433 -6.32027 -0.522831 -7.50508 6.74776 0.0627664 -0.0374155 -0.431729
653.24 0.804398 -7.73755 -6.28197 -0.561117 -7.63789 6.70827 0.0615447 -0.0332921 -0.488845
653.257 0.957617 -7.96737 -6.12875 -0.714257 -7.86042 6.68315 0.0577268 -0.0218384 -0.585667
653.274 1.07253 -7.96737 -6.28197 -0.799202 -7.81974 6.67956 0.0601702 -0.0239765 -0.696997
653.29 1.07253 -7.81416 -6.12875 -0.857827 -7.81615 6.65324 0.0502437 -0.0160352 -0.753502
653.307 1.11084 -7.66094 -6.12875 -0.926022 -7.61635 6.72144 0.0526871 -0.0213803 -0.865749
653.323 1.18745 -7.58433 -6.24366 -0.885344 -7.55892 6.82194 0.0409279 -0.00641408 -1.00671
653.339 0.957617 -7.58433 -6.35858 -0.674776 -7.72283 6.95115 0.0332921 -0.00488692 -1.24097
653.355 0.229828 -7.23959 -6.35858 0.0442672 -7.37827 6.86142 0.0314596 -0.0116064 -1.33611
653.37 0.0 -7.50772 -6.5501 0.458225 -7.37946 7.08156 0.0372628 -0.0174097 -1.51418
653.386 0.229828 -7.43111 -5.89892 0.0155533 -7.30409 6.63769 0.0394008 -0.0109956 -1.56473
653.402 0.191523 -7.27789 -5.7074 -0.183051 -7.12822 6.33739 0.0280998 -0.0126754 -1.25472
653.417 -0.0766094 -7.3545 -6.12875 0.0251246 -7.24068 6.56231 0.0308487 -0.0209221 -1.05985
653.433 -0.306437 -7.23959 -6.28197 0.655633 -7.36391 6.88415 0.0650571 -0.0366519 -0.886213
653.448 -0.344742 -7.54602 -6.01384 0.655633 -7.35553 6.57787 0.0813978 -0.0262672 -0.73426
653.464 -0.306437 -7.69924 -6.09044 0.549153 -7.52184 6.44387 0.0821613 -0.0308487 -0.64431
653.479 -0.229828 -7.73755 -5.97553 0.674776 -7.65942 6.68076 0.0797179 -0.0361938 -0.595135
653.494 -0.229828 -7.50772 -6.47349 0.752542 -7.55175 6.66042 0.0749837 -0.0290161 -0.692721
653.51 -0.0383047 -7.73755 -6.09044 0.605384 -7.57328 6.57906 0.0591012 -0.0169515 -0.763123
654.126 -3.83047 -5.89892 -5.97553 4.71386 -5.93779 6.55992 0.0502437 -0.0203113 -0.767246
654.143 -4.21351 -5.78401 -6.01384 4.8658 -5.86481 6.65085 0.0508545 -0.0143553 -0.789238
654.159 -3.98369 -5.63079 -6.20536 4.82512 -5.77627 6.61735 0.0571159 -0.0161879 -0.828486
654.176 -4.13691 -5.82231 -6.05214 4.84546 -5.72243 6.61137 0.055436 -0.0132863 -0.852157
654.193 -4.40504 -5.86062 -6.01384 4.94237 -5.74397 6.6018 0.0540616 -0.0160352 -0.853837
654.209 -4.29012 -5.7074 -6.09044 4.95912 -5.70808 6.59701 0.0537561 -0.014508 -0.843452
654.226 -4.36673 -5.66909 -5.93723 4.98425 -5.64108 6.5659 0.0578795 -0.0160352 -0.813978
654.242 -4.32843 -5.51587 -6.12875 5.04048 -5.58006 6.61137 0.054367 -0.0117592 -0.828791
654.259 -4.13691 -5.51587 -6.01384 5.02134 -5.38983 6.55274 0.0563523 -0.0198531 -0.800233
654.276 -4.48165 -5.36266 -6.09044 5.08953 -5.3647 6.57428 0.0516181 -0.0235183 -0.760069
654.292 -4.63487 -5.43926 -5.97553 5.17208 -5.34197 6.60778 0.0560469 -0.0264199 -0.73594
654.309 -4.51995 -5.20944 -5.93723 5.2343 -5.29412 6.6317 0.0581849 -0.0248928 -0.679129
654.325 -4.78809 -5.24774 -6.16705 5.44726 -5.20798 6.62931 0.0557414 -0.0181732 -0.684321
654.342 -4.82639 -5.17113 -6.12875 5.39222 -5.14696 6.56351 0.0546724 -0.0219911 -0.664469
654.359 -4.9413 -5.17113 -6.12875 5.46042 -5.17448 6.60897 0.0580322 -0.0313068 -0.663857
654.375 -4.9413 -5.17113 -6.01384 5.52024 -5.2331 6.61256 0.0566577 -0.0244346 -0.64599
654.392 -5.01791 -5.09452 -6.01384 5.69013 -5.0668 6.58983 0.0616974 -0.0242819 -0.709214
654.408 -5.28605 -4.9413 -5.59248 5.73918 -4.97946 6.6341 0.0594066 -0.0184787 -0.778395
654.425 -5.24774 -4.86469 -5.93723 5.8325 -4.8 6.59701 0.0577268 -0.0203113 -0.789085
654.442 -5.24774 -4.82639 -6.05214 5.86361 -4.77368 6.6317 0.0514654 -0.0221439 -0.802677
654.458 -5.20944 -4.74978 -6.09044 5.88993 -4.72702 6.60299 0.0500909 -0.0200058 -0.793666
654.475 -5.24774 -4.59656 -5.82231 5.86959 -4.66481 6.6006 0.0519235 -0.0174097 -0.805273
654.491 -5.51587 -4.63487 -5.7074 5.94736 -4.55474 6.57906 0.0549779 -0.021533 -0.836122
654.508 -5.24774 -4.40504 -6.01384 6.00239 -4.41835 6.58624 0.0505491 -0.0157298 -0.856738
654.525 -5.43926 -4.32843 -6.20536 6.09093 -4.3346 6.58624 0.0485638 -0.0163406 -0.880715
654.541 -5.40096 -4.29012 -5.89892 6.10887 -4.3011 6.65085 0.0478002 -0.0224493 -0.84895
654.558 -5.47757 -4.25182 -6.05214 6.12084 -4.31785 6.5994 0.0479529 -0.0235183 -0.780991
654.574 -5.43926 -4.36673 -6.09044 6.14596 -4.26042 6.5994 0.0485638 -0.0201585 -0.760069
654.59 -5.51587 -4.32843 -5.86062 6.13878 -4.16949 6.59103 0.0505491 -0.0190895 -0.74327
654.607 -5.7074 -4.0986 -6.09044 6.2668 -4.10489 6.5994 0.0523817 -0.0187841 -0.702647
654.623 -5.51587 -4.02199 -6.05214 6.29791 -4.09412 6.61256 0.0517708 -0.0212276 -0.697608
654.64 -5.7457 -4.0986 -5.86062 6.3338 -4.06181 6.57547 0.0534507 -0.0219911 -0.700662
654.656 -5.89892 -3.86877 -5.97553 6.46301 -3.97089 6.57667 0.0525344 -0.0158825 -0.703259
654.673 -5.82231 -3.90708 -5.97553 6.52881 -3.84885 6.58385 0.0551306 -0.022602 -0.737162
654.69 -5.89892 -3.67725 -6.01384 6.65205 -3.75673 6.46421 0.0519235 -0.0192422 -0.78374
654.706 -5.93723 -3.63894 -5.89892 6.68913 -3.74596 6.5336 0.0507018 -0.0138972 -0.902859
654.723 -5.89892 -3.44742 -5.97553 6.55753 -3.5988 6.61855 0.0471893 -0.0154243 -0.916756
654.739 -6.12875 -3.60064 -5.97553 6.70947 -3.60479 6.57667 0.0456622 -0.0210748 -0.939205
654.756 -5.86062 -3.56234 -6.12875 6.70588 -3.399 6.64128 0.0412334 -0.0167988 -0.987616
654.773 -5.82231 -3.33251 -5.89892 6.65085 -3.2997 6.72263 0.0432187 -0.0198531 -0.981049
654.789 -6.05214 -3.02607 -5.89892 6.81595 -3.13101 6.53958 0.0442877 -0.0216857 -0.975093
654.806 -6.05214 -3.02607 -5.93723 6.7669 -3.01735 6.59701 0.0389426 -0.0155771 -0.966083
654.822 -6.09044 -2.94946 -6.01384 6.78843 -2.95992 6.62453 0.0450513 -0.0241292 -0.858571
654.838 -6.32027 -2.91116 -6.01384 6.97747 -2.94317 6.58983 0.0459676 -0.0284052 -0.850324
654.855 -6.32027 -2.87285 -6.01384 6.84706 -2.78764 6.6664 0.045204 -0.0186314 -0.774119
654.871 -6.32027 -2.83455 -6.01384 7.03849 -2.74457 6.57667 0.054367 -0.0256563 -0.68539
654.888 -6.28197 -2.68133 -5.97553 7.02772 -2.72901 6.62931 0.0563523 -0.032834 -0.654695
654.905 -6.39688 -2.68133 -5.55418 7.07438 -2.69312 6.60897 0.055436 -0.02474 -0.601702
654.921 -6.20536 -2.56641 -5.97553 7.24546 -2.57946 6.58624 0.0561996 -0.0241292 -0.626289
654.938 -6.62671 -2.4898 -6.12875 7.24068 -2.50887 6.59701 0.0528398 -0.025809 -0.630107
654.954 -6.58841 -2.52811 -6.05214 7.24546 -2.49452 6.57428 0.0526871 -0.0216857 -0.632704
654.971 -6.62671 -2.4898 -6.16705 7.16052 -2.42752 6.60658 0.0542143 -0.0224493 -0.582001
654.988 -6.35858 -2.25998 -5.97553 7.16889 -2.3677 6.60419 0.0572686 -0.0241292 -0.56337
655.004 -6.5118 -2.25998 -6.05214 7.19282 -2.32104 6.61256 0.0563523 -0.022602 -0.588416
655.021 -6.43519 -2.22167 -5.97553 7.21316 -2.25165 6.59821 0.0583376 -0.0203113 -0.596663
655.037 -6.70332 -2.25998 -6.09044 7.28255 -2.18225 6.61137 0.057574 -0.0212276 -0.652251
655.054 -6.47349 -2.22167 -6.09044 7.19402 -2.14995 6.60538 0.0592539 -0.0221439 -0.614989
655.071 -6.5118 -2.25998 -5.78401 7.25863 -2.132 6.58983 0.0644463 -0.0294742 -0.598342
655.087 -6.43519 -2.03015 -5.82231 7.21197 -1.97049 6.61495 0.06353 -0.0250455 -0.514959
655.111 -6.5501 -1.95354 -5.82231 7.27418 -1.92622 6.57906 0.0621555 -0.0268781 -0.511141
655.127 -6.66501 -1.95354 -6.01384 7.33041 -1.88674 6.64128 0.0630718 -0.0276416 -0.521832
655.144 -6.47349 -1.68541 -5.89892 7.34716 -1.84128 6.58385 0.0632245 -0.0259618 -0.534507
655.16 -6.74162 -1.76202 -6.01384 7.38186 -1.73001 6.61495 0.0621555 -0.0264199 -0.521068
655.177 -6.66501 -1.6471 -5.97553 7.33161 -1.69172 6.60538 0.0604756 -0.023671 -0.497092
655.194 -6.5501 -1.6088 -5.86062 7.36989 -1.61515 6.5994 0.0591012 -0.0242819 -0.511752
655.21 -6.66501 -1.6088 -6.24366 7.34477 -1.57567 6.62333 0.0612392 -0.0248928 -0.559705
655.227 -6.62671 -1.57049 -5.97553 7.37707 -1.5661 6.5659 0.0629191 -0.0245873 -0.613003
655.243 -6.62671 -1.49388 -5.97553 7.40698 -1.49432 6.60778 0.0606284 -0.0224493 -0.61285
655.26 -6.66501 -1.34066 -5.93723 7.38784 -1.39621 6.59581 0.0623082 -0.0250455 -0.591012
655.276 -6.81823 -1.34066 -6.20536 7.34477 -1.32682 6.60299 0.0610865 -0.025809 -0.565356
655.292 -6.66501 -1.30236 -6.01384 7.32323 -1.30289 6.58624 0.0589485 -0.0216857 -0.576504
655.309 -6.43519 -1.34066 -6.12875 7.30648 -1.21675 6.57906 0.0632245 -0.0253509 -0.587499
655.325 -6.66501 -1.11084 -5.97553 7.28255 -1.12463 6.61017 0.0609338 -0.0255036 -0.596357
655.342 -6.66501 -1.22575 -6.01384 7.32203 -1.12941 6.61615 0.0621555 -0.029627 -0.567188
655.359 -6.5501 -1.18745 -6.39688 7.35793 -1.15693 6.62094 0.0642935 -0.0322231 -0.527635
655.375 -6.5501 -1.07253 -5.89892 7.41775 -1.09831 6.6006 0.071624 -0.0305433 -0.487928
655.392 -6.74162 -0.919312 -5.93723 7.45005 -0.955932 6.58146 0.0728457 -0.0331394 -0.492663
655.408 -6.58841 -0.842703 -5.93723 7.49073 -0.897308 6.61735 0.0705549 -0.0293215 -0.49587
655.425 -6.81823 -0.804398 -5.86062 7.52423 -0.849452 6.57428 0.0740674 -0.0329867 -0.499077
655.442 -6.77993 -0.766094 -5.97553 7.50269 -0.715454 6.61256 0.0725402 -0.0261145 -0.53634
655.458 -6.66501 -0.727789 -6.24366 7.47757 -0.617348 6.60538 0.0700968 -0.0271835 -0.517708
655.475 -6.77993 -0.536266 -6.01384 7.47757 -0.574277 6.59342 0.0694859 -0.0233656 -0.486859
655.491 -6.74162 -0.612875 -5.78401 7.53141 -0.550349 6.58505 0.0711658 -0.0340557 -0.469603
655.508 -6.81823 -0.497961 -5.97553 7.49791 -0.556331 6.6006 0.0728457 -0.0316123 -0.461967
655.525 -6.74162 -0.421352 -5.78401 7.55892 -0.472582 6.60538 0.0731511 -0.0294742 -0.53634
655.541 -6.85654 -0.306437 -5.97553 7.61157 -0.320638 6.58385 0.0731511 -0.0288634 -0.572839
655.558 -6.89484 -0.383047 -5.7457 7.62832 -0.275174 6.5683 0.0670424 -0.0279471 -0.627358
655.574 -6.81823 -0.344742 -5.97553 7.60798 -0.291924 6.59701 0.0632245 -0.0253509 -0.61621
655.591 -6.85654 -0.229828 -5.78401 7.57328 -0.26321 6.61615 0.0650571 -0.0280998 -0.588263
655.608 -6.77993 -0.306437 -6.12875 7.48594 -0.192622 6.61615 0.0671951 -0.0297797 -0.557262
655.623 -6.74162 -0.191523 -6.32027 7.49671 -0.0885344 6.58624 0.068875 -0.0303905 -0.520915
655.639 -6.70332 -0.153219 -6.01384 7.47517 -0.0837488 6.57547 0.0714712 -0.0334449 -0.478765
655.655 -6.5118 -0.229828 -6.01384 7.4321 -0.0634098 6.61974 0.0707076 -0.0259618 -0.443946
655.672 -6.70332 -0.114914 -5.93723 7.42732 -0.020339 6.60778 0.0795652 -0.0319177 -0.36545
655.689 -6.74162 -0.0766094 -6.20536 7.43689 0.147159 6.59581 0.0832304 -0.0332921 -0.302531
655.705 -6.77993 0.0766094 -6.01384 7.47398 0.174676 6.58265 0.0835358 -0.0363465 -0.295811
655.722 -6.93315 -0.153219 -5.82231 7.54098 0.183051 6.58863 0.0824668 -0.0374155 -0.295811
655.738 -6.85654 0.0766094 -6.09044 7.66062 0.162712 6.59342 0.0797179 -0.0297797 -0.24175
655.755 -6.85654 0.0383047 -5.63079 7.68694 0.154337 6.6006 0.0896445 -0.0377209 -0.155465
655.772 -6.89484 0.191523 -5.93723 7.68933 0.299103 6.6006 0.0899499 -0.0305433 -0.110414
655.788 -7.12467 0.229828 -5.97553 7.68335 0.392423 6.59821 0.0956004 -0.0398589 -0.0484111
655.805 -6.93315 0.268133 -6.16705 7.64985 0.385244 6.59462 0.0901026 -0.0351248 -0.0542143
655.822 -7.00976 0.0766094 -6.16705 7.62233 0.374477 6.58146 0.0901026 -0.0331394 -0.0591012
655.838 -6.85654 0.0383047 -6.09044 7.63071 0.350548 6.60538 0.0846048 -0.0235183 -0.054367
655.855 -6.85654 0.114914 -5.63079 7.6008 0.265603 6.60658 0.0885754 -0.0302378 -0.0372628
655.871 -6.89484 0.114914 -5.97553 7.58285 0.184247 6.59701 0.091477 -0.0293215 -0.0192422
655.888 -6.70332 0.114914 -5.97553 7.50269 0.120837 6.58744 0.0899499 -0.0271835 -0.0129809
655.905 -6.66501 -0.0383047 -5.97553 7.46441 0.0646062 6.60658 0.0946841 -0.0381791 -0.0117592
655.921 -6.77993 -0.229828 -6.12875 7.4345 0.0430708 6.60299 0.0937678 -0.0342084 -0.0363465
655.938 -6.62671 -0.191523 -6.09044 7.45962 0.00837488 6.59821 0.0905607 -0.0323759 -0.0604756
655.954 -6.62671 -0.153219 -5.97553 7.39262 -0.0287139 6.58983 0.0930042 -0.0346666 -0.0713185
655.971 -6.77993 0.0766094 -6.01384 7.36989 0.0693918 6.59821 0.090408 -0.0329867 -0.076969
655.988 -6.62671 0.0 -5.97553 7.38186 0.107677 6.6006 0.0936151 -0.0366519 -0.0783434
656.003 -6.62671 -0.0383047 -6.16705 7.38544 0.142373 6.61974 0.0951423 -0.0364992 -0.0768163
656.02 -6.77993 0.153219 -6.01384 7.39621 0.200997 6.60299 0.0930042 -0.0374155 -0.0734565
656.035 -6.74162 0.0383047 -6.16705 7.46919 0.22014 6.59701 0.0946841 -0.03711 -0.078038
656.052 -6.62671 0.114914 -6.32027 7.49552 0.209372 6.59222 0.0949895 -0.0387899 -0.0858265
656.069 -6.70332 0.114914 -6.01384 7.54098 0.218943 6.59222 0.0957531 -0.0394008 -0.0878119
656.085 -6.81823 0.0766094 -6.47349 7.53858 0.187837 6.60299 0.0966694 -0.0403171 -0.0809396
656.102 -6.74162 0.0766094 -6.09044 7.52542 0.275174 6.5994 0.0949895 -0.0363465 -0.0699441
656.118 -6.66501 0.153219 -6.16705 7.54935 0.26321 6.5994 0.0949895 -0.0381791 -0.0704022
656.135 -6.81823 0.0383047 -5.97553 7.5996 0.20339 6.59222 0.0922406 -0.0358883 -0.0844521
656.152 -6.85654 0.0 -5.82231 7.57807 0.20339 6.59701 0.0926988 -0.0354302 -0.0991129
656.168 -6.93315 0.0766094 -6.09044 7.57687 0.214158 6.58385 0.0925461 -0.0354302 -0.105985
656.184 -6.74162 0.0383047 -6.35858 7.54457 0.259621 6.58863 0.0919352 -0.034972 -0.108276
656.199 -6.70332 0.114914 -6.09044 7.53141 0.293121 6.58385 0.0911716 -0.0319177 -0.106138
656.216 -6.77993 0.153219 -6.12875 7.53021 0.295514 6.58983 0.0913243 -0.0355829 -0.107054
656.233 -6.66501 0.153219 -6.12875 7.53619 0.321834 6.59342 0.0922406 -0.0401644 -0.106901
656.249 -6.85654 0.191523 -6.12875 7.56371 0.36012 6.59462 0.0891863 -0.030696 -0.106138
656.266 -6.97145 0.268133 -5.97553 7.61157 0.370887 6.59103 0.0910189 -0.0355829 -0.0916298
656.282 -6.93315 0.268133 -5.7074 7.63908 0.380459 6.58385 0.0896445 -0.0325286 -0.085063
656.299 -7.00976 0.153219 -6.12875 7.59123 0.384048 6.60419 0.0873537 -0.0290161 -0.0653626
656.316 -6.85654 0.153219 -5.93723 7.55294 0.368495 6.59103 0.0933096 -0.0357356 -0.0415388
656.332 -6.89484 0.114914 -6.05214 7.59601 0.323031 6.59103 0.0939205 -0.0325286 -0.0222966
656.349 -6.93315 0.114914 -5.78401 7.65344 0.282353 6.57547 0.0957531 -0.0345139 -0.0171042
656.364 -6.93315 0.153219 -6.12875 7.62353 0.271585 6.59342 0.0917825 -0.0322231 -0.0320704
656.38 -6.77993 0.191523 -6.12875 7.53739 0.272782 6.59462 0.089339 -0.0348193 -0.0676533
656.397 -6.77993 0.114914 -6.32027 7.42852 0.301496 6.58863 0.0862847 -0.0319177 -0.0804815
656.413 -6.62671 0.0766094 -6.09044 7.3651 0.232104 6.57667 0.0852157 -0.0300851 -0.0757473
656.43 -6.70332 0.114914 -6.16705 7.48475 0.262014 6.60778 0.0881173 -0.0320704 -0.0664316
656.447 -6.77993 -0.0383047 -5.89892 7.49671 0.272782 6.58265 0.0875064 -0.0316123 -0.0736092
656.463 -6.70332 0.191523 -5.97553 7.47039 0.26321 6.58146 0.0902553 -0.0397062 -0.0823141
656.479 -6.74162 0.153219 -5.93723 7.44526 0.362513 6.58505 0.0842994 -0.0346666 -0.104458
656.495 -6.74162 0.229828 -5.93723 7.48236 0.374477 6.58385 0.0823141 -0.0335976 -0.133779
656.512 -6.66501 0.114914 -6.05214 7.55533 0.37328 6.58744 0.0841467 -0.0387899 -0.146149
656.529 -6.85654 0.229828 -5.97553 7.60917 0.392423 6.57308 0.0818559 -0.0345139 -0.162643
656.545 -6.77993 0.229828 -5.89892 7.53858 0.443868 6.56949 0.0827722 -0.0374155 -0.160963
656.562 -6.85654 0.306437 -6.01384 7.52901 0.527617 6.57188 0.081245 -0.0372628 -0.149356
656.577 -6.93315 0.344742 -6.09044 7.61755 0.616152 6.60658 0.0794125 -0.0329867 -0.11469
656.594 -6.97145 0.268133 -6.09044 7.76351 0.556331 6.58863 0.0788016 -0.0300851 -0.091477
656.611 -6.93315 0.268133 -5.78401 7.84247 0.498903 6.5683 0.0788016 -0.0319177 -0.105222
656.627 -7.16298 0.229828 -6.01384 7.89511 0.372084 6.53958 0.0798706 -0.030696 -0.115301
656.644 -7.12467 0.191523 -5.89892 7.85085 0.336191 6.57547 0.0766636 -0.0241292 -0.116064
656.66 -6.85654 0.268133 -6.05214 7.70728 0.415155 6.55394 0.0763581 -0.0235183 -0.104458
656.677 -7.04806 0.306437 -5.40096 7.62592 0.486939 6.4331 0.0781907 -0.0285579 -0.105985
656.694 -6.66501 0.0 -5.7457 7.57926 0.36012 6.15912 0.0717766 -0.0255036 -0.207083
656.71 -6.74162 0.153219 -5.7457 7.30169 0.327816 6.45105 0.0817032 -0.0255036 -0.255036
656.727 -6.77993 0.0766094 -6.28197 7.41416 0.312263 6.75972 0.0786489 -0.0229074 -0.359647
656.743 -6.70332 0.114914 -7.08637 7.04686 0.522831 8.02792 0.0717766 -0.0233656 -0.330936
656.76 -6.85654 -0.0383047 -6.09044 7.53141 0.276371 6.54796 0.0740674 -0.0372628 -0.193339
656.777 -6.5501 0.153219 -6.09044 7.27896 0.37328 6.63888 0.0739146 -0.0232129 -0.191048
656.793 -6.5118 0.383047 -6.24366 7.29212 0.541974 6.54915 0.0752891 -0.0346666 -0.163406
656.809 -6.66501 0.497961 -6.09044 7.5996 0.601795 6.57308 0.0760527 -0.0343612 -0.151189
656.825 -6.81823 0.421352 -6.39688 7.58883 0.575474 6.64247 0.0783434 -0.0316123 -0.14676
656.842 -6.77993 0.229828 -5.97553 7.61037 0.435494 6.55992 0.0774271 -0.0335976 -0.164781
656.859 -6.89484 0.191523 -5.59248 7.68335 0.428315 6.55155 0.0751364 -0.0282525 -0.179136
656.875 -6.77993 0.344742 -6.12875 7.65583 0.470189 6.58146 0.0726929 -0.0253509 -0.209069
656.892 -7.00976 0.383047 -5.55418 7.68694 0.711864 6.57667 0.0745255 -0.0311541 -0.195477
656.908 -6.81823 0.65118 -6.12875 7.6678 0.845862 6.58505 0.076969 -0.0277944 -0.151495
656.925 -6.70332 0.612875 -5.97553 7.58166 0.894915 6.57787 0.0755945 -0.0248928 -0.129656
656.942 -6.74162 0.421352 -6.05214 7.52064 0.754935 6.55872 0.0765108 -0.0264199 -0.108734
656.958 -7.16298 0.306437 -6.97145 7.78026 0.748953 7.35912 0.0653626 -0.023671 -0.247248
656.975 -6.47349 0.459656 -6.35858 6.94517 0.562313 7.21555 0.078038 -0.0285579 -0.106443
656.991 -6.5501 0.344742 -6.05214 7.51944 0.490529 6.50249 0.0736092 -0.030696 -0.0920879
657.008 -6.43519 0.421352 -6.24366 7.17009 0.736989 6.63051 0.0772744 -0.0244346 -0.0853684
657.025 -6.47349 0.421352 -6.12875 7.25384 0.713061 6.58863 0.0789543 -0.0380264 -0.0606284
657.041 -6.58841 0.459656 -6.12875 7.25982 0.632901 6.58863 0.0801761 -0.0354302 -0.0523817
657.058 -6.5118 0.191523 -6.16705 7.37228 0.458225 6.65683 0.0774271 -0.0320704 -0.0781907
657.073 -6.74162 0.153219 -5.93723 7.45842 0.289531 6.53839 0.074831 -0.0343612 -0.169973
657.09 -6.70332 0.344742 -5.78401 7.39861 0.44985 6.56351 0.0720821 -0.0334449 -0.243582
657.107 -6.5118 0.459656 -6.32027 7.30169 0.592223 6.54796 0.0693332 -0.0369573 -0.251218
657.123 -6.5501 0.268133 -6.05214 7.36152 0.451047 6.52522 0.0723875 -0.0410807 -0.239306
657.14 -6.70332 0.191523 -6.43519 7.48714 0.461814 6.54915 0.0794125 -0.0403171 -0.24007
657.156 -7.04806 0.383047 -6.09044 7.59482 0.580259 6.5671 0.0823141 -0.0415388 -0.233809
657.173 -7.16298 0.65118 -5.82231 7.95972 0.757328 6.69751 0.0818559 -0.0377209 -0.179747
657.19 -7.3545 0.881008 -6.16705 8.20259 1.34955 6.7334 0.0847575 -0.0287107 -0.10797
657.206 -7.12467 1.57049 -6.32027 8.16909 1.29332 6.52403 0.0826195 -0.0262672 -0.0865901
657.223 -7.08637 0.842703 -6.01384 7.72881 1.22871 6.54317 0.0759 -0.0279471 -0.0807869
657.239 -6.81823 0.919312 -6.05214 7.97049 1.48714 6.78485 0.0771217 -0.0253509 -0.0762054
657.256 -7.43111 0.766094 -6.12875 8.17029 1.10907 6.66879 0.0771217 -0.0206167 -0.00702495
657.273 -7.04806 0.57457 -5.86062 7.82692 1.02173 6.61974 0.0801761 -0.0216857 0.0310014
657.289 -6.58841 0.459656 -6.12875 7.46919 0.857827 6.68554 0.0806342 -0.0213803 0.0711658
657.306 -6.39688 0.0 -6.43519 7.15334 0.181854 6.6018 0.0821613 -0.0154243 0.0946841
657.322 -6.47349 -0.153219 -6.05214 7.09472 0.020339 6.6329 0.0891863 -0.0177151 0.149204
657.339 -6.70332 -0.0766094 -6.24366 7.31605 -0.162712 6.64487 0.0945314 -0.0195477 0.184176
657.356 -6.97145 0.153219 -6.05214 7.68335 0.352941 6.61017 0.103847 -0.0251982 0.208763
657.372 -7.08637 0.268133 -5.97553 7.83529 0.452243 6.53958 0.100335 -0.0213803 0.162337
657.389 -7.20128 0.191523 -6.39688 7.92503 0.510867 6.58505 0.103236 -0.0197004 0.151036
657.405 -7.16298 0.0766094 -5.93723 8.01236 0.236889 6.5671 0.103542 -0.0171042 0.177456
657.422 -7.3545 0.344742 -5.7457 8.01117 0.535992 6.68913 0.115606 -0.0184787 0.288939
657.439 -7.20128 0.497961 -5.97553 7.84846 0.805184 6.55035 0.115759 -0.00992656 0.397368
657.454 -6.81823 0.497961 -6.28197 7.7671 0.735793 6.64247 0.115606 -0.00839939 0.414319
657.471 -6.85654 0.268133 -6.01384 7.41177 0.497707 6.63051 0.11805 -0.0152716 0.370948
657.488 -6.39688 -0.0383047 -6.12875 7.24307 0.159123 6.6006 0.108123 -0.0146608 0.23503
657.504 -6.05214 -0.191523 -6.09044 6.99541 0.0191426 6.65922 0.0983493 -0.00885754 0.0829249
657.521 -6.16705 -0.344742 -6.43519 6.79083 -0.37328 6.6329 0.097433 -0.0163406 0.0320704
657.537 -6.28197 -0.191523 -6.20536 7.17129 -0.138784 6.66999 0.0972803 -0.0155771 -0.0253509
657.554 -6.89484 0.114914 -6.32027 7.334 0.281157 6.55633 0.0931569 -0.0106901 -0.0687223
657.571 -6.70332 0.0383047 -6.24366 7.45244 0.221336 6.6317 0.0936151 -0.0200058 -0.0852157
657.587 -6.77993 -0.0766094 -6.28197 7.55294 0.0 6.64726 0.100487 -0.0209221 -0.0907135
657.604 -6.47349 0.0383047 -6.09044 7.10548 0.247657 6.67119 0.101556 -0.0142026 -0.0368046
657.62 -6.20536 0.114914 -6.43519 7.00259 0.369691 6.63051 0.101862 -0.0244346 0.0187841
657.637 -5.78401 0.0766094 -6.16705 6.5336 0.283549 6.68794 0.104763 -0.0285579 0.0316123
657.654 -6.20536 -0.0766094 -6.24366 6.80399 -0.0143569 6.68076 0.112246 -0.0331394 0.0842994
657.67 -6.32027 -0.191523 -6.28197 7.11745 0.0107677 6.66162 0.114385 -0.0410807 0.113621
657.687 -6.35858 0.0 -6.12875 7.21316 0.0921237 6.62692 0.110872 -0.0380264 0.107207
657.703 -6.5118 -0.0383047 -6.39688 7.18684 0.239282 6.66879 0.111636 -0.0455095 0.111483
657.72 -6.43519 -0.229828 -6.09044 7.37827 -0.0430708 6.6652 0.113621 -0.0412334 0.187536
657.737 -6.77993 0.383047 -6.09044 7.58525 0.248853 6.59342 0.126144 -0.0439823 0.315512
657.753 -7.27789 -0.306437 -5.97553 7.83529 -0.118445 6.59581 0.127824 -0.0485638 0.361021
657.77 -7.23959 -0.459656 -5.86062 7.89751 -0.299103 6.59821 0.134085 -0.044135 0.433714
657.786 -6.58841 -0.268133 -6.01384 7.62353 -0.217747 6.67837 0.144164 -0.0496328 0.513737
657.803 -5.7457 -0.114914 -5.78401 6.69033 -0.159123 6.52283 0.140652 -0.0548251 0.493274
657.82 -4.21351 -0.804398 -6.16705 5.31924 -0.573081 6.67238 0.13775 -0.0597121 0.353844
657.836 -4.55826 -1.22575 -5.82231 5.24267 -0.750149 6.80758 0.114995 -0.0664316 -0.0824668
657.853 -4.97961 -0.919312 -6.20536 5.68654 -1.27298 6.72144 0.0965167 -0.0717766 -0.422871
657.869 -4.86469 -0.497961 -6.01384 6.20578 -1.02532 6.64367 0.0913243 -0.0832304 -0.560163
657.886 -7.04806 -0.344742 -5.7074 7.53619 -0.421137 6.59103 0.0875064 -0.0743728 -0.566425
657.903 -7.23959 -0.114914 -5.86062 8.96231 0.0430708 6.5324 0.101862 -0.0820086 -0.408516
657.919 -9.26973 0.191523 -6.01384 10.002 0.43669 6.4654 0.13042 -0.071013 -0.0470366
657.936 -8.81008 0.268133 -5.93723 9.7998 0.384048 6.38883 0.149356 -0.0671951 0.141415
657.952 -8.88668 0.612875 -6.12875 9.8668 1.09591 6.59701 0.155618 -0.0615447 0.28787
657.969 -8.38873 0.497961 -5.93723 9.32841 0.715454 6.44147 0.137139 -0.0343612 0.25809
657.986 -7.3928 0.65118 -5.89892 8.62732 0.813559 6.34576 0.125991 -0.0255036 0.100487
658.002 -6.70332 0.459656 -6.16705 7.85205 0.714257 6.59342 0.114079 -0.0255036 -0.0259618
658.019 -6.70332 0.344742 -6.32027 7.37707 0.777667 6.60538 0.08827 -0.0143553 -0.258243
658.035 -6.66501 0.383047 -6.09044 7.36271 0.660419 6.61615 0.0733038 -0.0109956 -0.304822
658.052 -7.3545 0.268133 -6.12875 7.74317 0.587438 6.61735 0.0759 -0.0174097 -0.184023
658.069 -7.54602 0.268133 -6.05214 8.12722 0.382851 6.62453 0.0878119 -0.0181732 -0.0934624
658.085 -7.58433 0.421352 -5.86062 8.32343 0.585045 6.49292 0.0937678 -0.00916297 0.0604756
658.102 -7.66094 0.497961 -6.09044 8.42871 0.715454 6.5671 0.089339 -0.00901026 0.0853684
658.118 -7.69924 0.383047 -6.01384 8.39402 0.618545 6.53719 0.081245 0.000610865 0.0513127
658.135 -7.43111 0.0 -6.12875 8.28395 0.228514 6.54198 0.0729984 0.00305432 -0.0503964
658.152 -7.46941 -0.191523 -5.89892 7.70489 -0.160319 6.47139 0.0705549 0.00839939 -0.120035
658.168 -6.24366 -0.0383047 -5.86062 7.36869 -0.102891 6.45942 0.0684169 0.00366519 -0.143401
658.185 -5.89892 0.229828 -5.93723 6.64845 0.168694 6.50489 0.0679587 0.000916298 -0.153938
658.201 -5.86062 0.229828 -6.20536 6.61615 0.416351 6.7657 0.0639881 -0.00381791 -0.161574
658.218 -5.82231 0.0 -6.20536 6.3673 0.271585 6.63769 0.0662789 -0.00901026 0.000916298
658.235 -5.86062 -0.65118 -6.16705 6.62811 -0.133998 6.45344 0.0772744 -0.014508 0.290772
658.251 -6.47349 -1.53219 -6.24366 7.09472 -1.401 6.87577 0.103236 -0.0152716 0.353844
658.268 -6.58841 -1.49388 -6.32027 7.35434 -1.66899 6.75135 0.115148 -0.0282525 0.282678
658.284 -6.01384 -0.766094 -6.39688 6.74417 -0.805184 6.83749 0.0949895 -0.0218384 0.0444404
658.301 -6.05214 -0.727789 -5.97553 6.57787 -0.692722 6.74895 0.0847575 -0.0262672 -0.112094
658.318 -5.40096 -0.497961 -6.43519 6.13998 -0.557528 6.62333 0.0824668 -0.0322231 -0.333838
658.334 -5.47757 -0.191523 -6.16705 6.23928 -0.179462 6.72263 0.0853684 -0.0453567 -0.338419
658.351 -5.93723 -0.0766094 -5.7457 6.54437 -0.102891 6.69392 0.0894917 -0.0511599 -0.25076
658.367 -6.16705 0.153219 -6.01384 7.1665 0.325424 6.70708 0.0911716 -0.0485638 -0.197615
658.384 -7.31619 0.0383047 -6.20536 7.78265 0.195015 6.5994 0.0998765 -0.056505 -0.0742201
658.401 -7.58433 -0.114914 -6.01384 8.35693 0.0490528 6.62214 0.108887 -0.0581849 0.0154243
658.417 -7.73755 -0.0383047 -6.28197 8.42154 0.105284 6.6329 0.110567 -0.0542143 0.00962113
658.434 -7.66094 0.114914 -6.09044 8.54836 0.239282 6.57667 0.0991129 -0.0383318 -0.0213803
658.45 -7.43111 0.421352 -6.47349 8.26241 0.514457 6.59222 0.090408 -0.0358883 -0.096364
658.467 -7.23959 0.268133 -6.05214 7.80658 0.382851 6.62094 0.0856738 -0.0334449 -0.133779
658.484 -7.27789 -0.114914 -6.16705 7.63669 0.206979 6.64487 0.085063 -0.0300851 -0.120646
658.5 -6.89484 -0.0383047 -6.05214 7.61037 0.09332 6.62931 0.0873537 -0.0273362 -0.0438296
658.517 -6.93315 -0.0383047 -6.01384 7.535 -0.0634098 6.59462 0.089339 -0.0238237 0.0128282
658.533 -6.89484 -0.114914 -6.20536 7.51107 -0.0550349 6.59701 0.0913243 -0.0293215 0.00397062
658.55 -6.70332 -0.268133 -5.97553 7.00977 -0.167498 6.67358 0.0897971 -0.0300851 -0.0166461
658.567 -6.5118 -0.191523 -6.5501 7.0672 -0.302692 6.61974 0.0894917 -0.033903 -0.0618501
658.582 -6.5118 -0.153219 -6.01384 7.27896 -0.106481 6.6664 0.0896445 -0.0357356 -0.057574
658.598 -6.66501 -0.114914 -6.12875 7.37468 -0.0526421 6.60299 0.0908662 -0.0369573 -0.0444404
658.614 -7.16298 -0.153219 -6.09044 7.57328 -0.0143569 6.63888 0.0960585 -0.0380264 0.00259618
658.631 -6.85654 -0.153219 -6.09044 7.64267 -0.0646062 6.62214 0.0959058 -0.0334449 0.0386372
658.648 -6.85654 -0.153219 -6.28197 7.64148 -0.0562313 6.61974 0.100945 -0.0424551 0.0337503
658.664 -6.85654 -0.229828 -6.09044 7.61396 0.0550349 6.6018 0.0916298 -0.0290161 0.021533
658.681 -6.66501 -0.114914 -5.82231 7.42612 -0.166301 6.57667 0.0928515 -0.0403171 -0.0314596
658.697 -6.5501 -0.306437 -6.01384 7.31366 -0.222532 6.64247 0.0896445 -0.0348193 -0.0836885
658.714 -6.24366 -0.612875 -6.12875 7.17368 -0.336191 6.63649 0.0888809 -0.0355829 -0.095295
658.731 -6.32027 -0.536266 -6.16705 7.06002 -0.418744 6.62692 0.0943787 -0.0389426 -0.0827722
658.747 -6.62671 -0.153219 -6.01384 7.37946 -0.147159 6.60299 0.0986547 -0.0426078 -0.0326813
658.764 -6.77993 -0.114914 -6.12875 7.47158 -0.0502493 6.63649 0.101862 -0.0421497 0.00641408
658.78 -6.93315 -0.0766094 -5.86062 7.62473 0.11007 6.60658 0.103083 -0.0464257 0.00916297
658.795 -6.97145 -0.0766094 -5.63079 7.81376 -0.0131605 6.60897 0.0986547 -0.0406225 -0.0111483
658.811 -7.08637 -0.306437 -5.93723 7.84247 -0.0334995 6.58863 0.0977384 -0.0384845 -0.0262672
658.827 -7.43111 -0.229828 -5.59248 8.07816 -0.15673 6.63888 0.0977384 -0.0368046 -0.0406225
658.844 -7.31619 -0.0766094 -5.89892 7.90349 0.141176 6.55035 0.0971275 -0.0355829 -0.0251982
658.861 -6.89484 -0.0383047 -6.24366 7.78026 0.108873 6.64008 0.0949895 -0.033903 0.00992656
658.877 -6.85654 -0.0766094 -6.16705 7.52303 0.0370887 6.59103 0.0983493 -0.0329867 0.00901026
658.894 -6.81823 -0.114914 -6.01384 7.48475 -0.0334995 6.60419 0.0954477 -0.0310014 -0.00855211
658.91 -6.89484 -0.268133 -5.89892 7.60439 -0.133998 6.58624 0.0911716 -0.0293215 -0.0209221
658.926 -7.00976 -0.306437 -6.01384 7.69651 -0.184247 6.59581 0.0920879 -0.0293215 -0.0181732
658.942 -7.12467 -0.383047 -5.78401 7.61994 -0.425922 6.62572 0.0986547 -0.029627 0.00901026
658.957 -6.93315 -0.383047 -5.93723 7.41775 -0.412762 6.6006 0.101556 -0.0337503 0.0325286
658.973 -6.5118 -0.306437 -6.12875 7.29811 -0.407976 6.61855 0.0998765 -0.0282525 0.0450513
658.988 -6.5118 -0.383047 -5.93723 7.25025 -0.247657 6.61855 0.0994183 -0.0282525 0.0474948
659.004 -6.16705 -0.383047 -6.09044 7.23829 -0.254835 6.60299 0.100182 -0.0291688 0.0432187
659.02 -6.32027 -0.383047 -6.05214 7.0672 -0.330209 6.61974 0.103389 -0.0361938 0.0345139
659.035 -6.39688 -0.306437 -6.05214 7.10788 -0.257228 6.62094 0.105527 -0.0416915 0.0229074
659.051 -6.5501 -0.229828 -6.09044 7.15932 -0.218943 6.64845 0.104611 -0.0395535 0.02474
659.066 -6.66501 -0.114914 -6.12875 7.37109 -0.148355 6.61855 0.103389 -0.0398589 0.0467312
659.081 -6.74162 -0.229828 -5.89892 7.39741 -0.0550349 6.58146 0.104153 -0.0447459 0.0684169
659.687 -7.04806 -0.383047 -6.05214 7.69531 -0.372084 6.6329 0.111636 -0.0313068 0.0345139
659.703 -6.77993 -0.497961 -5.82231 7.4321 -0.506082 6.55633 0.110261 -0.0291688 0.0561996
659.72 -6.74162 -0.459656 -5.93723 7.48953 -0.442672 6.49651 0.115759 -0.0369573 0.128129
659.737 -6.5118 -0.612875 -6.05214 7.29452 -0.679561 6.60658 0.113621 -0.0352775 0.190895
659.753 -6.5118 -0.65118 -5.51587 7.54217 -0.695115 6.6329 0.115912 -0.0380264 0.201433
659.77 -6.28197 -0.65118 -6.09044 7.28734 -0.495314 6.55394 0.123395 -0.0467312 0.205403
659.786 -6.58841 -0.612875 -6.09044 7.41416 -0.666401 6.59342 0.115606 -0.0355829 0.194408
659.803 -6.77993 -0.766094 -5.89892 7.44526 -0.790828 6.57428 0.118966 -0.0432187 0.17318
659.82 -6.85654 -0.804398 -5.86062 7.52542 -0.764507 6.56231 0.118813 -0.0426078 0.146608
659.836 -6.81823 -0.65118 -5.97553 7.55892 -0.738185 6.54915 0.112094 -0.0389426 0.0826195
659.853 -6.74162 -0.842703 -6.09044 7.44048 -0.766899 6.57906 0.111025 -0.0423024 0.0351248
659.869 -6.66501 -0.689484 -6.05214 7.4333 -0.71665 6.62333 0.109498 -0.034972 0.00946841
659.887 -6.70332 -0.689484 -5.93723 7.45603 -0.738185 6.57547 0.110872 -0.0384845 0.00473421
659.903 -6.62671 -0.727789 -5.89892 7.52782 -0.638883 6.54796 0.11133 -0.045204 -0.0056505
659.919 -6.74162 -0.804398 -6.28197 7.51107 -0.731007 6.58146 0.105985 -0.0361938 -0.0074831
659.936 -6.81823 -0.536266 -5.93723 7.54816 -0.64008 6.58624 0.109803 -0.0416915 0.0197004
659.952 -7.04806 -0.65118 -5.97553 7.5996 -0.68674 6.59462 0.109039 -0.0364992 0.102625
659.969 -6.66501 -0.842703 -5.93723 7.41894 -0.909272 6.52164 0.116828 -0.0427606 0.131641
659.986 -6.81823 -0.689484 -6.12875 7.7683 -0.837488 6.56471 0.114232 -0.0401644 0.105069
660.002 -6.93315 -0.804398 -5.93723 7.68574 -0.818345 6.57428 0.110414 -0.0389426 0.0846048
660.019 -6.97145 -0.804398 -5.89892 7.70249 -0.787238 6.58624 0.105527 -0.032834 0.03711
660.035 -6.85654 -0.536266 -6.16705 7.58883 -0.634098 6.54796 0.107054 -0.0351248 0.0271835
660.052 -6.74162 -0.727789 -5.89892 7.51705 -0.643669 6.57308 0.10568 -0.0357356 0.0178678
