579.963 5.24774 2.33659 -7.77585 -5.17567 2.49093 8.36171 0.113315 -0.0652099 0.0416915
579.98 4.78809 2.33659 -8.1589 -4.79282 2.81037 8.35334 0.11637 -0.0636827 0.16081
579.996 4.51995 2.33659 -7.96737 -4.57627 2.69073 8.37248 0.123242 -0.0671951 0.367435
580.013 4.78809 2.14506 -7.69924 -4.59302 2.55912 8.34855 0.127518 -0.0700968 0.457538
580.03 4.71148 2.06845 -7.92907 -4.66241 2.32463 8.37846 0.133779 -0.0731511 0.512058
580.046 4.71148 2.03015 -7.81416 -4.99502 2.38325 8.34138 0.127518 -0.0690278 0.385761
580.063 5.20944 2.37489 -8.04398 -5.08116 2.56391 8.36889 0.11973 -0.0638354 0.234114
580.079 5.17113 2.60472 -7.92907 -5.10987 2.88335 8.39521 0.111941 -0.0546724 0.170279
580.096 4.86469 2.4515 -7.69924 -4.88375 2.84865 8.36889 0.101404 -0.0584903 0.0986547
580.113 4.78809 2.37489 -7.96737 -4.3681 2.74098 8.3653 0.103847 -0.0594066 0.110872
580.128 4.25182 2.33659 -7.89076 -4.18146 2.7996 8.36052 0.103847 -0.0566577 0.153938
580.144 3.98369 2.25998 -7.77585 -3.97208 2.69073 8.25284 0.102014 -0.0323759 0.363617
580.16 4.32843 2.4515 -7.92907 -4.05344 2.73858 8.37607 0.0884227 0.0400117 0.679587
580.177 4.25182 2.56641 -7.69924 -4.0678 2.8343 8.40598 0.0632245 0.106291 0.70952
580.194 4.40504 2.64302 -7.96737 -4.11087 3.06162 8.51964 0.0447459 0.138972 0.684932
580.21 4.40504 2.87285 -7.73755 -4.15394 3.14177 8.37129 0.0148135 0.197157 0.680809
580.227 4.44334 2.94946 -7.92907 -4.12642 3.17408 8.38325 0.0111483 0.240528 0.729373
580.243 4.51995 2.68133 -7.69924 -4.21256 2.98026 8.26839 0.0155771 0.257174 0.649197
580.26 4.36673 2.75794 -7.89076 -4.32981 3.07477 8.29591 0.0299324 0.2755 0.472962
580.277 4.0603 2.91116 -7.92907 -3.9661 3.26501 8.34975 0.0412334 0.26145 0.46441
580.293 4.44334 2.87285 -7.92907 -4.22333 3.22911 8.32463 0.0523817 0.237779 0.540463
580.309 4.55826 2.87285 -7.46941 -4.6002 3.23509 8.1344 0.0609338 0.222966 0.566425
580.325 5.05622 2.56641 -7.69924 -4.97827 3.01855 8.0997 0.065668 0.176693 0.515417
580.342 5.43926 2.75794 -7.46941 -5.2989 3.1657 8.15234 0.0762054 0.0878119 0.422566
580.359 5.40096 2.98777 -7.62263 -5.41017 3.27697 8.13799 0.0809396 0.0276416 0.381943
580.375 5.09452 2.87285 -8.1972 -5.11944 3.02692 8.19661 0.0901026 -0.0600175 0.367435
580.392 5.09452 2.75794 -7.66094 -4.98066 3.08195 8.04706 0.0934624 -0.0557414 0.40928
580.408 5.20944 2.68133 -7.69924 -5.0668 2.99462 8.05424 0.100335 -0.052229 0.393092
580.425 5.17113 2.79624 -7.85246 -5.17806 3.12861 8.24686 0.101098 -0.0545197 0.374155
580.442 4.59656 2.87285 -7.3928 -4.58704 3.28176 8.22054 0.104153 -0.0641408 0.363923
580.458 4.67317 2.94946 -7.66094 -4.54756 3.37986 8.1332 0.105985 -0.067806 0.464868
580.475 4.55826 2.87285 -7.77585 -4.58943 3.37866 8.19781 0.106443 -0.0673479 0.542448
580.491 4.55826 2.87285 -7.73755 -4.43151 3.24467 8.19661 0.10797 -0.0719294 0.624609
580.507 4.44334 3.02607 -7.92907 -4.09651 3.34516 8.19302 0.110414 -0.0743728 0.591317
580.524 4.0603 3.21759 -7.85246 -3.98644 3.42293 8.19183 0.111636 -0.0693332 0.550542
580.54 3.94538 3.2559 -7.69924 -3.84167 3.64188 8.21336 0.111636 -0.0682642 0.55268
580.557 4.0603 3.2559 -7.85246 -3.9015 3.56889 8.22771 0.110108 -0.062461 0.534812
580.573 3.94538 3.33251 -7.66094 -3.96849 3.55932 8.21216 0.109498 -0.0540616 0.401338
580.59 4.21351 3.37081 -7.66094 -3.95773 3.61675 8.21216 0.110872 -0.0526871 0.300698
580.607 3.98369 3.44742 -7.77585 -3.78185 3.75314 8.30788 0.10568 -0.0326813 0.115606
580.623 3.83047 3.2559 -7.69924 -3.63948 3.6993 8.17388 0.105985 -0.0358883 0.0661261
580.639 3.86877 3.2942 -7.77585 -3.70887 3.58684 8.14277 0.103389 -0.0264199 0.0803288
580.655 3.86877 3.60064 -7.73755 -3.66221 3.73041 8.07219 0.109498 -0.0277944 0.0638354
580.671 4.48165 3.90708 -7.77585 -4.22692 4.14915 8.25523 0.109498 -0.0117592 -0.108276
580.688 4.36673 4.17521 -8.04398 -4.18863 4.56072 8.34616 0.0977384 -0.00412334 -0.26649
580.704 4.48165 4.17521 -7.58433 -4.15633 4.62652 8.2648 0.0928515 -0.00839939 -0.28619
580.721 5.05622 4.32843 -7.73755 -4.79163 4.7007 8.17149 0.0897971 -0.00671952 -0.264352
580.738 5.40096 3.98369 -7.66094 -5.40419 4.50329 8.24686 0.0833831 -0.0109956 -0.281151
580.754 5.05622 3.94538 -7.73755 -5.22473 4.33938 8.2337 0.0755945 -0.0203113 -0.366977
580.771 4.82639 3.83047 -7.54602 -4.65643 4.18026 8.18106 0.0759 -0.0245873 -0.39523
580.787 5.01791 3.33251 -7.85246 -4.91845 3.80937 8.2337 0.0682642 -0.0174097 -0.400575
580.804 4.51995 2.56641 -7.89076 -4.68036 3.03769 8.25045 0.071013 -0.0300851 -0.361938
580.821 4.0986 2.33659 -7.54602 -4.05583 2.8654 8.27438 0.0771217 -0.0380264 -0.332616
580.837 4.17521 2.41319 -7.62263 -3.83569 2.81515 8.03031 0.0838412 -0.0313068 -0.235336
580.854 4.29012 2.22167 -7.77585 -4.23769 2.65962 8.27079 0.0907135 -0.0287107 -0.154243
580.87 4.21351 2.22167 -8.08229 -4.38604 2.64167 8.24088 0.101404 -0.0467312 -0.0302378
580.886 3.52403 2.64302 -7.77585 -3.6993 2.8343 8.199 0.107207 -0.0453567 0.025809
580.903 4.02199 2.79624 -7.54602 -3.5988 3.00299 7.87477 0.113774 -0.0413861 0.12706
580.919 4.40504 2.71963 -7.77585 -4.27597 3.12263 8.31864 0.11805 -0.043066 0.214414
580.936 4.44334 2.98777 -7.62263 -4.25085 3.25304 8.27797 0.122478 -0.045204 0.254425
580.952 4.36673 3.67725 -7.77585 -4.18505 3.92901 8.13799 0.131031 -0.0516181 0.29291
580.969 4.63487 4.40504 -7.69924 -4.43629 4.63011 8.31147 0.124006 -0.0426078 0.252287
580.986 4.903 4.74978 -8.00568 -4.56431 4.90409 8.34018 0.116217 -0.0404698 0.146302
581.002 4.67317 4.67317 -7.92907 -4.54397 5.1673 8.20977 0.11805 -0.0461203 0.101862
581.019 4.71148 3.98369 -7.81416 -4.62652 4.49013 8.20499 0.11805 -0.0534507 0.064599
581.035 4.63487 3.52403 -8.04398 -4.05464 3.97687 8.17508 0.0949895 -0.0410807 0.0584903
581.051 3.83047 3.52403 -7.92907 -3.81177 3.87757 8.24088 0.0896445 -0.0400117 0.0670424
581.068 3.90708 3.37081 -7.69924 -3.57009 3.79621 8.15952 0.0867428 -0.0374155 0.115301
581.084 3.94538 3.10268 -7.81416 -3.68614 3.4337 8.16072 0.0897971 -0.0383318 0.161421
581.101 3.90708 3.2559 -8.00568 -3.83569 3.47797 8.2337 0.101556 -0.0400117 0.162185
581.117 4.0986 3.63894 -7.77585 -3.98285 3.90987 8.17508 0.0998765 -0.0325286 0.160505
581.134 4.0603 3.40912 -7.89076 -3.90509 3.82253 8.2325 0.109498 -0.03711 0.167072
581.151 4.21351 3.44742 -7.81416 -3.98524 3.78903 8.19063 0.11133 -0.0387899 0.155465
581.167 4.25182 3.44742 -7.73755 -3.80578 3.8668 8.2002 0.113926 -0.0297797 0.0934624
581.184 4.17521 3.40912 -7.96737 -3.96969 3.81177 8.18225 0.131947 -0.0284052 0.0525344
581.2 4.13691 3.33251 -7.73755 -4.07976 3.76511 8.16191 0.169515 -0.0308487 -0.00137445
581.217 4.36673 3.37081 -7.62263 -4.25444 3.78185 8.34258 0.212428 -0.0264199 -0.0216857
581.234 4.29012 3.44742 -7.50772 -4.22453 3.76869 8.20259 0.242361 -0.02474 -0.00458149
581.249 4.32843 3.40912 -7.89076 -4.17906 3.82014 8.29591 0.298255 -0.0337503 0.0409279
581.266 4.32843 3.52403 -7.81416 -4.28674 3.76391 8.37248 0.339794 -0.0392481 0.0552833
581.282 4.36673 3.37081 -8.08229 -4.30349 3.71725 8.44547 0.354913 -0.0644463 0.00381791
581.299 4.36673 3.37081 -8.00568 -4.35254 3.62154 8.44547 0.379042 -0.0824668 0.00503964
581.316 4.67317 3.63894 -8.1972 -4.60259 4.04387 8.29352 0.386372 -0.10736 0.115301
581.332 4.51995 4.25182 -8.00568 -4.34536 4.68275 8.44905 0.380111 -0.142637 0.304363
581.349 4.48165 4.78809 -7.81416 -4.16351 5.0656 8.48614 0.365297 -0.159894 0.371864
581.365 4.36673 4.97961 -7.62263 -4.18265 5.35274 8.19781 0.284969 -0.159741 0.259618
581.382 4.17521 4.903 -6.89484 -3.96132 5.04766 7.24786 0.18158 -0.173333 -0.0928515
581.399 4.13691 4.36673 -6.5118 -4.29033 4.86102 7.0325 0.125533 -0.188757 -0.328493
581.415 3.90708 4.17521 -7.04806 -3.9996 4.51765 7.33161 0.111025 -0.198684 -0.310778
581.432 3.56234 4.25182 -7.20128 -3.54138 4.57986 7.58883 0.0896445 -0.22434 -0.197309
581.447 3.48573 4.25182 -7.23959 -3.41695 4.53918 7.70728 0.0717766 -0.231518 -0.121104
581.464 3.17929 4.32843 -8.00568 -3.19202 4.59422 7.96451 0.0612392 -0.226631 -0.0888809
581.48 3.2942 4.25182 -7.96737 -3.04008 4.64447 8.31984 0.0442877 -0.199906 -0.0250455
581.496 3.17929 4.17521 -8.1589 -3.01256 4.68873 8.63809 0.0074831 -0.144775 0.0303905
581.513 3.17929 4.21351 -7.81416 -2.87976 4.58584 8.41675 -0.0167988 -0.107512 0.0337503
581.53 3.17929 3.98369 -7.46941 -2.84507 4.37408 7.86401 -0.0578795 -0.0138972 -0.0603229
581.546 3.14098 3.86877 -7.58433 -2.93121 4.25204 7.95613 -0.0830777 0.0671951 -0.163865
581.563 3.06437 3.79216 -7.81416 -2.8319 4.09771 8.21815 -0.0792598 0.136986 -0.193644
581.579 3.21759 3.71555 -7.81416 -2.91805 4.08455 8.27079 -0.0699441 0.160047 -0.170889
581.596 3.48573 3.60064 -7.54602 -3.12263 3.94098 8.15234 -0.0426078 0.200058 -0.120493
581.613 3.56234 3.33251 -7.54602 -3.39063 3.67059 8.01117 -0.0100793 0.235794 -0.115759
581.628 3.86877 3.2942 -7.66094 -3.5677 3.57488 8.09133 0.00794125 0.267406 -0.152716
581.645 4.25182 3.37081 -7.50772 -3.97328 3.69212 7.95613 0.0404698 0.281303 -0.180816
581.661 4.48165 3.44742 -7.16298 -4.38724 3.80578 7.78026 0.0671951 0.289245 -0.219301
581.678 4.55826 3.48573 -7.3545 -4.52483 3.85125 7.86281 0.0856738 0.288634 -0.197309
581.695 4.82639 3.33251 -8.50364 -4.52483 3.73878 8.52802 0.0942259 0.284663 -0.174555
581.711 4.9413 3.44742 -7.81416 -4.74855 3.85364 8.88215 0.11133 0.261908 -0.113315
581.728 4.86469 3.56234 -7.81416 -5.11466 3.93141 8.30309 0.13775 0.200211 -0.0844521
581.744 5.43926 3.60064 -7.58433 -5.33958 3.95892 8.12243 0.14279 0.118202 -0.095295
581.761 5.47757 3.94538 -7.69924 -5.55853 4.21136 8.17029 0.14111 0.0673479 -0.109345
581.778 5.47757 4.13691 -7.58433 -5.25942 4.45424 7.97049 0.116217 -0.0160352 -0.151953
581.794 5.32435 3.90708 -7.58433 -4.61695 4.21017 8.01236 0.0968221 -0.0313068 -0.217773
581.811 4.59656 3.86877 -7.69924 -4.55713 4.17069 7.93699 0.0980438 -0.0358883 -0.24343
581.827 4.63487 3.94538 -7.58433 -4.46022 4.34417 8.0339 0.10232 -0.0229074 -0.236558
581.843 4.51995 3.75386 -7.58433 -4.2688 4.16112 7.98963 0.0956004 -0.0212276 -0.230602
581.86 4.59656 3.79216 -7.58433 -4.26401 4.04267 7.99322 0.0960585 -0.0244346 -0.263741
581.876 4.55826 3.60064 -7.66094 -4.3657 3.93978 8.01117 0.0972803 -0.0195477 -0.30024
581.893 4.48165 3.67725 -7.46941 -4.29272 4.04148 7.99083 0.098502 -0.0235183 -0.360105
581.909 4.21351 3.60064 -7.46941 -4.17787 4.07139 7.9992 0.0978911 -0.0190895 -0.342543
581.926 4.21351 3.63894 -7.73755 -4.24606 4.03669 7.9992 0.0962113 -0.0174097 -0.313374
581.943 4.40504 3.71555 -7.66094 -4.43509 4.00798 7.98963 0.095295 -0.0201585 -0.276264
581.959 4.44334 3.63894 -7.62263 -4.56431 3.95892 7.99203 0.0960585 -0.0212276 -0.300546
581.976 4.9413 3.71555 -7.81416 -4.6672 3.96491 7.98485 0.0954477 -0.0331394 -0.361632
581.991 5.01791 3.67725 -7.58433 -5.11106 3.96491 7.91545 0.0939205 -0.0500909 -0.417679
582.008 5.47757 3.44742 -7.54602 -5.36949 3.76032 7.92503 0.091477 -0.0948368 -0.552222
582.025 5.43926 3.37081 -7.46941 -5.39103 3.75793 7.96211 0.0868956 -0.137292 -0.601855
582.041 5.13283 3.33251 -8.00568 -5.28694 3.67298 7.96211 0.0833831 -0.155007 -0.629038
582.058 4.97961 3.44742 -7.62263 -5.0321 3.80219 7.99801 0.0855211 -0.204793 -0.462425
582.074 4.86469 3.40912 -7.58433 -4.79282 3.80698 8.05783 0.0852157 -0.224798 -0.218384
582.091 4.82639 3.44742 -7.69924 -4.70548 3.7986 8.10329 0.0725402 -0.224187 -0.198073
582.108 4.903 3.33251 -7.23959 -4.68514 3.62034 8.08535 0.0691805 -0.224951 -0.269239
582.124 4.97961 3.17929 -7.62263 -4.72822 3.51506 8.14277 0.053298 -0.217315 -0.572075
582.141 4.63487 3.2559 -7.69924 -4.6337 3.56889 8.08295 0.06353 -0.230907 -0.589485
582.157 4.48165 3.17929 -7.66094 -4.51884 3.61914 8.12363 0.0711658 -0.236252 -0.332769
582.174 4.02199 3.2942 -7.58433 -4.1348 3.49711 8.14995 0.0923933 -0.239154 -0.238696
582.191 3.94538 3.06437 -7.73755 -3.79502 3.37747 8.14038 0.10797 -0.210901 -0.169362
582.207 4.0603 2.98777 -7.85246 -3.667 3.35952 8.17867 0.120493 -0.151953 -0.124464
582.224 3.98369 3.10268 -7.85246 -3.62752 3.39781 8.18584 0.127518 -0.123395 -0.0972803
582.239 4.0986 3.2559 -7.62263 -3.82612 3.55813 8.13799 0.131031 -0.0580322 -0.0824668
582.255 4.0603 3.21759 -7.62263 -3.85843 3.59402 8.06142 0.124464 -0.0158825 -0.164781
582.272 4.29012 3.37081 -7.31619 -3.88953 3.63829 7.92263 0.122784 0.0018326 -0.242055
582.288 3.94538 3.44742 -7.31619 -3.96012 3.66461 7.69771 0.118966 0.0494801 -0.403934
582.305 4.48165 3.37081 -7.20128 -4.10847 3.69571 7.59362 0.107207 0.101098 -0.649502
582.322 4.63487 3.44742 -7.46941 -4.17188 3.77468 7.73121 0.08827 0.144928 -0.836427
582.338 4.36673 3.2559 -7.62263 -4.34656 3.7328 7.93938 0.0766636 0.162185 -0.876744
582.355 4.44334 3.06437 -8.23551 -4.39801 3.62393 8.71466 0.0581849 0.189368 -0.744339
582.371 4.82639 2.98777 -8.35042 -4.71864 3.58804 8.51844 0.0540616 0.185245 -0.270919
582.388 4.903 3.17929 -8.00568 -5.10987 3.59641 8.28275 0.0491747 0.174707 -0.14676
582.405 5.93723 2.79624 -8.00568 -5.8325 3.21236 8.32224 0.0470366 0.12034 -0.18326
582.421 5.93723 2.4898 -7.62263 -6.25603 2.93958 8.08535 0.0630718 0.0259618 -0.254883
582.438 5.78401 2.4515 -7.69924 -6.05623 2.75414 8.05065 0.0899499 -0.0310014 -0.347277
582.454 5.59248 2.79624 -7.50772 -5.42094 3.00419 7.95733 0.0960585 -0.0299324 -0.396604
582.478 5.66909 2.68133 -7.62263 -5.6674 3.06042 8.06261 0.0905607 -0.0241292 -0.443335
582.494 5.66909 2.79624 -7.58433 -5.51186 3.0652 8.08654 0.0939205 -0.0392481 -0.372017
582.511 5.05622 2.83455 -7.62263 -5.07876 3.21476 8.01236 0.0930042 -0.0363465 -0.338114
582.528 5.13283 2.83455 -7.54602 -4.9675 3.0987 8.02193 0.0943787 -0.0372628 -0.330783
582.544 5.09452 2.79624 -7.3928 -4.82991 2.98145 8.06381 0.0916298 -0.0358883 -0.387747
582.56 4.97961 2.64302 -8.1589 -4.75693 3.00897 8.02433 0.0911716 -0.0310014 -0.426231
582.576 5.01791 2.60472 -7.62263 -4.80718 2.94317 8.01954 0.0907135 -0.0294742 -0.526413
582.593 4.86469 2.60472 -7.46941 -4.88853 2.92642 8.00997 0.0885754 -0.0232129 -0.567799
582.609 4.82639 2.4515 -7.66094 -4.84666 2.92522 8.02074 0.0931569 -0.0271835 -0.551306
582.625 5.09452 2.52811 -7.43111 -4.90648 3.01376 8.05424 0.0936151 -0.0268781 -0.446848
582.642 5.17113 2.56641 -7.58433 -5.09312 2.96351 8.04586 0.0923933 -0.0297797 -0.326355
582.658 5.01791 2.4515 -7.62263 -5.06441 2.84626 8.04826 0.0916298 -0.033903 -0.233198
582.675 5.05622 2.64302 -7.62263 -4.95553 2.88215 8.04108 0.0966694 -0.0375682 -0.184023
582.692 5.36266 2.4515 -7.27789 -5.08475 2.85583 8.03749 0.0965167 -0.0345139 -0.0846048
582.708 5.86062 2.60472 -7.62263 -5.35155 2.57109 8.01954 0.0910189 -0.0403171 -0.105832
582.725 5.63079 2.25998 -7.46941 -5.6997 2.54237 7.89392 0.054367 -0.0862847 -0.907898
582.741 5.66909 2.18337 -7.58433 -5.73081 2.49811 7.9657 0.0491747 -0.112246 -1.06397
582.758 5.51587 2.33659 -7.43111 -5.74277 2.73858 7.87956 0.0563523 -0.180205 -0.803746
582.775 5.63079 2.37489 -7.46941 -5.52861 2.72303 7.97049 0.0592539 -0.232281 -0.687223
582.791 5.63079 2.06845 -7.66094 -5.44606 2.64048 8.0674 0.0594066 -0.247706 -0.667523
582.808 5.43926 2.10676 -7.81416 -5.38983 2.58305 8.10807 0.0612392 -0.27382 -0.418443
582.823 5.63079 2.06845 -7.69924 -5.30489 2.4335 8.17867 0.0652099 -0.275347 -0.355523
582.84 5.51587 1.95354 -7.96737 -5.28814 2.34257 8.27318 0.0594066 -0.265421 -0.514807
582.857 5.28605 1.80032 -8.00568 -5.00818 2.11047 8.39761 0.0653626 -0.253051 -0.534507
582.873 4.51995 1.76202 -7.62263 -4.26999 2.07817 8.20858 0.0881173 -0.182954 -0.499382
582.89 4.48165 2.10676 -8.12059 -4.1659 2.45743 8.21575 0.102778 -0.0722348 -0.52229
582.906 5.01791 2.22167 -7.69924 -4.59541 2.68235 8.17986 0.0913243 -0.0242819 -0.534202
582.923 5.01791 1.91523 -7.89076 -5.39342 2.39163 8.2349 0.0714712 -0.00946841 -0.56337
582.94 5.20944 1.91523 -7.85246 -5.10867 2.25643 8.18824 0.0765108 -0.0250455 -0.517403
582.956 5.09452 1.91523 -7.77585 -5.07278 2.26361 8.14516 0.078038 -0.0171042 -0.458149
582.973 5.13283 1.68541 -7.77585 -5.14337 2.11645 8.1667 0.0794125 -0.0192422 -0.41661
582.988 5.24774 1.72371 -8.27381 -5.28215 2.04706 8.25165 0.0844521 -0.0233656 -0.279929
583.004 5.28605 1.72371 -7.89076 -5.29412 2.05663 8.24327 0.0890336 -0.0308487 -0.16753
583.021 5.47757 1.41727 -7.77585 -5.25822 1.8987 8.17388 0.08827 -0.0297797 -0.154702
583.037 5.28605 1.68541 -7.77585 -5.32403 1.87238 8.22293 0.0902553 -0.0282525 -0.180053
583.054 5.24774 1.53219 -7.81416 -5.19601 1.98485 8.18943 0.0965167 -0.0326813 -0.165544
583.07 5.32435 1.83862 -8.23551 -5.19123 2.10808 8.2014 0.0951423 -0.030696 -0.136223
583.085 5.32435 1.6471 -7.81416 -5.26301 2.02433 8.20738 0.0962113 -0.0375682 -0.0934624
583.102 5.24774 1.53219 -8.12059 -5.21276 1.94776 8.17268 0.098502 -0.0305433 -0.0615447
583.118 5.17113 1.6088 -7.85246 -5.1984 2.02193 8.17867 0.0997237 -0.0332921 0.0261145
583.135 4.86469 1.6471 -7.96737 -5.15892 2.11765 8.2014 0.108123 -0.0410807 0.101709
583.152 5.09452 1.68541 -7.69924 -5.08475 2.07697 8.18704 0.114079 -0.045204 0.318108
583.168 4.86469 1.80032 -7.3928 -4.88853 2.09731 8.21455 0.125533 -0.0497855 0.493426
583.185 4.82639 1.91523 -7.85246 -4.78325 2.18106 8.20738 0.12538 -0.0476475 0.53695
583.201 4.97961 1.91523 -7.81416 -4.79521 2.25643 8.20738 0.122631 -0.0429133 0.544892
583.218 5.13283 1.87693 -7.69924 -4.98903 2.17986 8.20738 0.123089 -0.0413861 0.481362
583.235 5.43926 2.03015 -7.54602 -5.13858 2.1679 8.18824 0.120035 -0.0326813 0.379805
583.251 5.36266 1.99184 -7.77585 -5.22712 2.25404 8.20259 0.115912 -0.0308487 0.328035
583.268 5.36266 1.99184 -7.54602 -5.24387 2.3653 8.20499 0.11301 -0.0334449 0.257938
583.284 5.24774 2.10676 -7.69924 -5.25224 2.46221 8.20977 0.11133 -0.0308487 0.246179
583.301 5.7074 2.03015 -7.62263 -5.24865 2.44187 8.199 0.112857 -0.0331394 0.247248
583.317 5.32435 2.06845 -7.81416 -5.27139 2.29591 8.1679 0.115148 -0.0372628 0.235794
583.333 5.05622 2.25998 -7.73755 -5.17208 2.48734 8.22891 0.111941 -0.0345139 0.179289
583.35 5.17113 2.22167 -7.73755 -5.1685 2.56032 8.22174 0.106749 -0.0313068 0.11301
583.366 5.24774 2.37489 -7.77585 -5.12184 2.60818 8.22532 0.104 -0.0297797 0.0815505
583.383 5.09452 2.33659 -7.73755 -4.94357 2.6345 8.17149 0.100793 -0.0313068 0.0111483
583.4 5.13283 2.18337 -7.81416 -4.94118 2.66082 8.21336 0.0981966 -0.0261145 -0.0302378
583.416 5.20944 2.33659 -7.77585 -5.07398 2.72542 8.17627 0.0969748 -0.0242819 -0.0369573
583.433 5.01791 2.18337 -7.69924 -4.96152 2.62014 8.2002 0.0957531 -0.0244346 -0.0198531
583.449 5.01791 2.10676 -7.73755 -4.934 2.44307 8.15234 0.0936151 -0.0198531 -0.0244346
583.465 4.97961 1.99184 -7.73755 -5.0333 2.34855 8.19422 0.0962113 -0.0238237 -0.0342084
583.481 5.13283 2.06845 -7.69924 -5.05603 2.40239 8.1679 0.0975857 -0.0253509 -0.0390954
583.497 5.13283 2.10676 -7.81416 -5.0333 2.57587 8.19422 0.0957531 -0.0230602 -0.0166461
583.514 5.13283 2.06845 -7.69924 -5.04048 2.58903 8.20738 0.0978911 -0.0235183 0.00244346
583.53 5.17113 2.14506 -7.81416 -5.06201 2.47418 8.19542 0.0954477 -0.0186314 0.00244346
583.547 5.17113 2.22167 -7.73755 -4.94357 2.61057 8.18824 0.0946841 -0.0190895 -0.00488692
583.564 4.82639 2.37489 -7.85246 -4.88494 2.76491 8.17388 0.0997237 -0.0251982 0.00534507
583.58 4.903 2.41319 -7.81416 -4.88494 2.77807 8.19302 0.096364 -0.0218384 0.0285579
583.597 4.903 2.29828 -7.69924 -4.81555 2.7338 8.19422 0.0971275 -0.0221439 0.0374155
583.613 5.01791 2.29828 -7.77585 -4.86819 2.668 8.18345 0.0988074 -0.0218384 0.0458149
583.63 4.86469 2.4898 -7.69924 -4.89093 2.68116 8.18824 0.0968221 -0.0190895 0.0439823
583.647 4.9413 2.29828 -7.66094 -4.84666 2.65244 8.18106 0.0926988 -0.0143553 0.0407752
583.663 4.78809 2.22167 -7.66094 -4.8658 2.54477 8.17268 0.0923933 -0.0152716 0.0320704
583.68 4.97961 2.06845 -7.66094 -4.92084 2.35693 8.17388 0.0939205 -0.0106901 0.0181732
583.696 5.13283 2.03015 -7.69924 -4.96869 2.3665 8.15833 0.0981966 -0.0131336 0.0189368
583.712 5.36266 2.10676 -8.04398 -5.14337 2.3653 8.16072 0.101098 -0.0135917 0.0300851
583.728 5.24774 2.25998 -7.77585 -5.05962 2.55314 8.15115 0.106901 -0.0192422 0.0763581
583.744 4.78809 2.25998 -7.81416 -4.9005 2.61894 8.13799 0.106443 -0.0138972 0.117439
583.761 4.86469 2.29828 -7.77585 -4.67438 2.668 8.17508 0.108581 -0.0146608 0.112552
583.778 4.40504 2.33659 -7.54602 -4.27717 2.55194 8.18106 0.114079 0.0224493 0.0673479
583.794 4.97961 2.56641 -7.85246 -4.78445 2.78285 8.25045 0.139888 0.0940732 0.0203113
583.811 6.05214 2.14506 -8.08229 -5.51904 2.65484 8.22891 0.150273 0.127213 -0.00167988
583.827 5.13283 1.34066 -7.81416 -5.25224 1.72164 8.16431 0.192423 0.142026 0.055436
583.844 5.28605 1.41727 -7.04806 -4.60259 1.69053 7.69172 0.275806 0.200364 0.11973
583.861 4.55826 1.95354 -7.27789 -4.6014 2.40239 7.27657 0.354302 0.282983 0.380874
583.877 4.67317 2.25998 -7.23959 -4.47936 2.4335 7.42612 0.37614 0.336434 0.554207
583.894 4.67317 2.56641 -7.50772 -4.3992 2.70748 7.84726 0.407905 0.409738 0.670119
583.91 4.59656 2.79624 -8.61855 -4.62413 2.85224 9.08315 0.403171 0.468992 0.327118
583.927 6.24366 3.21759 -7.31619 -5.4987 3.17288 8.64646 0.347888 0.420733 -0.105985
583.943 7.3928 4.36673 -7.08637 -7.19522 4.42911 7.73599 0.281303 0.289855 -0.131947
583.959 7.77585 3.90708 -7.20128 -7.84367 4.52722 7.56491 0.11973 0.00885754 -0.19227
583.975 6.66501 3.71555 -7.58433 -6.78006 4.45185 8.11286 0.0934624 -0.0525344 -0.121257
583.991 6.32027 3.10268 -7.23959 -5.73559 3.76152 7.61396 0.074831 -0.0598648 -0.0536034
584.008 5.20944 2.94946 -6.97145 -5.07637 3.29252 7.64387 0.0875064 -0.0401644 0.100793
584.025 5.20944 3.02607 -7.3928 -5.60159 3.36072 7.75513 0.0942259 -0.0169515 0.148135
584.04 5.40096 2.75794 -7.50772 -5.48554 3.27697 8.0004 0.0887282 -0.0203113 0.133474
584.056 5.09452 2.56641 -7.12467 -4.88016 2.87258 7.82453 0.0836885 -0.0386372 0.0679587
584.072 5.20944 2.56641 -7.23959 -5.06201 2.81396 7.71446 0.090408 -0.0294742 -0.0203113
584.089 5.51587 2.56641 -6.97145 -5.40538 2.8678 7.79462 0.0930042 -0.0235183 -0.0581849
584.106 5.66909 2.52811 -7.31619 -5.63151 2.94437 7.8018 0.0951423 -0.0300851 -0.101556
584.122 5.40096 2.56641 -7.23959 -5.47238 2.91924 7.77547 0.0980438 -0.033903 -0.0910189
584.139 5.51587 2.87285 -7.3545 -5.44247 3.26261 7.79222 0.101251 -0.0326813 -0.0323759
584.155 5.36266 2.87285 -7.43111 -5.42572 3.38465 7.81735 0.0956004 -0.0279471 0.000763581
584.172 5.28605 2.98777 -7.27789 -5.24028 3.32841 7.79821 0.0949895 -0.0372628 0.0589485
584.19 5.17113 3.02607 -7.50772 -5.135 3.37986 7.7671 0.0962113 -0.0335976 0.0980438
584.205 5.17113 2.98777 -7.23959 -5.07757 3.32004 7.79222 0.095295 -0.030696 0.101556
584.221 5.05622 2.91116 -7.3545 -5.07039 3.29611 7.81137 0.0968221 -0.0358883 0.0901026
584.238 5.09452 2.87285 -7.31619 -4.92443 3.17647 7.79103 0.0919352 -0.0285579 0.0644463
584.253 5.01791 2.75794 -7.3928 -4.88494 3.07358 7.76351 0.0957531 -0.0256563 0.0310014
584.271 4.97961 2.68133 -7.3545 -4.84188 2.95513 7.78744 0.0960585 -0.0218384 0.00687223
584.286 5.17113 2.68133 -7.3928 -5.03928 3.0006 7.79342 0.0943787 -0.0151189 -0.0491747
584.303 5.32435 2.75794 -7.3928 -5.15653 3.03888 7.82692 0.0998765 -0.0178678 -0.102931
584.321 5.43926 2.87285 -6.89484 -5.22473 3.10349 7.80539 0.10232 -0.0198531 -0.111788
584.337 5.47757 2.79624 -7.3545 -5.39701 3.22433 7.77906 0.101709 -0.0177151 -0.0917825
584.353 5.43926 2.94946 -7.31619 -5.39462 3.25902 7.78385 0.0998765 -0.0187841 -0.0574213
584.369 5.28605 2.87285 -7.43111 -5.33958 3.24945 7.77906 0.10232 -0.021533 -0.0253509
584.386 5.09452 2.75794 -7.16298 -5.14696 3.22433 7.78385 0.102625 -0.0184787 -0.0135917
584.404 5.09452 2.83455 -7.50772 -5.04646 3.21117 7.7336 0.100182 -0.0175624 -0.00534507
584.419 5.24774 3.06437 -7.31619 -5.19242 3.30209 7.82453 0.104458 -0.0221439 -0.0116064
584.437 5.20944 3.10268 -7.3545 -5.21157 3.38704 7.68096 0.103389 -0.0212276 -0.0308487
584.453 5.05622 3.10268 -7.23959 -5.27976 3.42772 7.81256 0.103236 -0.0221439 -0.044135
584.47 5.66909 3.14098 -7.3545 -5.49631 3.52463 7.76231 0.100182 -0.0183259 -0.0623082
584.486 5.51587 3.21759 -6.81823 -5.59561 3.54138 7.74437 0.0969748 -0.0216857 -0.0742201
584.501 6.09044 3.40912 -7.27789 -5.98804 3.70768 7.73839 0.0934624 -0.0197004 -0.0879646
584.518 6.28197 3.21759 -7.20128 -6.13998 3.59402 7.74556 0.0942259 -0.0345139 -0.112246
584.535 6.01384 3.10268 -7.27789 -6.00598 3.41216 7.73958 0.0939205 -0.0375682 -0.11637
584.551 5.82231 3.10268 -7.27789 -5.92104 3.37866 7.74676 0.0923933 -0.0389426 -0.113926
584.567 5.78401 2.87285 -7.16298 -5.54297 3.18365 7.75872 0.0907135 -0.0433714 -0.099571
584.583 5.17113 2.64302 -7.3928 -5.09073 2.97428 7.75274 0.0946841 -0.0448986 -0.0887282
584.6 4.903 2.4898 -7.54602 -4.89691 2.84865 7.78744 0.0942259 -0.0406225 -0.0846048
584.616 4.71148 2.41319 -7.23959 -4.62532 2.76969 7.79103 0.0969748 -0.0390954 -0.0807869
584.633 4.48165 2.41319 -6.93315 -4.37049 2.81396 7.79821 0.102778 -0.0319177 -0.0720821
584.649 4.59656 2.64302 -7.3545 -4.34895 2.88455 7.80299 0.103389 -0.0248928 -0.0642935
584.664 4.78809 2.87285 -7.27789 -4.48893 3.09751 7.77787 0.105832 -0.0233656 -0.0571159
584.681 4.82639 3.06437 -7.27789 -4.7342 3.34875 7.78505 0.104458 -0.0158825 -0.0264199
584.697 4.903 3.17929 -7.50772 -4.89571 3.54138 7.71446 0.105069 -0.0166461 0.0216857
584.714 4.97961 3.14098 -7.50772 -5.05723 3.44327 7.85563 0.105069 -0.0167988 0.043066
584.731 5.43926 3.33251 -7.43111 -5.28814 3.57966 7.65823 0.100335 -0.0148135 0.0456622
584.747 5.66909 3.06437 -7.3545 -5.56929 3.43848 7.78265 0.098502 -0.011301 0.0351248
584.764 5.7457 2.91116 -7.31619 -5.57049 3.28056 7.74317 0.0986547 -0.0157298 0.00962113
584.78 5.51587 2.75794 -7.23959 -5.49512 3.16092 7.76949 0.0966694 -0.0172569 0.00290161
584.797 5.24774 2.64302 -6.93315 -5.30369 3.05085 7.74317 0.0965167 -0.0103847 -0.00824668
584.814 5.28605 2.52811 -7.3928 -5.21157 2.97787 7.7348 0.103542 -0.0183259 -0.0222966
584.83 5.01791 2.68133 -7.08637 -5.068 2.98145 7.76351 0.106596 -0.019395 -0.0488692
584.847 4.78809 2.64302 -7.3545 -4.73181 3.00419 7.74556 0.108734 -0.0192422 -0.0659734
584.864 4.67317 2.79624 -7.43111 -4.60379 3.09751 7.76231 0.107512 -0.00626137 -0.0824668
584.881 4.71148 2.91116 -7.77585 -4.58106 3.23031 7.76471 0.111788 -0.00839939 -0.0890336
584.897 4.48165 2.87285 -7.20128 -4.53559 3.31047 7.75035 0.110108 0.000458149 -0.0891863
584.912 4.63487 3.02607 -7.27789 -4.51645 3.4014 7.74317 0.11301 -0.000305433 -0.102931
584.929 4.78809 3.10268 -7.12467 -4.5344 3.48156 7.77787 0.110414 0.00870483 -0.11637
584.946 4.71148 3.14098 -7.3545 -4.52483 3.47677 7.76949 0.107512 0.0129809 -0.127671
584.962 4.86469 2.98777 -7.23959 -4.599 3.399 7.71565 0.107665 0.00870483 -0.130572
584.979 5.05622 2.91116 -7.23959 -4.88734 3.29611 7.72164 0.104 0.0242819 -0.115606
584.995 5.13283 2.83455 -7.27789 -5.05962 3.20518 7.69531 0.106291 0.0216857 -0.0943787
585.012 5.09452 2.71963 -7.31619 -5.04526 3.10827 7.69531 0.105069 0.0259618 -0.0807869
585.029 4.9413 2.37489 -7.20128 -5.05962 2.85224 7.67856 0.110567 0.0238237 -0.0572686
585.045 5.05622 2.37489 -7.50772 -4.94118 2.75055 7.69053 0.11301 0.0311541 -0.0442877
585.062 4.9413 2.29828 -7.23959 -4.79761 2.75175 7.68574 0.118966 0.0314596 -0.0416915
585.078 4.9413 2.64302 -7.08637 -4.69472 2.8666 7.66421 0.12034 0.03711 -0.0503964
585.095 4.82639 2.91116 -7.23959 -4.66361 3.12861 7.67617 0.125075 0.0426078 -0.057574
585.112 4.82639 2.94946 -7.20128 -4.64806 3.41934 7.64626 0.125686 0.043066 -0.0537561
585.128 4.97961 3.10268 -7.20128 -4.74496 3.4349 7.63071 0.124464 0.0491747 -0.0613919
585.145 5.13283 3.2559 -7.23959 -5.04407 3.40738 7.62233 0.121409 0.0566577 -0.0734565
585.161 5.43926 3.2942 -7.16298 -5.25942 3.57607 7.62114 0.123395 0.0571159 -0.106443
585.178 5.55418 3.2942 -6.85654 -5.52144 3.69212 7.59362 0.12034 0.0591012 -0.151036
585.195 5.82231 3.40912 -7.12467 -5.65543 3.68136 7.55892 0.121257 0.0545197 -0.17486
585.211 6.01384 3.2559 -7.08637 -5.70329 3.58684 7.62114 0.113315 0.0540616 -0.197615
585.228 5.66909 2.94946 -7.46941 -5.53101 3.32961 7.51346 0.112399 0.0514654 -0.190437
585.244 5.63079 2.68133 -7.12467 -5.53699 3.18365 7.54576 0.112705 0.0526871 -0.186772
585.261 5.47757 2.37489 -7.16298 -5.47119 2.84267 7.56849 0.112552 0.0542143 -0.188299
585.278 5.47757 2.33659 -7.08637 -5.35513 2.77807 7.53141 0.119119 0.0577268 -0.196546
585.294 5.55418 2.52811 -7.16298 -5.48554 3.00538 7.52303 0.122784 0.0563523 -0.187383
585.311 5.86062 2.87285 -7.08637 -5.58125 3.04367 7.51585 0.124464 0.0566577 -0.152105
585.327 5.7074 2.68133 -7.20128 -5.55972 3.08913 7.57208 0.122478 0.0581849 -0.124311
585.344 5.86062 2.75794 -7.00976 -5.78465 3.08076 7.47039 0.121868 0.0612392 -0.0940732
585.361 5.89892 2.83455 -6.93315 -5.90189 3.28056 7.49312 0.125533 0.0514654 -0.0775799
585.377 6.05214 3.17929 -6.89484 -5.8995 3.44327 7.46321 0.128587 0.0493274 -0.0653626
585.394 5.7457 3.06437 -6.89484 -5.75234 3.48036 7.44407 0.123089 0.0557414 -0.0539089
585.41 5.97553 2.98777 -6.93315 -5.89472 3.2985 7.4668 0.120035 0.0545197 -0.0418443
585.427 6.09044 2.56641 -6.89484 -5.90309 3.18844 7.401 0.120646 0.0488692 -0.0926988
585.444 6.01384 2.29828 -6.81823 -5.91505 2.79721 7.45723 0.11973 0.0539089 -0.120188
585.46 6.01384 2.4898 -6.93315 -5.72841 2.7996 7.45603 0.128434 0.0500909 -0.13439
585.477 5.59248 2.33659 -6.89484 -5.52503 2.7326 7.40818 0.133016 0.0479529 -0.114995
585.493 5.40096 2.10676 -7.04806 -5.4006 2.42632 7.2658 0.131641 0.0484111 -0.116523
585.51 5.24774 2.25998 -7.3928 -5.24626 2.45025 7.39262 0.133169 0.0572686 -0.11973
585.527 5.17113 2.56641 -7.00976 -5.07757 2.90369 7.43809 0.145997 0.0568105 -0.0781907
585.543 5.28605 2.94946 -6.62671 -5.05364 3.29252 7.41894 0.147982 0.0569632 -0.0418443
585.56 5.09452 2.87285 -7.00976 -5.2343 3.24706 7.38066 0.149662 0.0514654 -0.0273362
585.576 5.43926 3.06437 -7.08637 -5.17448 3.34277 7.33639 0.152258 0.057574 0.0219911
585.593 5.13283 3.14098 -6.85654 -5.10628 3.48395 7.3352 0.147218 0.0647517 0.0143553
585.61 5.36266 3.06437 -7.08637 -5.10748 3.42772 7.31007 0.144164 0.0754418 -0.0418443
585.626 5.66909 3.2942 -6.77993 -5.44486 3.51625 7.28136 0.146608 0.0824668 -0.0720821
585.643 5.59248 3.17929 -6.77993 -5.96291 3.45164 7.21316 0.147066 0.0830777 -0.137445
585.659 6.05214 2.87285 -7.00976 -6.03828 3.25424 7.35194 0.143095 0.0815505 -0.206778
585.676 6.12875 2.83455 -6.81823 -5.93539 3.19801 7.27777 0.145691 0.0778853 -0.200517
585.693 6.28197 2.64302 -6.47349 -6.06102 3.08076 7.22872 0.142484 0.0847575 -0.193186
585.709 6.5118 2.60472 -6.77993 -6.34696 2.94796 7.21316 0.143248 0.0798706 -0.180358
585.726 6.5501 2.4898 -6.77993 -6.53599 2.94078 7.19522 0.15012 0.0722348 -0.135154
585.742 6.93315 2.83455 -6.81823 -6.71785 3.01735 7.19641 0.151342 0.0696386 -0.112552
585.759 6.89484 2.91116 -6.35858 -6.84108 3.31526 7.16889 0.151953 0.064599 -0.0868956
585.776 6.97145 3.02607 -6.58841 -6.94277 3.40858 7.09472 0.147982 0.0580322 -0.0432187
585.791 6.85654 2.87285 -6.74162 -6.73938 3.29133 7.18684 0.149051 0.0494801 -0.0177151
585.807 6.70332 2.79624 -6.77993 -6.80519 3.22552 7.09113 0.149356 0.045204 -0.0161879
585.822 6.77993 2.91116 -6.70332 -6.70827 3.26022 7.1677 0.151036 0.0392481 -0.0374155
585.838 6.85654 2.71963 -6.85654 -6.70947 3.09153 7.17727 0.154854 0.031765 -0.0500909
585.854 6.93315 3.02607 -6.58841 -6.92602 3.42772 7.06839 0.152105 0.0308487 -0.0354302
585.869 6.89484 2.94946 -7.04806 -6.81954 3.466 7.16291 0.15012 0.0239765 -0.0322231
585.885 6.47349 3.06437 -6.58841 -6.54198 3.2662 6.98106 0.152105 0.0224493 -0.0398589
585.9 6.28197 2.79624 -6.47349 -6.201 3.11306 6.87577 0.151495 0.0218384 -0.0949895
585.915 6.5501 2.41319 -7.00976 -6.23928 2.92762 7.43091 0.150273 0.0229074 -0.147677
585.931 6.35858 2.33659 -6.35858 -6.31824 2.64766 7.01695 0.157909 0.0212276 -0.226784
585.947 6.24366 2.37489 -6.66501 -6.15075 2.60578 7.08395 0.16249 0.0151189 -0.245873
585.962 5.66909 2.68133 -6.74162 -5.64227 2.87019 7.03849 0.163559 0.0195477 -0.226478
586.57 6.32027 3.44742 -6.32027 -6.16511 3.80698 6.77647 0.116217 0.00122173 -0.0523817
586.586 6.43519 3.2942 -6.5501 -6.36371 3.73878 6.77767 0.114079 0.0 -0.0901026
586.603 6.62671 3.33251 -6.28197 -6.59103 3.74357 6.72742 0.111025 0.00335976 -0.108123
586.619 6.85654 3.40912 -6.35858 -6.6987 3.7986 6.69153 0.108123 -0.000458149 -0.105527
586.636 7.04806 3.2942 -6.35858 -6.88295 3.71964 6.73699 0.105069 -0.00320704 -0.0965167
586.653 7.12467 3.2559 -6.20536 -7.01814 3.6993 6.76211 0.100029 0.00122173 -0.0786489
586.669 7.08637 3.2942 -6.47349 -6.99063 3.55214 6.68435 0.0977384 -0.00962113 -0.0720821
586.686 6.97145 2.98777 -6.24366 -7.03968 3.41695 6.7334 0.0981966 -0.0174097 -0.0833831
586.702 6.97145 2.79624 -6.5501 -6.87697 3.24227 6.74297 0.0988074 -0.0207694 -0.0922406
586.719 6.77993 2.83455 -6.16705 -6.57787 3.19322 6.72024 0.100487 -0.0210748 -0.103083
586.736 6.47349 2.68133 -5.93723 -6.41037 3.04606 6.72622 0.101709 -0.0218384 -0.108429
586.752 6.43519 2.75794 -6.35858 -6.34337 3.02692 6.73579 0.103236 -0.023671 -0.106901
586.768 6.32027 2.94946 -6.24366 -6.30508 3.24467 6.72742 0.106443 -0.0206167 -0.0945314
586.783 6.35858 3.21759 -6.20536 -6.30628 3.50668 6.67956 0.107207 -0.0184787 -0.0630718
586.8 6.43519 3.33251 -6.28197 -6.30269 3.62273 6.68554 0.105832 -0.0143553 -0.0470366
586.817 6.47349 3.44742 -6.28197 -6.33978 3.80339 6.72742 0.104916 -0.0157298 -0.0167988
586.833 6.47349 3.63894 -6.24366 -6.34457 4.07498 6.75015 0.0971275 -0.0135917 0.00473421
586.85 6.28197 3.67725 -6.39688 -6.30867 4.08574 6.7322 0.0870483 -0.0151189 0.0300851
586.866 6.24366 3.48573 -6.16705 -6.19502 3.96012 6.68076 0.0862847 -0.0164934 0.0337503
586.883 6.32027 3.17929 -5.86062 -6.18066 3.65504 6.69392 0.0789543 -0.00519235 0.0313068
586.9 6.5118 3.17929 -6.39688 -6.34696 3.54975 6.74297 0.0789543 -0.00824668 0.00839939
586.916 6.62671 3.10268 -6.62671 -6.48933 3.55573 6.72144 0.0809396 -0.013439 -0.023671
586.933 6.77993 3.10268 -6.24366 -6.69033 3.46002 6.67837 0.0806342 -0.0116064 -0.0366519
586.949 6.93315 3.10268 -6.43519 -6.81835 3.48036 6.69033 0.081245 -0.0135917 -0.0586431
586.966 6.85654 3.06437 -6.24366 -6.79801 3.47438 6.69631 0.0797179 -0.0172569 -0.054367
586.982 6.74162 2.87285 -6.20536 -6.67956 3.34756 6.68435 0.0778853 -0.0171042 -0.0398589
586.999 6.77993 2.87285 -6.24366 -6.60419 3.18844 6.67597 0.0760527 -0.0138972 -0.0175624
587.015 6.70332 2.91116 -6.09044 -6.63769 3.2985 6.69631 0.0801761 -0.0189368 -0.0167988
587.03 6.66501 3.21759 -6.32027 -6.65205 3.44806 6.72263 0.0806342 -0.0230602 -0.02474
587.047 6.58841 3.2559 -5.86062 -6.54796 3.67298 6.70469 0.076969 -0.0206167 -0.0407752
587.064 6.66501 3.33251 -6.32027 -6.37448 3.72682 6.65803 0.0766636 -0.0227547 -0.0448986
587.08 6.28197 3.2942 -6.16705 -6.22373 3.68734 6.6676 0.0725402 -0.0227547 -0.0380264
587.097 6.24366 3.17929 -6.32027 -6.2656 3.55693 6.71426 0.0725402 -0.0178678 -0.0395535
587.113 6.43519 2.98777 -6.32027 -6.43669 3.39781 6.72622 0.0733038 -0.0216857 -0.0583376
587.13 6.5118 2.91116 -6.24366 -6.44506 3.3332 6.69153 0.0720821 -0.0221439 -0.066737
587.147 6.24366 3.02607 -6.01384 -6.38644 3.33081 6.68315 0.0728457 -0.0221439 -0.0650571
587.163 6.28197 2.87285 -6.32027 -6.24646 3.24826 6.68315 0.0696386 -0.0140499 -0.0320704
587.18 6.24366 2.91116 -6.5501 -6.10528 3.1657 6.74536 0.071013 -0.0122173 -0.00580322
587.196 6.09044 2.94946 -6.24366 -6.13041 3.14177 6.75972 0.0726929 -0.0135917 -0.0135917
587.211 6.24366 2.68133 -6.39688 -6.14836 3.03888 6.72263 0.073762 -0.0106901 -0.0280998
587.228 6.24366 2.68133 -6.5118 -6.19262 3.04487 6.71785 0.0786489 -0.010232 -0.0551306
587.244 6.35858 2.94946 -6.32027 -6.18186 3.11426 6.70947 0.081245 -0.0074831 -0.0523817
587.261 6.5118 2.98777 -6.16705 -6.36491 3.27936 6.68195 0.0859793 -0.0151189 -0.0444404
587.278 6.74162 2.87285 -6.32027 -6.68794 3.31526 6.70708 0.0817032 -0.00885754 -0.0386372
587.294 7.00976 2.98777 -6.05214 -6.77527 3.35952 6.61615 0.0841467 -0.0135917 -0.0662789
587.311 6.89484 3.21759 -6.20536 -6.78485 3.45523 6.61495 0.0832304 -0.00778853 -0.0959058
587.326 6.58841 3.37081 -6.09044 -6.76451 3.59402 6.71545 0.0842994 -0.01237 -0.0959058
587.343 6.5118 3.40912 -6.35858 -6.47737 3.72203 6.65683 0.0821613 -0.0119119 -0.0653626
587.361 6.28197 3.48573 -6.43519 -6.20578 3.80698 6.67119 0.076969 -0.0132863 -0.0303905
587.376 6.12875 3.44742 -6.16705 -6.11486 3.82134 6.66401 0.0745255 -0.0116064 -0.023671
587.393 6.09044 3.63894 -6.20536 -5.95334 3.94098 6.67717 0.0720821 -0.00702495 -0.0303905
587.409 6.09044 3.71555 -6.39688 -5.96411 4.13599 6.69033 0.067806 -0.00259618 -0.0513127
587.426 6.05214 3.98369 -6.12875 -6.02632 4.2329 6.69153 0.0638354 -0.00198531 -0.0722348
587.443 6.47349 3.48573 -6.35858 -6.17707 4.04985 6.6317 0.0563523 0.00427606 -0.0795652
587.459 6.43519 3.14098 -6.28197 -6.71186 3.60718 6.67238 0.0558941 -0.00717767 -0.0925461
587.476 7.16298 2.87285 -5.93723 -7.18205 3.17527 6.64487 0.0499382 -0.00137445 -0.0830777
587.492 7.16298 2.79624 -6.20536 -7.39382 3.10229 6.6353 0.0528398 -0.00366519 -0.0768163
587.509 7.66094 2.52811 -5.82231 -7.68814 2.95274 6.5683 0.055436 -0.01237 -0.0661261
587.526 7.77585 2.64302 -6.20536 -7.7348 2.98026 6.58863 0.0589485 -0.0209221 -0.0908662
587.542 7.58433 2.91116 -6.05214 -7.66421 3.0317 6.62094 0.0636827 -0.0332921 -0.131031
587.559 7.23959 2.79624 -6.32027 -7.25863 3.16211 6.65803 0.0618501 -0.0384845 -0.1518
587.575 6.81823 2.68133 -6.05214 -6.77169 3.10708 6.6329 0.0639881 -0.0403171 -0.18158
587.592 6.58841 3.10268 -6.16705 -6.57667 3.44806 6.65563 0.068875 -0.0459676 -0.182649
587.609 6.16705 3.17929 -5.86062 -6.48933 3.56052 6.6664 0.0682642 -0.0448986 -0.178373
587.624 6.12875 2.75794 -6.16705 -6.04547 3.16929 6.65205 0.0644463 -0.0464257 -0.194408
587.641 5.86062 2.33659 -6.62671 -5.78584 2.65125 6.69272 0.0636827 -0.03711 -0.198684
587.657 6.39688 2.37489 -6.35858 -6.07537 2.69671 6.79801 0.071013 -0.0313068 -0.151036
587.674 6.70332 2.25998 -5.93723 -6.7334 2.31266 6.79202 0.073762 -0.0357356 -0.130267
587.691 6.5118 2.56641 -6.12875 -6.58505 2.87737 6.47378 0.0774271 -0.0265726 -0.152105
587.707 6.89484 2.79624 -6.35858 -6.68076 3.1669 6.80877 0.0797179 -0.0242819 -0.193339
587.724 6.81823 3.10268 -6.43519 -6.79561 3.34875 6.81117 0.0797179 -0.0320704 -0.217468
587.74 6.5501 2.91116 -6.35858 -6.54078 3.36909 6.70229 0.0777326 -0.0310014 -0.218995
587.757 6.47349 3.21759 -6.20536 -6.49771 3.53779 6.64008 0.0775799 -0.032834 -0.183412
587.774 6.62671 2.87285 -6.43519 -6.57906 3.35234 6.72981 0.0708604 -0.0294742 -0.109039
587.79 6.85654 2.94946 -6.20536 -6.66401 3.26142 6.73819 0.0697913 -0.0311541 -0.0713185
587.807 6.77993 3.06437 -6.12875 -6.82074 3.38225 6.65085 0.0699441 -0.0337503 -0.0178678
587.823 7.12467 2.79624 -6.39688 -7.01217 3.1346 6.7322 0.0647517 -0.0320704 -0.0131336
587.84 7.00976 2.75794 -6.39688 -7.00259 3.03051 6.72503 0.0671951 -0.0413861 -0.0447459
587.857 6.93315 2.87285 -6.24366 -6.94756 3.17049 6.64128 0.0679587 -0.0455095 -0.0523817
587.872 7.04806 3.10268 -6.28197 -6.95115 3.26859 6.67119 0.0632245 -0.0416915 -0.0525344
587.888 7.04806 2.75794 -6.01384 -6.91765 3.15733 6.66281 0.062461 -0.0500909 -0.0398589
587.905 6.74162 2.83455 -6.28197 -6.76929 3.01495 6.67597 0.0630718 -0.0493274 -0.031765
587.921 6.39688 2.52811 -6.28197 -6.35055 2.9336 6.66879 0.0650571 -0.041997 -0.0548251
587.937 6.77993 2.60472 -6.35858 -6.75613 2.94437 6.81356 0.0690278 -0.0465785 -0.100487
587.953 6.97145 2.29828 -6.32027 -6.75254 2.82114 6.67478 0.0720821 -0.0485638 -0.101556
587.97 7.00976 2.91116 -6.20536 -6.9344 3.33679 6.83031 0.0757473 -0.0514654 -0.0610865
587.987 6.43519 2.56641 -6.05214 -6.54317 2.90489 6.52762 0.0696386 -0.0507018 -0.0743728
588.003 6.24366 2.14506 -6.32027 -6.22134 2.55912 6.68195 0.0751364 -0.0442877 -0.134543
588.02 6.05214 2.22167 -6.5118 -5.90788 2.5005 6.84347 0.0798706 -0.0397062 -0.166308
588.036 5.93723 2.22167 -6.32027 -5.87318 2.61775 6.72981 0.0864374 -0.0470366 -0.228769
588.053 5.89892 2.22167 -6.35858 -5.84686 2.50887 6.7346 0.0868956 -0.0352775 -0.260839
588.07 6.09044 2.22167 -6.28197 -5.92463 2.53639 6.77647 0.0888809 -0.0342084 -0.270308
588.086 6.20536 2.18337 -6.20536 -6.3996 2.48136 6.77288 0.0926988 -0.0280998 -0.281761
588.103 6.97145 2.41319 -5.93723 -6.86501 2.82114 6.75015 0.0951423 -0.0255036 -0.27214
588.119 6.85654 3.02607 -6.32027 -7.07916 3.11187 6.72383 0.0972803 -0.0291688 -0.231518
588.136 7.20128 3.21759 -6.39688 -7.22632 3.57488 6.67119 0.0920879 -0.0300851 -0.206931
588.153 7.12467 3.02607 -6.28197 -7.23589 3.31406 6.69153 0.083994 -0.0357356 -0.147982
588.168 7.08637 2.71963 -6.35858 -6.90688 2.90728 6.76211 0.0833831 -0.0410807 -0.179289
588.184 6.74162 2.33659 -6.43519 -6.78245 2.74816 6.71785 0.0832304 -0.0468839 -0.234878
588.199 6.89484 2.37489 -6.5501 -6.96072 2.69312 6.71904 0.0841467 -0.0332921 -0.350178
588.216 7.08637 2.22167 -6.32027 -7.03011 2.50169 6.71306 0.0867428 -0.0401644 -0.450055
588.233 7.04806 2.33659 -6.5118 -7.00499 2.48375 6.69272 0.0875064 -0.0397062 -0.527024
588.249 7.00976 2.41319 -6.43519 -6.92004 2.59501 6.67956 0.086132 -0.0401644 -0.656374
588.266 6.85654 2.29828 -6.5501 -6.80638 2.53639 6.78245 0.085063 -0.0418443 -0.738841
588.282 6.85654 2.29828 -6.20536 -6.68674 2.62732 6.62572 0.0875064 -0.0426078 -0.771828
588.299 6.70332 2.10676 -6.32027 -6.55274 2.37488 6.71186 0.0928515 -0.0491747 -0.765567
588.316 6.66501 2.06845 -6.47349 -6.68195 2.58305 6.73101 0.0908662 -0.0368046 -0.691347
588.332 6.62671 1.83862 -6.32027 -6.79801 2.18106 6.68554 0.0873537 -0.0406225 -0.61224
588.349 7.00976 1.45558 -6.32027 -6.83749 1.97049 6.74536 0.0853684 -0.0397062 -0.579253
588.364 7.27789 1.68541 -6.43519 -7.09233 1.98006 6.83988 0.091477 -0.0423024 -0.526718
588.381 7.46941 1.76202 -6.35858 -7.3352 2.09492 6.75613 0.0956004 -0.0459676 -0.487165
588.398 7.16298 1.68541 -6.47349 -7.30409 2.07817 6.72024 0.0948368 -0.0520762 -0.41661
588.414 6.93315 1.72371 -6.47349 -7.11027 2.19781 6.72981 0.095295 -0.054367 -0.348957
588.431 6.97145 1.87693 -6.05214 -6.92483 2.21934 6.72742 0.0916298 -0.0514654 -0.20861
588.447 6.89484 1.68541 -6.39688 -6.90329 2.0339 6.79442 0.090408 -0.0563523 -0.154091
588.464 6.89484 1.57049 -6.5118 -6.85783 1.91904 6.83749 0.091477 -0.0507018 -0.198073
588.481 7.00976 1.45558 -6.32027 -6.8674 1.86999 6.8016 0.0937678 -0.0503964 -0.231671
588.496 6.70332 1.37897 -6.32027 -6.74656 1.77787 6.71545 0.0943787 -0.0488692 -0.257022
588.512 6.70332 1.34066 -6.58841 -6.67717 1.7324 6.71665 0.0937678 -0.0453567 -0.248928
588.528 6.47349 1.34066 -6.01384 -6.48694 1.64148 6.73819 0.0948368 -0.0438296 -0.206014
588.543 6.28197 1.45558 -6.20536 -6.30867 1.89392 6.69392 0.0997237 -0.0432187 -0.0951423
588.56 6.24366 1.83862 -6.39688 -6.27996 2.15234 6.69033 0.0981966 -0.0326813 0.10064
588.576 6.39688 1.99184 -6.28197 -6.40439 2.35573 6.74417 0.0992656 -0.0403171 0.195935
588.593 6.74162 1.80032 -6.5501 -6.6664 2.24207 6.93081 0.0920879 -0.0326813 0.33399
588.61 6.93315 1.76202 -6.5501 -7.02413 2.08774 6.92722 0.0931569 -0.034972 0.392023
588.626 7.27789 1.49388 -6.24366 -6.94038 1.97288 6.87099 0.0933096 -0.0331394 0.385456
588.643 6.89484 1.68541 -6.20536 -6.74178 2.09252 6.78843 0.0946841 -0.0332921 0.273209
588.659 6.89484 1.72371 -6.39688 -6.66042 2.05424 6.8674 0.0946841 -0.0308487 0.135307
588.676 6.43519 1.87693 -6.35858 -6.54437 2.07936 6.82553 0.0962113 -0.0297797 0.0265726
588.693 6.32027 1.76202 -6.43519 -6.53121 2.1332 6.82433 0.0959058 -0.0230602 0.00366519
588.709 6.85654 2.14506 -6.01384 -6.7011 2.38205 6.77527 0.0975857 -0.0259618 -0.0132863
588.726 6.81823 2.10676 -6.28197 -6.75733 2.45264 6.71665 0.0960585 -0.0232129 -0.013439
588.742 6.74162 1.95354 -6.24366 -6.75374 2.39522 6.74297 0.0928515 -0.0224493 -0.0138972
588.759 6.74162 1.76202 -6.39688 -6.91645 2.18584 6.80638 0.090408 -0.0235183 -0.0351248
588.775 7.04806 1.95354 -6.39688 -6.92961 2.20499 6.81475 0.0908662 -0.0216857 -0.0606284
588.79 6.89484 1.83862 -5.93723 -6.7992 2.23131 6.82792 0.0910189 -0.0200058 -0.0717766
588.807 7.08637 1.95354 -6.43519 -6.87218 2.18943 6.91525 0.0930042 -0.02474 -0.109498
588.823 7.04806 2.18337 -6.5118 -6.93559 2.42393 6.93559 0.0911716 -0.0212276 -0.137903
588.839 7.00976 1.95354 -6.47349 -6.95115 2.37966 6.90568 0.0896445 -0.0224493 -0.101404
588.856 7.04806 1.80032 -6.43519 -7.08275 2.21695 6.88654 0.0878119 -0.0227547 -0.0642935
588.872 7.27789 2.10676 -6.62671 -7.20239 2.36889 6.8327 0.0923933 -0.0291688 -0.032834
588.889 7.20128 2.03015 -6.05214 -7.10429 2.37966 6.74178 0.0894917 -0.0285579 -0.0357356
588.905 7.04806 1.80032 -6.24366 -7.05404 2.27797 6.76451 0.0894917 -0.0346666 -0.0464257
588.922 7.00976 1.80032 -6.09044 -7.21436 2.25523 6.77767 0.0885754 -0.0429133 -0.0571159
588.939 7.85246 1.57049 -6.5118 -7.87477 1.90588 6.82553 0.0968221 -0.0908662 -0.0163406
588.955 8.1972 0.957617 -6.5501 -8.25165 1.76949 6.81356 0.117439 -0.216094 0.0743728
588.972 7.12467 0.114914 -8.04398 -8.47896 1.19163 7.91545 0.143859 -0.310472 0.295201
588.988 6.24366 0.766094 -7.85246 -6.37328 1.15932 8.49571 0.259312 -0.46609 1.69759
589.012 7.66094 0.919312 -8.46534 -7.38305 0.948754 9.01854 0.307112 -0.503047 1.90086
589.029 7.3545 0.957617 -8.08229 -7.37827 1.37468 8.74577 0.336587 -0.553291 1.47463
589.044 7.20128 1.68541 -6.5501 -6.51565 1.70249 7.0337 0.392939 -0.624304 0.852615
589.061 5.20944 3.56234 -5.7074 -5.66022 2.45264 6.54796 0.43463 -0.608727 0.139125
589.077 4.86469 4.17521 -5.17113 -4.57747 4.04746 5.42453 0.443641 -0.560163 -0.148898
589.094 3.79216 4.48165 -4.44334 -3.73161 4.74736 4.82393 0.41157 -0.380874 -0.462578
589.111 4.0603 4.55826 -4.74978 -3.90987 5.00698 5.02971 0.391564 -0.186161 -0.454789
589.127 4.02199 3.98369 -4.86469 -3.94217 4.67318 5.28694 0.39355 -0.0957531 -0.368504
589.144 5.05622 3.67725 -5.97553 -4.88853 4.28794 6.00957 0.37278 0.0476475 -0.136223
589.16 6.09044 3.02607 -6.39688 -5.95334 3.43729 6.65324 0.335976 0.198684 -0.0745255
589.177 6.5118 2.22167 -6.74162 -6.25723 2.94317 7.05643 0.297339 0.316734 -0.140652
589.194 6.93315 2.87285 -7.58433 -6.48694 2.29591 7.50269 0.274584 0.346055 -0.216399
589.209 6.58841 1.72371 -7.00976 -6.48814 2.15593 7.50987 0.294284 0.385914 -0.292757
589.225 6.47349 2.10676 -7.3545 -6.72383 2.45862 7.84128 0.29291 0.364686 -0.337198
589.241 6.43519 1.57049 -7.66094 -6.57188 1.80778 7.99561 0.299629 0.335059 -0.363006
589.258 6.35858 2.37489 -7.16298 -6.74417 2.51725 7.7659 0.25412 0.19624 -0.402102
589.275 7.00976 3.02607 -6.35858 -7.16052 3.45763 7.09711 0.27046 0.0832304 -0.256563
589.291 7.12467 3.2942 -5.93723 -7.22513 3.60718 6.65563 0.332311 0.0403171 -0.0212276
589.308 6.58841 3.48573 -5.40096 -6.95593 3.77587 6.28953 0.349568 0.0395535 0.0478002
589.324 6.39688 3.67725 -5.63079 -6.42233 3.99242 5.99522 0.348499 -0.00335976 0.086132
589.341 6.5501 3.60064 -5.13283 -6.27757 3.94576 5.54776 0.313068 -0.0714712 0.0392481
589.358 6.35858 3.63894 -4.86469 -6.28475 3.97926 5.3671 0.289092 -0.0968221 -0.00488692
589.374 6.58841 3.52403 -5.28605 -6.45942 3.95653 5.52383 0.24572 -0.143859 -0.0891863
589.391 6.39688 3.2559 -5.28605 -6.3661 3.67298 5.66381 0.187536 -0.188605 -0.161116
589.407 8.92499 5.13283 -6.16705 -6.34457 3.6012 6.70469 0.116064 -0.211054 -0.190743
589.424 5.7074 2.68133 -5.09452 -6.01795 3.37747 5.43769 0.11805 -0.0733038 -0.30528
589.441 6.66501 2.98777 -5.86062 -7.40219 3.4672 6.61256 0.0969748 0.00931569 -0.283441
589.457 6.66501 3.06437 -6.43519 -6.48455 3.38704 6.83988 0.0783434 0.056505 -0.140346
589.474 6.01384 2.91116 -6.62671 -6.1017 3.36311 6.78963 0.0615447 0.0800233 -0.146455
589.49 6.28197 2.79624 -7.04806 -6.28594 3.32004 7.23709 0.0540616 0.0934624 -0.125838
589.507 6.12875 2.94946 -7.00976 -6.47139 3.32961 7.27538 0.0461203 0.12202 -0.0855211
589.524 6.70332 3.06437 -7.04806 -6.72144 3.35833 7.27418 0.0455095 0.128587 -0.124464
589.54 6.81823 3.10268 -6.74162 -6.71785 3.43609 7.19522 0.0503964 0.118966 -0.170737
589.556 6.97145 2.71963 -6.28197 -6.98943 3.28534 6.70588 0.0685696 0.0844521 -0.311541
589.572 7.08637 2.37489 -5.97553 -7.09352 3.0006 6.42592 0.081245 0.0668897 -0.302989
589.588 7.31619 2.75794 -6.16705 -7.20239 3.05085 6.44865 0.0810924 0.0661261 -0.229227
589.605 7.3928 2.87285 -5.89892 -7.38544 3.32004 6.58385 0.0763581 0.0450513 -0.119119
589.621 7.27789 2.98777 -6.09044 -7.28255 3.37149 6.54078 0.0671951 0.00671952 -0.174249
589.638 7.08637 2.91116 -5.82231 -7.22273 3.41216 6.40319 0.0558941 -0.0340557 -0.209527
