730.065 -6.5501 1.18745 -6.20536 7.37228 1.48475 6.6664 0.0959058 -0.0248928 -0.0713185
730.081 -6.5501 1.14914 -6.24366 7.30289 1.47876 6.65444 0.0949895 -0.0255036 -0.0685696
730.098 -6.81823 1.18745 -6.05214 7.24905 1.47517 6.66162 0.0960585 -0.0259618 -0.0633773
730.114 -6.43519 1.18745 -6.16705 7.25384 1.51226 6.67119 0.0992656 -0.0320704 -0.0673479
730.131 -6.5118 1.26405 -6.24366 7.20598 1.53021 6.6676 0.0962113 -0.0291688 -0.0739146
730.148 -6.39688 1.37897 -6.28197 7.16291 1.57926 6.67238 0.0975857 -0.0320704 -0.0751364
730.164 -6.39688 1.37897 -6.09044 7.12702 1.60678 6.66879 0.0954477 -0.0261145 -0.0720821
730.181 -6.43519 1.37897 -5.63079 7.15813 1.58166 6.66999 0.0946841 -0.0303905 -0.0679587
730.197 -6.47349 1.14914 -6.24366 7.20957 1.57328 6.6676 0.0960585 -0.03711 -0.0639881
730.214 -6.62671 1.11084 -6.09044 7.28734 1.5015 6.67238 0.0980438 -0.0374155 -0.0647517
730.231 -6.62671 1.07253 -6.09044 7.34118 1.44287 6.66281 0.0945314 -0.0355829 -0.0745255
730.247 -6.74162 1.34066 -6.35858 7.35793 1.5015 6.65922 0.0980438 -0.0348193 -0.0809396
730.264 -6.66501 1.37897 -6.28197 7.41655 1.54696 6.66999 0.0962113 -0.0303905 -0.0804815
730.28 -6.77993 1.37897 -6.12875 7.49192 1.62712 6.65085 0.0923933 -0.025809 -0.0784962
730.297 -6.74162 1.41727 -6.12875 7.45244 1.69531 6.69272 0.0939205 -0.0267254 -0.0842994
730.314 -6.74162 1.34066 -6.05214 7.40698 1.67976 6.65563 0.0940732 -0.0284052 -0.0855211
730.33 -6.39688 1.37897 -5.93723 7.19402 1.6654 6.66042 0.0969748 -0.0342084 -0.0786489
730.347 -6.43519 1.45558 -6.16705 7.23111 1.64387 6.68435 0.0943787 -0.0308487 -0.0412334
730.363 -6.5118 1.34066 -6.24366 7.31127 1.61276 6.66162 0.096364 -0.0311541 -0.0262672
730.38 -6.35858 1.22575 -6.20536 7.41655 1.56012 6.66879 0.0959058 -0.030696 -0.0316123
730.397 -6.70332 1.18745 -5.7457 7.37827 1.46321 6.62931 0.0875064 -0.0207694 -0.0650571
730.412 -6.43519 1.22575 -5.93723 7.25504 1.46082 6.68315 0.0913243 -0.0290161 -0.067806
730.429 -6.28197 1.37897 -6.12875 7.09233 1.58883 6.64008 0.0945314 -0.0308487 -0.0531453
730.445 -6.35858 1.22575 -6.16705 7.09233 1.67139 6.7011 0.0933096 -0.0329867 -0.0456622
730.461 -6.5118 1.37897 -6.09044 7.1342 1.62114 6.68076 0.0928515 -0.0331394 -0.0516181
730.477 -6.39688 1.30236 -5.82231 7.15693 1.60917 6.68674 0.091477 -0.0345139 -0.0537561
730.493 -6.58841 1.11084 -6.05214 7.23948 1.40219 6.67478 0.0917825 -0.0366519 -0.0531453
730.51 -6.5501 1.11084 -6.32027 7.30289 1.38185 6.67238 0.0954477 -0.0415388 -0.0601702
730.527 -6.62671 1.22575 -6.12875 7.3328 1.4656 6.68435 0.0937678 -0.0352775 -0.0598648
730.543 -6.62671 1.30236 -5.86062 7.35793 1.47876 6.67119 0.0959058 -0.0398589 -0.0653626
730.56 -6.58841 1.37897 -6.20536 7.35793 1.59003 6.66042 0.0954477 -0.0345139 -0.066737
730.576 -6.70332 1.30236 -6.24366 7.36869 1.63908 6.65803 0.0930042 -0.0323759 -0.0606284
730.593 -6.70332 1.45558 -6.12875 7.37109 1.64028 6.65205 0.0946841 -0.0345139 -0.0487165
730.61 -6.5118 1.26405 -6.39688 7.34716 1.6331 6.67478 0.0968221 -0.0386372 -0.045204
730.626 -6.47349 1.41727 -6.05214 7.2682 1.61635 6.64128 0.0951423 -0.0366519 -0.0416915
730.643 -6.43519 1.26405 -5.97553 7.31486 1.48714 6.66401 0.0948368 -0.0320704 -0.0435241
730.659 -6.43519 1.22575 -6.16705 7.30648 1.47876 6.65324 0.0956004 -0.0322231 -0.0514654
730.676 -6.43519 1.18745 -6.05214 7.23948 1.44048 6.6664 0.0942259 -0.0355829 -0.0546724
730.693 -6.5118 1.30236 -6.24366 7.19522 1.55055 6.6664 0.0948368 -0.036041 -0.056505
730.709 -6.58841 1.41727 -6.12875 7.2682 1.69651 6.6652 0.0945314 -0.0357356 -0.0488692
730.726 -6.5501 1.45558 -6.32027 7.1653 1.77906 6.69033 0.0954477 -0.0387899 -0.0487165
730.742 -6.43519 1.37897 -6.12875 7.30648 1.71446 6.65922 0.0930042 -0.0372628 -0.0487165
730.759 -6.47349 1.30236 -5.55418 7.34836 1.6319 6.65803 0.0879646 -0.0326813 -0.0566577
730.776 -6.66501 1.14914 -6.24366 7.34596 1.51585 6.65444 0.0901026 -0.0358883 -0.0594066
730.792 -6.58841 1.22575 -6.35858 7.35793 1.52662 6.65205 0.0875064 -0.0314596 -0.0627664
730.809 -6.70332 1.18745 -6.20536 7.38784 1.49312 6.65683 0.0902553 -0.0378736 -0.0584903
730.825 -6.70332 1.22575 -6.24366 7.41057 1.50628 6.65683 0.0905607 -0.0372628 -0.0540616
730.842 -6.5501 1.37897 -6.12875 7.40578 1.55533 6.67717 0.0911716 -0.0322231 -0.0534507
730.859 -6.66501 1.49388 -5.93723 7.38186 1.64387 6.64487 0.0902553 -0.0325286 -0.0505491
730.874 -6.58841 1.45558 -6.20536 7.3651 1.70249 6.67597 0.08827 -0.0268781 -0.0496328
730.891 -6.58841 1.34066 -6.09044 7.32443 1.63908 6.65205 0.0911716 -0.0311541 -0.0566577
730.907 -6.70332 1.26405 -6.12875 7.33161 1.58644 6.66281 0.08827 -0.0322231 -0.0591012
730.924 -6.66501 1.26405 -6.05214 7.31486 1.51705 6.65803 0.0878119 -0.0314596 -0.0581849
730.941 -6.5501 1.30236 -6.09044 7.28136 1.58046 6.64965 0.0890336 -0.0314596 -0.0561996
730.957 -6.58841 1.49388 -5.89892 7.2993 1.63789 6.67358 0.0894917 -0.033903 -0.0571159
730.973 -6.47349 1.45558 -6.24366 7.24068 1.6666 6.65922 0.08827 -0.0314596 -0.0560469
730.989 -6.5118 1.34066 -6.20536 7.22273 1.65464 6.64845 0.0885754 -0.0274889 -0.0662789
731.006 -6.47349 1.34066 -6.32027 7.21436 1.58285 6.68554 0.0926988 -0.0230602 -0.0650571
731.023 -6.47349 1.26405 -6.24366 7.17488 1.61037 6.68435 0.0925461 -0.0244346 -0.0652099
731.039 -6.66501 1.07253 -6.28197 7.35314 1.42851 6.67478 0.0823141 -0.0320704 -0.0444404
731.056 -6.70332 1.07253 -6.01384 7.42493 1.31486 6.64606 0.0855211 -0.03711 -0.0461203
731.072 -6.5118 1.14914 -6.16705 7.36271 1.38425 6.66281 0.0884227 -0.0320704 -0.0485638
731.089 -6.5501 1.22575 -6.24366 7.35553 1.4991 6.65803 0.0902553 -0.0412334 -0.0474948
731.106 -6.58841 1.22575 -6.16705 7.35075 1.61755 6.6664 0.0920879 -0.0380264 -0.0474948
731.122 -6.5118 1.37897 -6.12875 7.24546 1.7013 6.67238 0.0894917 -0.0345139 -0.0516181
731.139 -6.5501 1.26405 -6.12875 7.27896 1.6331 6.65444 0.0868956 -0.0314596 -0.0539089
731.155 -6.24366 1.37897 -5.97553 7.3328 1.56849 6.66042 0.0853684 -0.0348193 -0.0557414
731.171 -6.70332 1.26405 -6.32027 7.37228 1.54696 6.65444 0.0879646 -0.0361938 -0.0555887
731.188 -6.62671 1.18745 -6.09044 7.37348 1.54457 6.65563 0.0862847 -0.0354302 -0.0597121
731.203 -6.66501 1.18745 -6.01384 7.39382 1.50628 6.65205 0.0859793 -0.0352775 -0.0693332
731.22 -6.58841 1.26405 -6.32027 7.34596 1.50987 6.66042 0.0855211 -0.0343612 -0.0713185
731.237 -6.43519 1.18745 -6.16705 7.29332 1.54098 6.66401 0.0849102 -0.0331394 -0.0626137
731.253 -6.47349 1.26405 -6.43519 7.31246 1.54696 6.66162 0.0862847 -0.0375682 -0.0632245
731.27 -6.5501 1.07253 -6.09044 7.35194 1.45843 6.66879 0.0859793 -0.0380264 -0.0670424
731.286 -6.58841 1.22575 -6.47349 7.3328 1.45005 6.67478 0.0858265 -0.0352775 -0.071624
731.303 -6.47349 1.14914 -6.09044 7.33878 1.47637 6.63649 0.0885754 -0.036041 -0.0638354
731.32 -6.97145 1.14914 -6.16705 7.37587 1.45125 6.65563 0.0896445 -0.0346666 -0.0586431
731.336 -6.74162 1.30236 -6.16705 7.45723 1.44766 6.64247 0.0873537 -0.0313068 -0.0589485
731.353 -6.74162 1.11084 -6.20536 7.4321 1.51944 6.64965 0.0867428 -0.0300851 -0.0650571
731.368 -6.58841 1.18745 -6.09044 7.40578 1.54696 6.64845 0.0881173 -0.0334449 -0.0707076
731.384 -6.5118 1.37897 -6.16705 7.26102 1.58764 6.67238 0.08827 -0.0293215 -0.0632245
731.401 -6.74162 1.26405 -6.09044 7.19641 1.52542 6.66401 0.0907135 -0.0320704 -0.0404698
731.417 -6.43519 1.14914 -6.05214 7.19282 1.49192 6.66879 0.0901026 -0.0311541 -0.0361938
731.434 -6.35858 1.22575 -6.09044 7.26461 1.52423 6.66879 0.0896445 -0.0279471 -0.0364992
731.45 -6.47349 1.41727 -6.05214 7.26102 1.54217 6.6664 0.0911716 -0.0316123 -0.0447459
731.467 -6.5501 1.41727 -6.24366 7.26102 1.52901 6.68076 0.0911716 -0.033903 -0.0424551
731.484 -6.5118 1.22575 -6.28197 7.32084 1.52901 6.65205 0.08827 -0.0299324 -0.0418443
731.5 -6.70332 1.26405 -5.97553 7.25623 1.57926 6.6664 0.0876591 -0.0322231 -0.0569632
731.516 -6.43519 1.34066 -6.24366 7.19043 1.58285 6.67238 0.091477 -0.0363465 -0.0568105
731.532 -6.5501 1.30236 -6.43519 7.18804 1.59242 6.67238 0.0894917 -0.034972 -0.0534507
731.549 -6.47349 1.30236 -6.12875 7.18804 1.60798 6.67478 0.0873537 -0.0351248 -0.0436769
731.566 -6.66501 1.26405 -6.20536 7.28734 1.54217 6.66162 0.0862847 -0.0329867 -0.0409279
731.582 -6.5501 1.26405 -6.01384 7.31725 1.49312 6.65922 0.0881173 -0.0355829 -0.0421497
731.599 -6.5118 1.26405 -6.12875 7.34596 1.47996 6.66401 0.0867428 -0.0375682 -0.0455095
731.615 -6.5118 1.18745 -6.16705 7.30648 1.48475 6.6676 0.0858265 -0.0358883 -0.0520762
731.632 -6.47349 1.14914 -6.32027 7.35793 1.42971 6.65803 0.086132 -0.0334449 -0.0552833
731.649 -6.62671 1.26405 -6.16705 7.37468 1.44885 6.66281 0.0870483 -0.0368046 -0.0572686
731.664 -6.66501 1.26405 -6.28197 7.37707 1.50389 6.66999 0.0864374 -0.0346666 -0.056505
731.681 -6.58841 1.30236 -6.28197 7.3675 1.55055 6.66879 0.0890336 -0.0343612 -0.0613919
731.697 -6.62671 1.37897 -5.89892 7.35912 1.57328 6.67597 0.0884227 -0.0348193 -0.0616974
731.713 -6.62671 1.34066 -5.89892 7.39023 1.57208 6.6652 0.0852157 -0.0345139 -0.0606284
731.729 -6.70332 1.22575 -6.12875 7.42493 1.54816 6.65922 0.0859793 -0.0335976 -0.0583376
731.745 -6.66501 1.22575 -6.16705 7.42852 1.55174 6.66401 0.0858265 -0.031765 -0.0555887
731.762 -6.74162 1.14914 -6.28197 7.41655 1.55533 6.65803 0.0841467 -0.0277944 -0.0526871
731.779 -6.58841 1.22575 -6.09044 7.3352 1.54576 6.65205 0.0853684 -0.0291688 -0.0520762
731.795 -6.5118 1.11084 -6.24366 7.27418 1.47398 6.65205 0.0867428 -0.0320704 -0.0549779
731.812 -6.35858 1.14914 -6.39688 7.20239 1.41296 6.65324 0.087201 -0.0346666 -0.0572686
731.828 -6.43519 1.07253 -6.05214 7.20359 1.35793 6.66162 0.0888809 -0.0325286 -0.0523817
731.845 -6.39688 1.07253 -6.24366 7.24068 1.38185 6.66281 0.0894917 -0.0310014 -0.0418443
731.862 -6.5118 1.22575 -6.20536 7.26461 1.44168 6.66281 0.0913243 -0.0337503 -0.0409279
731.878 -6.62671 1.18745 -6.24366 7.28375 1.50269 6.66042 0.0894917 -0.0343612 -0.0435241
731.895 -6.58841 1.18745 -6.16705 7.28614 1.50987 6.66401 0.0884227 -0.0311541 -0.0491747
731.911 -6.47349 1.11084 -6.16705 7.28973 1.48594 6.68913 0.0885754 -0.036041 -0.0496328
731.927 -6.58841 1.30236 -5.93723 7.29811 1.53141 6.65683 0.087201 -0.0297797 -0.0510072
731.943 -6.43519 1.34066 -6.16705 7.27178 1.56132 6.66162 0.08827 -0.0369573 -0.0519235
731.959 -6.62671 1.11084 -6.28197 7.28375 1.44287 6.68435 0.0867428 -0.0357356 -0.0584903
731.976 -6.47349 1.07253 -6.16705 7.32682 1.34716 6.65563 0.0858265 -0.0334449 -0.0659734
731.992 -6.58841 1.11084 -6.43519 7.2347 1.41176 6.6664 0.086132 -0.0354302 -0.0626137
732.009 -6.5501 1.14914 -6.09044 7.29093 1.3986 6.66281 0.0897971 -0.0410807 -0.0594066
732.025 -6.77993 1.11084 -6.28197 7.334 1.41057 6.64845 0.08827 -0.034972 -0.0613919
732.041 -6.74162 1.18745 -6.12875 7.42852 1.43569 6.64965 0.0905607 -0.0384845 -0.0629191
732.058 -6.58841 1.14914 -6.24366 7.45603 1.4345 6.67358 0.0879646 -0.0358883 -0.0616974
732.074 -6.58841 1.26405 -6.12875 7.34716 1.56251 6.66999 0.0911716 -0.0358883 -0.0610865
732.091 -6.39688 1.37897 -6.09044 7.29452 1.57807 6.66042 0.0897971 -0.032834 -0.0583376
732.108 -6.5501 1.14914 -6.20536 7.20239 1.45843 6.7334 0.0888809 -0.0386372 -0.0621555
732.124 -6.81823 1.11084 -5.93723 7.32562 1.42612 6.64247 0.0908662 -0.0358883 -0.0661261
732.141 -6.66501 1.22575 -6.20536 7.34596 1.49073 6.6652 0.0905607 -0.0351248 -0.0665843
732.157 -6.5118 1.03423 -6.20536 7.44048 1.40578 6.64726 0.0908662 -0.0407752 -0.0647517
732.174 -6.74162 0.957617 -6.12875 7.4668 1.39262 6.64606 0.0919352 -0.0342084 -0.0598648
732.191 -6.62671 1.18745 -6.05214 7.4668 1.3998 6.65324 0.0901026 -0.0290161 -0.0642935
732.207 -6.81823 1.03423 -6.20536 7.45603 1.41416 6.65085 0.0946841 -0.0354302 -0.0655153
732.224 -6.62671 1.07253 -6.24366 7.38425 1.51466 6.65683 0.0966694 -0.0361938 -0.0600175
732.24 -6.74162 1.11084 -6.16705 7.334 1.53141 6.66281 0.0923933 -0.0271835 -0.0438296
732.257 -6.58841 1.22575 -6.20536 7.36152 1.52901 6.64965 0.0928515 -0.0287107 -0.0464257
732.274 -6.70332 1.30236 -6.12875 7.34596 1.54217 6.65324 0.0926988 -0.0291688 -0.0526871
732.29 -6.62671 1.26405 -6.20536 7.33759 1.54696 6.65324 0.0910189 -0.0279471 -0.0572686
732.307 -6.47349 1.18745 -6.39688 7.28973 1.55533 6.67597 0.0922406 -0.0313068 -0.0545197
732.323 -6.43519 1.30236 -6.05214 7.24905 1.55414 6.68076 0.0902553 -0.0282525 -0.0484111
732.339 -6.5118 1.22575 -6.09044 7.21555 1.55653 6.65803 0.0916298 -0.0352775 -0.0502437
732.355 -6.62671 1.22575 -6.35858 7.2658 1.51585 6.66401 0.0910189 -0.032834 -0.0516181
732.371 -6.62671 1.18745 -6.20536 7.35434 1.55414 6.61855 0.0923933 -0.0355829 -0.0534507
732.388 -6.47349 1.11084 -6.09044 7.34955 1.49551 6.70349 0.0922406 -0.0355829 -0.0601702
732.405 -6.77993 0.957617 -5.97553 7.38186 1.3651 6.64845 0.0894917 -0.0311541 -0.0592539
732.421 -6.70332 1.07253 -6.09044 7.34477 1.38185 6.64487 0.0920879 -0.0316123 -0.0581849
732.438 -6.62671 1.03423 -6.16705 7.32802 1.35434 6.6652 0.0922406 -0.0314596 -0.0561996
732.454 -6.5501 1.11084 -6.09044 7.29811 1.34716 6.6664 0.0965167 -0.0390954 -0.0620028
732.471 -6.5501 1.14914 -6.01384 7.32562 1.42732 6.65085 0.0940732 -0.0291688 -0.0658207
732.488 -6.58841 1.18745 -6.24366 7.34357 1.47876 6.65922 0.0962113 -0.0320704 -0.0687223
732.504 -6.62671 1.22575 -6.62671 7.33041 1.47517 6.65563 0.0948368 -0.0340557 -0.0705549
732.521 -6.5118 1.18745 -6.12875 7.36271 1.49551 6.65683 0.0959058 -0.0303905 -0.0598648
732.536 -6.62671 1.37897 -6.20536 7.36391 1.57567 6.66042 0.096364 -0.0316123 -0.0578795
732.552 -6.47349 1.37897 -6.05214 7.32682 1.57807 6.65324 0.0968221 -0.0314596 -0.0572686
732.569 -6.47349 1.26405 -6.24366 7.26341 1.55892 6.6652 0.0943787 -0.0323759 -0.0569632
732.585 -6.43519 1.14914 -6.39688 7.30768 1.49791 6.66042 0.0943787 -0.0319177 -0.0549779
732.602 -6.5118 1.18745 -6.20536 7.31486 1.51825 6.65563 0.0951423 -0.0322231 -0.0536034
732.618 -6.5118 1.14914 -6.01384 7.32084 1.55174 6.64367 0.0945314 -0.0366519 -0.0534507
732.635 -6.58841 1.26405 -6.12875 7.33161 1.52064 6.67478 0.0926988 -0.0285579 -0.0595593
732.652 -6.58841 1.18745 -6.20536 7.31486 1.49073 6.66999 0.0913243 -0.0302378 -0.0623082
732.668 -6.5501 1.26405 -6.20536 7.31845 1.49671 6.65803 0.0949895 -0.0366519 -0.0610865
732.685 -6.66501 1.34066 -5.82231 7.32443 1.51944 6.66879 0.0934624 -0.0325286 -0.0587958
732.7 -6.5501 1.34066 -6.20536 7.29811 1.54576 6.65803 0.0937678 -0.0337503 -0.0531453
732.717 -6.66501 1.18745 -6.12875 7.30409 1.54217 6.64726 0.0923933 -0.0319177 -0.0546724
732.734 -6.5118 1.14914 -6.24366 7.30289 1.47637 6.65205 0.0905607 -0.0280998 -0.0560469
732.75 -6.62671 1.30236 -6.32027 7.29811 1.46919 6.65085 0.0957531 -0.0355829 -0.0574213
732.767 -6.47349 1.22575 -6.09044 7.2993 1.47757 6.65324 0.0922406 -0.0297797 -0.0647517
732.783 -6.47349 1.22575 -5.89892 7.31127 1.49551 6.6676 0.0960585 -0.0372628 -0.0655153
732.8 -6.5118 1.18745 -6.24366 7.31007 1.53619 6.64726 0.0937678 -0.0335976 -0.0604756
732.817 -6.5501 1.22575 -6.47349 7.27538 1.58405 6.66281 0.0943787 -0.0358883 -0.0508545
732.833 -6.58841 1.37897 -6.16705 7.29811 1.57807 6.66401 0.0928515 -0.0354302 -0.0453567
732.849 -6.5118 1.14914 -6.05214 7.32203 1.5015 6.6676 0.0920879 -0.0340557 -0.0418443
732.864 -6.58841 1.18745 -5.89892 7.31486 1.46201 6.65563 0.0943787 -0.0335976 -0.0458149
732.881 -6.58841 1.14914 -6.01384 7.31964 1.45843 6.65803 0.0948368 -0.033903 -0.0531453
732.898 -6.58841 1.14914 -6.24366 7.31366 1.48116 6.65922 0.096364 -0.0363465 -0.0549779
732.914 -6.58841 1.22575 -6.16705 7.30887 1.55892 6.66042 0.0942259 -0.0332921 -0.0560469
732.931 -6.58841 1.22575 -6.16705 7.29452 1.60798 6.66281 0.0925461 -0.0335976 -0.0485638
732.947 -6.39688 1.26405 -6.09044 7.29332 1.6008 6.67119 0.0919352 -0.0329867 -0.0450513
732.964 -6.5501 1.30236 -6.24366 7.37228 1.50628 6.65683 0.0916298 -0.029627 -0.0491747
732.981 -6.47349 1.14914 -6.39688 7.37348 1.47996 6.65803 0.0919352 -0.0320704 -0.0552833
732.997 -6.58841 1.37897 -6.20536 7.34237 1.52782 6.6652 0.0939205 -0.0343612 -0.0563523
733.014 -6.47349 1.18745 -5.89892 7.32802 1.5661 6.66281 0.0911716 -0.0311541 -0.056505
733.03 -6.5118 1.34066 -6.20536 7.31845 1.55773 6.65324 0.0923933 -0.0364992 -0.0537561
733.047 -6.5501 1.18745 -6.05214 7.3005 1.52183 6.6664 0.0920879 -0.0351248 -0.0548251
733.064 -6.66501 1.14914 -6.16705 7.30887 1.51226 6.64008 0.0902553 -0.0319177 -0.0571159
733.08 -6.5118 1.18745 -5.89892 7.3328 1.52542 6.65085 0.0908662 -0.0375682 -0.0580322
733.097 -6.62671 1.26405 -6.20536 7.32443 1.54576 6.6652 0.0905607 -0.0323759 -0.0589485
733.113 -6.35858 1.18745 -5.97553 7.24786 1.57089 6.67119 0.091477 -0.0366519 -0.0557414
733.13 -6.58841 1.22575 -6.09044 7.25264 1.54696 6.6664 0.091477 -0.0366519 -0.0534507
733.147 -6.5118 1.37897 -6.28197 7.31246 1.55055 6.65205 0.0922406 -0.0342084 -0.0534507
733.162 -6.66501 1.26405 -6.12875 7.3651 1.55174 6.64606 0.0899499 -0.036041 -0.0531453
733.179 -6.66501 1.26405 -6.01384 7.39621 1.535 6.65563 0.0876591 -0.0352775 -0.0534507
733.196 -6.58841 1.30236 -6.09044 7.36032 1.55055 6.64965 0.08827 -0.032834 -0.0542143
733.212 -6.43519 1.30236 -6.24366 7.36391 1.57687 6.65205 0.0905607 -0.036041 -0.0587958
733.229 -6.62671 1.34066 -6.09044 7.3352 1.53978 6.65205 0.0876591 -0.0343612 -0.0591012
733.245 -6.70332 1.26405 -6.05214 7.30887 1.50389 6.64965 0.0894917 -0.0361938 -0.0571159
733.262 -6.5118 1.14914 -6.09044 7.2993 1.44885 6.65922 0.0873537 -0.0363465 -0.0546724
733.279 -6.47349 1.18745 -6.20536 7.21555 1.41775 6.65085 0.0911716 -0.0392481 -0.0516181
733.295 -6.43519 1.14914 -6.09044 7.19163 1.41176 6.65922 0.090408 -0.0355829 -0.0507018
733.312 -6.5118 1.03423 -6.24366 7.17368 1.41176 6.65205 0.0920879 -0.0337503 -0.0467312
733.328 -6.62671 1.07253 -6.43519 7.31486 1.4345 6.63888 0.0920879 -0.0398589 -0.0439823
733.345 -6.62671 1.14914 -6.16705 7.54457 1.49312 6.65683 0.0920879 -0.0377209 -0.0407752
733.361 -6.77993 1.22575 -6.16705 7.62951 1.51346 6.64487 0.0934624 -0.0377209 -0.03711
733.376 -7.00976 1.30236 -6.12875 7.67856 1.58405 6.6353 0.0910189 -0.0329867 -0.0357356
733.392 -6.85654 1.14914 -6.32027 7.58166 1.58883 6.6341 0.0891863 -0.0310014 -0.0433714
733.409 -6.62671 1.34066 -6.16705 7.49791 1.60199 6.64965 0.087201 -0.0285579 -0.0500909
733.425 -6.5501 1.18745 -6.20536 7.33759 1.58883 6.66879 0.0894917 -0.0314596 -0.057574
733.442 -6.58841 1.18745 -6.16705 7.28494 1.45125 6.65444 0.0885754 -0.0300851 -0.0536034
733.458 -6.58841 1.03423 -6.16705 7.20838 1.3998 6.62572 0.0896445 -0.0300851 -0.0474948
733.475 -6.43519 0.919312 -6.5118 7.19043 1.37348 6.67717 0.0853684 -0.0232129 -0.0465785
733.491 -6.47349 0.919312 -5.97553 7.25623 1.30528 6.61974 0.0896445 -0.0288634 -0.0409279
733.508 -6.58841 1.14914 -6.43519 7.20957 1.34237 6.67358 0.091477 -0.0320704 -0.0363465
733.525 -6.5501 1.18745 -6.32027 7.30289 1.39621 6.63769 0.0913243 -0.0326813 -0.0418443
733.541 -6.47349 1.22575 -6.16705 7.22991 1.47039 6.65563 0.0916298 -0.0352775 -0.0479529
733.558 -6.5118 1.26405 -6.12875 7.22153 1.5338 6.67238 0.0899499 -0.0302378 -0.0571159
733.574 -6.58841 1.18745 -6.5118 7.24786 1.56132 6.64845 0.0896445 -0.0329867 -0.0536034
733.591 -6.47349 1.18745 -6.16705 7.24427 1.52782 6.65803 0.0926988 -0.0345139 -0.0470366
733.608 -6.62671 1.26405 -6.43519 7.29571 1.4668 6.65085 0.0913243 -0.0374155 -0.0458149
733.624 -6.70332 1.18745 -6.20536 7.38425 1.45005 6.65803 0.0881173 -0.030696 -0.0465785
733.641 -6.70332 1.03423 -6.43519 7.48833 1.44407 6.65085 0.0911716 -0.0384845 -0.0510072
733.657 -6.58841 1.22575 -6.12875 7.47039 1.44048 6.64487 0.0917825 -0.0397062 -0.0574213
733.674 -6.70332 1.26405 -6.12875 7.43569 1.47039 6.66162 0.0919352 -0.0394008 -0.0633773
733.691 -6.81823 1.30236 -6.16705 7.4668 1.48714 6.64845 0.0916298 -0.0381791 -0.0616974
733.707 -6.89484 1.22575 -6.12875 7.51944 1.46321 6.65085 0.087201 -0.0305433 -0.0591012
733.724 -6.97145 1.30236 -5.82231 7.61516 1.41416 6.64726 0.0881173 -0.0305433 -0.0604756
733.74 -6.85654 1.11084 -6.12875 7.65583 1.47637 6.64726 0.0899499 -0.0279471 -0.0653626
733.757 -6.93315 1.11084 -6.35858 7.68933 1.52542 6.65444 0.0876591 -0.02474 -0.0700968
733.774 -6.85654 1.22575 -6.28197 7.66541 1.56371 6.62811 0.0878119 -0.0255036 -0.062461
733.79 -7.00976 1.18745 -5.7457 7.57328 1.59242 6.65085 0.0875064 -0.0227547 -0.0610865
733.807 -6.77993 1.41727 -6.24366 7.48714 1.59003 6.67358 0.0853684 -0.0206167 -0.0609338
733.823 -6.77993 1.30236 -6.16705 7.4991 1.51107 6.63888 0.0867428 -0.0203113 -0.0601702
733.84 -6.66501 1.03423 -6.16705 7.51705 1.47996 6.64726 0.0894917 -0.0268781 -0.0581849
733.857 -6.89484 1.14914 -5.86062 7.47637 1.43689 6.56231 0.0890336 -0.0415388 -0.0494801
733.873 -6.66501 1.14914 -5.01791 7.56371 1.49791 5.25822 0.0951423 -0.0795652 -0.0694859
733.889 -6.85654 1.30236 -6.62671 7.78026 1.5003 5.21515 0.0951423 -0.0920879 -0.0875064
733.905 -6.89484 0.881008 -6.74162 7.7013 1.18564 8.22771 0.10064 -0.0734565 -0.071624
733.92 -6.58841 1.14914 -5.78401 7.47996 1.49671 6.52762 0.115759 -0.0177151 -0.071013
733.936 -6.5501 1.26405 -6.05214 7.14736 1.4345 6.75613 0.115454 -0.00244346 -0.0864374
733.951 -6.89484 1.57049 -6.28197 7.61037 1.89033 6.79202 0.102625 -0.0175624 -0.0642935
733.966 -6.77993 1.49388 -6.12875 7.61635 1.86281 6.66401 0.0897971 -0.00809396 -0.0149662
733.982 -6.5118 1.53219 -6.24366 7.30887 1.77428 6.67358 0.086132 -0.00549779 -0.00290161
733.997 -6.5118 1.68541 -5.89892 7.23948 1.8652 6.65444 0.0846048 -0.00320704 -0.00290161
734.013 -6.5118 1.6471 -5.59248 7.20479 1.8652 6.68794 0.0841467 -0.00839939 -0.0131336
734.029 -6.35858 1.6088 -6.20536 7.15095 1.7659 6.65324 0.0777326 -0.00870483 -0.0314596
734.044 -6.62671 1.41727 -5.86062 7.17966 1.68455 6.65683 0.0746782 -0.00839939 -0.0290161
734.672 -6.28197 1.30236 -5.93723 7.05882 1.59242 6.68076 0.0940732 -0.046273 -0.0386372
734.689 -6.20536 1.49388 -6.12875 7.06002 1.74915 6.68195 0.0972803 -0.052229 -0.0444404
734.705 -6.39688 1.57049 -6.24366 7.11864 1.80419 6.70349 0.0934624 -0.0487165 -0.046273
734.722 -6.39688 1.49388 -6.47349 7.2323 1.72881 6.69033 0.0910189 -0.052229 -0.0597121
734.738 -6.74162 1.53219 -6.20536 7.45364 1.83051 6.6999 0.0885754 -0.0540616 -0.0676533
734.754 -6.5118 1.26405 -6.47349 7.27418 1.64148 6.70827 0.0862847 -0.0497855 -0.0618501
734.771 -6.70332 1.18745 -6.35858 7.41057 1.48235 6.61017 0.0910189 -0.0510072 -0.0496328
734.787 -6.89484 1.11084 -6.16705 7.61396 1.39502 6.6329 0.0937678 -0.0500909 -0.0172569
734.804 -6.70332 1.11084 -6.05214 7.48594 1.38664 6.69033 0.0922406 -0.041997 -0.0106901
734.821 -6.58841 1.26405 -6.20536 7.47517 1.46321 6.64247 0.0943787 -0.045204 -0.0109956
734.837 -6.77993 1.22575 -6.35858 7.49671 1.6678 6.68554 0.0966694 -0.0465785 -0.00397062
734.854 -6.70332 1.34066 -6.16705 7.38305 1.7336 6.67358 0.0936151 -0.0409279 0.00229074
734.869 -6.58841 1.45558 -6.20536 7.37827 1.72044 6.67238 0.0951423 -0.0470366 -0.00870483
734.886 -6.5501 1.45558 -6.20536 7.34836 1.70728 6.67717 0.0878119 -0.0395535 -0.0135917
734.903 -6.5118 1.53219 -5.97553 7.29212 1.79222 6.6329 0.0890336 -0.036041 -0.00549779
734.919 -6.32027 1.6471 -6.01384 7.34118 1.92024 6.49651 0.0859793 -0.022602 0.0219911
734.936 -6.5501 1.53219 -3.2559 7.20598 2.02313 4.43509 0.0806342 -0.00198531 0.041997
734.952 -6.47349 1.41727 -4.51995 6.7681 1.85324 4.69472 0.0856738 0.00259618 0.251371
734.969 -6.5501 1.34066 -5.55418 7.35075 1.65224 5.732 0.0901026 0.00870483 0.316123
734.986 -6.43519 1.14914 -10.6104 7.11864 1.55653 6.94756 0.100945 0.0186314 0.298866
735.002 -6.09044 1.03423 -6.05214 7.23948 1.3651 10.3107 0.10064 -0.0135917 0.140652
735.019 -6.5118 0.612875 -6.12875 7.58166 1.03131 6.12921 0.0823141 -0.0499382 0.0759
735.035 -7.08637 0.57457 -6.16705 7.83529 0.79322 6.44147 0.0823141 -0.0464257 0.0109956
735.052 -7.04806 0.57457 -6.43519 7.72522 0.842273 6.59701 0.0868956 -0.044135 -0.0250455
735.069 -7.3545 0.689484 -5.97553 8.18943 0.985843 6.51565 0.0792598 -0.0369573 -0.0490219
735.085 -7.16298 0.842703 -6.24366 7.98844 1.04447 6.69392 0.087201 -0.032834 -0.0647517
735.102 -6.89484 1.34066 -6.47349 7.79701 1.32323 6.5671 0.0942259 -0.033903 -0.0639881
735.118 -6.66501 1.14914 -6.01384 7.45723 1.51466 6.55633 0.0949895 -0.0423024 -0.0623082
735.135 -6.28197 1.6088 -4.21351 7.04327 1.79342 4.91845 0.0923933 -0.0461203 -0.0752891
735.152 -6.05214 1.6471 -4.82639 6.7346 2.03988 5.40538 0.0726929 -0.025809 -0.0786489
735.168 -6.09044 1.80032 -7.77585 6.56949 2.02313 6.84467 0.0510072 -0.0222966 -0.0398589
735.185 -5.93723 1.26405 -7.92907 6.84227 1.84008 10.4566 0.0413861 -0.0305433 -0.0343612
735.201 -5.97553 0.766094 -5.86062 7.06959 1.15095 6.22014 0.0494801 -0.0401644 -0.0346666
735.218 -6.43519 0.881008 -6.09044 7.21197 1.28973 6.67837 0.0616974 -0.0432187 -0.0581849
735.234 -6.43519 0.65118 -6.01384 7.10309 1.17846 6.62811 0.0671951 -0.047342 -0.0508545
735.249 -6.24366 0.804398 -5.59248 7.05882 1.02173 6.62692 0.0607811 -0.0471893 -0.055436
735.265 -6.5118 0.766094 -6.12875 7.14018 1.08514 6.64845 0.0549779 -0.0583376 -0.0607811
735.281 -6.58841 0.689484 -6.24366 7.35793 1.02293 6.61376 0.0479529 -0.0578795 -0.0627664
735.298 -6.85654 0.842703 -6.20536 7.53978 1.19521 6.69511 0.0415388 -0.0675006 -0.0675006
735.315 -7.08637 0.766094 -6.16705 7.88913 1.0672 6.68554 0.0629191 -0.0681114 -0.0612392
735.331 -7.16298 0.881008 -6.16705 7.97647 1.09352 6.70349 0.0800233 -0.0485638 -0.034972
735.348 -7.04806 0.919312 -6.20536 7.80778 1.16889 6.65085 0.0798706 -0.0400117 -0.0117592
735.364 -7.00976 0.842703 -6.09044 7.67617 1.10189 6.64247 0.0781907 -0.0458149 -0.0251982
735.381 -7.00976 0.957617 -6.28197 7.68933 1.14018 6.65922 0.0820086 -0.0493274 -0.0607811
735.398 -6.81823 0.881008 -6.5501 7.65464 1.133 6.68794 0.0823141 -0.0459676 -0.0702495
735.414 -6.97145 0.766094 -6.20536 7.57208 1.07318 6.67358 0.0832304 -0.0398589 -0.0722348
735.431 -5.36266 0.153219 -6.16705 7.07438 0.899701 6.75613 0.0856738 -0.0346666 -0.0714712
735.447 -6.70332 0.727789 -6.28197 7.03729 0.93679 6.65563 0.0925461 -0.045204 -0.0438296
735.464 -6.74162 0.804398 -6.58841 7.45125 1.11266 6.69392 0.0966694 -0.0407752 -0.0400117
735.481 -6.58841 1.11084 -6.32027 7.38186 1.38066 6.65085 0.0923933 -0.0290161 -0.0618501
735.497 -6.5118 0.842703 -5.97553 7.19163 1.19402 6.70229 0.0858265 -0.0351248 -0.0665843
735.514 -6.5118 0.727789 -6.12875 7.27657 1.09831 6.66999 0.0817032 -0.0335976 -0.0595593
735.53 -6.5118 0.65118 -6.12875 7.15813 0.844666 6.66401 0.0832304 -0.0271835 -0.0445931
735.546 -6.5118 0.612875 -6.12875 7.35314 0.930808 6.6652 0.0896445 -0.0302378 -0.0487165
735.563 -6.58841 0.804398 -6.39688 7.41775 0.951147 6.68913 0.0910189 -0.0335976 -0.0615447
735.579 -6.77993 0.804398 -6.09044 7.535 1.08873 6.65922 0.0890336 -0.0256563 -0.0616974
735.596 -6.97145 1.14914 -6.39688 7.71565 1.25743 6.66162 0.0913243 -0.0314596 -0.0693332
735.613 -6.97145 0.995922 -6.16705 7.82572 1.27298 6.65085 0.0864374 -0.0200058 -0.0765108
735.629 -5.78401 1.76202 -6.16705 6.58863 1.05165 6.66999 0.0856738 -0.0177151 -0.0493274
735.646 -7.46941 1.03423 -6.28197 8.12243 1.32323 6.79561 0.0896445 -0.0230602 -0.0287107
735.662 -6.85654 1.07253 -6.24366 7.78265 1.38185 6.58385 0.0832304 -0.0074831 -0.0670424
735.679 -6.70332 0.804398 -6.32027 7.47398 1.01934 6.68674 0.0853684 -0.0244346 -0.0759
735.696 -6.58841 0.65118 -6.28197 7.43091 0.924826 6.58146 0.0910189 -0.022602 -0.0632245
735.712 -6.47349 0.842703 -6.35858 7.31605 1.05284 6.67837 0.102014 -0.0224493 -0.0423024
735.729 -6.35858 0.57457 -6.12875 7.05524 0.893719 6.7011 0.0991129 -0.0233656 -0.0352775
735.745 -6.39688 0.536266 -6.32027 7.15095 0.888933 6.68554 0.103847 -0.0253509 -0.0577268
735.762 -6.43519 0.881008 -6.01384 7.26461 1.10548 6.62692 0.106749 -0.0261145 -0.0598648
735.779 -6.70332 1.11084 -6.09044 7.54098 1.34237 6.7334 0.11301 -0.033903 -0.0571159
735.795 -5.47757 1.18745 -5.93723 7.02772 1.55653 6.61855 0.107818 -0.0310014 -0.0259618
735.812 -6.81823 0.842703 -6.24366 7.79342 1.4321 6.8327 0.104763 -0.0326813 0.0
735.828 -6.97145 1.18745 -6.09044 7.72044 1.29332 6.62214 0.104 -0.0210748 0.000458149
735.845 -7.31619 1.03423 -6.16705 8.19422 1.2993 6.62214 0.107512 -0.0326813 -0.0400117
735.862 -7.00976 0.727789 -6.24366 7.88913 1.02772 6.70708 0.111177 -0.0262672 -0.0734565
735.878 -6.89484 0.65118 -6.16705 7.68574 1.02054 6.67597 0.111177 -0.0271835 -0.0954477
735.895 -6.5501 0.421352 -6.24366 7.31366 0.664008 6.70947 0.102167 -0.0160352 -0.127213
735.911 -6.58841 0.536266 -5.97553 7.35673 0.689133 6.68913 0.10232 -0.0138972 -0.172417
735.928 -6.58841 0.497961 -5.86062 7.33759 0.698704 6.67597 0.0994183 -0.010232 -0.225104
735.945 -6.70332 0.804398 -6.16705 7.3675 1.05523 6.68195 0.100335 -0.00809396 -0.254578
735.961 -6.20536 0.727789 -5.78401 7.26341 1.07797 6.67238 0.099571 -0.00794125 -0.283441
735.978 -6.58841 0.919312 -6.39688 7.3005 1.25384 6.78963 0.106138 -0.0108429 -0.246026
735.994 -6.5501 0.881008 -6.39688 7.41775 1.31246 6.7011 0.111177 -0.0154243 -0.211512
736.011 -6.39688 1.07253 -6.28197 7.08514 1.42971 6.72024 0.114537 -0.014508 -0.12874
736.028 -6.5501 0.842703 -6.09044 7.14257 1.29691 6.72144 0.118355 -0.0189368 -0.0803288
736.044 -6.5501 1.30236 -6.20536 7.35194 1.50508 6.65803 0.117286 -0.0128282 -0.0505491
736.061 -6.77993 1.37897 -6.24366 7.36989 1.58285 6.6999 0.118661 -0.0177151 -0.0630718
736.077 -6.58841 1.30236 -6.16705 7.40818 1.54696 6.69153 0.116523 -0.020464 -0.103694
736.094 -6.62671 0.919312 -6.24366 7.3352 1.17248 6.72622 0.113926 -0.0164934 -0.101251
736.111 -6.35858 0.842703 -6.24366 7.21436 1.05763 6.7011 0.117897 -0.0149662 -0.103542
736.127 -6.39688 0.995922 -6.20536 6.99183 1.16172 6.72383 0.122478 -0.0189368 -0.105832
736.144 -6.81823 1.37897 -6.09044 7.43809 1.55773 6.74178 0.119424 -0.0142026 -0.102625
736.159 -6.58841 1.72371 -6.01384 7.28973 1.76112 6.6353 0.118355 -0.0152716 -0.119577
736.175 -6.43519 1.68541 -6.05214 7.19282 2.10449 6.7657 0.115912 -0.0140499 -0.139735
736.192 -6.70332 1.11084 -6.20536 7.26939 1.53021 6.73699 0.107054 -0.0224493 -0.15348
736.208 -6.74162 0.536266 -6.12875 7.3328 0.847059 6.65324 0.114079 -0.0207694 -0.0352775
736.224 -6.62671 0.65118 -6.24366 7.32323 0.792024 6.77767 0.128893 -0.0178678 0.0659734
736.247 -6.77993 0.957617 -6.16705 7.59242 1.21914 6.74895 0.132558 -0.014508 0.0603229
736.264 -7.12467 1.07253 -6.12875 7.81615 1.3005 6.72981 0.131183 -0.0129809 0.0209221
736.28 -7.3928 1.18745 -6.24366 8.07219 1.42253 6.70708 0.132863 -0.0128282 0.0111483
736.296 -7.3545 1.30236 -6.16705 8.16072 1.51346 6.69272 0.13042 0.00106901 0.0169515
736.313 -7.46941 1.45558 -6.20536 8.11645 1.60558 6.67956 0.133016 -0.000458149 0.0160352
736.329 -7.08637 1.6088 -5.86062 7.92503 1.83051 6.72263 0.133169 0.000763581 0.0065668
736.346 -7.08637 1.72371 -6.24366 7.76351 1.94417 6.71665 0.130572 0.00809396 -0.00702495
736.363 -6.85654 1.57049 -6.35858 7.56849 1.86879 6.71545 0.126144 0.0154243 -0.030696
736.379 -6.77993 1.6471 -6.35858 7.50269 1.9322 6.71785 0.121868 0.0167988 -0.0406225
736.396 -6.35858 1.53219 -6.32027 7.31486 1.90588 6.74536 0.11637 0.0155771 -0.0484111
736.412 -6.28197 1.6088 -6.32027 7.07557 1.82692 6.77886 0.110108 0.0183259 -0.0572686
736.429 -6.32027 1.57049 -6.28197 7.03609 1.75394 6.75853 0.104305 0.0181732 -0.0681114
736.445 -6.20536 1.18745 -6.28197 6.95593 1.54217 6.77169 0.105069 0.0154243 -0.0743728
736.46 -5.93723 1.03423 -6.58841 6.67837 1.29811 6.79561 0.102778 0.0155771 -0.0923933
736.477 -5.86062 0.881008 -6.24366 6.5324 1.19043 6.81236 0.101556 0.0103847 -0.127213
736.493 -5.7457 0.766094 -6.05214 6.45703 1.11266 6.80519 0.100182 0.0103847 -0.142332
736.51 -5.78401 0.727789 -6.39688 5.88395 0.923629 6.80519 0.106291 -0.000610865 -0.150731
736.527 -4.9413 0.957617 -6.47349 5.62074 1.0995 6.84347 0.110872 -0.0148135 -0.147371
736.543 -4.9413 1.07253 -6.47349 5.37787 1.20239 6.8315 0.109956 -0.0198531 -0.161574
736.56 -4.32843 0.881008 -6.09044 5.07996 1.33041 6.78485 0.110108 -0.0222966 -0.161421
736.575 -4.48165 1.18745 -6.20536 5.3683 1.34477 6.88654 0.115912 -0.0484111 -0.118661
736.591 -6.47349 1.76202 -6.39688 5.81815 1.45962 6.86979 0.118508 -0.0520762 -0.0496328
736.607 -8.61855 2.87285 -6.12875 10.1719 3.49711 6.64128 0.110108 -0.0372628 -0.0218384
736.623 -7.43111 2.14506 -5.51587 8.11525 2.38325 6.12443 0.0616974 0.00839939 0.0815505
736.64 -7.54602 1.22575 -7.12467 8.59741 2.3665 7.21555 0.091477 -0.0377209 0.0988074
736.656 -7.3545 1.6088 -5.78401 8.26122 1.70847 6.34935 0.110872 -0.0342084 0.104763
736.673 -6.89484 1.41727 -6.39688 7.74556 1.73958 6.89252 0.130267 -0.0401644 0.0751364
736.69 -6.97145 1.37897 -6.35858 7.90349 1.64267 6.84826 0.121868 -0.0409279 0.0271835
736.706 -6.47349 1.22575 -6.39688 7.75035 1.67258 6.89731 0.0968221 -0.00855211 -0.0865901
736.723 -6.09044 0.995922 -6.24366 6.76211 1.34357 6.74058 0.0885754 -0.00458149 -0.132558
736.739 -6.16705 1.22575 -6.24366 6.9679 1.45723 6.81954 0.0897971 -0.0201585 -0.18891
736.756 -5.86062 1.34066 -6.47349 6.6006 1.63789 6.82792 0.0885754 -0.0148135 -0.183565
736.772 -5.86062 1.14914 -6.43519 6.42114 1.6666 6.78724 0.08827 -0.0157298 -0.140499
736.787 -6.12875 1.07253 -6.24366 6.76451 1.3675 6.82672 0.0942259 -0.0259618 -0.0262672
736.804 -6.12875 1.14914 -6.32027 6.88175 1.50748 6.83749 0.104153 -0.0251982 0.0607811
736.821 -6.09044 1.07253 -6.28197 6.80519 1.40578 6.79801 0.104916 -0.0276416 0.10064
736.837 -6.01384 0.957617 -6.35858 6.9332 1.27896 6.79202 0.111941 -0.0375682 0.183718
736.854 -6.35858 1.03423 -6.47349 6.97747 1.37946 6.81356 0.117897 -0.0383318 0.239001
736.87 -6.39688 1.03423 -6.39688 7.08873 1.3663 6.79801 0.115606 -0.0361938 0.269239
736.887 -6.5501 0.919312 -6.5118 7.29332 1.23709 6.82313 0.115148 -0.0395535 0.264199
736.904 -6.5118 0.881008 -6.35858 7.28853 1.13898 6.80399 0.117286 -0.0374155 0.233045
736.92 -6.35858 0.919312 -6.5118 7.18325 1.1988 6.81356 0.115454 -0.03711 0.186467
736.937 -6.5118 0.842703 -6.24366 7.22153 1.18205 6.8016 0.113926 -0.0383318 0.15745
736.953 -6.47349 1.03423 -6.12875 7.31725 1.2682 6.81356 0.110261 -0.034972 0.0997237
736.97 -6.5501 1.26405 -6.32027 7.33639 1.46082 6.81475 0.108276 -0.0331394 0.0592539
736.987 -6.43519 1.34066 -6.35858 7.34357 1.55174 6.78365 0.107207 -0.0351248 0.0311541
737.003 -6.5118 1.34066 -6.32027 7.24905 1.59123 6.74297 0.106749 -0.0313068 0.0245873
737.019 -6.43519 0.995922 -6.20536 7.21197 1.36271 6.66401 0.122784 -0.0284052 0.00152716
737.035 -6.47349 1.30236 -6.05214 7.24307 1.64267 6.69511 0.137903 -0.0277944 -0.00458149
737.051 -6.47349 1.6471 -6.5118 7.1342 1.75992 7.21197 0.135307 -0.030696 -0.000916298
737.068 -6.43519 1.45558 -6.35858 7.14138 1.92024 6.81715 0.096364 -0.0334449 0.02474
737.084 -6.43519 1.18745 -6.16705 7.16052 1.54935 6.67358 0.0746782 -0.0340557 0.0644463
737.101 -6.5118 1.07253 -6.39688 7.17607 1.56132 6.63888 0.0821613 -0.044135 0.090408
737.117 -6.58841 0.881008 -6.74162 7.34357 1.25025 6.93559 0.0873537 -0.0361938 0.101556
737.134 -6.62671 0.957617 -6.32027 7.33759 1.1653 6.77408 0.0930042 -0.0366519 0.105222
737.151 -6.5501 0.727789 -6.01384 7.29571 0.991825 6.79681 0.0876591 -0.0337503 0.0778853
737.167 -6.47349 0.689484 -6.32027 7.27059 0.928415 6.81236 0.085063 -0.031765 0.0152716
737.184 -6.39688 0.612875 -6.24366 7.20239 0.842273 6.8004 0.0835358 -0.0348193 -0.0151189
737.2 -6.5118 0.497961 -6.35858 7.22513 0.782453 6.79801 0.0804815 -0.034972 -0.0520762
737.217 -6.35858 0.57457 -6.28197 7.27538 0.807577 6.8004 0.0824668 -0.0354302 -0.0523817
737.234 -6.62671 0.536266 -6.24366 7.31246 0.768096 6.80519 0.0858265 -0.0404698 -0.0332921
737.25 -6.66501 0.612875 -6.28197 7.34237 0.759721 6.77886 0.0901026 -0.0358883 0.0311541
737.267 -6.58841 0.383047 -6.32027 7.28734 0.842273 6.78485 0.0956004 -0.0401644 0.112094
737.282 -6.58841 0.612875 -6.39688 7.31007 0.894915 6.78485 0.0980438 -0.0427606 0.15348
737.298 -6.58841 0.727789 -6.16705 7.33161 1.05882 6.79083 0.104611 -0.0390954 0.211054
737.314 -6.62671 0.842703 -6.43519 7.32921 1.21914 6.80399 0.108276 -0.0375682 0.248775
737.33 -6.5501 0.881008 -6.39688 7.29332 1.21914 6.80877 0.106291 -0.0386372 0.260992
737.347 -6.66501 0.804398 -6.20536 7.33759 1.09831 6.76451 0.104916 -0.0358883 0.289703
737.363 -6.74162 0.727789 -6.20536 7.44885 1.07557 6.75494 0.101251 -0.0400117 0.318719
737.379 -6.66501 0.727789 -5.82231 7.51466 1.05523 6.72742 0.0917825 -0.0401644 0.343917
737.396 -6.85654 0.344742 -6.28197 7.57926 0.751346 6.79442 0.0888809 -0.0384845 0.355371
737.412 -6.66501 0.191523 -6.05214 7.53141 0.451047 6.79561 0.0966694 -0.0375682 0.375835
737.429 -6.66501 0.153219 -6.32027 7.39023 0.317049 6.81595 0.106291 -0.032834 0.399964
737.446 -6.5501 0.153219 -6.09044 7.31246 0.333799 6.79801 0.10797 -0.0287107 0.405309
737.462 -6.43519 0.114914 -6.24366 7.22393 0.375673 6.80279 0.114232 -0.0340557 0.381943
737.479 -6.5118 0.153219 -6.39688 7.19761 0.307478 6.80638 0.110872 -0.036041 0.336892
737.495 -6.39688 0.191523 -6.28197 7.17248 0.302692 6.79681 0.106749 -0.032834 0.280387
737.512 -6.20536 0.306437 -6.16705 7.11147 0.363709 6.77049 0.108581 -0.0342084 0.249691
737.529 -6.24366 0.421352 -6.01384 7.00259 0.571884 6.7669 0.0960585 -0.0302378 0.179442
737.545 -6.05214 0.383047 -6.43519 6.9667 0.616152 6.74776 0.074831 -0.0284052 0.0936151
737.562 -6.20536 0.268133 -6.05214 7.00379 0.54317 6.77169 0.0653626 -0.0293215 0.0505491
737.578 -6.24366 -0.0383047 -6.24366 7.14138 0.159123 6.81954 0.0661261 -0.0157298 -0.0406225
737.595 -6.70332 0.191523 -6.16705 7.30528 0.301496 6.79681 0.078038 -0.0171042 -0.113315
737.612 -6.5118 0.0766094 -6.20536 7.34477 0.284746 6.8016 0.0852157 -0.0207694 -0.135765
737.628 -6.81823 -0.0383047 -6.24366 7.34118 0.215354 6.82194 0.0810924 -0.0128282 -0.138666
737.645 -6.5118 0.0383047 -6.20536 7.31964 0.221336 6.8327 0.0849102 -0.0200058 -0.139735
737.661 -6.5501 0.114914 -6.39688 7.28494 0.290728 6.83749 0.0856738 -0.0288634 -0.124464
737.677 -6.66501 0.114914 -6.20536 7.33041 0.308674 6.82672 0.0887282 -0.0418443 -0.102778
737.694 -6.66501 0.153219 -5.97553 7.34596 0.354138 6.79202 0.089339 -0.0426078 -0.0865901
737.71 -6.5501 0.153219 -6.32027 7.30528 0.434297 6.79083 0.0910189 -0.0407752 -0.0613919
737.727 -6.66501 0.229828 -6.16705 7.31486 0.441475 6.80638 0.0922406 -0.0418443 -0.0467312
737.743 -6.66501 0.0766094 -6.28197 7.3663 0.393619 6.81117 0.0920879 -0.0426078 -0.0406225
737.76 -6.47349 -0.0766094 -6.43519 7.38066 0.241675 6.7992 0.0928515 -0.0444404 -0.0279471
737.777 -6.66501 0.114914 -6.24366 7.41177 0.264407 6.78604 0.0956004 -0.044135 -0.00916297
737.793 -6.74162 0.191523 -6.05214 7.36869 0.282353 6.79561 0.0978911 -0.0447459 -0.00641408
737.81 -6.62671 0.268133 -6.20536 7.35314 0.446261 6.77169 0.0972803 -0.0468839 -0.0131336
737.826 -6.74162 0.306437 -6.32027 7.39382 0.498903 6.79442 0.0919352 -0.0400117 -0.0335976
737.842 -6.70332 0.229828 -6.28197 7.40818 0.482154 6.80638 0.0922406 -0.0387899 -0.0386372
737.859 -6.58841 0.497961 -6.28197 7.334 0.55992 6.75254 0.0896445 -0.0346666 -0.0213803
737.875 -6.77993 0.497961 -6.32027 7.47757 0.707079 6.77886 0.0930042 -0.0395535 0.00839939
737.892 -6.89484 0.306437 -6.32027 7.69771 0.549153 6.8315 0.0936151 -0.0427606 0.00992656
737.908 -6.81823 0.229828 -6.09044 7.63669 0.394816 6.77767 0.0879646 -0.0392481 0.0335976
737.925 -6.77993 0.153219 -6.20536 7.44048 0.411565 6.77527 0.0881173 -0.0331394 0.0415388
737.942 -6.77993 0.191523 -6.16705 7.52303 0.43669 6.75972 0.0926988 -0.0293215 0.0647517
737.958 -6.62671 0.0766094 -6.20536 7.55414 0.276371 6.80638 0.087201 -0.0314596 0.064599
737.975 -6.77993 -0.0766094 -6.20536 7.54935 0.165105 6.81117 0.0855211 -0.031765 0.046273
737.991 -6.66501 -0.153219 -6.12875 7.602 0.0574277 6.76331 0.0876591 -0.0380264 0.0323759
738.008 -6.58841 0.0383047 -6.16705 7.40818 0.11007 6.79442 0.0862847 -0.0284052 0.00458149
738.025 -6.62671 0.0383047 -6.24366 7.29452 0.148355 6.78006 0.0833831 -0.0245873 -0.0343612
738.041 -6.35858 -0.0766094 -6.24366 7.20718 0.141176 6.79083 0.0878119 -0.0325286 -0.0510072
738.058 -6.43519 -0.0383047 -6.35858 7.20359 0.138784 6.77288 0.0830777 -0.0291688 -0.0665843
738.074 -6.70332 0.0766094 -6.24366 7.23829 0.154337 6.78963 0.0842994 -0.0299324 -0.0682642
738.091 -6.5501 0.0 -6.28197 7.26939 0.149551 6.78843 0.0849102 -0.0329867 -0.0714712
738.108 -6.47349 0.0 -6.05214 7.28375 0.157926 6.78724 0.0855211 -0.0320704 -0.0739146
738.124 -6.62671 -0.0383047 -6.20536 7.267 0.131605 6.79083 0.0855211 -0.0354302 -0.085063
738.141 -6.5501 0.0383047 -6.24366 7.27178 0.160319 6.78365 0.0849102 -0.0311541 -0.0865901
738.157 -6.39688 0.114914 -6.20536 7.28255 0.210568 6.78604 0.0885754 -0.0390954 -0.0826195
738.174 -6.35858 0.0383047 -6.28197 7.26939 0.270389 6.79322 0.0852157 -0.033903 -0.074831
738.191 -6.5118 0.0 -6.28197 7.28734 0.339781 6.78365 0.0870483 -0.0358883 -0.0705549
738.207 -6.35858 0.114914 -6.20536 7.2993 0.354138 6.78126 0.0876591 -0.0403171 -0.0745255
738.223 -6.5118 0.0383047 -6.24366 7.25504 0.329013 6.7992 0.0862847 -0.0363465 -0.0771217
738.238 -6.47349 0.114914 -6.62671 7.267 0.302692 6.79681 0.0864374 -0.0401644 -0.0740674
738.255 -6.58841 0.153219 -6.28197 7.30169 0.323031 6.78006 0.0853684 -0.0380264 -0.0600175
738.272 -6.47349 -0.459656 -6.20536 7.40459 0.34337 6.78963 0.086132 -0.0394008 -0.0508545
738.288 -6.62671 -1.07253 -6.12875 7.49312 -1.02413 6.74656 0.0658207 -0.0335976 -0.0186314
738.305 -6.89484 0.0 -5.89892 7.67378 0.0323031 6.70827 0.0965167 -0.031765 -0.098502
738.322 -7.12467 0.957617 -6.28197 7.84606 0.95354 6.6006 0.106596 -0.0445931 -0.172569
738.338 -6.5501 0.0 -6.35858 7.4991 0.757328 6.87697 0.0830777 -0.0384845 -0.144928
738.355 -6.20536 0.0 -6.20536 6.89013 -0.0478564 6.77647 0.0804815 -0.0297797 -0.12538
738.371 -6.32027 0.689484 -6.28197 7.15813 0.916451 6.79322 0.100335 -0.0380264 -0.0789543
738.388 -6.62671 0.497961 -6.39688 7.34357 0.928415 6.82313 0.0925461 -0.0400117 -0.00671952
738.405 -6.62671 0.268133 -6.01384 7.35793 0.418744 6.79202 0.0899499 -0.03711 0.0699441
738.421 -6.70332 0.306437 -6.35858 7.37946 0.641276 6.78006 0.0959058 -0.0389426 0.0560469
738.438 -6.70332 0.229828 -6.09044 7.44048 0.539581 6.80758 0.0852157 -0.0410807 0.0459676
738.454 -6.74162 0.0766094 -6.32027 7.48355 0.181854 6.78245 0.0859793 -0.0412334 0.0270308
738.471 -6.62671 0.0383047 -6.01384 7.49073 0.151944 6.7669 0.0868956 -0.0381791 -0.0114537
738.488 -6.74162 -0.0766094 -6.28197 7.56969 0.0825523 6.77169 0.0809396 -0.0352775 -0.0284052
738.504 -6.85654 -0.0383047 -6.24366 7.51226 0.0311067 6.78604 0.0807869 -0.0361938 -0.0557414
738.521 -6.74162 0.0766094 -6.09044 7.4345 0.144766 6.77169 0.0836885 -0.0354302 -0.0690278
738.536 -6.62671 0.0 -6.05214 7.38903 0.157926 6.78245 0.0783434 -0.0270308 -0.0749837
738.552 -6.58841 -0.114914 -6.32027 7.36271 0.132802 6.79561 0.0798706 -0.0290161 -0.0757473
738.569 -6.5118 0.0383047 -6.16705 7.33639 0.190229 6.79202 0.081245 -0.0291688 -0.0620028
738.584 -6.66501 0.0 -6.28197 7.32921 0.212961 6.80519 0.0817032 -0.0303905 -0.0426078
738.6 -6.66501 0.114914 -6.12875 7.34357 0.196211 6.78365 0.0820086 -0.0325286 -0.0374155
738.616 -6.43519 -0.0766094 -6.32027 7.25623 0.217747 6.78843 0.0875064 -0.0401644 -0.0392481
738.633 -6.32027 -0.0766094 -6.24366 7.23709 0.153141 6.79083 0.083994 -0.0313068 -0.0423024
738.65 -6.5501 -0.0766094 -6.01384 7.28255 0.138784 6.78126 0.083994 -0.0322231 -0.0484111
738.666 -6.70332 -0.114914 -6.35858 7.3005 0.128016 6.77408 0.0849102 -0.0369573 -0.0488692
738.683 -6.62671 -0.153219 -6.24366 7.31964 0.0897308 6.77647 0.0868956 -0.0424551 -0.0418443
738.699 -6.47349 0.0 -6.12875 7.33161 0.102891 6.77886 0.0864374 -0.0390954 -0.0384845
738.716 -6.35858 -0.114914 -6.01384 7.31725 0.125623 6.77288 0.0867428 -0.0378736 -0.031765
738.733 -6.5501 -0.0383047 -6.12875 7.30169 0.141176 6.77288 0.087201 -0.0386372 -0.0276416
738.749 -6.81823 0.0766094 -6.20536 7.31486 0.168694 6.77647 0.086132 -0.0348193 -0.0253509
738.765 -6.66501 -0.0383047 -6.20536 7.334 0.167498 6.77169 0.0870483 -0.0369573 -0.0180205
738.781 -6.47349 -0.0383047 -6.28197 7.32084 0.165105 6.77767 0.091477 -0.044135 -0.0189368
738.798 -6.58841 0.0 -6.20536 7.38903 0.17348 6.77527 0.0902553 -0.0418443 -0.0120646
738.815 -6.5501 0.0 -5.93723 7.41416 0.230907 6.78126 0.0870483 -0.0380264 -0.00519235
738.831 -6.70332 0.191523 -6.32027 7.42493 0.2333 6.77647 0.0890336 -0.0392481 -0.00442877
738.848 -6.70332 0.0383047 -6.24366 7.45962 0.253639 6.77169 0.0876591 -0.0400117 -0.00213803
738.864 -6.62671 0.0766094 -6.24366 7.42014 0.165105 6.75254 0.0870483 -0.0409279 0.00946841
738.881 -6.74162 -0.114914 -6.32027 7.34118 0.0550349 6.7657 0.0876591 -0.0363465 0.029627
738.898 -6.5501 -0.0766094 -6.28197 7.35194 0.0370887 6.77886 0.0891863 -0.0387899 0.0383318
738.914 -6.77993 -0.0766094 -6.39688 7.42134 0.0227318 6.77049 0.089339 -0.0345139 0.0467312
738.931 -6.77993 -0.229828 -6.20536 7.49192 -0.0430708 6.75494 0.0891863 -0.0326813 0.0450513
738.947 -6.58841 -0.191523 -6.20536 7.48236 -0.0514457 6.75972 0.0901026 -0.0355829 0.0412334
738.964 -6.70332 -0.0383047 -5.93723 7.48714 -0.0275174 6.74895 0.0919352 -0.0423024 0.0352775
738.981 -6.74162 -0.191523 -6.09044 7.401 -0.0299103 6.75374 0.0867428 -0.0326813 0.0177151
738.997 -6.5118 -0.153219 -6.24366 7.38186 -0.0478564 6.74656 0.0894917 -0.0374155 0.000152716
739.014 -6.62671 -0.114914 -6.20536 7.40219 -0.0311067 6.75135 0.0891863 -0.0323759 -0.00809396
739.03 -6.70332 0.0 -6.16705 7.4345 0.0658026 6.75494 0.0881173 -0.0334449 -0.00794125
739.047 -6.47349 0.0383047 -6.05214 7.34357 0.09332 6.75972 0.0890336 -0.0372628 -0.0227547
739.064 -6.58841 -0.229828 -6.24366 7.39621 -0.0275174 6.78126 0.0867428 -0.0340557 -0.0268781
739.08 -6.62671 -0.153219 -6.09044 7.41536 -0.0251246 6.77049 0.0897971 -0.0363465 -0.0273362
739.096 -6.77993 -0.114914 -6.43519 7.41057 0.144766 6.77049 0.086132 -0.0305433 -0.0438296
739.113 -6.70332 -0.0766094 -6.09044 7.40578 0.11007 6.73938 0.0829249 -0.0291688 -0.0879646
739.129 -6.70332 -0.114914 -6.70332 7.42134 0.0323031 6.7657 0.0817032 -0.0313068 -0.117897
739.146 -6.58841 -0.114914 -6.20536 7.37946 0.0346959 6.77288 0.0777326 -0.0197004 -0.119424
739.162 -6.58841 -0.0766094 -6.05214 7.30528 0.116052 6.77647 0.0829249 -0.0319177 -0.103083
739.179 -6.47349 -0.0383047 -6.24366 7.29332 0.101695 6.78724 0.0823141 -0.0294742 -0.0864374
739.196 -6.70332 0.0766094 -6.01384 7.28614 0.0945165 6.77049 0.0835358 -0.0314596 -0.0772744
739.212 -6.66501 -0.0766094 -6.35858 7.31725 0.0394815 6.72263 0.090408 -0.0325286 -0.0558941
739.229 -6.43519 -0.153219 -6.16705 7.30887 0.0478564 6.80519 0.095295 -0.0268781 -0.0589485
739.245 -6.43519 -0.114914 -5.97553 7.27896 0.0442672 6.78245 0.0971275 -0.0241292 -0.067806
739.262 -6.62671 -0.153219 -6.24366 7.3005 0.0418744 6.80758 0.0948368 -0.0242819 -0.0638354
739.279 -6.70332 -0.191523 -6.05214 7.40698 -0.00837488 6.7681 0.0832304 -0.0361938 -0.0525344
739.295 -6.66501 -0.229828 -6.20536 7.41775 -0.0717846 6.77169 0.0827722 -0.0397062 -0.0455095
739.312 -6.81823 0.0766094 -6.28197 7.38784 0.00478564 6.77288 0.0849102 -0.0354302 -0.0520762
739.328 -6.70332 -0.0383047 -6.32027 7.34955 0.0586241 6.7657 0.0826195 -0.0355829 -0.0586431
739.345 -6.66501 -0.0766094 -5.93723 7.32323 -0.0370887 6.74417 0.0815505 -0.0342084 -0.0713185
739.362 -6.74162 -0.191523 -6.24366 7.41775 -0.0514457 6.80399 0.0849102 -0.0368046 -0.0650571
739.378 -6.66501 -0.114914 -6.35858 7.41536 -0.0849452 6.73579 0.0879646 -0.0415388 -0.0563523
739.395 -6.5501 -0.0766094 -6.28197 7.41177 -0.0334995 6.7669 0.086132 -0.0366519 -0.0390954
739.411 -6.5501 -0.0766094 -6.24366 7.37946 0.0813559 6.7657 0.0881173 -0.0383318 -0.0467312
739.428 -6.5501 -0.0383047 -6.24366 7.32682 0.0693918 6.75733 0.0849102 -0.0354302 -0.0630718
739.445 -6.66501 -0.153219 -6.01384 7.33759 0.0454636 6.7657 0.0835358 -0.0340557 -0.0700968
739.461 -6.66501 -0.114914 -6.16705 7.37946 0.0358923 6.7681 0.0823141 -0.0342084 -0.0682642
739.478 -6.89484 -0.153219 -6.12875 7.41775 -0.00717846 6.76092 0.0859793 -0.0390954 -0.0561996
739.494 -6.62671 -0.114914 -6.16705 7.42852 0.00239282 6.75733 0.0865901 -0.0384845 -0.0490219
739.511 -6.81823 -0.153219 -6.16705 7.39143 0.0275174 6.77886 0.0846048 -0.0348193 -0.0500909
739.528 -6.74162 -0.0766094 -6.32027 7.41536 0.0107677 6.76929 0.085063 -0.0335976 -0.0552833
739.544 -6.74162 -0.153219 -6.16705 7.41536 0.0107677 6.74058 0.087201 -0.0397062 -0.0505491
739.561 -6.77993 -0.268133 -5.78401 7.45005 -0.15673 6.81715 0.0887282 -0.0394008 -0.0484111
739.576 -6.81823 -0.114914 -6.39688 7.4656 -0.187837 6.74417 0.0856738 -0.0325286 -0.0374155
739.592 -6.66501 -0.229828 -6.20536 7.46202 -0.12682 6.76451 0.0894917 -0.0320704 -0.0526871
739.609 -6.62671 -0.0766094 -6.39688 7.41177 0.0957129 6.74656 0.087201 -0.0299324 -0.0586431
739.624 -6.58841 -0.0383047 -6.12875 7.35314 0.0957129 6.73938 0.087201 -0.0355829 -0.0714712
739.641 -6.62671 -0.114914 -6.12875 7.37228 -0.00957129 6.75853 0.0873537 -0.034972 -0.0778853
739.657 -6.70332 -0.421352 -6.20536 7.37109 -0.149551 6.77049 0.0867428 -0.03711 -0.0671951
739.674 -6.62671 -0.57457 -6.16705 7.40937 -0.57667 6.72981 0.0875064 -0.0390954 -0.0546724
