829.836 4.86469 -5.43926 -5.89892 -4.67797 -5.36112 6.77408 0.0956004 -0.0334449 -0.0571159
829.853 5.82231 -5.82231 -6.5501 -4.11087 -5.38983 6.86859 0.0652099 -0.0163406 -0.818559
829.868 5.7457 -4.71148 -5.7074 -5.67458 -5.01296 6.24886 0.0409279 -0.0143553 -1.41431
829.885 4.13691 -4.78809 -6.47349 -4.62173 -4.41954 7.06122 0.00931569 -0.0300851 -1.40316
829.902 3.56234 -5.66909 -6.35858 -2.97069 -5.40897 6.87099 0.0514654 -0.032834 -0.474642
829.918 3.83047 -6.35858 -6.32027 -3.42413 -6.45942 6.92483 0.078038 -0.0242819 -0.351858
829.935 4.67317 -5.47757 -6.43519 -4.56072 -5.14576 6.57428 0.0907135 -0.00901026 -0.20128
829.951 5.01791 -6.09044 -6.39688 -4.8658 -5.90189 6.87338 0.0759 -0.032834 0.224951
829.968 4.71148 -6.24366 -6.39688 -4.53799 -6.10768 6.94038 0.099571 -0.0445931 0.401491
829.985 4.903 -6.05214 -6.24366 -4.79282 -6.02034 6.71545 0.100945 -0.0406225 0.348804
830.001 5.36266 -6.01384 -6.20536 -5.05962 -5.92104 6.6317 0.0858265 -0.0314596 0.0919352
830.017 5.09452 -5.86062 -6.20536 -4.98185 -5.91505 6.8315 0.0772744 -0.0363465 -0.18219
830.033 4.71148 -5.86062 -6.35858 -4.78564 -5.85045 6.81356 0.0766636 -0.0303905 -0.267254
830.049 4.74978 -5.97553 -6.24366 -4.50329 -5.80379 6.79561 0.0807869 -0.0325286 -0.30192
830.066 4.0986 -6.24366 -6.24366 -4.15513 -5.98923 6.74895 0.0794125 -0.0314596 -0.203723
830.082 4.21351 -6.09044 -6.28197 -4.09172 -6.05862 6.76929 0.0829249 -0.030696 -0.138208
830.099 4.44334 -5.89892 -6.35858 -4.27119 -5.81815 6.77886 0.0890336 -0.0277944 -0.133321
830.115 4.63487 -5.93723 -6.28197 -4.49252 -5.82413 6.78843 0.086132 -0.0284052 -0.176235
830.132 4.51995 -5.89892 -6.24366 -4.50688 -5.8325 6.77288 0.0844521 -0.030696 -0.215788
830.149 4.44334 -6.09044 -6.47349 -4.54875 -5.90548 6.74536 0.0862847 -0.0325286 -0.218079
830.165 4.44334 -6.09044 -6.35858 -4.28913 -5.87797 6.78126 0.0847575 -0.0273362 -0.164628
830.182 4.21351 -6.01384 -6.32027 -4.16949 -5.96889 6.8004 0.0894917 -0.0276416 -0.0867428
830.198 4.32843 -6.16705 -6.05214 -4.20299 -6.06102 6.75135 0.0966694 -0.0323759 -0.036041
830.214 4.51995 -5.97553 -6.5501 -4.37288 -6.02991 6.7669 0.0960585 -0.0331394 -0.0497855
830.23 4.48165 -5.93723 -6.39688 -4.47218 -5.86959 6.78126 0.0934624 -0.0282525 -0.113468
830.245 4.44334 -5.82231 -6.20536 -4.50449 -5.81336 6.75853 0.0925461 -0.0308487 -0.126755
830.261 4.32843 -5.97553 -6.20536 -4.30947 -5.78345 6.78963 0.0957531 -0.0340557 -0.0934624
830.277 4.32843 -6.24366 -6.20536 -4.30828 -6.09093 6.76331 0.0981966 -0.0314596 -0.0368046
830.292 4.44334 -6.16705 -6.05214 -4.35613 -6.07657 6.78245 0.0992656 -0.0314596 -0.0383318
830.308 4.29012 -5.89892 -6.32027 -4.18505 -5.97368 6.80279 0.0959058 -0.0271835 -0.0623082
830.322 4.02199 -5.59248 -6.05214 -4.09651 -5.72004 6.78245 0.0968221 -0.0274889 -0.0841467
830.338 4.903 -6.01384 -6.5118 -4.51047 -5.866 6.81835 0.0997237 -0.0261145 -0.0592539
830.354 4.74978 -5.89892 -6.28197 -4.64207 -5.69851 6.7322 0.100487 -0.0310014 -0.0447459
830.369 4.67317 -5.93723 -6.28197 -4.66481 -5.81575 6.77408 0.0951423 -0.0264199 -0.0423024
830.972 2.64302 -6.70332 -6.28197 -2.56391 -6.84467 6.90568 0.0818559 -0.0294742 -0.253967
830.988 2.98777 -5.47757 -6.20536 -4.12762 -5.18644 6.67837 0.10064 -0.0120646 -0.0757473
831.005 4.51995 -6.58841 -6.05214 -4.6325 -5.65663 6.67956 0.0832304 -0.0288634 0.187688
831.022 4.21351 -6.62671 -6.39688 -4.04865 -6.4654 6.96311 0.0949895 -0.0595593 0.694401
831.038 4.59656 -6.47349 -6.43519 -4.41954 -6.55753 6.79801 0.112246 -0.0502437 0.710436
831.054 5.17113 -6.5501 -5.97553 -4.63609 -6.56112 6.53719 0.105069 -0.0438296 0.350942
831.071 5.13283 -6.39688 -6.16705 -4.89212 -6.42592 6.57787 0.0858265 -0.0404698 0.105222
831.087 4.63487 -6.20536 -6.5118 -4.53918 -6.2668 6.87936 0.0693332 -0.0345139 -0.337198
831.103 4.48165 -6.20536 -6.47349 -4.41835 -6.19502 6.84108 0.0719294 -0.0270308 -0.523206
831.119 3.98369 -6.24366 -6.28197 -3.95055 -6.14237 6.71904 0.0705549 -0.025809 -0.516792
831.135 3.94538 -5.93723 -6.43519 -3.66341 -6.00479 6.82792 0.0704022 -0.0265726 -0.474948
831.152 3.83047 -5.97553 -6.35858 -3.61436 -5.90309 6.8674 0.0708604 -0.0255036 -0.537256
831.167 4.21351 -6.01384 -5.97553 -3.87876 -5.88873 6.76451 0.0717766 -0.0276416 -0.599869
831.184 4.13691 -6.39688 -6.32027 -3.99242 -6.14955 6.72622 0.0610865 -0.0230602 -0.686918
831.2 3.60064 -6.5501 -6.24366 -3.65504 -6.43789 6.75853 0.0598648 -0.020464 -0.653167
831.217 3.52403 -6.77993 -6.20536 -3.54018 -6.5013 6.80997 0.0665843 -0.0203113 -0.497092
831.234 3.79216 -6.85654 -6.20536 -3.71486 -6.60419 6.80997 0.0736092 -0.0239765 -0.392481
831.25 3.67725 -6.93315 -6.39688 -3.67537 -6.81236 6.7992 0.086132 -0.0316123 -0.199142
831.267 3.63894 -7.00976 -6.12875 -3.5653 -6.88534 6.71785 0.0969748 -0.0311541 -0.0832304
831.283 3.67725 -6.70332 -6.09044 -3.72802 -6.72622 6.6664 0.0966694 -0.0261145 -0.0729984
831.3 3.90708 -6.5118 -6.43519 -3.81057 -6.34816 6.81954 0.103694 -0.0345139 -0.0429133
831.317 4.0603 -6.20536 -6.43519 -3.95653 -6.10528 6.90688 0.109803 -0.0369573 0.0018326
831.333 4.0603 -6.35858 -6.32027 -3.99841 -6.07537 6.81954 0.105222 -0.0387899 -0.0416915
831.349 3.83047 -6.58841 -6.20536 -3.77468 -6.41875 6.71904 0.096364 -0.0343612 -0.0801761
831.364 3.86877 -6.58841 -6.28197 -3.68973 -6.47378 6.75135 0.0957531 -0.032834 -0.14676
831.381 3.94538 -6.74162 -6.5118 -3.72323 -6.42233 6.8016 0.103847 -0.0369573 -0.138972
831.397 4.25182 -5.51587 -6.81823 -3.54138 -6.64128 7.12702 0.10232 -0.0363465 -0.14508
831.413 5.43926 -8.08229 -6.97145 -5.02373 -7.95494 7.66541 0.0183259 0.00366519 -2.41612
831.43 4.25182 -3.56234 -5.01791 -3.97208 -3.65862 5.65663 -0.0316123 -0.0279471 -3.15054
831.447 2.79624 -5.09452 -5.82231 -3.9661 -4.61456 6.52283 -0.076969 -0.0377209 -3.2608
831.463 1.83862 -6.47349 -6.43519 -2.20857 -4.80239 6.81595 -0.036041 -0.0561996 -2.3164
831.48 1.22575 -5.63079 -6.97145 -1.7336 -5.04048 7.05404 0.0161879 -0.0381791 -1.05237
831.496 1.45558 -5.97553 -6.43519 -1.68694 -5.14217 6.92004 0.0821613 -0.052229 0.468534
831.513 2.87285 -7.08637 -6.09044 -2.34975 -6.61137 7.05045 0.0936151 -0.0526871 0.746477
831.53 2.79624 -7.50772 -6.32027 -2.534 -7.50628 6.74656 0.0897971 -0.0603229 0.850782
831.546 3.02607 -8.1972 -6.39688 -2.41675 -8.534 6.9332 0.0621555 -0.0510072 0.0720821
831.562 3.44742 -7.85246 -5.7457 -2.9659 -8.19661 6.41994 0.0313068 -0.0423024 -0.462578
831.578 3.10268 -7.66094 -5.40096 -2.94078 -7.49791 6.08016 0.000763581 -0.0470366 -0.96593
831.595 2.10676 -7.08637 -6.16705 -2.13799 -6.96909 6.64965 0.0125227 -0.0335976 -0.95524
831.612 2.03015 -6.97145 -5.82231 -2.03031 -6.76211 6.66999 0.0505491 -0.0109956 -0.642936
831.628 2.64302 -7.16298 -6.24366 -2.26959 -7.18804 6.72622 0.054367 -0.00259618 -0.720363
831.645 2.52811 -6.85654 -6.09044 -2.41436 -6.82553 6.72503 0.0416915 -0.00259618 -0.876439
831.661 2.33659 -6.89484 -6.20536 -1.95494 -6.82553 6.81236 0.0331394 -0.0109956 -1.00793
831.678 1.95354 -7.16298 -6.5118 -1.82812 -6.85065 6.84826 0.0351248 -0.01237 -1.03526
831.694 1.76202 -7.43111 -6.16705 -1.72044 -7.29571 6.71665 0.0364992 -0.00885754 -0.964556
831.71 1.6471 -7.66094 -6.16705 -1.62473 -7.5015 6.70349 0.0432187 -0.0143553 -0.724028
831.727 1.72371 -7.69924 -6.05214 -1.63549 -7.56012 6.73938 0.0591012 -0.0268781 -0.429438
831.743 1.57049 -7.43111 -6.01384 -1.59242 -7.37228 6.76211 0.0662789 -0.0253509 -0.298408
831.76 1.68541 -7.46941 -6.20536 -1.57687 -7.31007 6.65563 0.076969 -0.032834 -0.149815
831.777 1.87693 -7.3545 -6.39688 -1.37348 -7.45125 6.69511 0.0749837 -0.0245873 -0.147066
831.793 2.03015 -7.58433 -6.09044 -1.7659 -7.60917 6.72861 0.0627664 -0.00962113 -0.323148
831.809 1.95354 -7.3928 -6.20536 -1.70847 -7.29212 6.72263 0.0707076 -0.0342084 -0.297033
831.825 1.80032 -7.46941 -5.97553 -1.37348 -7.45005 6.66879 0.0675006 -0.0352775 -0.447917
831.842 1.6471 -7.3928 -6.35858 -1.37946 -7.38784 6.64128 0.0647517 -0.0250455 -0.566425
831.859 1.57049 -7.27789 -6.24366 -1.61515 -7.2012 6.63649 0.0537561 -0.0212276 -0.644157
831.875 1.11084 -7.46941 -6.62671 -1.05404 -7.44766 6.72622 0.0577268 -0.03711 -0.523664
831.892 1.07253 -7.85246 -6.12875 -0.823131 -7.73599 6.65922 0.0717766 -0.0259618 -0.555887
831.908 1.37897 -7.77585 -5.78401 -1.02652 -7.67378 6.63649 0.0687223 -0.0152716 -0.665079
831.925 1.30236 -7.3928 -6.05214 -1.22512 -7.32443 6.61017 0.0560469 -0.0224493 -0.815963
831.942 1.14914 -7.20128 -6.05214 -0.876969 -7.25863 6.7011 0.0561996 -0.033903 -0.796568
831.958 1.03423 -7.62263 -6.32027 -0.741775 -7.42373 6.75135 0.0534507 -0.0189368 -0.935082
831.975 1.18745 -7.3545 -5.82231 -1.12104 -7.33639 6.5683 0.0505491 -0.0105374 -0.97265
831.991 1.14914 -7.3545 -6.28197 -0.98345 -7.20957 6.63769 0.0474948 -0.0239765 -0.8546
832.008 0.881008 -7.27789 -6.28197 -0.35653 -7.22393 6.77288 0.0626137 -0.0262672 -0.655916
832.025 0.536266 -7.27789 -6.39688 -0.285942 -7.21675 6.6664 0.0661261 -0.021533 -0.593303
832.041 0.57457 -7.50772 -6.09044 -0.525224 -7.4345 6.61376 0.0591012 -0.00946841 -0.61621
832.058 0.842703 -7.54602 -6.39688 -0.551545 -7.38066 6.65563 0.0595593 -0.0250455 -0.566272
832.074 0.459656 -7.58433 -6.20536 -0.101695 -7.63549 6.64845 0.0586431 -0.0219911 -0.578794
832.091 0.57457 -7.62263 -6.01384 -0.196211 -7.6343 6.57308 0.0606284 -0.0195477 -0.6747
832.108 0.497961 -7.3928 -6.20536 -0.431904 -7.48236 6.62572 0.0507018 -0.0160352 -0.85964
832.124 0.0 -7.50772 -6.05214 -0.144766 -7.31486 6.72861 0.054367 -0.0251982 -0.712116
832.141 0.153219 -7.46941 -6.20536 0.133998 -7.34118 6.78006 0.064599 -0.0125227 -0.497092
832.157 0.306437 -7.58433 -6.12875 0.0598205 -7.44646 6.67597 0.0690278 -0.0120646 -0.442877
832.174 0.268133 -7.69924 -6.43519 -0.066999 -7.5996 6.59222 0.0696386 -0.0177151 -0.405614
832.191 0.268133 -7.66094 -6.20536 0.0179462 -7.62832 6.64845 0.0696386 -0.0181732 -0.462425
832.207 0.191523 -7.43111 -6.12875 0.276371 -7.54816 6.55274 0.0642935 -0.0119119 -0.786642
832.224 0.153219 -7.23959 -5.97553 0.0789631 -7.41177 6.50249 0.0448986 0.0 -1.01999
832.24 0.306437 -6.93315 -6.05214 0.195015 -6.932 6.51326 0.032834 -0.0120646 -1.17561
832.257 -0.114914 -7.12467 -6.43519 0.573081 -7.01097 6.91525 0.0253509 -0.00992656 -1.17347
832.274 -0.383047 -7.20128 -6.09044 0.740578 -6.95593 6.79322 0.0297797 -0.00885754 -1.09879
832.29 -0.689484 -7.3545 -6.09044 0.885344 -7.17727 6.65683 0.0364992 -0.0148135 -0.863763
832.307 -0.919312 -7.46941 -6.16705 1.47996 -7.39621 6.64247 0.043066 -0.0152716 -0.607505
832.323 -0.612875 -7.89076 -5.97553 1.30409 -7.69412 6.64965 0.0447459 -0.00534507 -0.612087
832.34 -0.459656 -7.96737 -5.93723 0.939182 -7.89392 6.5336 0.0471893 -0.00152716 -0.602313
832.357 -0.65118 -8.1589 -6.05214 1.01336 -8.15952 6.60658 0.0493274 -0.00320704 -0.596357
832.373 -0.383047 -8.00568 -6.16705 0.898505 -7.85922 6.65803 0.0507018 0.000305433 -0.620028
832.39 -0.344742 -7.58433 -6.05214 0.800399 -7.65942 6.64128 0.0529926 -0.00274889 -0.649502
832.406 -0.57457 -7.31619 -6.12875 0.853041 -7.3651 6.67358 0.0542143 -0.00427606 -0.648891
832.423 -0.804398 -7.62263 -6.28197 1.07438 -7.44646 6.60419 0.0595593 -0.0116064 -0.597426
832.44 -0.804398 -7.66094 -6.12875 1.20957 -7.535 6.59342 0.0627664 -0.0106901 -0.401491
832.456 -0.689484 -7.73755 -6.47349 1.23589 -7.54576 6.58146 0.0684169 -0.010232 -0.282678
832.473 -1.11084 -7.73755 -6.16705 1.5326 -7.70967 6.61137 0.0803288 -0.0181732 -0.0969748
832.489 -1.34066 -7.85246 -6.28197 1.94177 -7.83769 6.6018 0.091477 -0.0232129 -0.073762
832.506 -1.45558 -7.92907 -6.16705 2.02552 -7.8987 6.5683 0.0937678 -0.0167988 -0.142332
832.523 -0.842703 -7.73755 -6.28197 1.68215 -7.78624 6.54317 0.0949895 -0.0143553 -0.160352
832.539 -0.727789 -7.62263 -6.09044 1.27178 -7.52782 6.61735 0.0981966 -0.01237 -0.111788
832.556 -0.727789 -7.54602 -6.01384 1.02532 -7.37228 6.5671 0.103542 -0.0161879 0.000152716
832.572 -0.536266 -7.23959 -5.97553 0.9667 -7.29093 6.63649 0.106749 -0.0163406 0.0510072
832.589 -0.612875 -7.12467 -6.24366 1.04207 -7.13061 6.61256 0.108887 -0.0229074 0.0835358
832.606 -0.536266 -7.16298 -6.32027 1.14377 -7.07318 6.61974 0.0986547 -0.0171042 0.0158825
832.622 -0.459656 -7.04806 -6.12875 1.0995 -7.02772 6.62333 0.0934624 -0.0198531 -0.057574
832.639 -0.497961 -7.00976 -6.62671 0.926022 -6.96191 6.65444 0.091477 -0.0171042 -0.0587958
832.655 -0.65118 -7.31619 -6.12875 1.18564 -7.14497 6.62811 0.091477 -0.02474 -0.0274889
832.671 -0.689484 -7.50772 -6.12875 1.28973 -7.3675 6.61615 0.0916298 -0.0299324 0.00229074
832.688 -0.842703 -7.62263 -5.78401 1.30648 -7.44885 6.64367 0.0899499 -0.0279471 0.00641408
832.704 -0.65118 -7.54602 -6.09044 1.22632 -7.53021 6.60658 0.0879646 -0.0213803 -0.00916297
832.721 -0.421352 -7.46941 -6.32027 0.933201 -7.45484 6.64487 0.0928515 -0.0268781 -0.0206167
832.738 -0.268133 -7.43111 -6.01384 0.800399 -7.38425 6.60897 0.0920879 -0.0259618 -0.00687223
832.753 -0.268133 -7.23959 -6.39688 0.788435 -7.30169 6.63649 0.0917825 -0.0311541 -0.00519235
832.771 -0.459656 -7.46941 -6.20536 1.03848 -7.35314 6.62094 0.0916298 -0.0345139 -0.0146608
832.786 -0.497961 -7.3545 -6.01384 1.1677 -7.31007 6.62692 0.0916298 -0.0386372 -0.0251982
832.803 -0.727789 -7.43111 -6.47349 1.19641 -7.33041 6.61974 0.0868956 -0.0355829 -0.0392481
832.82 -0.536266 -7.54602 -6.09044 1.10788 -7.48833 6.62333 0.0897971 -0.0392481 -0.0421497
832.836 -0.421352 -7.66094 -5.93723 0.971486 -7.57687 6.58863 0.0917825 -0.0387899 -0.0128282
832.853 -0.421352 -7.77585 -6.01384 0.914058 -7.58405 6.60658 0.0928515 -0.0380264 0.0397062
832.869 -0.727789 -7.50772 -6.20536 1.09831 -7.51346 6.63051 0.096364 -0.0406225 0.0552833
832.885 -0.804398 -7.58433 -5.97553 1.27298 -7.50748 6.60299 0.0983493 -0.044135 0.0720821
832.901 -0.689484 -7.3545 -6.20536 1.08395 -7.47278 6.60299 0.0978911 -0.0413861 0.0945314
832.917 -0.766094 -7.3928 -6.24366 1.38784 -7.79342 6.52283 0.100487 -0.0384845 0.124769
832.934 -0.383047 -7.73755 -6.20536 0.90329 -7.74915 6.62333 0.103847 -0.0366519 0.180969
832.95 -0.421352 -7.58433 -6.39688 0.902094 -7.56012 6.58744 0.109039 -0.0491747 0.203876
832.967 -0.497961 -7.46941 -6.16705 0.908076 -7.50508 6.61256 0.111636 -0.0487165 0.225715
832.984 -0.383047 -7.3545 -5.86062 0.926022 -7.31007 6.62572 0.11301 -0.0511599 0.234419
833.0 -0.421352 -7.43111 -5.97553 0.83988 -7.31964 6.62931 0.109956 -0.0496328 0.266184
833.017 -0.229828 -7.31619 -5.82231 0.788435 -7.30768 6.61855 0.112399 -0.0569632 0.330783
833.033 -0.306437 -7.20128 -6.09044 0.64008 -7.24786 6.59342 0.115759 -0.0592539 0.364228
833.05 -0.459656 -7.54602 -6.20536 1.18325 -7.3651 6.64128 0.115759 -0.055436 0.431882
833.067 -0.612875 -7.12467 -6.20536 1.05523 -6.9655 6.64845 0.122173 -0.0600175 0.488387
833.083 -0.957617 -7.81416 -6.20536 0.916451 -7.44168 6.64965 0.117439 -0.057574 0.484722
833.1 0.0 -7.73755 -6.05214 0.550349 -7.67378 6.67238 0.12202 -0.0578795 0.495106
833.116 -0.114914 -8.04398 -6.05214 0.276371 -7.95255 6.57906 0.12538 -0.0548251 0.520152
833.133 0.114914 -7.77585 -6.24366 0.113659 -7.74915 6.62094 0.129351 -0.0584903 0.569479
833.15 0.0383047 -7.62263 -6.12875 0.157926 -7.64507 6.6317 0.130725 -0.0658207 0.604451
833.166 0.191523 -7.54602 -5.93723 0.162712 -7.39621 6.64606 0.129198 -0.0702495 0.604604
833.183 0.191523 -7.43111 -6.16705 0.161515 -7.32323 6.65683 0.127518 -0.0725402 0.569479
833.198 0.153219 -7.3545 -5.7457 0.174676 -7.33639 6.59103 0.12202 -0.0658207 0.511294
833.215 0.114914 -7.54602 -6.09044 0.167498 -7.41775 6.59821 0.121562 -0.0606284 0.481056
833.232 0.153219 -7.62263 -6.16705 0.150748 -7.47278 6.61615 0.123395 -0.0591012 0.417526
833.248 0.191523 -7.54602 -6.16705 0.087338 -7.57567 6.6652 0.137445 -0.0630718 0.506254
833.265 0.153219 -7.58433 -6.16705 0.113659 -7.62353 6.70588 0.132863 -0.0613919 0.606283
833.281 0.268133 -7.77585 -5.97553 0.00358923 -7.95255 6.59581 0.129351 -0.0586431 0.626137
833.298 0.344742 -7.66094 -6.24366 0.290728 -7.69891 6.67597 0.136681 -0.0568105 0.709367
833.315 0.153219 -7.58433 -6.16705 0.0849452 -7.61037 6.65803 0.131336 -0.0487165 0.459829
833.331 0.459656 -7.81416 -6.35858 -0.0921237 -7.61874 6.58863 0.123242 -0.052229 0.39019
833.348 0.421352 -7.3928 -6.24366 -0.307478 -7.49791 6.67119 0.12034 -0.0500909 0.37782
833.364 0.421352 -7.43111 -6.16705 -0.354138 -7.23589 6.68315 0.126907 -0.0459676 0.423788
833.381 0.536266 -7.50772 -6.20536 -0.397208 -7.2682 6.69033 0.128587 -0.0474948 0.462272
833.398 0.536266 -7.31619 -6.05214 -0.396012 -7.34836 6.65803 0.128434 -0.0505491 0.459065
833.414 0.689484 -7.27789 -6.24366 -0.384048 -7.22393 6.73579 0.125991 -0.047342 0.465174
833.431 0.57457 -7.3928 -6.24366 -0.684347 -7.39143 6.6652 0.117133 -0.0415388 0.381333
833.447 0.727789 -7.43111 -6.16705 -0.625723 -7.3663 6.63888 0.118813 -0.0450513 0.474948
833.463 0.459656 -7.20128 -6.24366 -0.379262 -7.27178 6.68195 0.126449 -0.0429133 0.600786
833.48 0.727789 -7.31619 -6.16705 -0.54317 -7.24307 6.66162 0.134848 -0.0395535 0.630107
833.496 0.919312 -7.31619 -6.32027 -0.678365 -7.28494 6.66281 0.131336 -0.0423024 0.634994
833.513 1.11084 -7.50772 -6.16705 -0.857827 -7.37707 6.70469 0.127824 -0.0433714 0.60048
833.53 1.49388 -7.54602 -6.16705 -1.17368 -7.58644 6.65444 0.122173 -0.0375682 0.477849
833.546 1.53219 -7.54602 -6.05214 -1.3005 -7.53021 6.67597 0.115606 -0.0290161 0.311083
833.563 1.49388 -7.43111 -6.09044 -1.39741 -7.39861 6.68076 0.114079 -0.0337503 0.26649
833.579 1.07253 -7.16298 -6.28197 -1.12343 -7.09233 6.68076 0.118508 -0.0322231 0.414777
833.596 1.18745 -7.12467 -6.39688 -0.991825 -7.04566 6.72144 0.134238 -0.0320704 0.610101
833.612 1.30236 -7.20128 -6.12875 -1.01695 -7.07797 6.74058 0.135917 -0.0282525 0.67409
833.635 1.53219 -7.08637 -6.12875 -1.3675 -7.1653 6.67358 0.129809 -0.0270308 0.604604
833.651 1.6471 -7.20128 -6.24366 -1.50389 -7.18086 6.69751 0.119577 -0.025809 0.478002
833.666 1.68541 -7.27789 -6.24366 -1.59482 -7.24427 6.6999 0.114079 -0.0192422 0.430354
833.683 1.95354 -7.27789 -6.09044 -1.79821 -7.23709 6.67956 0.116064 -0.0259618 0.348499
833.699 1.95354 -7.23959 -6.01384 -1.89751 -7.19043 6.73938 0.115454 -0.0253509 0.352927
833.716 1.99184 -7.16298 -6.16705 -1.83649 -7.17607 6.73101 0.118661 -0.0253509 0.383929
833.733 2.06845 -7.27789 -6.20536 -1.83888 -7.20838 6.72742 0.122937 -0.0248928 0.391259
833.749 2.10676 -7.08637 -6.12875 -1.95733 -7.17846 6.71186 0.114537 -0.0210748 0.346819
833.766 2.06845 -7.23959 -6.24366 -1.94177 -7.14736 6.71306 0.112857 -0.0241292 0.287717
833.782 2.22167 -6.81823 -5.89892 -2.02911 -6.88774 6.70469 0.110108 -0.0213803 0.302836
833.799 2.06845 -6.97145 -6.12875 -1.9681 -6.84467 6.72263 0.115301 -0.0259618 0.361021
833.816 2.22167 -7.00976 -6.01384 -2.16311 -6.85783 6.68794 0.113468 -0.0213803 0.420581
833.832 2.41319 -7.12467 -6.32027 -2.28036 -6.90449 6.71665 0.117592 -0.0244346 0.490219
833.849 2.4898 -7.23959 -6.20536 -2.333 -7.0995 6.72981 0.116523 -0.0235183 0.484874
833.865 2.68133 -7.23959 -6.20536 -2.45623 -7.12104 6.71785 0.117439 -0.031765 0.417221
833.882 2.71963 -7.08637 -6.32027 -2.6333 -6.95354 6.70827 0.113774 -0.0302378 0.448375
833.899 2.83455 -7.08637 -6.12875 -2.60818 -6.97029 6.73819 0.118355 -0.0401644 0.514654
833.915 2.83455 -7.04806 -6.32027 -2.61775 -6.95952 6.73579 0.122784 -0.0351248 0.63927
833.932 2.83455 -6.97145 -6.39688 -2.68116 -6.92722 6.71904 0.130114 -0.0368046 0.709672
833.948 2.87285 -6.93315 -6.24366 -2.74816 -6.94636 6.69033 0.131336 -0.043066 0.720057
833.965 3.37081 -6.77993 -6.58841 -2.91685 -6.85424 6.7322 0.129503 -0.0348193 0.722501
833.982 3.21759 -6.93315 -6.24366 -3.09511 -6.87577 6.71306 0.128434 -0.0354302 0.695928
833.998 3.17929 -6.93315 -6.20536 -3.10469 -6.88175 6.70827 0.125991 -0.0406225 0.622166
834.015 3.33251 -6.81823 -6.24366 -3.13579 -6.83509 6.73819 0.123089 -0.0416915 0.516181
834.031 3.37081 -6.66501 -6.24366 -3.22911 -6.62214 6.73101 0.119424 -0.0410807 0.463647
834.048 3.52403 -6.5118 -6.24366 -3.41456 -6.47258 6.72742 0.116217 -0.0381791 0.40088
834.065 3.52403 -6.47349 -6.5118 -3.47198 -6.40439 6.74058 0.11301 -0.0415388 0.36713
834.081 3.56234 -6.47349 -6.24366 -3.50548 -6.41875 6.74776 0.111177 -0.0433714 0.349109
834.098 3.52403 -6.47349 -6.47349 -3.37747 -6.42233 6.74417 0.109498 -0.0429133 0.302378
834.113 3.2942 -6.35858 -6.09044 -3.33918 -6.34217 6.7334 0.107818 -0.0445931 0.266337
834.129 3.40912 -6.39688 -6.12875 -3.30449 -6.3003 6.7322 0.105832 -0.0426078 0.264352
834.145 3.37081 -6.43519 -6.01384 -3.23868 -6.37926 6.74776 0.105527 -0.0500909 0.279165
834.162 3.37081 -6.58841 -6.28197 -3.29611 -6.42353 6.7322 0.104458 -0.0427606 0.300698
834.178 3.52403 -6.66501 -6.32027 -3.2997 -6.47019 6.74776 0.104916 -0.044135 0.296422
834.194 3.52403 -6.62671 -6.16705 -3.42891 -6.50608 6.7322 0.100335 -0.0415388 0.247706
834.209 3.44742 -6.47349 -6.16705 -3.51386 -6.51206 6.73699 0.097433 -0.0375682 0.157145
834.225 3.75386 -6.47349 -6.39688 -3.58086 -6.47378 6.77408 0.0971275 -0.0456622 0.113315
834.241 3.79216 -6.43519 -6.28197 -3.61795 -6.37926 6.75613 0.0936151 -0.0369573 0.0471893
834.258 3.86877 -6.35858 -6.43519 -3.74596 -6.30748 6.76092 0.0870483 -0.0322231 -0.00671952
834.275 3.90708 -6.32027 -6.20536 -3.79143 -6.24646 6.75135 0.086132 -0.0308487 -0.0342084
834.29 3.86877 -6.35858 -6.35858 -3.70409 -6.26441 6.76092 0.0833831 -0.0332921 -0.0644463
834.306 3.56234 -6.39688 -6.5118 -3.47318 -6.47258 6.71067 0.0833831 -0.0389426 -0.101251
834.322 3.63894 -6.43519 -6.20536 -3.61077 -6.3685 6.73579 0.0841467 -0.0380264 -0.1237
834.338 3.48573 -6.43519 -6.12875 -3.59761 -6.2333 6.66879 0.0841467 -0.0404698 -0.113621
834.355 3.52403 -6.43519 -6.24366 -3.44447 -6.49412 6.77049 0.0823141 -0.0416915 -0.120951
834.371 3.56234 -6.62671 -6.35858 -3.45164 -6.54796 6.72861 0.0803288 -0.0335976 -0.113774
834.388 3.56234 -6.62671 -6.24366 -3.47916 -6.51326 6.71426 0.0833831 -0.0395535 -0.10736
834.405 3.60064 -6.5501 -6.01384 -3.50548 -6.49651 6.73699 0.0841467 -0.0410807 -0.086132
834.421 3.48573 -6.5118 -6.24366 -3.43968 -6.5324 6.73938 0.0838412 -0.034972 -0.0757473
834.438 3.33251 -6.66501 -6.09044 -3.33559 -6.53599 6.72024 0.0810924 -0.0325286 -0.0813978
834.454 3.37081 -6.62671 -6.24366 -3.24586 -6.53958 6.7334 0.085063 -0.036041 -0.0856738
834.471 3.44742 -6.70332 -6.32027 -3.26381 -6.55753 6.72144 0.0864374 -0.0369573 -0.076969
834.488 3.44742 -6.5501 -6.20536 -3.29731 -6.55035 6.74656 0.0865901 -0.0337503 -0.0621555
834.504 3.56234 -6.66501 -6.24366 -3.38106 -6.54796 6.74895 0.0847575 -0.0279471 -0.0497855
834.521 3.40912 -6.62671 -6.5118 -3.38584 -6.51565 6.74178 0.087201 -0.0331394 -0.03711
834.537 3.40912 -6.58841 -6.28197 -3.38584 -6.49531 6.72742 0.0867428 -0.025809 -0.0453567
834.553 3.52403 -6.66501 -6.12875 -3.40858 -6.51326 6.72024 0.0876591 -0.0335976 -0.0561996
834.569 3.48573 -6.62671 -6.32027 -3.51147 -6.50489 6.7322 0.0885754 -0.0337503 -0.0731511
834.584 3.44742 -6.5501 -6.16705 -3.54018 -6.54796 6.72981 0.0875064 -0.0291688 -0.0742201
834.601 3.52403 -6.70332 -6.24366 -3.53898 -6.57906 6.72981 0.0865901 -0.0290161 -0.0690278
834.617 3.56234 -6.58841 -6.32027 -3.51266 -6.5324 6.7322 0.0917825 -0.03711 -0.0670424
834.634 3.40912 -6.62671 -6.28197 -3.43968 -6.46062 6.72861 0.0897971 -0.0332921 -0.076969
834.651 3.63894 -6.43519 -6.12875 -3.4672 -6.40678 6.72024 0.0887282 -0.0320704 -0.0937678
834.667 3.63894 -6.5118 -6.12875 -3.51266 -6.41276 6.74178 0.086132 -0.0291688 -0.101098
834.684 3.63894 -6.85654 -6.09044 -3.59043 -6.57188 6.71306 0.0849102 -0.0303905 -0.109039
834.7 3.75386 -6.89484 -6.09044 -3.67657 -6.73101 6.7346 0.0858265 -0.0276416 -0.11973
834.717 3.75386 -6.93315 -6.24366 -3.66341 -6.79322 6.72622 0.0836885 -0.0332921 -0.131641
834.734 3.79216 -6.85654 -6.05214 -3.57607 -6.84706 6.71186 0.0888809 -0.0337503 -0.136528
834.75 3.63894 -6.93315 -6.28197 -3.40379 -6.73819 6.72024 0.0901026 -0.0294742 -0.149662
834.767 3.48573 -6.70332 -6.12875 -3.30927 -6.54915 6.72144 0.0908662 -0.0316123 -0.164934
834.782 3.37081 -6.5501 -6.24366 -3.14058 -6.48814 6.74058 0.0928515 -0.0329867 -0.173028
834.799 3.2559 -6.47349 -6.05214 -3.10588 -6.4355 6.75015 0.0919352 -0.030696 -0.166613
834.816 3.17929 -6.70332 -6.24366 -3.11426 -6.57069 6.72144 0.0920879 -0.0290161 -0.143095
834.832 3.17929 -6.66501 -6.24366 -3.08195 -6.66999 6.70229 0.0930042 -0.0268781 -0.121257
834.849 3.2942 -7.00976 -6.16705 -3.15494 -6.82433 6.73101 0.0968221 -0.0319177 -0.115759
834.865 3.56234 -6.97145 -6.47349 -3.42293 -6.99183 6.73579 0.0971275 -0.0270308 -0.124158
834.882 3.56234 -7.23959 -6.28197 -3.71964 -7.04566 6.71785 0.101556 -0.0250455 -0.131947
834.899 4.02199 -6.81823 -6.01384 -3.85244 -6.96072 6.72144 0.104305 -0.0300851 -0.136223
834.915 3.90708 -6.66501 -6.24366 -3.82612 -6.66162 6.72861 0.106749 -0.0329867 -0.150425
834.932 3.56234 -6.39688 -6.5118 -3.6012 -6.1986 6.74178 0.102473 -0.0332921 -0.173028
837.03 2.98777 -7.12467 -6.39688 -2.75773 -7.03489 6.74776 0.0775799 -0.0273362 -0.446084
837.046 2.91116 -7.12467 -6.24366 -2.74098 -6.96909 6.72861 0.0725402 -0.0262672 -0.510836
837.063 2.68133 -7.27789 -5.93723 -2.7661 -7.08275 6.72263 0.074831 -0.0271835 -0.548251
837.079 2.68133 -7.08637 -6.32027 -2.59382 -7.00379 6.78245 0.0755945 -0.0276416 -0.542601
837.096 2.41319 -7.08637 -6.32027 -2.37846 -6.99063 6.71545 0.0760527 -0.0293215 -0.530536
837.113 2.33659 -6.97145 -6.16705 -2.12961 -6.78604 6.69511 0.0781907 -0.0276416 -0.490067
837.13 2.10676 -7.04806 -6.35858 -2.14158 -6.97508 6.75374 0.0784962 -0.0248928 -0.452193
837.147 2.10676 -6.74162 -6.01384 -2.15115 -6.75015 6.75733 0.0836885 -0.0274889 -0.330173
837.163 2.10676 -6.74162 -6.24366 -2.09492 -6.64965 6.77049 0.0858265 -0.0300851 -0.205098
837.18 2.64302 -6.85654 -6.39688 -2.27079 -6.86859 6.70708 0.090408 -0.0326813 -0.0951423
837.197 2.29828 -7.04806 -6.32027 -2.21575 -6.91765 6.73819 0.0939205 -0.0389426 -0.071624
837.213 2.14506 -7.16298 -6.66501 -2.10329 -7.17727 6.7346 0.0897971 -0.0255036 -0.043066
837.23 2.10676 -7.3545 -6.20536 -1.96331 -7.16291 6.7322 0.0933096 -0.0288634 -0.0760527
837.246 2.06845 -7.04806 -6.12875 -1.95494 -7.13659 6.74058 0.0945314 -0.0212276 -0.112552
837.263 2.14506 -7.20128 -6.16705 -2.03151 -7.17966 6.73579 0.0934624 -0.0200058 -0.129809
837.28 2.03015 -7.12467 -6.24366 -2.25284 -7.01336 6.73819 0.0949895 -0.021533 -0.169515
837.296 2.60472 -6.93315 -6.28197 -2.41196 -6.72981 6.72981 0.0922406 -0.0180205 -0.187841
837.313 2.75794 -6.97145 -6.28197 -2.49452 -6.95354 6.77767 0.0910189 -0.0154243 -0.176082
837.329 2.56641 -7.16298 -6.20536 -2.31027 -6.91765 6.79322 0.0859793 -0.0155771 -0.230143
837.346 2.75794 -7.00976 -6.24366 -2.4658 -6.99063 6.73938 0.0827722 -0.0190895 -0.385609
837.363 2.22167 -7.31619 -6.5118 -2.15115 -6.78724 6.81954 0.0693332 -0.0108429 -0.565661
837.379 2.52811 -7.16298 -6.16705 -2.30429 -6.91525 6.71186 0.0671951 -0.00901026 -0.621403
837.396 2.22167 -7.00976 -5.89892 -2.11286 -6.82911 6.74656 0.0670424 -0.0108429 -0.620486
837.412 2.10676 -7.31619 -6.35858 -2.07577 -7.11984 6.79681 0.0722348 -0.0146608 -0.456469
837.429 2.06845 -7.3928 -6.24366 -2.06142 -7.22153 6.74895 0.0856738 -0.0186314 -0.237474
837.446 2.22167 -7.23959 -5.97553 -2.21934 -7.09113 6.69272 0.0930042 -0.0291688 -0.140499
837.462 2.29828 -7.3928 -6.20536 -2.12961 -7.18086 6.77288 0.0998765 -0.0335976 0.0467312
837.479 1.87693 -7.3545 -6.09044 -1.92383 -7.27178 6.75374 0.0994183 -0.029627 0.0450513
837.495 2.18337 -7.12467 -6.24366 -1.87717 -7.1665 6.67478 0.0971275 -0.0262672 -0.0177151
837.512 2.25998 -7.00976 -5.93723 -2.06381 -6.98465 6.72263 0.0923933 -0.0262672 -0.155923
837.529 2.10676 -7.00976 -6.35858 -1.98006 -6.87458 6.74776 0.08827 -0.0213803 -0.129198
837.545 2.03015 -7.27789 -6.24366 -1.90708 -7.22991 6.86979 0.091477 -0.0253509 -0.0424551
837.562 2.4898 -7.3928 -6.39688 -1.90947 -7.34118 6.81595 0.0899499 -0.0287107 -0.133779
837.578 2.4898 -6.58841 -5.93723 -2.44187 -6.99302 6.59462 0.071013 -0.0230602 -0.625068
837.595 2.18337 -7.12467 -6.43519 -2.04227 -6.92483 6.74178 0.0513127 -0.0222966 -0.820697
837.612 1.07253 -6.85654 -6.28197 -1.55533 -6.67956 6.83509 0.0682642 -0.0175624 -0.52962
837.628 1.6471 -7.20128 -6.43519 -1.17248 -6.96191 6.92602 0.076969 -0.0166461 -0.360563
837.645 2.06845 -7.46941 -6.05214 -1.97767 -7.22153 6.6353 0.0956004 -0.030696 -0.0557414
837.661 2.18337 -8.00568 -6.28197 -2.07218 -8.00159 6.72383 0.100945 -0.0361938 0.203876
837.678 2.41319 -7.73755 -6.20536 -2.12483 -7.95374 6.76331 0.107054 -0.0392481 0.199906
837.695 2.06845 -7.04806 -6.20536 -2.05184 -7.24905 6.7346 0.098502 -0.0201585 -0.00534507
837.711 1.95354 -6.93315 -6.20536 -1.62712 -6.90927 6.74417 0.0930042 -0.0299324 -0.217468
837.728 1.68541 -7.00976 -5.82231 -1.5015 -6.86859 6.75135 0.0876591 -0.0251982 -0.262977
837.744 2.06845 -7.16298 -6.35858 -1.83888 -7.04447 6.78604 0.0887282 -0.0229074 -0.226784
837.761 2.14506 -7.20128 -6.32027 -1.98724 -6.97149 6.72622 0.0928515 -0.0294742 -0.109192
837.778 2.10676 -7.16298 -6.28197 -1.90588 -7.04566 6.7681 0.0923933 -0.0320704 -0.0859793
837.794 1.99184 -7.16298 -6.24366 -1.80658 -7.09233 6.79801 0.0887282 -0.0316123 -0.16753
837.811 1.6088 -7.12467 -6.66501 -1.3651 -7.02772 6.66999 0.0867428 -0.0311541 -0.238696
837.827 1.6471 -7.00976 -6.32027 -1.57687 -7.03489 6.72622 0.0731511 -0.0190895 -0.413556
837.844 1.53219 -7.00976 -6.05214 -1.4656 -6.79561 6.70947 0.0697913 -0.0213803 -0.464716
837.861 1.6088 -7.00976 -6.12875 -1.41775 -6.87218 6.72024 0.0722348 -0.0271835 -0.432187
837.877 1.99184 -7.66094 -6.01384 -1.8018 -7.27657 6.74178 0.0788016 -0.0265726 -0.288481
837.894 2.06845 -7.54602 -6.20536 -1.8664 -7.39262 6.78245 0.0841467 -0.0303905 -0.172417
837.909 1.6088 -7.20128 -6.24366 -1.74796 -7.29571 6.67597 0.0853684 -0.0314596 -0.10568
837.926 1.45558 -7.31619 -6.24366 -1.62712 -7.51944 6.74895 0.0868956 -0.0331394 -0.0697913
837.943 1.26405 -7.50772 -6.16705 -1.08993 -7.44168 6.7657 0.0943787 -0.0364992 -0.00870483
837.958 1.83862 -7.66094 -6.09044 -1.6343 -7.58405 6.7346 0.0965167 -0.0303905 -0.0406225
837.975 2.14506 -7.3545 -6.32027 -1.82692 -7.40578 6.71186 0.0948368 -0.0299324 -0.081245
837.991 1.80032 -7.16298 -5.93723 -1.77667 -7.10189 6.68794 0.0897971 -0.0329867 -0.124616
838.008 1.57049 -7.27789 -6.58841 -1.39382 -7.15095 6.94995 0.0902553 -0.0273362 -0.0960585
838.025 1.45558 -7.69924 -6.24366 -1.42373 -7.39741 6.67238 0.0934624 -0.0319177 -0.108581
838.041 1.87693 -7.43111 -5.86062 -1.56849 -7.67617 6.73819 0.0939205 -0.0346666 -0.146913
838.058 1.80032 -7.31619 -6.24366 -1.84247 -7.41296 6.71426 0.0826195 -0.0259618 -0.304516
838.074 1.6088 -7.08637 -6.20536 -1.33998 -6.82553 6.75015 0.0818559 -0.0320704 -0.357967
838.091 1.37897 -7.16298 -6.20536 -1.18564 -6.82553 6.75853 0.0856738 -0.0323759 -0.303142
838.108 1.18745 -7.54602 -6.77993 -1.16052 -7.28734 6.6317 0.090408 -0.0326813 -0.130114
838.124 1.34066 -7.12467 -6.20536 -1.29691 -7.07797 6.69272 0.0917825 -0.0274889 -0.0546724
838.141 1.6471 -6.97145 -6.20536 -1.42493 -6.8985 6.70229 0.0901026 -0.0270308 -0.0818559
838.157 1.91523 -7.31619 -6.20536 -1.72642 -7.16291 6.75494 0.0864374 -0.0267254 -0.119882
838.174 1.80032 -7.50772 -6.12875 -1.62114 -7.63669 6.76331 0.0807869 -0.0291688 -0.265115
838.19 1.80032 -8.46534 -6.09044 -0.459422 -8.48973 6.63051 0.0424551 -0.00824668 -1.17714
838.206 2.10676 -6.5118 -6.16705 -2.50887 -6.78724 6.35055 0.0384845 -0.00824668 -1.38666
838.223 2.03015 -6.81823 -6.09044 -0.299103 -6.4355 6.92243 0.0551306 -0.0519235 -0.520304
838.238 1.03423 -7.43111 -6.28197 -0.939182 -7.14616 6.87936 0.0824668 -0.0160352 -0.281303
838.255 1.49388 -7.23959 -5.93723 -1.47278 -6.81356 6.7346 0.090408 -0.0181732 -0.15745
838.272 1.6088 -7.89076 -6.28197 -1.20957 -7.62951 6.67956 0.0998765 -0.0569632 0.208763
838.287 1.49388 -7.66094 -6.39688 -0.972682 -7.74915 6.7669 0.104916 -0.0513127 0.255342
838.305 1.22575 -7.20128 -6.12875 -1.02054 -7.45603 6.64008 0.0908662 -0.0343612 -0.0591012
838.321 1.18745 -6.97145 -6.20536 -0.817148 -6.90209 6.72144 0.0818559 -0.0384845 -0.242208
838.337 1.45558 -7.3545 -6.47349 -1.22273 -7.27896 6.7992 0.0687223 -0.0293215 -0.446084
838.353 1.68541 -7.81416 -6.24366 -1.5003 -7.70967 6.73101 0.0714712 -0.0293215 -0.47281
838.369 1.6471 -7.62263 -6.28197 -1.26341 -7.63908 6.66999 0.0717766 -0.0320704 -0.460898
838.386 0.727789 -7.50772 -6.28197 -0.588634 -7.42852 6.73819 0.0696386 -0.0262672 -0.44868
838.403 0.65118 -7.31619 -6.12875 -0.561117 -7.32562 6.77408 0.068875 -0.0235183 -0.53863
838.419 0.957617 -7.27789 -6.05214 -0.668794 -7.17129 6.73699 0.0668897 -0.0221439 -0.702037
838.436 0.766094 -7.00976 -6.16705 -0.565902 -7.02891 6.69751 0.0650571 -0.025809 -0.793819
838.452 0.536266 -6.58841 -5.7074 -0.349352 -6.75254 6.71426 0.0481056 -0.0114537 -0.981355
838.469 0.536266 -6.93315 -6.12875 -0.40678 -6.75733 6.71306 0.0366519 -0.0103847 -1.0965
838.486 0.536266 -7.43111 -6.24366 -0.587438 -6.95833 6.71785 0.0366519 -0.0125227 -1.04443
838.502 0.727789 -7.92907 -6.12875 -0.666401 -7.6008 6.74178 0.0468839 -0.0187841 -0.703869
838.519 0.383047 -7.69924 -5.86062 -0.2668 -7.73719 6.74058 0.0691805 -0.033903 -0.37049
838.535 -0.0766094 -7.16298 -6.16705 0.215354 -7.16172 6.6353 0.0740674 -0.0325286 -0.210901
838.552 -0.0766094 -7.20128 -6.32027 0.636491 -7.02054 6.66401 0.0740674 -0.0325286 -0.173333
838.569 0.306437 -7.54602 -6.09044 0.0323031 -7.4333 6.70229 0.0806342 -0.0284052 -0.102625
838.585 0.65118 -7.73755 -5.97553 -0.301496 -7.68216 6.71306 0.0807869 -0.0279471 -0.105832
838.602 0.65118 -7.85246 -6.32027 -0.447458 -7.75753 6.71067 0.0731511 -0.0248928 -0.217468
838.618 0.689484 -7.77585 -6.16705 0.784845 -7.42852 6.65683 0.0722348 -0.0174097 -0.341626
838.635 0.804398 -7.89076 -6.16705 -0.849452 -7.83529 6.44028 0.0291688 0.00885754 -1.40071
838.652 0.842703 -7.50772 -6.47349 0.805184 -7.4668 6.98345 0.0421497 -0.0429133 -1.02686
838.668 0.114914 -7.46941 -6.05214 0.567099 -7.55175 6.50847 0.0407752 -0.0255036 -0.954324
838.685 0.344742 -7.04806 -6.12875 -0.626919 -6.97388 6.72742 0.0591012 -0.00778853 -0.679587
838.701 -0.421352 -6.85654 -6.32027 0.721436 -6.8985 6.69631 0.0746782 -0.0438296 -0.187536
838.718 -0.421352 -7.27789 -6.20536 0.975075 -7.08156 6.65803 0.08827 -0.03711 0.0691805
838.735 -0.114914 -7.62263 -5.89892 0.65324 -7.72642 6.71904 0.0905607 -0.0319177 0.0525344
838.751 0.114914 -8.1972 -6.12875 0.354138 -8.00758 6.64128 0.0807869 -0.0274889 -0.105069
838.768 0.114914 -7.81416 -5.97553 0.256032 -7.86999 6.67358 0.0762054 -0.0227547 -0.14676
838.783 -0.153219 -7.54602 -6.35858 0.336191 -7.66182 6.67837 0.085063 -0.0250455 -0.108276
838.799 -0.0383047 -7.27789 -6.09044 0.457029 -7.24905 6.67119 0.0933096 -0.0248928 0.0206167
838.816 0.153219 -7.43111 -6.39688 0.323031 -7.39262 6.68913 0.0969748 -0.0276416 0.0771217
838.832 0.191523 -7.43111 -6.09044 0.272782 -7.39741 6.63888 0.0962113 -0.0288634 0.0481056
838.849 0.153219 -7.69924 -6.09044 0.242871 -7.52782 6.67238 0.0965167 -0.0345139 0.0277944
838.864 0.0766094 -7.66094 -6.28197 0.344566 -7.56012 6.68195 0.0939205 -0.0368046 -0.0169515
838.88 -0.0383047 -7.66094 -6.20536 0.413958 -7.49432 6.68076 0.0931569 -0.0343612 -0.0372628
838.897 -0.114914 -7.43111 -5.89892 0.458225 -7.49192 6.68435 0.0923933 -0.0288634 -0.0394008
838.912 -0.153219 -7.58433 -6.09044 0.396012 -7.42852 6.7011 0.0969748 -0.0332921 -0.000916298
838.929 0.0 -7.46941 -6.28197 0.271585 -7.334 6.62333 0.0943787 -0.0279471 0.0241292
838.947 0.114914 -7.43111 -6.12875 0.364905 -7.38305 6.66879 0.0926988 -0.0268781 0.0169515
838.962 0.114914 -7.3545 -6.32027 0.206979 -7.39502 6.71785 0.091477 -0.0282525 -0.0198531
838.978 0.191523 -7.54602 -6.09044 0.160319 -7.39382 6.66162 0.0928515 -0.0311541 -0.0536034
838.994 0.191523 -7.43111 -6.20536 0.13998 -7.38066 6.69033 0.0916298 -0.0319177 -0.06353
839.01 0.0766094 -7.46941 -6.01384 0.252443 -7.29332 6.69153 0.0885754 -0.0261145 -0.045204
839.027 -0.0383047 -7.20128 -6.16705 0.245264 -7.28136 6.68554 0.089339 -0.031765 -0.0171042
839.043 0.0 -7.3545 -6.35858 0.278764 -7.25863 6.6999 0.0896445 -0.0322231 -0.0175624
839.06 -0.0383047 -7.43111 -6.12875 0.293121 -7.37827 6.68554 0.0862847 -0.0303905 -0.022602
839.076 0.0 -7.58433 -5.97553 0.344566 -7.49312 6.6999 0.087201 -0.0305433 -0.0377209
839.093 -0.191523 -7.54602 -6.09044 0.391226 -7.50508 6.68554 0.0890336 -0.0329867 -0.0242819
839.11 -0.344742 -7.77585 -6.28197 0.467797 -7.61157 6.69511 0.0884227 -0.0288634 -0.0152716
839.126 -0.153219 -7.81416 -6.05214 0.463011 -7.61635 6.68554 0.0922406 -0.029627 -0.00901026
839.143 -0.0383047 -7.62263 -6.24366 0.378066 -7.6008 6.68076 0.0923933 -0.0250455 -0.0154243
839.159 -0.0383047 -7.58433 -6.24366 0.333799 -7.56491 6.68554 0.0940732 -0.0238237 -0.0151189
839.176 0.114914 -7.43111 -6.09044 0.252443 -7.47757 6.68554 0.0972803 -0.0271835 -0.00977384
839.193 0.114914 -7.31619 -6.16705 0.175872 -7.32802 6.70349 0.0956004 -0.0310014 0.000458149
839.209 0.268133 -7.31619 -6.5118 0.0514457 -7.28614 6.70229 0.0940732 -0.0259618 -0.00473421
839.226 0.268133 -7.27789 -6.28197 -0.00717846 -7.29212 6.69511 0.0919352 -0.0230602 -0.0125227
839.242 0.306437 -7.50772 -6.16705 -0.0287139 -7.34237 6.70588 0.0896445 -0.0255036 -0.033903
839.259 0.383047 -7.50772 -6.12875 -0.0358923 -7.37348 6.67717 0.0890336 -0.0273362 -0.0415388
839.276 0.344742 -7.31619 -6.20536 0.0251246 -7.34477 6.70827 0.08827 -0.0320704 -0.0392481
839.292 0.191523 -7.3545 -6.43519 0.020339 -7.35075 6.70947 0.0859793 -0.0250455 -0.0358883
839.309 0.0766094 -7.3928 -6.20536 0.0598205 -7.35912 6.6652 0.0868956 -0.0294742 -0.0352775
839.325 0.268133 -7.54602 -5.7074 0.0705882 -7.41296 6.69751 0.0859793 -0.0346666 -0.0270308
839.342 0.153219 -7.58433 -6.24366 0.101695 -7.45962 6.70229 0.0887282 -0.0342084 -0.0140499
839.359 0.0 -7.58433 -6.28197 0.18664 -7.54098 6.70708 0.0890336 -0.0348193 -0.00809396
839.375 0.0766094 -7.73755 -6.16705 0.258425 -7.61994 6.68554 0.0910189 -0.032834 -0.000610865
839.391 0.0 -7.66094 -6.16705 0.308674 -7.61037 6.67717 0.0933096 -0.0355829 0.0171042
839.406 0.114914 -7.62263 -5.93723 0.34337 -7.57687 6.68195 0.0956004 -0.0377209 0.0276416
839.423 0.0766094 -7.54602 -6.09044 0.306281 -7.51944 6.67956 0.0971275 -0.0308487 0.0511599
839.439 0.114914 -7.62263 -6.12875 0.223729 -7.49073 6.69631 0.0992656 -0.0323759 0.0743728
839.455 0.229828 -7.54602 -5.89892 0.108873 -7.47757 6.69033 0.0991129 -0.0294742 0.0832304
839.471 0.191523 -7.50772 -6.01384 0.0143569 -7.50389 6.68435 0.098502 -0.0293215 0.0919352
839.488 0.306437 -7.3545 -5.7074 -0.00957129 -7.40578 6.68554 0.102473 -0.0345139 0.091477
839.504 0.153219 -7.43111 -6.28197 0.04666 -7.37587 6.67837 0.099571 -0.0352775 0.0933096
839.521 0.229828 -7.3545 -5.93723 0.111266 -7.267 6.70947 0.0988074 -0.0319177 0.102778
839.537 0.153219 -7.31619 -6.28197 -0.0131605 -7.2682 6.68554 0.100029 -0.0342084 0.12538
839.554 0.153219 -7.3928 -6.28197 -0.0346959 -7.2993 6.71785 0.0998765 -0.0364992 0.13271
839.571 0.344742 -7.54602 -6.24366 -0.15673 -7.3998 6.66999 0.0969748 -0.0326813 0.136223
839.587 0.153219 -7.46941 -6.01384 -0.171087 -7.41296 6.69272 0.0980438 -0.0337503 0.13943
839.604 0.383047 -7.62263 -6.20536 -0.129212 -7.44885 6.69511 0.0980438 -0.0320704 0.169515
839.62 0.268133 -7.58433 -5.97553 -0.112463 -7.45603 6.70349 0.0994183 -0.0335976 0.189521
839.637 0.229828 -7.58433 -6.20536 -0.15673 -7.468 6.69392 0.102014 -0.0364992 0.237016
839.654 0.306437 -7.62263 -6.12875 -0.108873 -7.57208 6.67597 0.107665 -0.0392481 0.288939
839.67 0.536266 -7.58433 -6.12875 -0.167498 -7.54457 6.67956 0.110108 -0.0397062 0.319941
839.686 0.612875 -7.77585 -5.97553 -0.27996 -7.64387 6.66879 0.112246 -0.0444404 0.328035
839.701 0.689484 -7.62263 -6.28197 -0.442672 -7.62353 6.69631 0.111636 -0.0348193 0.322384
839.718 0.766094 -7.69924 -6.20536 -0.518046 -7.5996 6.68674 0.11133 -0.0400117 0.296422
839.735 0.804398 -7.62263 -6.24366 -0.532403 -7.5661 6.69631 0.110108 -0.0372628 0.288787
839.751 0.766094 -7.43111 -5.97553 -0.550349 -7.48714 6.70349 0.115912 -0.0438296 0.282525
839.768 0.842703 -7.46941 -6.20536 -0.573081 -7.37228 6.69392 0.112705 -0.0378736 0.310778
839.784 0.689484 -7.43111 -6.28197 -0.619741 -7.3675 6.69272 0.117592 -0.0450513 0.358425
839.801 0.842703 -7.54602 -6.20536 -0.683151 -7.41177 6.70349 0.119882 -0.0513127 0.373239
839.818 0.919312 -7.43111 -6.16705 -0.714257 -7.42253 6.72263 0.119424 -0.0529926 0.377667
839.834 0.881008 -7.50772 -6.12875 -0.790828 -7.40698 6.70469 0.118813 -0.0470366 0.387899
839.851 1.07253 -7.3545 -6.28197 -0.848255 -7.41296 6.69751 0.11805 -0.0404698 0.403171
839.867 0.957617 -7.3545 -6.01384 -0.838684 -7.33041 6.70827 0.120035 -0.0461203 0.437074
839.884 1.11084 -7.3545 -6.12875 -0.896112 -7.25384 6.68794 0.120646 -0.0423024 0.418748
839.9 1.37897 -7.3928 -6.16705 -0.899701 -7.41894 6.75613 0.120646 -0.0447459 0.356898
839.915 1.18745 -7.31619 -6.35858 -1.12941 -7.37707 6.77767 0.116217 -0.0401644 0.337808
839.931 1.22575 -7.62263 -6.20536 -1.00618 -7.40219 6.71665 0.11301 -0.0458149 0.295811
839.947 0.957617 -7.43111 -5.86062 -1.07198 -7.37707 6.70827 0.114843 -0.0516181 0.271224
839.964 1.26405 -7.46941 -6.16705 -1.0002 -7.29571 6.64965 0.115912 -0.0490219 0.244041
839.98 1.49388 -7.16298 -6.47349 -1.18684 -7.17368 6.76092 0.114843 -0.0478002 0.276722
839.996 1.37897 -7.04806 -6.12875 -1.13779 -7.10189 6.7657 0.111636 -0.0461203 0.290161
840.012 1.22575 -7.12467 -6.5118 -1.08634 -7.07677 6.74776 0.111025 -0.045204 0.275958
840.029 1.30236 -7.27789 -6.24366 -0.855434 -7.24666 6.72263 0.108734 -0.0474948 0.237627
840.045 1.26405 -7.27789 -6.24366 -1.08036 -7.28375 6.71306 0.107818 -0.0439823 0.211512
840.062 1.22575 -7.46941 -6.24366 -1.13061 -7.30768 6.72144 0.105222 -0.0421497 0.205709
840.078 1.41727 -7.23959 -6.20536 -1.20239 -7.22872 6.72503 0.108581 -0.0450513 0.206778
840.094 1.41727 -7.31619 -6.09044 -1.31366 -7.27298 6.76211 0.107054 -0.0397062 0.19624
840.11 1.37897 -7.43111 -6.24366 -1.41894 -7.28853 6.70708 0.10736 -0.0416915 0.187841
840.125 1.72371 -7.3545 -6.24366 -1.52064 -7.28853 6.72024 0.104611 -0.0369573 0.177456
840.143 1.76202 -7.3545 -6.32027 -1.46082 -7.26341 6.71067 0.102167 -0.0352775 0.134848
840.158 1.57049 -7.20128 -6.35858 -1.42971 -7.16291 6.75613 0.102473 -0.0372628 0.116064
840.175 1.49388 -7.12467 -6.43519 -1.42851 -7.0983 6.71545 0.105222 -0.0447459 0.124922
840.192 1.68541 -7.27789 -6.20536 -1.49073 -7.20598 6.7334 0.104305 -0.043066 0.153327
