1010.59 5.05622 8.08229 -0.0383047 -4.88375 8.43589 0.344566 0.0907135 -0.0332921 -0.0563523
1010.6 4.97961 8.08229 -0.114914 -4.85384 8.41914 0.325424 0.0913243 -0.0310014 -0.0563523
1010.62 5.09452 8.04398 0.114914 -4.87537 8.41795 0.314656 0.089339 -0.0294742 -0.0577268
1010.64 5.13283 8.1589 0.0 -4.91486 8.42632 0.299103 0.0910189 -0.0294742 -0.0566577
1010.65 5.05622 8.1972 -0.114914 -4.88973 8.40479 0.284746 0.0902553 -0.0311541 -0.0577268
1010.67 4.97961 8.12059 0.229828 -4.87178 8.41555 0.315852 0.0896445 -0.0305433 -0.0571159
1010.69 5.05622 8.08229 0.0766094 -4.867 8.38445 0.31346 0.0901026 -0.031765 -0.0574213
1010.7 4.71148 8.46534 -0.114914 -5.01655 8.80558 0.385244 0.090408 -0.0337503 -0.0545197
1010.72 4.86469 7.92907 0.0766094 -4.74377 7.89631 0.357727 0.0916298 -0.0288634 -0.0584903
1010.74 4.903 8.12059 -0.0766094 -4.96271 8.73619 0.416351 0.0878119 -0.0300851 -0.055436
1010.75 5.17113 8.35042 -0.114914 -4.85145 8.40598 0.411565 0.0901026 -0.0346666 -0.0601702
1010.77 5.17113 7.92907 -0.0383047 -5.09551 8.5675 0.410369 0.0910189 -0.0288634 -0.0583376
1010.78 4.97961 8.27381 0.0 -4.82871 8.40837 0.385244 0.0922406 -0.0351248 -0.055436
1010.8 5.01791 8.1589 -0.0383047 -4.79521 8.42393 0.358923 0.0911716 -0.0340557 -0.0572686
1010.82 5.09452 8.08229 -0.229828 -5.0333 8.36889 0.325424 0.090408 -0.0342084 -0.0578795
1010.84 4.903 8.08229 0.153219 -4.93519 8.34258 0.301496 0.0897971 -0.0325286 -0.0546724
1010.85 4.97961 8.1589 0.229828 -4.77488 8.52323 0.275174 0.0884227 -0.0300851 -0.0569632
1010.87 5.13283 8.1589 0.0 -4.94955 8.34616 0.272782 0.0917825 -0.0348193 -0.0597121
1010.89 5.09452 8.1589 0.229828 -4.90648 8.47059 0.264407 0.0902553 -0.0311541 -0.056505
1010.9 4.97961 7.81416 -0.0383047 -4.81675 8.3677 0.229711 0.0908662 -0.032834 -0.0566577
1010.92 5.05622 8.1589 0.421352 -4.92562 8.63928 0.265603 0.0896445 -0.0308487 -0.055436
1010.93 4.9413 8.27381 0.114914 -4.91366 8.62253 0.381655 0.090408 -0.0342084 -0.0561996
1010.95 5.01791 8.00568 -0.0383047 -4.85504 8.44786 0.36012 0.08827 -0.0280998 -0.0587958
1010.96 4.97961 8.1972 0.0766094 -4.94836 8.49571 0.416351 0.0887282 -0.034972 -0.0598648
1010.98 5.09452 8.1589 0.0 -4.86939 8.34855 0.411565 0.0916298 -0.0308487 -0.0552833
1011.0 5.09452 8.1589 -0.191523 -4.83829 8.47418 0.369691 0.0922406 -0.0305433 -0.0549779
1011.01 5.09452 8.08229 0.0 -4.88136 8.4 0.342173 0.0899499 -0.0302378 -0.0542143
1011.03 5.09452 8.12059 -0.153219 -4.88375 8.4335 0.293121 0.0913243 -0.0323759 -0.0583376
1011.05 5.01791 8.12059 0.0 -4.84068 8.42871 0.302692 0.0902553 -0.0311541 -0.0577268
1011.06 5.09452 8.04398 0.229828 -4.96032 8.39162 0.277567 0.0910189 -0.030696 -0.0578795
1011.08 4.9413 8.12059 -0.0383047 -4.88255 8.39521 0.26321 0.0901026 -0.0291688 -0.0545197
1011.1 5.01791 8.12059 -0.229828 -4.81795 8.47059 0.272782 0.0910189 -0.0326813 -0.0563523
1011.11 5.20944 8.04398 0.0766094 -4.8323 8.39521 0.27996 0.0901026 -0.0299324 -0.0583376
1011.13 5.13283 8.1589 0.0383047 -4.9675 8.39282 0.321834 0.0939205 -0.0348193 -0.0563523
1011.15 4.97961 8.1589 -0.0766094 -4.79641 8.46222 0.354138 0.0885754 -0.0274889 -0.0558941
1011.16 5.01791 8.08229 -0.191523 -4.80359 8.34736 0.398405 0.0902553 -0.0322231 -0.0577268
1011.18 5.28605 8.08229 -0.0766094 -5.22592 8.42393 0.401994 0.0896445 -0.0331394 -0.0549779
1011.2 4.903 8.27381 0.0 -4.79282 8.38325 0.391226 0.0943787 -0.0369573 -0.0490219
1011.21 4.71148 8.31211 0.0 -4.50568 8.60459 0.354138 0.0911716 -0.0299324 -0.0620028
1011.23 5.47757 7.96737 -0.153219 -4.79402 8.3677 0.385244 0.0899499 -0.0323759 -0.0694859
1011.25 5.20944 7.96737 -0.229828 -5.18883 8.29113 0.412762 0.0907135 -0.0303905 -0.0642935
1011.26 4.82639 8.12059 0.0383047 -4.73061 8.47538 0.367298 0.0920879 -0.032834 -0.0557414
1011.28 4.97961 7.92907 0.0766094 -4.8993 8.39043 0.325424 0.0905607 -0.0326813 -0.0604756
1011.29 5.05622 8.08229 -0.114914 -4.93759 8.41675 0.318245 0.0907135 -0.0337503 -0.0589485
1011.31 5.17113 8.1589 0.268133 -4.93161 8.39162 0.245264 0.0905607 -0.0320704 -0.0583376
1011.33 5.05622 8.04398 0.191523 -4.8658 8.41555 0.232104 0.0894917 -0.034972 -0.0560469
1011.34 5.05622 8.1589 0.153219 -4.86102 8.43709 0.242871 0.0894917 -0.0308487 -0.0568105
1011.36 5.01791 8.12059 0.191523 -4.91127 8.41316 0.299103 0.089339 -0.0288634 -0.0571159
1011.38 4.97961 8.04398 0.0 -4.83948 8.43111 0.362513 0.0907135 -0.0314596 -0.057574
1011.39 5.17113 8.1589 -0.114914 -4.90887 8.42991 0.417547 0.0913243 -0.0310014 -0.0577268
1011.41 5.13283 7.96737 -0.191523 -4.93639 8.41316 0.435494 0.0931569 -0.0355829 -0.0578795
1011.43 4.86469 8.12059 0.0766094 -4.85025 8.42513 0.485743 0.091477 -0.0314596 -0.0549779
1011.44 5.01791 8.00568 -0.114914 -4.84307 8.43829 0.461814 0.0905607 -0.0313068 -0.0587958
1011.46 4.78809 8.1589 -0.0766094 -4.88016 8.41795 0.434297 0.0902553 -0.0326813 -0.0566577
1011.48 5.05622 8.04398 0.268133 -4.88973 8.40598 0.379262 0.0899499 -0.0337503 -0.0551306
1011.49 5.13283 8.1972 -0.0383047 -4.86819 8.44188 0.297906 0.0913243 -0.0320704 -0.0571159
1011.51 5.09452 8.04398 0.153219 -4.87896 8.44068 0.258425 0.090408 -0.0323759 -0.0595593
1011.52 5.13283 8.12059 0.0383047 -4.87777 8.40359 0.251246 0.0897971 -0.0279471 -0.0589485
1011.54 5.13283 8.08229 0.229828 -4.90528 8.41077 0.215354 0.0919352 -0.0305433 -0.0601702
1011.56 5.20944 8.08229 0.0383047 -4.90887 8.38923 0.214158 0.089339 -0.0299324 -0.0580322
1011.57 5.17113 8.08229 0.153219 -4.89332 8.41436 0.223729 0.0897971 -0.0290161 -0.0560469
1011.59 4.903 8.23551 0.0766094 -4.87657 8.40837 0.285942 0.0911716 -0.0310014 -0.0574213
1011.6 5.20944 8.04398 0.306437 -4.9017 8.38205 0.336191 0.0902553 -0.0326813 -0.0572686
1011.62 5.13283 8.04398 -0.114914 -4.91605 8.41555 0.366102 0.0922406 -0.0355829 -0.0555887
1011.63 5.05622 8.1589 0.0766094 -4.87059 8.43589 0.394816 0.0920879 -0.0340557 -0.0560469
1011.65 4.9413 8.12059 -0.0766094 -4.81196 8.45743 0.409173 0.0913243 -0.0337503 -0.0581849
1012.27 5.13283 8.1589 0.0766094 -4.87418 8.41196 0.362513 0.0922406 -0.031765 -0.0578795
1012.28 4.9413 8.04398 0.0383047 -4.867 8.42632 0.394816 0.0897971 -0.0285579 -0.0566577
1012.3 5.17113 8.12059 -0.306437 -4.86819 8.41077 0.380459 0.08827 -0.0282525 -0.0571159
1012.32 5.09452 8.1589 -0.0766094 -4.9017 8.41555 0.37328 0.091477 -0.0305433 -0.0580322
1012.33 5.17113 8.1589 -0.0383047 -4.88734 8.40479 0.357727 0.0881173 -0.0270308 -0.0563523
1012.35 5.05622 8.1972 0.0383047 -4.87896 8.41914 0.334995 0.0936151 -0.0345139 -0.0563523
1012.37 4.97961 8.1589 -0.153219 -4.85264 8.42871 0.31346 0.0899499 -0.0332921 -0.057574
1012.38 4.97961 8.04398 -0.0383047 -4.87059 8.42034 0.320638 0.0901026 -0.030696 -0.0581849
1012.4 5.01791 8.23551 0.383047 -4.91007 8.42154 0.308674 0.0894917 -0.0310014 -0.0592539
1012.42 5.09452 8.08229 0.0383047 -4.86939 8.42273 0.312263 0.0901026 -0.031765 -0.0555887
1012.43 5.01791 8.04398 0.0 -4.85264 8.43589 0.307478 0.090408 -0.0316123 -0.0583376
1012.45 5.09452 7.96737 0.0 -4.88734 8.39162 0.330209 0.0896445 -0.0332921 -0.0583376
1012.47 5.13283 8.1972 -0.0383047 -4.91127 8.41196 0.334995 0.090408 -0.0313068 -0.057574
1012.48 4.903 8.12059 0.0 -4.83948 8.44786 0.362513 0.0917825 -0.0345139 -0.0572686
1012.5 5.13283 8.08229 0.0766094 -4.8658 8.4335 0.367298 0.0917825 -0.0334449 -0.0609338
1012.52 5.13283 7.96737 0.0766094 -4.90648 8.41436 0.362513 0.0901026 -0.0282525 -0.0595593
1012.53 4.97961 8.12059 -0.114914 -4.89811 8.42273 0.36012 0.091477 -0.0311541 -0.055436
1012.55 5.05622 8.1589 0.306437 -4.84188 8.42991 0.32662 0.0919352 -0.0331394 -0.057574
1012.57 4.97961 8.00568 -0.0766094 -4.86819 8.40837 0.330209 0.0907135 -0.0320704 -0.0581849
1012.58 5.01791 7.92907 0.0 -4.91127 8.41675 0.325424 0.0888809 -0.0282525 -0.057574
1012.6 5.09452 8.08229 0.0383047 -4.88853 8.44188 0.315852 0.0905607 -0.0329867 -0.0580322
1012.62 5.05622 8.04398 0.0766094 -4.82632 8.45982 0.307478 0.0902553 -0.031765 -0.0568105
1012.63 5.09452 8.1972 -0.153219 -4.84188 8.45504 0.337388 0.0917825 -0.0351248 -0.0598648
1012.65 4.82639 7.16298 -0.0766094 -5.05484 8.57228 0.375673 0.0928515 -0.0366519 -0.0600175
1012.67 4.97961 8.35042 -0.0383047 -4.85863 8.64168 0.30987 0.0875064 -0.0345139 -0.0537561
1012.68 4.903 8.12059 0.153219 -4.77368 8.34377 0.340977 0.0937678 -0.0329867 -0.0577268
1012.7 5.20944 8.27381 -0.0766094 -4.85504 8.62134 0.345763 0.0907135 -0.0323759 -0.0601702
1012.72 4.97961 8.04398 -0.153219 -4.84068 8.24566 0.361316 0.0917825 -0.0329867 -0.062461
1012.73 5.20944 8.1589 0.268133 -5.03091 8.39162 0.350548 0.0923933 -0.0331394 -0.057574
1012.75 5.51587 8.12059 0.114914 -4.88614 8.39641 0.308674 0.0897971 -0.0352775 -0.0555887
1012.77 5.17113 7.89076 -0.0383047 -4.87537 8.43948 0.305085 0.0884227 -0.0335976 -0.0555887
1012.78 5.09452 8.1972 0.114914 -4.87777 8.45863 0.308674 0.0910189 -0.0329867 -0.0586431
1012.8 4.86469 8.1589 0.0383047 -4.82512 8.41436 0.319442 0.0922406 -0.0319177 -0.0600175
1012.82 5.17113 8.1589 0.0383047 -4.89811 8.37009 0.321834 0.0940732 -0.032834 -0.0578795
1012.83 4.97961 8.08229 0.268133 -4.94237 8.37607 0.362513 0.0911716 -0.0334449 -0.0555887
1012.85 5.09452 7.92907 0.0766094 -4.81555 8.45623 0.325424 0.090408 -0.0348193 -0.0540616
1012.86 5.24774 8.00568 0.459656 -4.90528 8.41196 0.380459 0.089339 -0.029627 -0.0569632
1012.88 4.9413 8.23551 -0.0766094 -4.93161 8.42273 0.385244 0.0905607 -0.0314596 -0.0583376
1012.9 5.01791 8.12059 -0.191523 -4.83948 8.42752 0.364905 0.0913243 -0.0316123 -0.0566577
1012.92 5.13283 8.08229 -0.0766094 -4.92084 8.39521 0.362513 0.0919352 -0.0369573 -0.0592539
1012.93 5.01791 8.27381 0.0 -4.90768 8.34975 0.333799 0.0888809 -0.029627 -0.0560469
1012.95 4.97961 8.12059 0.114914 -4.83709 8.41077 0.32662 0.0902553 -0.0331394 -0.0548251
1012.96 5.13283 8.1589 0.0383047 -4.88494 8.46102 0.29671 0.0867428 -0.0265726 -0.0568105
1012.98 5.05622 7.89076 0.114914 -4.9005 8.39761 0.311067 0.0899499 -0.0323759 -0.0586431
1013.0 5.13283 8.27381 0.0 -4.90528 8.40598 0.320638 0.0910189 -0.0340557 -0.0571159
1013.01 5.09452 8.12059 0.0 -4.85743 8.3677 0.346959 0.0896445 -0.030696 -0.0557414
1013.03 5.01791 8.00568 0.114914 -4.89452 8.48973 0.339781 0.0917825 -0.033903 -0.0574213
1013.05 5.01791 7.85246 0.229828 -4.84905 8.35693 0.363709 0.0905607 -0.0326813 -0.0597121
1013.06 5.20944 8.1589 0.0766094 -4.92921 8.32104 0.378066 0.0907135 -0.0343612 -0.0572686
1013.08 5.24774 8.1972 0.0 -4.87178 8.43589 0.376869 0.0908662 -0.0314596 -0.0546724
1013.1 5.13283 8.31211 -0.0766094 -4.83829 8.47896 0.340977 0.0888809 -0.0287107 -0.0545197
1013.11 5.05622 8.08229 0.0766094 -4.867 8.41675 0.34337 0.0917825 -0.0325286 -0.0587958
1013.13 5.05622 8.1589 -0.306437 -4.90528 8.45623 0.349352 0.0910189 -0.0335976 -0.0568105
1013.15 5.05622 8.35042 0.0 -4.867 8.44068 0.324227 0.0913243 -0.0313068 -0.056505
1013.16 5.17113 8.08229 0.0766094 -4.90409 8.41196 0.307478 0.0873537 -0.0288634 -0.0560469
1013.18 5.09452 8.1589 -0.0383047 -4.89093 8.44905 0.302692 0.0881173 -0.0302378 -0.0571159
1013.2 4.97961 8.12059 0.0766094 -4.82034 8.42034 0.307478 0.0923933 -0.0368046 -0.0574213
1013.21 5.20944 8.00568 0.0383047 -4.96032 8.36889 0.346959 0.0911716 -0.033903 -0.0586431
1013.23 5.17113 8.23551 -0.114914 -4.9017 8.49332 0.362513 0.0910189 -0.0323759 -0.0557414
1013.25 4.9413 7.92907 0.0383047 -4.84427 8.46222 0.364905 0.0888809 -0.0291688 -0.0587958
1013.26 5.17113 8.08229 -0.114914 -4.98664 8.44427 0.352941 0.0905607 -0.0361938 -0.056505
1013.28 4.97961 8.1972 0.0383047 -4.79043 8.467 0.336191 0.0917825 -0.0345139 -0.0557414
1013.3 5.01791 7.96737 0.0 -4.85623 8.41914 0.351745 0.089339 -0.033903 -0.0580322
1013.31 5.17113 8.04398 -0.114914 -4.95075 8.37966 0.349352 0.0901026 -0.033903 -0.0568105
1013.33 5.09452 8.12059 -0.0766094 -4.7677 8.51007 0.331406 0.0910189 -0.0354302 -0.0551306
1013.35 5.13283 8.1972 -0.0766094 -4.94955 8.35334 0.312263 0.0907135 -0.0322231 -0.0578795
1013.36 5.13283 8.00568 -0.0383047 -4.9663 8.43709 0.334995 0.0919352 -0.0326813 -0.056505
1013.38 4.82639 8.12059 0.0 -4.82273 8.45025 0.311067 0.0926988 -0.0352775 -0.0572686
1013.4 4.903 8.1972 -0.114914 -4.94716 8.35334 0.332602 0.091477 -0.0308487 -0.0578795
1013.41 4.903 8.12059 -0.0766094 -4.87537 8.44188 0.331406 0.0902553 -0.0337503 -0.0568105
1013.43 5.01791 8.12059 -0.0766094 -4.85264 8.35334 0.36012 0.0902553 -0.0302378 -0.056505
1013.45 4.86469 8.1589 -0.153219 -4.92323 8.41914 0.354138 0.0907135 -0.0320704 -0.0568105
1013.46 5.05622 8.08229 0.0 -4.81795 8.48854 0.362513 0.0913243 -0.031765 -0.0572686
1013.48 5.32435 8.00568 -0.344742 -4.90409 8.34736 0.35653 0.0913243 -0.0323759 -0.0601702
1013.49 5.01791 8.00568 0.0 -4.85025 8.4323 0.348156 0.0887282 -0.0287107 -0.0557414
1013.51 5.05622 7.89076 0.0766094 -4.88614 8.41675 0.31346 0.0917825 -0.036041 -0.0603229
1013.53 5.09452 8.04398 -0.0383047 -4.94836 8.3677 0.307478 0.091477 -0.0310014 -0.0569632
1013.54 5.20944 8.1589 0.114914 -4.82273 8.42991 0.323031 0.091477 -0.0285579 -0.0569632
1013.56 5.13283 8.1589 -0.0383047 -4.92562 8.41555 0.312263 0.0916298 -0.0310014 -0.0578795
1013.58 5.09452 8.12059 -0.268133 -4.85025 8.44905 0.338584 0.0910189 -0.030696 -0.057574
1013.59 5.09452 8.08229 0.191523 -4.88734 8.4012 0.329013 0.0897971 -0.0322231 -0.0571159
1013.61 5.20944 8.1589 -0.0383047 -4.90289 8.4 0.36012 0.0878119 -0.0299324 -0.0561996
1013.63 5.05622 8.12059 -0.153219 -4.85743 8.46102 0.368495 0.0922406 -0.0323759 -0.0558941
1013.65 5.24774 8.04398 -0.0766094 -4.8993 8.4012 0.374477 0.0913243 -0.0332921 -0.0587958
1013.66 5.20944 8.12059 -0.306437 -4.87059 8.40718 0.358923 0.0908662 -0.0311541 -0.0592539
1013.68 5.01791 8.08229 0.0766094 -4.88734 8.43829 0.330209 0.0890336 -0.0310014 -0.0571159
1013.69 5.17113 8.04398 0.0 -4.83829 8.46341 0.306281 0.0905607 -0.032834 -0.0577268
1013.71 4.97961 7.96737 0.0 -4.9005 8.41914 0.325424 0.0919352 -0.0329867 -0.0594066
1013.73 5.20944 7.92907 -0.0766094 -4.89332 8.39282 0.327816 0.0894917 -0.0291688 -0.0577268
1013.74 5.13283 8.08229 -0.0383047 -4.89212 8.44547 0.340977 0.0919352 -0.0351248 -0.0552833
1013.76 5.09452 8.1589 -0.0766094 -4.84905 8.43948 0.325424 0.0917825 -0.032834 -0.0561996
1013.78 4.97961 8.04398 -0.114914 -4.85863 8.48375 0.35653 0.0928515 -0.0345139 -0.0566577
1013.79 5.20944 8.1589 -0.0383047 -4.95075 8.45145 0.357727 0.0888809 -0.0326813 -0.0574213
1013.81 5.05622 8.23551 0.191523 -4.81077 8.42154 0.36012 0.0917825 -0.029627 -0.0569632
1013.82 4.97961 7.92907 0.153219 -4.85743 8.45384 0.367298 0.0902553 -0.0326813 -0.0566577
1013.84 5.13283 8.00568 0.0766094 -4.88973 8.42513 0.324227 0.0933096 -0.0410807 -0.0589485
1013.86 5.01791 7.92907 -0.0766094 -4.85863 8.38086 0.311067 0.0910189 -0.0316123 -0.0581849
1013.88 4.9413 7.96737 0.0383047 -4.86221 8.35334 0.332602 0.0907135 -0.030696 -0.0566577
1013.89 5.32435 8.00568 -0.0383047 -4.88375 8.39043 0.34337 0.0913243 -0.029627 -0.0583376
1013.91 5.09452 8.27381 -0.114914 -4.85743 8.42393 0.334995 0.0896445 -0.032834 -0.0551306
1013.92 5.13283 8.00568 0.0383047 -4.82273 8.38564 0.36012 0.0931569 -0.0331394 -0.0587958
1013.94 5.17113 8.1972 -0.0383047 -4.89571 8.42991 0.344566 0.0897971 -0.0335976 -0.0587958
1013.96 4.97961 8.1972 -0.268133 -4.88614 8.41196 0.334995 0.0920879 -0.0355829 -0.0589485
1013.97 5.09452 8.00568 0.0766094 -4.86341 8.42513 0.321834 0.0905607 -0.0340557 -0.057574
1016.07 5.13283 8.08229 0.0 -4.8347 8.4323 0.378066 0.0902553 -0.0319177 -0.0561996
1016.09 4.9413 8.1972 0.114914 -4.91366 8.41914 0.290728 0.0922406 -0.0343612 -0.0557414
1016.11 5.01791 8.04398 0.344742 -4.867 8.42752 0.239282 0.0897971 -0.0329867 -0.0574213
1016.12 5.05622 8.12059 0.191523 -4.89212 8.37487 0.22014 0.0910189 -0.033903 -0.0581849
1016.14 4.9413 8.23551 0.497961 -4.91007 8.44068 0.236889 0.0894917 -0.0313068 -0.0571159
1016.16 4.9413 8.08229 0.0766094 -4.86939 8.46461 0.262014 0.0911716 -0.031765 -0.0581849
1016.17 4.86469 8.00568 0.0766094 -4.89212 8.39761 0.288335 0.0907135 -0.0329867 -0.0591012
1016.19 5.13283 8.1972 -0.0383047 -4.867 8.4012 0.36012 0.0905607 -0.0322231 -0.0594066
1016.2 5.01791 8.1589 0.0766094 -4.92802 8.38086 0.403191 0.0901026 -0.0345139 -0.055436
1016.22 4.97961 8.04398 -0.0766094 -4.77129 8.45025 0.433101 0.091477 -0.0348193 -0.0539089
1016.24 4.78809 8.12059 -0.114914 -4.77607 8.48135 0.446261 0.0917825 -0.0320704 -0.0601702
1016.25 5.28605 8.27381 0.0383047 -4.91246 8.38684 0.441475 0.090408 -0.0311541 -0.0584903
1016.27 5.17113 8.04398 -0.114914 -4.90409 8.34497 0.397208 0.0911716 -0.0319177 -0.0587958
1016.29 4.97961 8.23551 0.459656 -4.82871 8.46939 0.351745 0.0890336 -0.031765 -0.0528398
1016.3 5.01791 8.1589 0.344742 -4.84786 8.46102 0.325424 0.0910189 -0.032834 -0.0560469
1016.32 5.05622 8.08229 0.0383047 -4.86939 8.42632 0.267996 0.0890336 -0.0297797 -0.0598648
1016.34 5.13283 7.85246 0.0766094 -4.96152 8.40957 0.252443 0.0896445 -0.0311541 -0.0572686
1016.35 5.09452 8.08229 0.191523 -4.92921 8.36171 0.238086 0.0905607 -0.0302378 -0.0552833
1016.37 5.05622 7.96737 0.0 -4.79881 8.5328 0.25005 0.0908662 -0.0320704 -0.0561996
1016.39 5.24774 8.08229 0.0383047 -5.01775 8.34616 0.317049 0.091477 -0.0313068 -0.0603229
1016.4 5.09452 8.1972 0.114914 -4.98305 8.34855 0.339781 0.0888809 -0.0326813 -0.0545197
1016.42 5.09452 8.12059 0.0 -4.76889 8.39402 0.366102 0.0887282 -0.030696 -0.0548251
1016.44 4.903 8.12059 0.0766094 -4.89811 8.44068 0.413958 0.0875064 -0.0288634 -0.053298
1016.45 4.97961 8.1972 -0.191523 -4.80359 8.37368 0.43669 0.0890336 -0.0323759 -0.0581849
1016.47 5.17113 8.23551 -0.0383047 -5.02253 8.40837 0.439083 0.0899499 -0.0288634 -0.0569632
1016.49 4.9413 8.1972 0.0 -4.79282 8.38684 0.403191 0.0930042 -0.0358883 -0.0539089
1016.5 4.97961 7.96737 0.229828 -4.84068 8.43589 0.354138 0.090408 -0.0293215 -0.0586431
1016.52 5.05622 8.00568 0.191523 -4.96032 8.38205 0.295514 0.0899499 -0.0325286 -0.0583376
1016.54 5.13283 8.00568 0.153219 -4.94716 8.38445 0.271585 0.0908662 -0.0322231 -0.0539089
1016.55 5.09452 8.12059 0.153219 -4.83589 8.5328 0.240479 0.0907135 -0.033903 -0.0540616
1016.57 4.97961 8.1589 0.153219 -4.82154 8.45743 0.244068 0.0902553 -0.0322231 -0.0591012
1016.59 5.13283 7.89076 -0.0766094 -5.0345 8.22293 0.306281 0.0928515 -0.0329867 -0.0623082
1016.6 5.09452 8.12059 0.229828 -4.99741 8.3677 0.319442 0.0901026 -0.0287107 -0.0571159
1016.62 4.86469 8.00568 -0.0383047 -4.72941 8.45982 0.344566 0.090408 -0.0334449 -0.0516181
1016.64 5.09452 8.35042 0.0 -4.89571 8.51007 0.410369 0.0917825 -0.0331394 -0.0616974
1016.65 5.05622 8.04398 0.0 -4.97468 8.22532 0.412762 0.0890336 -0.0337503 -0.0589485
1016.67 5.01791 8.08229 -0.229828 -4.87657 8.50169 0.404387 0.0881173 -0.0316123 -0.0548251
1016.69 4.97961 8.1589 0.0 -4.77847 8.50528 0.368495 0.0907135 -0.0277944 -0.0551306
1016.7 5.09452 7.85246 -0.153219 -5.04885 8.33659 0.369691 0.0901026 -0.0319177 -0.0600175
1016.72 5.01791 8.00568 0.0383047 -5.0345 8.32343 0.344566 0.0891863 -0.0325286 -0.0568105
1016.74 4.903 8.61855 -0.0766094 -4.66361 8.55314 0.27996 0.0899499 -0.0299324 -0.0549779
1016.75 4.74978 7.92907 0.0 -4.87657 8.51007 0.29671 0.0911716 -0.033903 -0.0647517
1016.77 5.05622 8.08229 -0.0766094 -5.20319 8.24925 0.318245 0.0885754 -0.0323759 -0.0594066
1016.79 4.78809 8.38873 -0.114914 -4.91246 8.45504 0.306281 0.0911716 -0.0345139 -0.0514654
1016.8 4.86469 8.04398 -0.0383047 -4.59661 8.60459 0.339781 0.0919352 -0.0354302 -0.054367
1016.82 5.36266 7.81416 0.114914 -5.11106 8.27079 0.374477 0.0907135 -0.0297797 -0.0607811
1016.83 5.05622 7.96737 -0.114914 -4.9663 8.45504 0.374477 0.0916298 -0.0340557 -0.0578795
1016.85 5.20944 8.00568 0.0383047 -4.8 8.45025 0.382851 0.0936151 -0.0378736 -0.0601702
1016.87 5.05622 8.1589 0.0 -5.08235 8.3019 0.349352 0.0901026 -0.0326813 -0.0508545
1016.89 4.44334 8.23551 -0.229828 -4.37647 8.59741 0.332602 0.0936151 -0.0351248 -0.0558941
1016.9 5.32435 8.08229 -0.0383047 -4.73779 8.42632 0.364905 0.0936151 -0.0329867 -0.0685696
1016.92 5.24774 8.00568 -0.191523 -5.31565 8.05544 0.369691 0.0864374 -0.0276416 -0.0606284
1016.93 5.01791 8.54194 0.153219 -4.52004 8.73858 0.319442 0.0919352 -0.036041 -0.0481056
1016.95 5.01791 7.81416 0.306437 -4.65284 8.35932 0.285942 0.0933096 -0.0355829 -0.0610865
1016.97 5.17113 8.27381 0.0 -4.96271 8.58664 0.363709 0.0908662 -0.0329867 -0.062461
1016.98 5.32435 7.89076 -0.0383047 -5.04766 8.2325 0.342173 0.0916298 -0.0297797 -0.062461
1017.0 4.86469 8.1589 0.0 -4.66122 8.64646 0.325424 0.0897971 -0.0337503 -0.0476475
1017.02 4.82639 8.08229 -0.0383047 -4.3011 8.60937 0.314656 0.0917825 -0.0342084 -0.0668897
1017.03 5.63079 7.58433 0.114914 -5.47717 8.16072 0.386441 0.0923933 -0.0342084 -0.0685696
1017.05 5.59248 8.1972 0.0383047 -4.78684 8.57946 0.349352 0.0899499 -0.0332921 -0.0476475
1017.07 4.63487 7.92907 -0.0766094 -4.53679 8.44188 0.278764 0.0919352 -0.0332921 -0.0539089
1017.08 5.43926 8.31211 -0.0766094 -4.89452 8.58664 0.362513 0.0905607 -0.0291688 -0.0629191
1017.1 5.01791 8.38873 -0.268133 -4.90768 8.14516 0.396012 0.08827 -0.0284052 -0.0636827
1017.12 4.36673 7.85246 0.0383047 -4.32622 8.0997 0.364905 0.0949895 -0.0323759 -0.0661261
1017.13 5.24774 8.42703 -0.0383047 -4.75693 8.59861 0.273978 0.0913243 -0.0337503 -0.0626137
1017.15 5.20944 7.58433 -0.0766094 -5.01416 7.92263 0.330209 0.0934624 -0.0345139 -0.0719294
1017.17 5.24774 7.31619 0.536266 -5.17567 7.97408 0.32662 0.0911716 -0.0299324 -0.0526871
1017.18 5.05622 8.96329 0.153219 -4.79761 9.39661 0.21655 0.0875064 -0.0355829 -0.0262672
1017.2 4.02199 8.00568 0.229828 -3.82852 9.3344 0.189033 0.0934624 -0.0368046 -0.0690278
1017.22 5.47757 8.35042 -0.0383047 -4.94118 8.69312 0.301496 0.0933096 -0.0329867 -0.0830777
1017.23 5.28605 7.20128 -0.153219 -5.09671 7.59003 0.494118 0.0923933 -0.0299324 -0.0841467
1017.25 5.32435 8.35042 -0.344742 -5.12782 8.45384 0.571884 0.0920879 -0.0340557 -0.0673479
1017.26 4.9413 7.16298 -0.268133 -4.77847 7.72403 0.550349 0.0922406 -0.0256563 -0.0557414
1017.28 5.7074 9.07821 -0.153219 -5.48674 8.99701 0.563509 0.0910189 -0.0384845 -0.0467312
1017.3 4.40504 8.00568 0.0 -4.11446 9.1334 0.527617 0.095295 -0.0311541 -0.068875
1017.31 5.66909 8.46534 -0.306437 -5.41256 7.75992 0.472582 0.0862847 -0.0287107 -0.0652099
1017.33 3.94538 7.20128 -0.0766094 -4.22213 8.50289 0.399601 0.0957531 -0.0351248 -0.0797179
1017.35 6.16705 8.35042 0.191523 -5.9665 8.27318 0.348156 0.0859793 -0.0284052 -0.0513127
1017.36 4.36673 7.89076 0.114914 -4.85863 9.2327 0.223729 0.099571 -0.0253509 -0.0525344
1017.38 5.47757 8.69516 -0.153219 -4.91486 8.31027 0.21655 0.0885754 -0.0357356 -0.0448986
1017.4 4.63487 9.53786 0.0383047 -4.29392 9.61077 0.190229 0.0946841 -0.0297797 -0.056505
1017.41 4.44334 8.1972 0.191523 -3.47557 8.4993 0.239282 0.0896445 -0.0316123 -0.0972803
1017.43 6.16705 6.12875 0.191523 -5.52144 6.69153 0.265603 0.0801761 -0.0244346 -0.0820086
1017.45 6.43519 8.35042 0.191523 -6.87458 8.33539 0.259621 0.0885754 -0.0366519 -0.0248928
1017.46 4.25182 8.88668 0.114914 -3.85364 9.20997 0.0299103 0.100945 -0.0416915 -0.010232
1017.48 4.02199 8.27381 0.153219 -3.23749 9.04128 0.00239282 0.0917825 -0.0332921 -0.0659734
1017.5 5.43926 8.08229 0.229828 -4.4686 8.50648 0.277567 0.0881173 -0.0352775 -0.0847575
1017.51 6.24366 7.50772 -0.191523 -6.14118 8.09491 0.495314 0.0920879 -0.0276416 -0.0739146
1017.53 4.903 7.96737 -0.0766094 -4.9017 8.15354 0.533599 0.095295 -0.0375682 -0.0346666
1017.55 4.51995 8.61855 -0.191523 -4.47338 8.68355 0.53001 0.0890336 -0.0337503 -0.0436769
1017.56 4.74978 8.1972 -0.0383047 -4.40877 8.75653 0.550349 0.0919352 -0.0354302 -0.0629191
1017.58 5.28605 7.85246 -0.268133 -5.202 8.12243 0.591027 0.0913243 -0.032834 -0.0733038
1017.6 5.17113 8.04398 -0.344742 -5.21157 8.09133 0.575474 0.0899499 -0.033903 -0.0500909
1017.61 4.86469 8.42703 -0.0766094 -4.74257 8.64168 0.424726 0.0936151 -0.0366519 -0.0467312
1017.63 4.86469 8.08229 -0.0766094 -4.61575 8.40598 0.303888 0.090408 -0.0302378 -0.0612392
1017.65 5.43926 8.00568 0.306437 -5.16969 8.40718 0.248853 0.0910189 -0.0335976 -0.0670424
1017.66 5.28605 8.1589 0.191523 -5.11106 8.39521 0.211765 0.0936151 -0.0305433 -0.0555887
1017.68 4.78809 8.12059 0.0 -4.75813 8.36052 0.12323 0.0940732 -0.0355829 -0.053298
1017.7 5.05622 8.23551 0.153219 -4.89212 8.49571 0.145962 0.089339 -0.0343612 -0.0561996
1017.71 5.28605 8.00568 0.57457 -4.98903 8.30429 0.202193 0.0920879 -0.0311541 -0.0606284
1017.73 5.01791 7.89076 0.114914 -4.88375 8.32343 0.235693 0.0907135 -0.0297797 -0.0581849
1017.74 5.09452 8.23551 0.114914 -4.82991 8.51844 0.319442 0.0896445 -0.0334449 -0.0551306
1017.76 5.01791 8.00568 -0.0383047 -4.89811 8.36411 0.411565 0.0902553 -0.0288634 -0.0583376
1017.78 5.01791 8.12059 -0.306437 -4.89332 8.3318 0.448654 0.0901026 -0.0340557 -0.0572686
1017.79 5.05622 8.1972 -0.0766094 -4.88614 8.47657 0.477368 0.0887282 -0.0302378 -0.0571159
1017.81 4.97961 8.08229 -0.268133 -4.83948 8.37966 0.480957 0.0930042 -0.0326813 -0.0563523
1017.83 5.13283 8.12059 -0.0766094 -4.89332 8.41914 0.447458 0.0902553 -0.030696 -0.0572686
1017.84 5.01791 8.12059 0.268133 -4.8993 8.47777 0.411565 0.0902553 -0.0345139 -0.0592539
1017.86 4.13691 8.65686 -0.114914 -2.4335 8.67876 0.374477 0.0899499 -0.0357356 -0.0762054
1017.88 6.66501 7.69924 0.0 -6.42831 8.23849 0.638883 0.087201 -0.0255036 -0.0749837
1017.89 6.35858 7.27789 0.0383047 -6.54198 6.99422 0.294317 0.0937678 -0.0293215 -0.0253509
1017.91 6.01384 8.46534 0.306437 -4.87777 8.75773 0.101695 0.102473 -0.0348193 -0.0251982
1017.93 3.67725 8.84838 0.383047 -3.51147 8.99342 -0.0693918 0.0875064 -0.0345139 -0.0383318
1017.94 3.98369 8.23551 0.191523 -4.75334 8.49332 0.0382852 0.0901026 -0.0303905 -0.0827722
1017.96 5.78401 7.46941 -0.0766094 -5.4664 7.97288 0.108873 0.0875064 -0.0305433 -0.0725402
1017.98 5.89892 7.96737 0.268133 -5.58125 8.08654 0.241675 0.0897971 -0.0334449 -0.0540616
1017.99 4.63487 8.31211 -0.0766094 -4.45424 8.6668 0.265603 0.0934624 -0.0357356 -0.0390954
1018.01 4.71148 8.27381 -0.0766094 -4.48415 8.51126 0.41994 0.0911716 -0.0348193 -0.0607811
1018.03 5.36266 8.12059 -0.344742 -4.99741 8.40239 0.503689 0.0888809 -0.0326813 -0.0647517
1018.04 5.55418 7.96737 -0.344742 -5.1649 8.19542 0.582652 0.0934624 -0.033903 -0.057574
1018.06 4.97961 8.27381 -0.306437 -4.65165 8.54118 0.565902 0.0894917 -0.030696 -0.0459676
1018.07 4.71148 8.31211 -0.191523 -4.58824 8.62134 0.557528 0.0908662 -0.0325286 -0.0584903
1018.09 5.20944 7.77585 -0.153219 -4.97946 8.32822 0.508475 0.0901026 -0.030696 -0.0623082
1018.11 5.05622 8.08229 -0.0766094 -4.95075 8.35095 0.403191 0.0905607 -0.033903 -0.0577268
1018.12 4.74978 8.1589 0.0766094 -4.77966 8.53759 0.290728 0.0911716 -0.0287107 -0.0558941
1018.14 5.13283 8.04398 0.114914 -4.79761 8.45145 0.244068 0.0951423 -0.0358883 -0.0574213
1018.16 5.09452 8.00568 0.229828 -4.99502 8.35095 0.18664 0.0885754 -0.032834 -0.0594066
1018.18 5.09452 8.1589 0.153219 -4.92443 8.44068 0.136391 0.0910189 -0.0308487 -0.0577268
1018.19 4.97961 7.96737 0.268133 -4.85743 8.41196 0.13998 0.0899499 -0.029627 -0.0563523
1018.21 5.17113 8.12059 0.114914 -4.89691 8.41795 0.189033 0.0916298 -0.0354302 -0.0555887
1018.22 5.09452 8.1972 -0.114914 -4.96511 8.41795 0.283549 0.0891863 -0.0294742 -0.0569632
1018.24 5.05622 8.12059 -0.114914 -4.8335 8.39761 0.351745 0.0922406 -0.0357356 -0.0571159
1018.26 5.09452 8.04398 -0.268133 -4.84905 8.41555 0.399601 0.0902553 -0.0316123 -0.0555887
1018.27 5.09452 8.08229 -0.114914 -4.89332 8.42154 0.454636 0.0908662 -0.0293215 -0.0563523
1018.29 4.9413 8.04398 -0.229828 -4.85145 8.39282 0.480957 0.0919352 -0.0326813 -0.0566577
1018.31 2.52811 9.07821 -0.65118 -4.72822 8.41196 0.538385 0.0879646 -0.0372628 -0.0707076
1018.32 5.86062 8.27381 -0.804398 -5.07158 9.3009 1.10189 0.0876591 -0.0264199 -0.103083
1018.34 6.01384 7.04806 -0.497961 -5.93061 7.24546 0.865005 0.0775799 -0.0216857 -0.0821613
1018.36 5.51587 7.66094 0.0 -5.25703 8.20499 0.252443 0.0977384 -0.0361938 -0.047342
1018.37 4.86469 8.38873 0.383047 -4.79043 8.35334 -0.00239282 0.0885754 -0.0299324 -0.0410807
1018.39 5.01791 8.54194 0.536266 -4.41475 8.98146 -0.331406 0.0923933 -0.030696 -0.0507018
1018.41 5.13283 7.73755 0.459656 -4.98545 8.07458 -0.412762 0.0908662 -0.0331394 -0.0696386
1018.42 5.13283 8.12059 0.612875 -5.14098 8.41914 -0.338584 0.0894917 -0.0345139 -0.0549779
1018.44 5.01791 8.04398 0.344742 -4.94716 8.48135 -0.272782 0.0919352 -0.0325286 -0.0505491
1018.46 4.97961 8.1589 0.268133 -4.76411 8.4 -0.0227318 0.0934624 -0.0364992 -0.0496328
1018.47 5.20944 8.1972 0.306437 -4.99621 8.41675 0.288335 0.091477 -0.0316123 -0.0536034
1018.49 5.13283 8.08229 -0.153219 -5.07517 8.46819 0.427119 0.0942259 -0.0337503 -0.0536034
1018.5 5.09452 8.1589 -0.689484 -4.82991 8.35095 0.678365 0.0946841 -0.0377209 -0.0511599
1018.52 5.17113 8.31211 -0.459656 -4.72822 8.56032 0.859023 0.0925461 -0.0380264 -0.0487165
1018.54 4.82639 8.04398 -0.421352 -4.78445 8.43948 0.935593 0.091477 -0.0329867 -0.0566577
1018.55 5.05622 8.04398 -0.536266 -4.81436 8.39282 0.934397 0.089339 -0.0285579 -0.0578795
1018.57 5.09452 8.00568 -0.383047 -4.86102 8.42513 0.849452 0.0907135 -0.0337503 -0.0572686
1018.59 5.01791 8.1972 -0.229828 -4.78923 8.4658 0.641276 0.0913243 -0.0279471 -0.0572686
1018.6 5.01791 8.04398 -0.114914 -4.86221 8.40239 0.401994 0.0902553 -0.0303905 -0.0598648
1018.63 5.20944 7.96737 -0.0766094 -4.94716 8.44905 0.16989 0.0896445 -0.0294742 -0.0633773
1018.65 5.13283 8.08229 0.306437 -4.92084 8.36889 0.0251246 0.089339 -0.0294742 -0.0607811
1018.66 5.05622 8.08229 0.421352 -4.91605 8.3653 -0.0562313 0.0908662 -0.0340557 -0.057574
1018.68 5.17113 8.12059 0.0383047 -4.95075 8.4012 -0.113659 0.0930042 -0.0378736 -0.0578795
1018.69 5.32435 8.12059 0.383047 -4.92682 8.3677 -0.0837488 0.0911716 -0.034972 -0.0591012
1018.71 5.05622 8.1589 0.344742 -4.94357 8.38445 0.0502493 0.0913243 -0.0340557 -0.0548251
1018.73 5.05622 8.1972 0.229828 -4.90409 8.40239 0.119641 0.0939205 -0.0351248 -0.0568105
1018.74 5.13283 8.1972 0.0 -4.90289 8.4012 0.307478 0.0905607 -0.029627 -0.0540616
1018.76 5.09452 8.12059 -0.0383047 -4.8658 8.42871 0.5001 0.0922406 -0.0334449 -0.0549779
1018.78 4.97961 8.12059 -0.57457 -4.86819 8.44666 0.555135 0.091477 -0.0348193 -0.0555887
1018.79 5.09452 8.12059 -0.306437 -4.84546 8.42154 0.646062 0.0885754 -0.0319177 -0.0552833
1018.81 5.17113 8.12059 -0.459656 -4.82752 8.44905 0.68674 0.0922406 -0.0354302 -0.0563523
1018.83 4.97961 8.08229 -0.306437 -4.83948 8.42752 0.635294 0.0911716 -0.0332921 -0.0566577
1018.84 5.17113 8.1972 -0.191523 -4.85863 8.41795 0.585045 0.0901026 -0.0314596 -0.0572686
1018.86 5.05622 8.1589 -0.0383047 -4.85743 8.42393 0.443868 0.0936151 -0.0340557 -0.057574
1018.88 5.24774 8.1589 0.344742 -4.87777 8.42154 0.289531 0.090408 -0.0299324 -0.0580322
1018.89 5.09452 8.12059 0.229828 -4.89691 8.40598 0.232104 0.091477 -0.0314596 -0.0584903
1018.91 5.09452 8.08229 0.191523 -4.91366 8.40359 0.129212 0.0901026 -0.0313068 -0.0592539
1018.93 4.97961 8.12059 0.153219 -4.91964 8.40837 0.0765703 0.0928515 -0.0325286 -0.0594066
1018.94 5.13283 8.04398 0.229828 -4.91964 8.40957 0.0765703 0.0896445 -0.0326813 -0.057574
1018.96 5.13283 8.1972 0.268133 -4.91605 8.41436 0.114855 0.0910189 -0.033903 -0.0568105
1018.98 5.05622 8.08229 0.0766094 -4.90648 8.4 0.204586 0.0939205 -0.0366519 -0.0572686
1018.99 4.78809 8.00568 -0.114914 -4.89332 8.41555 0.32662 0.0922406 -0.0345139 -0.0566577
1019.01 4.97961 8.00568 -0.114914 -4.9017 8.41914 0.384048 0.0922406 -0.0314596 -0.055436
1019.03 5.01791 8.08229 0.229828 -4.86341 8.42154 0.482154 0.0910189 -0.0300851 -0.0558941
1019.04 4.97961 8.1589 -0.229828 -4.85863 8.42513 0.544367 0.0894917 -0.0291688 -0.0569632
1019.06 5.01791 8.04398 -0.191523 -4.86819 8.42752 0.538385 0.0919352 -0.0340557 -0.057574
1019.07 4.97961 8.1589 -0.306437 -4.87298 8.4335 0.518046 0.0931569 -0.0392481 -0.0589485
1019.09 5.28605 7.96737 -0.114914 -4.8658 8.42513 0.471386 0.090408 -0.0297797 -0.0578795
1019.11 4.9413 8.04398 0.0 -4.88375 8.41914 0.358923 0.0908662 -0.0308487 -0.0578795
1019.12 4.97961 8.00568 0.229828 -4.88136 8.4 0.269192 0.0897971 -0.0313068 -0.0586431
1019.14 5.09452 8.00568 0.153219 -4.88494 8.3988 0.239282 0.0887282 -0.0294742 -0.0574213
1019.16 5.05622 8.1589 0.229828 -4.90648 8.42393 0.190229 0.0920879 -0.0364992 -0.057574
1019.17 4.97961 8.04398 0.344742 -4.91246 8.40479 0.18664 0.0905607 -0.031765 -0.0571159
1019.19 5.09452 8.12059 0.191523 -4.90768 8.42034 0.189033 0.091477 -0.0335976 -0.0592539
1019.2 5.09452 8.1972 0.0766094 -4.8993 8.4 0.226122 0.0913243 -0.0325286 -0.0595593
1019.22 5.05622 8.1589 0.0 -4.89093 8.41914 0.324227 0.0911716 -0.030696 -0.0563523
1019.24 5.05622 8.08229 -0.268133 -4.85982 8.42752 0.354138 0.0908662 -0.0326813 -0.0577268
1019.25 5.01791 8.23551 0.0 -4.89093 8.39641 0.415155 0.0922406 -0.0346666 -0.0566577
1019.27 5.01791 8.27381 -0.153219 -4.87657 8.42393 0.461814 0.0910189 -0.0346666 -0.0578795
1019.29 4.97961 8.12059 -0.153219 -4.86461 8.4323 0.45344 0.0908662 -0.032834 -0.0571159
1019.3 5.13283 8.1589 -0.191523 -4.86221 8.42513 0.446261 0.0907135 -0.0325286 -0.0557414
1019.32 5.13283 8.1589 -0.0766094 -4.88255 8.41795 0.418744 0.089339 -0.0291688 -0.056505
1019.34 5.13283 8.08229 0.0 -4.87777 8.42632 0.34337 0.0916298 -0.0303905 -0.0568105
1019.35 5.05622 8.1589 0.153219 -4.87657 8.41196 0.324227 0.089339 -0.031765 -0.0581849
1019.37 5.13283 8.08229 0.114914 -4.89332 8.39282 0.2668 0.0907135 -0.033903 -0.0586431
1019.39 5.09452 8.12059 0.0766094 -4.91127 8.41555 0.239282 0.0910189 -0.0320704 -0.0583376
1019.41 5.05622 8.00568 0.0766094 -4.90409 8.41077 0.234497 0.0919352 -0.0351248 -0.0580322
1019.42 5.17113 8.1589 0.0 -4.90648 8.42273 0.256032 0.0908662 -0.0335976 -0.057574
1019.44 5.17113 8.00568 -0.0766094 -4.90648 8.40598 0.287139 0.0911716 -0.0346666 -0.0552833
1019.45 5.09452 8.1589 0.0766094 -4.87896 8.42393 0.337388 0.0919352 -0.031765 -0.056505
1019.47 5.05622 8.04398 -0.0383047 -4.86819 8.42393 0.393619 0.0917825 -0.0343612 -0.0580322
1019.49 4.97961 7.92907 -0.153219 -4.87657 8.42034 0.407976 0.090408 -0.0313068 -0.0597121
1019.5 5.09452 8.08229 0.0 -4.88136 8.42393 0.424726 0.0913243 -0.0368046 -0.0569632
1019.52 4.9413 8.04398 -0.153219 -4.87178 8.42393 0.410369 0.0913243 -0.0311541 -0.0583376
1019.54 5.05622 8.1589 -0.0383047 -4.87777 8.41795 0.384048 0.0908662 -0.0331394 -0.0574213
1019.55 5.09452 8.1972 -0.383047 -4.88494 8.40718 0.364905 0.0905607 -0.0302378 -0.0580322
1019.57 5.05622 8.08229 0.0 -4.89332 8.42273 0.325424 0.0894917 -0.0293215 -0.0569632
1019.59 5.09452 8.12059 0.229828 -4.89571 8.40718 0.284746 0.0913243 -0.0322231 -0.0574213
1019.6 4.9413 8.04398 0.0383047 -4.89332 8.42154 0.285942 0.0899499 -0.0329867 -0.0569632
1019.62 5.13283 8.12059 0.153219 -4.89212 8.40957 0.260818 0.0931569 -0.0375682 -0.0574213
1019.64 5.13283 8.00568 0.0383047 -4.9005 8.41555 0.284746 0.0902553 -0.0335976 -0.0577268
1019.65 4.903 8.1589 0.0383047 -4.89691 8.41077 0.290728 0.0922406 -0.032834 -0.0581849
1019.67 5.01791 8.08229 0.0766094 -4.89452 8.41196 0.314656 0.0891863 -0.0280998 -0.0571159
1019.69 5.09452 8.1589 -0.0766094 -4.88494 8.41316 0.363709 0.0907135 -0.0280998 -0.0561996
1019.7 5.13283 8.1972 -0.268133 -4.86939 8.40359 0.382851 0.0919352 -0.0346666 -0.0560469
1019.72 5.05622 8.1972 -0.0766094 -4.88734 8.40598 0.403191 0.0891863 -0.0314596 -0.0566577
1019.74 5.13283 8.00568 0.0 -4.87059 8.40957 0.391226 0.0888809 -0.0305433 -0.056505
1019.75 4.97961 8.00568 0.0766094 -4.87537 8.41795 0.388834 0.0902553 -0.0310014 -0.0578795
1019.77 5.05622 8.1589 -0.383047 -4.86939 8.42034 0.380459 0.089339 -0.0302378 -0.0560469
1019.78 5.13283 8.1972 0.0766094 -4.84786 8.39761 0.334995 0.0905607 -0.0331394 -0.0563523
1019.8 5.13283 8.04398 0.229828 -4.94836 8.44188 0.290728 0.0907135 -0.0331394 -0.0587958
1019.82 5.13283 8.00568 0.191523 -4.88375 8.3988 0.282353 0.0905607 -0.0299324 -0.0571159
1019.83 5.09452 8.1589 0.0383047 -4.85863 8.43829 0.272782 0.0913243 -0.0293215 -0.0581849
1019.85 5.13283 8.1972 -0.0383047 -4.88136 8.42513 0.312263 0.0908662 -0.0332921 -0.0598648
1019.87 5.13283 8.12059 0.0 -4.95194 8.4335 0.352941 0.0922406 -0.0337503 -0.0572686
1019.88 5.05622 8.1972 -0.0766094 -4.84307 8.41555 0.364905 0.0911716 -0.0337503 -0.0566577
1019.9 4.9413 8.1972 0.0 -4.85504 8.48375 0.349352 0.0926988 -0.0348193 -0.0587958
1019.91 5.01791 8.08229 0.0766094 -4.94716 8.35813 0.362513 0.0919352 -0.0348193 -0.0598648
1019.93 4.97961 8.00568 -0.114914 -4.96271 8.41914 0.354138 0.0916298 -0.0325286 -0.0560469
1019.95 5.01791 8.1589 -0.114914 -4.80718 8.43111 0.362513 0.0890336 -0.0305433 -0.0551306
1019.96 5.01791 8.08229 -0.459656 -4.89811 8.37487 0.340977 0.0933096 -0.0323759 -0.0584903
1019.98 5.13283 8.04398 -0.114914 -4.92084 8.43709 0.346959 0.0899499 -0.0293215 -0.056505
1020.0 5.20944 7.96737 -0.153219 -4.85264 8.44188 0.320638 0.0923933 -0.0346666 -0.0569632
1020.01 5.13283 8.23551 0.0 -4.9017 8.43709 0.289531 0.0894917 -0.0308487 -0.0586431
1020.03 5.17113 8.08229 0.153219 -4.96032 8.37846 0.284746 0.0913243 -0.0303905 -0.0574213
1020.05 5.05622 8.1589 0.153219 -4.92443 8.43111 0.29671 0.0908662 -0.0305433 -0.0558941
1020.06 5.20944 8.12059 -0.0383047 -4.82632 8.42513 0.318245 0.0905607 -0.0313068 -0.0581849
1020.08 5.13283 8.08229 -0.344742 -4.92802 8.38564 0.36012 0.0905607 -0.0329867 -0.0572686
1020.1 5.13283 8.08229 0.0 -4.87537 8.41436 0.381655 0.0901026 -0.0322231 -0.0548251
1020.11 5.01791 8.04398 0.114914 -4.84068 8.42273 0.388834 0.0916298 -0.0340557 -0.0569632
1020.13 5.09452 8.1972 0.114914 -4.89811 8.48494 0.386441 0.0905607 -0.0308487 -0.0546724
1020.15 4.97961 8.08229 -0.0766094 -4.85504 8.4 0.361316 0.0896445 -0.0311541 -0.0563523
1020.16 4.86469 8.04398 -0.191523 -4.8993 8.42632 0.36012 0.091477 -0.0322231 -0.0578795
1020.18 5.13283 8.08229 -0.0383047 -4.89452 8.41795 0.358923 0.0899499 -0.0303905 -0.0566577
1020.2 5.13283 8.1589 -0.0766094 -4.86221 8.41436 0.32662 0.0908662 -0.0337503 -0.0571159
1020.21 5.01791 8.23551 0.0 -4.89093 8.40957 0.303888 0.0907135 -0.0326813 -0.0580322
1020.23 5.01791 8.12059 0.0383047 -4.92203 8.4012 0.291924 0.0911716 -0.0316123 -0.0577268
1020.25 5.13283 8.04398 0.383047 -4.88853 8.42513 0.276371 0.091477 -0.0314596 -0.0571159
1020.26 4.97961 8.04398 0.0383047 -4.87657 8.36889 0.324227 0.090408 -0.0331394 -0.0568105
1020.28 5.01791 8.23551 0.114914 -4.9005 8.41316 0.338584 0.0919352 -0.0316123 -0.057574
1020.3 5.01791 8.00568 0.0 -4.85982 8.40837 0.349352 0.091477 -0.0313068 -0.0577268
1020.31 5.01791 8.08229 -0.0766094 -4.88375 8.40479 0.370887 0.0911716 -0.0329867 -0.055436
1020.33 5.13283 8.08229 -0.306437 -4.91007 8.44786 0.375673 0.0923933 -0.0335976 -0.0566577
1020.35 5.24774 8.1589 0.0 -4.87418 8.41316 0.368495 0.0917825 -0.0346666 -0.0578795
1020.36 5.05622 8.1589 -0.0766094 -4.88016 8.41436 0.352941 0.0899499 -0.0319177 -0.0578795
1020.38 5.01791 8.00568 0.268133 -4.86939 8.38086 0.333799 0.0905607 -0.031765 -0.0571159
1020.39 5.20944 8.1972 0.0383047 -4.88494 8.37487 0.339781 0.090408 -0.033903 -0.0574213
1020.41 5.01791 8.23551 0.0383047 -4.85384 8.33061 0.333799 0.0920879 -0.036041 -0.0566577
1020.43 5.01791 8.08229 -0.114914 -4.9017 8.47777 0.336191 0.091477 -0.0340557 -0.0571159
1020.44 5.17113 7.96737 0.0766094 -4.90887 8.40479 0.351745 0.0897971 -0.031765 -0.056505
1020.46 5.17113 8.12059 0.153219 -4.85743 8.40957 0.35653 0.0916298 -0.029627 -0.0560469
1020.47 5.09452 8.1972 0.0766094 -4.88973 8.4347 0.325424 0.0890336 -0.0279471 -0.0568105
1020.49 5.13283 8.27381 0.0766094 -4.87657 8.41675 0.27996 0.090408 -0.0342084 -0.0572686
1020.51 5.09452 8.08229 0.0766094 -4.91605 8.45743 0.262014 0.0916298 -0.032834 -0.0577268
1020.52 5.01791 7.96737 -0.0383047 -4.88255 8.41077 0.265603 0.0923933 -0.0332921 -0.0574213
1020.54 5.05622 8.08229 0.0 -4.87657 8.39761 0.311067 0.0926988 -0.0354302 -0.0584903
1020.56 5.17113 8.12059 0.0 -4.89811 8.41316 0.346959 0.0926988 -0.0326813 -0.0592539
1020.57 5.09452 8.08229 0.0383047 -4.88734 8.40239 0.361316 0.0922406 -0.033903 -0.0591012
1020.59 4.97961 8.12059 -0.0766094 -4.87657 8.41795 0.375673 0.0907135 -0.0342084 -0.0552833
1020.61 5.13283 8.1589 0.0383047 -4.87657 8.41077 0.393619 0.0894917 -0.0310014 -0.0560469
1020.62 5.13283 8.08229 0.153219 -4.89691 8.40718 0.364905 0.090408 -0.0299324 -0.0572686
