2033.74 0.536266 -0.114914 -9.26973 -0.21655 0.106481 10.0475 0.0610865 -0.109498 -0.0346666
2033.76 0.57457 -0.153219 -9.34634 -0.235693 0.147159 10.0558 0.0603229 -0.110261 -0.0516181
2033.77 0.57457 -0.0766094 -9.11651 -0.282353 0.184247 10.014 0.0598648 -0.107054 -0.0557414
2033.79 0.497961 -0.0383047 -9.38465 -0.26321 0.212961 10.063 0.0595593 -0.110872 -0.0577268
2033.81 0.536266 -0.114914 -9.38465 -0.264407 0.138784 10.0164 0.0583376 -0.108276 -0.0580322
2033.82 0.57457 0.0383047 -9.57617 -0.283549 0.208175 10.0128 0.0598648 -0.108429 -0.0542143
2033.84 0.459656 -0.0383047 -9.49956 -0.32662 0.262014 10.0319 0.0584903 -0.106749 -0.0507018
2033.86 0.536266 -0.0383047 -9.46126 -0.346959 0.224925 10.002 0.0580322 -0.109345 -0.0546724
2033.87 0.65118 -0.0766094 -9.30804 -0.325424 0.189033 10.0439 0.0571159 -0.111483 -0.0598648
2033.89 0.497961 -0.0766094 -9.34634 -0.332602 0.307478 10.0128 0.0577268 -0.109345 -0.0558941
2033.91 0.536266 -0.0383047 -9.38465 -0.358923 0.327816 10.0283 0.0558941 -0.110872 -0.0496328
2033.92 0.766094 -0.0766094 -9.34634 -0.364905 0.306281 10.0187 0.055436 -0.110567 -0.0409279
2033.94 0.689484 0.0766094 -9.38465 -0.352941 0.254835 10.0128 0.0537561 -0.111025 -0.0488692
2033.96 0.689484 0.0 -9.38465 -0.331406 0.2668 10.0211 0.0531453 -0.110719 -0.052229
2033.97 0.612875 0.0383047 -9.38465 -0.348156 0.289531 10.0152 0.0517708 -0.112399 -0.0507018
2033.99 0.65118 -0.0383047 -9.46126 -0.338584 0.221336 9.99482 0.0494801 -0.110719 -0.0412334
2034.0 0.497961 -0.153219 -9.34634 -0.285942 0.16989 10.0379 0.0546724 -0.116675 -0.0439823
2034.02 0.536266 -0.0383047 -9.49956 -0.314656 0.198604 10.0247 0.0511599 -0.110261 -0.0487165
2034.04 0.57457 -0.114914 -9.42295 -0.303888 0.142373 10.0283 0.0488692 -0.110567 -0.0531453
2034.05 0.57457 -0.153219 -9.34634 -0.284746 0.106481 10.0271 0.0517708 -0.116523 -0.0529926
2034.07 0.383047 -0.114914 -9.42295 -0.228514 0.0550349 10.0211 0.0456622 -0.109803 -0.045204
2034.09 0.612875 -0.229828 -9.42295 -0.269192 0.101695 10.0391 0.0526871 -0.112094 -0.0464257
2034.1 0.497961 -0.114914 -9.19312 -0.305085 0.0861416 10.0546 0.052229 -0.111025 -0.045204
2034.12 0.459656 -0.0383047 -9.57617 -0.289531 0.0526421 10.0283 0.0496328 -0.110567 -0.0358883
2034.14 0.421352 -0.191523 -9.49956 -0.278764 0.0765703 10.0199 0.0516181 -0.113468 -0.0319177
2034.15 0.536266 -0.191523 -9.23143 -0.290728 0.0634098 10.0175 0.0487165 -0.108887 -0.0335976
2034.17 0.536266 -0.191523 -9.38465 -0.312263 0.101695 10.0187 0.0557414 -0.113163 -0.0335976
2034.19 0.612875 -0.153219 -9.46126 -0.276371 0.0957129 10.0618 0.0523817 -0.110567 -0.0314596
2034.2 0.536266 -0.153219 -9.38465 -0.254835 0.0981057 10.0439 0.0552833 -0.115606 -0.0352775
2034.22 0.383047 -0.153219 -9.34634 -0.234497 0.0370887 10.0295 0.0534507 -0.111788 -0.034972
2034.24 0.497961 -0.229828 -9.34634 -0.212961 -0.0490528 10.0128 0.0548251 -0.11133 -0.0334449
2034.25 0.57457 -0.191523 -9.38465 -0.221336 -0.0131605 10.0068 0.0513127 -0.10736 -0.0310014
2034.27 0.459656 -0.191523 -9.26973 -0.209372 -0.0227318 10.0379 0.0572686 -0.112399 -0.0316123
2034.29 0.459656 -0.153219 -9.34634 -0.197408 0.00957129 10.0463 0.0546724 -0.10736 -0.0294742
2034.3 0.689484 -0.191523 -9.26973 -0.192622 0.0346959 10.0391 0.0560469 -0.108123 -0.033903
2034.32 0.497961 -0.229828 -9.38465 -0.227318 0.0885344 10.0367 0.062461 -0.11469 -0.0444404
2034.34 0.497961 -0.0766094 -9.57617 -0.302692 0.0885344 10.0235 0.0583376 -0.110108 -0.0499382
2034.35 0.421352 0.0 -9.38465 -0.320638 0.153141 10.0307 0.0580322 -0.108581 -0.030696
2034.37 0.727789 0.0383047 -9.34634 -0.368495 0.195015 10.0199 0.0610865 -0.110414 -0.0203113
2034.39 0.612875 -0.0383047 -9.46126 -0.354138 0.257228 10.0092 0.0587958 -0.107818 -0.0206167
2034.4 0.65118 -0.153219 -9.11651 -0.321834 0.287139 10.0379 0.0563523 -0.109192 -0.0277944
2034.42 0.612875 -0.114914 -9.26973 -0.331406 0.185444 10.0199 0.052229 -0.106596 -0.0310014
2034.44 0.459656 -0.191523 -9.57617 -0.340977 0.0885344 10.0235 0.0540616 -0.109039 -0.0285579
2034.45 0.612875 -0.0383047 -9.38465 -0.318245 0.148355 10.0355 0.0552833 -0.109192 -0.01237
2034.47 0.57457 -0.0383047 -9.42295 -0.323031 0.197408 10.0487 0.0583376 -0.115454 -0.0114537
2034.49 0.459656 -0.229828 -9.19312 -0.332602 0.0945165 10.0187 0.0508545 -0.106443 -0.013439
2034.5 0.497961 -0.0766094 -9.26973 -0.262014 0.132802 10.0116 0.0537561 -0.110108 -0.020464
2034.52 0.536266 -0.0766094 -9.42295 -0.270389 0.181854 10.0367 0.0561996 -0.112399 -0.0271835
2034.54 0.689484 -0.0383047 -9.15482 -0.370887 0.214158 10.008 0.0546724 -0.110872 -0.0364992
2034.55 0.459656 0.0 -9.53786 -0.388834 0.257228 10.0977 0.0557414 -0.113468 -0.0331394
2034.57 0.65118 0.0766094 -9.26973 -0.367298 0.267996 10.0044 0.0517708 -0.109039 -0.0310014
2034.59 0.612875 0.0383047 -9.42295 -0.401994 0.210568 10.0499 0.0458149 -0.108734 -0.0299324
2034.6 0.65118 0.0 -9.34634 -0.346959 0.141176 10.0152 0.0508545 -0.115301 -0.0314596
2034.62 0.612875 0.0 -9.38465 -0.344566 0.135194 10.0175 0.0519235 -0.116217 -0.023671
2034.64 0.57457 -0.114914 -9.42295 -0.321834 0.208175 9.99123 0.0502437 -0.113315 -0.020464
2034.65 0.57457 -0.114914 -9.42295 -0.288335 0.0562313 10.057 0.0465785 -0.110719 -0.023671
2034.67 0.459656 -0.191523 -9.38465 -0.226122 -0.00717846 10.0295 0.0510072 -0.115301 -0.0316123
2034.69 0.383047 -0.306437 -9.34634 -0.114855 0.0143569 10.0451 0.0536034 -0.113621 -0.0481056
2034.7 0.421352 -0.0383047 -9.53786 -0.218943 0.142373 10.0451 0.0523817 -0.110719 -0.0302378
2034.72 0.459656 -0.191523 -9.38465 -0.251246 0.0801595 10.1085 0.0523817 -0.111941 -0.0229074
2034.74 0.383047 -0.229828 -9.34634 -0.145962 -0.0179462 10.008 0.0519235 -0.11301 -0.0221439
2034.75 0.383047 -0.114914 -9.42295 -0.131605 -0.0191426 10.1587 0.0572686 -0.109345 -0.0577268
2034.77 0.57457 -0.114914 -9.42295 -0.351745 0.120837 9.97208 0.0574213 -0.110872 -0.0490219
2034.78 0.727789 -0.229828 -9.26973 -0.374477 -0.00239282 9.99003 0.0488692 -0.108887 -0.0230602
2034.8 0.459656 -0.229828 -9.26973 -0.245264 -0.12323 10.0032 0.0548251 -0.114232 -0.0345139
2034.82 0.497961 -0.229828 -9.38465 -0.248853 -0.0717846 10.0044 0.0561996 -0.109498 -0.034972
2034.83 0.65118 -0.191523 -9.38465 -0.366102 0.102891 10.0726 0.0592539 -0.111025 -0.0250455
2034.85 0.57457 -0.153219 -9.38465 -0.351745 0.0717846 10.0379 0.0552833 -0.110108 -0.0142026
2034.87 0.383047 -0.191523 -9.49956 -0.136391 -0.0323031 10.0319 0.0558941 -0.113315 -0.0198531
2034.88 0.459656 -0.114914 -9.34634 -0.167498 0.0370887 10.0032 0.0580322 -0.105832 -0.00870483
2034.9 0.727789 -0.0383047 -9.46126 -0.325424 0.168694 10.0283 0.0626137 -0.106138 0.00381791
2034.92 0.65118 -0.0766094 -9.38465 -0.388834 0.253639 10.0235 0.0583376 -0.10736 -0.00198531
2034.93 0.497961 -0.229828 -9.49956 -0.270389 0.0239282 10.0499 0.0551306 -0.112552 -0.0377209
2034.95 0.57457 -0.306437 -9.34634 -0.260818 -0.0418744 10.0116 0.0574213 -0.110567 -0.0537561
2034.96 0.689484 -0.191523 -9.26973 -0.401994 0.0251246 10.0331 0.0618501 -0.10797 -0.0526871
2034.98 0.65118 0.0 -9.46126 -0.429512 0.0765703 10.0307 0.0591012 -0.112094 -0.0357356
2035.0 0.766094 -0.229828 -9.38465 -0.378066 0.0454636 10.0235 0.0618501 -0.11469 -0.0390954
2035.01 0.57457 -0.0383047 -9.806 -0.299103 0.0813559 10.0223 0.0649044 -0.114385 -0.0438296
2035.03 0.689484 -0.114914 -9.42295 -0.352941 0.273978 10.0164 0.0612392 -0.113163 -0.0502437
2035.05 0.689484 0.0383047 -9.42295 -0.349352 0.319442 9.95892 0.0591012 -0.10965 -0.0468839
2035.06 0.459656 0.0383047 -9.38465 -0.285942 0.311067 10.0774 0.0595593 -0.116828 -0.0406225
2035.08 0.536266 0.0766094 -9.38465 -0.227318 0.317049 10.0152 0.0549779 -0.112399 -0.0245873
2035.1 0.536266 0.0766094 -9.72939 -0.211765 0.350548 10.0283 0.0551306 -0.111483 -0.0207694
2035.11 0.689484 0.0383047 -9.42295 -0.311067 0.379262 10.0857 0.055436 -0.111941 -0.0190895
2035.13 0.536266 0.0766094 -9.07821 -0.301496 0.306281 10.0869 0.0514654 -0.11301 -0.0149662
2035.15 0.497961 -0.191523 -9.42295 -0.262014 0.245264 10.0427 0.0482583 -0.109039 -0.00733038
2035.16 0.459656 -0.153219 -9.53786 -0.281157 0.102891 10.1288 0.0505491 -0.113468 0.00320704
2035.18 0.497961 -0.0383047 -9.57617 -0.290728 0.147159 10.3143 0.0507018 -0.108429 0.0148135
2035.2 0.536266 -0.114914 -9.8443 -0.305085 0.185444 10.4375 0.0560469 -0.117133 0.00473421
2035.21 0.57457 -0.0383047 -10.2657 -0.336191 0.209372 10.8766 0.0507018 -0.109345 -0.000610865
2035.23 0.804398 0.0 -10.4572 -0.31346 0.204586 11.3025 0.0510072 -0.11301 -0.0122173
2035.24 0.689484 -0.0766094 -10.3806 -0.301496 0.210568 11.2223 0.0505491 -0.116064 -0.0363465
2035.26 0.497961 -0.114914 -10.304 -0.190229 0.120837 11.1063 0.0448986 -0.110872 -0.104
2035.28 0.497961 -0.114914 -10.2657 -0.21655 0.0837488 11.1171 0.0488692 -0.11301 -0.142942
2035.3 0.421352 -0.229828 -10.0358 -0.192622 0.061017 10.9699 0.0503964 -0.114079 -0.138056
2035.31 0.57457 -0.383047 -9.53786 -0.21655 -0.106481 10.2772 0.0448986 -0.107512 -0.10736
2035.33 0.421352 -0.153219 -9.19312 -0.174676 0.0 9.734 0.0508545 -0.109498 -0.0975857
2035.34 0.383047 -0.0766094 -8.69516 -0.199801 -0.0681954 9.36311 0.0558941 -0.112094 -0.0934624
2035.36 0.612875 -0.0383047 -8.46534 -0.331406 0.040678 9.07717 0.054367 -0.105069 -0.0807869
2035.38 0.497961 -0.191523 -8.92499 -0.376869 0.0849452 9.25304 0.0534507 -0.105527 -0.0464257
2035.39 0.57457 0.153219 -8.88668 -0.442672 0.222532 9.26979 0.0591012 -0.108581 -0.010232
2035.41 0.842703 0.0 -9.07821 -0.474975 0.361316 9.71605 0.0560469 -0.110567 0.0571159
2035.43 0.842703 0.153219 -9.34634 -0.51685 0.361316 10.1228 0.0505491 -0.108123 0.0728457
2035.44 0.842703 0.0766094 -9.49956 -0.404387 0.339781 10.2317 0.0481056 -0.110261 0.0571159
2035.46 0.383047 -0.114914 -9.49956 -0.22014 0.163908 10.2808 0.0450513 -0.111941 0.0210748
2035.48 0.191523 -0.0766094 -10.0741 0.193819 0.177069 10.8227 0.0450513 -0.110108 0.0329867
2035.49 0.421352 -0.268133 -10.0741 0.775274 0.135194 11.0106 0.0432187 -0.111941 0.0542143
2035.51 0.268133 -0.421352 -9.8443 0.0275174 -0.223729 10.5882 0.0442877 -0.0926988 0.00977384
2035.53 0.689484 -0.268133 -9.38465 -0.09332 -0.221336 10.1503 0.0549779 -0.105222 -0.0586431
2035.54 0.0383047 -0.344742 -9.19312 0.275174 0.0454636 9.82373 0.0613919 -0.112552 -0.0821613
2035.56 0.153219 -0.229828 -8.50364 -0.302692 -0.113659 9.26141 0.0546724 -0.0957531 -0.0902553
2035.58 0.881008 -0.306437 -8.1589 -0.476171 -0.0681954 8.8666 0.0583376 -0.102778 -0.103694
2035.59 0.689484 0.114914 -8.35042 -0.430708 0.251246 8.90608 0.0652099 -0.105222 -0.10736
2035.61 0.536266 0.153219 -8.23551 -0.348156 0.428315 8.8666 0.0568105 -0.103236 -0.0742201
2035.63 0.689484 0.0 -8.08229 -0.4666 0.254835 8.74217 0.0560469 -0.101862 -0.0207694
2035.64 0.727789 0.268133 -8.84838 -0.515653 0.41994 9.01615 0.0597121 -0.102167 -0.00320704
2035.66 0.421352 0.191523 -9.806 -0.124427 0.485743 10.1874 0.0566577 -0.110261 0.0300851
2035.67 0.689484 0.229828 -9.42295 -0.410369 0.720239 9.92901 0.0511599 -0.101251 0.0907135
2035.69 0.57457 0.0 -9.42295 -0.312263 0.427119 10.0833 0.0445931 -0.101251 0.101556
2035.71 0.536266 -0.229828 -9.07821 -0.224925 -0.0131605 9.99841 0.0410807 -0.107818 0.0523817
2035.72 0.459656 -0.383047 -9.38465 -0.12323 -0.16989 10.0762 0.0470366 -0.110719 -0.0183259
2035.74 0.497961 -0.421352 -9.46126 -0.196211 -0.217747 10.0175 0.0461203 -0.100945 -0.0407752
2035.76 0.919312 -0.421352 -9.46126 -0.490529 -0.319442 10.0618 0.0487165 -0.101709 -0.0361938
2035.77 0.804398 -0.536266 -9.23143 -0.537189 -0.30987 9.98644 0.0539089 -0.104611 -0.0177151
2035.79 0.766094 -0.114914 -9.72939 -0.451047 -0.145962 10.0463 0.0580322 -0.109498 -0.021533
2035.81 0.804398 0.0383047 -9.42295 -0.630509 0.183051 9.99841 0.0571159 -0.104305 -0.0276416
2035.82 0.957617 0.0 -9.38465 -0.658026 0.332602 10.0451 0.0568105 -0.111941 -0.0423024
2035.84 0.766094 0.114914 -9.38465 -0.575474 0.39003 10.0223 0.056505 -0.114995 -0.0630718
2035.86 0.57457 0.153219 -9.42295 -0.394816 0.467797 10.0104 0.0528398 -0.114995 -0.0685696
2035.87 0.65118 0.153219 -9.42295 -0.352941 0.363709 10.0068 0.0499382 -0.116523 -0.0511599
2035.89 0.459656 -0.0383047 -9.23143 -0.331406 0.258425 10.0223 0.0458149 -0.114385 -0.0340557
2035.9 0.306437 -0.344742 -9.19312 -0.195015 -0.0215354 10.0451 0.0467312 -0.11805 -0.00702495
2035.92 0.383047 -0.383047 -9.38465 -0.157926 -0.102891 10.0307 0.046273 -0.114843 0.0270308
2035.94 0.497961 -0.383047 -9.42295 -0.199801 -0.217747 10.075 0.0517708 -0.113163 0.0465785
2035.95 0.536266 -0.344742 -9.42295 -0.209372 -0.20339 10.014 0.0552833 -0.112399 0.0734565
2035.97 0.459656 -0.229828 -9.15482 -0.311067 -0.138784 10.051 0.053298 -0.109345 0.0729984
2035.98 0.536266 -0.229828 -9.23143 -0.277567 -0.0634098 10.0307 0.0580322 -0.113621 0.0334449
2036.0 0.689484 -0.191523 -9.46126 -0.289531 0.00837488 10.0415 0.0583376 -0.112246 0.000305433
2036.01 0.57457 -0.153219 -9.42295 -0.284746 0.0957129 10.0343 0.0563523 -0.111636 -0.0610865
2036.03 0.421352 -0.191523 -9.38465 -0.251246 0.0729811 10.051 0.0584903 -0.117744 -0.0858265
2036.61 0.383047 -0.459656 -9.23143 -0.15673 -0.18664 9.96969 0.0484111 -0.114385 -0.0540616
2036.63 0.306437 -0.306437 -9.57617 -0.0921237 -0.087338 10.0738 0.0534507 -0.114385 -0.0591012
2036.65 0.268133 -0.153219 -9.38465 -0.0717846 -0.0969093 10.014 0.0534507 -0.111177 -0.0274889
2036.66 0.268133 -0.306437 -9.42295 -0.00239282 -0.124427 10.0522 0.0516181 -0.108123 0.00106901
2036.68 0.268133 -0.153219 -9.30804 0.0275174 0.0729811 10.0235 0.0561996 -0.104153 0.0183259
2036.69 0.459656 -0.0383047 -9.26973 -0.00478564 0.209372 10.0187 0.0591012 -0.102625 0.0285579
2036.71 0.612875 0.0383047 -9.53786 -0.147159 0.36012 10.0403 0.0601702 -0.105222 0.0248928
2036.73 0.57457 0.114914 -9.38465 -0.291924 0.323031 10.0104 0.0552833 -0.103847 -0.00458149
2036.74 0.766094 -0.0383047 -9.61448 -0.308674 0.283549 10.0235 0.0551306 -0.108887 -0.0209221
2036.76 0.612875 -0.153219 -9.38465 -0.311067 0.192622 10.0271 0.0536034 -0.105832 -0.0325286
2036.77 0.65118 -0.229828 -9.46126 -0.344566 -0.0191426 10.0295 0.0490219 -0.102473 -0.00213803
2036.79 0.612875 -0.383047 -9.38465 -0.346959 -0.105284 10.0092 0.0502437 -0.103389 0.0174097
2036.81 0.612875 -0.459656 -9.23143 -0.312263 -0.181854 9.98644 0.0513127 -0.102473 0.0488692
2036.82 0.459656 -0.153219 -9.30804 -0.290728 -0.106481 9.9338 0.0578795 -0.102473 0.0806342
2036.84 0.57457 0.0 -9.34634 -0.337388 0.108873 9.92064 0.0580322 -0.10232 0.0917825
2036.86 0.727789 0.114914 -9.26973 -0.35653 0.25005 9.78066 0.057574 -0.100793 0.103236
2036.87 0.497961 0.0383047 -9.26973 -0.350548 0.215354 9.85005 0.0574213 -0.103847 0.0966694
2036.89 0.57457 0.0 -9.34634 -0.351745 0.240479 9.82014 0.0578795 -0.102778 0.0936151
2036.91 0.57457 0.0 -9.23143 -0.392423 0.248853 9.7986 0.0569632 -0.104 0.0901026
2036.92 0.919312 0.0 -9.19312 -0.413958 0.221336 9.87159 0.0551306 -0.104763 0.0841467
2036.94 0.804398 0.0383047 -9.23143 -0.541974 0.308674 9.9003 0.0511599 -0.101556 0.0873537
2036.96 0.804398 -0.114914 -9.19312 -0.57667 0.165105 9.95055 0.0485638 -0.106291 0.0797179
2036.97 0.842703 -0.114914 -9.65278 -0.617348 0.163908 10.1049 0.0526871 -0.109803 0.0534507
2036.99 0.957617 0.0383047 -9.53786 -0.673579 0.288335 10.2305 0.0555887 -0.113621 0.0400117
2037.0 0.957617 0.0383047 -9.53786 -0.684347 0.311067 10.3729 0.0468839 -0.113468 0.0398589
2037.02 0.881008 -0.153219 -9.57617 -0.652044 0.205783 10.2843 0.0447459 -0.117286 0.0299324
2037.04 0.65118 -0.0766094 -9.34634 -0.425922 0.0705882 10.1408 0.0461203 -0.120493 0.0201585
2037.05 0.497961 0.0 -9.49956 -0.284746 0.200997 10.1073 0.0467312 -0.11637 -0.0142026
2037.07 0.57457 0.0 -9.69109 -0.260818 0.22014 10.1623 0.046273 -0.119424 -0.0442877
2037.09 0.459656 -0.114914 -9.61448 -0.21655 0.150748 10.3537 0.0468839 -0.122326 -0.0558941
2037.1 0.383047 -0.153219 -9.42295 -0.129212 0.118445 10.0845 0.0465785 -0.120799 -0.0841467
2037.12 0.383047 -0.114914 -9.49956 -0.101695 0.0813559 9.9003 0.0467312 -0.121104 -0.0777326
2037.14 0.421352 -0.229828 -9.42295 -0.102891 -0.0251246 10.1133 0.0465785 -0.117744 -0.0612392
2037.15 0.459656 -0.268133 -9.30804 -0.217747 -0.102891 10.0283 0.0490219 -0.112857 -0.011301
2037.17 0.459656 -0.229828 -9.49956 -0.205783 -0.0478564 10.1025 0.0523817 -0.113774 0.0488692
2037.19 0.383047 -0.153219 -9.46126 -0.20339 0.00119641 10.1611 0.0494801 -0.108581 0.0691805
2037.2 0.65118 -0.191523 -9.76769 -0.271585 0.179462 10.2305 0.0488692 -0.104 0.0887282
2037.22 0.65118 0.0 -9.49956 -0.256032 0.211765 10.2508 0.052229 -0.110719 0.0734565
2037.24 0.459656 -0.0766094 -9.53786 -0.199801 0.195015 10.209 0.0476475 -0.10736 0.0493274
2037.25 0.383047 -0.114914 -9.69109 -0.0909272 0.138784 10.2138 0.0488692 -0.112705 -0.00137445
2037.27 0.306437 -0.229828 -9.49956 -0.066999 0.0586241 10.2042 0.0484111 -0.108276 -0.044135
2037.29 0.229828 -0.306437 -9.42295 -0.0227318 -0.114855 10.1827 0.0491747 -0.109345 -0.0561996
2037.3 0.344742 -0.421352 -9.49956 0.020339 -0.246461 10.1228 0.0529926 -0.108276 -0.0699441
2037.32 0.306437 -0.497961 -9.46126 0.0394815 -0.303888 10.1695 0.0551306 -0.105222 -0.0757473
2037.34 0.268133 -0.459656 -9.34634 -0.0861416 -0.239282 10.1862 0.0583376 -0.103083 -0.0736092
2037.35 0.344742 -0.268133 -9.42295 -0.229711 -0.104088 10.1898 0.0603229 -0.101404 -0.0675006
2037.37 0.65118 -0.114914 -9.26973 -0.295514 -0.0562313 10.1515 0.0613919 -0.100793 -0.0627664
2037.38 0.689484 0.0 -9.46126 -0.460618 0.217747 10.0845 0.0638354 -0.100945 -0.0658207
2037.4 0.766094 -0.0766094 -9.26973 -0.459422 0.142373 10.0187 0.0621555 -0.106596 -0.0792598
2037.42 0.727789 0.0383047 -9.34634 -0.473779 0.166301 9.84048 0.0652099 -0.106138 -0.0902553
2037.43 0.57457 -0.114914 -9.34634 -0.496511 0.227318 9.91705 0.0595593 -0.106138 -0.0884227
2037.45 0.612875 -0.0766094 -9.49956 -0.484546 0.174676 9.92901 0.0592539 -0.105069 -0.0726929
2037.47 0.57457 -0.191523 -9.19312 -0.5001 0.12682 9.91346 0.0586431 -0.109345 -0.0470366
2037.48 0.497961 0.153219 -9.46126 -0.340977 0.239282 9.98046 0.0566577 -0.106596 -0.0326813
2037.5 0.65118 -0.0766094 -9.07821 -0.394816 0.137587 9.85125 0.0580322 -0.112094 -0.0394008
2037.52 0.612875 0.0 -9.23143 -0.434297 0.193819 9.75793 0.0594066 -0.109956 -0.0351248
2037.53 0.689484 -0.0766094 -9.26973 -0.382851 0.22014 9.74836 0.055436 -0.107054 -0.0250455
2037.55 0.65118 -0.114914 -9.23143 -0.446261 0.205783 9.77229 0.0580322 -0.114385 -0.00946841
2037.57 0.766094 -0.114914 -9.30804 -0.474975 0.116052 9.81655 0.0566577 -0.111025 0.0155771
2037.59 0.65118 -0.0383047 -9.42295 -0.459422 0.166301 9.85244 0.053298 -0.110567 0.0364992
2037.6 0.766094 0.0 -9.30804 -0.422333 0.294317 9.92782 0.0560469 -0.113926 0.065668
2037.62 0.727789 -0.0383047 -9.57617 -0.454636 0.340977 10.0355 0.0540616 -0.112857 0.0591012
2037.63 0.766094 0.0 -9.42295 -0.434297 0.317049 10.0415 0.0510072 -0.111941 0.0421497
2037.65 0.881008 -0.0383047 -9.34634 -0.291924 0.282353 10.0283 0.0513127 -0.118202 -0.0152716
2037.67 0.459656 -0.0383047 -9.34634 -0.228514 0.175872 10.0271 0.0488692 -0.117592 -0.0560469
2037.68 0.612875 -0.0766094 -9.42295 -0.241675 0.17348 10.0211 0.0488692 -0.115301 -0.0752891
2037.7 0.497961 -0.229828 -9.38465 -0.228514 0.0729811 10.0283 0.0513127 -0.120951 -0.0954477
2037.72 0.306437 -0.153219 -9.23143 -0.0969093 -0.0275174 10.0295 0.0519235 -0.120799 -0.0949895
2037.73 0.421352 -0.114914 -9.30804 -0.0813559 0.0191426 10.0391 0.0517708 -0.113774 -0.0972803
2037.75 0.497961 -0.191523 -9.19312 -0.178265 0.114855 10.0977 0.0569632 -0.119119 -0.0994183
2037.77 0.421352 -0.0766094 -9.34634 -0.190229 0.130409 9.9996 0.0531453 -0.115606 -0.116217
2037.78 0.497961 -0.114914 -9.42295 -0.12323 0.0897308 10.0606 0.0503964 -0.116217 -0.135917
2037.8 0.383047 -0.383047 -9.19312 -0.17348 0.020339 10.0247 0.0494801 -0.109039 -0.154243
2037.82 0.421352 -0.268133 -9.38465 -0.224925 0.0215354 10.0283 0.0520762 -0.11133 -0.1518
2037.83 0.497961 -0.191523 -9.19312 -0.190229 0.0287139 10.0367 0.0542143 -0.114232 -0.147829
2037.85 0.57457 -0.306437 -9.30804 -0.224925 -0.040678 10.0104 0.0491747 -0.105222 -0.136681
2037.87 0.497961 -0.268133 -9.38465 -0.204586 -0.0969093 10.0702 0.054367 -0.111636 -0.125533
2037.88 0.459656 -0.268133 -9.19312 -0.198604 -0.0634098 9.98524 0.0548251 -0.10965 -0.0922406
2037.9 0.57457 -0.268133 -9.30804 -0.29671 -0.0179462 10.051 0.0581849 -0.109039 -0.0681114
2037.92 0.612875 -0.229828 -9.30804 -0.323031 -0.00717846 9.99003 0.0563523 -0.105222 -0.0308487
2037.93 0.497961 -0.191523 -9.38465 -0.272782 -0.00717846 10.0044 0.0586431 -0.108581 -0.0213803
2037.95 0.766094 -0.229828 -9.26973 -0.284746 0.026321 10.0762 0.0549779 -0.102931 -0.0311541
2037.97 0.459656 -0.268133 -9.34634 -0.30987 -0.066999 9.99721 0.0597121 -0.104763 -0.0481056
2037.98 0.536266 -0.306437 -9.42295 -0.442672 -0.0849452 10.0774 0.0592539 -0.107665 -0.0433714
2038.0 0.65118 -0.229828 -9.34634 -0.447458 -0.0311067 10.0343 0.0591012 -0.103694 -0.0325286
2038.02 0.689484 -0.191523 -9.30804 -0.372084 -0.0705882 10.0475 0.0623082 -0.108581 -0.0122173
2038.03 0.727789 -0.229828 -9.30804 -0.427119 0.00957129 10.0451 0.0649044 -0.108734 0.00717767
2038.05 0.612875 -0.114914 -9.61448 -0.435494 0.0550349 10.0008 0.0685696 -0.112399 0.0175624
2038.07 0.57457 -0.0766094 -9.49956 -0.404387 0.242871 10.0451 0.0670424 -0.110108 0.0392481
2038.08 0.57457 0.0 -9.42295 -0.396012 0.264407 10.0211 0.0630718 -0.111483 0.0482583
2038.1 0.497961 0.0 -9.69109 -0.278764 0.142373 10.0833 0.0638354 -0.111483 0.0297797
2038.12 0.421352 -0.153219 -9.46126 -0.236889 0.240479 10.0726 0.0621555 -0.109803 0.000916298
2038.14 0.804398 -0.114914 -9.30804 -0.241675 0.141176 10.0152 0.0609338 -0.109039 0.000458149
2038.16 0.65118 0.0766094 -9.38465 -0.461814 0.448654 9.95653 0.0658207 -0.110414 -0.0143553
2038.17 0.727789 0.114914 -9.46126 -0.338584 0.34337 10.0343 0.0609338 -0.11301 -0.0126754
2038.19 0.57457 0.0 -9.34634 -0.366102 0.425922 10.0092 0.0552833 -0.107818 -0.0181732
2038.21 0.536266 0.0383047 -9.38465 -0.32662 0.386441 10.0391 0.0616974 -0.116828 -0.0551306
2038.22 0.766094 0.191523 -9.53786 -0.295514 0.308674 10.0247 0.0552833 -0.113315 -0.0526871
2038.24 0.536266 0.0766094 -9.38465 -0.36012 0.479761 9.99242 0.0526871 -0.109498 -0.0519235
2038.25 0.497961 0.0383047 -9.42295 -0.196211 0.300299 10.0582 0.0514654 -0.114385 -0.0325286
2038.27 0.57457 -0.0766094 -9.38465 -0.175872 0.157926 10.0032 0.0497855 -0.110872 -0.0282525
2038.29 0.383047 0.0 -9.34634 -0.124427 0.198604 10.0259 0.0508545 -0.109039 -0.0265726
2038.3 0.459656 0.0383047 -9.34634 -0.210568 0.278764 10.0475 0.0510072 -0.107818 -0.00641408
2038.32 0.421352 -0.0766094 -9.57617 -0.190229 0.0825523 10.0271 0.0442877 -0.104153 -0.0180205
2038.34 0.383047 -0.191523 -9.53786 -0.162712 0.0418744 10.051 0.0479529 -0.108429 -0.0342084
2038.35 0.612875 -0.0383047 -9.19312 -0.272782 0.148355 10.0092 0.053298 -0.10736 -0.0423024
2038.37 0.57457 0.0 -9.53786 -0.465404 0.200997 10.0451 0.0487165 -0.103694 -0.0018326
2038.39 0.766094 -0.0766094 -9.34634 -0.497707 0.195015 10.0295 0.0455095 -0.102931 0.0143553
2038.41 0.766094 -0.191523 -9.38465 -0.430708 0.0885344 10.0522 0.0481056 -0.10797 0.0171042
2038.42 0.689484 -0.153219 -9.38465 -0.433101 0.135194 10.0211 0.0484111 -0.105527 0.00595593
2038.44 0.65118 -0.114914 -9.57617 -0.437886 0.167498 10.0271 0.052229 -0.11133 -0.00580322
2038.45 0.65118 -0.191523 -9.42295 -0.384048 -0.00358923 10.0355 0.0479529 -0.111941 -0.0207694
2038.47 0.689484 -0.344742 -9.34634 -0.283549 -0.135194 10.0247 0.0487165 -0.111941 -0.0375682
2038.49 0.57457 -0.344742 -9.30804 -0.272782 -0.137587 10.0175 0.0494801 -0.111177 -0.0461203
2038.5 0.57457 -0.344742 -9.46126 -0.262014 -0.190229 10.0475 0.053298 -0.111483 -0.0386372
2038.52 0.497961 -0.306437 -9.26973 -0.336191 -0.149551 10.0355 0.0536034 -0.109039 -0.0201585
2038.54 0.536266 -0.191523 -9.26973 -0.358923 -0.105284 10.0487 0.0587958 -0.111025 -0.0192422
2038.55 0.766094 -0.191523 -9.26973 -0.399601 0.0382852 10.0367 0.055436 -0.106596 -0.023671
2038.57 0.612875 -0.153219 -9.65278 -0.454636 0.157926 10.0379 0.0630718 -0.113315 -0.0458149
2038.59 0.689484 -0.0766094 -9.42295 -0.451047 0.184247 10.0235 0.0592539 -0.112705 -0.0548251
2038.6 0.612875 0.0383047 -9.49956 -0.404387 0.217747 10.0307 0.0563523 -0.112094 -0.0743728
2038.62 0.65118 -0.0766094 -9.42295 -0.351745 0.141176 10.0355 0.0560469 -0.114079 -0.0809396
2038.64 0.497961 -0.114914 -9.34634 -0.307478 0.0849452 10.0427 0.0578795 -0.117133 -0.0804815
2038.65 0.421352 -0.153219 -9.49956 -0.208175 0.0897308 10.0379 0.0600175 -0.118202 -0.0720821
2038.67 0.421352 -0.0766094 -9.26973 -0.162712 0.106481 10.0319 0.0592539 -0.116828 -0.0604756
2038.69 0.421352 -0.229828 -9.42295 -0.137587 0.066999 10.0199 0.0584903 -0.113926 -0.0548251
2038.7 0.421352 -0.153219 -9.19312 -0.120837 0.0969093 10.0379 0.0560469 -0.110719 -0.0566577
2038.72 0.421352 0.0 -9.34634 -0.155533 0.193819 10.0247 0.0601702 -0.110567 -0.0704022
2038.74 0.57457 -0.0383047 -9.53786 -0.209372 0.20339 10.0379 0.0598648 -0.114232 -0.0739146
2038.75 0.536266 0.0 -9.42295 -0.284746 0.226122 10.0175 0.0557414 -0.10797 -0.0685696
2038.77 0.612875 -0.0383047 -9.49956 -0.34337 0.262014 10.0175 0.0546724 -0.108429 -0.0603229
2038.79 0.612875 -0.0383047 -9.61448 -0.362513 0.288335 10.0223 0.053298 -0.107207 -0.055436
2038.8 0.727789 -0.0383047 -9.30804 -0.388834 0.305085 10.0211 0.0555887 -0.110567 -0.0496328
2038.82 0.497961 0.0 -9.23143 -0.34337 0.241675 10.0391 0.0523817 -0.111177 -0.0418443
2038.84 0.57457 0.0 -9.34634 -0.306281 0.222532 10.0247 0.0529926 -0.113468 -0.0274889
2038.85 0.57457 -0.114914 -9.38465 -0.291924 0.165105 10.057 0.0491747 -0.108276 -0.0140499
2038.87 0.459656 -0.153219 -9.26973 -0.276371 0.141176 10.0104 0.0545197 -0.11133 0.00763582
2038.88 0.65118 -0.114914 -9.30804 -0.282353 0.117248 10.0259 0.0508545 -0.108276 0.0158825
2038.9 0.536266 -0.0766094 -9.42295 -0.25005 0.118445 9.94815 0.0496328 -0.105985 0.01237
2038.92 0.65118 -0.114914 -8.96329 -0.31346 0.0813559 9.64427 0.0513127 -0.108429 -0.00412334
2038.93 0.57457 -0.114914 -8.84838 -0.355334 0.0693918 9.49352 0.0519235 -0.108276 -0.00305432
2038.95 0.65118 -0.114914 -8.73347 -0.351745 0.0753739 9.37029 0.0528398 -0.110872 -0.00671952
2038.97 0.842703 -0.0383047 -9.19312 -0.455832 0.105284 9.84646 0.0537561 -0.108887 -0.0213803
2038.99 0.804398 0.0383047 -10.7253 -0.491725 0.0502493 12.3158 0.0586431 -0.113163 -0.0148135
2039.0 0.919312 -0.0383047 -9.03991 -0.526421 0.44985 9.51625 0.0555887 -0.107207 0.0166461
2039.02 1.03423 -0.114914 -9.76769 -0.424726 0.210568 10.343 0.0517708 -0.11637 0.0131336
2039.03 0.65118 0.0383047 -8.88668 -0.490529 -0.0394815 9.9338 0.0536034 -0.115148 -0.00198531
2039.05 0.727789 0.0383047 -9.38465 -0.391226 0.299103 10.1815 0.054367 -0.118202 -0.0189368
2039.07 0.689484 0.0 -9.23143 -0.415155 0.193819 9.8668 0.0484111 -0.115912 -0.0603229
2039.09 0.612875 0.0383047 -9.57617 -0.385244 0.208175 10.1145 0.0485638 -0.119577 -0.0310014
2039.1 0.57457 -0.114914 -9.38465 -0.277567 0.153141 9.97567 0.0493274 -0.122173 -0.0329867
2039.12 0.612875 -0.191523 -9.30804 -0.345763 -0.00837488 10.0415 0.047342 -0.117897 -0.0352775
2039.13 0.536266 -0.191523 -9.34634 -0.37328 0.0299103 10.0403 0.0497855 -0.118661 -0.0510072
2039.15 0.421352 -0.153219 -9.42295 -0.118445 0.0574277 10.0056 0.0563523 -0.1237 -0.0560469
2039.17 0.497961 -0.114914 -9.38465 -0.12682 0.0275174 10.075 0.0505491 -0.114843 -0.0255036
2039.18 0.421352 -0.191523 -9.19312 -0.154337 -0.0394815 9.99003 0.0513127 -0.114079 -0.041997
2039.2 0.383047 -0.268133 -9.38465 -0.0741775 0.0227318 9.94576 0.0520762 -0.11469 -0.0620028
2039.22 0.306437 -0.191523 -9.49956 -0.0107677 0.0287139 10.1276 0.0572686 -0.11805 -0.0768163
2039.23 0.383047 -0.344742 -9.34634 -0.0442672 -0.0526421 10.0044 0.0540616 -0.111483 -0.0620028
2039.25 0.65118 -0.268133 -9.15482 -0.300299 0.0658026 9.91466 0.0574213 -0.107207 -0.0456622
2039.27 0.57457 0.0 -9.38465 -0.31346 0.245264 10.0391 0.057574 -0.112705 -0.0222966
2039.28 0.57457 -0.0383047 -9.42295 -0.262014 0.236889 10.0451 0.053298 -0.110872 -0.00763582
2039.3 0.689484 -0.153219 -9.42295 -0.337388 0.244068 10.0331 0.0572686 -0.112857 -0.00244346
2039.32 0.57457 -0.0766094 -9.38465 -0.331406 0.136391 10.0534 0.0502437 -0.107512 -0.00687223
2039.33 0.421352 -0.306437 -9.34634 -0.175872 0.0921237 10.063 0.0545197 -0.113315 -0.00167988
2039.35 0.459656 -0.229828 -9.11651 -0.155533 0.0789631 10.0355 0.0529926 -0.108581 0.00534507
2039.37 0.459656 -0.229828 -9.46126 -0.18664 -0.0705882 10.0487 0.0536034 -0.111025 0.0108429
2039.38 0.383047 -0.153219 -9.26973 -0.118445 -0.100499 10.0008 0.0528398 -0.106596 0.0160352
2039.4 0.421352 -0.229828 -9.65278 -0.0622134 -0.0945165 10.0164 0.0551306 -0.106901 0.0183259
2039.42 0.497961 -0.268133 -9.38465 -0.137587 -0.00957129 10.0211 0.0604756 -0.109039 0.0119119
2039.43 0.57457 -0.153219 -9.26973 -0.278764 0.0705882 10.0295 0.0612392 -0.103694 -0.00259618
2039.45 0.57457 -0.0766094 -9.38465 -0.303888 0.161515 10.0654 0.057574 -0.100945 -0.0143553
2039.47 0.612875 0.0383047 -9.38465 -0.321834 0.32662 10.0307 0.0600175 -0.106291 -0.047342
2039.48 0.689484 -0.114914 -9.15482 -0.418744 0.196211 10.0283 0.0563523 -0.106901 -0.0690278
2039.5 0.536266 -0.0383047 -9.42295 -0.473779 0.137587 10.0247 0.0539089 -0.108276 -0.0697913
2039.52 0.536266 0.0 -9.65278 -0.42353 0.160319 10.0068 0.0571159 -0.109345 -0.0760527
2039.53 0.65118 -0.153219 -9.38465 -0.380459 0.135194 10.0295 0.0557414 -0.109345 -0.0610865
2039.55 0.612875 -0.191523 -9.38465 -0.409173 0.0909272 10.0403 0.0569632 -0.112399 -0.0435241
2039.57 0.612875 -0.0383047 -9.53786 -0.384048 0.136391 10.0295 0.0552833 -0.106901 -0.0305433
2039.58 0.612875 0.0 -9.46126 -0.331406 0.242871 10.0331 0.057574 -0.111483 -0.0310014
2039.6 0.57457 -0.114914 -9.34634 -0.332602 0.235693 10.0032 0.055436 -0.108734 -0.0180205
2039.62 0.57457 -0.0383047 -9.34634 -0.358923 0.204586 10.0295 0.0548251 -0.111788 -0.0129809
2039.63 0.65118 0.0383047 -9.53786 -0.380459 0.267996 10.0283 0.0551306 -0.112552 -0.00992656
2039.65 0.612875 -0.0383047 -9.42295 -0.350548 0.230907 10.0391 0.0539089 -0.113163 -0.0287107
2039.67 0.65118 0.0 -9.57617 -0.376869 0.148355 10.008 0.0516181 -0.110414 -0.0323759
2039.68 0.612875 -0.191523 -9.53786 -0.361316 0.0741775 10.0439 0.0558941 -0.115454 -0.0438296
2039.7 0.57457 -0.0766094 -9.49956 -0.397208 0.0849452 10.0175 0.0529926 -0.110719 -0.0459676
2039.72 0.689484 -0.0383047 -9.49956 -0.42353 0.133998 10.0271 0.054367 -0.114537 -0.0478002
2039.73 0.881008 -0.0766094 -9.38465 -0.331406 0.0993021 10.0391 0.0510072 -0.113468 -0.0456622
2039.75 0.383047 -0.114914 -9.15482 -0.2668 0.0957129 10.0271 0.0549779 -0.12034 -0.0445931
2039.77 0.612875 -0.0766094 -9.38465 -0.245264 0.12323 10.0439 0.0563523 -0.117439 -0.0423024
2039.78 0.57457 -0.0766094 -9.30804 -0.265603 0.210568 10.0104 0.0537561 -0.113774 -0.0438296
2039.8 0.344742 -0.0383047 -9.30804 -0.205783 0.189033 10.008 0.0513127 -0.114995 -0.0439823
2039.82 0.344742 -0.114914 -9.42295 -0.167498 0.168694 10.0056 0.0508545 -0.113621 -0.0366519
2039.83 0.421352 -0.0766094 -9.38465 -0.189033 0.174676 10.0702 0.0537561 -0.114537 -0.014508
2039.85 0.612875 -0.153219 -9.26973 -0.211765 0.183051 9.99123 0.0507018 -0.110872 0.0122173
2039.87 0.459656 -0.0766094 -9.42295 -0.22014 0.151944 10.0522 0.0511599 -0.110567 0.0111483
2039.88 0.612875 -0.114914 -9.69109 -0.307478 0.137587 9.97807 0.0519235 -0.110872 -0.0108429
2039.9 0.497961 -0.153219 -9.46126 -0.242871 0.122034 10.0833 0.0500909 -0.109498 -0.0117592
2039.92 0.612875 -0.268133 -9.19312 -0.177069 0.0957129 10.0391 0.0499382 -0.112552 0.00320704
2039.93 0.497961 -0.268133 -9.46126 -0.181854 0.00478564 10.0032 0.046273 -0.103694 0.0482583
2039.95 0.421352 -0.191523 -9.49956 -0.218943 0.0191426 10.0487 0.0542143 -0.110567 0.0493274
2039.96 0.459656 -0.114914 -9.38465 -0.217747 0.09332 10.0678 0.0558941 -0.110567 0.0413861
2039.98 0.268133 -0.153219 -9.42295 -0.155533 0.15673 10.0343 0.0563523 -0.113163 -0.00305432
2040.0 0.383047 -0.153219 -9.61448 -0.179462 0.026321 10.0235 0.0505491 -0.105222 -0.0151189
2040.01 0.497961 -0.114914 -9.30804 -0.189033 0.0215354 10.0463 0.0552833 -0.109956 -0.0230602
2040.03 0.421352 -0.114914 -9.42295 -0.202193 0.114855 10.0235 0.0563523 -0.108123 -0.0427606
2040.05 0.612875 0.0 -9.53786 -0.308674 0.172283 10.0427 0.0539089 -0.103694 -0.0467312
2040.06 0.497961 -0.114914 -9.34634 -0.350548 0.135194 10.0056 0.0510072 -0.102473 -0.0433714
2040.08 0.65118 -0.153219 -9.46126 -0.339781 0.11007 10.0355 0.0594066 -0.114079 -0.0479529
2040.1 0.689484 -0.0383047 -9.34634 -0.369691 0.117248 10.0128 0.0528398 -0.105069 -0.0444404
2040.11 0.689484 -0.114914 -9.38465 -0.391226 0.104088 10.0391 0.0531453 -0.106138 -0.0368046
2040.13 0.727789 -0.191523 -9.30804 -0.463011 0.108873 10.0271 0.0574213 -0.110719 -0.0169515
2040.15 0.689484 -0.114914 -9.23143 -0.44985 0.159123 10.0223 0.0560469 -0.109803 -0.0299324
2040.16 0.689484 -0.114914 -9.15482 -0.43669 0.184247 10.0092 0.0561996 -0.113926 -0.0407752
2040.18 0.65118 -0.191523 -9.42295 -0.398405 0.112463 10.0331 0.0555887 -0.11637 -0.0448986
2040.2 0.57457 -0.114914 -9.38465 -0.300299 0.066999 10.0259 0.0539089 -0.11301 -0.0374155
2040.21 0.57457 -0.191523 -9.38465 -0.284746 0.104088 10.0367 0.0505491 -0.109192 -0.0401644
2040.23 0.612875 -0.114914 -9.26973 -0.31346 0.147159 10.0092 0.056505 -0.116675 -0.0513127
2040.24 0.421352 -0.268133 -9.15482 -0.338584 0.105284 10.0307 0.0549779 -0.114079 -0.0478002
2040.26 0.612875 -0.114914 -9.38465 -0.302692 0.0753739 10.0211 0.0505491 -0.109192 -0.0273362
2040.28 0.459656 -0.114914 -9.49956 -0.256032 0.13998 10.0391 0.054367 -0.110567 -0.0300851
2040.29 0.57457 -0.0383047 -9.34634 -0.324227 0.192622 10.0152 0.0536034 -0.107818 -0.0276416
2040.31 0.612875 -0.0766094 -9.46126 -0.381655 0.167498 10.0271 0.053298 -0.112552 -0.0290161
2040.32 0.65118 -0.191523 -9.34634 -0.319442 0.0622134 10.0044 0.0540616 -0.115301 -0.0264199
2040.34 0.612875 0.0383047 -9.46126 -0.227318 0.141176 9.99841 0.0526871 -0.11133 -0.0106901
2040.36 0.497961 -0.0383047 -9.30804 -0.337388 0.204586 10.0199 0.053298 -0.111025 0.0209221
2040.37 0.766094 -0.114914 -9.42295 -0.351745 0.144766 10.0164 0.0505491 -0.111025 0.0325286
2040.39 0.383047 -0.0766094 -9.49956 -0.282353 0.113659 10.0152 0.0503964 -0.114537 0.0255036
2040.41 0.459656 -0.114914 -9.38465 -0.157926 0.0849452 10.0642 0.0500909 -0.109192 0.00901026
2040.42 0.497961 -0.191523 -9.61448 -0.171087 0.138784 10.0379 0.0507018 -0.109039 -0.00763582
2040.44 0.497961 -0.229828 -9.23143 -0.185444 0.0777667 10.0199 0.0496328 -0.108581 -0.0111483
2040.46 0.306437 -0.268133 -9.53786 -0.111266 -0.0705882 10.0451 0.0551306 -0.114385 -0.0131336
2040.47 0.421352 -0.153219 -9.46126 -0.102891 0.0562313 10.0343 0.0548251 -0.10797 -0.0180205
2040.49 0.459656 -0.153219 -9.46126 -0.153141 0.114855 10.0427 0.0511599 -0.102014 -0.0230602
2040.51 0.536266 -0.114914 -9.26973 -0.288335 0.0753739 10.0223 0.0508545 -0.105374 -0.0453567
2040.52 0.536266 -0.153219 -9.42295 -0.289531 0.0658026 10.0487 0.0552833 -0.110872 -0.0616974
2040.54 0.497961 -0.191523 -9.46126 -0.267996 0.0801595 10.0271 0.0529926 -0.105527 -0.0542143
2040.56 0.689484 -0.114914 -9.42295 -0.355334 0.135194 10.014 0.0545197 -0.106901 -0.0409279
2040.57 0.612875 -0.0383047 -9.42295 -0.398405 0.181854 10.0415 0.0536034 -0.106443 -0.0294742
2040.59 0.727789 -0.0766094 -9.38465 -0.394816 0.27996 10.0247 0.0557414 -0.10736 -0.0284052
2040.61 0.57457 -0.0766094 -9.42295 -0.31346 0.205783 10.0367 0.0539089 -0.112094 -0.0245873
2040.62 0.612875 -0.0383047 -9.26973 -0.361316 0.166301 10.0247 0.0520762 -0.109803 -0.0207694
2040.64 0.497961 0.0766094 -9.34634 -0.333799 0.160319 10.0379 0.0537561 -0.109956 -0.0282525
2040.66 0.536266 -0.153219 -9.30804 -0.282353 0.0598205 10.0343 0.0545197 -0.115759 -0.0493274
2040.67 0.65118 -0.268133 -9.34634 -0.272782 -0.0502493 10.0427 0.052229 -0.112094 -0.0490219
2040.69 0.57457 -0.229828 -9.38465 -0.236889 -0.0658026 10.0211 0.0519235 -0.10736 -0.0503964
2040.71 0.536266 -0.306437 -9.42295 -0.320638 -0.00119641 10.0475 0.056505 -0.10797 -0.0503964
2040.72 0.65118 -0.0766094 -9.46126 -0.367298 0.0681954 10.0271 0.0586431 -0.111941 -0.0403171
2040.74 0.612875 0.0 -9.42295 -0.380459 0.0957129 10.0152 0.0595593 -0.113315 -0.0345139
2040.76 0.689484 -0.0383047 -9.49956 -0.380459 0.218943 10.0319 0.0589485 -0.113315 -0.0314596
2040.77 0.689484 0.0383047 -9.72939 -0.378066 0.318245 10.0247 0.0560469 -0.110872 -0.0383318
2040.79 0.727789 0.0383047 -9.65278 -0.361316 0.293121 10.0355 0.0539089 -0.111636 -0.0372628
2040.8 0.65118 0.0766094 -9.49956 -0.349352 0.236889 10.0164 0.0494801 -0.109498 -0.0331394
2040.82 0.612875 0.0 -9.46126 -0.315852 0.21655 10.0223 0.0526871 -0.114079 -0.0245873
2040.83 0.612875 -0.0766094 -9.34634 -0.262014 0.198604 10.0487 0.0539089 -0.11469 -0.0212276
2040.85 0.612875 -0.0766094 -9.61448 -0.236889 0.145962 10.0331 0.0531453 -0.113468 -0.0241292
2040.86 0.497961 -0.0766094 -9.49956 -0.25005 0.00358923 10.014 0.0470366 -0.107665 -0.0224493
2040.88 0.536266 -0.0383047 -9.30804 -0.222532 0.0442672 10.0295 0.0542143 -0.111788 -0.0300851
2040.9 0.459656 -0.191523 -9.38465 -0.183051 0.0394815 10.0403 0.0528398 -0.110108 -0.0368046
2040.91 0.459656 -0.153219 -9.30804 -0.214158 -0.040678 10.0223 0.0510072 -0.108734 -0.0583376
2040.93 0.459656 -0.268133 -9.11651 -0.235693 -0.04666 10.0116 0.0560469 -0.114843 -0.0662789
2041.51 0.459656 0.0 -9.15482 -0.241675 0.130409 10.0367 0.055436 -0.111636 -0.022602
2041.53 0.383047 0.0 -9.46126 -0.192622 0.100499 10.0319 0.0540616 -0.10797 -0.0335976
2041.54 0.421352 -0.153219 -9.42295 -0.175872 0.0777667 10.0558 0.0548251 -0.110719 -0.047342
2041.56 0.459656 -0.229828 -9.61448 -0.187837 0.0430708 10.0211 0.0580322 -0.10965 -0.0493274
2041.58 0.612875 -0.114914 -9.38465 -0.240479 0.0981057 10.0247 0.0563523 -0.108276 -0.0464257
2041.59 0.57457 -0.114914 -9.26973 -0.241675 0.135194 10.0379 0.0574213 -0.111177 -0.0470366
2041.61 0.612875 -0.153219 -9.34634 -0.325424 0.211765 10.0164 0.0606284 -0.113926 -0.0505491
2041.63 0.65118 -0.0383047 -9.34634 -0.401994 0.226122 10.0271 0.0574213 -0.10797 -0.0561996
2041.64 0.497961 0.0766094 -9.34634 -0.416351 0.242871 10.0199 0.0546724 -0.108581 -0.057574
2041.66 0.612875 0.0 -9.34634 -0.380459 0.25005 10.0307 0.0558941 -0.112399 -0.0546724
2041.67 0.689484 -0.0766094 -9.46126 -0.405583 0.246461 10.0175 0.0514654 -0.104916 -0.0377209
2041.69 0.536266 -0.0766094 -9.11651 -0.416351 0.253639 10.0259 0.0517708 -0.109498 -0.0300851
2041.71 0.57457 -0.0383047 -9.38465 -0.336191 0.179462 10.0235 0.0526871 -0.112705 -0.0265726
2041.72 0.536266 -0.153219 -9.38465 -0.257228 0.112463 10.0271 0.0496328 -0.107207 -0.0164934
2041.74 0.536266 -0.114914 -9.38465 -0.251246 0.135194 10.0152 0.0536034 -0.111025 -0.0230602
2041.76 0.497961 -0.0766094 -9.26973 -0.314656 0.142373 10.0092 0.0491747 -0.107054 -0.021533
2041.77 0.536266 -0.229828 -9.42295 -0.258425 0.0526421 10.0403 0.0525344 -0.114232 -0.033903
2041.79 0.497961 -0.153219 -9.34634 -0.257228 0.00239282 10.0451 0.0502437 -0.106596 -0.0300851
2041.81 0.766094 -0.0766094 -9.38465 -0.327816 0.0167498 10.0463 0.0545197 -0.109956 -0.0316123
2041.82 0.612875 -0.229828 -9.34634 -0.407976 0.0598205 10.0223 0.0525344 -0.107665 -0.0331394
2041.84 0.727789 -0.191523 -9.46126 -0.382851 0.0442672 10.014 0.0528398 -0.109192 -0.0403171
2041.86 0.842703 -0.306437 -9.34634 -0.372084 0.0394815 10.0283 0.0560469 -0.112705 -0.0448986
2041.87 0.536266 -0.268133 -9.46126 -0.387637 0.0957129 10.0116 0.0517708 -0.107818 -0.0368046
2041.89 0.57457 -0.0766094 -9.46126 -0.349352 0.136391 10.0223 0.0561996 -0.113926 -0.030696
2041.91 0.65118 -0.0766094 -9.42295 -0.319442 0.142373 10.0247 0.0516181 -0.109498 -0.0241292
2041.92 0.497961 -0.0766094 -9.49956 -0.264407 0.114855 10.0379 0.0546724 -0.111788 -0.0302378
2041.94 0.57457 -0.114914 -9.15482 -0.241675 0.117248 10.0295 0.0531453 -0.111483 -0.0389426
2041.96 0.536266 -0.153219 -9.42295 -0.229711 0.102891 10.0295 0.0531453 -0.110108 -0.0348193
2041.97 0.497961 -0.191523 -9.38465 -0.248853 0.0586241 10.0235 0.055436 -0.110108 -0.0282525
2041.99 0.497961 -0.229828 -9.34634 -0.254835 0.0526421 10.0391 0.0528398 -0.109345 -0.0242819
2042.01 0.536266 -0.153219 -9.42295 -0.289531 0.0538385 10.0175 0.0574213 -0.112246 -0.029627
2042.02 0.57457 -0.114914 -9.42295 -0.307478 0.0813559 10.0331 0.0560469 -0.111177 -0.0361938
2042.04 0.536266 -0.0766094 -9.42295 -0.329013 0.061017 10.0223 0.0568105 -0.111025 -0.0378736
2042.06 0.536266 -0.268133 -9.42295 -0.315852 0.087338 10.0271 0.055436 -0.108429 -0.0383318
2042.07 0.612875 -0.153219 -9.42295 -0.312263 0.129212 10.0259 0.055436 -0.10797 -0.0352775
2042.09 0.57457 -0.153219 -9.49956 -0.314656 0.168694 10.0223 0.057574 -0.112094 -0.0401644
2042.1 0.57457 -0.0383047 -9.38465 -0.288335 0.184247 10.0283 0.0568105 -0.112094 -0.0435241
2042.12 0.497961 0.0383047 -9.15482 -0.246461 0.181854 10.0187 0.0574213 -0.11301 -0.0445931
2042.14 0.57457 -0.0383047 -9.49956 -0.238086 0.177069 10.0355 0.0551306 -0.110414 -0.0381791
2042.15 0.497961 -0.153219 -9.34634 -0.241675 0.209372 10.0259 0.0568105 -0.110567 -0.0337503
2042.17 0.536266 -0.114914 -9.34634 -0.251246 0.187837 10.0367 0.0569632 -0.11133 -0.0299324
2042.19 0.497961 -0.153219 -9.38465 -0.256032 0.153141 10.0211 0.0537561 -0.108123 -0.0285579
2042.2 0.536266 -0.0766094 -9.53786 -0.290728 0.159123 10.0283 0.0540616 -0.108276 -0.0280998
2042.22 0.689484 -0.114914 -9.34634 -0.315852 0.132802 10.0379 0.056505 -0.112857 -0.0302378
2042.24 0.497961 -0.191523 -9.23143 -0.315852 0.131605 10.0379 0.0523817 -0.108429 -0.0308487
2042.25 0.459656 -0.191523 -9.38465 -0.324227 0.0945165 10.0403 0.0555887 -0.111025 -0.0394008
2042.27 0.727789 -0.191523 -9.57617 -0.350548 0.0909272 10.0307 0.0529926 -0.109192 -0.0416915
2042.29 0.57457 -0.191523 -9.42295 -0.370887 0.0897308 10.0295 0.0517708 -0.105985 -0.0381791
2042.3 0.727789 -0.153219 -9.49956 -0.355334 0.142373 10.0235 0.0526871 -0.105374 -0.0293215
2042.32 0.612875 -0.0383047 -9.34634 -0.344566 0.172283 10.0175 0.0548251 -0.108887 -0.0262672
2042.34 0.689484 -0.0383047 -9.38465 -0.332602 0.185444 10.0056 0.0529926 -0.107207 -0.025809
2042.35 0.497961 0.0 -9.38465 -0.321834 0.208175 10.0187 0.0566577 -0.113163 -0.0303905
2042.37 0.497961 -0.153219 -9.42295 -0.300299 0.171087 10.0343 0.0534507 -0.112246 -0.0352775
2042.38 0.727789 -0.153219 -9.53786 -0.325424 0.155533 10.0259 0.0523817 -0.110108 -0.0340557
2042.4 0.57457 -0.114914 -9.42295 -0.333799 0.0945165 10.0367 0.0545197 -0.111941 -0.0342084
2042.42 0.459656 -0.153219 -9.49956 -0.34337 0.0681954 10.0319 0.0516181 -0.109039 -0.0276416
2042.43 0.536266 -0.191523 -9.34634 -0.363709 0.0753739 10.014 0.0549779 -0.111636 -0.0227547
2042.45 0.383047 -0.153219 -9.42295 -0.366102 0.066999 10.0187 0.0534507 -0.109192 -0.0209221
2042.47 0.536266 -0.0766094 -9.30804 -0.387637 0.107677 10.0164 0.0526871 -0.109498 -0.0235183
2042.48 0.57457 -0.229828 -9.46126 -0.351745 0.0981057 10.0283 0.0549779 -0.113315 -0.0230602
2042.5 0.612875 -0.191523 -9.30804 -0.334995 0.0753739 10.0199 0.0568105 -0.115912 -0.0277944
2042.52 0.612875 -0.268133 -9.03991 -0.308674 0.129212 10.0128 0.0534507 -0.110567 -0.031765
2042.53 0.497961 -0.0383047 -9.38465 -0.288335 0.136391 10.0355 0.0568105 -0.112857 -0.0372628
2042.55 0.57457 -0.114914 -9.15482 -0.245264 0.119641 10.0307 0.0555887 -0.116675 -0.0372628
2042.57 0.459656 -0.0766094 -9.26973 -0.206979 0.0921237 10.0367 0.0545197 -0.114537 -0.0345139
2042.58 0.497961 -0.191523 -9.42295 -0.226122 0.0969093 10.0319 0.0529926 -0.108734 -0.0342084
2042.6 0.497961 -0.0766094 -9.49956 -0.254835 0.116052 10.0152 0.0500909 -0.10568 -0.030696
2042.62 0.536266 -0.114914 -9.42295 -0.276371 0.104088 10.0199 0.0548251 -0.109345 -0.0310014
2042.63 0.459656 -0.153219 -9.23143 -0.291924 0.108873 10.0235 0.0563523 -0.111025 -0.0270308
2042.65 0.57457 -0.114914 -9.42295 -0.299103 0.105284 10.0343 0.0511599 -0.104611 -0.022602
2042.67 0.57457 -0.0766094 -9.38465 -0.318245 0.138784 10.0283 0.055436 -0.109192 -0.0178678
2042.68 0.536266 0.0383047 -9.69109 -0.342173 0.155533 10.0463 0.0558941 -0.110261 -0.0105374
2042.7 0.612875 -0.0766094 -9.42295 -0.290728 0.153141 10.0199 0.0571159 -0.11301 -0.0122173
2042.72 0.612875 -0.114914 -9.49956 -0.288335 0.151944 10.0247 0.0548251 -0.109498 -0.0207694
2042.73 0.497961 -0.0766094 -9.61448 -0.300299 0.15673 10.0175 0.0552833 -0.110414 -0.0363465
2042.75 0.536266 -0.114914 -9.30804 -0.264407 0.12682 10.0307 0.0525344 -0.108734 -0.0372628
2042.77 0.383047 -0.229828 -9.11651 -0.214158 0.102891 10.0343 0.0540616 -0.110719 -0.0332921
2042.78 0.459656 -0.191523 -9.42295 -0.218943 0.105284 10.0403 0.0546724 -0.109345 -0.0264199
2042.8 0.57457 -0.114914 -9.53786 -0.291924 0.104088 10.0259 0.0514654 -0.104916 -0.0239765
2042.82 0.689484 -0.0383047 -9.61448 -0.357727 0.17348 10.0283 0.0574213 -0.109956 -0.0335976
2042.83 0.727789 0.0 -9.34634 -0.369691 0.157926 10.0427 0.0531453 -0.107207 -0.0519235
2042.85 0.612875 -0.306437 -9.38465 -0.357727 0.0825523 10.0283 0.0545197 -0.109192 -0.0539089
2042.87 0.536266 -0.114914 -9.19312 -0.403191 0.0634098 10.0379 0.0529926 -0.108887 -0.0346666
2042.88 0.727789 -0.0766094 -9.46126 -0.39003 0.197408 10.051 0.0580322 -0.111941 -0.0126754
2042.9 0.612875 -0.0383047 -9.65278 -0.417547 0.209372 10.0092 0.0531453 -0.106749 -0.0122173
2042.92 0.65118 -0.0383047 -9.46126 -0.362513 0.18664 10.0439 0.0536034 -0.112399 -0.0377209
2042.93 0.57457 -0.114914 -9.53786 -0.312263 0.111266 10.0355 0.0528398 -0.113774 -0.0529926
2042.95 0.57457 -0.114914 -9.61448 -0.294317 0.0801595 10.0164 0.0539089 -0.113926 -0.0487165
2042.96 0.497961 -0.153219 -9.38465 -0.275174 0.0957129 10.0235 0.0514654 -0.107818 -0.0169515
2042.98 0.536266 -0.114914 -9.23143 -0.295514 0.125623 10.0295 0.054367 -0.110414 -0.0117592
2043.0 0.65118 -0.0766094 -9.34634 -0.284746 0.12682 10.0295 0.0516181 -0.107054 -0.0209221
2043.01 0.536266 -0.191523 -9.49956 -0.324227 0.135194 10.0259 0.0546724 -0.112857 -0.0500909
2043.03 0.536266 -0.191523 -9.42295 -0.318245 0.0598205 10.0355 0.0508545 -0.108887 -0.0500909
2043.05 0.57457 -0.229828 -9.46126 -0.283549 0.020339 10.0391 0.0548251 -0.114079 -0.0409279
2043.06 0.497961 -0.229828 -9.26973 -0.290728 0.0311067 10.0319 0.0499382 -0.104611 -0.0172569
2043.08 0.57457 -0.153219 -9.30804 -0.345763 0.150748 10.0187 0.0552833 -0.108581 -0.0164934
2043.1 0.57457 -0.114914 -9.26973 -0.380459 0.168694 10.0199 0.0557414 -0.108581 -0.0219911
2043.11 0.497961 -0.114914 -9.11651 -0.330209 0.15673 10.0199 0.0560469 -0.115606 -0.0438296
2043.13 0.536266 -0.0766094 -9.15482 -0.26321 0.111266 10.0379 0.0523817 -0.108581 -0.0503964
2043.15 0.497961 -0.191523 -9.38465 -0.257228 0.104088 10.0307 0.0548251 -0.110567 -0.0474948
2043.16 0.57457 -0.114914 -9.46126 -0.246461 0.125623 10.0247 0.053298 -0.110414 -0.0143553
2043.18 0.421352 -0.114914 -9.38465 -0.217747 0.129212 10.0439 0.0569632 -0.113926 0.000610865
2043.2 0.383047 -0.0383047 -9.49956 -0.226122 0.124427 10.0439 0.0529926 -0.107207 -0.00733038
2043.21 0.497961 -0.114914 -9.34634 -0.297906 0.133998 10.0175 0.056505 -0.111788 -0.0448986
2043.23 0.727789 -0.153219 -9.34634 -0.26321 0.0538385 10.0391 0.0525344 -0.109039 -0.0546724
2043.25 0.497961 -0.268133 -9.26973 -0.295514 0.00119641 10.0319 0.0534507 -0.110261 -0.0325286
2043.26 0.65118 -0.191523 -9.30804 -0.27996 0.020339 10.0391 0.0566577 -0.111636 -0.0268781
2043.28 0.727789 0.0 -9.38465 -0.372084 0.138784 10.0223 0.0542143 -0.106749 -0.0190895
2043.3 0.459656 0.0383047 -9.38465 -0.379262 0.195015 10.0175 0.054367 -0.10797 -0.0424551
2043.31 0.57457 -0.153219 -9.46126 -0.31346 0.141176 10.0427 0.0529926 -0.10736 -0.0505491
2043.33 0.612875 -0.114914 -9.23143 -0.315852 0.12323 10.0295 0.055436 -0.111788 -0.0520762
2043.35 0.612875 -0.0766094 -9.19312 -0.285942 0.138784 10.0343 0.0561996 -0.110261 -0.0311541
2043.36 0.612875 0.0766094 -9.42295 -0.297906 0.209372 10.0379 0.0569632 -0.111483 -0.0210748
2043.38 0.497961 -0.0383047 -9.53786 -0.299103 0.184247 10.0247 0.0552833 -0.113315 -0.0238237
2043.4 0.536266 -0.0766094 -9.65278 -0.283549 0.165105 10.0056 0.052229 -0.108581 -0.0384845
2043.41 0.497961 -0.0766094 -9.38465 -0.312263 0.137587 10.0175 0.0558941 -0.113163 -0.0484111
2043.43 0.65118 -0.229828 -9.38465 -0.324227 0.100499 10.0319 0.0546724 -0.110414 -0.0363465
2043.45 0.65118 -0.114914 -9.34634 -0.344566 0.0921237 10.0164 0.0548251 -0.110872 -0.0172569
2043.46 0.766094 -0.114914 -9.23143 -0.349352 0.0837488 10.0235 0.0507018 -0.107207 -0.0151189
2043.48 0.766094 -0.0766094 -9.11651 -0.362513 0.137587 10.0187 0.0539089 -0.107512 -0.0310014
2043.5 0.727789 -0.0766094 -9.49956 -0.358923 0.143569 10.0068 0.0545197 -0.111025 -0.0491747
2043.51 0.612875 -0.153219 -9.30804 -0.332602 0.0957129 10.0379 0.0572686 -0.114843 -0.0488692
2043.53 0.612875 -0.114914 -9.38465 -0.293121 0.108873 10.0295 0.055436 -0.109956 -0.0311541
2043.55 0.612875 -0.0766094 -9.46126 -0.321834 0.18664 10.0187 0.054367 -0.108734 -0.0227547
2043.56 0.612875 -0.0766094 -9.26973 -0.306281 0.241675 10.0259 0.0545197 -0.110872 -0.0253509
2043.58 0.459656 -0.114914 -9.46126 -0.277567 0.196211 10.0343 0.0537561 -0.113163 -0.0369573
2043.6 0.727789 -0.0766094 -9.46126 -0.251246 0.108873 10.0271 0.0507018 -0.110414 -0.0412334
2043.61 0.57457 -0.114914 -9.30804 -0.260818 0.104088 10.0211 0.0561996 -0.114385 -0.0397062
2043.63 0.497961 -0.153219 -9.38465 -0.291924 0.111266 10.0283 0.0502437 -0.107054 -0.0203113
2043.65 0.421352 -0.0766094 -9.30804 -0.320638 0.118445 10.0116 0.0546724 -0.111025 -0.014508
2043.66 0.497961 -0.0383047 -9.42295 -0.315852 0.0897308 10.0331 0.0551306 -0.112399 -0.025809
2043.68 0.612875 -0.153219 -9.30804 -0.319442 0.0777667 10.0175 0.0513127 -0.108123 -0.0384845
2043.7 0.497961 -0.153219 -9.11651 -0.29671 0.026321 10.0247 0.0555887 -0.115606 -0.0476475
2043.71 0.612875 -0.0766094 -9.46126 -0.290728 -0.00239282 10.0259 0.0545197 -0.11301 -0.0401644
2043.73 0.536266 -0.114914 -9.49956 -0.287139 0.100499 10.014 0.0534507 -0.110261 -0.0238237
2043.75 0.536266 -0.0383047 -9.34634 -0.272782 0.167498 10.0355 0.0539089 -0.110872 -0.0274889
2043.76 0.459656 -0.0383047 -9.38465 -0.277567 0.155533 10.0104 0.0568105 -0.114079 -0.0323759
