215.57 0.842703 0.0383047 -9.49956 -0.655633 0.338584 10.0247 0.105374 -0.0910189 -0.0276416
215.586 0.919312 0.114914 -9.46126 -0.613759 0.355334 10.0307 0.0969748 -0.102167 -0.0197004
215.602 0.766094 0.0766094 -9.30804 -0.581456 0.380459 10.0068 0.0923933 -0.106901 -0.0192422
215.619 0.957617 0.0766094 -9.30804 -0.581456 0.401994 9.97807 0.0846048 -0.117439 -0.0293215
215.635 0.766094 0.153219 -9.49956 -0.567099 0.400798 9.96969 0.0717766 -0.12202 -0.0426078
215.653 0.727789 0.114914 -9.46126 -0.533599 0.40678 9.96371 0.0653626 -0.120646 -0.0467312
215.67 0.842703 0.0766094 -9.42295 -0.51326 0.412762 10.0307 0.0597121 -0.12874 -0.0479529
215.685 0.727789 0.0766094 -9.46126 -0.51326 0.401994 10.0822 0.0474948 -0.130878 -0.0167988
215.702 0.804398 0.0383047 -9.46126 -0.486939 0.372084 10.0223 0.0435241 -0.130725 0.00106901
215.717 0.727789 -0.0383047 -9.11651 -0.486939 0.357727 9.9649 0.0386372 -0.131947 0.0471893
215.735 0.689484 0.114914 -9.38465 -0.482154 0.337388 9.94815 0.029627 -0.133627 0.0887282
215.752 0.689484 0.153219 -9.15482 -0.45344 0.327816 9.97328 0.0253509 -0.133321 0.10568
215.768 0.65118 -0.0383047 -9.30804 -0.425922 0.340977 10.0187 0.0213803 -0.134543 0.116523
215.784 0.727789 0.0383047 -9.49956 -0.407976 0.32662 10.0175 0.0160352 -0.130572 0.0778853
215.8 0.459656 -0.0383047 -9.57617 -0.36012 0.318245 10.0618 0.0163406 -0.130878 0.0551306
215.817 0.612875 0.0 -9.46126 -0.334995 0.287139 10.0451 0.01237 -0.125075 0.0348193
215.834 0.536266 0.0 -9.61448 -0.349352 0.270389 9.9996 0.00855211 -0.117897 0.0386372
215.85 0.57457 -0.153219 -9.38465 -0.337388 0.226122 9.96371 0.00671952 -0.113468 0.0491747
215.866 0.65118 0.0 -9.61448 -0.358923 0.198604 9.95533 0.00519235 -0.113315 0.0890336
215.882 0.65118 0.0 -9.34634 -0.357727 0.204586 9.92184 0.00244346 -0.110719 0.155007
215.899 0.689484 -0.0766094 -9.46126 -0.366102 0.212961 9.95653 -0.000763581 -0.106443 0.189215
215.916 0.65118 -0.114914 -9.49956 -0.393619 0.226122 10.0702 -0.00213803 -0.10965 0.244652
215.932 0.804398 0.0766094 -9.46126 -0.411565 0.230907 10.0798 -0.0100793 -0.103389 0.29688
215.949 0.612875 0.0383047 -9.26973 -0.448654 0.259621 10.0977 -0.0143553 -0.104458 0.333532
215.965 0.689484 -0.0383047 -9.23143 -0.51326 0.245264 9.93499 -0.0229074 -0.101251 0.410196
215.982 0.65118 -0.0383047 -9.34634 -0.467797 0.172283 9.93739 -0.0300851 -0.105527 0.456316
215.999 0.57457 -0.229828 -9.42295 -0.480957 0.180658 10.0869 -0.0313068 -0.106901 0.516639
216.015 0.612875 -0.344742 -9.26973 -0.527617 0.0430708 9.92543 -0.0319177 -0.110108 0.64996
216.032 0.766094 -0.229828 -9.07821 -0.470189 0.0239282 9.76271 -0.0334449 -0.108734 0.877508
216.048 0.804398 -0.153219 -8.96329 -0.555135 0.0275174 9.53061 -0.0302378 -0.114843 0.934624
216.065 0.842703 -0.268133 -9.57617 -0.533599 -0.0538385 9.87877 -0.0332921 -0.121868 0.936609
216.082 0.881008 -0.153219 -10.9551 -0.680758 -0.0430708 11.3109 -0.0253509 -0.136376 0.811992
216.098 0.881008 -0.0766094 -9.65278 -0.562313 0.0239282 10.6241 -0.0160352 -0.138361 0.725402
216.115 0.65118 -0.0766094 -9.34634 -0.550349 -0.0490528 9.99123 -0.00549779 -0.129351 0.536492
216.131 0.57457 -0.229828 -8.84838 -0.385244 -0.0885344 9.57966 0.0125227 -0.131183 0.445626
216.148 0.536266 -0.306437 -8.73347 -0.32662 -0.168694 9.2662 0.0264199 -0.134238 0.394313
216.165 0.766094 -0.536266 -9.53786 -0.550349 -0.244068 9.76271 0.0403171 -0.138056 0.356745
216.181 0.881008 -0.497961 -9.49956 -0.585045 -0.221336 10.3107 0.0484111 -0.147524 0.493579
216.198 0.727789 -0.383047 -9.76769 -0.547956 -0.192622 10.3561 0.0490219 -0.155007 0.572533
216.214 0.727789 -0.306437 -9.46126 -0.482154 -0.147159 10.2688 0.0497855 -0.163254 0.680198
216.231 0.842703 -0.268133 -9.19312 -0.446261 -0.0287139 9.76152 0.0621555 -0.180663 0.67577
216.248 0.842703 0.0 -9.38465 -0.421137 0.0239282 9.64547 0.0618501 -0.182496 0.624457
216.264 0.842703 -0.0383047 -9.38465 -0.429512 0.149551 9.93859 0.071013 -0.192117 0.444557
216.28 0.65118 -0.153219 -9.72939 -0.379262 0.151944 10.0953 0.0762054 -0.198226 0.282525
216.296 0.421352 -0.191523 -9.53786 -0.285942 0.148355 10.3262 0.0803288 -0.19792 0.244652
216.313 0.268133 -0.191523 -9.34634 -0.144766 0.15673 9.97926 0.0798706 -0.191812 0.28955
216.33 0.268133 0.0 -9.34634 -0.061017 0.223729 10.0439 0.0759 -0.186314 0.327424
216.346 0.383047 -0.153219 -9.03991 0.0251246 0.165105 9.81775 0.0739146 -0.182801 0.333685
216.363 0.229828 -0.114914 -9.8443 -0.0382852 0.124427 10.0128 0.0679587 -0.169515 0.372933
216.379 0.306437 -0.114914 -9.49956 -0.0562313 0.162712 10.0977 0.0572686 -0.157145 0.426995
216.396 0.383047 -0.0766094 -9.19312 -0.0430708 0.198604 10.1324 0.0523817 -0.1518 0.445168
216.413 0.191523 -0.0383047 -9.38465 0.00358923 0.17348 10.0032 0.0539089 -0.153938 0.428064
216.429 0.268133 -0.0383047 -9.15482 0.0227318 0.125623 9.72203 0.0468839 -0.138056 0.322842
216.445 0.344742 -0.0383047 -9.11651 -0.0179462 0.112463 9.74955 0.0484111 -0.1321 0.246942
216.462 0.383047 -0.0766094 -9.42295 -0.020339 0.12323 9.92184 0.0516181 -0.128282 0.0762054
216.478 0.344742 -0.0766094 -9.61448 -0.04666 0.137587 10.1204 0.0517708 -0.12202 -0.0331394
216.495 0.383047 -0.0766094 -9.46126 -0.09332 0.131605 10.1348 0.0563523 -0.125227 -0.0598648
216.511 0.459656 -0.114914 -9.30804 -0.144766 0.131605 10.002 0.0558941 -0.1237 -0.100945
216.528 0.57457 -0.191523 -9.49956 -0.278764 0.09332 9.90269 0.054367 -0.122937 -0.125991
216.545 0.536266 -0.229828 -9.34634 -0.314656 0.0753739 9.92543 0.0488692 -0.125533 -0.115606
216.561 0.881008 -0.0383047 -9.57617 -0.480957 0.160319 10.0941 0.0429133 -0.138514 -0.0765108
216.578 0.65118 -0.114914 -9.34634 -0.524028 0.148355 9.93978 0.0436769 -0.142637 -0.0971275
216.594 0.497961 -0.0766094 -9.38465 -0.240479 0.2333 10.0893 0.0421497 -0.142942 -0.0980438
216.611 0.536266 0.0 -9.26973 -0.234497 0.242871 10.0833 0.0529926 -0.1518 -0.148898
216.628 0.459656 -0.0383047 -9.53786 -0.137587 0.209372 10.1779 0.0606284 -0.159741 -0.202349
216.644 0.65118 -0.191523 -9.61448 -0.0885344 0.180658 10.1587 0.0586431 -0.157603 -0.204487
216.661 0.459656 -0.114914 -9.34634 -0.132802 0.114855 9.93859 0.0549779 -0.154396 -0.234878
216.677 0.536266 -0.0766094 -9.34634 -0.026321 0.130409 10.0582 0.0626137 -0.148898 -0.285121
216.694 0.153219 -0.191523 -9.49956 0.040678 0.0849452 10.1994 0.0630718 -0.144011 -0.271835
216.711 0.268133 -0.114914 -9.46126 0.0729811 0.026321 10.1492 0.0717766 -0.143095 -0.213955
216.727 0.57457 -0.114914 -9.57617 -0.166301 0.0311067 10.1683 0.0681114 -0.128587 -0.146608
216.744 0.421352 -0.0383047 -9.53786 -0.21655 0.0454636 10.4004 0.0711658 -0.125075 -0.145539
216.76 0.344742 0.0383047 -9.23143 -0.0777667 0.212961 9.85723 0.0801761 -0.131031 -0.116828
216.777 0.344742 0.0 -8.81008 -0.0622134 0.240479 9.7328 0.0803288 -0.125227 -0.0552833
216.794 0.344742 0.0 -9.38465 -0.0705882 0.171087 9.92901 0.0832304 -0.123547 -0.0435241
216.81 0.306437 -0.153219 -9.57617 -0.09332 0.102891 10.2999 0.0856738 -0.121562 -0.0583376
216.827 0.306437 -0.191523 -9.65278 -0.0514457 0.0837488 10.3513 0.0806342 -0.121715 -0.134696
216.842 0.383047 -0.153219 -9.49956 -0.00358923 0.0945165 10.2233 0.0759 -0.121257 -0.18387
216.859 0.229828 0.0383047 -9.15482 0.0215354 0.119641 10.0427 0.0711658 -0.128587 -0.259159
216.877 0.383047 -0.114914 -9.11651 -0.0382852 0.150748 9.78904 0.0569632 -0.130114 -0.268017
216.892 0.383047 -0.0383047 -9.30804 -0.0693918 0.191426 9.74596 0.0539089 -0.13042 -0.249538
216.909 0.383047 0.0766094 -9.49956 -0.13998 0.276371 9.87877 0.0433714 -0.11637 -0.157145
216.925 0.191523 0.0766094 -9.42295 -0.141176 0.34337 10.1085 0.0491747 -0.114843 -0.0742201
216.943 0.191523 0.0 -9.38465 -0.107677 0.352941 10.1288 0.0534507 -0.115759 -0.0494801
216.959 0.421352 0.153219 -9.65278 -0.0921237 0.394816 10.2305 0.0496328 -0.112705 0.0186314
216.974 0.344742 0.0383047 -9.49956 -0.13998 0.333799 10.0714 0.0358883 -0.112094 0.0661261
216.99 0.459656 0.114914 -9.19312 -0.125623 0.327816 9.93978 0.029627 -0.116064 0.0623082
217.005 0.344742 0.0383047 -9.15482 -0.102891 0.25005 9.81416 0.00870483 -0.121104 0.000916298
217.021 0.191523 0.0383047 -9.46126 -0.0418744 0.267996 9.90509 -0.000763581 -0.12202 -0.0256563
217.037 0.421352 0.0 -9.42295 -0.0358923 0.22014 9.96969 -0.0143553 -0.123242 -0.00855211
217.052 0.383047 -0.0383047 -9.46126 -0.0765703 0.165105 10.1049 -0.0148135 -0.124616 -0.0485638
217.068 0.421352 -0.0383047 -9.23143 -0.174676 0.25005 10.1707 -0.0100793 -0.125533 -0.0717766
217.084 0.383047 0.0 -9.26973 -0.0442672 0.227318 9.91466 -0.00320704 -0.120951 -0.055436
217.099 0.344742 -0.114914 -9.38465 -0.0299103 0.0478564 9.94696 0.00244346 -0.118966 -0.0913243
217.115 0.306437 -0.191523 -9.42295 -0.00239282 -0.04666 9.92662 0.0167988 -0.113926 -0.206014
217.13 0.191523 -0.153219 -9.34634 0.0849452 -0.118445 10.0331 0.0229074 -0.110414 -0.246637
217.742 0.306437 0.0383047 -9.42295 -0.404387 0.357727 10.0738 0.0503964 -0.19395 -0.00580322
217.758 0.612875 0.153219 -9.46126 -0.302692 0.393619 10.0379 0.0374155 -0.203571 0.00610865
217.775 0.497961 -0.0383047 -9.26973 -0.275174 0.39003 9.99242 0.0335976 -0.208 0.00412334
217.792 0.459656 0.0383047 -9.38465 -0.171087 0.411565 9.93021 0.0210748 -0.207389 -0.0125227
217.808 0.268133 0.0766094 -9.34634 -0.147159 0.440279 10.0678 0.0135917 -0.204945 -0.0261145
217.824 0.306437 0.114914 -9.46126 -0.128016 0.430708 10.1085 0.00824668 -0.202502 -0.0166461
217.839 0.306437 0.0766094 -9.34634 -0.0993021 0.431904 10.0283 -0.000152716 -0.198378 0.00458149
217.856 0.344742 0.0766094 -9.34634 0.0131605 0.403191 9.85962 -0.0120646 -0.189215 0.0326813
217.873 0.153219 0.0383047 -9.42295 0.0502493 0.380459 9.96012 -0.0171042 -0.184329 0.041997
217.889 0.229828 0.0383047 -9.46126 0.0993021 0.2668 10.1264 -0.0288634 -0.171348 0.0248928
217.906 0.114914 -0.0383047 -9.61448 0.066999 0.251246 10.2843 -0.0351248 -0.164323 -0.0213803
217.922 0.229828 -0.191523 -9.15482 0.0191426 0.178265 10.185 -0.0403171 -0.158825 -0.0424551
217.939 0.229828 -0.0766094 -9.26973 -0.0287139 0.114855 9.92184 -0.0461203 -0.152258 -0.126755
217.956 0.114914 -0.153219 -9.23143 0.087338 0.147159 9.75673 -0.0525344 -0.146302 -0.0923933
217.972 0.268133 -0.229828 -9.11651 0.0837488 0.107677 9.75434 -0.0540616 -0.143095 -0.0372628
217.989 0.268133 -0.229828 -9.42295 0.0717846 0.0430708 9.99482 -0.0545197 -0.136376 0.0729984
218.005 0.229828 -0.229828 -9.69109 0.0502493 -0.0227318 10.3059 -0.0568105 -0.128434 0.12706
218.022 0.383047 -0.268133 -9.65278 0.0454636 -0.0574277 10.3286 -0.055436 -0.123547 0.128587
218.039 0.306437 -0.306437 -9.61448 0.0801595 -0.163908 10.215 -0.0497855 -0.111788 0.06353
218.055 0.268133 -0.306437 -9.30804 0.00239282 -0.252443 9.88235 -0.0346666 -0.107054 -0.0491747
218.079 0.383047 -0.459656 -9.26973 -0.0574277 -0.358923 9.79382 -0.0158825 -0.099571 -0.130878
218.095 0.421352 -0.57457 -9.42295 -0.128016 -0.345763 10.0702 0.00351247 -0.0977384 -0.140194
218.112 0.306437 -0.459656 -9.30804 -0.117248 -0.329013 9.87039 0.0103847 -0.0975857 -0.100487
218.128 0.383047 -0.383047 -9.42295 -0.0837488 -0.368495 9.90748 0.0287107 -0.0998765 -0.0433714
218.145 0.536266 -0.612875 -9.46126 -0.066999 -0.379262 10.0917 0.0416915 -0.0980438 -0.0219911
218.162 0.497961 -0.497961 -9.46126 -0.0981057 -0.361316 10.1779 0.0481056 -0.0977384 -0.0206167
218.178 0.344742 -0.57457 -9.61448 -0.0885344 -0.351745 10.1539 0.0603229 -0.0971275 -0.0256563
218.196 0.306437 -0.383047 -9.26973 -0.0574277 -0.324227 10.0092 0.0702495 -0.0931569 -0.0230602
218.212 0.344742 -0.497961 -9.19312 -0.0574277 -0.325424 9.91944 0.0862847 -0.0983493 -0.022602
218.229 0.229828 -0.421352 -9.23143 -0.0215354 -0.311067 9.82732 0.0966694 -0.100793 -0.0262672
218.246 0.268133 -0.383047 -9.19312 -0.0442672 -0.247657 9.94218 0.106291 -0.0916298 -0.00687223
218.262 0.306437 -0.459656 -9.38465 -0.0382852 -0.208175 10.0379 0.121715 -0.0879646 0.0294742
218.279 0.229828 -0.383047 -9.46126 -0.04666 -0.105284 10.1755 0.128434 -0.085063 0.0464257
218.295 0.268133 -0.344742 -9.53786 -0.00957129 -0.0705882 10.1228 0.134238 -0.0781907 0.0526871
218.312 0.229828 -0.153219 -9.34634 -0.0167498 -0.0574277 9.95653 0.138514 -0.0762054 -0.00473421
218.329 0.344742 -0.229828 -9.26973 0.0167498 -0.0107677 9.91227 0.14111 -0.0749837 -0.045204
218.345 0.229828 -0.191523 -9.38465 0.0299103 0.00957129 9.95294 0.139888 -0.0652099 -0.086132
218.362 0.306437 -0.114914 -9.46126 0.0239282 0.0813559 10.0534 0.138972 -0.0589485 -0.0960585
218.378 0.268133 -0.268133 -9.23143 0.0191426 0.102891 10.0833 0.135459 -0.0514654 -0.100335
218.395 0.421352 -0.0383047 -9.34634 0.0227318 0.101695 10.0415 0.133016 -0.0418443 -0.135459
218.412 0.459656 -0.0383047 -9.30804 -0.178265 0.267996 10.0654 0.130114 -0.0314596 -0.173638
218.428 0.459656 0.0 -9.49956 -0.184247 0.221336 10.0618 0.126144 -0.0294742 -0.16081
218.445 0.57457 0.0383047 -9.30804 -0.342173 0.262014 10.0499 0.121715 -0.0322231 -0.145386
218.462 0.65118 -0.0766094 -9.26973 -0.394816 0.27996 9.82732 0.117133 -0.0415388 -0.104
218.477 0.689484 0.0383047 -9.0016 -0.382851 0.258425 9.801 0.109956 -0.0438296 -0.0681114
218.493 0.612875 0.0766094 -9.49956 -0.410369 0.238086 9.99841 0.0997237 -0.0540616 -0.0245873
218.509 0.612875 -0.0383047 -9.61448 -0.448654 0.25005 10.1288 0.0966694 -0.0696386 -0.0209221
218.526 0.57457 0.0383047 -9.49956 -0.430708 0.308674 10.1276 0.0852157 -0.0702495 -0.0109956
218.543 0.689484 -0.0383047 -9.23143 -0.474975 0.305085 9.99242 0.0786489 -0.0832304 -0.0242819
218.559 0.689484 0.0 -9.34634 -0.437886 0.290728 9.95294 0.074831 -0.0949895 -0.0781907
218.576 0.57457 0.0383047 -9.30804 -0.448654 0.31346 9.93978 0.0742201 -0.103236 -0.0946841
218.592 0.804398 -0.0766094 -9.23143 -0.458225 0.282353 10.0175 0.0639881 -0.107512 -0.0784962
218.609 0.65118 0.0383047 -9.38465 -0.43669 0.270389 10.0032 0.0572686 -0.120951 -0.043066
218.626 0.689484 0.0 -9.30804 -0.378066 0.224925 10.0056 0.0500909 -0.122326 -0.0288634
218.642 0.612875 -0.114914 -9.38465 -0.294317 0.18664 9.98046 0.0487165 -0.131489 -0.0598648
218.659 0.459656 -0.114914 -9.30804 -0.254835 0.18664 9.99601 0.0471893 -0.137903 -0.0836885
218.675 0.497961 -0.0383047 -9.15482 -0.197408 0.18664 9.99482 0.0458149 -0.140652 -0.0699441
218.692 0.344742 -0.114914 -9.42295 -0.135194 0.15673 10.0235 0.0389426 -0.137292 -0.0274889
218.709 0.306437 -0.153219 -9.34634 -0.0753739 0.116052 9.97448 0.0397062 -0.12874 -0.00626137
218.724 0.383047 -0.153219 -9.38465 -0.0693918 0.0789631 10.0905 0.0404698 -0.122631 -0.00824668
218.741 0.421352 -0.0766094 -9.65278 -0.11007 0.130409 10.1575 0.046273 -0.117897 0.00427606
218.756 0.497961 -0.114914 -9.53786 -0.17348 0.163908 10.1049 0.0442877 -0.110261 0.0239765
218.773 0.612875 -0.114914 -9.26973 -0.206979 0.178265 9.9673 0.045204 -0.109803 0.0251982
218.79 0.57457 -0.0766094 -9.61448 -0.222532 0.168694 9.96969 0.0447459 -0.106901 0.0178678
218.806 0.612875 -0.0383047 -9.57617 -0.285942 0.105284 10.0642 0.0453567 -0.113774 -0.0433714
218.823 0.727789 -0.114914 -9.49956 -0.329013 0.0981057 10.1743 0.0423024 -0.11301 -0.109345
218.839 0.727789 -0.191523 -9.07821 -0.357727 0.0550349 9.83928 0.0513127 -0.124769 -0.276264
218.856 0.612875 -0.0766094 -9.07821 -0.339781 0.0646062 9.71366 0.053298 -0.132405 -0.379194
218.873 0.65118 -0.153219 -9.26973 -0.31346 0.0993021 9.87159 0.0536034 -0.135765 -0.367741
218.889 0.421352 -0.153219 -9.46126 -0.229711 0.193819 10.1097 0.0558941 -0.146302 -0.243277
218.906 0.459656 -0.0383047 -9.76769 -0.204586 0.189033 10.215 0.0456622 -0.143859 -0.115454
218.922 0.383047 -0.191523 -9.57617 -0.135194 0.142373 10.264 0.0426078 -0.142179 -0.0975857
218.939 0.268133 -0.191523 -9.30804 -0.0646062 0.104088 10.0032 0.0456622 -0.136223 -0.108887
218.956 0.191523 -0.0766094 -9.0016 -0.119641 0.0981057 9.9326 0.0497855 -0.129656 -0.155923
218.972 0.383047 -0.191523 -9.19312 -0.0323031 0.0813559 9.84407 0.0551306 -0.131031 -0.18219
218.989 0.344742 -0.229828 -9.30804 -0.105284 0.0215354 9.95174 0.0536034 -0.11805 -0.207847
219.005 0.306437 -0.191523 -9.38465 -0.0717846 0.0287139 10.0391 0.0633773 -0.114995 -0.238085
219.022 0.459656 -0.114914 -9.53786 -0.0837488 -0.026321 10.1324 0.0682642 -0.115454 -0.255647
219.039 0.383047 -0.268133 -9.38465 -0.11007 -0.0334995 10.057 0.0778853 -0.111788 -0.316275
219.055 0.459656 -0.229828 -9.19312 -0.0945165 0.0167498 9.93859 0.0841467 -0.102931 -0.302073
219.072 0.383047 -0.0383047 -9.19312 -0.0813559 0.117248 9.9003 0.0867428 -0.0994183 -0.266795
219.088 0.229828 -0.0766094 -9.23143 -0.0646062 0.105284 9.91585 0.0881173 -0.0933096 -0.189674
219.105 0.459656 -0.191523 -9.42295 -0.102891 0.061017 10.1049 0.0908662 -0.0931569 -0.180205
219.122 0.306437 -0.114914 -9.34634 -0.101695 0.0191426 10.1336 0.0939205 -0.0933096 -0.209679
219.138 0.268133 -0.114914 -9.49956 0.0275174 0.00598205 10.1168 0.0933096 -0.0795652 -0.313679
219.155 0.229828 -0.0383047 -9.34634 0.040678 0.04666 9.99242 0.104763 -0.0752891 -0.421344
219.171 0.344742 -0.153219 -9.19312 0.0777667 0.104088 9.96012 0.10736 -0.0676533 -0.433103
219.188 0.229828 -0.229828 -9.49956 -0.0550349 0.122034 10.0618 0.111025 -0.0485638 -0.412029
219.204 0.536266 0.0 -9.57617 -0.087338 0.112463 10.2496 0.11637 -0.036041 -0.347582
219.22 0.536266 -0.0766094 -9.46126 -0.278764 0.147159 10.1599 0.117439 -0.0322231 -0.299324
219.237 0.459656 -0.114914 -9.15482 -0.412762 0.122034 9.82373 0.116675 -0.0293215 -0.213497
219.253 0.919312 -0.114914 -9.26973 -0.467797 0.150748 9.71007 0.122173 -0.0354302 -0.139125
219.27 0.689484 -0.114914 -9.19312 -0.532403 0.20339 9.83569 0.120646 -0.0394008 -0.101404
219.287 0.727789 0.0766094 -9.49956 -0.521635 0.284746 10.1216 0.115759 -0.0490219 -0.0155771
219.303 0.842703 0.0383047 -9.49956 -0.600598 0.354138 10.1659 0.108581 -0.0664316 0.00855211
219.321 0.766094 0.0766094 -9.49956 -0.594616 0.37328 10.0917 0.104916 -0.0746782 0.00839939
219.337 0.65118 0.0 -9.34634 -0.488136 0.40678 9.96012 0.0940732 -0.0913243 0.000152716
219.353 0.612875 0.0383047 -9.38465 -0.459422 0.399601 9.95414 0.0859793 -0.108581 0.00244346
219.37 0.766094 0.114914 -9.38465 -0.431904 0.378066 9.99362 0.0789543 -0.113774 0.0178678
219.385 0.536266 0.0766094 -9.53786 -0.344566 0.345763 10.014 0.0713185 -0.120493 0.0847575
219.402 0.536266 0.0383047 -9.30804 -0.278764 0.34337 9.97448 0.0630718 -0.118355 0.155923
219.418 0.383047 0.0766094 -9.34634 -0.198604 0.340977 9.93021 0.0589485 -0.117439 0.167988
219.434 0.383047 0.0383047 -9.38465 -0.132802 0.317049 9.97089 0.0598648 -0.111025 0.125686
219.451 0.268133 0.0383047 -9.42295 -0.210568 0.380459 9.95055 0.0649044 -0.114537 0.0557414
219.467 0.459656 0.114914 -9.69109 -0.175872 0.34337 10.1958 0.0606284 -0.104305 -0.0273362
219.484 0.421352 0.0766094 -9.53786 -0.20339 0.357727 10.2078 0.0630718 -0.102625 -0.0781907
219.501 0.383047 0.114914 -9.42295 -0.248853 0.392423 10.0941 0.0592539 -0.0962113 -0.0891863
219.517 0.268133 0.0 -9.19312 -0.190229 0.351745 9.84048 0.0505491 -0.0920879 -0.0829249
219.534 0.459656 0.0 -9.26973 -0.217747 0.318245 9.88235 0.0459676 -0.0876591 -0.0621555
219.55 0.459656 0.0 -9.53786 -0.232104 0.305085 9.96371 0.0392481 -0.0815505 -0.0149662
219.566 0.536266 -0.0383047 -9.26973 -0.254835 0.276371 10.0738 0.0346666 -0.0754418 0.020464
219.582 0.459656 0.0383047 -9.57617 -0.295514 0.246461 10.1468 0.0363465 -0.0783434 0.0948368
219.598 0.612875 -0.0766094 -9.26973 -0.312263 0.2333 10.1037 0.0351248 -0.0775799 0.127824
219.614 0.612875 -0.0766094 -9.26973 -0.344566 0.179462 9.94696 0.0368046 -0.0768163 0.164934
219.63 0.689484 0.0383047 -9.38465 -0.393619 0.165105 9.90868 0.0384845 -0.0778853 0.137597
219.646 0.612875 -0.0383047 -9.15482 -0.381655 0.161515 9.87637 0.0401644 -0.0781907 0.103389
219.663 0.57457 0.0 -9.34634 -0.41994 0.160319 9.94576 0.0516181 -0.08827 0.0207694
219.679 0.689484 0.0 -9.42295 -0.430708 0.177069 9.99601 0.0566577 -0.0928515 -0.0368046
219.696 0.727789 -0.0766094 -9.46126 -0.460618 0.172283 10.1085 0.0604756 -0.096364 -0.0566577
219.712 0.842703 0.0 -9.65278 -0.463011 0.224925 10.069 0.0630718 -0.0969748 -0.0757473
219.729 0.689484 0.0383047 -9.46126 -0.448654 0.229711 10.0056 0.0670424 -0.105374 -0.0949895
219.746 0.689484 -0.114914 -9.26973 -0.425922 0.245264 9.95414 0.0655153 -0.108276 -0.100487
219.762 0.689484 0.0 -9.53786 -0.470189 0.281157 9.99003 0.0630718 -0.112094 -0.0968221
219.779 0.766094 0.0 -9.53786 -0.528814 0.272782 10.0905 0.0647517 -0.121409 -0.0412334
219.796 0.65118 -0.0766094 -9.49956 -0.552742 0.273978 10.1001 0.0633773 -0.12706 -0.000458149
219.812 0.842703 -0.0766094 -9.34634 -0.594616 0.246461 10.0522 0.0595593 -0.133321 0.0923933
219.829 0.881008 0.0 -9.19312 -0.597009 0.269192 9.87398 0.0589485 -0.148593 0.168446
219.846 0.881008 0.0 -9.49956 -0.557528 0.287139 9.85244 0.0610865 -0.158367 0.186008
219.863 0.727789 0.0766094 -9.26973 -0.468993 0.299103 9.85962 0.055436 -0.169362 0.183565
219.879 0.689484 0.0383047 -9.46126 -0.394816 0.345763 9.99123 0.0560469 -0.180816 0.0945314
219.895 0.689484 0.0766094 -9.30804 -0.351745 0.354138 10.0582 0.053298 -0.180816 0.0334449
219.912 0.65118 0.114914 -9.46126 -0.235693 0.374477 10.1276 0.0540616 -0.188605 -0.0956004
219.928 0.344742 0.153219 -9.46126 -0.165105 0.39003 10.051 0.0500909 -0.184939 -0.187077
219.945 0.344742 0.0 -9.23143 -0.112463 0.401994 9.97328 0.0485638 -0.184329 -0.212886
219.962 0.344742 0.0766094 -9.42295 -0.0526421 0.41994 9.92543 0.0438296 -0.175624 -0.207389
219.978 0.268133 -0.0383047 -9.30804 0.00598205 0.431904 10.008 0.0351248 -0.162185 -0.14508
219.995 0.153219 0.153219 -9.46126 0.0215354 0.41994 10.0594 0.0320704 -0.157756 -0.107207
220.011 0.153219 0.0766094 -9.42295 0.0825523 0.429512 10.1145 0.0175624 -0.13775 -0.0381791
220.028 0.268133 -0.0383047 -9.53786 0.0634098 0.367298 10.1228 0.00794125 -0.122173 -0.00885754
220.045 0.191523 0.0 -9.38465 0.0957129 0.350548 10.0833 0.0056505 -0.116523 0.00351247
220.061 0.191523 -0.0766094 -9.34634 0.113659 0.285942 9.98644 -0.000458149 -0.0997237 0.0374155
220.078 0.268133 0.0 -9.46126 0.0837488 0.22014 9.94457 -0.00626137 -0.0813978 0.0448986
220.094 0.268133 0.0 -9.49956 0.0693918 0.18664 9.92901 -0.00901026 -0.0722348 0.0387899
220.111 0.344742 -0.0766094 -9.42295 0.00239282 0.165105 10.0092 -0.00610865 -0.0595593 0.00733038
220.128 0.344742 0.0 -9.53786 -0.0681954 0.12323 10.0977 -0.00137445 -0.0493274 -0.0374155
220.144 0.306437 -0.114914 -9.15482 -0.108873 0.125623 10.1133 0.00244346 -0.0458149 -0.0581849
220.161 0.536266 -0.114914 -9.26973 -0.214158 0.0993021 10.0235 0.00733038 -0.0392481 -0.0878119
220.177 0.536266 -0.153219 -9.15482 -0.317049 0.0981057 9.92423 0.0103847 -0.0352775 -0.0983493
220.194 0.57457 -0.191523 -9.42295 -0.358923 0.0777667 9.93021 0.0142026 -0.0380264 -0.0499382
220.211 0.459656 -0.153219 -9.34634 -0.422333 0.0705882 10.0032 0.0120646 -0.0390954 -0.00412334
220.227 0.842703 -0.306437 -9.61448 -0.515653 0.0358923 10.0199 0.0137445 -0.0429133 0.114079
220.243 0.766094 -0.153219 -9.34634 -0.526421 0.0334995 10.0068 0.0164934 -0.0496328 0.167072
220.259 0.727789 -0.114914 -9.30804 -0.539581 0.0969093 9.91466 0.019395 -0.0655153 0.230449
220.276 0.804398 -0.114914 -9.34634 -0.509671 0.130409 9.85723 0.023671 -0.0792598 0.200669
220.293 0.842703 -0.191523 -9.0016 -0.471386 0.166301 9.89312 0.0230602 -0.0842994 0.144317
220.309 0.842703 0.0766094 -9.26973 -0.468993 0.187837 10.0211 0.021533 -0.0934624 -0.0190895
220.326 0.689484 -0.0766094 -9.49956 -0.433101 0.16989 10.1683 0.0244346 -0.102931 -0.186161
220.342 0.57457 -0.153219 -9.42295 -0.405583 0.141176 10.1862 0.021533 -0.103847 -0.237321
220.359 0.727789 -0.191523 -9.49956 -0.396012 0.113659 10.1372 0.0190895 -0.109039 -0.265115
220.376 0.57457 -0.191523 -9.42295 -0.422333 0.0502493 9.97328 0.019395 -0.114385 -0.179442
220.392 0.536266 -0.268133 -9.42295 -0.425922 0.0287139 9.91944 0.0172569 -0.11301 -0.104611
220.409 0.57457 -0.229828 -9.30804 -0.455832 -0.0346959 9.85723 0.0190895 -0.117897 0.0540616
220.425 0.57457 -0.153219 -9.38465 -0.44985 -0.0370887 9.9314 0.0248928 -0.127518 0.165392
220.442 0.57457 -0.191523 -9.38465 -0.440279 -0.0430708 9.99601 0.023671 -0.131031 0.185092
220.459 0.65118 -0.229828 -9.57617 -0.405583 -0.0334995 10.0893 0.0326813 -0.136528 0.162337
220.475 0.689484 -0.191523 -9.30804 -0.358923 -0.00837488 10.0247 0.0394008 -0.138666 0.0558941
220.492 0.689484 -0.0766094 -9.38465 -0.376869 0.0179462 9.98166 0.0465785 -0.145386 -0.0705549
220.508 0.612875 -0.191523 -9.38465 -0.345763 0.020339 9.99362 0.0503964 -0.14844 -0.122937
220.525 0.459656 -0.153219 -9.57617 -0.338584 0.0227318 10.0044 0.0478002 -0.145233 -0.167682
220.541 0.689484 -0.114914 -9.30804 -0.31346 0.040678 10.014 0.0514654 -0.148898 -0.160047
220.556 0.57457 -0.306437 -9.49956 -0.301496 0.0334995 9.9673 0.0536034 -0.155312 -0.105832
220.572 0.459656 -0.153219 -9.42295 -0.270389 0.0394815 9.98285 0.0499382 -0.149509 -0.0250455
220.588 0.306437 -0.344742 -9.46126 -0.232104 0.0346959 10.0379 0.0528398 -0.155007 0.00595593
220.605 0.344742 -0.191523 -9.30804 -0.155533 0.0119641 10.075 0.0464257 -0.146455 0.0329867
220.622 0.383047 -0.114914 -9.46126 -0.129212 0.0311067 10.0295 0.0507018 -0.143401 -0.0103847
220.638 0.383047 -0.229828 -9.49956 -0.0705882 0.0287139 9.99242 0.0494801 -0.138972 -0.0467312
220.655 0.344742 -0.0766094 -9.34634 -0.0334995 0.0418744 10.0307 0.0536034 -0.127671 -0.118813
220.671 0.306437 -0.191523 -9.46126 -0.0191426 0.0311067 10.0558 0.0604756 -0.121715 -0.171042
220.688 0.306437 -0.114914 -9.42295 -0.026321 0.0215354 10.0822 0.0587958 -0.109498 -0.179136
220.704 0.344742 -0.191523 -9.38465 -0.0634098 0.0323031 10.0666 0.0662789 -0.102625 -0.167377
220.72 0.229828 -0.153219 -9.07821 -0.0753739 0.0478564 10.0068 0.0639881 -0.0841467 -0.100793
220.737 0.306437 -0.229828 -9.34634 -0.129212 0.0945165 9.98644 0.0610865 -0.076969 -0.0574213
220.753 0.459656 -0.191523 -9.38465 -0.197408 0.102891 10.0104 0.0581849 -0.0720821 0.0230602
220.77 0.421352 -0.114914 -9.46126 -0.21655 0.0753739 10.0199 0.0589485 -0.074831 0.0749837
220.787 0.536266 -0.153219 -9.15482 -0.272782 0.0801595 10.0175 0.0545197 -0.0722348 0.0875064
220.803 0.65118 -0.153219 -9.0016 -0.305085 0.0729811 9.43131 0.0534507 -0.0704022 0.0633773
220.82 0.65118 -0.191523 -9.806 -0.337388 0.0227318 10.1157 0.0568105 -0.0766636 0.00641408
220.837 0.65118 -0.0766094 -9.61448 -0.394816 0.0358923 10.349 0.064599 -0.0867428 -0.0186314
220.853 0.612875 -0.153219 -9.49956 -0.278764 0.0897308 10.1838 0.0561996 -0.0788016 -0.0736092
220.869 0.497961 -0.191523 -9.19312 -0.291924 0.0825523 10.0032 0.0591012 -0.0823141 -0.140041
220.885 0.497961 -0.191523 -8.88668 -0.228514 0.0502493 9.47079 0.0610865 -0.0879646 -0.162948
220.902 0.459656 -0.191523 -8.77177 -0.320638 -0.0299103 9.32483 0.0616974 -0.0930042 -0.161726
220.919 0.459656 -0.268133 -9.23143 -0.372084 -0.061017 10.0762 0.0587958 -0.0988074 -0.0919352
220.935 0.804398 -0.229828 -9.61448 -0.527617 -0.0394815 10.3502 0.055436 -0.0983493 -0.0421497
220.952 0.881008 -0.153219 -9.53786 -0.552742 0.0370887 9.87996 0.0563523 -0.102473 0.0398589
220.968 0.727789 -0.114914 -9.72939 -0.510867 0.0837488 10.5631 0.0687223 -0.108123 0.0487165
220.985 0.727789 -0.191523 -9.806 -0.452243 0.0634098 10.666 0.0804815 -0.120493 0.0308487
221.002 0.842703 -0.0766094 -8.96329 -0.464207 -0.00358923 9.85843 0.0899499 -0.132405 -0.0216857
221.018 0.919312 -0.191523 -8.84838 -0.504885 -0.0251246 9.37627 0.0971275 -0.137445 -0.0818559
221.035 0.65118 -0.306437 -9.03991 -0.533599 -0.0598205 9.38465 0.103236 -0.14111 -0.0951423
221.051 0.766094 -0.114914 -9.49956 -0.489332 -0.0167498 9.98046 0.10736 -0.144164 -0.078038
221.068 0.727789 -0.114914 -9.92091 -0.496511 0.0442672 10.6229 0.114537 -0.156534 -0.0255036
221.085 0.65118 -0.191523 -9.61448 -0.437886 0.0526421 10.6158 0.11973 -0.165544 -0.00290161
221.101 0.57457 -0.153219 -9.53786 -0.302692 0.0921237 10.3011 0.117744 -0.171653 -0.000916298
221.118 0.421352 -0.0383047 -9.42295 -0.145962 0.111266 10.1133 0.114079 -0.171348 -0.0435241
221.134 0.344742 -0.114914 -9.23143 -0.0753739 0.118445 10.0379 0.113926 -0.177304 -0.0697913
221.15 0.383047 -0.0383047 -9.11651 0.0478564 0.162712 9.8345 0.104305 -0.17654 -0.0997237
221.166 0.229828 -0.0766094 -9.34634 0.0861416 0.20339 9.81176 0.0887282 -0.166613 -0.098502
221.183 0.0766094 -0.0383047 -9.49956 0.0945165 0.258425 10.0487 0.0772744 -0.157298 -0.0842994
221.2 0.153219 0.0766094 -9.46126 0.111266 0.333799 10.2066 0.0642935 -0.143095 -0.0479529
221.216 0.153219 0.114914 -9.46126 0.114855 0.357727 10.1994 0.0603229 -0.126144 -0.0222966
221.233 0.229828 0.114914 -9.65278 0.0370887 0.369691 10.0463 0.0586431 -0.113315 -0.019395
221.25 0.191523 0.153219 -9.53786 0.0358923 0.391226 10.1073 0.0626137 -0.097433 -0.0297797
221.266 0.306437 0.0766094 -9.61448 0.0239282 0.412762 10.1982 0.0597121 -0.0707076 -0.0248928
221.283 0.268133 0.153219 -9.53786 0.0514457 0.393619 10.203 0.0549779 -0.0594066 -0.0180205
221.299 0.229828 0.0383047 -9.49956 0.0311067 0.349352 10.0845 0.0448986 -0.0470366 -0.00473421
221.316 0.229828 -0.0383047 -9.34634 -0.0370887 0.299103 9.90269 0.033903 -0.0357356 -0.00473421
221.333 0.344742 0.0766094 -9.49956 -0.0490528 0.267996 9.88714 0.031765 -0.0326813 -0.0140499
221.349 0.383047 -0.0766094 -9.34634 -0.107677 0.202193 10.008 0.0235183 -0.0229074 -0.0387899
221.366 0.421352 -0.0766094 -9.49956 -0.183051 0.143569 10.1145 0.0241292 -0.0178678 -0.0788016
221.382 0.383047 -0.114914 -9.34634 -0.21655 0.12323 10.1575 0.0239765 -0.0183259 -0.096364
221.399 0.612875 -0.0766094 -9.38465 -0.281157 0.100499 10.0678 0.0154243 -0.01237 -0.106443
221.415 0.383047 -0.191523 -9.15482 -0.318245 0.0789631 9.95414 0.0131336 -0.0181732 -0.0968221
221.431 0.612875 -0.229828 -8.92499 -0.31346 0.0574277 9.75554 0.00870483 -0.0203113 -0.0838412
221.448 0.689484 -0.229828 -8.92499 -0.409173 0.0430708 9.74357 0.00213803 -0.0255036 -0.0558941
221.463 0.766094 -0.229828 -9.26973 -0.455832 0.0538385 9.77229 -0.00198531 -0.0305433 -0.0148135
221.479 0.689484 -0.153219 -9.57617 -0.545563 0.0861416 9.94457 -0.00213803 -0.0354302 0.00824668
221.495 0.881008 -0.229828 -9.53786 -0.580259 0.0993021 10.0845 -0.000458149 -0.0461203 0.0633773
221.51 0.842703 -0.114914 -9.72939 -0.620937 0.12323 10.069 0.000610865 -0.0471893 0.0826195
221.526 0.842703 -0.114914 -9.38465 -0.658026 0.116052 9.97687 0.00687223 -0.0586431 0.101709
221.542 0.881008 -0.114914 -9.38465 -0.697508 0.128016 9.93021 0.00702495 -0.0584903 0.103694
221.557 1.03423 -0.153219 -9.49956 -0.666401 0.0981057 9.98764 0.0201585 -0.074831 0.0751364
221.573 0.919312 -0.268133 -9.30804 -0.660419 0.087338 9.9326 0.021533 -0.0795652 0.0250455
221.588 0.919312 -0.191523 -9.76769 -0.614955 0.0358923 9.9661 0.0297797 -0.08827 -0.00794125
221.604 0.842703 -0.114914 -9.42295 -0.588634 0.00598205 9.97089 0.0300851 -0.0934624 -0.0520762
221.62 0.881008 -0.153219 -9.46126 -0.579063 -0.0179462 10.0008 0.0364992 -0.104763 -0.0655153
222.212 0.306437 -0.191523 -9.49956 -0.244068 0.0275174 10.0391 0.071013 -0.0896445 -0.00580322
222.229 0.536266 -0.114914 -9.38465 -0.284746 0.0227318 10.0235 0.0687223 -0.0842994 0.0331394
222.246 0.421352 -0.344742 -9.19312 -0.288335 0.0167498 10.0343 0.0722348 -0.0868956 0.0510072
222.262 0.612875 -0.191523 -9.23143 -0.348156 -0.00119641 10.014 0.0702495 -0.0795652 0.0464257
222.279 0.65118 -0.229828 -9.30804 -0.410369 0.0 9.99362 0.0759 -0.0823141 0.0183259
222.295 0.727789 -0.153219 -9.46126 -0.428315 0.00119641 9.99482 0.0842994 -0.0856738 -0.0316123
222.312 0.766094 -0.114914 -9.34634 -0.455832 0.00119641 9.97807 0.0865901 -0.0864374 -0.062461
222.329 0.727789 -0.153219 -9.23143 -0.441475 -0.00957129 9.97208 0.0942259 -0.0965167 -0.113774
222.345 0.689484 -0.114914 -9.34634 -0.429512 0.00478564 9.97926 0.0948368 -0.0988074 -0.129351
222.362 0.612875 -0.229828 -9.26973 -0.40678 0.0334995 9.96969 0.0949895 -0.101098 -0.125838
222.378 0.65118 -0.191523 -9.38465 -0.368495 0.0646062 9.97448 0.0948368 -0.10736 -0.105527
222.394 0.689484 -0.114914 -9.30804 -0.355334 0.0849452 10.0104 0.0896445 -0.108276 -0.0792598
222.411 0.421352 -0.153219 -9.26973 -0.318245 0.100499 10.0259 0.0838412 -0.104611 -0.0613919
222.427 0.536266 -0.229828 -9.46126 -0.302692 0.112463 10.0331 0.0833831 -0.108734 -0.0303905
222.444 0.497961 -0.0766094 -9.38465 -0.277567 0.133998 10.0415 0.0778853 -0.105222 -0.00335976
222.461 0.612875 -0.0766094 -9.42295 -0.269192 0.192622 10.0331 0.0736092 -0.100335 0.00946841
222.477 0.536266 -0.0766094 -9.34634 -0.29671 0.22014 10.0439 0.0733038 -0.0978911 0.0325286
222.494 0.65118 -0.0383047 -9.34634 -0.297906 0.218943 10.0558 0.0639881 -0.089339 0.0456622
222.51 0.459656 -0.0383047 -9.61448 -0.325424 0.221336 10.0654 0.0629191 -0.0897971 0.0361938
222.528 0.65118 -0.114914 -9.46126 -0.374477 0.187837 10.0235 0.0587958 -0.0894917 -0.000152716
222.544 0.65118 -0.0383047 -9.57617 -0.416351 0.193819 10.002 0.0557414 -0.0876591 -0.0482583
222.56 0.689484 0.0 -9.57617 -0.443868 0.144766 9.98524 0.0520762 -0.0852157 -0.0720821
222.577 0.919312 -0.153219 -9.69109 -0.467797 0.124427 9.97208 0.0537561 -0.0934624 -0.100945
222.593 0.689484 0.0 -9.26973 -0.4666 0.102891 9.97089 0.053298 -0.0981966 -0.0971275
222.61 0.689484 -0.229828 -9.26973 -0.467797 0.0729811 9.97567 0.0552833 -0.105985 -0.0868956
222.627 0.65118 -0.153219 -9.34634 -0.464207 0.0646062 9.95294 0.0500909 -0.106138 -0.0435241
222.643 0.612875 -0.153219 -9.46126 -0.451047 0.0574277 10.0068 0.0520762 -0.114995 -0.00901026
222.659 0.65118 -0.229828 -9.26973 -0.421137 0.0777667 10.0044 0.0502437 -0.120188 0.000610865
222.674 0.727789 -0.0766094 -9.15482 -0.416351 0.0622134 9.96849 0.0539089 -0.123242 -0.00488692
222.691 0.727789 -0.0766094 -9.34634 -0.403191 0.0658026 9.98405 0.0502437 -0.121409 -0.0138972
222.708 0.612875 -0.153219 -9.57617 -0.370887 0.0825523 10.0427 0.0479529 -0.121104 -0.0251982
222.724 0.612875 -0.114914 -9.65278 -0.352941 0.0921237 9.96251 0.0503964 -0.121562 -0.0241292
222.741 0.689484 -0.153219 -9.49956 -0.350548 0.0885344 10.0606 0.0517708 -0.123395 -0.0203113
222.757 0.57457 -0.0766094 -9.57617 -0.39003 0.0921237 10.1647 0.0529926 -0.122631 -0.00519235
222.774 0.65118 -0.153219 -9.15482 -0.352941 0.105284 10.0235 0.0526871 -0.122631 -0.00290161
222.791 0.727789 -0.0766094 -9.38465 -0.348156 0.101695 9.97926 0.057574 -0.124311 -0.00962113
222.807 0.57457 -0.114914 -9.46126 -0.339781 0.101695 9.95533 0.0552833 -0.119882 -0.0251982
222.824 0.612875 -0.0766094 -9.53786 -0.331406 0.0969093 9.95653 0.0534507 -0.117897 -0.0227547
222.84 0.57457 -0.114914 -9.49956 -0.338584 0.102891 9.99601 0.0513127 -0.11637 -0.0155771
222.857 0.536266 -0.191523 -9.65278 -0.324227 0.0681954 10.0152 0.0526871 -0.119577 -0.0135917
222.874 0.689484 -0.153219 -9.46126 -0.314656 0.087338 10.0068 0.0513127 -0.12202 -0.0197004
222.89 0.497961 -0.114914 -9.34634 -0.302692 0.0825523 10.0116 0.0537561 -0.121257 -0.0291688
222.907 0.459656 -0.0766094 -9.34634 -0.283549 0.0693918 9.99601 0.0563523 -0.121104 -0.0378736
222.923 0.612875 -0.153219 -9.38465 -0.303888 0.0526421 10.0247 0.0548251 -0.115759 -0.0421497
222.94 0.57457 -0.0766094 -9.26973 -0.308674 0.0598205 10.0283 0.0572686 -0.11469 -0.0427606
222.957 0.57457 -0.229828 -9.57617 -0.320638 0.0658026 10.0175 0.055436 -0.109345 -0.0395535
222.973 0.65118 -0.229828 -9.38465 -0.324227 0.0502493 10.0008 0.06353 -0.11469 -0.0375682
222.99 0.497961 -0.191523 -9.15482 -0.308674 0.061017 10.0008 0.0644463 -0.11301 -0.0279471
223.006 0.57457 -0.153219 -9.38465 -0.337388 0.0598205 9.97448 0.0693332 -0.117286 -0.0230602
223.023 0.497961 -0.153219 -9.30804 -0.336191 0.0490528 10.0128 0.064599 -0.107818 -0.00916297
223.04 0.536266 -0.0383047 -9.42295 -0.317049 0.0693918 10.0463 0.0702495 -0.112399 -0.00580322
223.056 0.497961 -0.229828 -9.23143 -0.331406 0.061017 10.0463 0.0733038 -0.115912 -0.00794125
223.072 0.689484 -0.229828 -9.34634 -0.34337 0.087338 10.0223 0.0745255 -0.115606 -0.019395
223.088 0.497961 -0.114914 -9.15482 -0.312263 0.101695 10.0259 0.0740674 -0.11301 -0.0322231
223.105 0.497961 -0.191523 -9.34634 -0.295514 0.11007 9.98764 0.0775799 -0.115148 -0.0378736
223.122 0.612875 -0.153219 -9.34634 -0.314656 0.124427 10.014 0.073762 -0.110567 -0.0354302
223.138 0.57457 -0.153219 -9.53786 -0.288335 0.120837 10.0307 0.0788016 -0.10797 -0.0294742
223.155 0.57457 -0.0766094 -9.26973 -0.302692 0.12682 10.0331 0.0749837 -0.102014 -0.0235183
223.171 0.57457 -0.0383047 -9.30804 -0.321834 0.138784 10.0199 0.0813978 -0.104153 -0.0218384
223.188 0.536266 -0.0383047 -9.42295 -0.312263 0.147159 10.0199 0.0826195 -0.106443 -0.0163406
223.205 0.57457 -0.114914 -9.23143 -0.329013 0.119641 9.97567 0.0826195 -0.106291 -0.019395
223.221 0.459656 -0.114914 -9.38465 -0.350548 0.12682 9.94696 0.0813978 -0.104305 -0.030696
223.238 0.612875 -0.114914 -9.15482 -0.350548 0.131605 9.9996 0.0832304 -0.10736 -0.0537561
223.254 0.689484 -0.114914 -9.49956 -0.376869 0.131605 10.0881 0.0818559 -0.103694 -0.0603229
223.271 0.536266 0.0 -9.34634 -0.382851 0.198604 10.0594 0.0868956 -0.104916 -0.0630718
223.288 0.57457 -0.114914 -9.53786 -0.357727 0.171087 9.99242 0.087201 -0.105832 -0.0478002
223.304 0.57457 -0.0766094 -9.34634 -0.349352 0.175872 9.99242 0.0868956 -0.105374 -0.0340557
223.321 0.727789 0.0383047 -9.26973 -0.344566 0.214158 9.93859 0.0842994 -0.104763 -0.0160352
223.337 0.612875 -0.0383047 -9.38465 -0.299103 0.209372 9.93619 0.08827 -0.102473 -0.0149662
223.354 0.536266 -0.0766094 -9.42295 -0.290728 0.197408 10.0319 0.0885754 -0.103694 -0.0203113
223.371 0.57457 0.0 -9.49956 -0.293121 0.183051 10.1719 0.0807869 -0.105832 -0.0251982
223.387 0.536266 -0.114914 -9.42295 -0.306281 0.202193 9.99841 0.0742201 -0.104305 -0.0293215
223.404 0.57457 0.0 -9.34634 -0.297906 0.206979 9.97089 0.0653626 -0.100793 -0.0311541
223.42 0.57457 0.0766094 -9.03991 -0.295514 0.230907 9.87518 0.0571159 -0.10232 -0.0410807
223.437 0.536266 0.0766094 -9.38465 -0.303888 0.317049 9.92184 0.0531453 -0.105527 -0.0386372
223.454 0.689484 0.0766094 -9.38465 -0.319442 0.32662 9.95414 0.0528398 -0.106291 -0.0387899
223.47 0.727789 -0.0383047 -9.42295 -0.387637 0.295514 10.1097 0.0552833 -0.108123 -0.0329867
223.487 0.689484 -0.114914 -9.46126 -0.391226 0.254835 10.0822 0.0529926 -0.105069 -0.0267254
223.503 0.766094 0.0383047 -9.57617 -0.398405 0.256032 10.0499 0.0514654 -0.102778 -0.0285579
223.52 0.57457 -0.0383047 -9.30804 -0.333799 0.236889 10.0463 0.0491747 -0.103542 -0.033903
223.537 0.421352 0.0 -9.23143 -0.375673 0.185444 9.92543 0.0432187 -0.107207 -0.0439823
223.553 0.65118 0.0 -9.42295 -0.368495 0.179462 9.8345 0.0438296 -0.112094 -0.0526871
223.57 0.612875 -0.0766094 -9.42295 -0.355334 0.189033 9.99123 0.0368046 -0.109803 -0.0569632
223.587 0.65118 -0.114914 -9.46126 -0.358923 0.133998 10.0762 0.0308487 -0.114232 -0.0455095
223.603 0.65118 -0.114914 -9.34634 -0.374477 0.143569 10.1563 0.0282525 -0.115301 -0.0372628
223.62 0.65118 -0.0766094 -9.30804 -0.398405 0.125623 10.014 0.0300851 -0.121409 -0.02474
223.636 0.689484 -0.114914 -9.38465 -0.394816 0.190229 9.97208 0.0300851 -0.12034 -0.0201585
223.653 0.727789 0.0 -9.49956 -0.387637 0.185444 9.98883 0.0331394 -0.121257 -0.0195477
223.67 0.57457 -0.0766094 -9.42295 -0.329013 0.147159 9.94457 0.0401644 -0.117439 -0.0187841
223.686 0.57457 -0.0383047 -9.46126 -0.344566 0.132802 10.0391 0.0424551 -0.117439 -0.00549779
223.703 0.727789 -0.153219 -9.34634 -0.329013 0.150748 9.98764 0.043066 -0.117592 0.014508
223.719 0.57457 -0.0383047 -9.38465 -0.308674 0.0490528 10.0558 0.0409279 -0.113315 0.0195477
223.736 0.497961 0.0 -9.34634 -0.248853 0.148355 9.93859 0.0366519 -0.121868 0.00977384
223.753 0.612875 0.0 -9.30804 -0.254835 0.141176 9.93021 0.0361938 -0.126755 -0.0186314
223.769 0.57457 -0.191523 -9.30804 -0.344566 0.0179462 9.95773 0.0361938 -0.126296 -0.0284052
223.786 0.497961 -0.0383047 -9.57617 -0.370887 0.180658 10.2377 0.0282525 -0.118661 -0.0212276
223.802 0.612875 -0.0766094 -9.53786 -0.285942 0.17348 10.1755 0.0383318 -0.117897 -0.0209221
223.819 0.459656 -0.114914 -9.34634 -0.246461 0.0861416 9.95773 0.0378736 -0.121562 -0.021533
223.836 0.57457 -0.0766094 -9.26973 -0.379262 0.0957129 9.91227 0.0332921 -0.124311 -0.00809396
223.852 0.689484 -0.114914 -9.11651 -0.358923 0.129212 9.9996 0.0354302 -0.123853 -0.00320704
223.869 0.689484 -0.0766094 -9.53786 -0.270389 0.101695 10.0235 0.0332921 -0.120035 -0.0100793
223.885 0.536266 -0.153219 -9.34634 -0.300299 0.0861416 10.0702 0.0390954 -0.127365 -0.0354302
223.902 0.612875 -0.0383047 -9.46126 -0.329013 0.11007 10.1228 0.0400117 -0.127213 -0.0459676
223.918 0.65118 -0.0766094 -9.34634 -0.340977 0.09332 10.0881 0.0427606 -0.125686 -0.0459676
223.934 0.689484 -0.0766094 -9.26973 -0.258425 0.0514457 9.94098 0.0456622 -0.1237 -0.0563523
223.95 0.459656 -0.153219 -9.07821 -0.229711 0.0586241 9.95055 0.0461203 -0.123547 -0.0659734
223.966 0.497961 -0.191523 -9.23143 -0.256032 0.0478564 9.90628 0.0448986 -0.119577 -0.0815505
223.983 0.497961 -0.0766094 -9.53786 -0.265603 0.0849452 10.0379 0.0464257 -0.118813 -0.0797179
224.0 0.57457 -0.153219 -9.26973 -0.264407 0.0897308 10.0618 0.0497855 -0.119119 -0.0581849
224.016 0.57457 -0.153219 -9.61448 -0.273978 0.130409 10.0917 0.052229 -0.118966 -0.0448986
224.033 0.536266 -0.114914 -9.46126 -0.262014 0.113659 9.98883 0.057574 -0.116981 -0.0178678
224.049 0.383047 -0.153219 -9.30804 -0.302692 0.0849452 9.94337 0.0577268 -0.114385 -0.00427606
224.066 0.344742 -0.191523 -9.30804 -0.25005 0.11007 9.95533 0.0572686 -0.109803 0.00855211
224.082 0.421352 -0.114914 -9.26973 -0.206979 0.09332 10.0259 0.0589485 -0.110719 -0.000305433
224.098 0.459656 -0.114914 -9.57617 -0.226122 0.0729811 10.0283 0.0563523 -0.114079 -0.00442877
224.115 0.497961 -0.0383047 -9.26973 -0.245264 0.0753739 10.0546 0.0526871 -0.113621 -0.00610865
224.131 0.57457 -0.114914 -9.34634 -0.257228 0.0729811 10.0415 0.0435241 -0.10797 -0.00335976
224.148 0.536266 -0.191523 -9.26973 -0.247657 0.0921237 10.0618 0.045204 -0.114537 -0.00702495
224.165 0.421352 -0.114914 -9.49956 -0.245264 0.102891 10.0044 0.0368046 -0.113315 -0.0103847
224.181 0.536266 -0.114914 -9.65278 -0.283549 0.102891 10.0666 0.0342084 -0.116828 -0.0200058
224.198 0.459656 -0.0766094 -9.57617 -0.27996 0.0897308 10.1228 0.0276416 -0.115454 -0.0222966
224.214 0.421352 -0.114914 -9.53786 -0.248853 0.137587 10.0223 0.0190895 -0.114232 -0.0212276
224.23 0.57457 -0.0766094 -9.23143 -0.285942 0.165105 9.84287 0.0178678 -0.119119 -0.0346666
224.247 0.57457 -0.153219 -9.03991 -0.281157 0.148355 9.81535 0.0187841 -0.116523 -0.0355829
224.262 0.612875 -0.229828 -9.34634 -0.332602 0.155533 9.93619 0.0255036 -0.117133 -0.0293215
224.286 0.536266 0.0 -9.76769 -0.330209 0.149551 10.142 0.0320704 -0.111483 -0.00992656
224.302 0.536266 -0.0383047 -9.42295 -0.29671 0.118445 10.136 0.0401644 -0.108276 -0.0137445
224.319 0.536266 -0.153219 -9.61448 -0.300299 0.108873 9.99601 0.0490219 -0.104153 -0.03711
224.336 0.612875 -0.153219 -9.34634 -0.294317 0.0837488 9.95414 0.0548251 -0.105222 -0.052229
224.352 0.536266 -0.153219 -9.38465 -0.260818 0.020339 9.97807 0.0560469 -0.101862 -0.0736092
224.369 0.536266 -0.114914 -9.42295 -0.240479 -0.00717846 10.0463 0.0609338 -0.102167 -0.0954477
224.385 0.459656 -0.153219 -9.42295 -0.236889 -0.00957129 10.069 0.0604756 -0.103542 -0.0978911
224.402 0.344742 -0.191523 -9.19312 -0.253639 -0.020339 10.0487 0.0589485 -0.102931 -0.0856738
224.419 0.421352 -0.229828 -9.46126 -0.260818 -0.00119641 9.99003 0.0618501 -0.102931 -0.0632245
224.435 0.612875 -0.229828 -9.42295 -0.248853 0.0370887 10.0056 0.0584903 -0.10064 -0.0526871
224.452 0.536266 -0.306437 -9.11651 -0.245264 0.0454636 9.99482 0.0629191 -0.103542 -0.0358883
224.468 0.536266 -0.229828 -9.38465 -0.2668 0.0287139 10.0068 0.0610865 -0.0988074 -0.0190895
224.485 0.536266 -0.191523 -9.49956 -0.288335 0.0323031 10.0164 0.0604756 -0.0998765 -0.0108429
224.502 0.497961 -0.153219 -9.42295 -0.269192 0.0562313 10.0463 0.0572686 -0.0975857 0.0074831
224.518 0.459656 -0.153219 -9.38465 -0.264407 0.0382852 10.0211 0.0598648 -0.100793 0.0116064
224.535 0.459656 -0.153219 -9.26973 -0.270389 0.0311067 9.98285 0.0597121 -0.102167 0.00610865
224.551 0.459656 -0.114914 -9.03991 -0.275174 0.04666 9.96012 0.0607811 -0.10232 -0.0122173
224.568 0.497961 -0.153219 -9.30804 -0.293121 0.0622134 10.0092 0.0610865 -0.104763 -0.0300851
224.585 0.459656 -0.114914 -9.42295 -0.297906 0.066999 10.0164 0.0600175 -0.104763 -0.0384845
224.601 0.536266 -0.114914 -9.42295 -0.312263 0.105284 10.0439 0.062461 -0.103542 -0.0468839
224.618 0.612875 -0.114914 -9.26973 -0.327816 0.114855 10.0152 0.064599 -0.100335 -0.0455095
224.633 0.536266 -0.0383047 -9.30804 -0.319442 0.133998 9.9996 0.0632245 -0.0977384 -0.0424551
224.65 0.612875 -0.191523 -9.46126 -0.291924 0.124427 10.0211 0.0691805 -0.0977384 -0.0423024
224.666 0.57457 -0.114914 -9.15482 -0.312263 0.119641 10.0056 0.0740674 -0.102625 -0.0400117
224.682 0.536266 -0.191523 -9.26973 -0.351745 0.0957129 9.9996 0.0717766 -0.0997237 -0.0372628
224.699 0.766094 -0.0766094 -9.38465 -0.354138 0.0957129 10.0235 0.0723875 -0.101251 -0.0369573
224.715 0.766094 -0.0766094 -9.42295 -0.41994 0.129212 10.0355 0.066737 -0.106138 -0.0230602
224.732 0.459656 -0.153219 -9.38465 -0.401994 0.104088 10.0104 0.0652099 -0.111025 -0.021533
224.749 0.497961 -0.114914 -9.42295 -0.332602 0.0813559 9.96132 0.0545197 -0.113315 -0.0233656
224.765 0.612875 -0.0766094 -9.38465 -0.27996 0.0789631 9.9673 0.0552833 -0.122937 -0.0357356
224.782 0.497961 -0.153219 -9.34634 -0.285942 0.0957129 9.98883 0.0531453 -0.123089 -0.0395535
224.797 0.459656 -0.114914 -9.26973 -0.278764 0.116052 10.0702 0.0491747 -0.120951 -0.0358883
224.813 0.497961 -0.0766094 -9.49956 -0.270389 0.106481 10.081 0.0485638 -0.117439 -0.0346666
224.83 0.536266 -0.114914 -9.34634 -0.331406 0.150748 10.0008 0.0531453 -0.118661 -0.0256563
224.846 0.57457 -0.153219 -9.30804 -0.333799 0.180658 9.94457 0.0500909 -0.114537 0.00397062
224.862 0.536266 0.0 -9.26973 -0.320638 0.205783 9.94337 0.0507018 -0.115759 0.0297797
224.878 0.421352 -0.0766094 -9.46126 -0.283549 0.150748 10.0104 0.0487165 -0.116217 0.0364992
224.895 0.65118 -0.0766094 -9.65278 -0.273978 0.106481 10.0594 0.0471893 -0.119577 0.0184787
224.912 0.459656 -0.191523 -9.38465 -0.230907 0.087338 10.0355 0.046273 -0.114843 -0.0383318
224.928 0.383047 -0.153219 -9.34634 -0.195015 0.09332 10.0439 0.0445931 -0.117439 -0.073762
224.945 0.344742 -0.229828 -9.34634 -0.160319 0.0765703 10.0032 0.0368046 -0.115301 -0.126907
224.962 0.536266 -0.191523 -9.34634 -0.161515 0.0681954 9.9673 0.0313068 -0.11301 -0.137139
224.978 0.497961 -0.114914 -9.57617 -0.183051 0.0382852 9.9649 0.0250455 -0.109192 -0.118661
224.995 0.344742 -0.153219 -9.42295 -0.215354 0.040678 10.0283 0.0264199 -0.108734 -0.0607811
225.011 0.383047 -0.114914 -9.49956 -0.210568 0.066999 10.0738 0.0232129 -0.100945 -0.00152716
225.028 0.536266 -0.191523 -9.42295 -0.246461 0.0622134 10.063 0.0267254 -0.101556 0.0120646
225.045 0.57457 -0.153219 -9.49956 -0.303888 0.0418744 10.0606 0.0316123 -0.0997237 0.00687223
225.061 0.497961 -0.229828 -9.26973 -0.293121 0.0334995 10.0415 0.0329867 -0.0962113 -0.0213803
225.078 0.536266 -0.268133 -9.34634 -0.291924 -0.0155533 9.98046 0.0418443 -0.0962113 -0.0348193
225.094 0.65118 -0.191523 -9.49956 -0.295514 -0.0478564 9.93619 0.0481056 -0.0977384 -0.0548251
225.111 0.459656 -0.114914 -9.19312 -0.306281 -0.061017 9.95533 0.0502437 -0.0997237 -0.0514654
225.127 0.57457 -0.229828 -9.42295 -0.315852 -0.0574277 10.0092 0.0493274 -0.100335 -0.0450513
225.143 0.612875 -0.153219 -9.34634 -0.325424 -0.0550349 10.0606 0.0511599 -0.104153 -0.0332921
225.16 0.536266 -0.191523 -9.49956 -0.329013 -0.0658026 10.0702 0.0552833 -0.108734 -0.0320704
225.176 0.57457 -0.306437 -9.30804 -0.331406 -0.0729811 10.0152 0.055436 -0.111177 -0.0351248
225.193 0.57457 -0.191523 -9.61448 -0.369691 -0.0215354 9.90269 0.0581849 -0.11469 -0.0392481
225.21 0.612875 -0.0766094 -9.30804 -0.351745 0.0191426 9.91466 0.0616974 -0.116675 -0.0474948
225.226 0.689484 -0.0383047 -9.49956 -0.320638 0.0143569 9.98883 0.0621555 -0.114843 -0.0481056
225.243 0.57457 -0.153219 -9.34634 -0.299103 0.0825523 10.0367 0.0745255 -0.125533 -0.0560469
225.259 0.727789 -0.229828 -9.26973 -0.334995 0.0658026 9.88953 0.0784962 -0.120951 -0.0552833
225.276 0.612875 -0.191523 -9.15482 -0.370887 0.00717846 10.0618 0.0842994 -0.124616 -0.0649044
225.293 0.612875 -0.191523 -9.53786 -0.325424 0.0107677 10.1755 0.0800233 -0.116981 -0.0604756
225.309 0.612875 -0.153219 -9.61448 -0.277567 0.0251246 10.185 0.0783434 -0.122784 -0.0456622
225.326 0.497961 -0.114914 -9.49956 -0.217747 0.0179462 10.0881 0.076969 -0.124616 -0.0293215
225.342 0.459656 -0.153219 -9.26973 -0.200997 0.0382852 9.91227 0.0682642 -0.126296 0.000458149
225.359 0.421352 -0.114914 -9.19312 -0.210568 0.0502493 9.85484 0.0647517 -0.1321 0.0160352
225.376 0.459656 -0.191523 -9.38465 -0.254835 0.0909272 9.94218 0.0633773 -0.132863 0.0183259
225.392 0.612875 -0.114914 -9.42295 -0.258425 0.141176 10.063 0.0609338 -0.129045 0.00473421
225.409 0.612875 -0.0383047 -9.42295 -0.287139 0.163908 10.069 0.0563523 -0.130725 -0.0378736
225.425 0.57457 -0.0383047 -9.46126 -0.257228 0.185444 10.0774 0.0581849 -0.133321 -0.0679587
225.442 0.421352 0.0766094 -9.30804 -0.130409 0.25005 9.94696 0.0491747 -0.120951 -0.0951423
225.459 0.153219 0.0 -9.53786 -0.0813559 0.2668 9.9338 0.0471893 -0.118508 -0.105069
225.475 0.344742 -0.0383047 -9.26973 -0.0646062 0.276371 10.0283 0.0401644 -0.112094 -0.0934624
