1252.24 -0.421352 3.60064 -8.73347 0.982253 3.90509 9.14896 0.11301 -0.145844 0.0125227
1252.26 -0.497961 3.63894 -8.73347 1.01695 3.92183 9.15493 0.115606 -0.143706 0.0242819
1252.27 -0.421352 3.75386 -8.77177 0.961914 4.00558 9.14417 0.114537 -0.140346 0.0129809
1252.29 -0.459656 3.75386 -8.81008 0.951147 4.07617 9.12981 0.114385 -0.143095 0.000610865
1252.31 -0.57457 3.75386 -8.84838 1.04566 4.03908 9.1358 0.110108 -0.138514 -0.00977384
1252.32 -0.497961 3.63894 -8.88668 1.02652 3.89551 9.17527 0.113163 -0.138666 -0.01237
1252.34 -0.344742 3.83047 -8.61855 0.975075 3.91705 9.15493 0.10965 -0.1321 -0.00488692
1252.36 -0.344742 3.83047 -8.77177 0.90329 4.09771 9.14177 0.112705 -0.132863 0.00946841
1252.37 -0.383047 3.86877 -8.73347 0.987039 4.23051 9.14058 0.109192 -0.133321 0.021533
1252.39 -0.919312 4.02199 -8.73347 1.22752 4.2652 9.08315 0.106901 -0.133627 0.030696
1252.41 -1.03423 4.13691 -8.69516 1.60558 4.37886 9.1334 0.10568 -0.130114 0.0189368
1252.42 -0.804398 4.0603 -8.58025 1.40219 4.35015 9.07238 0.103236 -0.119577 -0.0401644
1252.44 -0.421352 3.94538 -8.73347 1.08156 4.24008 9.07956 0.0998765 -0.113621 -0.0832304
1252.46 -0.344742 3.90708 -8.61855 0.863809 4.15992 9.13819 0.104458 -0.124006 -0.169362
1252.47 -0.383047 3.79216 -8.54194 0.958325 4.02831 9.10349 0.100945 -0.121868 -0.199295
1252.49 -0.344742 3.83047 -8.69516 0.909272 3.98405 9.12981 0.0997237 -0.119119 -0.200517
1252.5 -0.268133 3.94538 -8.81008 0.768096 4.12642 9.08554 0.0998765 -0.11805 -0.186161
1252.52 -0.268133 3.79216 -8.69516 0.825523 4.17428 9.09751 0.0989602 -0.119882 -0.180969
1252.54 -0.306437 3.71555 -8.61855 0.803988 4.08574 9.10588 0.100793 -0.119424 -0.187383
1252.55 -0.268133 3.52403 -8.58025 0.768096 3.82852 9.05085 0.0969748 -0.116217 -0.173028
1252.57 -0.421352 3.56234 -8.69516 0.882951 3.84885 9.13699 0.0986547 -0.117286 -0.115454
1252.59 -0.497961 3.71555 -8.69516 0.866202 4.00558 9.12622 0.102931 -0.113163 -0.0705549
1252.6 -0.229828 3.79216 -8.50364 0.731007 4.13719 9.05085 0.101556 -0.114385 -0.0603229
1252.62 -0.229828 3.79216 -8.77177 0.740578 3.93619 9.08435 0.0966694 -0.114537 -0.0531453
1252.64 -0.344742 3.67725 -8.69516 0.745364 3.90389 9.05803 0.0994183 -0.112399 -0.0474948
1252.65 -0.229828 3.67725 -8.58025 0.664008 4.01515 9.10469 0.0986547 -0.111483 -0.0415388
1252.67 -0.268133 3.75386 -8.61855 0.581456 3.98764 9.1011 0.0980438 -0.111483 -0.0212276
1252.69 -0.0383047 3.71555 -8.42703 0.613759 3.99841 9.09272 0.0998765 -0.112399 -0.0248928
1252.7 -0.153219 3.86877 -8.61855 0.62333 4.09531 9.04487 0.102167 -0.117286 -0.0299324
1252.72 -0.153219 3.86877 -8.77177 0.745364 4.10728 9.07837 0.101556 -0.117744 -0.0670424
1252.74 -0.383047 4.13691 -8.46534 0.750149 4.21615 9.06042 0.10232 -0.115606 -0.0897971
1252.75 -0.306437 4.36673 -8.58025 0.774078 4.55593 9.00299 0.103389 -0.115759 -0.0896445
1252.77 -0.306437 4.21351 -8.69516 0.790828 4.45424 9.10229 0.0948368 -0.116217 -0.0855211
1252.79 -0.383047 3.90708 -8.61855 0.837488 4.24367 9.01137 0.0923933 -0.114843 -0.0577268
1252.8 -0.459656 4.0603 -8.73347 0.912862 4.32263 9.05204 0.0948368 -0.113621 -0.0432187
1252.83 -0.536266 4.13691 -8.65686 0.92004 4.41835 9.0652 0.0862847 -0.108581 -0.00320704
1252.84 -0.344742 4.21351 -8.61855 0.854237 4.39561 9.01137 0.08827 -0.108429 -0.000305433
1252.86 -0.421352 4.13691 -8.81008 0.801595 4.39681 9.07358 0.0798706 -0.102473 0.0218384
1252.88 -0.229828 4.13691 -8.54194 0.794417 4.38126 9.01615 0.0830777 -0.104916 0.0132863
1252.89 -0.306437 4.0603 -8.69516 0.762114 4.37408 9.02812 0.0820086 -0.105374 0.000458149
1252.91 -0.57457 3.75386 -8.69516 0.999003 4.04387 9.05563 0.079107 -0.108734 -0.0125227
1252.93 -0.421352 3.83047 -8.58025 0.948754 4.14198 9.02453 0.0803288 -0.0981966 -0.0326813
1252.94 -0.153219 4.0603 -8.61855 0.768096 4.27597 9.05444 0.0855211 -0.101251 -0.0513127
1252.96 -0.344742 3.90708 -8.73347 0.687936 4.15753 9.05922 0.0797179 -0.105222 -0.0815505
1252.98 -0.306437 3.71555 -8.65686 0.794417 4.02233 9.01974 0.0817032 -0.104305 -0.106749
1252.99 -0.306437 3.52403 -8.58025 0.825523 3.96132 9.01974 0.0847575 -0.106291 -0.109192
1253.01 -0.344742 3.83047 -8.73347 0.796809 4.11326 9.03888 0.0853684 -0.102473 -0.0875064
1253.02 -0.306437 3.79216 -8.35042 0.770489 4.18146 9.03649 0.0852157 -0.102014 -0.052229
1253.04 -0.229828 4.0603 -8.73347 0.709472 4.26162 9.01137 0.0858265 -0.0988074 -0.0392481
1253.06 -0.153219 4.0603 -8.38873 0.666401 4.39083 9.02572 0.0813978 -0.0991129 -0.0140499
1253.07 -0.191523 4.0986 -8.65686 0.71665 4.44586 9.04845 0.081245 -0.099571 -0.00809396
1253.09 -0.191523 4.40504 -8.65686 0.723829 4.51884 8.97547 0.0801761 -0.101556 -0.025809
1253.11 -0.229828 4.40504 -8.54194 0.598205 4.62293 9.00778 0.0788016 -0.101709 -0.0639881
1253.12 -0.114914 4.44334 -8.58025 0.574277 4.65882 9.02094 0.0777326 -0.103694 -0.073762
1253.14 -0.153219 4.36673 -8.54194 0.611366 4.65045 9.02931 0.0729984 -0.105374 -0.0687223
1253.16 -0.229828 4.36673 -8.61855 0.579063 4.66241 8.98864 0.0671951 -0.102167 -0.031765
1253.17 -0.268133 4.44334 -8.69516 0.563509 4.65524 8.9994 0.0650571 -0.102014 -0.0152716
1253.19 -0.191523 4.51995 -8.65686 0.599402 4.70788 9.0652 0.0642935 -0.105374 0.0216857
1253.2 -0.0766094 4.36673 -8.69516 0.601795 4.68514 9.1358 0.0580322 -0.103694 0.0491747
1253.22 -0.229828 4.44334 -8.77177 0.666401 4.63848 9.10947 0.0555887 -0.105527 0.0545197
1253.24 -0.0766094 4.36673 -8.73347 0.634098 4.63848 9.09512 0.0548251 -0.10736 0.0444404
1253.25 -0.153219 4.40504 -8.92499 0.602991 4.59302 9.13101 0.0517708 -0.104763 0.0152716
1253.27 -0.153219 4.29012 -8.88668 0.608973 4.54995 9.19442 0.0494801 -0.105069 0.00580322
1253.29 -0.0383047 4.0603 -8.88668 0.527617 4.37408 9.27577 0.0503964 -0.110414 0.0200058
1253.3 -0.114914 3.83047 -9.03991 0.509671 4.18385 9.25185 0.0508545 -0.114995 0.0406225
1253.32 -0.114914 3.94538 -8.84838 0.51685 4.14556 9.2339 0.053298 -0.120188 0.032834
1253.34 -0.268133 3.83047 -9.19312 0.509671 4.14198 9.3009 0.0583376 -0.126602 -0.00503964
1253.35 -0.0766094 3.79216 -8.92499 0.501296 4.06062 9.36072 0.0636827 -0.1321 -0.0490219
1253.37 -0.0766094 3.52403 -9.03991 0.457029 3.99482 9.39302 0.0694859 -0.139125 -0.0613919
1253.39 -0.0383047 3.52403 -8.96329 0.445065 3.84527 9.42772 0.0749837 -0.143095 -0.0607811
1253.4 0.0383047 3.48573 -8.92499 0.380459 3.67777 9.4325 0.0849102 -0.148593 -0.0517708
1253.42 0.0766094 3.2559 -9.03991 0.350548 3.57846 9.42532 0.0891863 -0.150273 -0.0455095
1253.44 0.0 3.21759 -8.88668 0.345763 3.41456 9.35234 0.0998765 -0.156534 -0.0331394
1253.45 0.114914 3.10268 -8.84838 0.301496 3.39302 9.29372 0.113163 -0.165239 -0.0255036
1253.47 0.0 3.10268 -8.96329 0.368495 3.44686 9.30688 0.11973 -0.167988 -0.0164934
1253.49 -0.0766094 3.33251 -8.96329 0.43669 3.6 9.35115 0.132558 -0.173791 0.000763581
1253.5 0.153219 3.44742 -8.88668 0.364905 3.65862 9.37268 0.145386 -0.180511 0.0250455
1253.52 -0.0383047 3.52403 -8.96329 0.409173 3.72323 9.38345 0.15012 -0.180358 0.0222966
1253.54 -0.0766094 3.94538 -9.03991 0.452243 3.96969 9.39183 0.168751 -0.192728 -0.0378736
1253.55 -0.0766094 3.94538 -8.88668 0.504885 4.19222 9.30449 0.184634 -0.200058 -0.121104
1253.57 -0.0766094 4.0603 -8.77177 0.54317 4.27597 9.30568 0.191964 -0.207083 -0.162948
1253.59 -0.114914 4.0603 -8.77177 0.569491 4.34178 9.22433 0.206014 -0.21197 -0.232129
1253.6 -0.153219 4.0986 -8.77177 0.655633 4.38844 9.12981 0.217163 -0.217468 -0.258549
1253.62 -0.114914 4.0603 -8.58025 0.649651 4.36451 9.14297 0.222202 -0.217468 -0.245568
1253.63 -0.229828 4.02199 -8.69516 0.666401 4.2999 9.0329 0.238237 -0.228616 -0.201127
1253.65 -0.268133 4.0986 -8.46534 0.629312 4.40518 8.90369 0.251982 -0.231365 -0.192881
1253.67 -0.114914 4.13691 -8.38873 0.632901 4.42193 8.83071 0.257938 -0.232434 -0.201433
1253.68 -0.0383047 4.0603 -8.12059 0.664008 4.39083 8.62612 0.271988 -0.241903 -0.228922
1253.7 -0.268133 4.0986 -8.23551 0.756132 4.32742 8.47538 0.28619 -0.247706 -0.224493
1253.72 -0.344742 4.25182 -8.04398 0.744168 4.37408 8.45264 0.294132 -0.247859 -0.208
1253.73 -0.306437 4.29012 -8.04398 0.765703 4.51884 8.44068 0.307876 -0.254425 -0.161726
1253.75 -0.191523 4.48165 -8.12059 0.848255 4.59063 8.43829 0.320399 -0.257938 -0.148746
1253.77 -0.383047 4.29012 -7.96737 0.916451 4.62532 8.45863 0.325286 -0.259923 -0.155618
1253.78 -0.344742 4.44334 -7.77585 0.917647 4.65524 8.32224 0.34071 -0.268322 -0.187688
1253.8 -0.344742 4.59656 -7.58433 0.896112 4.79402 8.15234 0.353385 -0.273057 -0.235794
1253.82 -0.306437 4.67317 -7.58433 0.922433 4.85025 8.09133 0.3598 -0.276875 -0.272751
1253.83 -0.344742 4.74978 -7.73755 0.881755 4.97587 8.0662 0.372017 -0.279165 -0.354302
1253.85 -0.497961 4.82639 -7.54602 0.87338 5.05484 8.02552 0.382096 -0.28787 -0.380569
1253.87 -0.306437 4.903 -7.62263 0.844666 5.12782 8.00997 0.383318 -0.280845 -0.372017
1253.88 -0.344742 5.09452 -7.3545 0.796809 5.2331 8.01715 0.39355 -0.290772 -0.369726
1253.9 -0.229828 5.01791 -7.54602 0.722632 5.2666 7.99083 0.40088 -0.290161 -0.413403
1253.92 -0.306437 5.13283 -7.58433 0.685544 5.31805 8.00159 0.406225 -0.293521 -0.447917
1253.93 -0.344742 5.05622 -7.50772 0.675972 5.38504 8.02313 0.413556 -0.295811 -0.496939
1253.95 -0.229828 5.20944 -7.66094 0.717846 5.44965 8.01595 0.418443 -0.295811 -0.51053
1253.96 -0.153219 5.36266 -7.66094 0.675972 5.57767 8.04467 0.423329 -0.299935 -0.513279
1253.98 -0.153219 5.40096 -7.58433 0.595813 5.6339 8.02433 0.425009 -0.295201 -0.509767
1254.0 -0.153219 5.55418 -7.66094 0.557528 5.63749 8.00399 0.430354 -0.295811 -0.506712
1254.01 -0.0766094 5.66909 -7.46941 0.54317 5.82054 8.00877 0.434325 -0.300087 -0.496939
1254.03 -0.153219 5.82231 -7.62263 0.506082 5.97966 7.95374 0.435547 -0.30024 -0.445932
1254.05 -0.114914 5.82231 -7.50772 0.521635 5.96411 7.92742 0.43967 -0.301309 -0.390343
1254.06 -0.0766094 5.7457 -7.50772 0.482154 5.98923 7.93579 0.440434 -0.300851 -0.370032
1254.08 -0.114914 5.82231 -7.46941 0.571884 6.06221 7.85444 0.445626 -0.307876 -0.325897
1254.1 -0.0766094 5.93723 -7.23959 0.565902 6.12682 7.77547 0.44639 -0.308334 -0.293368
1254.11 -0.114914 5.86062 -7.27789 0.620937 6.15912 7.65464 0.442419 -0.304974 -0.277333
1254.13 -0.114914 5.89892 -7.20128 0.61017 6.23689 7.63071 0.444404 -0.310778 -0.253967
1254.15 -0.229828 5.93723 -7.00976 0.614955 6.26201 7.61276 0.445015 -0.314901 -0.217315
1254.16 -0.268133 5.93723 -7.08637 0.643669 6.22971 7.59841 0.442724 -0.315206 -0.202654
1254.18 -0.229828 6.16705 -6.97145 0.660419 6.2668 7.54457 0.441808 -0.319635 -0.209832
1254.2 -0.268133 6.20536 -6.89484 0.662812 6.35175 7.50508 0.440128 -0.322231 -0.229074
1254.21 -0.229828 6.09044 -7.04806 0.601795 6.35653 7.48116 0.440892 -0.326813 -0.241292
1254.23 -0.114914 6.05214 -6.97145 0.679561 6.26321 7.39741 0.441197 -0.332311 -0.261603
1254.24 -0.229828 6.12875 -6.85654 0.649651 6.26201 7.37228 0.441045 -0.331089 -0.279776
1254.26 -0.153219 6.12875 -6.81823 0.717846 6.2668 7.24188 0.440892 -0.329562 -0.292452
1254.28 -0.153219 6.01384 -6.81823 0.710668 6.24287 7.14616 0.436921 -0.329409 -0.334754
1254.29 -0.191523 5.97553 -6.74162 0.661615 6.21535 7.11147 0.441808 -0.329409 -0.398742
1254.31 -0.114914 5.93723 -6.70332 0.632901 6.20459 7.05524 0.44135 -0.326507 -0.422108
1254.33 -0.114914 6.16705 -6.66501 0.710668 6.27996 6.99541 0.44471 -0.327882 -0.426536
1254.34 -0.153219 6.09044 -6.85654 0.717846 6.31705 6.9679 0.445626 -0.324064 -0.375682
1254.36 -0.229828 6.24366 -6.47349 0.711864 6.44147 6.95474 0.44807 -0.327882 -0.356287
1254.38 -0.191523 6.20536 -6.66501 0.744168 6.43908 7.01695 0.443794 -0.320399 -0.358425
1254.39 -0.229828 6.28197 -6.77993 0.715454 6.44746 6.98345 0.447917 -0.3233 -0.390954
1254.41 -0.306437 6.20536 -6.5118 0.698704 6.47258 6.93679 0.448528 -0.322842 -0.398895
1254.43 -0.191523 6.39688 -6.43519 0.638883 6.54317 6.85184 0.447917 -0.318413 -0.373239
1254.44 -0.114914 6.32027 -6.28197 0.647258 6.55992 6.82194 0.448528 -0.319024 -0.355065
1254.46 -0.306437 6.5118 -6.47349 0.679561 6.53958 6.81117 0.449139 -0.316581 -0.319024
1254.47 -0.0766094 6.24366 -6.20536 0.744168 6.55394 6.75853 0.451888 -0.316275 -0.291841
1254.49 -0.191523 6.39688 -6.16705 0.732203 6.5324 6.73101 0.450513 -0.315512 -0.285579
1254.5 -0.153219 6.47349 -6.35858 0.618545 6.5994 6.68315 0.449749 -0.313832 -0.288634
1254.52 -0.191523 6.62671 -6.28197 0.624527 6.71186 6.7011 0.452804 -0.316734 -0.322231
1254.54 -0.306437 6.58841 -6.16705 0.709472 6.72383 6.71186 0.4554 -0.319941 -0.334601
1254.55 -0.229828 6.58841 -6.28197 0.723829 6.77886 6.67238 0.45876 -0.318871 -0.344833
1254.57 -0.0766094 6.62671 -6.16705 0.740578 6.79801 6.65563 0.458302 -0.317955 -0.318871
1254.59 -0.268133 6.77993 -6.20536 0.728614 6.9009 6.57906 0.460134 -0.317344 -0.298713
1254.6 -0.268133 6.81823 -6.16705 0.770489 7.00139 6.49292 0.46044 -0.316428 -0.270155
1254.62 -0.306437 6.93315 -6.09044 0.778863 7.08395 6.48335 0.466395 -0.317955 -0.271988
1254.64 -0.229828 7.12467 -6.16705 0.882951 7.24307 6.51565 0.467923 -0.319635 -0.263283
1254.65 -0.383047 7.31619 -6.16705 0.879362 7.36152 6.52642 0.469297 -0.313221 -0.217773
1254.67 -0.459656 7.3545 -6.12875 0.863809 7.39262 6.48694 0.470061 -0.310625 -0.186925
1254.69 -0.268133 7.3928 -5.89892 0.788435 7.5015 6.38883 0.475253 -0.313068 -0.186314
1254.7 -0.268133 7.62263 -5.89892 0.66999 7.73001 6.30508 0.476475 -0.310014 -0.209069
1254.72 -0.0766094 7.81416 -5.78401 0.632901 7.82572 6.33021 0.477544 -0.308945 -0.252287
1254.74 -0.191523 7.69924 -6.16705 0.643669 7.87238 6.30628 0.479376 -0.30864 -0.291688
1254.75 -0.344742 7.77585 -6.12875 0.720239 7.92861 6.201 0.481973 -0.304822 -0.378584
1254.77 -0.191523 7.73755 -5.7074 0.781256 7.93938 6.08016 0.485485 -0.304974 -0.420886
1254.78 -0.306437 7.81416 -5.59248 0.777667 7.90349 5.84327 0.482125 -0.295201 -0.459676
1254.8 -0.421352 7.73755 -5.63079 0.833898 7.97049 5.81815 0.481362 -0.287565 -0.422261
1254.82 -0.306437 7.73755 -5.43926 0.876969 7.95135 5.80259 0.481667 -0.285732 -0.385914
1254.83 -0.306437 7.73755 -5.28605 0.80997 7.97528 5.72124 0.476017 -0.27214 -0.309709
1254.85 -0.344742 7.89076 -5.05622 0.801595 7.98006 5.50947 0.473573 -0.266643 -0.260076
1254.87 -0.306437 7.89076 -5.05622 0.921237 8.04108 5.44486 0.469144 -0.262367 -0.237627
1254.88 -0.306437 8.00568 -4.97961 0.882951 8.06261 5.24746 0.465785 -0.251371 -0.207541
1254.9 -0.306437 8.1589 -5.09452 0.801595 8.24686 5.19721 0.459676 -0.24007 -0.191201
1254.92 -0.268133 8.1589 -4.97961 0.800399 8.2313 5.17806 0.454484 -0.232281 -0.185703
1254.93 -0.153219 8.08229 -4.9413 0.717846 8.22532 5.07278 0.450513 -0.224035 -0.193339
1254.95 -0.229828 8.08229 -4.67317 0.695115 8.08295 4.97468 0.447153 -0.218842 -0.229838
1254.97 -0.0383047 8.00568 -4.48165 0.647258 8.19063 4.96152 0.445168 -0.209832 -0.261603
1254.98 -0.114914 8.00568 -4.51995 0.721436 8.12602 4.90768 0.441503 -0.205709 -0.319788
1255.0 -0.114914 8.1589 -4.55826 0.630509 8.15593 4.86461 0.437227 -0.193339 -0.320093
1255.01 -0.114914 8.27381 -4.78809 0.641276 8.21575 4.93161 0.433714 -0.188146 -0.309098
1255.03 -0.191523 8.1972 -4.78809 0.564706 8.20738 4.96152 0.433562 -0.176387 -0.314748
1255.05 -0.0383047 8.04398 -4.51995 0.567099 8.2313 4.92562 0.432034 -0.170126 -0.302225
1255.06 -0.0383047 8.12059 -4.55826 0.53001 8.23609 4.88375 0.426689 -0.160047 -0.277333
1255.08 -0.0766094 8.27381 -4.59656 0.447458 8.30668 4.88973 0.423482 -0.143706 -0.30024
1255.09 0.0 8.1972 -4.51995 0.43669 8.31506 4.96032 0.422566 -0.136528 -0.316581
1255.11 0.114914 8.27381 -4.903 0.391226 8.32104 4.99502 0.420428 -0.125991 -0.332616
1255.12 0.0766094 8.31211 -4.67317 0.331406 8.42871 5.068 0.421955 -0.118661 -0.347582
1255.14 0.0766094 8.42703 -4.86469 0.234497 8.44068 5.1685 0.421192 -0.104 -0.360258
1255.15 0.0 8.35042 -4.86469 0.297906 8.5687 5.24387 0.422413 -0.0978911 -0.350789
1255.17 0.0383047 8.08229 -4.74978 0.331406 8.15593 5.04646 0.41661 -0.0777326 -0.292146
1255.8 0.229828 9.53786 -1.95354 -1.71924 9.62513 1.8987 0.293521 0.160047 -0.557873
1255.81 2.22167 9.57617 -1.6088 -1.95852 9.61197 1.65942 0.273362 0.148898 -0.499688
1255.83 2.33659 9.42295 -1.41727 -2.00518 9.60359 1.5984 0.250607 0.141415 -0.408974
1255.85 2.41319 9.53786 -1.49388 -2.16072 9.66341 1.52901 0.240223 0.136223 -0.354607
1255.86 2.52811 9.65278 -1.37897 -2.35095 9.63111 1.67019 0.220522 0.130878 -0.238085
1255.88 2.83455 9.61448 -1.53219 -2.45623 9.64786 1.75513 0.201585 0.119271 -0.134696
1255.9 2.94946 9.57617 -1.68541 -2.68475 9.68973 1.78505 0.190743 0.114843 -0.0881173
1255.91 3.02607 9.69109 -1.6088 -2.85344 9.70528 1.69412 0.174097 0.10064 -0.0297797
1255.93 3.44742 9.88261 -1.53219 -3.01855 9.77946 1.62353 0.154702 0.0901026 -0.0655153
1255.95 3.90708 10.1507 -1.6471 -3.44447 10.2377 1.5673 0.147524 0.0842994 -0.111636
1255.96 3.83047 10.3806 -1.45558 -3.65384 10.5476 1.66421 0.12874 0.0708604 -0.200058
1255.98 3.75386 10.5338 -1.57049 -3.64546 10.6804 1.68335 0.104916 0.0616974 -0.23274
1256.0 3.67725 10.5721 -1.26405 -3.53061 10.7665 1.62353 0.0975857 0.0546724 -0.239612
1256.01 3.60064 10.2657 -1.41727 -3.30568 10.5332 1.66301 0.0708604 0.0482583 -0.235794
1256.03 3.21759 10.1124 -1.72371 -3.19681 10.392 1.68574 0.0496328 0.0389426 -0.203571
1256.04 3.17929 9.99752 -1.68541 -3.03529 10.2042 1.66421 0.0377209 0.0361938 -0.16753
1256.06 3.14098 9.806 -1.37897 -3.00538 9.97208 1.46441 0.0157298 0.0294742 -0.068875
1256.08 3.10268 9.76769 -0.919312 -2.97787 9.8333 1.24068 -0.000458149 0.0174097 0.0161879
1256.09 3.10268 9.49956 -0.995922 -2.94317 9.66939 1.18923 -0.00534507 0.00931569 0.0459676
1256.11 3.10268 9.49956 -1.14914 -2.8319 9.58804 1.15334 -0.0209221 0.00503964 0.097433
1256.13 2.94946 9.46126 -1.11084 -2.77089 9.42891 1.14616 -0.0300851 -0.00870483 0.127213
1256.14 2.83455 9.34634 -0.881008 -2.67039 9.36909 1.13659 -0.0383318 -0.00855211 0.139277
1256.16 2.83455 9.46126 -1.14914 -2.56032 9.33081 1.14257 -0.0403171 -0.022602 0.123395
1256.18 2.71963 9.30804 -1.18745 -2.49093 9.37866 1.33519 -0.0490219 -0.0242819 0.0957531
1256.19 2.71963 9.30804 -1.53219 -2.4347 9.32243 1.47159 -0.0542143 -0.0238237 0.0901026
1256.21 2.60472 9.19312 -1.76202 -2.30189 9.27218 1.74317 -0.0525344 -0.031765 0.0746782
1256.23 2.52811 9.30804 -1.68541 -2.19063 9.27577 1.92502 -0.0528398 -0.0320704 0.0313068
1256.24 2.56641 9.38465 -1.95354 -2.14875 9.35713 2.01595 -0.053298 -0.0345139 -0.00733038
1256.26 2.4515 9.53786 -2.18337 -2.10568 9.49232 2.18345 -0.0549779 -0.0331394 -0.0989602
1256.28 2.4515 9.61448 -2.18337 -2.17029 9.5318 2.28634 -0.0526871 -0.033903 -0.160658
1256.29 2.4898 9.38465 -2.37489 -2.21216 9.47797 2.35932 -0.0465785 -0.0406225 -0.177914
1256.31 2.4515 9.11651 -2.64302 -2.21934 9.29491 2.67398 -0.0407752 -0.0390954 -0.160199
1256.33 2.60472 8.96329 -2.52811 -2.28275 9.0664 2.76132 -0.0354302 -0.030696 -0.10965
1256.34 2.4898 8.73347 -2.22167 -2.24207 8.99222 2.67517 -0.0277944 -0.0270308 -0.109803
1256.36 2.64302 8.77177 -2.29828 -2.2995 8.78764 2.55912 -0.0108429 -0.0213803 -0.178067
1256.38 2.56641 8.61855 -2.37489 -2.31027 8.65962 2.74576 0.00671952 -0.0181732 -0.266795
1256.39 2.52811 8.42703 -2.64302 -2.29591 8.60219 2.82831 0.0143553 -0.0157298 -0.272904
1256.41 2.4515 8.61855 -2.52811 -2.18465 8.62612 2.79003 0.023671 -0.00901026 -0.179442
1256.43 2.4515 8.69516 -2.41319 -2.23609 8.77208 2.79003 0.033903 -0.0074831 -0.00778853
1256.44 2.4515 8.65686 -2.68133 -2.23131 8.76969 2.88933 0.0340557 0.000610865 0.0821613
1256.46 2.37489 8.1972 -2.60472 -2.16191 8.52084 3.08674 0.0368046 0.00427606 0.248317
1256.48 2.37489 8.1972 -2.94946 -2.11047 8.37009 3.0999 0.043066 0.0143553 0.388205
1256.49 2.4898 8.35042 -2.79624 -2.15234 8.38923 3.05803 0.0471893 0.0166461 0.431271
1256.51 2.41319 8.38873 -2.68133 -2.16311 8.45504 2.99462 0.0534507 0.0218384 0.43967
1256.53 2.37489 8.35042 -2.68133 -2.11645 8.47179 2.84985 0.0606284 0.0276416 0.363159
1256.54 2.4515 8.65686 -2.64302 -2.11525 8.52562 2.82592 0.0623082 0.0291688 0.299629
1256.56 2.29828 8.69516 -2.52811 -2.01715 8.74696 2.80558 0.0731511 0.0274889 0.156687
1256.58 2.25998 9.0016 -2.56641 -2.0016 8.94915 2.78405 0.0801761 0.0313068 0.0222966
1256.59 2.37489 9.03991 -2.60472 -1.94656 9.0317 2.7338 0.0817032 0.0277944 -0.0781907
1256.61 2.33659 8.96329 -2.41319 -1.88315 9.03649 2.62253 0.0832304 0.0303905 -0.107054
1256.63 1.99184 9.11651 -2.29828 -1.73599 9.06999 2.4993 0.0806342 0.030696 -0.115606
1256.64 1.91523 9.07821 -1.99184 -1.69412 9.12144 2.49093 0.0755945 0.0342084 -0.0731511
1256.66 1.99184 9.23143 -2.03015 -1.64985 9.22672 2.31266 0.0725402 0.0377209 -0.0387899
1256.68 1.95354 9.11651 -2.06845 -1.67258 9.28773 2.24088 0.0668897 0.0409279 0.0160352
1256.69 1.91523 9.23143 -1.99184 -1.64267 9.25902 2.19661 0.0600175 0.0467312 0.0374155
1256.71 2.06845 9.42295 -1.87693 -1.81974 9.32483 2.07338 0.0584903 0.0461203 0.0198531
1256.73 2.06845 9.23143 -1.80032 -1.78744 9.28654 2.04227 0.0487165 0.053298 -0.0467312
1256.74 2.14506 9.03991 -1.72371 -1.8006 9.24706 1.98365 0.0436769 0.0542143 -0.120035
1256.76 2.22167 9.19312 -1.68541 -1.84247 9.2339 1.91665 0.043066 0.0523817 -0.148593
1256.78 2.29828 9.34634 -1.6088 -1.88674 9.28295 1.83888 0.0326813 0.0583376 -0.17318
1256.79 2.14506 9.34634 -1.72371 -1.89751 9.32841 1.84247 0.0221439 0.0600175 -0.152716
1256.81 2.18337 9.30804 -1.76202 -1.90708 9.39422 1.85683 0.0197004 0.0598648 -0.137445
1256.83 2.10676 9.46126 -1.87693 -1.85204 9.48156 1.87717 0.00580322 0.0702495 -0.085063
1256.84 2.14506 9.49956 -1.68541 -1.90349 9.50549 1.91186 -0.00442877 0.0745255 -0.00167988
1256.86 2.41319 9.57617 -1.91523 -1.9669 9.57966 1.96451 -0.0116064 0.0775799 0.0484111
1256.88 2.25998 9.46126 -1.80032 -2.07577 9.51505 1.92622 -0.0245873 0.085063 0.135917
1256.89 2.37489 9.57617 -1.6471 -2.05304 9.51147 1.8987 -0.0313068 0.0878119 0.195477
1256.91 2.29828 9.53786 -1.72371 -2.00638 9.51865 1.88076 -0.0343612 0.0884227 0.218995
1256.92 2.14506 9.49956 -1.83862 -1.95494 9.49352 1.97767 -0.0433714 0.0994183 0.260992
1256.94 2.29828 9.23143 -2.14506 -1.90469 9.32243 1.98245 -0.0464257 0.105222 0.273515
1256.96 2.10676 9.26973 -1.91523 -1.85922 9.26261 1.99322 -0.0478002 0.108734 0.266337
1256.97 2.18337 9.03991 -1.91523 -1.76351 9.13819 2.12722 -0.0478002 0.113315 0.24572
1256.99 2.06845 9.07821 -2.10676 -1.71924 9.10469 2.0674 -0.0426078 0.111788 0.181427
1257.01 2.14506 8.88668 -1.72371 -1.70489 9.13221 2.03749 -0.0438296 0.115759 0.147066
1257.02 1.91523 8.92499 -1.83862 -1.65583 9.00658 2.11884 -0.0394008 0.116217 0.107512
1257.04 1.99184 8.96329 -2.14506 -1.64387 8.9994 2.37727 -0.0285579 0.115148 0.119424
1257.06 1.91523 8.96329 -2.52811 -1.62473 8.9994 2.5005 -0.0288634 0.124311 0.133169
1257.07 1.91523 9.03991 -2.60472 -1.59123 9.08076 2.71107 -0.0186314 0.121715 0.155007
1257.09 1.99184 9.11651 -2.56641 -1.58285 9.17168 2.76012 -0.0178678 0.122784 0.164628
1257.1 1.91523 9.34634 -2.37489 -1.65105 9.2327 2.67996 -0.0172569 0.124769 0.173028
1257.12 2.14506 9.19312 -2.37489 -1.71685 9.22792 2.57587 -0.0125227 0.122631 0.146455
1257.14 2.14506 9.38465 -2.4515 -1.75394 9.2351 2.5328 -0.00717767 0.116828 0.1237
1257.15 2.14506 9.34634 -2.37489 -1.7994 9.30449 2.51486 0.00381791 0.109956 0.0623082
1257.17 2.25998 9.26973 -2.29828 -1.81615 9.28176 2.55194 0.00794125 0.107665 0.00519235
1257.19 2.18337 9.34634 -2.10676 -1.85324 9.34158 2.56391 0.014508 0.103694 -0.0222966
1257.2 2.29828 9.42295 -2.4898 -1.95015 9.46002 2.59501 0.0207694 0.097433 -0.0580322
1257.22 2.41319 9.65278 -2.33659 -2.08654 9.59282 2.53759 0.0224493 0.0916298 -0.0652099
1257.24 2.4515 9.61448 -1.91523 -2.14875 9.61675 2.48136 0.0230602 0.0894917 -0.0679587
1257.25 2.41319 9.57617 -2.14506 -2.2014 9.6335 2.34138 0.0203113 0.0801761 -0.100945
1257.27 2.4898 9.53786 -2.25998 -2.14516 9.63829 2.27318 0.0233656 0.0649044 -0.147677
1257.29 2.4898 9.69109 -2.22167 -2.11406 9.68973 2.25643 0.0198531 0.0647517 -0.15913
1257.3 2.4898 9.69109 -2.29828 -2.19063 9.78425 2.25404 0.0126754 0.0568105 -0.172264
1257.32 2.4898 9.42295 -1.95354 -2.26122 9.51147 2.25284 0.00763582 0.0455095 -0.193492
1257.34 2.52811 9.34634 -1.95354 -2.28036 9.36072 2.24566 0.00503964 0.0427606 -0.214414
1257.35 2.52811 9.46126 -2.37489 -2.26959 9.34636 2.21336 0.000152716 0.0377209 -0.259923
1257.37 2.64302 9.42295 -2.06845 -2.31147 9.36311 2.22174 -0.0018326 0.025809 -0.283289
1257.39 2.68133 9.38465 -2.03015 -2.34855 9.38704 2.22054 -0.00397062 0.0200058 -0.279318
1257.4 2.56641 9.26973 -2.10676 -2.41914 9.399 2.15713 -0.0111483 0.0120646 -0.242513
1257.42 2.60472 9.26973 -1.99184 -2.37488 9.36431 2.12243 -0.020464 0.00962113 -0.16249
1257.44 2.83455 9.30804 -2.06845 -2.44307 9.35354 2.11406 -0.0282525 0.00580322 -0.065668
1257.45 2.87285 9.34634 -2.03015 -2.55912 9.37029 2.12961 -0.0316123 0.00335976 -0.0264199
1257.47 2.87285 9.26973 -2.10676 -2.62253 9.43131 2.19182 -0.0352775 -0.00473421 0.0280998
1257.49 2.94946 9.38465 -2.37489 -2.64766 9.47916 2.20379 -0.0412334 -0.00870483 0.0633773
1257.5 2.91116 9.30804 -2.06845 -2.67996 9.41575 2.25643 -0.0432187 -0.0119119 0.076969
1257.52 2.91116 9.30804 -2.06845 -2.65125 9.37627 2.28873 -0.0525344 -0.0135917 0.110872
1257.54 2.83455 9.38465 -2.37489 -2.61894 9.28773 2.28395 -0.053298 -0.0206167 0.134543
1257.55 2.75794 9.15482 -2.22167 -2.50528 9.22911 2.30309 -0.0536034 -0.0251982 0.140499
1257.57 2.75794 9.19312 -2.33659 -2.49811 9.21476 2.29591 -0.0525344 -0.0300851 0.131794
1257.59 2.79624 9.0016 -2.10676 -2.48016 9.17647 2.27677 -0.0542143 -0.0342084 0.109192
1257.6 2.60472 8.96329 -1.91523 -2.42871 9.08674 2.21456 -0.0536034 -0.0378736 0.104916
1257.62 2.4898 9.0016 -2.29828 -2.37009 9.0341 2.18824 -0.0487165 -0.0435241 0.110414
1257.63 2.64302 8.81008 -1.99184 -2.33539 9.01137 2.23609 -0.0455095 -0.0439823 0.149967
1257.65 2.52811 8.88668 -2.29828 -2.29352 8.95514 2.35813 -0.0456622 -0.0415388 0.176693
1257.67 2.52811 8.69516 -2.29828 -2.30907 8.87138 2.48614 -0.036041 -0.0468839 0.215788
1257.68 2.56641 8.88668 -2.29828 -2.31984 8.81994 2.52682 -0.0320704 -0.0464257 0.218842
1257.7 2.56641 8.77177 -2.37489 -2.32463 8.77208 2.56271 -0.029627 -0.0468839 0.200364
1257.72 2.4898 8.58025 -2.56641 -2.26002 8.70509 2.67757 -0.023671 -0.0496328 0.152411
1257.73 2.33659 8.61855 -2.71963 -2.16191 8.65962 2.80798 -0.0190895 -0.0540616 0.143401
1257.75 2.56641 8.54194 -2.87285 -2.16909 8.6668 2.85464 -0.0169515 -0.0594066 0.153174
1257.77 2.25998 8.65686 -2.64302 -2.07458 8.65842 2.91805 -0.0143553 -0.0633773 0.166461
1257.78 2.29828 8.54194 -2.64302 -2.02193 8.61655 2.89531 -0.0126754 -0.0704022 0.146455
1257.8 2.25998 8.54194 -2.75794 -1.98006 8.61655 2.83669 -0.01237 -0.0717766 0.124311
1257.82 2.25998 8.69516 -2.64302 -1.95254 8.70748 2.81874 -0.0117592 -0.0717766 0.0687223
1257.83 2.29828 8.69516 -2.87285 -1.90469 8.74935 2.90967 -0.0100793 -0.0788016 0.0251982
1257.85 2.18337 8.65686 -2.87285 -1.90349 8.74457 2.92762 -0.0135917 -0.0757473 0.0128282
1257.87 2.22167 8.61855 -2.83455 -1.8676 8.75055 2.9671 -0.00885754 -0.0817032 -0.0241292
1257.88 2.22167 8.81008 -3.06437 -1.87717 8.81157 2.95513 -0.00335976 -0.0870483 -0.081245
1257.9 2.22167 8.88668 -2.71963 -1.89153 8.85583 2.96949 -0.00427606 -0.0842994 -0.108123
1257.92 2.25998 8.81008 -2.83455 -1.91545 8.92403 2.95513 -0.00167988 -0.0891863 -0.140499
1257.93 2.14506 8.96329 -2.68133 -1.96211 8.97547 2.94437 0.000152716 -0.0933096 -0.130267
1257.95 2.29828 8.84838 -2.75794 -1.98485 8.98864 2.92163 -0.00274889 -0.090408 -0.10232
1257.97 2.37489 8.88668 -2.68133 -1.99322 9.02333 2.88813 -0.00381791 -0.0937678 -0.0894917
1257.98 2.18337 8.96329 -2.68133 -2.03509 9.04008 2.82951 -0.0100793 -0.0887282 -0.0653626
1258.0 2.37489 9.0016 -2.60472 -2.06142 9.05803 2.81157 -0.00870483 -0.0913243 -0.0587958
1258.02 2.41319 9.11651 -2.64302 -2.13918 9.09153 2.84865 -0.0140499 -0.0887282 -0.0403171
1258.03 2.4515 9.07821 -2.75794 -2.15952 9.15493 2.97667 -0.0160352 -0.0916298 -0.0105374
1258.05 2.4898 9.07821 -2.91116 -2.17149 9.21236 2.9994 -0.0212276 -0.0890336 0.0120646
1258.07 2.60472 9.42295 -2.79624 -2.24566 9.37627 3.04965 -0.022602 -0.0919352 0.0400117
1258.08 2.37489 9.46126 -3.2942 -2.18345 9.48754 2.99342 -0.0354302 -0.0875064 0.0514654
1258.1 2.4515 9.65278 -2.79624 -2.15593 9.61436 2.9659 -0.0372628 -0.0864374 0.0574213
1258.12 2.33659 9.69109 -2.91116 -2.10688 9.72921 2.91446 -0.0433714 -0.0868956 0.0736092
1258.13 2.25998 9.65278 -2.60472 -1.97647 9.68614 2.84746 -0.054367 -0.086132 0.0789543
1258.15 2.25998 9.57617 -2.71963 -1.92981 9.66939 2.84387 -0.0581849 -0.0841467 0.0742201
1258.17 1.99184 9.57617 -2.4898 -1.84845 9.66341 2.82712 -0.0626137 -0.0821613 0.0502437
1258.18 1.87693 9.57617 -2.68133 -1.67378 9.61197 2.84746 -0.0722348 -0.0775799 0.0456622
1258.2 1.87693 9.49956 -2.60472 -1.62592 9.58325 2.82831 -0.0763581 -0.074831 0.0546724
1258.21 1.83862 9.46126 -2.94946 -1.49432 9.51745 2.84028 -0.0781907 -0.0725402 0.053298
1258.23 1.53219 9.42295 -2.71963 -1.33519 9.42891 2.92163 -0.0820086 -0.0694859 0.0606284
1258.25 1.37897 9.38465 -2.68133 -1.32203 9.39781 2.97069 -0.0810924 -0.0699441 0.100029
1258.26 1.6088 9.34634 -2.60472 -1.2682 9.41336 3.09392 -0.0865901 -0.0613919 0.128282
1258.28 1.41727 9.30804 -2.83455 -1.24068 9.34875 3.09153 -0.0949895 -0.0488692 0.167835
1258.3 1.45558 9.30804 -2.87285 -1.18325 9.34636 3.07358 -0.0943787 -0.0468839 0.141263
1258.31 1.41727 9.26973 -2.87285 -1.10788 9.332 3.08076 -0.0911716 -0.0415388 0.120188
1258.33 1.37897 9.19312 -3.02607 -1.05045 9.22552 3.19681 -0.0908662 -0.0302378 0.106901
1258.35 1.34066 9.03991 -3.2559 -1.05882 9.2004 3.28774 -0.0858265 -0.0337503 0.102778
1258.36 1.37897 9.11651 -3.48573 -1.02891 9.19322 3.53539 -0.0853684 -0.0255036 0.108734
1258.38 1.26405 9.07821 -3.63894 -1.0002 9.16331 3.77827 -0.0847575 -0.0248928 0.116064
1258.4 1.26405 9.03991 -3.21759 -0.970289 9.13221 3.82373 -0.0815505 -0.0288634 0.126755
1258.41 1.30236 9.07821 -3.56234 -0.921237 9.05324 3.78185 -0.0836885 -0.0251982 0.124616
1258.43 1.37897 9.03991 -3.44742 -0.934397 9.0329 3.6347 -0.0757473 -0.0299324 0.0502437
1258.45 1.18745 8.88668 -3.14098 -0.929611 8.99342 3.62154 -0.0733038 -0.0299324 -0.00931569
1258.46 1.34066 8.84838 -3.2942 -0.924826 8.9001 3.62273 -0.0606284 -0.0394008 -0.134085
1258.48 1.18745 8.61855 -3.63894 -0.896112 8.73141 3.6323 -0.0552833 -0.0407752 -0.221591
1258.5 1.34066 8.58025 -3.2942 -0.892523 8.6321 3.6323 -0.0482583 -0.0459676 -0.238085
1258.51 1.22575 8.38873 -3.56234 -0.934397 8.52562 3.61914 -0.0471893 -0.0413861 -0.202502
1258.53 1.07253 8.38873 -3.2942 -0.922433 8.52203 3.57129 -0.0366519 -0.047342 -0.121104
1258.54 1.14914 8.38873 -3.2559 -0.935593 8.49213 3.52223 -0.0335976 -0.0508545 -0.0888809
1258.56 1.18745 8.27381 -3.10268 -0.935593 8.39162 3.4349 -0.0277944 -0.0482583 -0.0740674
1258.58 1.30236 8.23551 -2.60472 -0.971486 8.31864 3.26022 -0.0180205 -0.0549779 -0.123395
1258.59 1.26405 8.1589 -2.79624 -1.02173 8.3019 3.17647 -0.0132863 -0.0572686 -0.166003
1258.61 1.57049 8.08229 -2.68133 -1.09472 8.2014 3.08195 -0.00717767 -0.0558941 -0.241903
1258.63 1.45558 8.04398 -2.83455 -1.17488 8.1667 3.11067 0.00198531 -0.0561996 -0.284663
1258.64 1.53219 8.27381 -3.02607 -1.25743 8.19302 3.11785 0.00870483 -0.0578795 -0.293368
1258.66 1.41727 8.1972 -2.91116 -1.25623 8.18225 3.12981 0.0117592 -0.0552833 -0.292452
1258.68 1.6088 8.08229 -2.98777 -1.2993 8.19183 3.10947 0.0207694 -0.056505 -0.271377
1258.69 1.6471 8.23551 -3.21759 -1.31844 8.21455 3.11306 0.0216857 -0.0534507 -0.223118
1258.71 1.6088 8.1589 -2.91116 -1.36152 8.24207 3.13101 0.0251982 -0.0503964 -0.196088
1258.73 1.6471 8.1972 -2.91116 -1.45005 8.27198 3.18006 0.0332921 -0.0531453 -0.128282
1258.74 1.72371 8.31211 -2.87285 -1.44407 8.33899 3.18126 0.0337503 -0.0476475 -0.0616974
1258.76 1.80032 8.31211 -2.91116 -1.51944 8.37248 3.20758 0.0386372 -0.0468839 -0.0412334
1258.78 1.95354 8.38873 -3.10268 -1.58405 8.45145 3.22792 0.0471893 -0.0471893 -0.0348193
1258.79 1.99184 8.54194 -3.02607 -1.66421 8.47538 3.25663 0.0497855 -0.0432187 -0.030696
1258.81 1.99184 8.46534 -3.02607 -1.63908 8.52802 3.34277 0.0542143 -0.0458149 -0.0398589
1258.83 2.14506 8.54194 -3.48573 -1.69053 8.62253 3.41456 0.0571159 -0.0410807 -0.062461
1258.84 2.10676 8.58025 -3.2942 -1.64506 8.65842 3.49711 0.062461 -0.0465785 -0.0762054
1258.86 1.95354 8.61855 -2.83455 -1.72044 8.75294 3.60239 0.0681114 -0.0467312 -0.0694859
1258.88 2.10676 8.77177 -3.40912 -1.84247 8.85344 3.69691 0.0725402 -0.0482583 -0.0500909
1258.89 2.18337 9.19312 -3.71555 -1.92622 8.98385 3.81775 0.0725402 -0.0488692 -0.00671952
1258.91 2.22167 9.42295 -3.60064 -1.94656 9.50549 4.0654 0.0723875 -0.0487165 0.0311541
1258.93 2.22167 9.72939 -3.86877 -2.12841 9.79502 4.03549 0.0658207 -0.0507018 0.0757473
1258.94 2.33659 9.76769 -3.86877 -2.14397 9.84526 4.02114 0.0568105 -0.0540616 -0.00702495
1258.96 2.52811 9.92091 -3.98369 -2.21934 9.90868 4.05703 0.0561996 -0.0592539 -0.0817032
1258.98 2.37489 9.69109 -4.02199 -2.07338 9.9338 4.17547 0.0507018 -0.065668 -0.210748
1258.99 2.41319 9.88261 -3.90708 -2.14038 9.94098 4.18026 0.0407752 -0.0670424 -0.251829
1259.01 2.56641 9.65278 -4.02199 -2.09133 9.87877 4.21974 0.0343612 -0.0681114 -0.228158
1259.03 2.25998 9.57617 -4.0986 -2.00518 9.66939 4.25204 0.0192422 -0.06353 -0.115454
1259.04 2.14506 9.46126 -4.25182 -1.90947 9.61555 4.27597 0.00626137 -0.065668 0.033903
1259.07 2.29828 9.07821 -3.90708 -1.93101 9.30568 4.13838 -0.00931569 -0.0621555 0.194561
1259.08 2.14506 9.0016 -3.94538 -1.92024 9.26141 4.10847 -0.0222966 -0.0606284 0.298408
1259.1 2.18337 9.07821 -3.83047 -1.95254 9.19442 4.01037 -0.0348193 -0.0555887 0.334601
1259.12 2.22167 9.11651 -4.13691 -1.92024 9.17886 4.02472 -0.0447459 -0.0594066 0.365603
1259.13 2.22167 9.07821 -3.83047 -1.95852 9.14776 4.00199 -0.057574 -0.0591012 0.34071
1259.15 2.18337 9.03991 -3.71555 -1.95494 9.2004 3.97567 -0.0655153 -0.0574213 0.302378
1259.17 2.29828 9.26973 -3.63894 -1.88554 9.29731 3.9015 -0.0765108 -0.0620028 0.186925
1259.18 2.25998 9.23143 -3.67725 -1.85563 9.32722 3.93021 -0.0916298 -0.0621555 0.138514
1259.2 2.14506 9.26973 -3.79216 -1.83529 9.34995 3.98046 -0.0975857 -0.0641408 0.13775
1259.21 2.10676 9.23143 -3.63894 -1.73839 9.27338 3.97567 -0.118661 -0.0558941 0.111788
1259.23 1.99184 9.19312 -3.56234 -1.62353 9.24228 3.96012 -0.128893 -0.0644463 0.0421497
1259.25 1.91523 9.15482 -3.71555 -1.54337 9.24945 3.91107 -0.135001 -0.0659734 0.00992656
1259.26 1.91523 9.0016 -3.83047 -1.51226 9.21835 3.91705 -0.147218 -0.0681114 -0.0253509
1259.28 1.91523 8.88668 -3.56234 -1.57807 9.12263 3.85244 -0.16081 -0.0684169 -0.0284052
1259.3 1.68541 9.0016 -3.63894 -1.53619 9.05803 3.86201 -0.168141 -0.0673479 -0.0190895
1259.31 1.6471 8.81008 -3.60064 -1.54457 8.95035 3.86441 -0.17486 -0.0675006 0.0363465
1259.33 1.95354 8.84838 -3.63894 -1.51346 8.9671 3.83928 -0.188452 -0.0595593 0.120493
1259.35 1.91523 8.88668 -3.60064 -1.54457 8.97428 3.80578 -0.197462 -0.0540616 0.159283
1259.36 1.80032 8.84838 -3.52403 -1.52662 8.92642 3.76391 -0.207541 -0.0484111 0.209374
1259.38 1.76202 8.69516 -3.48573 -1.51944 8.83908 3.75912 -0.213803 -0.0471893 0.24679
1259.4 1.80032 8.65686 -3.56234 -1.50628 8.82473 3.77468 -0.217926 -0.0455095 0.262367
1259.41 1.87693 8.65686 -3.67725 -1.44168 8.82712 3.84766 -0.223271 -0.0438296 0.294742
1259.43 1.57049 8.77177 -3.63894 -1.38425 8.79601 3.96251 -0.229838 -0.0415388 0.29459
1259.45 1.76202 8.73347 -3.79216 -1.5003 8.71466 3.97089 -0.234419 -0.0418443 0.281914
1259.46 1.57049 8.61855 -3.90708 -1.34357 8.77806 4.05105 -0.240375 -0.0395535 0.252135
1259.48 1.6088 8.81008 -3.83047 -1.30768 8.76371 4.02114 -0.248011 -0.0355829 0.223729
1259.5 1.6471 8.54194 -3.52403 -1.38784 8.5663 4.00917 -0.249538 -0.0357356 0.202807
1259.51 1.6088 8.46534 -3.86877 -1.1653 8.60578 4.10847 -0.251065 -0.0351248 0.148593
1259.53 1.26405 8.65686 -4.0986 -0.97986 8.7338 4.32383 -0.251829 -0.0348193 0.115454
1259.55 0.689484 8.81008 -4.36673 -0.659222 8.95035 4.54517 -0.253509 -0.0323759 0.11133
1259.56 1.14914 8.58025 -4.32843 -0.72981 8.80678 4.65882 -0.260076 -0.0250455 0.123089
1259.58 1.26405 8.58025 -4.48165 -0.866202 8.65125 4.65045 -0.263741 -0.0230602 0.155923
1259.6 1.18745 8.50364 -4.51995 -0.869791 8.69432 4.6672 -0.266337 -0.0213803 0.15012
1259.61 1.37897 8.38873 -4.51995 -1.01815 8.60937 4.77966 -0.265421 -0.0209221 0.110872
1259.63 1.53219 8.38873 -4.48165 -1.11027 8.54716 4.85623 -0.261756 -0.0277944 0.0421497
1259.65 1.49388 8.38873 -4.59656 -1.17846 8.44905 4.85264 -0.260381 -0.0279471 -0.00152716
1259.66 1.45558 8.54194 -4.78809 -1.15932 8.57109 4.87418 -0.258549 -0.0299324 -0.0765108
1259.68 1.53219 8.50364 -4.67317 -1.18086 8.63449 4.78205 -0.259159 -0.0383318 -0.117286
1259.7 1.68541 8.38873 -4.40504 -1.26221 8.67398 4.76411 -0.263283 -0.0326813 -0.117286
1259.71 1.45558 8.38873 -4.67317 -1.25264 8.58186 4.69113 -0.26145 -0.0436769 -0.117133
1259.73 1.57049 8.54194 -4.25182 -1.24666 8.56989 4.58465 -0.266643 -0.045204 -0.124616
1259.75 1.6471 8.31211 -4.29012 -1.25623 8.55553 4.51765 -0.266948 -0.0448986 -0.165239
1259.76 1.6088 8.23551 -4.40504 -1.24187 8.42871 4.51167 -0.263588 -0.0528398 -0.18219
1259.78 1.6471 8.27381 -4.44334 -1.22752 8.35454 4.65643 -0.270155 -0.047342 -0.135612
1259.79 1.26405 8.04398 -4.71148 -1.22393 8.27677 4.74616 -0.269239 -0.0510072 -0.00534507
1259.81 1.30236 7.96737 -4.40504 -1.15813 8.12602 4.79163 -0.269697 -0.0513127 0.0766636
1259.83 1.34066 7.92907 -4.40504 -1.22273 8.01236 4.72343 -0.266643 -0.0561996 0.212123
1259.84 1.41727 7.81416 -4.55826 -1.22034 8.02193 4.81196 -0.26145 -0.0609338 0.279929
1259.86 1.30236 7.81416 -4.71148 -1.16172 8.0674 5.02732 -0.260687 -0.0615447 0.312763
1259.88 1.68541 7.89076 -4.74978 -1.27657 8.07936 4.97587 -0.256869 -0.0668897 0.357203
1259.89 1.6088 7.96737 -4.63487 -1.24427 8.01954 4.91964 -0.251524 -0.0757473 0.341015
1259.91 1.57049 8.04398 -4.97961 -1.25623 8.14875 5.05005 -0.251676 -0.0768163 0.318871
1259.93 1.49388 7.96737 -4.71148 -1.1665 8.31027 5.1661 -0.246484 -0.0852157 0.251524
1259.94 1.6088 8.1589 -5.09452 -1.22991 8.30309 5.22951 -0.238543 -0.0937678 0.153174
1259.96 1.6471 8.31211 -5.13283 -1.26939 8.18345 5.37667 -0.236558 -0.0988074 0.0962113
1259.98 1.49388 8.27381 -5.20944 -1.18684 8.36411 5.46879 -0.222508 -0.115148 -0.02474
1259.99 1.57049 8.46534 -5.24774 -1.15095 8.467 5.50947 -0.219148 -0.119424 -0.111941
1260.01 1.14914 8.50364 -5.13283 -1.11147 8.55194 5.58724 -0.215788 -0.127365 -0.151495
1260.03 1.26405 8.23551 -5.24774 -0.976271 8.37129 5.52024 -0.213345 -0.133932 -0.198989
1260.04 1.41727 7.92907 -5.13283 -1.00379 8.17986 5.46999 -0.205403 -0.140499 -0.20296
1260.06 1.37897 7.58433 -5.13283 -1.04207 7.8341 5.38385 -0.196088 -0.14676 -0.195324
1260.08 1.14914 7.54602 -5.17113 -1.09352 7.62233 5.47717 -0.187077 -0.149204 -0.1518
1260.09 1.14914 7.12467 -5.28605 -1.06959 7.48236 5.4987 -0.175929 -0.157909 -0.0520762
1260.11 1.41727 6.77993 -5.09452 -1.09472 7.14138 5.51306 -0.170889 -0.161879 0.00580322
1260.13 1.49388 6.77993 -5.32435 -1.0995 6.92602 5.44247 -0.155007 -0.16921 0.0841467
1260.14 1.34066 6.77993 -5.28605 -1.08156 6.87936 5.66022 -0.141568 -0.172722 0.124006
1260.16 1.53219 6.70332 -5.36266 -1.0672 6.87577 5.71645 -0.133932 -0.175166 0.152869
1260.18 1.53219 6.5118 -5.63079 -1.11027 6.84347 5.7009 -0.121868 -0.180053 0.205862
1260.19 1.34066 6.66501 -5.20944 -1.05523 6.76211 5.57169 -0.104916 -0.186925 0.213192
1260.21 1.18745 6.66501 -5.32435 -1.02054 6.77767 5.61954 -0.0962113 -0.191964 0.218079
1260.23 1.26405 6.81823 -5.36266 -1.00259 6.8997 5.87318 -0.0820086 -0.196699 0.261603
1260.24 1.22575 7.08637 -5.55418 -0.921237 7.26939 5.98325 -0.068875 -0.207236 0.262825
1260.26 1.14914 7.20128 -5.55418 -0.859023 7.34716 5.97847 -0.0641408 -0.211359 0.23503
1260.27 1.34066 7.08637 -5.43926 -0.85663 7.26102 5.8672 -0.0548251 -0.220828 0.171195
1260.29 0.957617 7.43111 -5.7074 -0.783649 7.401 5.93898 -0.0448986 -0.227853 0.148746
1260.31 1.11084 7.50772 -6.12875 -0.731007 7.5661 6.14596 -0.0337503 -0.237627 0.101556
1260.32 1.07253 7.62263 -5.93723 -0.684347 7.63908 6.23808 -0.025809 -0.247553 0.0352775
1260.34 1.03423 7.50772 -5.89892 -0.650847 7.60558 6.1986 -0.0200058 -0.255036 -0.0135917
1260.36 0.727789 7.73755 -5.93723 -0.504885 7.73599 6.23091 -0.0119119 -0.262825 -0.117592
1260.37 0.689484 7.81416 -6.01384 -0.428315 7.88435 6.3996 -0.010232 -0.270002 -0.227547
1260.39 0.65118 7.46941 -6.16705 -0.379262 7.81974 6.43908 -0.00733038 -0.273668 -0.278096
1260.41 0.383047 7.54602 -6.20536 -0.254835 7.71685 6.56949 -0.00397062 -0.279165 -0.267559
1260.42 0.459656 7.46941 -6.32027 -0.195015 7.62832 6.6353 -0.0074831 -0.274889 -0.19792
1260.44 0.306437 7.46941 -6.43519 -0.145962 7.60319 6.63769 -0.0120646 -0.272293 -0.11637
1260.46 0.229828 7.3928 -6.39688 -0.0562313 7.62592 6.56231 -0.0184787 -0.265421 -0.0707076
1260.47 0.383047 7.50772 -6.12875 -0.0287139 7.61037 6.47019 -0.0255036 -0.260076 0.0109956
1260.49 0.306437 7.62263 -6.09044 0.0131605 7.68096 6.46181 -0.0265726 -0.257785 0.0383318
1260.5 0.229828 7.81416 -6.09044 0.114855 7.96211 6.50967 -0.0374155 -0.248011 0.064599
1260.52 0.153219 7.92907 -6.24366 0.15673 8.0351 6.55753 -0.0540616 -0.23503 0.0868956
1260.53 0.153219 7.85246 -6.20536 0.204586 8.07338 6.58863 -0.0626137 -0.233503 0.0968221
1260.55 0.191523 7.96737 -6.05214 0.277567 8.07936 6.51206 -0.0810924 -0.216246 0.110108
1260.57 0.114914 8.00568 -5.82231 0.282353 8.0997 6.44028 -0.0875064 -0.212581 0.0989602
1260.58 0.0383047 8.08229 -5.82231 0.415155 8.19063 6.34337 -0.107054 -0.197462 0.066737
1260.6 0.0383047 8.1589 -6.05214 0.507278 8.25523 6.31585 -0.119882 -0.187688 0.056505
1260.61 -0.191523 8.23551 -5.86062 0.723829 8.29352 6.23569 -0.148746 -0.166613 0.0357356
1260.63 -0.306437 8.12059 -5.59248 0.800399 8.28993 6.17587 -0.160658 -0.150884 -0.00397062
1261.27 1.34066 5.17113 -7.12467 -1.01216 5.26421 7.64865 -0.230754 0.0471893 0.0943787
1261.29 1.37897 5.17113 -7.31619 -1.20239 5.38504 7.73001 -0.215483 0.0397062 0.0907135
1261.3 1.37897 5.28605 -7.27789 -1.17368 5.4652 7.86042 -0.203113 0.0230602 0.0878119
1261.32 1.41727 5.32435 -7.54602 -1.1988 5.50947 7.90947 -0.192423 0.00916297 0.113315
1261.34 1.26405 5.36266 -7.46941 -1.11386 5.50349 8.01954 -0.185245 -0.000152716 0.128587
1261.35 1.34066 5.17113 -7.58433 -1.12822 5.45803 8.0339 -0.17822 -0.00794125 0.137292
1261.37 1.45558 5.09452 -7.62263 -1.05165 5.42572 8.03151 -0.168751 -0.023671 0.138819
1261.39 1.30236 4.82639 -7.81416 -1.07318 5.1685 8.08535 -0.164475 -0.0291688 0.151495
1261.4 1.30236 4.86469 -7.73755 -1.11147 5.1326 8.17388 -0.157298 -0.0381791 0.198073
1261.42 1.49388 4.97961 -7.81416 -1.12582 5.16371 8.25045 -0.145844 -0.0526871 0.240986
1261.44 1.41727 4.86469 -7.62263 -1.15813 5.0991 8.3318 -0.139888 -0.0591012 0.248469
1261.45 1.41727 4.86469 -8.04398 -1.08754 5.04646 8.32463 -0.130572 -0.0693332 0.217621
1261.47 1.41727 4.86469 -7.77585 -1.08156 5.04287 8.29472 -0.119577 -0.083994 0.126602
1261.49 1.45558 4.82639 -8.1589 -1.12941 5.12184 8.28036 -0.116981 -0.0907135 0.0800233
1261.5 1.57049 4.903 -7.92907 -1.24666 5.21755 8.27198 -0.108123 -0.104763 0.0137445
1261.52 1.45558 5.05622 -7.92907 -1.30289 5.23908 8.2349 -0.101556 -0.121868 -0.0329867
1261.54 1.41727 5.17113 -7.73755 -1.15932 5.29412 8.22771 -0.102473 -0.126907 -0.0279471
1261.55 1.37897 5.24774 -8.12059 -1.01934 5.4317 8.34377 -0.0980438 -0.143401 0.0322231
1261.57 1.18745 5.20944 -7.96737 -0.975075 5.55853 8.38564 -0.101862 -0.152411 0.0930042
1261.59 1.22575 5.17113 -7.92907 -0.744168 5.49272 8.41316 -0.103847 -0.160658 0.115148
1261.6 0.919312 5.13283 -7.85246 -0.655633 5.23789 8.35454 -0.110108 -0.164934 0.171042
1261.62 0.881008 5.09452 -8.00568 -0.652044 5.3013 8.35932 -0.114385 -0.168446 0.231365
1261.64 0.689484 5.40096 -8.08229 -0.510867 5.55972 8.37846 -0.114843 -0.171959 0.260381
1261.65 0.689484 5.47757 -7.92907 -0.348156 5.67099 8.40479 -0.119271 -0.179442 0.287107
1261.67 0.497961 5.43926 -7.96737 -0.187837 5.69013 8.39641 -0.127365 -0.183565 0.246637
1261.69 0.0766094 5.40096 -7.85246 0.185444 5.69611 8.4658 -0.129503 -0.18723 0.215941
1261.7 0.153219 5.20944 -8.1589 0.290728 5.48315 8.53519 -0.135001 -0.185703 0.170889
1261.72 -0.0766094 5.05622 -8.04398 0.329013 5.42213 8.57109 -0.13943 -0.185398 0.144011
1261.74 -0.153219 4.9413 -8.12059 0.51685 5.24267 8.63928 -0.140804 -0.185703 0.141721
1261.75 -0.229828 4.9413 -8.12059 0.734596 5.17089 8.58903 -0.142484 -0.182496 0.136834
1261.77 -0.0383047 4.82639 -8.08229 0.701097 5.09192 8.53998 -0.145233 -0.179594 0.0986547
1261.79 -0.0766094 4.74978 -8.08229 0.551545 4.96152 8.47298 -0.143095 -0.180816 0.0655153
1261.8 -0.153219 4.67317 -8.1589 0.650847 4.85982 8.56391 -0.139888 -0.184176 0.0154243
1261.82 -0.229828 4.44334 -8.1972 0.671186 4.69472 8.70389 -0.143401 -0.180358 0.0192422
1261.84 -0.344742 4.32843 -8.42703 0.553938 4.60618 8.78524 -0.14447 -0.176998 0.0248928
1261.85 -0.153219 4.29012 -8.65686 0.416351 4.48893 8.91206 -0.138819 -0.176082 0.0230602
1261.87 0.0 4.13691 -8.61855 0.31346 4.41356 8.98146 -0.1321 -0.173944 0.0429133
1261.88 0.114914 3.98369 -8.42703 0.270389 4.35254 8.91685 -0.129962 -0.167988 0.056505
1261.9 0.0766094 4.0603 -8.35042 0.29671 4.18026 8.67876 -0.118202 -0.170584 0.0398589
1261.92 0.0766094 4.0986 -8.38873 0.276371 4.23529 8.75294 -0.103694 -0.16921 -0.0316123
1261.93 0.0766094 3.86877 -8.23551 0.306281 4.16949 8.71585 -0.103083 -0.167682 -0.0693332
1261.95 0.0383047 3.90708 -8.31211 0.400798 4.21256 8.80558 -0.089339 -0.169515 -0.0997237
1261.97 0.0766094 3.86877 -8.61855 0.535992 4.23051 8.97189 -0.0856738 -0.160505 -0.0348193
1261.98 -0.153219 4.02199 -8.88668 0.575474 4.27119 9.04606 -0.0818559 -0.158978 0.00702495
1262.0 -0.191523 4.0986 -8.84838 0.643669 4.4327 9.2327 -0.0729984 -0.149815 0.0957531
1262.02 -0.114914 4.21351 -8.69516 0.53001 4.34536 9.15733 -0.0662789 -0.139583 0.133321
1262.03 0.0 4.25182 -8.77177 0.522831 4.33699 9.14058 -0.0572686 -0.14447 0.11973
1262.05 -0.114914 4.40504 -8.73347 0.611366 4.45065 9.07837 -0.0497855 -0.136223 0.0552833
1262.07 -0.229828 4.0986 -8.77177 0.671186 4.45065 9.02213 -0.0444404 -0.130878 -0.011301
1262.08 -0.268133 4.32843 -8.38873 0.631705 4.47458 8.96231 -0.0406225 -0.129351 -0.0394008
1262.1 -0.191523 4.21351 -8.31211 0.731007 4.52842 8.84626 -0.0410807 -0.119119 -0.0676533
1262.12 -0.383047 4.36673 -8.35042 0.759721 4.57268 8.78405 -0.0366519 -0.114843 -0.0664316
1262.13 -0.421352 4.51995 -8.23551 0.862612 4.64925 8.74577 -0.0383318 -0.108734 -0.0675006
1262.15 -0.344742 4.51995 -8.38873 0.887737 4.68754 8.74217 -0.0395535 -0.100335 -0.0725402
1262.17 -0.153219 4.51995 -8.38873 0.825523 4.69472 8.7661 -0.0435241 -0.0934624 -0.096364
1262.18 -0.306437 4.36673 -8.54194 0.736989 4.63968 8.83669 -0.0465785 -0.0852157 -0.106749
1262.2 -0.268133 4.51995 -8.65686 0.758524 4.6672 8.88335 -0.0478002 -0.0826195 -0.130572
1262.21 -0.191523 4.40504 -8.50364 0.74656 4.6325 8.89532 -0.0511599 -0.0760527 -0.150578
1262.23 -0.114914 4.25182 -8.61855 0.582652 4.599 8.91565 -0.0505491 -0.0749837 -0.156229
1262.25 -0.0766094 4.17521 -8.69516 0.460618 4.49492 9.05922 -0.0513127 -0.0687223 -0.144164
1262.26 -0.0766094 4.13691 -8.77177 0.344566 4.35972 9.10708 -0.0536034 -0.0623082 -0.0832304
1262.28 -0.0383047 3.79216 -8.65686 0.285942 4.20658 9.05803 -0.0500909 -0.065668 -0.0493274
1262.3 0.114914 3.48573 -8.38873 0.0562313 3.97328 9.0341 -0.0459676 -0.0604756 0.00106901
1262.31 0.229828 3.52403 -8.58025 0.0370887 3.868 9.01854 -0.0380264 -0.0627664 0.0529926
