1903.45 0.421352 0.114914 -9.30804 -0.337388 0.323031 10.0463 0.0494801 -0.115759 -0.010232
1903.47 0.229828 0.0383047 -9.34634 -0.0478564 0.281157 10.075 0.0481056 -0.115606 -0.00931569
1903.48 0.306437 -0.114914 -9.53786 0.040678 0.143569 10.057 0.0474948 -0.117133 -0.0222966
1903.5 0.229828 -0.229828 -9.26973 0.00837488 0.112463 10.0367 0.0502437 -0.115148 -0.00290161
1903.52 0.421352 -0.191523 -9.23143 -0.157926 0.0275174 10.0415 0.0465785 -0.105832 -0.000305433
1903.53 0.536266 -0.114914 -9.30804 -0.308674 0.0765703 10.0128 0.0493274 -0.10797 -0.0276416
1903.55 0.612875 -0.0766094 -9.26973 -0.374477 0.0382852 10.0726 0.0482583 -0.109039 -0.0670424
1903.57 0.497961 -0.383047 -9.49956 -0.278764 -0.100499 10.0475 0.0523817 -0.115454 -0.0665843
1903.58 0.689484 -0.191523 -9.42295 -0.301496 -0.0789631 10.0152 0.0529926 -0.111177 -0.032834
1903.6 0.536266 -0.114914 -9.26973 -0.30987 0.0370887 10.051 0.0549779 -0.111788 -0.0394008
1903.62 0.497961 -0.0766094 -9.46126 -0.358923 0.180658 10.0307 0.0566577 -0.113774 -0.0476475
1903.63 0.57457 0.0383047 -9.53786 -0.300299 0.205783 10.075 0.0540616 -0.113621 -0.0325286
1903.65 0.65118 -0.191523 -9.38465 -0.295514 0.17348 10.0092 0.0505491 -0.110872 -0.00946841
1903.67 0.497961 -0.191523 -9.42295 -0.416351 0.0574277 10.0857 0.0500909 -0.109956 -0.0310014
1903.68 0.497961 -0.306437 -9.26973 -0.125623 -0.0562313 9.97448 0.0482583 -0.11133 -0.0658207
1903.7 0.268133 -0.383047 -9.15482 -0.195015 0.0370887 10.0594 0.0534507 -0.111483 0.011301
1903.72 0.383047 -0.191523 -9.38465 -0.197408 0.00239282 10.0522 0.0558941 -0.109803 0.0195477
1903.73 0.727789 -0.191523 -9.61448 -0.376869 -0.0717846 10.1551 0.0563523 -0.112246 -0.0216857
1903.75 0.65118 -0.344742 -9.19312 -0.411565 -0.0741775 9.96251 0.0557414 -0.114537 -0.0607811
1903.77 0.421352 -0.306437 -9.42295 -0.246461 -0.160319 10.1982 0.0626137 -0.115912 -0.0511599
1903.78 0.536266 -0.57457 -9.76769 -0.41994 -0.0370887 10.0989 0.0595593 -0.109192 -0.0129809
1903.8 0.65118 -0.306437 -9.11651 -0.427119 0.0167498 9.87757 0.0607811 -0.111788 -0.0536034
1903.82 0.536266 -0.114914 -9.30804 -0.317049 0.0777667 10.2042 0.0650571 -0.116828 -0.0696386
1903.83 0.383047 -0.191523 -9.38465 -0.0334995 0.00358923 10.0917 0.0638354 -0.116981 -0.0595593
1903.85 0.536266 0.0 -9.38465 -0.224925 0.222532 9.95414 0.0632245 -0.110567 -0.0345139
1903.87 0.536266 0.229828 -9.42295 -0.135194 0.379262 10.1456 0.0610865 -0.109345 -0.0274889
1903.88 0.306437 0.191523 -9.57617 -0.0909272 0.594616 9.98524 0.0655153 -0.116675 -0.054367
1903.9 0.153219 0.306437 -9.49956 -0.0993021 0.677169 9.97567 0.056505 -0.106138 -0.0355829
1903.92 0.536266 0.153219 -9.42295 -0.150748 0.541974 10.0702 0.0552833 -0.110261 -0.0302378
1903.93 0.57457 0.0 -9.26973 -0.253639 0.318245 10.0008 0.0500909 -0.106138 -0.0274889
1903.95 0.727789 -0.0766094 -9.30804 -0.262014 0.147159 10.0391 0.0511599 -0.10568 -0.0273362
1903.97 0.57457 0.0766094 -9.30804 -0.251246 0.0813559 9.98524 0.0467312 -0.105069 -0.0274889
1903.98 0.65118 -0.153219 -9.30804 -0.334995 0.190229 10.0582 0.0528398 -0.108734 -0.0146608
1904.0 0.612875 -0.0383047 -9.57617 -0.319442 0.0741775 10.1037 0.0488692 -0.108734 -0.0242819
1904.02 0.306437 -0.114914 -9.19312 -0.318245 0.162712 10.0582 0.0529926 -0.10965 -0.0346666
1904.03 0.536266 0.0383047 -9.57617 -0.230907 0.247657 10.2281 0.0505491 -0.108581 -0.0519235
1904.05 0.497961 -0.0766094 -9.23143 -0.228514 0.0693918 9.92184 0.0516181 -0.114385 -0.0444404
1904.07 0.421352 0.0766094 -9.30804 -0.154337 0.376869 10.2556 0.0548251 -0.110872 -0.0177151
1904.08 0.344742 0.114914 -9.72939 -0.177069 0.40678 10.1312 0.0502437 -0.106596 -0.0285579
1904.1 0.804398 -0.0766094 -9.26973 -0.410369 0.303888 9.71964 0.0448986 -0.106291 -0.0497855
1904.12 0.689484 0.0 -9.57617 -0.308674 0.272782 10.2365 0.0445931 -0.108123 -0.0442877
1904.13 0.459656 -0.153219 -9.49956 -0.344566 0.105284 9.9003 0.0468839 -0.114843 -0.0262672
1904.15 0.881008 -0.191523 -9.34634 -0.563509 -0.0765703 9.97926 0.043066 -0.102473 0.01237
1904.17 0.957617 -0.306437 -9.49956 -0.561117 -0.0789631 9.9314 0.0479529 -0.111788 -0.023671
1904.18 0.612875 -0.306437 -9.57617 -0.486939 -0.22014 9.95773 0.0500909 -0.116523 -0.0361938
1904.2 0.536266 -0.459656 -9.46126 -0.174676 -0.301496 10.1791 0.0490219 -0.114995 -0.036041
1904.21 0.497961 -0.536266 -9.42295 -0.212961 -0.368495 9.92782 0.0560469 -0.112552 -0.00717767
1904.23 0.57457 -0.268133 -9.34634 -0.244068 -0.232104 10.0738 0.0580322 -0.113468 -0.01237
1904.25 0.229828 -0.344742 -9.42295 0.0430708 -0.0215354 10.0833 0.0620028 -0.117286 -0.0578795
1904.26 0.306437 -0.306437 -9.30804 0.130409 -0.0299103 10.0726 0.0603229 -0.112705 -0.0572686
1904.28 0.191523 -0.191523 -9.42295 0.0741775 0.0215354 10.0989 0.0610865 -0.10965 -0.0514654
1904.3 0.229828 0.114914 -9.46126 -0.0107677 0.228514 10.0271 0.0629191 -0.104916 -0.0377209
1904.31 0.229828 0.114914 -9.34634 -0.0658026 0.29671 10.0774 0.0613919 -0.103236 -0.0514654
1904.33 0.306437 -0.0383047 -9.42295 -0.190229 0.290728 10.014 0.057574 -0.101251 -0.0603229
1904.35 0.57457 -0.114914 -9.38465 -0.399601 0.0897308 10.0092 0.0572686 -0.103542 -0.0474948
1904.36 0.57457 -0.191523 -9.49956 -0.398405 0.0765703 10.0283 0.055436 -0.100487 -0.0407752
1904.38 0.65118 -0.114914 -9.53786 -0.441475 0.117248 10.0211 0.0610865 -0.10568 -0.0316123
1904.39 0.919312 -0.114914 -9.53786 -0.463011 0.108873 10.0534 0.0578795 -0.102778 -0.0340557
1904.41 0.612875 -0.306437 -9.30804 -0.404387 -0.040678 10.014 0.0586431 -0.108276 -0.0484111
1904.42 0.536266 -0.229828 -9.49956 -0.324227 -0.0693918 10.0379 0.0621555 -0.109345 -0.0458149
1904.44 0.421352 -0.229828 -9.46126 -0.167498 0.0646062 10.0403 0.0620028 -0.105832 -0.0381791
1904.46 0.459656 -0.114914 -9.34634 -0.223729 0.198604 10.0259 0.0641408 -0.109192 -0.0389426
1904.47 0.57457 0.0 -9.38465 -0.239282 0.273978 10.0152 0.0606284 -0.104458 -0.0377209
1904.49 0.421352 0.0 -9.42295 -0.221336 0.31346 10.0283 0.0583376 -0.104458 -0.0595593
1905.08 0.344742 -0.153219 -9.53786 -0.148355 0.206979 10.0295 0.0616974 -0.112094 -0.0398589
1905.1 0.306437 -0.114914 -9.34634 -0.180658 0.227318 10.0307 0.0586431 -0.107665 -0.0478002
1905.12 0.536266 0.0766094 -9.30804 -0.222532 0.275174 10.0331 0.0616974 -0.111636 -0.0444404
1905.13 0.612875 0.153219 -9.38465 -0.342173 0.332602 10.0211 0.0620028 -0.111483 -0.041997
1905.15 0.804398 0.0383047 -9.69109 -0.465404 0.376869 10.0223 0.0583376 -0.109192 -0.0435241
1905.17 0.689484 0.0766094 -9.46126 -0.490529 0.385244 10.0092 0.0539089 -0.110261 -0.0415388
1905.18 0.65118 0.114914 -9.38465 -0.545563 0.381655 10.0211 0.0545197 -0.11301 -0.0386372
1905.2 0.727789 0.114914 -9.38465 -0.5001 0.388834 10.0271 0.0528398 -0.11469 -0.0241292
1905.22 0.727789 -0.0766094 -9.46126 -0.43669 0.374477 10.0104 0.0513127 -0.116064 -0.019395
1905.23 0.497961 0.0 -9.34634 -0.311067 0.324227 10.0283 0.053298 -0.120646 -0.02474
1905.25 0.65118 0.0 -9.42295 -0.161515 0.285942 10.0199 0.0474948 -0.116064 -0.0187841
1905.26 0.306437 -0.114914 -9.46126 -0.0801595 0.247657 10.0403 0.0485638 -0.120646 -0.0195477
1905.28 0.306437 -0.0383047 -9.42295 0.0107677 0.195015 10.0343 0.0487165 -0.117592 -0.0167988
1905.3 0.153219 -0.0766094 -9.38465 -0.026321 0.154337 10.0642 0.047342 -0.11133 -0.0230602
1905.31 0.383047 -0.153219 -9.38465 -0.0562313 0.131605 10.0487 0.0439823 -0.106443 -0.0273362
1905.33 0.383047 -0.114914 -9.34634 -0.150748 0.0741775 10.0355 0.0439823 -0.107665 -0.0255036
1905.35 0.497961 -0.191523 -9.57617 -0.262014 0.00717846 10.0367 0.0435241 -0.104611 -0.0279471
1905.36 0.57457 -0.114914 -9.38465 -0.350548 0.0394815 10.0582 0.0464257 -0.107207 -0.0261145
1905.38 0.842703 -0.268133 -9.26973 -0.431904 0.0442672 10.0487 0.0500909 -0.110872 -0.0311541
1905.4 0.766094 -0.191523 -9.49956 -0.446261 0.0 9.98046 0.0468839 -0.110719 -0.0280998
1905.42 0.689484 -0.229828 -9.38465 -0.403191 -0.00119641 10.063 0.0493274 -0.111788 -0.0230602
1905.44 0.57457 -0.306437 -9.26973 -0.264407 -0.0323031 10.0439 0.0508545 -0.113468 -0.0244346
1905.46 0.421352 -0.344742 -9.42295 -0.209372 -0.0538385 10.0092 0.0511599 -0.112246 -0.0245873
1905.47 0.383047 -0.268133 -9.38465 -0.112463 -0.0753739 10.0415 0.0545197 -0.11301 -0.0299324
1905.49 0.229828 -0.229828 -9.26973 -0.0586241 -0.12323 10.0391 0.0568105 -0.111636 -0.0314596
1905.5 0.459656 -0.268133 -9.30804 -0.100499 -0.149551 10.0379 0.0560469 -0.105832 -0.0355829
1905.52 0.459656 -0.268133 -9.26973 -0.143569 -0.148355 10.0427 0.0548251 -0.103389 -0.03711
1905.54 0.459656 -0.268133 -9.30804 -0.270389 -0.124427 10.0379 0.0572686 -0.102625 -0.0433714
1905.55 0.612875 -0.191523 -9.26973 -0.368495 -0.0813559 10.0331 0.0601702 -0.106596 -0.0490219
1905.57 0.57457 -0.114914 -9.46126 -0.415155 -0.0454636 10.0175 0.0616974 -0.105985 -0.0491747
1905.59 0.766094 -0.114914 -9.42295 -0.480957 0.0705882 10.0211 0.0633773 -0.109039 -0.0510072
1905.6 0.804398 -0.153219 -9.53786 -0.460618 0.144766 10.0331 0.0623082 -0.108429 -0.0448986
1905.62 0.689484 0.0 -9.46126 -0.409173 0.184247 10.0355 0.0662789 -0.114537 -0.0459676
1905.64 0.57457 0.0383047 -9.34634 -0.318245 0.246461 10.0295 0.0603229 -0.110261 -0.0415388
1905.65 0.459656 0.0383047 -9.72939 -0.212961 0.289531 10.0367 0.0616974 -0.112399 -0.0384845
1905.67 0.421352 -0.0383047 -9.61448 -0.157926 0.299103 10.0295 0.0621555 -0.11301 -0.0383318
1905.69 0.383047 0.0 -9.46126 -0.113659 0.275174 10.0295 0.0623082 -0.11469 -0.0392481
1905.7 0.344742 0.0383047 -9.26973 -0.0921237 0.269192 10.0319 0.0592539 -0.111483 -0.0412334
1905.72 0.383047 -0.0383047 -9.34634 -0.116052 0.2333 10.0415 0.0583376 -0.109039 -0.0413861
1905.73 0.612875 -0.0383047 -9.61448 -0.221336 0.239282 10.0295 0.0598648 -0.109498 -0.0401644
1905.75 0.612875 0.0 -9.46126 -0.277567 0.242871 10.0044 0.0587958 -0.108123 -0.0421497
1905.77 0.612875 0.0766094 -9.42295 -0.380459 0.254835 10.0295 0.0589485 -0.111483 -0.0455095
1905.78 0.727789 0.0383047 -9.30804 -0.457029 0.315852 10.0259 0.0552833 -0.106901 -0.0397062
1905.8 0.689484 0.0 -9.38465 -0.44985 0.344566 10.0319 0.0561996 -0.10965 -0.0384845
1905.82 0.689484 0.191523 -9.76769 -0.44985 0.388834 10.0259 0.0557414 -0.113774 -0.0314596
1905.84 0.612875 0.153219 -9.42295 -0.385244 0.416351 10.014 0.0514654 -0.112705 -0.0305433
1905.85 0.727789 0.114914 -9.34634 -0.32662 0.421137 10.0355 0.0497855 -0.112094 -0.0262672
1905.87 0.383047 0.0383047 -9.46126 -0.252443 0.36012 10.0271 0.0503964 -0.118355 -0.023671
1905.88 0.497961 0.0 -9.49956 -0.187837 0.256032 10.0355 0.0444404 -0.111941 -0.0167988
1905.9 0.459656 -0.153219 -9.23143 -0.178265 0.205783 10.0331 0.0426078 -0.110108 -0.0167988
1905.92 0.383047 -0.191523 -9.30804 -0.202193 0.101695 10.0343 0.0413861 -0.106596 -0.0189368
1905.93 0.459656 -0.153219 -9.23143 -0.265603 -0.0179462 10.0307 0.045204 -0.110719 -0.0221439
1905.95 0.421352 -0.268133 -9.42295 -0.303888 -0.0622134 10.0259 0.0435241 -0.108276 -0.0218384
1905.97 0.612875 -0.306437 -9.46126 -0.368495 -0.107677 10.0522 0.0470366 -0.108887 -0.0245873
1905.98 0.57457 -0.153219 -9.34634 -0.42353 -0.0634098 10.0367 0.0510072 -0.112094 -0.0293215
1906.0 0.727789 -0.191523 -9.42295 -0.445065 -0.0526421 10.0247 0.0490219 -0.114232 -0.0316123
1906.02 0.497961 -0.229828 -9.19312 -0.394816 -0.00239282 10.0439 0.0539089 -0.115301 -0.0314596
1906.03 0.459656 -0.0766094 -9.34634 -0.319442 0.0370887 10.0331 0.0510072 -0.112857 -0.0291688
1906.05 0.57457 -0.191523 -9.34634 -0.277567 0.0538385 10.0355 0.0531453 -0.115912 -0.0288634
1906.07 0.421352 -0.191523 -9.26973 -0.18664 0.0717846 10.0379 0.0528398 -0.116064 -0.0279471
1906.08 0.268133 -0.229828 -9.34634 -0.117248 0.026321 10.0439 0.0548251 -0.116828 -0.0291688
1906.1 0.459656 -0.306437 -9.34634 -0.107677 0.0 10.0451 0.0552833 -0.114537 -0.0299324
1906.12 0.383047 -0.191523 -9.30804 -0.0837488 -0.0681954 10.0451 0.0539089 -0.111025 -0.0325286
1906.13 0.421352 -0.268133 -9.30804 -0.124427 -0.116052 10.0415 0.0587958 -0.112552 -0.0343612
1906.15 0.459656 -0.459656 -9.15482 -0.179462 -0.135194 10.0582 0.0580322 -0.108429 -0.0412334
1906.16 0.536266 -0.344742 -9.42295 -0.218943 -0.141176 10.0355 0.0609338 -0.110567 -0.0459676
1906.18 0.497961 -0.268133 -9.57617 -0.273978 -0.0693918 10.0415 0.0616974 -0.106291 -0.045204
1906.2 0.536266 -0.153219 -9.38465 -0.287139 -0.0251246 10.0319 0.06353 -0.108887 -0.0485638
1906.21 0.459656 -0.0766094 -9.07821 -0.281157 0.100499 10.0295 0.0641408 -0.110414 -0.0485638
1906.23 0.497961 -0.153219 -9.26973 -0.265603 0.217747 10.0259 0.0650571 -0.111483 -0.0511599
1906.25 0.383047 0.0 -9.46126 -0.246461 0.265603 10.0104 0.0649044 -0.109956 -0.0493274
1906.26 0.383047 0.0 -9.38465 -0.208175 0.350548 10.0331 0.06353 -0.109192 -0.0439823
1906.28 0.497961 0.0766094 -9.65278 -0.180658 0.36012 10.0403 0.0600175 -0.110872 -0.0403171
1906.3 0.421352 -0.0766094 -9.34634 -0.211765 0.348156 10.0235 0.0584903 -0.107665 -0.0377209
1906.31 0.306437 -0.0383047 -9.57617 -0.217747 0.289531 10.0331 0.0598648 -0.109956 -0.0395535
1906.33 0.459656 0.0383047 -9.23143 -0.287139 0.230907 10.0295 0.0591012 -0.108123 -0.0374155
1906.35 0.612875 -0.0766094 -9.26973 -0.32662 0.191426 10.0116 0.0528398 -0.10232 -0.0331394
1906.36 0.57457 -0.0766094 -9.30804 -0.39003 0.149551 10.0331 0.0548251 -0.105222 -0.0361938
1906.38 0.689484 -0.114914 -9.61448 -0.434297 0.162712 10.0259 0.0566577 -0.107207 -0.0395535
1906.4 0.766094 -0.0766094 -9.34634 -0.459422 0.167498 10.0223 0.0552833 -0.10568 -0.0375682
1906.41 0.727789 0.0 -9.30804 -0.448654 0.214158 10.0259 0.0552833 -0.11133 -0.0386372
1906.43 0.57457 0.0 -9.49956 -0.421137 0.321834 10.0187 0.0540616 -0.10965 -0.0343612
1906.44 0.497961 0.191523 -9.57617 -0.404387 0.345763 10.0128 0.0537561 -0.111483 -0.0332921
1906.46 0.497961 0.153219 -9.34634 -0.362513 0.384048 10.0128 0.0494801 -0.108887 -0.0291688
1906.48 0.612875 0.0766094 -9.30804 -0.320638 0.386441 10.0211 0.0490219 -0.110719 -0.0242819
1906.49 0.57457 0.0 -9.61448 -0.312263 0.339781 10.0116 0.0491747 -0.113621 -0.0239765
1906.51 0.65118 0.0 -9.46126 -0.305085 0.262014 10.0319 0.0488692 -0.117439 -0.0219911
1906.53 0.65118 0.0 -9.61448 -0.315852 0.149551 10.0307 0.0450513 -0.114537 -0.0224493
1906.54 0.497961 -0.191523 -9.38465 -0.312263 0.0765703 10.0415 0.0467312 -0.112705 -0.0183259
1906.56 0.612875 -0.229828 -9.42295 -0.31346 -0.0334995 10.0331 0.0456622 -0.112857 -0.0200058
1906.58 0.689484 -0.229828 -9.38465 -0.311067 -0.0777667 10.0391 0.047342 -0.115148 -0.0224493
1906.59 0.497961 -0.229828 -9.26973 -0.31346 -0.0777667 10.0211 0.0485638 -0.115148 -0.0271835
1906.61 0.497961 -0.306437 -9.42295 -0.254835 -0.0598205 10.0451 0.0511599 -0.115759 -0.0288634
1906.63 0.459656 -0.229828 -9.26973 -0.205783 0.00957129 10.0451 0.0540616 -0.116675 -0.0308487
1906.64 0.421352 -0.153219 -9.34634 -0.187837 0.0502493 10.0319 0.0537561 -0.115301 -0.0320704
1906.66 0.191523 -0.114914 -9.42295 -0.130409 0.113659 10.0367 0.0545197 -0.114843 -0.0332921
1906.68 0.421352 -0.114914 -9.38465 -0.117248 0.143569 10.0223 0.0511599 -0.110719 -0.0302378
1906.69 0.383047 -0.0383047 -9.30804 -0.113659 0.136391 10.0307 0.0525344 -0.109192 -0.0316123
1906.71 0.612875 -0.191523 -9.11651 -0.113659 0.0861416 10.0379 0.0513127 -0.10736 -0.0294742
1906.73 0.383047 -0.191523 -9.42295 -0.163908 0.0227318 10.0463 0.0542143 -0.109039 -0.0332921
1906.74 0.57457 -0.383047 -9.38465 -0.191426 -0.0430708 10.0271 0.0525344 -0.105069 -0.0320704
1906.76 0.421352 -0.268133 -9.38465 -0.212961 -0.107677 10.0451 0.0555887 -0.109803 -0.0351248
1906.78 0.421352 -0.306437 -9.23143 -0.2333 -0.135194 10.0403 0.0551306 -0.105069 -0.0363465
1906.79 0.536266 -0.344742 -9.38465 -0.258425 -0.128016 10.0247 0.0604756 -0.108123 -0.0415388
1906.81 0.497961 -0.268133 -9.38465 -0.246461 -0.0729811 10.0283 0.0592539 -0.105985 -0.0436769
1906.83 0.57457 -0.229828 -9.61448 -0.227318 0.0251246 10.0355 0.0615447 -0.107665 -0.0470366
1906.84 0.459656 -0.0383047 -9.42295 -0.2333 0.107677 10.0487 0.062461 -0.106749 -0.0471893
1906.86 0.383047 -0.0766094 -9.30804 -0.245264 0.200997 10.0331 0.064599 -0.108887 -0.0493274
1906.88 0.459656 0.0383047 -9.38465 -0.267996 0.284746 10.0199 0.0620028 -0.107818 -0.0465785
1906.89 0.459656 0.0383047 -9.46126 -0.270389 0.30987 10.0379 0.0604756 -0.108429 -0.0456622
1906.91 0.689484 -0.0383047 -9.23143 -0.330209 0.305085 10.0152 0.0563523 -0.102014 -0.0409279
1906.92 0.65118 0.0766094 -9.42295 -0.376869 0.275174 10.0319 0.0555887 -0.105222 -0.0389426
1906.94 0.57457 0.0383047 -9.38465 -0.413958 0.244068 10.0283 0.055436 -0.107665 -0.033903
1906.96 0.727789 -0.0766094 -9.46126 -0.425922 0.189033 10.0367 0.0578795 -0.11301 -0.0364992
1906.97 0.727789 -0.0383047 -9.49956 -0.439083 0.141176 10.0355 0.055436 -0.10965 -0.0345139
1906.99 0.727789 -0.153219 -9.19312 -0.430708 0.130409 10.0104 0.0561996 -0.109803 -0.0335976
1907.01 0.536266 -0.0766094 -9.38465 -0.396012 0.159123 10.0283 0.0569632 -0.111788 -0.0355829
1907.02 0.65118 0.0 -9.23143 -0.350548 0.199801 10.0307 0.0542143 -0.111483 -0.033903
1907.04 0.536266 -0.0383047 -9.46126 -0.340977 0.239282 10.0187 0.056505 -0.114995 -0.0374155
1907.06 0.536266 0.0 -9.46126 -0.270389 0.306281 10.0379 0.0551306 -0.113468 -0.0357356
1907.07 0.689484 0.0766094 -9.61448 -0.259621 0.368495 10.0319 0.0502437 -0.10965 -0.0302378
1907.09 0.536266 0.114914 -9.46126 -0.259621 0.375673 10.0319 0.052229 -0.113163 -0.0302378
1907.11 0.536266 0.0766094 -9.46126 -0.289531 0.37328 10.0247 0.0491747 -0.110567 -0.0262672
1907.12 0.536266 0.0766094 -9.38465 -0.295514 0.311067 10.0331 0.0505491 -0.114995 -0.0251982
1907.14 0.57457 -0.114914 -9.38465 -0.321834 0.264407 10.0295 0.0458149 -0.111483 -0.0207694
1907.16 0.536266 -0.0766094 -9.49956 -0.327816 0.15673 10.0271 0.047342 -0.115301 -0.0219911
1907.17 0.689484 -0.153219 -9.38465 -0.294317 0.0622134 10.0367 0.0453567 -0.111483 -0.0184787
1907.19 0.497961 -0.268133 -9.53786 -0.257228 -0.0107677 10.0427 0.0479529 -0.117439 -0.0213803
1907.21 0.57457 -0.344742 -9.23143 -0.224925 -0.0311067 10.0403 0.0481056 -0.115759 -0.0218384
1907.22 0.459656 -0.229828 -9.38465 -0.172283 -0.0418744 10.0223 0.0481056 -0.113163 -0.023671
1907.24 0.383047 -0.191523 -9.38465 -0.113659 -0.00478564 10.0403 0.0500909 -0.114079 -0.0290161
1907.26 0.421352 -0.191523 -9.38465 -0.113659 0.0191426 10.0367 0.0513127 -0.112094 -0.0299324
1907.27 0.383047 -0.114914 -9.30804 -0.113659 0.0765703 10.0487 0.0514654 -0.11133 -0.0331394
1907.29 0.344742 -0.114914 -9.42295 -0.143569 0.0897308 10.0427 0.054367 -0.112094 -0.0346666
1907.31 0.344742 -0.153219 -9.42295 -0.183051 0.0969093 10.0427 0.054367 -0.111788 -0.0358883
1907.32 0.383047 -0.114914 -9.38465 -0.257228 0.0717846 10.0319 0.0540616 -0.112857 -0.0363465
1907.34 0.612875 -0.0766094 -9.42295 -0.264407 0.04666 10.0463 0.0516181 -0.106138 -0.0311541
1907.35 0.612875 -0.344742 -9.38465 -0.311067 -0.00598205 10.0331 0.0525344 -0.104611 -0.0325286
1907.37 0.536266 -0.268133 -9.38465 -0.346959 -0.0586241 10.0175 0.0540616 -0.105832 -0.0319177
1907.39 0.612875 -0.344742 -9.38465 -0.337388 -0.0789631 10.0487 0.0568105 -0.110567 -0.0342084
1907.4 0.65118 -0.268133 -9.34634 -0.31346 -0.101695 10.0367 0.0552833 -0.107512 -0.0343612
1907.42 0.57457 -0.344742 -9.57617 -0.248853 -0.0753739 10.0379 0.0581849 -0.109498 -0.0406225
1907.44 0.421352 -0.306437 -9.46126 -0.246461 -0.0490528 10.0415 0.0626137 -0.111636 -0.0421497
1907.45 0.536266 -0.229828 -9.42295 -0.211765 0.0323031 10.0331 0.0603229 -0.107512 -0.0436769
1907.47 0.459656 -0.114914 -9.15482 -0.21655 0.12323 10.0283 0.0616974 -0.107207 -0.0459676
1907.49 0.459656 0.0 -9.38465 -0.202193 0.166301 10.0367 0.0618501 -0.10797 -0.0485638
1907.5 0.57457 0.0 -9.30804 -0.26321 0.241675 10.0379 0.0649044 -0.110414 -0.0485638
1907.52 0.612875 -0.0766094 -9.46126 -0.338584 0.282353 10.0247 0.0584903 -0.10736 -0.0448986
1907.54 0.689484 0.0383047 -9.38465 -0.367298 0.269192 9.99841 0.0594066 -0.10965 -0.0432187
1907.55 0.689484 -0.0766094 -9.30804 -0.399601 0.277567 10.0223 0.0549779 -0.10568 -0.0377209
1907.57 0.65118 0.0 -9.49956 -0.416351 0.246461 10.0355 0.0578795 -0.109956 -0.0377209
1907.59 0.612875 -0.114914 -9.23143 -0.407976 0.227318 10.0044 0.0555887 -0.110719 -0.0329867
1907.6 0.612875 -0.0766094 -9.46126 -0.346959 0.209372 10.0331 0.0574213 -0.112857 -0.0332921
1907.62 0.536266 0.0 -9.42295 -0.295514 0.196211 10.0235 0.0551306 -0.112246 -0.0322231
1907.64 0.536266 0.0383047 -9.46126 -0.264407 0.212961 10.0152 0.0558941 -0.114079 -0.0335976
1907.65 0.421352 0.0 -9.34634 -0.195015 0.244068 10.0283 0.0525344 -0.110261 -0.031765
1907.67 0.497961 0.0766094 -9.69109 -0.198604 0.290728 10.0259 0.053298 -0.112399 -0.0355829
1907.68 0.497961 0.114914 -9.42295 -0.179462 0.291924 10.0367 0.056505 -0.114079 -0.03711
1907.7 0.536266 0.0383047 -9.30804 -0.236889 0.331406 10.0247 0.0488692 -0.10736 -0.0326813
1907.72 0.497961 -0.0383047 -9.34634 -0.306281 0.323031 10.0235 0.0525344 -0.110414 -0.0320704
1907.73 0.57457 -0.0766094 -9.26973 -0.342173 0.308674 10.0319 0.0493274 -0.109803 -0.0273362
1907.75 0.612875 0.0 -9.34634 -0.381655 0.257228 10.0247 0.0488692 -0.109803 -0.0261145
1907.77 0.766094 -0.0766094 -9.34634 -0.393619 0.199801 10.0343 0.0433714 -0.109039 -0.0216857
1907.78 0.727789 -0.0766094 -9.30804 -0.376869 0.145962 10.0223 0.0474948 -0.112552 -0.0222966
1907.8 0.612875 -0.191523 -9.42295 -0.334995 0.0777667 10.0307 0.0503964 -0.116217 -0.0219911
1907.82 0.612875 -0.191523 -9.34634 -0.2668 0.0155533 10.0367 0.0448986 -0.109803 -0.0189368
1907.84 0.536266 -0.268133 -9.46126 -0.234497 -0.0119641 10.0355 0.0481056 -0.114995 -0.0233656
1907.85 0.306437 -0.268133 -9.42295 -0.16989 -0.0155533 10.0379 0.0499382 -0.113315 -0.0245873
1907.87 0.306437 -0.0766094 -9.23143 -0.151944 -0.0215354 10.0367 0.0517708 -0.115759 -0.029627
1907.88 0.459656 -0.229828 -9.34634 -0.145962 -0.0346959 10.0355 0.0494801 -0.110567 -0.0288634
1907.9 0.383047 -0.191523 -9.30804 -0.177069 -0.0119641 10.0247 0.052229 -0.112399 -0.033903
1907.92 0.459656 -0.153219 -9.38465 -0.239282 0.0143569 10.0343 0.0516181 -0.105985 -0.0323759
1907.93 0.459656 -0.114914 -9.49956 -0.260818 0.0131605 10.0403 0.0536034 -0.110261 -0.0363465
1907.95 0.57457 -0.268133 -9.30804 -0.321834 0.0299103 10.0343 0.0572686 -0.114232 -0.0374155
1907.97 0.536266 -0.153219 -9.34634 -0.357727 0.00598205 10.0427 0.0537561 -0.105985 -0.0322231
1907.98 0.727789 -0.306437 -9.30804 -0.337388 0.00239282 10.0391 0.0566577 -0.110108 -0.0345139
1908.0 0.57457 -0.114914 -9.42295 -0.321834 -0.0143569 10.0283 0.0542143 -0.10965 -0.0308487
1908.02 0.536266 -0.191523 -9.30804 -0.240479 -0.0287139 10.0331 0.0561996 -0.110872 -0.0352775
1908.03 0.497961 -0.268133 -9.11651 -0.226122 -0.0215354 10.0247 0.0592539 -0.113774 -0.0381791
1908.05 0.383047 -0.191523 -9.30804 -0.15673 0.00358923 10.0415 0.0600175 -0.111177 -0.0369573
1908.07 0.383047 -0.229828 -9.34634 -0.120837 0.0394815 10.0355 0.0620028 -0.112552 -0.0412334
1908.08 0.497961 -0.191523 -9.26973 -0.128016 0.0897308 10.0391 0.0613919 -0.110108 -0.0459676
1908.1 0.383047 -0.191523 -9.34634 -0.159123 0.120837 10.0319 0.0589485 -0.103694 -0.0456622
1908.11 0.459656 -0.114914 -9.42295 -0.234497 0.189033 10.0295 0.0591012 -0.102473 -0.0458149
1908.13 0.57457 0.0 -9.53786 -0.275174 0.211765 10.0152 0.0612392 -0.106443 -0.0467312
1908.15 0.727789 0.0766094 -9.49956 -0.350548 0.254835 10.0259 0.0612392 -0.106749 -0.0476475
1908.16 0.766094 -0.0383047 -9.49956 -0.386441 0.287139 10.0331 0.0597121 -0.109039 -0.0444404
1908.18 0.689484 0.0766094 -9.57617 -0.429512 0.29671 10.014 0.0591012 -0.111636 -0.0395535
1908.2 0.612875 0.0 -9.34634 -0.405583 0.294317 10.0343 0.0551306 -0.107207 -0.0351248
1908.21 0.536266 -0.0766094 -9.53786 -0.342173 0.285942 10.0379 0.0558941 -0.110261 -0.0340557
1908.23 0.497961 0.0383047 -9.30804 -0.323031 0.278764 10.014 0.0548251 -0.109803 -0.032834
1908.25 0.497961 -0.0383047 -9.38465 -0.271585 0.260818 10.0235 0.0545197 -0.113774 -0.0331394
1908.26 0.497961 0.0383047 -9.15482 -0.22014 0.242871 10.0427 0.0548251 -0.112705 -0.0323759
1908.28 0.497961 0.0383047 -9.34634 -0.217747 0.217747 10.0259 0.0513127 -0.10797 -0.0313068
1908.3 0.57457 0.0 -9.42295 -0.257228 0.230907 10.0331 0.0526871 -0.110108 -0.0329867
1908.31 0.689484 0.0766094 -9.49956 -0.299103 0.2333 10.0403 0.0529926 -0.109498 -0.0319177
1908.33 0.612875 -0.0383047 -9.42295 -0.324227 0.223729 10.0379 0.0507018 -0.108276 -0.0329867
1908.35 0.689484 -0.0383047 -9.46126 -0.409173 0.22014 10.0152 0.0490219 -0.107207 -0.0313068
1908.36 0.727789 -0.153219 -9.26973 -0.452243 0.197408 10.0295 0.0523817 -0.113468 -0.031765
1908.38 0.689484 -0.0766094 -9.49956 -0.434297 0.196211 10.0175 0.0479529 -0.112246 -0.0250455
1908.4 0.612875 -0.114914 -9.34634 -0.418744 0.185444 10.0199 0.0478002 -0.114537 -0.02474
1908.41 0.57457 -0.0766094 -9.07821 -0.352941 0.15673 10.0223 0.0468839 -0.113774 -0.0210748
1908.43 0.536266 -0.0766094 -9.42295 -0.26321 0.0849452 10.0391 0.0479529 -0.114079 -0.0218384
1908.45 0.459656 -0.153219 -9.26973 -0.221336 0.066999 10.0259 0.0476475 -0.112399 -0.0192422
1908.46 0.459656 -0.191523 -9.07821 -0.15673 0.0215354 10.0367 0.0493274 -0.115301 -0.023671
1908.48 0.421352 -0.229828 -9.38465 -0.132802 -0.0227318 10.0367 0.0487165 -0.112094 -0.0239765
1908.5 0.459656 -0.191523 -9.38465 -0.135194 -0.026321 10.0463 0.0511599 -0.113621 -0.0280998
1908.51 0.421352 -0.268133 -9.38465 -0.162712 -0.0514457 10.0379 0.0560469 -0.115454 -0.0334449
1908.53 0.344742 -0.383047 -9.34634 -0.22014 -0.04666 10.0307 0.0561996 -0.113163 -0.0354302
1908.55 0.727789 -0.306437 -9.34634 -0.252443 -0.0334995 10.0331 0.053298 -0.107512 -0.034972
1908.56 0.497961 -0.114914 -9.42295 -0.293121 -0.00837488 10.0499 0.054367 -0.109345 -0.034972
1908.58 0.497961 -0.191523 -9.38465 -0.285942 0.0370887 10.0319 0.0542143 -0.108429 -0.0369573
1908.6 0.57457 -0.191523 -9.30804 -0.284746 0.0382852 10.0355 0.0589485 -0.112246 -0.0368046
1908.61 0.57457 -0.191523 -9.34634 -0.256032 0.0538385 10.0307 0.0542143 -0.108276 -0.0345139
1908.63 0.383047 -0.114914 -9.23143 -0.193819 0.0813559 10.0379 0.0568105 -0.110261 -0.0364992
1908.65 0.421352 -0.191523 -9.34634 -0.16989 0.0765703 10.0331 0.0569632 -0.108734 -0.0361938
1908.66 0.344742 -0.114914 -9.42295 -0.142373 0.0562313 10.0451 0.0592539 -0.110108 -0.0387899
1908.68 0.459656 -0.306437 -9.46126 -0.133998 0.0502493 10.0391 0.0572686 -0.106749 -0.0378736
1908.7 0.459656 -0.153219 -9.42295 -0.162712 0.0646062 10.0367 0.0594066 -0.107054 -0.0427606
1908.71 0.536266 -0.268133 -9.19312 -0.205783 0.0693918 10.0487 0.0598648 -0.105222 -0.0438296
1908.73 0.57457 -0.229828 -9.30804 -0.26321 0.0993021 10.0247 0.0618501 -0.109803 -0.0458149
1908.75 0.65118 -0.153219 -9.42295 -0.303888 0.108873 10.0307 0.0587958 -0.10568 -0.0461203
1908.76 0.65118 -0.0766094 -9.26973 -0.37328 0.167498 10.0439 0.0595593 -0.108276 -0.0459676
1908.78 0.689484 0.0766094 -9.46126 -0.430708 0.245264 10.0259 0.057574 -0.104611 -0.0421497
1908.8 0.57457 0.0 -9.53786 -0.431904 0.257228 10.0403 0.0581849 -0.108123 -0.0421497
1908.81 0.65118 0.0766094 -9.49956 -0.410369 0.306281 10.0319 0.0587958 -0.109039 -0.0403171
1908.83 0.612875 0.0 -9.38465 -0.380459 0.311067 10.0175 0.0563523 -0.11133 -0.0366519
1908.85 0.536266 0.0 -9.49956 -0.355334 0.308674 10.0092 0.0552833 -0.111025 -0.0311541
1908.86 0.497961 0.0 -9.46126 -0.319442 0.302692 10.014 0.0548251 -0.110108 -0.0288634
1908.88 0.497961 0.114914 -9.46126 -0.267996 0.248853 10.0367 0.0493274 -0.108276 -0.0290161
1908.9 0.383047 -0.0766094 -9.53786 -0.294317 0.214158 10.0367 0.052229 -0.111483 -0.0297797
1908.91 0.497961 -0.114914 -9.38465 -0.294317 0.193819 10.0463 0.052229 -0.110872 -0.029627
1908.93 0.57457 -0.114914 -9.42295 -0.329013 0.166301 10.0307 0.052229 -0.112399 -0.0310014
1908.95 0.612875 -0.114914 -9.49956 -0.349352 0.166301 10.0331 0.0528398 -0.111941 -0.0319177
1908.96 0.727789 -0.0383047 -9.38465 -0.379262 0.171087 10.0128 0.0485638 -0.108276 -0.0305433
1908.98 0.497961 -0.114914 -9.38465 -0.374477 0.178265 10.0247 0.0497855 -0.112246 -0.0290161
1909.0 0.57457 0.0 -9.57617 -0.345763 0.210568 10.0247 0.0517708 -0.116523 -0.0290161
1909.01 0.497961 -0.0383047 -9.42295 -0.345763 0.214158 10.0379 0.0539089 -0.117744 -0.0284052
1909.03 0.497961 0.0 -9.42295 -0.27996 0.210568 10.0319 0.045204 -0.108429 -0.0212276
1909.04 0.497961 -0.191523 -9.30804 -0.21655 0.185444 10.0259 0.0453567 -0.110108 -0.0206167
1909.06 0.421352 -0.229828 -9.23143 -0.189033 0.148355 10.0355 0.0502437 -0.115301 -0.0222966
1909.08 0.344742 -0.191523 -9.42295 -0.144766 0.0861416 10.0427 0.0496328 -0.116217 -0.023671
1909.09 0.383047 -0.153219 -9.49956 -0.153141 0.0107677 10.0534 0.0465785 -0.109498 -0.0212276
1909.11 0.268133 -0.191523 -9.65278 -0.145962 -0.00239282 10.0522 0.0520762 -0.114385 -0.0271835
1909.13 0.383047 -0.229828 -9.34634 -0.174676 -0.0658026 10.0499 0.0482583 -0.10797 -0.0256563
1909.14 0.459656 -0.268133 -9.38465 -0.215354 -0.087338 10.0415 0.0508545 -0.10965 -0.0313068
1909.16 0.57457 -0.306437 -9.53786 -0.256032 -0.0789631 10.0259 0.0523817 -0.109956 -0.0322231
1909.18 0.612875 -0.344742 -9.38465 -0.258425 -0.0490528 10.0319 0.056505 -0.113774 -0.0380264
1909.19 0.612875 -0.229828 -9.26973 -0.259621 -0.00478564 10.0367 0.0551306 -0.107207 -0.0351248
1909.21 0.497961 -0.229828 -9.46126 -0.259621 0.020339 10.0415 0.0568105 -0.109956 -0.0378736
1909.23 0.612875 -0.153219 -9.38465 -0.236889 0.066999 10.0355 0.0598648 -0.113621 -0.0392481
1909.24 0.57457 -0.268133 -9.30804 -0.212961 0.0957129 10.0391 0.0594066 -0.111177 -0.0407752
1909.26 0.497961 -0.114914 -9.38465 -0.227318 0.101695 10.0415 0.0577268 -0.105222 -0.0368046
1909.28 0.57457 -0.0766094 -9.38465 -0.22014 0.0789631 10.0319 0.0586431 -0.108581 -0.0378736
1909.29 0.57457 -0.229828 -9.42295 -0.217747 0.0478564 10.0415 0.0572686 -0.107054 -0.0380264
1909.31 0.497961 -0.268133 -9.42295 -0.247657 0.0418744 10.0271 0.0592539 -0.108581 -0.0410807
1909.33 0.612875 -0.114914 -9.61448 -0.273978 0.0287139 10.0331 0.0627664 -0.112246 -0.0426078
1909.34 0.536266 -0.0766094 -9.42295 -0.311067 0.0538385 10.0403 0.0594066 -0.107818 -0.0418443
1909.36 0.344742 -0.114914 -9.34634 -0.357727 0.0753739 10.0235 0.0595593 -0.105222 -0.043066
1909.38 0.689484 -0.153219 -9.42295 -0.364905 0.107677 10.0427 0.0600175 -0.106901 -0.0439823
1909.39 0.612875 -0.0383047 -9.42295 -0.370887 0.166301 10.0283 0.0600175 -0.106138 -0.0435241
1909.41 0.65118 0.0 -9.42295 -0.352941 0.229711 10.0175 0.0603229 -0.111025 -0.0432187
1909.43 0.497961 0.0 -9.57617 -0.355334 0.301496 10.0152 0.0572686 -0.10568 -0.0394008
1909.44 0.57457 0.0383047 -9.30804 -0.345763 0.342173 10.0211 0.056505 -0.109192 -0.03711
1909.46 0.612875 0.0 -9.30804 -0.300299 0.355334 10.0379 0.0552833 -0.110872 -0.0352775
1909.48 0.536266 0.0 -9.30804 -0.302692 0.354138 10.0295 0.0555887 -0.111941 -0.0340557
1909.49 0.536266 0.0383047 -9.38465 -0.293121 0.324227 10.0403 0.0552833 -0.11469 -0.0329867
1909.51 0.57457 0.0766094 -9.49956 -0.293121 0.287139 10.0391 0.0516181 -0.10797 -0.0280998
1909.52 0.497961 -0.0383047 -9.49956 -0.299103 0.242871 10.0307 0.0534507 -0.113468 -0.030696
1909.54 0.612875 -0.0383047 -9.46126 -0.333799 0.209372 10.0199 0.0500909 -0.112857 -0.0293215
1909.55 0.57457 -0.114914 -9.38465 -0.305085 0.187837 10.0403 0.0494801 -0.112246 -0.0279471
1909.57 0.536266 -0.0766094 -9.34634 -0.293121 0.162712 10.0642 0.0507018 -0.114385 -0.031765
1909.59 0.57457 -0.0383047 -9.38465 -0.318245 0.184247 10.0211 0.0484111 -0.110108 -0.0287107
1909.6 0.57457 -0.0766094 -9.30804 -0.29671 0.190229 10.0379 0.0516181 -0.11301 -0.0282525
1909.62 0.497961 -0.153219 -9.23143 -0.265603 0.200997 10.0379 0.0482583 -0.110261 -0.0268781
1909.63 0.536266 -0.0383047 -9.42295 -0.246461 0.224925 10.0331 0.0496328 -0.113315 -0.0277944
1912.01 0.421352 -0.0383047 -9.49956 -0.270389 0.330209 10.0295 0.0528398 -0.112552 -0.0293215
1912.03 0.497961 -0.0383047 -9.46126 -0.242871 0.311067 10.0295 0.0523817 -0.114385 -0.0271835
1912.04 0.459656 -0.0766094 -9.34634 -0.217747 0.288335 10.0259 0.0503964 -0.113468 -0.0279471
1912.06 0.306437 -0.0383047 -9.30804 -0.206979 0.230907 10.0152 0.0496328 -0.110261 -0.0248928
1912.08 0.383047 -0.114914 -9.69109 -0.184247 0.167498 10.051 0.047342 -0.110261 -0.0227547
1912.1 0.421352 -0.114914 -9.26973 -0.192622 0.130409 10.0319 0.0450513 -0.108123 -0.0212276
1912.11 0.57457 -0.114914 -9.49956 -0.236889 0.0969093 10.0283 0.045204 -0.106291 -0.02474
1912.13 0.57457 -0.191523 -9.30804 -0.259621 0.0418744 10.0379 0.0479529 -0.108887 -0.0290161
1912.14 0.497961 -0.114914 -9.57617 -0.270389 0.0490528 10.0379 0.0499382 -0.111636 -0.0277944
1912.16 0.536266 -0.153219 -9.38465 -0.287139 0.0287139 10.0379 0.046273 -0.104305 -0.025809
1912.18 0.65118 -0.153219 -9.53786 -0.300299 0.0191426 10.0343 0.0493274 -0.108887 -0.0277944
1912.19 0.497961 -0.153219 -9.53786 -0.299103 0.0418744 10.0343 0.0493274 -0.108734 -0.0305433
1912.21 0.421352 -0.191523 -9.23143 -0.276371 0.0311067 10.0439 0.0548251 -0.115454 -0.0325286
1912.23 0.65118 -0.191523 -9.42295 -0.278764 0.0311067 10.0522 0.0511599 -0.108887 -0.0290161
1912.24 0.612875 -0.191523 -9.42295 -0.265603 0.0287139 10.0475 0.0513127 -0.108734 -0.0310014
1912.26 0.459656 -0.306437 -9.46126 -0.256032 -0.00717846 10.0331 0.056505 -0.114385 -0.0332921
1912.28 0.459656 -0.191523 -9.34634 -0.25005 -0.0358923 10.0307 0.0537561 -0.110719 -0.0311541
1912.29 0.459656 -0.344742 -9.30804 -0.240479 -0.061017 10.0355 0.0542143 -0.110261 -0.032834
1912.31 0.536266 -0.306437 -9.38465 -0.262014 -0.0741775 10.0367 0.0545197 -0.107054 -0.0337503
1912.33 0.612875 -0.306437 -9.38465 -0.290728 -0.0538385 10.0331 0.0578795 -0.107818 -0.0380264
1912.34 0.57457 -0.191523 -9.34634 -0.303888 -0.0430708 10.0187 0.0616974 -0.11469 -0.0404698
1912.36 0.612875 -0.229828 -9.42295 -0.302692 -0.0119641 10.0343 0.0598648 -0.110108 -0.0421497
1912.38 0.612875 -0.0766094 -9.46126 -0.290728 0.0717846 10.0355 0.0615447 -0.110414 -0.0423024
1912.39 0.57457 -0.153219 -9.38465 -0.303888 0.105284 10.0319 0.0586431 -0.107818 -0.0421497
1912.41 0.65118 0.0 -9.46126 -0.299103 0.195015 10.0187 0.0612392 -0.110567 -0.0424551
1912.43 0.689484 -0.0383047 -9.38465 -0.319442 0.247657 10.0295 0.0591012 -0.108887 -0.0375682
1912.44 0.383047 0.153219 -9.42295 -0.300299 0.271585 10.0367 0.0603229 -0.109956 -0.0395535
1912.46 0.612875 0.0 -9.34634 -0.245264 0.281157 10.0367 0.0546724 -0.10736 -0.0355829
1912.48 0.536266 -0.153219 -9.46126 -0.272782 0.175872 10.0295 0.0584903 -0.110719 -0.0358883
1912.49 0.57457 -0.0383047 -9.57617 -0.291924 0.113659 10.014 0.0563523 -0.110414 -0.0355829
1912.51 0.57457 -0.0766094 -9.38465 -0.270389 0.112463 10.0295 0.0594066 -0.11469 -0.0368046
1912.53 0.536266 -0.0766094 -9.34634 -0.202193 0.254835 10.0367 0.0607811 -0.113468 -0.0383318
1912.54 0.421352 0.114914 -9.26973 -0.179462 0.289531 10.0164 0.0566577 -0.108734 -0.0400117
1912.56 0.459656 -0.0766094 -9.38465 -0.204586 0.285942 10.0319 0.0586431 -0.114232 -0.045204
1912.58 0.612875 -0.0766094 -9.42295 -0.283549 0.228514 10.0187 0.0539089 -0.110414 -0.0398589
1912.59 0.459656 -0.0766094 -9.30804 -0.320638 0.256032 10.0283 0.0561996 -0.11133 -0.0325286
1912.61 0.65118 -0.0383047 -9.23143 -0.388834 0.285942 10.0331 0.054367 -0.10965 -0.0305433
1912.63 0.689484 0.0383047 -9.34634 -0.400798 0.253639 10.0283 0.0502437 -0.109803 -0.0314596
1912.64 0.536266 -0.229828 -9.38465 -0.387637 0.202193 10.0427 0.0513127 -0.113774 -0.0364992
1912.66 0.65118 -0.0766094 -9.15482 -0.31346 0.189033 10.0391 0.0531453 -0.114995 -0.0355829
1912.67 0.459656 0.0 -9.19312 -0.2333 0.2668 10.0271 0.0519235 -0.114385 -0.0232129
1912.69 0.421352 -0.153219 -9.42295 -0.187837 0.254835 10.0247 0.0507018 -0.111636 -0.0187841
1912.71 0.421352 -0.114914 -9.42295 -0.147159 0.161515 10.0499 0.0478002 -0.107818 -0.0251982
1912.72 0.421352 -0.191523 -9.46126 -0.16989 0.0526421 10.0415 0.0497855 -0.111941 -0.0358883
1912.74 0.421352 -0.191523 -9.38465 -0.191426 0.0107677 10.0439 0.0503964 -0.112552 -0.0363465
1912.76 0.65118 -0.229828 -9.15482 -0.282353 -0.0311067 10.0295 0.0484111 -0.106749 -0.0229074
1912.77 0.57457 -0.153219 -9.30804 -0.379262 -0.04666 10.0235 0.0534507 -0.109498 -0.033903
1912.79 0.689484 -0.114914 -9.34634 -0.404387 0.00239282 10.0415 0.0545197 -0.109498 -0.0424551
1912.81 0.459656 -0.114914 -9.42295 -0.380459 0.0969093 10.0247 0.057574 -0.116981 -0.0400117
1912.82 0.689484 -0.114914 -9.76769 -0.288335 0.153141 10.0343 0.055436 -0.113468 -0.0167988
1912.84 0.459656 -0.0383047 -9.38465 -0.267996 0.155533 10.0259 0.057574 -0.116217 -0.0203113
1912.85 0.57457 0.0 -9.61448 -0.251246 0.166301 10.0319 0.0536034 -0.112857 -0.043066
1912.87 0.612875 -0.0766094 -9.26973 -0.230907 0.135194 10.014 0.0514654 -0.111636 -0.0395535
1912.89 0.497961 -0.268133 -9.34634 -0.166301 0.0179462 10.0475 0.0523817 -0.109345 -0.0284052
1912.9 0.57457 -0.153219 -9.42295 -0.132802 0.0346959 10.0415 0.0531453 -0.106749 -0.0174097
1912.92 0.612875 -0.114914 -9.49956 -0.16989 0.0789631 10.0211 0.0546724 -0.108276 -0.0369573
1912.94 0.612875 -0.191523 -9.42295 -0.193819 0.0442672 10.0415 0.0523817 -0.106443 -0.0432187
1912.95 0.383047 -0.229828 -9.34634 -0.238086 -0.0789631 10.0391 0.0523817 -0.107665 -0.0436769
1912.97 0.612875 -0.191523 -9.30804 -0.245264 -0.0765703 10.0582 0.0578795 -0.109039 -0.0384845
1912.99 0.727789 -0.229828 -9.42295 -0.379262 0.0562313 10.0331 0.0597121 -0.108276 -0.0394008
1913.0 0.804398 -0.0383047 -9.30804 -0.528814 0.117248 10.0343 0.0616974 -0.111483 -0.0448986
1913.02 0.766094 -0.0766094 -9.38465 -0.502493 0.105284 10.0331 0.0600175 -0.112857 -0.0453567
1913.04 0.57457 -0.191523 -9.46126 -0.381655 0.105284 10.0331 0.0594066 -0.114079 -0.0423024
1913.05 0.497961 0.0383047 -9.46126 -0.217747 0.267996 10.0211 0.0581849 -0.110414 -0.0345139
1913.07 0.306437 0.0383047 -9.38465 -0.142373 0.320638 10.0522 0.0594066 -0.113926 -0.032834
1913.09 0.306437 0.0 -9.49956 -0.0119641 0.297906 10.0439 0.0597121 -0.116064 -0.0331394
1913.1 0.344742 0.0 -9.34634 -0.0490528 0.253639 10.0307 0.0513127 -0.103542 -0.0316123
1913.12 0.268133 0.0 -9.15482 -0.101695 0.248853 10.0367 0.0558941 -0.106443 -0.0351248
1913.13 0.421352 -0.114914 -9.46126 -0.241675 0.184247 10.0259 0.0526871 -0.105069 -0.0363465
1913.15 0.689484 -0.153219 -9.30804 -0.375673 -0.0107677 10.0211 0.0510072 -0.104 -0.0375682
1913.17 0.57457 -0.344742 -9.42295 -0.431904 -0.0562313 10.0187 0.0557414 -0.108734 -0.0444404
1913.18 0.727789 -0.153219 -9.38465 -0.471386 -0.00358923 10.0164 0.055436 -0.106749 -0.0442877
1913.2 0.804398 -0.114914 -9.46126 -0.448654 0.181854 10.0307 0.056505 -0.107818 -0.0305433
1913.22 0.65118 0.0383047 -9.38465 -0.417547 0.210568 10.0223 0.057574 -0.113774 -0.0297797
1913.23 0.612875 0.0383047 -9.26973 -0.293121 0.278764 10.0283 0.0546724 -0.112399 -0.0381791
1913.25 0.421352 0.0766094 -9.38465 -0.133998 0.386441 10.0355 0.0557414 -0.113468 -0.0436769
1913.27 0.268133 0.0766094 -9.61448 -0.12323 0.40678 10.0187 0.0568105 -0.114079 -0.0251982
1913.28 0.421352 -0.0766094 -9.46126 -0.136391 0.324227 10.0283 0.0523817 -0.112857 -0.0180205
1913.3 0.459656 0.0 -9.42295 -0.199801 0.18664 10.0283 0.0510072 -0.111177 -0.0322231
1913.32 0.497961 -0.191523 -9.34634 -0.212961 0.124427 10.0367 0.0481056 -0.105985 -0.0438296
1913.33 0.689484 -0.268133 -9.30804 -0.355334 -0.00119641 10.0343 0.0484111 -0.105985 -0.0404698
1913.35 0.727789 -0.229828 -9.42295 -0.464207 -0.0837488 10.0367 0.0485638 -0.106749 -0.0195477
1913.37 0.804398 -0.268133 -9.34634 -0.495314 -0.0897308 10.0355 0.0525344 -0.10965 -0.0178678
1913.38 0.804398 -0.114914 -9.53786 -0.537189 0.0227318 10.0283 0.053298 -0.109345 -0.0337503
1913.4 0.727789 -0.153219 -9.34634 -0.526421 0.0753739 10.0187 0.0555887 -0.114995 -0.0380264
1913.42 0.57457 -0.191523 -9.53786 -0.410369 0.133998 10.0403 0.0545197 -0.114232 -0.0233656
1913.44 0.536266 -0.153219 -9.15482 -0.281157 0.252443 10.0367 0.0561996 -0.117897 -0.0268781
1913.46 0.497961 -0.114914 -9.34634 -0.239282 0.287139 10.0379 0.0529926 -0.115759 -0.0329867
1913.47 0.421352 -0.153219 -9.34634 -0.202193 0.2333 10.0367 0.054367 -0.12034 -0.0325286
1913.49 0.344742 -0.114914 -9.38465 -0.0945165 0.161515 10.0164 0.0513127 -0.114995 -0.0181732
1913.5 0.268133 0.0 -9.26973 -0.0370887 0.192622 10.0475 0.0525344 -0.113315 -0.0216857
1913.52 0.344742 0.0 -9.26973 -0.116052 0.240479 10.0499 0.055436 -0.116064 -0.0259618
1913.54 0.344742 -0.191523 -9.42295 -0.291924 0.0777667 10.0187 0.0487165 -0.109956 -0.0300851
1913.55 0.612875 -0.114914 -9.26973 -0.346959 -0.00717846 10.0235 0.0519235 -0.111483 -0.0302378
1913.57 0.689484 -0.229828 -9.42295 -0.412762 -0.0323031 10.0283 0.054367 -0.11469 -0.0284052
1913.59 0.536266 -0.153219 -9.46126 -0.427119 0.0311067 10.0367 0.0581849 -0.117744 -0.0299324
1913.6 0.727789 -0.306437 -9.34634 -0.412762 0.0502493 10.0307 0.0540616 -0.115606 -0.0372628
1913.62 0.344742 -0.153219 -9.42295 -0.259621 0.0753739 10.0355 0.0542143 -0.115759 -0.0409279
1913.64 0.268133 0.0 -9.46126 -0.0837488 0.199801 10.0487 0.0587958 -0.118661 -0.0279471
