1843.72 0.727789 -0.114914 -9.46126 -0.504885 0.17348 10.0008 0.0552833 -0.112399 -0.0389426
1843.74 0.766094 -0.0383047 -9.61448 -0.412762 0.211765 10.008 0.0563523 -0.113926 -0.0320704
1843.76 0.57457 -0.0383047 -9.26973 -0.291924 0.222532 10.0164 0.055436 -0.114232 -0.0265726
1843.77 0.459656 0.0 -9.46126 -0.211765 0.239282 10.0187 0.0513127 -0.109498 -0.0232129
1843.79 0.421352 -0.0383047 -9.49956 -0.0993021 0.193819 10.0164 0.0536034 -0.115606 -0.0288634
1843.81 0.536266 -0.0766094 -9.34634 -0.0861416 0.147159 10.0116 0.053298 -0.112399 -0.0282525
1843.82 0.268133 -0.153219 -9.38465 -0.113659 0.119641 10.0175 0.0517708 -0.109192 -0.02474
1843.84 0.421352 -0.0766094 -9.34634 -0.145962 0.0849452 10.0331 0.0558941 -0.111636 -0.0310014
1843.86 0.459656 -0.229828 -9.42295 -0.265603 0.0502493 10.0247 0.0528398 -0.109803 -0.03711
1843.87 0.497961 -0.191523 -9.30804 -0.321834 0.04666 10.0164 0.0531453 -0.109039 -0.0407752
1843.89 0.65118 -0.114914 -9.38465 -0.382851 0.0502493 10.014 0.0525344 -0.105832 -0.0375682
1843.91 0.612875 -0.0383047 -9.46126 -0.398405 0.122034 10.0259 0.0566577 -0.110108 -0.0355829
1843.92 0.689484 -0.0766094 -9.49956 -0.398405 0.141176 10.0187 0.0563523 -0.111483 -0.0355829
1843.94 0.536266 -0.0383047 -9.69109 -0.329013 0.183051 10.014 0.0569632 -0.112857 -0.0383318
1843.96 0.497961 0.0 -9.42295 -0.230907 0.238086 10.0223 0.0555887 -0.114843 -0.0331394
1843.97 0.65118 0.0383047 -9.46126 -0.193819 0.247657 10.0175 0.0517708 -0.111025 -0.0279471
1843.99 0.421352 0.0383047 -9.42295 -0.132802 0.215354 10.0259 0.0523817 -0.112705 -0.0273362
1844.0 0.383047 0.0383047 -9.30804 -0.0861416 0.13998 10.0355 0.0494801 -0.108123 -0.0299324
1844.02 0.344742 -0.268133 -9.15482 -0.112463 0.0765703 10.0319 0.0465785 -0.105069 -0.0299324
1844.04 0.536266 -0.229828 -9.38465 -0.208175 0.0155533 10.0211 0.0491747 -0.104 -0.0280998
1844.05 0.57457 -0.229828 -9.53786 -0.327816 -0.0562313 10.0128 0.0519235 -0.104305 -0.0308487
1844.07 0.727789 -0.306437 -9.34634 -0.36012 -0.0502493 10.0092 0.0549779 -0.10736 -0.0366519
1844.09 0.689484 -0.191523 -9.26973 -0.407976 -0.0358923 10.0056 0.054367 -0.109039 -0.0415388
1844.1 0.57457 -0.229828 -9.23143 -0.430708 0.0251246 10.014 0.0572686 -0.108429 -0.03711
1844.12 0.65118 -0.0766094 -9.34634 -0.416351 0.0634098 10.0211 0.0613919 -0.113468 -0.0375682
1844.14 0.57457 -0.0766094 -9.65278 -0.369691 0.162712 10.0175 0.056505 -0.108734 -0.0355829
1844.15 0.459656 0.0 -9.46126 -0.265603 0.228514 10.0211 0.0552833 -0.111025 -0.0386372
1844.17 0.421352 -0.0766094 -9.34634 -0.2333 0.224925 10.0355 0.0592539 -0.115606 -0.0384845
1844.19 0.421352 -0.0766094 -9.46126 -0.18664 0.241675 10.0247 0.0551306 -0.111177 -0.0316123
1844.2 0.612875 -0.0383047 -9.42295 -0.190229 0.191426 10.0355 0.0536034 -0.11133 -0.0314596
1844.22 0.57457 -0.114914 -9.26973 -0.214158 0.163908 10.0355 0.054367 -0.111177 -0.032834
1844.24 0.57457 -0.153219 -9.46126 -0.258425 0.0837488 10.0427 0.0505491 -0.105069 -0.0297797
1844.25 0.497961 -0.191523 -9.53786 -0.303888 0.0346959 10.0307 0.0537561 -0.110719 -0.032834
1844.27 0.689484 -0.229828 -9.19312 -0.342173 0.0358923 10.0152 0.0529926 -0.106291 -0.0297797
1844.29 0.612875 -0.229828 -9.34634 -0.364905 0.0598205 10.0199 0.0557414 -0.112094 -0.0322231
1844.3 0.612875 -0.0383047 -9.30804 -0.334995 0.117248 10.0104 0.0584903 -0.113621 -0.0387899
1844.32 0.612875 -0.191523 -9.38465 -0.336191 0.125623 10.0211 0.0587958 -0.113315 -0.0392481
1844.34 0.536266 -0.0383047 -9.34634 -0.277567 0.195015 10.0271 0.0549779 -0.110261 -0.0369573
1844.35 0.421352 -0.0383047 -9.19312 -0.208175 0.252443 10.0271 0.0563523 -0.111636 -0.0361938
1844.37 0.344742 0.0766094 -9.30804 -0.163908 0.278764 9.99841 0.0545197 -0.109192 -0.0351248
1844.39 0.421352 0.0383047 -9.34634 -0.161515 0.30987 10.0152 0.0528398 -0.110261 -0.0299324
1844.4 0.497961 -0.0383047 -9.38465 -0.229711 0.273978 10.0295 0.0517708 -0.108123 -0.0261145
1844.42 0.57457 -0.114914 -9.42295 -0.288335 0.234497 10.008 0.0546724 -0.11133 -0.0279471
1844.43 0.689484 -0.114914 -9.61448 -0.317049 0.11007 10.0104 0.0516181 -0.112705 -0.0343612
1844.45 0.57457 -0.153219 -9.30804 -0.302692 0.0574277 10.0128 0.0520762 -0.109956 -0.0314596
1844.47 0.459656 -0.153219 -9.42295 -0.312263 -0.0502493 10.0211 0.0491747 -0.108581 -0.0284052
1844.48 0.57457 -0.229828 -9.42295 -0.276371 -0.0586241 10.0223 0.0545197 -0.112094 -0.0319177
1844.5 0.57457 -0.306437 -9.34634 -0.247657 -0.00358923 10.0307 0.0549779 -0.112094 -0.0368046
1844.52 0.612875 -0.191523 -9.46126 -0.197408 0.0143569 10.014 0.0555887 -0.110261 -0.0390954
1844.53 0.229828 -0.0383047 -9.23143 -0.238086 0.0634098 10.0211 0.0569632 -0.108581 -0.0377209
1844.55 0.497961 -0.114914 -9.42295 -0.217747 0.142373 10.0307 0.0548251 -0.108429 -0.0380264
1844.57 0.459656 -0.114914 -9.23143 -0.246461 0.183051 10.0247 0.0606284 -0.114232 -0.0416915
1844.58 0.65118 0.0766094 -9.42295 -0.355334 0.193819 10.0223 0.0523817 -0.10568 -0.0316123
1844.6 0.804398 -0.0383047 -9.46126 -0.429512 0.191426 10.0211 0.0557414 -0.111636 -0.0303905
1844.62 0.689484 -0.114914 -9.38465 -0.385244 0.181854 10.0235 0.0572686 -0.112857 -0.0325286
1844.63 0.57457 -0.114914 -9.38465 -0.342173 0.111266 10.0307 0.0571159 -0.113774 -0.036041
1844.65 0.459656 -0.114914 -9.19312 -0.355334 0.0155533 10.0355 0.054367 -0.111483 -0.0264199
1844.67 0.421352 -0.153219 -9.34634 -0.350548 0.0227318 10.0104 0.0537561 -0.109956 -0.0229074
1844.68 0.57457 -0.191523 -9.34634 -0.295514 0.0646062 10.0271 0.0594066 -0.116064 -0.0291688
1844.7 0.306437 -0.191523 -9.23143 -0.228514 0.0502493 10.0104 0.0546724 -0.111636 -0.0400117
1844.72 0.421352 -0.114914 -9.34634 -0.199801 0.0323031 10.0247 0.0557414 -0.112857 -0.0438296
1844.73 0.497961 -0.191523 -9.46126 -0.147159 0.0993021 10.0319 0.0606284 -0.116523 -0.0432187
1844.75 0.459656 0.0 -9.38465 -0.2333 0.2333 10.0343 0.0594066 -0.11133 -0.0325286
1844.77 0.421352 0.0383047 -9.42295 -0.314656 0.302692 10.0152 0.0581849 -0.112552 -0.0343612
1844.78 0.612875 0.0383047 -9.23143 -0.339781 0.314656 10.0223 0.0552833 -0.110108 -0.0407752
1844.8 0.57457 0.0 -9.42295 -0.349352 0.319442 10.0211 0.0536034 -0.110719 -0.0372628
1844.82 0.57457 -0.114914 -9.34634 -0.350548 0.295514 10.0223 0.0513127 -0.109803 -0.0313068
1844.83 0.57457 -0.0766094 -9.38465 -0.297906 0.211765 10.014 0.0551306 -0.115301 -0.0273362
1844.85 0.497961 -0.153219 -9.30804 -0.232104 0.118445 10.0211 0.0484111 -0.109956 -0.0274889
1844.87 0.57457 -0.191523 -9.49956 -0.20339 0.0693918 10.0259 0.0513127 -0.112705 -0.0274889
1844.88 0.459656 -0.268133 -9.34634 -0.147159 0.0143569 10.0223 0.0520762 -0.111177 -0.0288634
1844.9 0.344742 -0.153219 -9.46126 -0.0897308 0.0107677 10.0259 0.0542143 -0.112246 -0.0310014
1844.92 0.421352 -0.191523 -9.34634 -0.0957129 0.00358923 10.0187 0.0529926 -0.109956 -0.0332921
1844.93 0.344742 -0.191523 -9.38465 -0.168694 0.0311067 10.0283 0.0557414 -0.110261 -0.0395535
1844.95 0.459656 -0.114914 -9.49956 -0.230907 0.0957129 10.014 0.056505 -0.107207 -0.0407752
1844.96 0.497961 -0.114914 -9.30804 -0.275174 0.12682 10.0211 0.0536034 -0.104611 -0.0398589
1844.98 0.612875 -0.114914 -9.34634 -0.344566 0.165105 10.0164 0.0568105 -0.108276 -0.041997
1845.0 0.689484 -0.0383047 -9.23143 -0.401994 0.155533 10.0128 0.0555887 -0.106901 -0.0398589
1845.01 0.842703 -0.0766094 -9.49956 -0.435494 0.163908 10.014 0.0548251 -0.108123 -0.03711
1845.03 0.766094 -0.0766094 -9.34634 -0.413958 0.154337 10.0128 0.0505491 -0.109498 -0.0303905
1845.05 0.65118 -0.114914 -9.61448 -0.378066 0.104088 10.0164 0.0534507 -0.111788 -0.0308487
1845.06 0.536266 -0.114914 -9.38465 -0.357727 0.0825523 10.0175 0.057574 -0.115301 -0.0320704
1845.08 0.57457 -0.153219 -9.34634 -0.297906 0.0693918 10.0199 0.0560469 -0.113468 -0.0274889
1845.1 0.421352 -0.153219 -9.34634 -0.264407 0.040678 10.0295 0.0568105 -0.11469 -0.0288634
1845.11 0.383047 -0.191523 -9.34634 -0.245264 0.0358923 10.0128 0.0536034 -0.109039 -0.0299324
1845.13 0.57457 -0.229828 -9.15482 -0.218943 0.0346959 10.0164 0.0566577 -0.111177 -0.0389426
1845.15 0.689484 -0.153219 -9.30804 -0.265603 0.0909272 10.0175 0.0587958 -0.111636 -0.03711
1845.16 0.727789 -0.0766094 -9.30804 -0.29671 0.119641 10.0092 0.0577268 -0.109192 -0.0364992
1845.18 0.65118 -0.0766094 -9.23143 -0.312263 0.195015 10.0223 0.0587958 -0.114385 -0.0436769
1845.19 0.497961 -0.0766094 -9.26973 -0.317049 0.227318 10.0439 0.0572686 -0.109956 -0.0444404
1845.21 0.65118 -0.0766094 -9.34634 -0.330209 0.260818 10.0187 0.0581849 -0.115759 -0.0404698
1845.23 0.689484 0.0383047 -9.49956 -0.372084 0.277567 10.0128 0.0526871 -0.10965 -0.029627
1845.24 0.459656 0.0383047 -9.42295 -0.337388 0.272782 10.008 0.0545197 -0.112705 -0.0311541
1845.26 0.497961 0.0 -9.57617 -0.252443 0.230907 10.0104 0.0494801 -0.112246 -0.0335976
1845.28 0.344742 -0.0766094 -9.26973 -0.210568 0.161515 10.0187 0.052229 -0.113621 -0.0284052
1845.29 0.344742 -0.191523 -9.30804 -0.190229 0.120837 10.0199 0.0531453 -0.111788 -0.0244346
1845.31 0.497961 -0.268133 -9.53786 -0.138784 0.0825523 10.0271 0.0552833 -0.115301 -0.0256563
1845.33 0.344742 -0.229828 -9.42295 -0.131605 0.066999 10.0199 0.0549779 -0.113926 -0.0300851
1845.34 0.536266 -0.229828 -9.34634 -0.168694 0.0885344 10.0331 0.0520762 -0.10797 -0.0308487
1845.36 0.459656 -0.0766094 -9.30804 -0.210568 0.0813559 10.0199 0.0546724 -0.11301 -0.0343612
1845.38 0.57457 -0.114914 -9.42295 -0.259621 0.0969093 10.0247 0.0523817 -0.106138 -0.0342084
1845.39 0.65118 -0.114914 -9.19312 -0.275174 0.120837 10.0307 0.0540616 -0.108887 -0.0363465
1845.41 0.421352 0.0 -9.42295 -0.318245 0.162712 10.0199 0.0526871 -0.108429 -0.0372628
1845.42 0.57457 -0.114914 -9.23143 -0.312263 0.214158 10.0259 0.0539089 -0.109345 -0.0322231
1845.44 0.57457 -0.114914 -9.34634 -0.334995 0.196211 10.0283 0.053298 -0.11133 -0.0303905
1845.46 0.689484 -0.114914 -9.49956 -0.344566 0.15673 10.0116 0.0531453 -0.111483 -0.0337503
1845.47 0.689484 -0.191523 -9.34634 -0.325424 0.066999 10.0152 0.0525344 -0.109803 -0.0361938
1845.49 0.57457 -0.191523 -9.34634 -0.317049 0.0634098 10.0343 0.0503964 -0.108581 -0.0310014
1845.5 0.612875 -0.153219 -9.42295 -0.337388 0.00119641 10.0223 0.0484111 -0.105069 -0.0207694
1845.52 0.536266 -0.114914 -9.42295 -0.315852 0.0155533 10.0175 0.0558941 -0.113163 -0.0297797
1845.54 0.612875 -0.191523 -9.34634 -0.253639 0.00957129 10.0259 0.0558941 -0.113774 -0.0369573
1845.55 0.536266 -0.306437 -9.61448 -0.206979 -0.00837488 10.0271 0.057574 -0.113926 -0.0386372
1845.57 0.421352 -0.153219 -9.42295 -0.232104 -0.00119641 10.0235 0.0563523 -0.111788 -0.0369573
1845.59 0.421352 -0.268133 -9.26973 -0.22014 0.0131605 10.0199 0.0572686 -0.111025 -0.0392481
1845.6 0.421352 -0.191523 -9.57617 -0.21655 0.0598205 10.0367 0.0592539 -0.110872 -0.0464257
1845.62 0.536266 -0.191523 -9.30804 -0.331406 0.09332 10.0307 0.0551306 -0.108276 -0.0409279
1845.64 0.842703 -0.191523 -9.30804 -0.382851 0.137587 10.0223 0.056505 -0.107512 -0.0326813
1845.65 0.689484 0.0766094 -9.49956 -0.442672 0.232104 10.0056 0.0566577 -0.107512 -0.0261145
1845.67 0.766094 -0.0383047 -9.19312 -0.407976 0.222532 10.0128 0.054367 -0.110261 -0.0375682
1845.69 0.497961 -0.0766094 -9.34634 -0.35653 0.185444 10.0128 0.0558941 -0.11469 -0.0410807
1845.7 0.57457 -0.153219 -9.34634 -0.191426 0.128016 10.008 0.0583376 -0.117133 -0.0354302
1845.72 0.383047 -0.191523 -9.34634 -0.0909272 0.131605 10.0307 0.0555887 -0.112399 -0.0256563
1845.74 0.421352 -0.114914 -9.46126 -0.101695 0.108873 10.0116 0.053298 -0.108123 -0.0253509
1845.75 0.383047 -0.191523 -9.34634 -0.155533 0.0765703 10.0223 0.0586431 -0.113315 -0.0375682
1845.77 0.459656 -0.0766094 -9.38465 -0.157926 0.0993021 10.0223 0.0568105 -0.110567 -0.0392481
1845.79 0.459656 0.0 -9.46126 -0.191426 0.120837 10.0259 0.0571159 -0.107207 -0.0383318
1845.8 0.497961 -0.0383047 -9.23143 -0.277567 0.211765 10.0128 0.056505 -0.106138 -0.0352775
1845.82 0.65118 -0.0766094 -9.26973 -0.413958 0.252443 10.0164 0.056505 -0.107207 -0.0392481
1845.84 0.727789 -0.0383047 -9.46126 -0.403191 0.270389 10.008 0.053298 -0.10568 -0.0372628
1845.85 0.57457 0.0 -9.15482 -0.396012 0.319442 10.0283 0.0549779 -0.111636 -0.0340557
1845.87 0.57457 0.0 -9.42295 -0.380459 0.285942 10.0187 0.0531453 -0.111177 -0.0305433
1845.88 0.65118 -0.0766094 -9.38465 -0.342173 0.236889 10.0223 0.0487165 -0.109498 -0.0311541
1845.9 0.459656 -0.153219 -9.46126 -0.253639 0.137587 10.0223 0.0511599 -0.112857 -0.0313068
1845.92 0.536266 -0.191523 -9.46126 -0.244068 0.125623 10.0175 0.0488692 -0.109039 -0.0244346
1845.93 0.57457 -0.191523 -9.42295 -0.221336 0.0945165 10.0271 0.0514654 -0.109956 -0.0187841
1845.95 0.57457 -0.0383047 -9.65278 -0.209372 0.0825523 10.014 0.0497855 -0.109498 -0.0284052
1845.97 0.536266 -0.153219 -9.26973 -0.208175 0.0681954 10.0235 0.0529926 -0.115148 -0.0358883
1845.98 0.689484 -0.268133 -9.42295 -0.264407 -0.0131605 10.0187 0.0529926 -0.112094 -0.0384845
1846.0 0.459656 -0.153219 -9.23143 -0.303888 0.00478564 10.0187 0.0534507 -0.110872 -0.0332921
1846.01 0.57457 -0.191523 -9.38465 -0.346959 0.0526421 10.0175 0.0505491 -0.107818 -0.0311541
1846.03 0.612875 -0.153219 -9.53786 -0.349352 0.0861416 10.0116 0.0537561 -0.111941 -0.0397062
1846.05 0.612875 -0.191523 -9.42295 -0.372084 0.0502493 10.0283 0.0551306 -0.11301 -0.0418443
1846.06 0.536266 -0.0766094 -9.26973 -0.370887 0.0861416 10.0247 0.053298 -0.107512 -0.0319177
1846.08 0.57457 -0.0766094 -9.34634 -0.295514 0.179462 10.0152 0.0574213 -0.115301 -0.0287107
1846.09 0.459656 -0.114914 -9.38465 -0.285942 0.177069 10.0116 0.053298 -0.11133 -0.0270308
1846.11 0.459656 -0.191523 -9.38465 -0.238086 0.137587 10.0283 0.0531453 -0.111483 -0.031765
1846.13 0.421352 -0.0766094 -9.42295 -0.183051 0.0885344 10.0271 0.0545197 -0.114232 -0.0300851
1846.14 0.344742 -0.153219 -9.30804 -0.129212 0.0837488 10.0379 0.0563523 -0.113468 -0.0265726
1846.16 0.344742 -0.191523 -9.34634 -0.13998 0.0646062 10.0116 0.0578795 -0.115454 -0.0297797
1846.18 0.383047 -0.268133 -9.46126 -0.172283 0.0 10.0235 0.0536034 -0.107818 -0.0364992
1846.19 0.497961 -0.191523 -9.49956 -0.179462 0.00239282 10.0211 0.0574213 -0.109345 -0.0423024
1846.21 0.536266 -0.0766094 -9.42295 -0.210568 0.0502493 10.0199 0.0580322 -0.108734 -0.0384845
1846.23 0.727789 -0.114914 -9.23143 -0.315852 0.11007 10.0235 0.0555887 -0.104611 -0.03711
1846.24 0.536266 -0.114914 -9.38465 -0.348156 0.12682 10.014 0.0555887 -0.110567 -0.0459676
1846.26 0.57457 -0.0766094 -9.46126 -0.338584 0.195015 10.0164 0.0545197 -0.106138 -0.0447459
1846.28 0.612875 0.0766094 -9.46126 -0.321834 0.284746 10.0116 0.0595593 -0.110872 -0.03711
1846.29 0.612875 0.0383047 -9.34634 -0.337388 0.312263 10.0199 0.0557414 -0.10965 -0.0310014
1846.31 0.536266 0.0383047 -9.49956 -0.288335 0.30987 10.0092 0.0558941 -0.111636 -0.031765
1846.33 0.497961 -0.114914 -9.42295 -0.206979 0.224925 10.0116 0.0525344 -0.109192 -0.0354302
1846.34 0.497961 -0.114914 -9.34634 -0.223729 0.178265 10.0283 0.0526871 -0.108581 -0.0305433
1846.36 0.57457 -0.114914 -9.53786 -0.252443 0.0825523 10.0271 0.0499382 -0.105222 -0.0265726
1846.38 0.497961 -0.191523 -9.46126 -0.269192 0.0418744 10.0211 0.0529926 -0.108276 -0.0314596
1846.39 0.612875 -0.153219 -9.42295 -0.254835 0.0275174 10.0379 0.0526871 -0.107818 -0.0384845
1846.41 0.536266 -0.114914 -9.19312 -0.329013 0.0323031 10.0343 0.055436 -0.110108 -0.0395535
1846.43 0.612875 -0.0766094 -9.46126 -0.367298 0.087338 10.0104 0.0586431 -0.111788 -0.0368046
1846.44 0.497961 -0.0766094 -9.30804 -0.336191 0.119641 10.0164 0.0548251 -0.108734 -0.0384845
1846.46 0.612875 0.0 -9.30804 -0.375673 0.189033 10.0259 0.0542143 -0.108429 -0.0394008
1846.48 0.65118 0.0 -9.46126 -0.391226 0.222532 10.0164 0.0519235 -0.106443 -0.0372628
1846.49 0.57457 0.0 -9.57617 -0.37328 0.238086 10.0199 0.0534507 -0.111941 -0.0290161
1846.51 0.536266 0.0 -9.46126 -0.325424 0.26321 10.0235 0.0560469 -0.11637 -0.0285579
1846.53 0.57457 -0.0766094 -9.38465 -0.305085 0.212961 10.0104 0.0529926 -0.113774 -0.0282525
1846.54 0.497961 -0.0766094 -9.53786 -0.262014 0.13998 10.0199 0.0500909 -0.112552 -0.0277944
1846.56 0.459656 -0.191523 -9.34634 -0.192622 0.105284 10.0295 0.0487165 -0.110414 -0.0239765
1846.58 0.57457 -0.306437 -9.38465 -0.185444 0.0346959 10.0259 0.0537561 -0.114079 -0.0268781
1846.59 0.536266 -0.153219 -9.38465 -0.204586 -0.0107677 10.0199 0.0529926 -0.111177 -0.031765
1846.61 0.459656 -0.114914 -9.30804 -0.202193 -0.0370887 10.0355 0.0529926 -0.108429 -0.0335976
1846.63 0.612875 -0.306437 -9.15482 -0.205783 0.00239282 10.0283 0.0587958 -0.114995 -0.0375682
1846.64 0.536266 -0.0766094 -9.34634 -0.246461 0.0681954 10.0235 0.0546724 -0.108276 -0.0372628
1846.66 0.459656 -0.0766094 -9.38465 -0.239282 0.106481 10.0403 0.0568105 -0.109498 -0.0392481
1846.68 0.459656 0.0 -9.26973 -0.260818 0.199801 10.0104 0.0549779 -0.109192 -0.0361938
1846.69 0.536266 0.0383047 -9.42295 -0.281157 0.260818 10.014 0.0569632 -0.111636 -0.0345139
1846.71 0.65118 -0.0766094 -9.46126 -0.277567 0.278764 10.0092 0.0537561 -0.10797 -0.0322231
1846.73 0.612875 -0.0766094 -9.23143 -0.281157 0.247657 10.0164 0.0491747 -0.106749 -0.0284052
1846.74 0.459656 -0.114914 -9.46126 -0.2333 0.138784 10.0187 0.0499382 -0.108276 -0.0314596
1846.76 0.459656 -0.229828 -9.57617 -0.217747 0.0729811 10.014 0.0548251 -0.113926 -0.03711
1846.78 0.383047 -0.268133 -9.26973 -0.162712 -0.0346959 10.0247 0.0542143 -0.113163 -0.0377209
1846.79 0.536266 -0.191523 -9.49956 -0.16989 -0.0382852 10.0331 0.0548251 -0.108887 -0.0291688
1846.81 0.57457 -0.191523 -9.57617 -0.200997 -0.0227318 10.008 0.0577268 -0.111941 -0.0308487
1846.83 0.57457 -0.153219 -9.46126 -0.252443 0.0275174 10.0283 0.057574 -0.107054 -0.0381791
1846.84 0.727789 -0.153219 -9.46126 -0.330209 0.0334995 10.0187 0.0545197 -0.105527 -0.047342
1846.86 0.57457 -0.191523 -9.38465 -0.35653 0.0418744 10.0104 0.0574213 -0.106749 -0.046273
1846.88 0.804398 -0.0766094 -9.30804 -0.460618 0.106481 10.0152 0.0600175 -0.10965 -0.0409279
1846.89 0.842703 0.0383047 -9.46126 -0.494118 0.212961 10.0116 0.0597121 -0.112246 -0.034972
1846.91 0.65118 0.0383047 -9.34634 -0.441475 0.244068 10.0008 0.0572686 -0.113621 -0.0380264
1846.92 0.612875 -0.114914 -9.30804 -0.324227 0.254835 10.0199 0.0591012 -0.115759 -0.0436769
1846.94 0.497961 -0.0383047 -9.34634 -0.241675 0.20339 10.0152 0.0557414 -0.115148 -0.0372628
1846.96 0.459656 -0.0383047 -9.42295 -0.221336 0.163908 10.0367 0.0546724 -0.112399 -0.0255036
1846.97 0.497961 -0.153219 -9.26973 -0.25005 0.122034 10.0187 0.0519235 -0.108429 -0.022602
1846.99 0.459656 -0.114914 -9.42295 -0.27996 0.0753739 10.0259 0.054367 -0.112246 -0.0320704
1847.01 0.612875 -0.153219 -9.61448 -0.27996 0.0514457 10.0199 0.0539089 -0.10965 -0.0377209
1847.02 0.459656 -0.191523 -9.34634 -0.305085 0.0323031 10.0164 0.0571159 -0.115301 -0.0384845
1847.04 0.689484 -0.114914 -9.30804 -0.324227 0.132802 10.014 0.0572686 -0.111636 -0.0282525
1847.06 0.689484 0.0383047 -9.57617 -0.354138 0.20339 10.0247 0.0578795 -0.113315 -0.031765
1847.07 0.766094 -0.0383047 -9.46126 -0.349352 0.284746 10.0068 0.0574213 -0.11469 -0.0351248
1847.09 0.536266 -0.0766094 -9.34634 -0.262014 0.293121 9.99601 0.052229 -0.111636 -0.0400117
1847.11 0.497961 0.0 -9.30804 -0.224925 0.283549 9.99601 0.053298 -0.115148 -0.031765
1847.12 0.497961 -0.0383047 -9.34634 -0.208175 0.284746 10.0187 0.0520762 -0.110567 -0.0280998
1847.14 0.497961 -0.114914 -9.46126 -0.187837 0.252443 10.0128 0.0520762 -0.111025 -0.0271835
1847.16 0.459656 -0.114914 -9.34634 -0.171087 0.221336 10.0259 0.0514654 -0.113621 -0.0313068
1847.17 0.536266 -0.153219 -9.49956 -0.162712 0.113659 10.0403 0.0474948 -0.107054 -0.0293215
1847.19 0.344742 -0.229828 -9.46126 -0.165105 0.0550349 10.0331 0.0503964 -0.109039 -0.0290161
1847.21 0.421352 -0.153219 -9.46126 -0.178265 0.0311067 10.0319 0.0502437 -0.106443 -0.0294742
1847.22 0.612875 -0.191523 -9.53786 -0.259621 0.00837488 10.0199 0.0520762 -0.112857 -0.034972
1847.24 0.536266 -0.153219 -9.46126 -0.27996 0.00957129 10.0116 0.0542143 -0.110414 -0.0369573
1847.26 0.459656 -0.191523 -9.46126 -0.311067 0.0681954 10.0211 0.0531453 -0.107818 -0.0314596
1847.27 0.689484 -0.306437 -9.42295 -0.303888 0.0777667 10.0259 0.0572686 -0.111788 -0.0335976
1847.29 0.57457 -0.153219 -9.38465 -0.314656 0.117248 10.0187 0.0555887 -0.109956 -0.0355829
1847.31 0.459656 -0.191523 -9.38465 -0.290728 0.104088 10.0164 0.0539089 -0.111177 -0.036041
1847.32 0.459656 -0.0766094 -9.38465 -0.294317 0.0981057 10.0187 0.0560469 -0.115759 -0.03711
1847.34 0.497961 -0.191523 -9.46126 -0.284746 0.0897308 10.0187 0.0534507 -0.109498 -0.0316123
1847.36 0.612875 -0.153219 -9.53786 -0.26321 0.0622134 10.0152 0.0548251 -0.112094 -0.0340557
1847.37 0.497961 -0.191523 -9.38465 -0.248853 0.0323031 10.0128 0.052229 -0.106596 -0.0310014
1847.39 0.536266 -0.153219 -9.46126 -0.290728 0.00598205 10.0259 0.054367 -0.109956 -0.0363465
1847.41 0.459656 -0.114914 -9.23143 -0.318245 0.0 10.0104 0.0584903 -0.112094 -0.0358883
1847.42 0.612875 -0.229828 -9.19312 -0.345763 0.0143569 10.0211 0.0598648 -0.112552 -0.0374155
1847.44 0.689484 -0.191523 -9.42295 -0.354138 0.087338 10.0175 0.055436 -0.109498 -0.0357356
1847.46 0.727789 -0.114914 -9.42295 -0.340977 0.131605 10.0187 0.0581849 -0.108887 -0.0364992
1847.47 0.536266 -0.114914 -9.30804 -0.36012 0.166301 10.0044 0.0568105 -0.109956 -0.0354302
1847.49 0.497961 -0.0383047 -9.34634 -0.324227 0.215354 10.0259 0.0557414 -0.111636 -0.0366519
1847.5 0.689484 -0.0383047 -9.57617 -0.281157 0.2333 10.0164 0.0574213 -0.11133 -0.0366519
1847.52 0.536266 0.0 -9.42295 -0.272782 0.248853 10.002 0.0537561 -0.10797 -0.0355829
1847.53 0.421352 0.0383047 -9.42295 -0.239282 0.252443 9.98883 0.0540616 -0.111025 -0.0342084
1847.55 0.383047 -0.0383047 -9.46126 -0.236889 0.222532 10.0211 0.0557414 -0.112705 -0.0332921
1847.56 0.383047 -0.0766094 -9.46126 -0.2333 0.179462 10.0187 0.0523817 -0.11133 -0.0351248
1847.58 0.421352 -0.0766094 -9.30804 -0.229711 0.157926 10.0152 0.0539089 -0.112857 -0.0346666
1847.6 0.497961 -0.0383047 -9.42295 -0.226122 0.141176 10.008 0.0555887 -0.112857 -0.0364992
1848.2 0.497961 -0.153219 -9.42295 -0.265603 0.129212 10.0152 0.0514654 -0.107818 -0.0335976
1848.21 0.536266 -0.153219 -9.42295 -0.289531 0.116052 10.0164 0.0534507 -0.109803 -0.0326813
1848.23 0.65118 -0.114914 -9.30804 -0.301496 0.113659 10.0403 0.0537561 -0.110414 -0.0358883
1848.25 0.497961 -0.153219 -9.42295 -0.354138 0.120837 10.0187 0.0519235 -0.107054 -0.0351248
1848.26 0.727789 -0.153219 -9.46126 -0.382851 0.100499 10.0199 0.0523817 -0.108887 -0.0342084
1848.28 0.689484 -0.0766094 -9.34634 -0.369691 0.100499 10.0235 0.0555887 -0.110567 -0.0346666
1848.3 0.536266 -0.0383047 -9.30804 -0.358923 0.0861416 10.0235 0.0534507 -0.112246 -0.0368046
1848.32 0.689484 -0.153219 -9.49956 -0.321834 0.087338 10.0211 0.054367 -0.112094 -0.0329867
1848.34 0.65118 -0.153219 -9.34634 -0.294317 0.106481 10.0164 0.0542143 -0.111177 -0.0239765
1848.35 0.421352 -0.153219 -9.30804 -0.297906 0.132802 10.0056 0.0529926 -0.110108 -0.0221439
1848.37 0.497961 -0.0766094 -9.38465 -0.289531 0.116052 10.014 0.0563523 -0.115759 -0.0340557
1848.39 0.497961 -0.229828 -9.42295 -0.238086 0.0681954 10.0331 0.053298 -0.111941 -0.0357356
1848.41 0.497961 -0.0766094 -9.53786 -0.208175 0.0478564 10.0415 0.0552833 -0.116217 -0.034972
1848.42 0.497961 -0.0766094 -9.38465 -0.240479 0.0598205 10.0211 0.0542143 -0.109803 -0.0287107
1848.44 0.497961 -0.191523 -9.46126 -0.226122 0.0741775 10.0283 0.0549779 -0.110567 -0.0335976
1848.45 0.421352 -0.114914 -9.38465 -0.199801 0.0777667 10.0355 0.0531453 -0.109803 -0.0358883
1848.47 0.497961 -0.0766094 -9.61448 -0.223729 0.0957129 10.0307 0.0526871 -0.106749 -0.0357356
1848.49 0.536266 -0.114914 -9.23143 -0.240479 0.141176 10.0247 0.0561996 -0.111636 -0.0387899
1848.5 0.421352 -0.0383047 -9.38465 -0.238086 0.151944 10.0116 0.0542143 -0.109498 -0.0366519
1848.52 0.57457 0.0 -9.30804 -0.267996 0.166301 10.0247 0.0580322 -0.110261 -0.0352775
1848.54 0.536266 -0.0766094 -9.38465 -0.303888 0.200997 10.0104 0.0558941 -0.110108 -0.031765
1848.55 0.459656 0.0 -9.38465 -0.257228 0.227318 10.0187 0.0546724 -0.106749 -0.0302378
1848.57 0.57457 -0.153219 -9.53786 -0.202193 0.277567 10.0068 0.0548251 -0.110872 -0.0308487
1848.59 0.536266 0.0 -9.34634 -0.235693 0.211765 10.0068 0.0493274 -0.105985 -0.0287107
1848.6 0.612875 -0.0766094 -9.38465 -0.215354 0.154337 10.0128 0.0510072 -0.108429 -0.0320704
1848.62 0.65118 -0.191523 -9.42295 -0.191426 0.130409 10.0116 0.056505 -0.112857 -0.0351248
1848.64 0.57457 -0.0766094 -9.30804 -0.224925 0.0789631 10.0367 0.0519235 -0.108429 -0.0346666
1848.65 0.727789 -0.0766094 -9.42295 -0.305085 0.0454636 10.0283 0.0548251 -0.109039 -0.0351248
1848.67 0.689484 -0.114914 -9.34634 -0.302692 0.0634098 10.0187 0.0517708 -0.107665 -0.0358883
1848.69 0.65118 0.0 -9.46126 -0.337388 0.102891 10.0211 0.0552833 -0.108581 -0.0369573
1848.7 0.612875 -0.0383047 -9.49956 -0.363709 0.116052 10.0152 0.0558941 -0.109345 -0.0372628
1848.72 0.536266 -0.114914 -9.26973 -0.403191 0.117248 10.0187 0.0560469 -0.112857 -0.0429133
1848.74 0.612875 -0.0766094 -9.38465 -0.354138 0.15673 10.0247 0.0520762 -0.106596 -0.0343612
1848.75 0.65118 -0.0766094 -9.34634 -0.334995 0.168694 10.0283 0.0539089 -0.110414 -0.0285579
1848.77 0.536266 -0.0383047 -9.42295 -0.355334 0.224925 10.0211 0.0561996 -0.114079 -0.0270308
1848.79 0.689484 0.0 -9.38465 -0.305085 0.206979 10.0128 0.0511599 -0.109498 -0.0251982
1848.8 0.57457 0.0383047 -9.26973 -0.271585 0.187837 10.0319 0.054367 -0.114385 -0.0302378
1848.82 0.536266 -0.0766094 -9.42295 -0.258425 0.11007 10.0235 0.0516181 -0.113468 -0.0280998
1848.84 0.421352 -0.114914 -9.38465 -0.257228 0.04666 10.0367 0.0546724 -0.112705 -0.0276416
1848.85 0.344742 -0.153219 -9.23143 -0.245264 0.0131605 10.0164 0.0507018 -0.109956 -0.033903
1848.87 0.459656 -0.229828 -9.26973 -0.238086 -0.0299103 10.0211 0.0561996 -0.114385 -0.0381791
1848.88 0.459656 -0.306437 -9.46126 -0.283549 -0.020339 10.0199 0.0571159 -0.11301 -0.0361938
1848.9 0.536266 -0.153219 -9.49956 -0.299103 0.0227318 10.0128 0.0581849 -0.112246 -0.0354302
1848.92 0.497961 -0.0383047 -9.46126 -0.276371 0.11007 10.0259 0.0561996 -0.109498 -0.0369573
1848.93 0.65118 -0.0383047 -9.49956 -0.282353 0.153141 10.0175 0.0571159 -0.111636 -0.0426078
1848.95 0.536266 -0.114914 -9.49956 -0.282353 0.177069 10.014 0.0557414 -0.111025 -0.0372628
1848.97 0.57457 0.0383047 -9.34634 -0.238086 0.245264 10.0044 0.0558941 -0.11133 -0.0326813
1848.98 0.344742 0.0766094 -9.46126 -0.214158 0.260818 10.0199 0.0534507 -0.11133 -0.0288634
1849.0 0.421352 -0.0383047 -9.38465 -0.180658 0.240479 10.0343 0.053298 -0.110567 -0.0316123
1849.02 0.536266 -0.114914 -9.38465 -0.202193 0.17348 10.0116 0.0528398 -0.109498 -0.0316123
1849.04 0.497961 -0.114914 -9.42295 -0.161515 0.107677 10.0152 0.0528398 -0.110108 -0.0302378
1849.05 0.497961 -0.153219 -9.30804 -0.196211 0.0191426 10.0247 0.053298 -0.109803 -0.0297797
1849.07 0.497961 -0.153219 -9.38465 -0.232104 0.00478564 10.0331 0.0508545 -0.103083 -0.0293215
1849.09 0.459656 -0.191523 -9.61448 -0.284746 -0.00358923 10.0223 0.0551306 -0.108429 -0.0361938
1849.1 0.57457 -0.229828 -9.42295 -0.284746 0.0478564 10.0152 0.0571159 -0.110414 -0.0375682
1849.12 0.536266 -0.191523 -9.46126 -0.31346 0.0789631 10.0199 0.0589485 -0.111025 -0.0398589
1849.13 0.497961 -0.0383047 -9.46126 -0.336191 0.136391 10.0175 0.0587958 -0.112094 -0.041997
1849.15 0.612875 0.0 -9.46126 -0.361316 0.227318 10.0187 0.0580322 -0.108887 -0.0357356
1849.17 0.497961 0.0383047 -9.46126 -0.352941 0.256032 10.0199 0.0552833 -0.109039 -0.0351248
1849.18 0.65118 0.0 -9.38465 -0.329013 0.262014 10.0008 0.0560469 -0.11133 -0.0363465
1849.2 0.65118 -0.153219 -9.42295 -0.297906 0.215354 10.0104 0.0526871 -0.107054 -0.0355829
1849.22 0.497961 -0.0383047 -9.49956 -0.272782 0.197408 10.0092 0.0537561 -0.112552 -0.0345139
1849.23 0.65118 -0.114914 -9.42295 -0.30987 0.16989 10.0092 0.0537561 -0.109956 -0.0264199
1849.25 0.612875 -0.268133 -9.34634 -0.323031 0.108873 10.0259 0.0536034 -0.112705 -0.0282525
1849.27 0.536266 -0.0766094 -9.46126 -0.327816 0.0753739 10.0056 0.0525344 -0.111177 -0.0297797
1849.28 0.612875 -0.114914 -9.38465 -0.323031 0.020339 10.0259 0.0558941 -0.115759 -0.0361938
1849.3 0.57457 -0.229828 -9.53786 -0.34337 0.0167498 10.0175 0.0525344 -0.109498 -0.0319177
1849.32 0.57457 -0.114914 -9.42295 -0.348156 0.0370887 10.0223 0.054367 -0.109803 -0.0329867
1849.33 0.459656 -0.153219 -9.53786 -0.312263 0.104088 10.0235 0.0548251 -0.114843 -0.0363465
1849.35 0.689484 -0.0766094 -9.34634 -0.285942 0.162712 10.0199 0.0542143 -0.111483 -0.034972
1849.37 0.536266 -0.0383047 -9.38465 -0.245264 0.200997 10.0008 0.0558941 -0.111177 -0.0351248
1849.38 0.383047 0.0 -9.30804 -0.215354 0.258425 10.0319 0.0531453 -0.110567 -0.0319177
1849.4 0.421352 -0.0383047 -9.34634 -0.184247 0.242871 10.0355 0.0551306 -0.113926 -0.0329867
1849.42 0.421352 -0.0383047 -9.38465 -0.210568 0.211765 10.0068 0.0505491 -0.108123 -0.0308487
1849.43 0.497961 -0.0766094 -9.53786 -0.228514 0.163908 10.0235 0.0474948 -0.10568 -0.0274889
1849.45 0.421352 -0.0766094 -9.42295 -0.246461 0.102891 10.0187 0.0508545 -0.112094 -0.0274889
1849.47 0.57457 -0.268133 -9.34634 -0.238086 0.0717846 10.0295 0.0490219 -0.109956 -0.0294742
1849.48 0.536266 -0.229828 -9.38465 -0.25005 -0.00837488 10.014 0.0523817 -0.111483 -0.0316123
1849.5 0.383047 -0.421352 -9.15482 -0.235693 0.00239282 10.0235 0.0558941 -0.112246 -0.034972
1849.52 0.57457 -0.191523 -9.46126 -0.224925 -0.00119641 10.0439 0.0548251 -0.111636 -0.0345139
1849.53 0.421352 -0.114914 -9.34634 -0.221336 0.0251246 10.0164 0.0523817 -0.106749 -0.0357356
1849.55 0.497961 -0.0383047 -9.53786 -0.211765 0.0981057 10.0223 0.0574213 -0.109956 -0.0394008
1849.56 0.497961 -0.0766094 -9.38465 -0.199801 0.13998 10.0343 0.0539089 -0.106596 -0.0383318
1849.58 0.536266 0.0383047 -9.46126 -0.218943 0.175872 10.0247 0.0578795 -0.111483 -0.0409279
1849.6 0.459656 -0.114914 -9.46126 -0.21655 0.195015 10.0379 0.0557414 -0.106901 -0.0354302
1849.61 0.612875 -0.0766094 -9.38465 -0.271585 0.211765 10.0271 0.053298 -0.106443 -0.0337503
1849.63 0.383047 0.0 -9.42295 -0.31346 0.190229 10.0116 0.0514654 -0.106138 -0.0325286
1849.65 0.497961 -0.114914 -9.34634 -0.337388 0.165105 10.008 0.0537561 -0.110261 -0.0358883
1849.66 0.689484 -0.114914 -9.42295 -0.352941 0.0861416 10.0128 0.0510072 -0.108276 -0.034972
1849.68 0.65118 -0.153219 -9.42295 -0.348156 0.0299103 10.0403 0.0529926 -0.106596 -0.0325286
1849.69 0.65118 -0.114914 -9.53786 -0.372084 0.0119641 10.0223 0.0555887 -0.110872 -0.0313068
1849.71 0.727789 -0.153219 -9.30804 -0.339781 0.0334995 10.0211 0.053298 -0.109345 -0.0334449
1849.73 0.536266 -0.153219 -9.42295 -0.282353 0.066999 10.0164 0.0578795 -0.112857 -0.0394008
1849.74 0.459656 -0.0766094 -9.30804 -0.289531 0.0825523 10.0116 0.0566577 -0.111483 -0.0394008
1849.76 0.536266 -0.0383047 -9.38465 -0.287139 0.167498 10.0092 0.0551306 -0.107512 -0.0343612
1849.78 0.612875 0.0766094 -9.34634 -0.301496 0.235693 10.0235 0.0560469 -0.111941 -0.0346666
1849.79 0.612875 -0.0766094 -9.34634 -0.289531 0.262014 10.0259 0.0571159 -0.111636 -0.0375682
1849.81 0.536266 0.0383047 -9.42295 -0.325424 0.259621 10.0199 0.0534507 -0.109498 -0.0357356
1849.83 0.727789 0.0 -9.19312 -0.355334 0.239282 10.0152 0.054367 -0.112399 -0.0314596
1849.84 0.689484 -0.114914 -9.34634 -0.368495 0.206979 10.0211 0.0526871 -0.111788 -0.0288634
1849.86 0.612875 -0.114914 -9.38465 -0.367298 0.142373 10.0152 0.0526871 -0.115912 -0.0319177
1849.88 0.383047 -0.153219 -9.26973 -0.315852 0.101695 10.0247 0.0528398 -0.114232 -0.0294742
1849.89 0.536266 -0.114914 -9.38465 -0.267996 0.0777667 10.0331 0.0536034 -0.115759 -0.0293215
1849.91 0.497961 -0.153219 -9.46126 -0.217747 0.0550349 10.0187 0.0523817 -0.110414 -0.0294742
1849.92 0.497961 -0.0383047 -9.34634 -0.183051 0.0598205 10.0307 0.054367 -0.112705 -0.0300851
1849.94 0.459656 -0.114914 -9.38465 -0.183051 0.0825523 10.0223 0.053298 -0.110261 -0.0311541
1849.96 0.612875 -0.0766094 -9.57617 -0.17348 0.12323 10.0199 0.0531453 -0.110567 -0.0352775
1849.97 0.536266 -0.0383047 -9.46126 -0.174676 0.172283 10.0259 0.0520762 -0.10965 -0.036041
1849.99 0.421352 -0.0766094 -9.49956 -0.168694 0.190229 10.0128 0.0548251 -0.10965 -0.0364992
1850.01 0.459656 -0.0383047 -9.19312 -0.227318 0.209372 10.0152 0.0516181 -0.107054 -0.0322231
1850.02 0.57457 -0.153219 -9.42295 -0.323031 0.206979 10.0235 0.0537561 -0.106749 -0.0290161
1850.04 0.612875 0.0 -9.30804 -0.320638 0.174676 10.0164 0.0502437 -0.106596 -0.0280998
1850.06 0.459656 -0.0766094 -9.38465 -0.256032 0.137587 10.0211 0.0502437 -0.109192 -0.0346666
1850.07 0.536266 -0.153219 -9.57617 -0.235693 0.0442672 10.0319 0.0528398 -0.110567 -0.0345139
1850.09 0.497961 -0.229828 -9.42295 -0.241675 0.026321 10.0259 0.0528398 -0.110872 -0.0284052
1850.11 0.536266 -0.191523 -9.42295 -0.238086 0.0227318 10.008 0.055436 -0.11133 -0.0300851
1850.12 0.612875 -0.268133 -9.34634 -0.253639 -0.00119641 10.0116 0.0557414 -0.108429 -0.0331394
1850.14 0.497961 -0.268133 -9.69109 -0.281157 0.00239282 10.0008 0.0552833 -0.109039 -0.0398589
1850.16 0.612875 -0.0766094 -9.38465 -0.311067 0.0311067 10.0343 0.0591012 -0.112857 -0.0416915
1850.17 0.57457 -0.0766094 -9.11651 -0.370887 0.106481 10.0271 0.0540616 -0.105527 -0.0291688
1850.19 0.727789 -0.0383047 -9.42295 -0.396012 0.159123 9.9996 0.0574213 -0.109956 -0.0329867
1850.21 0.689484 0.0383047 -9.49956 -0.399601 0.199801 10.0056 0.0545197 -0.109345 -0.03711
1850.22 0.57457 -0.114914 -9.46126 -0.357727 0.181854 10.0152 0.0563523 -0.112246 -0.0387899
1850.24 0.612875 0.0 -9.23143 -0.319442 0.178265 10.0355 0.055436 -0.112246 -0.0381791
1850.26 0.536266 -0.153219 -9.38465 -0.323031 0.112463 10.0199 0.0514654 -0.10797 -0.029627
1850.27 0.57457 -0.153219 -9.49956 -0.301496 0.0646062 10.0104 0.054367 -0.114079 -0.036041
1850.29 0.612875 -0.268133 -9.30804 -0.276371 0.0311067 10.0379 0.0529926 -0.114232 -0.0358883
1850.3 0.459656 -0.114914 -9.42295 -0.294317 0.0 10.0116 0.0551306 -0.111177 -0.0340557
1850.32 0.57457 -0.153219 -9.34634 -0.29671 0.0179462 10.0223 0.0566577 -0.111483 -0.0313068
1850.34 0.497961 -0.153219 -9.42295 -0.253639 0.101695 10.0152 0.0568105 -0.110414 -0.0331394
1850.35 0.536266 -0.114914 -9.38465 -0.283549 0.161515 10.0187 0.0598648 -0.116828 -0.0398589
1850.37 0.536266 -0.0766094 -9.57617 -0.260818 0.161515 10.014 0.0580322 -0.115606 -0.0407752
1850.39 0.459656 -0.0766094 -9.42295 -0.232104 0.224925 10.0211 0.0574213 -0.11301 -0.03711
1850.4 0.383047 -0.0383047 -9.38465 -0.205783 0.260818 10.0283 0.0549779 -0.110108 -0.0311541
1850.42 0.612875 -0.0766094 -9.23143 -0.22014 0.252443 10.014 0.054367 -0.11133 -0.0329867
1850.44 0.459656 -0.0766094 -9.34634 -0.21655 0.229711 10.0128 0.0528398 -0.109956 -0.034972
1850.45 0.421352 -0.0766094 -9.34634 -0.190229 0.175872 10.0187 0.0546724 -0.11301 -0.0346666
1850.47 0.57457 -0.0383047 -9.42295 -0.239282 0.135194 10.0032 0.0529926 -0.109345 -0.0262672
1850.49 0.536266 -0.229828 -9.38465 -0.281157 0.149551 10.014 0.0525344 -0.108887 -0.0259618
1850.5 0.421352 0.0766094 -9.49956 -0.245264 0.157926 10.0283 0.0546724 -0.110567 -0.0322231
1850.52 0.57457 -0.0383047 -9.38465 -0.257228 0.0909272 10.0307 0.052229 -0.110108 -0.0346666
1850.54 0.459656 -0.153219 -9.30804 -0.262014 0.0957129 10.0211 0.0560469 -0.111177 -0.0346666
1850.55 0.57457 -0.0383047 -9.38465 -0.256032 0.149551 10.0116 0.0542143 -0.10965 -0.0310014
1850.57 0.536266 -0.153219 -9.38465 -0.275174 0.163908 10.0199 0.0517708 -0.107054 -0.0322231
1850.59 0.57457 -0.0383047 -9.42295 -0.287139 0.153141 10.0092 0.0516181 -0.108887 -0.0343612
1850.6 0.612875 -0.114914 -9.34634 -0.305085 0.162712 10.014 0.0520762 -0.110108 -0.0329867
1850.62 0.65118 -0.114914 -9.23143 -0.312263 0.198604 10.0175 0.0520762 -0.109498 -0.0302378
1850.63 0.612875 0.0 -9.15482 -0.327816 0.165105 10.0175 0.0531453 -0.109498 -0.0302378
1850.65 0.421352 -0.191523 -9.38465 -0.333799 0.105284 10.0175 0.0513127 -0.109192 -0.0337503
1850.67 0.804398 -0.0383047 -9.57617 -0.36012 0.0789631 10.0199 0.0503964 -0.110719 -0.0280998
1850.68 0.57457 -0.114914 -9.38465 -0.355334 0.0717846 10.0223 0.0507018 -0.111483 -0.023671
1850.7 0.65118 -0.229828 -9.49956 -0.337388 0.0574277 10.0164 0.0526871 -0.111788 -0.0270308
1850.72 0.57457 -0.191523 -9.34634 -0.291924 0.0251246 10.0355 0.0516181 -0.110872 -0.0316123
1850.73 0.57457 -0.153219 -9.38465 -0.276371 0.00837488 10.0295 0.0568105 -0.116217 -0.0357356
1850.75 0.612875 -0.114914 -9.88261 -0.244068 0.0370887 10.0175 0.055436 -0.11301 -0.0308487
1850.77 0.421352 -0.0383047 -9.46126 -0.21655 0.0681954 10.0175 0.053298 -0.110567 -0.0303905
1850.78 0.612875 -0.0766094 -9.42295 -0.177069 0.0729811 10.0379 0.0563523 -0.114079 -0.0357356
1850.8 0.459656 -0.0766094 -9.38465 -0.20339 0.0801595 10.0092 0.0528398 -0.107818 -0.0366519
1850.82 0.306437 -0.0766094 -9.38465 -0.241675 0.132802 10.0175 0.0558941 -0.111941 -0.0357356
1850.83 0.497961 -0.114914 -9.49956 -0.270389 0.131605 10.0104 0.0568105 -0.111636 -0.033903
1850.85 0.497961 -0.114914 -9.34634 -0.294317 0.120837 10.014 0.0534507 -0.105069 -0.0329867
1850.87 0.497961 -0.114914 -9.46126 -0.290728 0.118445 10.0283 0.0568105 -0.11133 -0.0374155
1850.88 0.536266 -0.0766094 -9.23143 -0.271585 0.0825523 10.0068 0.0517708 -0.108123 -0.0346666
1850.9 0.57457 -0.191523 -9.38465 -0.253639 0.0729811 10.0199 0.0548251 -0.109956 -0.0361938
1850.92 0.57457 -0.153219 -9.30804 -0.22014 0.0646062 10.0295 0.0581849 -0.114385 -0.0352775
1850.93 0.421352 -0.114914 -9.38465 -0.208175 0.0813559 10.0223 0.0551306 -0.109039 -0.0326813
1850.95 0.497961 -0.114914 -9.42295 -0.160319 0.0993021 10.0379 0.0572686 -0.111788 -0.0389426
1850.97 0.383047 -0.114914 -9.38465 -0.177069 0.111266 10.0283 0.0587958 -0.111483 -0.0407752
1850.98 0.421352 -0.114914 -9.42295 -0.205783 0.128016 10.0199 0.0577268 -0.108123 -0.03711
1851.0 0.536266 -0.0383047 -9.34634 -0.240479 0.177069 10.0164 0.0563523 -0.107818 -0.0380264
1851.02 0.57457 -0.0766094 -9.42295 -0.299103 0.197408 10.0152 0.0546724 -0.104458 -0.0398589
1851.03 0.65118 -0.0766094 -9.26973 -0.325424 0.185444 10.0008 0.0531453 -0.104305 -0.0386372
1851.05 0.727789 -0.0766094 -9.49956 -0.376869 0.174676 10.0116 0.0551306 -0.108581 -0.0381791
1851.07 0.689484 -0.114914 -9.46126 -0.397208 0.178265 10.0152 0.0545197 -0.108734 -0.0334449
1851.08 0.65118 -0.0766094 -9.49956 -0.380459 0.184247 10.0199 0.0551306 -0.110414 -0.0346666
1851.1 0.612875 -0.114914 -9.42295 -0.372084 0.154337 10.0152 0.0526871 -0.109345 -0.0337503
1851.12 0.766094 -0.114914 -9.46126 -0.329013 0.128016 10.0175 0.0551306 -0.114232 -0.0335976
1851.13 0.727789 -0.0383047 -9.57617 -0.297906 0.136391 10.0032 0.0528398 -0.111025 -0.0308487
1851.15 0.536266 -0.153219 -9.38465 -0.273978 0.150748 10.0175 0.0569632 -0.116523 -0.0325286
1851.17 0.536266 -0.153219 -9.34634 -0.265603 0.144766 10.0128 0.0539089 -0.112246 -0.0346666
1851.18 0.459656 -0.0383047 -9.69109 -0.232104 0.151944 10.0319 0.0546724 -0.112094 -0.032834
1851.2 0.497961 -0.153219 -9.38465 -0.288335 0.142373 10.0247 0.0505491 -0.106138 -0.0320704
1851.21 0.689484 -0.0766094 -9.34634 -0.320638 0.171087 10.0152 0.0537561 -0.11133 -0.0325286
1851.23 0.65118 -0.0766094 -9.30804 -0.294317 0.167498 10.0391 0.0542143 -0.111788 -0.0331394
1851.25 0.689484 -0.153219 -9.49956 -0.344566 0.155533 10.0128 0.0488692 -0.106901 -0.0320704
1851.26 0.536266 -0.0766094 -9.26973 -0.350548 0.135194 10.008 0.0525344 -0.114079 -0.031765
1851.28 0.459656 -0.0766094 -9.38465 -0.334995 0.145962 10.0068 0.0516181 -0.111941 -0.0282525
1851.3 0.459656 -0.114914 -9.42295 -0.294317 0.137587 10.0283 0.0545197 -0.114995 -0.0299324
1851.31 0.612875 -0.0766094 -9.42295 -0.246461 0.106481 10.0199 0.0545197 -0.116675 -0.0303905
1851.33 0.459656 -0.153219 -9.34634 -0.223729 0.0981057 10.0068 0.0525344 -0.112857 -0.0294742
1851.35 0.536266 -0.191523 -9.57617 -0.17348 0.0861416 10.0128 0.0526871 -0.111788 -0.0287107
1851.36 0.459656 -0.153219 -9.46126 -0.137587 0.0741775 10.0211 0.0529926 -0.112246 -0.0314596
1851.38 0.497961 -0.191523 -9.46126 -0.147159 0.0646062 10.0367 0.0549779 -0.113315 -0.033903
1851.4 0.421352 -0.0766094 -9.42295 -0.16989 0.0586241 10.0271 0.0583376 -0.114079 -0.0368046
1851.41 0.497961 -0.114914 -9.30804 -0.238086 0.0897308 10.0235 0.052229 -0.104458 -0.0332921
1851.43 0.459656 0.0 -9.49956 -0.25005 0.0981057 10.0187 0.055436 -0.110567 -0.0357356
1851.45 0.612875 -0.191523 -9.34634 -0.294317 0.0945165 10.0175 0.056505 -0.10965 -0.036041
1851.46 0.612875 -0.114914 -9.42295 -0.301496 0.0993021 10.0235 0.053298 -0.109498 -0.0363465
1851.48 0.459656 -0.191523 -9.42295 -0.306281 0.0969093 10.0223 0.0571159 -0.110108 -0.0354302
1851.5 0.497961 -0.0766094 -9.38465 -0.308674 0.105284 10.0211 0.0536034 -0.107818 -0.0340557
1851.51 0.459656 -0.153219 -9.49956 -0.271585 0.107677 10.0235 0.055436 -0.110872 -0.032834
1851.53 0.536266 -0.191523 -9.38465 -0.25005 0.100499 10.0247 0.056505 -0.114079 -0.0366519
1851.55 0.65118 -0.0766094 -9.34634 -0.232104 0.0789631 10.0092 0.0539089 -0.109192 -0.0329867
1851.56 0.497961 -0.0766094 -9.46126 -0.235693 0.0849452 10.014 0.053298 -0.106596 -0.033903
1851.58 0.497961 -0.191523 -9.34634 -0.254835 0.0741775 10.0187 0.0566577 -0.109498 -0.0354302
1851.6 0.497961 -0.191523 -9.30804 -0.252443 0.0945165 10.0307 0.0555887 -0.107512 -0.0375682
1851.61 0.689484 -0.114914 -9.42295 -0.29671 0.104088 10.0235 0.0577268 -0.109803 -0.0401644
1851.63 0.497961 -0.114914 -9.42295 -0.350548 0.132802 10.0128 0.0551306 -0.108429 -0.0395535
1851.65 0.65118 -0.191523 -9.34634 -0.362513 0.151944 10.0199 0.0549779 -0.108734 -0.0400117
1851.66 0.727789 -0.0766094 -9.38465 -0.380459 0.171087 10.0152 0.0542143 -0.107207 -0.0352775
1851.68 0.612875 -0.153219 -9.38465 -0.364905 0.180658 10.0164 0.0555887 -0.11133 -0.0357356
1851.7 0.766094 -0.114914 -9.53786 -0.333799 0.189033 10.0187 0.057574 -0.111788 -0.0363465
1851.71 0.65118 0.0 -9.42295 -0.315852 0.200997 10.008 0.0568105 -0.11301 -0.033903
1851.73 0.766094 -0.0383047 -9.30804 -0.277567 0.196211 10.0104 0.0558941 -0.115148 -0.0335976
1851.75 0.383047 -0.0383047 -9.46126 -0.265603 0.185444 10.0199 0.0539089 -0.112705 -0.031765
1851.76 0.536266 -0.153219 -9.38465 -0.240479 0.184247 10.0223 0.0534507 -0.111177 -0.0300851
1851.78 0.612875 -0.114914 -9.69109 -0.21655 0.163908 10.0259 0.054367 -0.112705 -0.0320704
1851.8 0.383047 -0.114914 -9.42295 -0.230907 0.154337 10.0092 0.0505491 -0.108581 -0.0294742
1851.81 0.383047 -0.0383047 -9.42295 -0.252443 0.145962 10.0223 0.0549779 -0.113163 -0.0325286
1851.83 0.57457 -0.0766094 -9.38465 -0.270389 0.148355 10.0343 0.0552833 -0.114995 -0.034972
1851.85 0.57457 -0.114914 -9.49956 -0.264407 0.135194 10.0259 0.0546724 -0.113468 -0.0332921
1851.86 0.65118 -0.0766094 -9.34634 -0.295514 0.151944 10.0331 0.0549779 -0.112094 -0.0346666
1851.88 0.459656 -0.114914 -9.15482 -0.308674 0.171087 10.0211 0.0526871 -0.10965 -0.0300851
1851.9 0.65118 -0.0766094 -9.42295 -0.285942 0.165105 10.0092 0.0514654 -0.110719 -0.0316123
1851.91 0.459656 -0.114914 -9.42295 -0.265603 0.16989 10.0068 0.053298 -0.112552 -0.0319177
1851.93 0.612875 -0.229828 -9.23143 -0.259621 0.119641 10.0283 0.0539089 -0.113315 -0.0302378
1851.95 0.536266 -0.0766094 -9.38465 -0.2333 0.12682 10.008 0.0494801 -0.108123 -0.0282525
1851.96 0.497961 -0.306437 -9.46126 -0.22014 0.0945165 10.0307 0.0537561 -0.113926 -0.0303905
1851.98 0.57457 -0.191523 -9.46126 -0.22014 0.066999 10.014 0.0520762 -0.112705 -0.0313068
1852.0 0.421352 -0.0766094 -9.57617 -0.245264 0.0502493 10.0211 0.0540616 -0.111177 -0.0337503
1852.01 0.536266 -0.191523 -9.46126 -0.253639 0.0275174 10.0331 0.0539089 -0.110719 -0.0335976
1852.03 0.383047 -0.153219 -9.30804 -0.271585 0.026321 10.0271 0.0523817 -0.110567 -0.032834
1852.04 0.57457 -0.191523 -9.61448 -0.282353 0.0430708 10.0283 0.0536034 -0.110261 -0.036041
1852.06 0.497961 -0.114914 -9.30804 -0.318245 0.04666 10.0056 0.057574 -0.111941 -0.0369573
1852.08 0.497961 -0.306437 -9.19312 -0.331406 0.0646062 10.0247 0.054367 -0.107054 -0.034972
1852.09 0.459656 -0.0766094 -9.34634 -0.323031 0.0921237 10.0391 0.0569632 -0.112246 -0.0369573
1852.11 0.57457 -0.114914 -9.42295 -0.289531 0.118445 10.0343 0.0568105 -0.11133 -0.0380264
1852.13 0.65118 -0.153219 -9.15482 -0.290728 0.118445 10.0223 0.0581849 -0.114843 -0.0375682
1852.14 0.497961 -0.114914 -9.26973 -0.256032 0.105284 10.0116 0.0558941 -0.109498 -0.0348193
1852.16 0.612875 -0.114914 -9.49956 -0.245264 0.119641 10.0235 0.0580322 -0.111941 -0.0358883
1852.18 0.497961 -0.0766094 -9.46126 -0.240479 0.117248 10.0307 0.0552833 -0.108276 -0.0331394
1852.19 0.459656 -0.268133 -9.38465 -0.247657 0.09332 10.0187 0.0569632 -0.108581 -0.0342084
1852.21 0.459656 -0.191523 -9.57617 -0.26321 0.0741775 10.0187 0.0569632 -0.110261 -0.0375682
1852.23 0.727789 -0.114914 -9.46126 -0.265603 0.0945165 10.0295 0.057574 -0.112246 -0.0397062
1852.24 0.536266 -0.0766094 -9.38465 -0.283549 0.112463 10.0391 0.0569632 -0.110567 -0.0380264
1852.26 0.536266 -0.191523 -9.34634 -0.299103 0.12323 10.0247 0.0555887 -0.108123 -0.0378736
1852.28 0.459656 -0.153219 -9.42295 -0.312263 0.167498 10.0199 0.0598648 -0.114385 -0.0397062
1852.29 0.689484 0.0 -9.42295 -0.30987 0.211765 10.002 0.0563523 -0.110261 -0.0377209
1852.31 0.612875 -0.114914 -9.49956 -0.291924 0.223729 10.0223 0.0568105 -0.111177 -0.0361938
1852.33 0.65118 0.0 -9.42295 -0.276371 0.251246 10.0104 0.0558941 -0.112094 -0.036041
1852.34 0.421352 -0.0383047 -9.30804 -0.275174 0.257228 10.0211 0.0540616 -0.109498 -0.0342084
1852.36 0.421352 0.0766094 -9.42295 -0.247657 0.230907 10.0068 0.0520762 -0.108276 -0.0305433
1852.38 0.459656 0.0 -9.42295 -0.260818 0.196211 10.0187 0.0552833 -0.112399 -0.032834
1852.39 0.459656 -0.0766094 -9.34634 -0.264407 0.192622 10.0546 0.0517708 -0.108123 -0.0290161
1852.41 0.497961 -0.153219 -9.19312 -0.273978 0.166301 10.0247 0.0482583 -0.105527 -0.0276416
1852.43 0.65118 -0.0766094 -9.42295 -0.297906 0.113659 10.0175 0.0531453 -0.111788 -0.0323759
1852.44 0.612875 -0.0766094 -9.30804 -0.312263 0.122034 10.0259 0.0519235 -0.111025 -0.0322231
1852.46 0.383047 -0.0766094 -9.46126 -0.314656 0.129212 10.0175 0.0503964 -0.107665 -0.0297797
1852.48 0.57457 -0.0383047 -9.49956 -0.325424 0.118445 10.0104 0.0528398 -0.110108 -0.0299324
1852.49 0.612875 0.0383047 -9.42295 -0.332602 0.128016 10.0223 0.0528398 -0.110872 -0.0345139
1852.51 0.497961 -0.0766094 -9.38465 -0.293121 0.143569 10.0247 0.0560469 -0.114843 -0.0331394
1852.53 0.612875 0.0 -9.42295 -0.301496 0.159123 10.0247 0.0513127 -0.110719 -0.0288634
1852.54 0.57457 -0.114914 -9.42295 -0.278764 0.154337 10.0175 0.0529926 -0.111177 -0.0290161
1852.56 0.459656 -0.0383047 -9.26973 -0.275174 0.154337 10.0271 0.0545197 -0.113315 -0.0311541
1852.58 0.459656 -0.153219 -9.42295 -0.260818 0.0969093 10.0199 0.0508545 -0.111177 -0.0305433
1852.59 0.421352 -0.0766094 -9.38465 -0.262014 0.0622134 10.0092 0.0531453 -0.115759 -0.0303905
1852.61 0.459656 -0.153219 -9.46126 -0.271585 0.0562313 10.0175 0.0511599 -0.111177 -0.0297797
1852.63 0.536266 -0.153219 -9.42295 -0.278764 0.026321 10.0223 0.0507018 -0.111483 -0.0297797
1852.64 0.383047 -0.229828 -9.46126 -0.276371 0.00957129 10.0235 0.0534507 -0.111025 -0.032834
1852.66 0.421352 -0.229828 -9.34634 -0.26321 -0.00239282 10.0044 0.0528398 -0.110261 -0.0332921
1852.67 0.459656 -0.268133 -9.30804 -0.272782 0.0358923 10.0199 0.055436 -0.112857 -0.0352775
1852.69 0.57457 -0.191523 -9.34634 -0.248853 0.0299103 10.0187 0.0531453 -0.108581 -0.0343612
1852.71 0.536266 -0.153219 -9.38465 -0.238086 0.0921237 10.0175 0.0569632 -0.11301 -0.0368046
1852.72 0.536266 -0.191523 -9.38465 -0.226122 0.105284 10.0259 0.0563523 -0.109345 -0.0355829
1852.74 0.459656 -0.191523 -9.34634 -0.227318 0.122034 10.0307 0.0549779 -0.109039 -0.0351248
1852.75 0.344742 -0.0766094 -9.34634 -0.199801 0.137587 10.0283 0.055436 -0.110414 -0.0375682
1852.77 0.459656 0.0 -9.19312 -0.217747 0.133998 10.0187 0.0542143 -0.10797 -0.0343612
1852.78 0.497961 -0.0383047 -9.38465 -0.236889 0.137587 10.014 0.0578795 -0.112246 -0.0372628
1852.8 0.536266 -0.0766094 -9.46126 -0.247657 0.124427 10.0271 0.0568105 -0.110108 -0.0364992
1852.81 0.612875 -0.0766094 -9.38465 -0.248853 0.0945165 10.0427 0.0542143 -0.106901 -0.0355829
1853.41 0.536266 -0.0766094 -9.42295 -0.325424 0.120837 10.014 0.056505 -0.107512 -0.0368046
1853.43 0.65118 -0.229828 -9.42295 -0.349352 0.124427 10.0152 0.0571159 -0.110567 -0.0358883
1853.45 0.65118 -0.114914 -9.15482 -0.344566 0.114855 10.0175 0.0539089 -0.107818 -0.0332921
1853.46 0.612875 -0.153219 -9.38465 -0.344566 0.106481 10.0223 0.057574 -0.111177 -0.0378736
1853.48 0.727789 -0.153219 -9.38465 -0.315852 0.129212 10.0199 0.0552833 -0.109498 -0.0366519
1853.5 0.459656 -0.153219 -9.49956 -0.293121 0.141176 10.0271 0.0603229 -0.112246 -0.0363465
1853.51 0.536266 -0.0383047 -9.53786 -0.299103 0.17348 10.014 0.0584903 -0.112705 -0.0369573
1853.53 0.497961 -0.0766094 -9.34634 -0.282353 0.20339 10.0223 0.0552833 -0.108734 -0.0351248
1853.55 0.536266 -0.0766094 -9.46126 -0.272782 0.222532 10.0175 0.0586431 -0.113163 -0.0375682
1853.56 0.421352 -0.114914 -9.30804 -0.285942 0.240479 10.0152 0.0542143 -0.110872 -0.0355829
1853.58 0.612875 -0.0766094 -9.42295 -0.294317 0.242871 10.0152 0.053298 -0.110108 -0.0345139
1853.6 0.536266 0.0 -9.42295 -0.317049 0.25005 10.0187 0.0534507 -0.112705 -0.0323759
1853.61 0.421352 -0.0383047 -9.34634 -0.294317 0.210568 10.0259 0.0514654 -0.110719 -0.0310014
1853.63 0.536266 -0.0383047 -9.42295 -0.317049 0.211765 10.014 0.0523817 -0.11133 -0.0302378
1853.65 0.57457 0.0 -9.34634 -0.301496 0.159123 10.0199 0.0525344 -0.11301 -0.0293215
1853.66 0.612875 -0.191523 -9.42295 -0.270389 0.128016 10.0223 0.0503964 -0.110567 -0.0282525
1853.68 0.344742 -0.153219 -9.46126 -0.253639 0.124427 10.0044 0.0517708 -0.110261 -0.0288634
1853.7 0.497961 -0.114914 -9.34634 -0.246461 0.100499 10.0116 0.0537561 -0.114843 -0.031765
1853.71 0.459656 -0.191523 -9.38465 -0.223729 0.0861416 10.0247 0.0519235 -0.11133 -0.0290161
1853.73 0.536266 -0.191523 -9.26973 -0.224925 0.105284 10.0175 0.0548251 -0.111788 -0.0290161
1853.75 0.497961 -0.114914 -9.46126 -0.209372 0.106481 10.0307 0.0487165 -0.10568 -0.0280998
1853.76 0.57457 -0.0766094 -9.61448 -0.238086 0.122034 10.0235 0.055436 -0.111025 -0.032834
