1412.43 -9.0016 -0.344742 -1.68541 9.89671 -0.397208 2.08654 0.448222 -0.129503 -0.481667
1412.44 -9.03991 -0.268133 -1.68541 9.88235 -0.301496 2.08774 0.458607 -0.119271 -0.510683
1412.46 -8.88668 -0.0766094 -1.53219 9.84885 -0.206979 2.02792 0.465021 -0.11637 -0.49251
1412.48 -8.92499 -0.0766094 -1.07253 9.73759 0.0299103 1.83888 0.472962 -0.10965 -0.442877
1412.49 -8.84838 -0.0383047 -1.18745 9.57248 0.142373 1.72044 0.481209 -0.105985 -0.349109
1412.51 -8.77177 0.0383047 -1.14914 9.59282 0.172283 1.65344 0.481667 -0.102778 -0.225104
1412.53 -8.65686 0.114914 -1.14914 9.5354 0.223729 1.6008 0.485332 -0.101556 -0.177762
1412.54 -8.65686 0.153219 -1.18745 9.46481 0.238086 1.54816 0.487012 -0.100793 -0.11133
1412.56 -8.81008 0.229828 -1.22575 9.5318 0.323031 1.52303 0.490067 -0.100793 -0.0781907
1412.58 -8.73347 0.268133 -1.26405 9.54736 0.405583 1.53739 0.49419 -0.101251 -0.0801761
1412.59 -8.84838 0.383047 -1.11084 9.6993 0.461814 1.50748 0.491899 -0.0975857 -0.0875064
1412.61 -8.88668 0.344742 -1.37897 9.76271 0.508475 1.50748 0.491899 -0.0937678 -0.0949895
1412.63 -8.92499 0.383047 -1.18745 9.82134 0.592223 1.54217 0.490219 -0.0916298 -0.100182
1412.64 -9.0016 0.57457 -1.14914 9.734 0.707079 1.63789 0.484569 -0.0846048 -0.0907135
1412.66 -8.84838 0.612875 -1.37897 9.69093 0.792024 1.67378 0.478155 -0.0820086 -0.0358883
1412.67 -8.65686 0.727789 -1.34066 9.57368 0.878166 1.74556 0.4751 -0.0836885 -0.000152716
1412.69 -8.88668 0.612875 -1.34066 9.60838 0.981057 1.71565 0.461509 -0.078038 0.0627664
1412.71 -8.73347 0.842703 -1.22575 9.64068 0.991825 1.64985 0.447611 -0.0765108 0.0668897
1412.72 -8.96329 0.766094 -1.37897 9.81655 0.97986 1.55892 0.443794 -0.076969 0.0389426
1412.74 -9.07821 0.727789 -1.30236 10.0379 0.849452 1.53619 0.435394 -0.0734565 -0.00458149
1412.76 -9.07821 0.497961 -1.18745 10.0367 0.789631 1.49432 0.43066 -0.0723875 -0.0178678
1412.77 -9.07821 0.421352 -0.995922 9.98883 0.658026 1.41416 0.425773 -0.0670424 -0.0192422
1412.79 -9.19312 0.344742 -0.957617 10.0068 0.608973 1.32921 0.421344 -0.0681114 -0.0224493
1412.81 -9.19312 0.459656 -0.842703 9.96969 0.642473 1.28973 0.413556 -0.0616974 -0.00152716
1412.82 -9.03991 0.536266 -1.07253 9.89671 0.738185 1.30768 0.40928 -0.0603229 0.0155771
1412.84 -9.0016 0.727789 -0.919312 9.84167 0.829113 1.37468 0.393245 -0.053298 0.0470366
1412.86 -9.11651 0.727789 -0.957617 9.81894 0.855434 1.42134 0.380264 -0.0536034 0.0739146
1412.87 -8.84838 0.57457 -1.18745 9.75434 0.878166 1.51585 0.370032 -0.0516181 0.086132
1412.89 -8.77177 0.57457 -1.30236 9.69332 0.849452 1.61276 0.355982 -0.0545197 0.0873537
1412.91 -9.0016 0.497961 -1.34066 9.74955 0.815952 1.77308 0.337503 -0.0545197 0.101556
1412.92 -8.96329 0.536266 -1.57049 9.84885 0.770489 1.84008 0.330936 -0.0540616 0.113774
1412.94 -9.07821 0.421352 -1.41727 9.85962 0.635294 1.98245 0.315512 -0.0526871 0.116828
1412.96 -8.96329 0.497961 -1.6471 9.82253 0.486939 2.04826 0.301309 -0.0497855 0.103236
1412.97 -8.96329 0.229828 -1.6471 9.79741 0.433101 2.07099 0.29627 -0.0476475 0.0959058
1412.99 -8.92499 0.229828 -1.6088 9.85244 0.321834 2.15833 0.288176 -0.0436769 0.081245
1413.01 -9.15482 0.0 -1.83862 9.93739 0.275174 2.20259 0.279165 -0.0384845 0.085063
1413.02 -9.23143 0.0 -1.83862 10.1025 0.144766 2.20499 0.2755 -0.0358883 0.0905607
1413.04 -9.23143 -0.0766094 -1.6471 10.1946 -0.00837488 2.12243 0.27046 -0.0302378 0.0516181
1413.06 -9.53786 -0.153219 -1.53219 10.3729 -0.0909272 2.09252 0.270919 -0.0259618 -0.0305433
1413.07 -9.88261 -0.268133 -1.57049 10.8179 -0.238086 2.03629 0.27153 -0.0192422 -0.0733038
1413.09 -9.8443 -0.268133 -1.45558 10.8754 -0.29671 1.98843 0.272293 -0.00473421 -0.149815
1413.11 -9.49956 -0.229828 -1.30236 10.6504 -0.284746 1.86162 0.277027 0.00794125 -0.186925
1413.12 -8.92499 -0.306437 -1.34066 9.92064 -0.187837 1.80778 0.277944 0.0120646 -0.180511
1413.14 -8.23551 -0.153219 -1.34066 9.19083 -0.0969093 1.72762 0.276569 0.0187841 -0.124006
1413.16 -7.73755 -0.153219 -1.30236 8.76849 -0.061017 1.67139 0.276111 0.0169515 -0.0531453
1413.17 -7.69924 -0.191523 -1.30236 8.24088 -0.101695 1.71087 0.275347 0.0143553 -0.0210748
1413.19 -7.54602 -0.268133 -1.45558 8.20858 -0.162712 1.77188 0.279318 -0.000610865 0.0116064
1413.21 -7.81416 -0.306437 -1.45558 8.38684 -0.2333 1.89511 0.283441 -0.0140499 0.0242819
1413.22 -8.27381 -0.344742 -1.53219 8.88096 -0.300299 1.95015 0.284358 -0.0201585 0.0320704
1413.24 -8.81008 -0.344742 -1.6471 9.52821 -0.342173 2.05304 0.285121 -0.0222966 0.0387899
1413.25 -9.19312 -0.268133 -1.6471 9.76032 -0.376869 2.13081 0.293368 -0.0245873 0.0314596
1413.27 -9.23143 -0.383047 -1.80032 10.0056 -0.404387 2.266 0.29688 -0.0239765 0.0332921
1413.29 -8.88668 -0.57457 -1.87693 9.77468 -0.51326 2.31266 0.302989 -0.0213803 0.0407752
1413.3 -8.73347 -0.383047 -1.99184 9.61197 -0.504885 2.32822 0.309403 -0.022602 0.0578795
1413.32 -8.58025 -0.306437 -1.87693 9.44566 -0.289531 2.39761 0.309709 -0.0206167 0.0613919
1413.34 -8.61855 -0.268133 -2.03015 9.36909 -0.202193 2.45025 0.311847 -0.0274889 0.0519235
1413.35 -8.61855 -0.114914 -2.03015 9.43011 -0.180658 2.45504 0.318261 -0.0320704 0.033903
1413.37 -8.88668 -0.229828 -1.95354 9.7328 -0.185444 2.49212 0.320399 -0.0357356 0.0120646
1413.39 -9.26973 -0.191523 -2.03015 10.1121 -0.160319 2.58425 0.323758 -0.0366519 -0.0340557
1413.4 -9.42295 0.0 -2.33659 10.3059 -0.0418744 2.71226 0.326202 -0.0329867 -0.0229074
1413.42 -9.38465 -0.114914 -2.25998 10.1958 0.0251246 2.78046 0.323911 -0.0319177 -0.013439
1413.44 -9.23143 -0.0766094 -2.33659 9.65384 -0.0442672 2.76371 0.318719 -0.025809 0.00397062
1413.45 -8.42703 -0.153219 -2.29828 9.4337 -0.0681954 2.79123 0.313374 -0.0276416 0.0241292
1413.47 -8.46534 -0.114914 -2.41319 9.28295 -0.0753739 2.85823 0.311694 -0.0271835 0.0375682
1413.49 -8.46534 -0.0766094 -2.22167 9.2997 -0.0634098 2.82473 0.306196 -0.0284052 0.0752891
1413.5 -8.54194 -0.0383047 -2.4515 9.39302 -0.0323031 2.87019 0.299782 -0.0332921 0.152411
1413.52 -8.58025 -0.191523 -2.4898 9.36192 -0.0430708 2.88933 0.292299 -0.0348193 0.18326
1413.54 -8.42703 -0.383047 -2.75794 9.30807 -0.314656 3.24467 0.281609 -0.0407752 0.217773
1413.55 -8.31211 -0.229828 -3.14098 9.19442 -0.32662 3.37986 0.281761 -0.0488692 0.267559
1413.57 -8.23551 -0.344742 -3.02607 9.05683 -0.124427 3.52463 0.277027 -0.052229 0.293215
1413.59 -8.54194 -0.459656 -3.14098 9.26022 -0.42353 3.61555 0.261603 -0.068875 0.311847
1413.6 -8.38873 -0.612875 -3.44742 9.22792 -0.607777 3.77707 0.257022 -0.0763581 0.310167
1413.62 -8.42703 -0.65118 -3.33251 9.15374 -0.636491 3.83809 0.253204 -0.0807869 0.315665
1413.63 -8.08229 -0.57457 -3.56234 8.93839 -0.549153 3.85603 0.252287 -0.0931569 0.336739
1413.65 -7.89076 -0.57457 -3.40912 8.63569 -0.512064 3.9661 0.245873 -0.104763 0.367283
1413.68 -7.92907 -0.497961 -3.60064 8.36052 -0.538385 4.05583 0.250607 -0.121257 0.374766
1413.69 -7.81416 -0.421352 -3.63894 8.74935 -0.370887 4.12642 0.259923 -0.152411 0.345902
1413.71 -8.38873 -0.689484 -3.44742 9.08435 -0.527617 4.0989 0.257327 -0.165544 0.300851
1413.73 -8.58025 -0.727789 -3.02607 9.4672 -0.72981 3.74237 0.26145 -0.169973 0.283289
1413.74 -8.92499 -0.65118 -2.83455 9.6646 -0.702293 3.47438 0.265879 -0.166766 0.307876
1413.76 -8.92499 -0.268133 -2.87285 9.72203 -0.496511 3.40379 0.27214 -0.164781 0.335365
1413.78 -8.77177 -0.268133 -2.91116 9.64427 -0.248853 3.35354 0.270308 -0.163559 0.33399
1413.79 -8.58025 -0.191523 -3.06437 9.5665 -0.105284 3.21117 0.262825 -0.154396 0.316428
1413.81 -8.65686 -0.229828 -2.71963 9.50309 -0.196211 3.13699 0.252745 -0.148593 0.306654
1413.83 -8.84838 -0.344742 -2.52811 9.64786 -0.324227 2.95992 0.246026 -0.14111 0.327729
1413.84 -9.03991 -0.57457 -2.25998 9.85723 -0.465404 2.75533 0.242361 -0.129045 0.365908
1413.86 -8.96329 -0.727789 -2.14506 9.82014 -0.771685 2.62014 0.238848 -0.117133 0.417221
1413.88 -9.11651 -0.881008 -1.87693 9.65384 -0.788435 2.51605 0.237932 -0.108734 0.465632
1413.89 -9.11651 -0.766094 -2.03015 10.0499 -0.7334 2.51844 0.235641 -0.0943787 0.546113
1413.91 -9.19312 -0.727789 -2.14506 10.0822 -0.68674 2.63928 0.231365 -0.0800233 0.591928
1413.93 -8.84838 -0.881008 -2.33659 9.86919 -0.714257 2.72303 0.225562 -0.0745255 0.596815
1413.94 -8.92499 -0.65118 -2.10676 9.79023 -0.666401 2.74217 0.216094 -0.0713185 0.576199
1413.96 -8.69516 -0.881008 -2.14506 9.52941 -0.875773 2.6345 0.197157 -0.06353 0.490067
1413.98 -8.31211 -1.34066 -1.91523 9.4684 -1.1007 2.65005 0.189826 -0.0629191 0.426384
1413.99 -8.27381 -1.30236 -2.06845 9.22313 -1.33519 2.56032 0.190284 -0.0630718 0.301615
1414.01 -8.23551 -1.53219 -2.03015 9.16211 -1.42373 2.61176 0.190284 -0.0670424 0.227242
1414.03 -8.27381 -1.57049 -2.25998 9.0999 -1.41894 2.668 0.186161 -0.065668 0.212581
1414.04 -8.42703 -1.49388 -2.14506 9.1358 -1.40578 2.70389 0.18326 -0.0786489 0.184023
1414.06 -8.46534 -1.45558 -1.91523 9.30209 -1.38185 2.7015 0.178678 -0.0846048 0.174097
1414.08 -8.35042 -1.34066 -2.41319 9.29132 -1.35075 2.69312 0.17654 -0.0859793 0.159741
1414.09 -8.23551 -1.34066 -2.25998 9.10828 -1.37109 2.74576 0.172111 -0.0943787 0.132863
1414.11 -8.42703 -1.11084 -2.25998 9.12502 -1.21196 2.78166 0.169057 -0.104305 0.0250455
1414.13 -8.12059 -1.03423 -2.25998 9.07478 -1.10668 2.75414 0.164323 -0.107512 -0.0821613
1414.14 -8.1972 -0.919312 -2.18337 9.1358 -0.999003 2.72542 0.148898 -0.109803 -0.121257
1414.16 -8.46534 -1.11084 -2.52811 9.25902 -1.06241 2.86301 0.129503 -0.102931 -0.19792
1414.17 -8.38873 -1.14914 -2.56641 9.2339 -1.14377 2.97069 0.114843 -0.103847 -0.293673
1414.19 -8.27381 -1.34066 -2.52811 9.06999 -1.34596 2.98863 0.105222 -0.102625 -0.328187
1414.21 -8.12059 -1.6471 -2.37489 8.93958 -1.59721 2.96471 0.0905607 -0.10736 -0.39019
1414.22 -8.35042 -1.87693 -2.56641 8.96231 -1.63669 2.97667 0.0890336 -0.116064 -0.42165
1414.24 -8.61855 -1.45558 -2.60472 9.38943 -1.61874 2.93958 0.0876591 -0.117286 -0.428369
1414.26 -8.58025 -1.76202 -2.25998 9.33799 -1.71565 2.77807 0.0907135 -0.110414 -0.368199
1414.27 -8.23551 -2.33659 -1.99184 9.24228 -1.95733 2.61296 0.101556 -0.106138 -0.244346
1414.29 -8.35042 -1.87693 -2.14506 9.04008 -2.13559 2.70508 0.122631 -0.111788 -0.18326
1414.31 -8.31211 -1.03423 -2.18337 9.66221 -1.00379 2.74696 0.150273 -0.125533 -0.0676533
1414.32 -9.03991 -0.65118 -2.41319 9.80219 -0.878166 2.78166 0.145233 -0.118966 -0.0355829
1414.34 -9.07821 -0.383047 -2.52811 10.0343 -0.424726 2.90249 0.144622 -0.117286 -0.0381791
1414.36 -9.30804 -0.229828 -2.41319 10.2006 -0.229711 3.12502 0.136834 -0.111025 -0.0803288
1414.37 -9.15482 -0.383047 -2.64302 10.0833 -0.275174 3.11306 0.119119 -0.091477 -0.142026
1414.39 -9.15482 -0.497961 -2.64302 9.94815 -0.477368 3.09153 0.115606 -0.0888809 -0.174402
1414.41 -9.07821 -0.57457 -2.18337 9.78544 -0.635294 3.01855 0.103542 -0.0768163 -0.209527
1414.42 -8.69516 -0.766094 -2.37489 9.74237 -0.702293 2.91326 0.0942259 -0.067806 -0.186161
1414.44 -8.77177 -0.804398 -2.68133 9.50908 -0.678365 2.93719 0.0879646 -0.0642935 -0.163559
1414.46 -8.61855 -0.842703 -2.52811 9.35234 -0.726221 3.09511 0.0765108 -0.0548251 -0.100029
1414.47 -8.04398 -0.689484 -2.52811 9.22074 -0.738185 3.00419 0.0633773 -0.0510072 -0.0303905
1414.49 -7.04806 -1.11084 -2.37489 8.03749 -0.922433 2.87019 0.055436 -0.0481056 -0.0261145
1414.51 -7.66094 -0.766094 -2.94946 8.41795 -1.00379 3.08315 0.0529926 -0.0633773 -0.204182
1414.52 -7.89076 -0.612875 -2.75794 9.20399 -0.612562 3.2662 0.0572686 -0.0795652 -0.4273
1414.54 -8.38873 -0.421352 -2.64302 9.3667 -0.382851 3.31645 0.055436 -0.0788016 -0.508087
1414.56 -8.77177 -0.229828 -2.71963 9.57368 -0.252443 3.28056 0.0479529 -0.0818559 -0.573755
1414.57 -8.73347 -0.229828 -2.83455 9.35474 -0.240479 3.27697 0.0445931 -0.0818559 -0.582001
1414.59 -8.38873 -0.383047 -2.87285 9.18365 -0.21655 3.25184 0.0421497 -0.0792598 -0.568868
1414.61 -8.50364 -0.0766094 -2.68133 9.20758 0.0849452 3.23868 0.045204 -0.0849102 -0.500451
1414.62 -8.81008 -0.0766094 -2.68133 9.58325 0.00837488 3.12742 0.0401644 -0.0836885 -0.388052
1414.64 -8.69516 -0.0383047 -2.4898 9.5988 0.0430708 3.05803 0.0418443 -0.0849102 -0.325438
1414.66 -8.88668 -0.0766094 -2.64302 9.59521 -0.0167498 2.97667 0.0394008 -0.0864374 -0.189826
1414.67 -9.0016 0.0383047 -2.64302 9.81176 0.179462 3.05683 0.0384845 -0.0867428 -0.0421497
1414.69 -9.15482 0.114914 -2.56641 9.92423 0.239282 3.10229 0.0390954 -0.0876591 0.0418443
1414.71 -8.88668 -0.114914 -2.52811 9.67537 0.0418744 2.98265 0.0364992 -0.0865901 0.223424
1414.72 -8.35042 -0.153219 -2.52811 9.14417 -0.132802 2.95394 0.0421497 -0.0951423 0.365145
1414.74 -8.42703 -0.153219 -2.71963 9.13938 -0.0143569 3.09631 0.0442877 -0.100335 0.382096
1414.76 -8.42703 0.153219 -2.75794 9.43609 0.160319 3.24826 0.0450513 -0.114995 0.306654
1414.77 -8.65686 -0.0383047 -2.79624 9.61675 0.0382852 3.29013 0.0335976 -0.118813 0.149051
1414.79 -8.65686 -0.268133 -2.83455 9.49472 -0.154337 3.32602 0.0251982 -0.11301 -0.0335976
1414.81 -8.69516 -0.421352 -2.71963 9.51505 -0.381655 3.39661 0.0206167 -0.109192 -0.135765
1414.82 -8.61855 -0.536266 -2.83455 9.5665 -0.607777 3.27577 0.00122173 -0.0908662 -0.301157
1414.84 -8.23551 -1.22575 -2.25998 9.24228 -1.08156 3.08435 -0.00778853 -0.0800233 -0.355829
1414.86 -8.12059 -1.30236 -2.41319 8.78644 -1.23709 2.94796 -0.00259618 -0.0751364 -0.325438
1414.87 -7.96737 -1.30236 -2.41319 8.98265 -1.27298 2.88813 0.0143553 -0.0925461 -0.178831
1414.89 -8.1972 -0.957617 -2.4898 9.13699 -1.0002 2.88335 0.0222966 -0.104458 -0.043066
1414.91 -8.65686 -0.57457 -2.14506 9.30927 -0.734596 2.76969 0.0343612 -0.108887 -0.00855211
1414.92 -8.35042 -0.268133 -2.06845 9.24945 -0.320638 2.69551 0.0384845 -0.113315 -0.00351247
1414.94 -8.1589 -0.0383047 -2.4515 9.07478 -0.15673 2.73978 0.0372628 -0.116675 -0.0757473
1414.96 -8.1972 0.0383047 -2.33659 9.21715 0.0813559 2.7661 0.0326813 -0.118813 -0.114385
1414.97 -8.81008 0.0766094 -2.37489 9.69332 0.129212 2.7673 0.0262672 -0.118508 -0.168599
1414.99 -9.34634 -0.0383047 -2.22167 10.0702 0.0239282 2.75892 0.0140499 -0.112094 -0.226326
1415.0 -9.26973 -0.229828 -2.25998 10.2784 -0.168694 2.73021 0.00901026 -0.106291 -0.253509
1415.02 -9.26973 -0.306437 -2.10676 10.0211 -0.354138 2.75175 0.00198531 -0.0926988 -0.28054
1415.04 -8.96329 -0.459656 -2.22167 9.88953 -0.455832 2.8008 -0.000610865 -0.0820086 -0.274126
1415.05 -8.96329 -0.65118 -2.29828 9.80698 -0.528814 2.89531 -0.00442877 -0.0759 -0.272293
1415.07 -9.11651 -0.65118 -2.25998 9.90868 -0.678365 2.91685 -0.00763582 -0.0650571 -0.27153
1415.09 -9.19312 -0.766094 -2.37489 9.93739 -0.738185 2.87258 0.000458149 -0.0601702 -0.287107
1415.1 -9.19312 -0.689484 -2.03015 10.0044 -0.795613 2.77328 0.000610865 -0.0493274 -0.30024
1415.12 -9.38465 -0.804398 -2.18337 10.1276 -0.723829 2.70628 0.0108429 -0.0450513 -0.33002
1415.14 -9.30804 -0.497961 -2.18337 10.1468 -0.665205 2.68834 0.0157298 -0.0297797 -0.331852
1415.15 -9.26973 -0.65118 -2.41319 10.136 -0.654437 2.72542 0.0190895 -0.0256563 -0.330325
1415.17 -9.11651 -0.536266 -2.37489 10.0618 -0.605384 2.78764 0.0227547 -0.0152716 -0.342084
1415.19 -9.07821 -0.497961 -2.33659 9.89791 -0.429512 2.82951 0.0331394 -0.00763582 -0.366672
1415.21 -9.0016 -0.344742 -2.06845 9.87278 -0.384048 2.84626 0.0364992 -0.0056505 -0.374002
1415.22 -8.81008 -0.191523 -2.64302 9.62154 -0.277567 2.99701 0.0426078 0.00152716 -0.365755
1415.24 -8.38873 -0.229828 -2.71963 9.1358 -0.252443 3.24347 0.0432187 0.00671952 -0.352469
1415.25 -8.38873 -0.0766094 -2.83455 9.04606 -0.0789631 3.10349 0.0520762 -0.00229074 -0.341932
1415.27 -8.50364 -0.0383047 -2.64302 8.79003 0.149551 3.0676 0.0497855 -0.00870483 -0.283747
1415.29 -7.50772 0.114914 -2.68133 8.51126 0.269192 3.11306 0.0438296 -0.0183259 -0.19563
1415.3 -7.58433 0.0766094 -2.75794 8.39282 0.354138 3.09751 0.0410807 -0.0261145 -0.155771
1415.32 -7.50772 0.114914 -3.02607 8.49093 0.25005 3.35234 0.0348193 -0.0421497 -0.0534507
1415.34 -7.77585 0.0766094 -3.10268 8.47179 0.244068 3.66102 0.029627 -0.0549779 0.0346666
1415.35 -7.89076 0.191523 -3.14098 8.61655 0.252443 3.65504 0.0279471 -0.0607811 0.0592539
1415.37 -8.04398 -0.0383047 -3.02607 8.88215 0.0550349 3.51147 0.0377209 -0.0888809 0.0580322
1415.39 -8.35042 -0.153219 -2.87285 9.07478 -0.0275174 3.33799 0.0478002 -0.108581 0.0739146
1415.4 -8.42703 -0.0766094 -2.71963 9.1358 -0.04666 3.25424 0.0525344 -0.118355 0.11301
1415.42 -8.61855 -0.0766094 -2.75794 9.34397 0.0562313 3.1681 0.0581849 -0.137292 0.215635
1415.44 -8.77177 0.0 -2.52811 9.49113 0.0789631 3.14058 0.0587958 -0.145539 0.294284
1415.45 -8.61855 -0.153219 -2.64302 9.37627 -0.00239282 3.05683 0.0592539 -0.146302 0.320857
1415.47 -8.35042 -0.229828 -2.68133 9.29491 -0.113659 3.05922 0.065668 -0.155465 0.345902
1415.48 -8.61855 -0.191523 -2.56641 9.31525 -0.105284 3.14656 0.0697913 -0.161268 0.38515
1415.5 -8.81008 -0.268133 -2.64302 9.52821 -0.265603 3.14058 0.0711658 -0.159894 0.422566
1415.52 -8.77177 -0.344742 -2.68133 9.61077 -0.285942 3.23151 0.0742201 -0.156534 0.494495
1415.53 -8.84838 -0.268133 -2.91116 9.65743 -0.289531 3.38225 0.0713185 -0.147982 0.545961
1415.55 -8.50364 -0.344742 -3.2942 9.57607 -0.374477 3.59282 0.071013 -0.142637 0.546724
1415.57 -8.46534 -0.383047 -3.10268 9.32004 -0.37328 3.59402 0.0684169 -0.131641 0.505949
1415.58 -8.00568 -0.306437 -2.94946 9.12981 -0.273978 3.48993 0.0623082 -0.116523 0.442266
1415.6 -8.08229 -0.536266 -2.64302 8.97787 -0.541974 3.24227 0.0577268 -0.108276 0.399353
1415.62 -8.1589 -0.65118 -2.56641 8.96351 -0.768096 3.08195 0.0616974 -0.103847 0.31765
1415.63 -8.35042 -1.11084 -2.4898 9.12981 -0.880558 3.04606 0.0632245 -0.098502 0.302225
1415.65 -8.35042 -1.14914 -2.14506 9.17408 -1.13539 2.81755 0.0676533 -0.0901026 0.313832
1415.66 -8.42703 -1.14914 -1.91523 9.23031 -1.12343 2.78764 0.0739146 -0.0926988 0.33567
1415.68 -8.54194 -1.26405 -2.25998 9.32722 -1.16411 2.75055 0.083994 -0.0931569 0.391259
1415.69 -8.77177 -0.995922 -2.37489 9.46959 -1.08156 2.83549 0.0908662 -0.0928515 0.439976
1415.71 -9.07821 -0.919312 -2.60472 9.734 -0.930808 3.08674 0.0957531 -0.0930042 0.456469
1415.72 -9.15482 -0.881008 -2.68133 9.98046 -0.76331 3.28415 0.0908662 -0.0794125 0.480293
1415.74 -9.11651 -0.842703 -2.4898 10.0487 -0.696311 3.35354 0.0911716 -0.0757473 0.477238
1415.75 -8.84838 -0.881008 -2.98777 9.94815 -0.818345 3.38465 0.0801761 -0.0623082 0.418901
1416.34 -7.85246 -0.957617 -2.71963 8.97189 -1.06839 3.17049 0.0589485 -0.108429 -0.0316123
1416.35 -7.85246 -0.995922 -2.83455 8.78644 -1.12104 3.26381 0.067806 -0.117439 -0.249844
1416.37 -7.77585 -1.14914 -2.68133 8.601 -1.13779 3.34038 0.0742201 -0.123395 -0.384234
1416.38 -7.81416 -1.49388 -3.10268 8.51366 -1.20479 3.44207 0.0781907 -0.128893 -0.3514
1416.4 -8.00568 -1.22575 -2.98777 8.66201 -1.16889 3.58205 0.08827 -0.135917 -0.10232
1416.42 -7.96737 -1.22575 -3.17929 9.09512 -1.07916 3.78305 0.0930042 -0.132558 0.195324
1416.43 -8.54194 -0.842703 -3.44742 9.27218 -0.947557 3.83569 0.0946841 -0.128434 0.282678
1416.45 -8.50364 -0.689484 -3.2559 9.47198 -0.690329 3.89551 0.103389 -0.130572 0.294132
1416.47 -8.81008 -0.344742 -3.17929 9.59282 -0.439083 3.83689 0.110261 -0.135612 0.167377
1416.48 -8.69516 -0.191523 -2.94946 9.65145 -0.36012 3.74835 0.110872 -0.136834 0.0867428
1416.5 -8.69516 -0.383047 -2.91116 9.60479 -0.388834 3.49591 0.105069 -0.131336 -0.0426078
1416.52 -8.77177 -0.612875 -2.83455 9.55573 -0.477368 3.4337 0.0966694 -0.126755 -0.0910189
1416.53 -8.46534 -0.957617 -2.79624 9.40857 -0.868594 3.27697 0.0934624 -0.126755 -0.0901026
1416.55 -8.69516 -1.07253 -2.68133 9.42293 -1.05284 3.21715 0.0911716 -0.13042 -0.0607811
1416.56 -8.35042 -1.22575 -2.52811 9.35833 -1.11266 3.21117 0.0891863 -0.131183 -0.0122173
1416.58 -8.42703 -1.30236 -2.68133 9.2327 -1.09831 3.19083 0.08827 -0.134848 0.0119119
1416.6 -8.31211 -0.957617 -2.87285 9.18245 -1.02054 3.2004 0.086132 -0.139125 0.0438296
1416.61 -8.35042 -0.957617 -2.75794 9.21715 -0.947557 3.23031 0.0829249 -0.14279 0.0403171
1416.63 -8.35042 -0.919312 -2.87285 9.25783 -0.874577 3.19083 0.081245 -0.142942 0.0279471
1416.65 -8.38873 -0.842703 -2.79624 9.25902 -0.845862 3.09272 0.0765108 -0.144164 -0.0065668
1416.66 -8.46534 -0.766094 -2.68133 9.24108 -0.841077 3.08076 0.0775799 -0.147982 -0.0299324
1416.68 -8.35042 -0.689484 -2.14506 9.25663 -0.808774 2.89053 0.0784962 -0.150731 -0.0650571
1416.7 -8.31211 -0.804398 -2.79624 9.32004 -0.769292 2.97308 0.0745255 -0.151495 -0.114385
1416.71 -8.77177 -0.689484 -2.4898 9.50668 -0.72981 3.03649 0.0725402 -0.155465 -0.0832304
1416.73 -8.61855 -0.842703 -2.56641 9.49591 -0.707079 3.02333 0.0613919 -0.144011 -0.00794125
1416.74 -8.77177 -0.57457 -2.75794 9.64188 -0.772881 3.04367 0.0571159 -0.144011 -0.00122173
1416.76 -8.77177 -0.842703 -2.4898 9.49591 -0.942772 3.02692 0.0618501 -0.138361 -0.220217
1416.77 -8.54194 -0.919312 -2.4515 9.44088 -0.926022 2.99342 0.0731511 -0.138361 -0.431271
1416.79 -8.54194 -1.03423 -2.60472 9.30688 -1.02532 2.99821 0.0755945 -0.139888 -0.469755
1416.81 -8.61855 -0.842703 -2.56641 9.40977 -0.848255 3.23988 0.0842994 -0.13439 -0.420886
1416.82 -8.69516 -0.919312 -2.75794 9.45164 -0.802792 3.30568 0.0798706 -0.117592 -0.230449
1416.84 -8.84838 -0.727789 -2.71963 9.48395 -0.738185 3.28534 0.0768163 -0.107818 -0.138666
1416.86 -8.42703 -0.57457 -2.68133 9.38824 -0.72981 3.20877 0.0807869 -0.0988074 -0.0722348
1416.87 -8.42703 -0.57457 -2.64302 9.27577 -0.569491 3.13699 0.0930042 -0.104458 -0.204334
1416.89 -8.42703 -0.459656 -2.71963 9.21835 -0.492921 3.14776 0.0975857 -0.10965 -0.281456
1416.91 -8.81008 -0.459656 -2.64302 9.25544 -0.375673 3.25424 0.0956004 -0.11637 -0.321926
1416.92 -8.58025 -0.497961 -2.75794 9.32124 -0.368495 3.22911 0.0859793 -0.117286 -0.140499
1416.94 -8.73347 -0.497961 -2.91116 9.44447 -0.41994 3.26381 0.0794125 -0.115912 0.0673479
1416.96 -8.88668 -0.57457 -2.87285 9.59163 -0.442672 3.25783 0.0693332 -0.114537 0.129503
1416.97 -8.96329 -0.344742 -2.64302 9.69691 -0.384048 3.2339 0.0623082 -0.112705 0.201891
1416.99 -8.61855 -0.344742 -2.56641 9.68375 -0.34337 3.22672 0.0607811 -0.114385 0.192575
1417.01 -8.61855 -0.191523 -2.68133 9.52821 -0.289531 3.18963 0.0597121 -0.115148 0.162337
1417.02 -8.50364 -0.383047 -2.4515 9.3332 -0.362513 3.11187 0.0537561 -0.112705 0.0879646
1417.04 -8.35042 -0.497961 -2.41319 9.28295 -0.474975 3.07956 0.052229 -0.116523 0.0178678
1417.06 -8.42703 -0.65118 -2.68133 9.26381 -0.622134 3.11545 0.0563523 -0.123242 -0.00427606
1417.07 -8.54194 -0.804398 -2.56641 9.27697 -0.735793 3.15135 0.0513127 -0.117592 -0.0140499
1417.09 -8.54194 -0.804398 -2.75794 9.24945 -0.782453 3.14417 0.0555887 -0.118355 0.00320704
1417.11 -8.54194 -0.766094 -2.79624 9.2686 -0.85663 3.18365 0.0549779 -0.117592 0.0181732
1417.12 -8.46534 -0.919312 -2.68133 9.28535 -0.857827 3.18365 0.0571159 -0.114995 0.0319177
1417.14 -8.46534 -0.919312 -2.64302 9.25902 -0.842273 3.17049 0.0632245 -0.113926 0.014508
1417.16 -8.38873 -0.727789 -2.71963 9.2351 -0.723829 3.16451 0.0642935 -0.11637 -0.00351247
1417.17 -8.38873 -0.689484 -2.56641 9.2674 -0.665205 3.16451 0.0632245 -0.111941 -0.03711
1417.19 -8.46534 -0.65118 -2.60472 9.27338 -0.62333 3.17527 0.0618501 -0.114843 -0.0632245
1417.21 -8.61855 -0.612875 -2.79624 9.36311 -0.616152 3.23509 0.0603229 -0.112246 -0.0711658
1417.22 -8.69516 -0.57457 -2.68133 9.38704 -0.658026 3.22792 0.0568105 -0.11133 -0.0746782
1417.24 -8.58025 -0.689484 -2.87285 9.42772 -0.680758 3.22672 0.0578795 -0.113315 -0.0592539
1417.25 -8.58025 -0.727789 -2.75794 9.41575 -0.725025 3.25663 0.0557414 -0.111025 -0.045204
1417.27 -8.58025 -0.804398 -2.52811 9.42054 -0.667597 3.26859 0.0578795 -0.111025 -0.0203113
1417.29 -8.69516 -0.612875 -2.75794 9.44207 -0.666401 3.25065 0.0586431 -0.109956 -0.00992656
1417.3 -8.50364 -0.536266 -2.60472 9.40499 -0.614955 3.25902 0.0603229 -0.11301 -0.0166461
1417.32 -8.58025 -0.536266 -2.4898 9.38824 -0.666401 3.24108 0.0594066 -0.108734 -0.0120646
1417.34 -8.58025 -0.57457 -2.91116 9.36431 -0.510867 3.2339 0.0581849 -0.109803 0.00580322
1417.35 -8.73347 -0.689484 -2.4898 9.41695 -0.601795 3.27338 0.0536034 -0.104305 0.0227547
1417.37 -8.58025 -0.766094 -2.79624 9.39183 -0.662812 3.24227 0.0517708 -0.105527 0.0542143
1417.39 -8.65686 -0.727789 -2.71963 9.3679 -0.680758 3.21236 0.0499382 -0.105222 0.0797179
1417.4 -8.54194 -0.766094 -2.75794 9.37149 -0.738185 3.14895 0.0448986 -0.0998765 0.11469
1417.42 -8.50364 -0.804398 -2.56641 9.3679 -0.734596 3.09033 0.0467312 -0.107054 0.131336
1417.44 -8.65686 -0.766094 -2.83455 9.42532 -0.766899 2.98265 0.0415388 -0.104458 0.137445
1417.45 -8.58025 -0.804398 -2.18337 9.34158 -0.751346 3.10947 0.0418443 -0.104916 0.136834
1417.47 -8.58025 -0.842703 -2.4515 9.399 -0.833898 3.15613 0.0403171 -0.106596 0.0946841
1417.49 -8.54194 -0.842703 -3.06437 9.38345 -0.89013 3.14895 0.0465785 -0.109345 -0.00106901
1417.5 -8.38873 -1.03423 -2.68133 9.30688 -0.922433 3.14297 0.0505491 -0.110414 -0.0704022
1417.52 -8.35042 -1.03423 -2.64302 9.20877 -1.02293 3.0987 0.0536034 -0.107512 -0.191659
1417.54 -8.42703 -1.07253 -2.60472 9.21117 -0.981057 3.1657 0.0574213 -0.105832 -0.244193
1417.55 -8.42703 -1.07253 -2.64302 9.28535 -0.9667 3.22552 0.0551306 -0.101404 -0.238085
1417.57 -8.46534 -1.03423 -2.87285 9.28654 -0.929611 3.31765 0.0526871 -0.101709 -0.188452
1417.59 -8.46534 -0.957617 -2.91116 9.29491 -0.898505 3.35593 0.0500909 -0.100793 -0.15684
1417.6 -8.42703 -0.727789 -2.87285 9.31406 -0.775274 3.42293 0.0490219 -0.10232 -0.151036
1417.62 -8.54194 -0.727789 -2.94946 9.25783 -0.696311 3.46002 0.0410807 -0.101709 -0.113163
1417.63 -8.46534 -0.766094 -3.10268 9.25902 -0.665205 3.46241 0.0355829 -0.10568 -0.00839939
1417.65 -8.46534 -0.612875 -2.91116 9.2662 -0.587438 3.48275 0.0323759 -0.102778 0.0687223
1417.67 -8.61855 -0.459656 -2.87285 9.4002 -0.563509 3.43131 0.0299324 -0.107512 0.149967
1417.68 -8.65686 -0.497961 -2.75794 9.4325 -0.547956 3.34995 0.0316123 -0.112246 0.120188
1417.7 -8.54194 -0.727789 -2.87285 9.41934 -0.620937 3.24826 0.0355829 -0.116981 0.0907135
1417.72 -8.58025 -0.612875 -2.56641 9.34397 -0.723829 3.14536 0.0378736 -0.118355 0.041997
1417.73 -8.54194 -0.804398 -2.64302 9.31166 -0.772881 3.09751 0.0395535 -0.120035 0.0259618
1417.75 -8.54194 -1.03423 -2.41319 9.32363 -0.910469 3.06401 0.0410807 -0.114995 0.0241292
1417.77 -8.50364 -0.995922 -2.52811 9.31884 -1.01097 3.02572 0.0453567 -0.110108 0.0216857
1417.78 -8.58025 -1.07253 -2.25998 9.3009 -1.0349 2.97188 0.0470366 -0.106291 0.00671952
1417.8 -8.46534 -1.03423 -2.52811 9.31166 -1.05643 2.98385 0.0517708 -0.105374 -0.00335976
1417.82 -8.42703 -1.03423 -2.52811 9.33799 -1.03131 2.98863 0.0601702 -0.104 -0.0239765
1417.83 -8.27381 -0.919312 -2.4515 9.32841 -0.98345 3.01376 0.0638354 -0.102167 -0.0568105
1417.85 -8.58025 -0.766094 -2.60472 9.31166 -0.831506 3.09511 0.0662789 -0.101556 -0.0725402
1417.87 -8.42703 -0.842703 -2.60472 9.35952 -0.732203 3.14895 0.0662789 -0.0989602 -0.108123
1417.88 -8.46534 -0.727789 -2.68133 9.34277 -0.728614 3.17767 0.0650571 -0.0983493 -0.143248
1417.9 -8.50364 -0.842703 -2.64302 9.33559 -0.754935 3.1992 0.0642935 -0.0977384 -0.15348
1417.92 -8.73347 -0.919312 -2.60472 9.44447 -0.751346 3.21715 0.0632245 -0.0978911 -0.146608
1417.93 -8.61855 -0.842703 -2.75794 9.4325 -0.74656 3.24467 0.0604756 -0.101251 -0.117592
1417.95 -8.61855 -0.727789 -2.91116 9.44088 -0.70349 3.2985 0.0595593 -0.100335 -0.099571
1417.97 -8.65686 -0.689484 -2.64302 9.40379 -0.625723 3.33799 0.053298 -0.0991129 -0.0708604
1417.98 -8.65686 -0.766094 -2.83455 9.38225 -0.619741 3.33799 0.0494801 -0.100182 -0.0540616
1418.0 -8.46534 -0.57457 -2.64302 9.36072 -0.650847 3.31884 0.0478002 -0.100029 -0.0502437
1418.02 -8.65686 -0.65118 -2.75794 9.34875 -0.6999 3.26261 0.0459676 -0.102167 -0.0468839
1418.03 -8.58025 -0.804398 -2.68133 9.29372 -0.775274 3.24467 0.0488692 -0.10797 -0.0450513
1418.05 -8.35042 -0.804398 -2.75794 9.24945 -0.838684 3.21954 0.0485638 -0.109345 -0.0438296
1418.07 -8.61855 -0.766094 -2.75794 9.31166 -0.823131 3.2674 0.053298 -0.113468 -0.0459676
1418.08 -8.50364 -0.919312 -2.68133 9.32483 -0.813559 3.28893 0.0542143 -0.114843 -0.054367
1418.1 -8.50364 -0.804398 -2.87285 9.33679 -0.815952 3.28774 0.0552833 -0.113163 -0.0572686
1418.12 -8.38873 -0.612875 -2.68133 9.30449 -0.781256 3.26261 0.0601702 -0.116981 -0.0728457
1418.13 -8.54194 -0.689484 -2.52811 9.3009 -0.7334 3.22552 0.0621555 -0.116064 -0.0815505
1418.15 -8.46534 -0.65118 -2.64302 9.26141 -0.717846 3.22433 0.0627664 -0.115301 -0.0809396
1418.17 -8.54194 -0.689484 -2.71963 9.27457 -0.668794 3.18844 0.0649044 -0.117744 -0.078038
1418.18 -8.50364 -0.536266 -2.60472 9.26022 -0.599402 3.16929 0.0684169 -0.116981 -0.0650571
1418.2 -8.65686 -0.65118 -2.64302 9.26979 -0.582652 3.17527 0.0691805 -0.11637 -0.0545197
1418.21 -8.46534 -0.536266 -2.75794 9.32961 -0.567099 3.18724 0.0697913 -0.114995 -0.0377209
1418.23 -8.50364 -0.65118 -2.64302 9.332 -0.598205 3.17647 0.0697913 -0.11637 -0.0239765
1418.25 -8.38873 -0.65118 -2.75794 9.32124 -0.581456 3.17527 0.067806 -0.11469 -0.0172569
1418.26 -8.54194 -0.612875 -2.68133 9.34756 -0.587438 3.14656 0.0662789 -0.113315 -0.00366519
1418.28 -8.54194 -0.536266 -2.4515 9.36072 -0.617348 3.14417 0.0649044 -0.111788 0.0114537
1418.3 -8.58025 -0.804398 -2.60472 9.39661 -0.658026 3.14656 0.0647517 -0.11637 0.0166461
1418.31 -8.61855 -0.689484 -2.4898 9.37866 -0.713061 3.18006 0.0598648 -0.111636 0.0310014
1418.33 -8.54194 -0.842703 -2.64302 9.36192 -0.71665 3.2339 0.0601702 -0.117133 0.030696
1418.35 -8.58025 -0.727789 -2.60472 9.35713 -0.775274 3.21834 0.0572686 -0.115606 0.030696
1418.36 -8.69516 -0.804398 -2.91116 9.4014 -0.806381 3.22313 0.0595593 -0.125075 0.0250455
1418.38 -8.58025 -0.881008 -2.71963 9.41815 -0.833898 3.25184 0.0569632 -0.122784 0.0322231
1418.4 -8.58025 -0.766094 -2.87285 9.45404 -0.757328 3.24227 0.054367 -0.122173 0.0378736
1418.41 -8.65686 -0.727789 -2.52811 9.40738 -0.725025 3.20279 0.0537561 -0.123242 0.0482583
1418.43 -8.54194 -0.766094 -2.68133 9.40499 -0.708275 3.1992 0.0513127 -0.121562 0.0482583
1418.45 -8.46534 -0.842703 -2.71963 9.41934 -0.714257 3.21595 0.0514654 -0.119271 0.0436769
1418.46 -8.81008 -0.842703 -2.60472 9.44566 -0.752542 3.02812 0.0458149 -0.116064 0.0734565
1418.48 -8.69516 -0.65118 -2.22167 9.48156 -0.721436 2.76371 0.0487165 -0.119424 0.225257
1418.5 -8.54194 -0.383047 -1.99184 9.55812 -0.509671 2.46221 0.0491747 -0.12034 0.0803288
1418.51 -8.42703 -1.26405 -2.37489 9.42891 -1.04327 2.76491 0.0413861 -0.116675 -0.336281
1418.53 -8.38873 -0.995922 -2.91116 9.12263 -1.02293 3.07837 0.0424551 -0.110108 -0.0664316
1418.54 -8.61855 -0.804398 -3.02607 9.32722 -0.912862 3.48036 0.0421497 -0.112552 0.0363465
1418.56 -8.61855 -0.65118 -3.14098 9.45882 -0.704686 3.67896 0.0429133 -0.108429 0.0177151
1418.58 -8.65686 -0.727789 -3.06437 9.48395 -0.742971 3.75314 0.0442877 -0.106596 -0.15913
1418.59 -8.77177 -0.881008 -3.14098 9.21476 -0.790828 3.72323 0.0423024 -0.102625 -0.215635
1418.61 -8.46534 -0.995922 -3.06437 9.15972 -0.916451 3.55693 0.0459676 -0.107818 -0.182343
1418.63 -8.58025 -1.03423 -2.79624 9.23869 -0.955932 3.31526 0.0436769 -0.100029 0.0291688
1418.64 -8.58025 -0.957617 -2.75794 9.30807 -0.886541 3.21356 0.044135 -0.0972803 0.145997
1418.66 -8.73347 -0.804398 -3.14098 9.51625 -0.685544 3.29731 0.0476475 -0.0946841 0.301615
1418.68 -8.65686 -0.65118 -2.91116 9.49113 -0.624527 3.46122 0.0493274 -0.0959058 0.292757
1418.69 -8.46534 -0.497961 -3.2942 9.3679 -0.597009 3.60598 0.052229 -0.0988074 0.242972
1418.71 -8.23551 -0.497961 -3.21759 9.15852 -0.612562 3.72921 0.0503964 -0.101556 0.102473
1418.73 -8.27381 -0.881008 -2.94946 9.04726 -0.802792 3.46122 0.0481056 -0.10797 -0.014508
1418.74 -8.23551 -1.07253 -2.56641 9.03529 -0.934397 3.29731 0.0455095 -0.112246 -0.0714712
1418.76 -8.27381 -1.22575 -2.37489 9.04606 -1.15573 3.07717 0.041997 -0.121104 -0.128434
1418.78 -8.1589 -1.41727 -2.33659 9.03529 -1.32921 2.95872 0.0384845 -0.124311 -0.0956004
1418.79 -8.27381 -1.45558 -2.4515 9.04845 -1.35434 2.92283 0.03711 -0.125991 -0.0687223
1418.81 -8.31211 -1.37897 -2.41319 9.11067 -1.29691 2.91206 0.0392481 -0.131794 -0.0103847
1418.83 -8.46534 -1.18745 -2.60472 9.30449 -1.12702 2.97069 0.0427606 -0.135459 0.0201585
1418.84 -8.54194 -1.03423 -2.4515 9.42054 -1.00738 3.00179 0.0421497 -0.133474 0.0161879
1418.86 -8.54194 -0.995922 -2.41319 9.399 -0.898505 3.05204 0.0453567 -0.136223 -0.0207694
1418.88 -8.58025 -0.919312 -2.33659 9.42173 -0.82672 3.07837 0.0444404 -0.131641 -0.053298
1418.89 -8.65686 -0.881008 -2.52811 9.44925 -0.861416 3.09272 0.0448986 -0.133321 -0.0642935
1418.91 -8.65686 -0.957617 -2.75794 9.49591 -0.915254 3.08195 0.0459676 -0.127213 -0.064599
1418.93 -8.61855 -1.11084 -2.4898 9.37508 -1.00618 3.07956 0.0436769 -0.119577 -0.0516181
1418.94 -8.42703 -1.11084 -2.60472 9.39302 -1.01695 3.09272 0.0491747 -0.124922 -0.0418443
1418.96 -8.65686 -1.07253 -2.60472 9.51505 -0.993021 3.18963 0.0494801 -0.117897 -0.00962113
1418.98 -8.81008 -1.03423 -2.75794 9.55693 -0.946361 3.21236 0.0497855 -0.111788 0.00855211
1418.99 -8.38873 -1.11084 -2.94946 9.51505 -0.988235 3.22552 0.0494801 -0.108123 0.00794125
1419.01 -8.58025 -0.995922 -2.75794 9.35354 -1.04806 3.22792 0.0487165 -0.103389 -0.013439
1419.03 -8.61855 -1.14914 -2.71963 9.25902 -1.14377 3.28295 0.0549779 -0.110719 -0.0387899
1419.04 -8.38873 -1.18745 -2.68133 9.29013 -1.13061 3.32602 0.0534507 -0.10736 -0.0447459
1419.06 -8.42703 -1.22575 -2.79624 9.18006 -1.21914 3.33081 0.0569632 -0.111941 -0.0537561
1419.08 -8.46534 -1.18745 -2.56641 9.17647 -1.17607 3.30808 0.0638354 -0.122937 -0.0594066
1419.09 -8.35042 -1.07253 -2.75794 9.18245 -1.12104 3.31406 0.0700968 -0.127824 -0.0569632
1419.11 -8.35042 -1.14914 -2.83455 9.15852 -1.08634 3.26142 0.0682642 -0.130114 -0.0329867
1419.13 -8.61855 -0.995922 -2.79624 9.24826 -0.985843 3.31526 0.0757473 -0.142026 -0.00320704
1419.14 -8.38873 -0.919312 -2.68133 9.30807 -0.947557 3.30568 0.0754418 -0.142332 0.0116064
1419.16 -8.58025 -0.995922 -2.87285 9.27697 -0.946361 3.26142 0.0766636 -0.145691 0.0131336
1419.17 -8.65686 -0.881008 -2.91116 9.39063 -0.872184 3.17647 0.0759 -0.146608 0.0114537
1419.19 -8.50364 -0.919312 -2.52811 9.37986 -0.870987 3.11904 0.0757473 -0.148746 0.0146608
1419.21 -8.65686 -0.919312 -2.29828 9.47916 -0.844666 3.0652 0.0745255 -0.144775 0.0174097
1419.22 -8.58025 -1.11084 -2.4898 9.38824 -1.00379 3.01137 0.0739146 -0.141415 0.0152716
1419.24 -8.69516 -1.07253 -2.71963 9.34636 -1.02891 3.00538 0.0736092 -0.140652 0.00335976
1419.26 -8.61855 -1.14914 -2.37489 9.32363 -1.10548 3.03649 0.0751364 -0.140804 0.00397062
1419.27 -8.50364 -1.11084 -2.56641 9.31286 -1.08873 3.09751 0.0771217 -0.140041 0.02474
1419.29 -8.58025 -0.995922 -2.64302 9.28654 -1.05523 3.13819 0.0830777 -0.145691 0.0633773
1419.31 -8.65686 -0.842703 -2.41319 9.48275 -0.89013 3.22193 0.0836885 -0.145539 0.0792598
1419.33 -8.77177 -0.804398 -2.60472 9.55573 -0.771685 3.16092 0.0795652 -0.139277 0.102473
1419.34 -8.84838 -0.804398 -2.25998 9.58564 -0.750149 2.9994 0.0728457 -0.131947 0.118813
1419.36 -8.46534 -0.842703 -2.22167 9.5019 -0.820738 2.86181 0.0662789 -0.121868 0.123089
1419.38 -8.61855 -1.14914 -2.29828 9.40857 -1.02772 2.75773 0.0632245 -0.122173 0.132252
1419.39 -8.58025 -1.30236 -2.52811 9.51505 -1.0337 2.75294 0.0572686 -0.117897 0.200364
1419.41 -8.61855 -1.11084 -2.18337 9.46122 -1.06959 2.77687 0.0529926 -0.113774 0.235794
1419.42 -8.50364 -1.26405 -2.25998 9.45404 -1.18923 2.85583 0.0447459 -0.106749 0.29459
1419.44 -8.54194 -1.30236 -2.41319 9.52224 -1.24307 2.90369 0.0415388 -0.105527 0.254425
1419.46 -8.84838 -1.26405 -2.18337 9.34756 -1.34596 2.94317 0.0413861 -0.110414 0.223118
1419.47 -8.65686 -1.26405 -2.4515 9.533 -1.37109 3.01376 0.0413861 -0.108581 0.177456
1419.49 -8.73347 -1.26405 -2.52811 9.51147 -1.22034 3.07358 0.043066 -0.108123 0.0926988
1419.51 -8.23551 -1.41727 -2.75794 9.3332 -1.401 3.04726 0.0439823 -0.109345 0.032834
1419.52 -8.50364 -1.53219 -2.52811 9.31406 -1.49073 3.12144 0.0455095 -0.106138 -0.00366519
1419.54 -8.50364 -1.6088 -2.4515 9.25424 -1.56132 3.12263 0.0470366 -0.105222 0.0386372
1419.56 -8.58025 -1.6471 -2.68133 9.38585 -1.61157 3.1346 0.0479529 -0.103694 0.0673479
1419.57 -8.54194 -1.57049 -2.56641 9.3332 -1.56132 3.11187 0.0502437 -0.100487 0.095295
1419.59 -8.58025 -1.26405 -2.25998 9.41216 -1.42971 3.14656 0.0523817 -0.104 0.0991129
1419.61 -8.46534 -1.53219 -2.60472 9.37149 -1.37468 3.11665 0.0526871 -0.101709 0.100335
1419.62 -8.50364 -1.45558 -2.4898 9.37986 -1.35434 3.07477 0.0490219 -0.0971275 0.109345
1419.64 -8.54194 -1.49388 -2.64302 9.38345 -1.41416 3.00179 0.0442877 -0.0911716 0.0885754
1419.66 -8.38873 -1.57049 -2.4515 9.35474 -1.45962 2.95394 0.0423024 -0.0901026 0.0704022
1419.67 -8.42703 -1.6088 -2.4898 9.21595 -1.61157 2.95274 0.0413861 -0.0847575 0.0445931
1419.69 -8.31211 -1.72371 -2.56641 9.17527 -1.69412 3.00419 0.0381791 -0.0836885 0.0276416
1419.71 -8.35042 -1.76202 -2.4898 9.10708 -1.73599 3.06401 0.0404698 -0.0841467 0.014508
1419.72 -8.38873 -1.6088 -2.37489 9.19202 -1.67617 3.13101 0.0412334 -0.090408 -0.0207694
1419.74 -8.1589 -1.6088 -2.52811 9.2016 -1.73599 3.13101 0.0395535 -0.090408 -0.0471893
1419.76 -8.42703 -1.80032 -2.56641 9.1992 -1.71685 3.09392 0.0386372 -0.089339 -0.052229
1419.77 -8.50364 -1.57049 -2.64302 9.20279 -1.62712 3.10708 0.0366519 -0.0905607 -0.0580322
1419.79 -8.46534 -1.49388 -2.60472 9.2674 -1.44646 3.19442 0.0374155 -0.0965167 -0.0531453
1419.81 -8.54194 -1.41727 -2.75794 9.2997 -1.41416 3.24945 0.0323759 -0.096364 -0.0319177
1419.82 -8.54194 -1.37897 -2.94946 9.37627 -1.42971 3.27099 0.0285579 -0.0910189 -0.0279471
1419.84 -8.38873 -1.6088 -2.60472 9.24228 -1.62592 3.25543 0.0277944 -0.08827 -0.0342084
1419.86 -8.38873 -1.83862 -2.64302 9.2674 -1.70369 3.20518 0.0287107 -0.0910189 -0.0310014
1419.88 -8.54194 -1.72371 -2.56641 9.32363 -1.74078 3.16929 0.0375682 -0.0864374 0.0418443
1419.9 -8.46534 -1.68541 -2.52811 9.31406 -1.69292 3.1992 0.0453567 -0.0835358 0.102014
1419.91 -8.27381 -1.6088 -2.71963 9.30807 -1.61515 3.25783 0.0470366 -0.0804815 0.0907135
1419.93 -8.35042 -1.6088 -2.60472 9.10828 -1.6343 3.24227 0.0525344 -0.0835358 -0.00702495
1419.95 -8.1972 -1.83862 -2.71963 9.03051 -1.73599 3.20638 0.0534507 -0.0916298 -0.0902553
1419.96 -8.12059 -1.87693 -2.60472 8.97906 -1.81256 3.1669 0.0555887 -0.0975857 -0.109498
1419.98 -8.23551 -1.83862 -2.64302 9.04845 -1.78863 3.15852 0.0511599 -0.102778 -0.101556
1420.0 -8.42703 -1.91523 -2.41319 9.10828 -1.73958 3.09033 0.0453567 -0.105985 -0.0859793
1420.01 -8.35042 -1.72371 -2.41319 9.16451 -1.70489 3.03529 0.0418443 -0.106901 -0.0766636
1420.03 -8.23551 -1.83862 -2.56641 9.05324 -1.79462 3.10349 0.0409279 -0.110414 -0.100335
1420.04 -8.12059 -1.83862 -2.52811 9.00658 -1.75274 3.10349 0.043066 -0.115759 -0.18387
1420.06 -8.1972 -1.68541 -2.52811 9.04965 -1.74676 3.18604 0.0450513 -0.120646 -0.207847
1420.08 -8.23551 -1.76202 -2.68133 9.0341 -1.65344 3.21954 0.0423024 -0.11973 -0.1715
1420.09 -8.35042 -1.76202 -2.4898 9.06879 -1.65344 3.24586 0.0433714 -0.126144 -0.122631
1420.11 -8.54194 -1.57049 -2.87285 9.35713 -1.5326 3.26501 0.0455095 -0.127365 -0.0887282
1420.13 -8.58025 -1.37897 -2.71963 9.41336 -1.50389 3.30688 0.044135 -0.118508 -0.022602
1420.14 -8.61855 -1.45558 -2.87285 9.39781 -1.46201 3.31047 0.0476475 -0.114385 0.0213803
1420.16 -8.50364 -1.53219 -2.71963 9.34277 -1.47398 3.36431 0.0474948 -0.111636 0.0334449
1420.18 -8.38873 -1.53219 -3.06437 9.18126 -1.57807 3.34277 0.0537561 -0.108429 0.0218384
1420.19 -8.31211 -1.57049 -2.79624 9.15135 -1.63071 3.33559 0.0623082 -0.113163 -0.00106901
1420.21 -8.35042 -1.6471 -2.71963 9.17168 -1.64865 3.24826 0.068875 -0.11469 -0.0151189
1420.23 -8.38873 -1.53219 -2.68133 9.21715 -1.62233 3.19442 0.0733038 -0.116064 -0.036041
1420.24 -8.42703 -1.6088 -2.71963 9.26022 -1.61635 3.17527 0.0760527 -0.115606 -0.0351248
1420.26 -8.42703 -1.68541 -2.4898 9.25185 -1.63549 3.16211 0.0736092 -0.114537 -0.0287107
1420.28 -8.27381 -1.6471 -2.4898 9.19202 -1.6331 3.1681 0.0742201 -0.113926 -0.00610865
1420.29 -8.42703 -1.57049 -2.60472 9.14896 -1.58524 3.18365 0.0714712 -0.113163 0.0137445
1420.31 -8.54194 -1.49388 -2.68133 9.25304 -1.46201 3.19202 0.0728457 -0.115454 0.023671
1420.33 -8.38873 -1.49388 -2.79624 9.24826 -1.42971 3.21595 0.066737 -0.113926 0.0519235
1420.34 -8.35042 -1.45558 -2.83455 9.26979 -1.42373 3.22433 0.0668897 -0.11637 0.0580322
1420.36 -8.38873 -1.34066 -2.83455 9.30329 -1.40578 3.2662 0.066737 -0.115606 0.0481056
1420.38 -8.31211 -1.37897 -2.68133 9.2327 -1.41894 3.28176 0.0623082 -0.112552 0.0171042
1420.39 -8.46534 -1.53219 -2.71963 9.21835 -1.44526 3.2997 0.0626137 -0.116217 0.00534507
1420.41 -8.46534 -1.6088 -2.64302 9.23749 -1.5015 3.2674 0.0610865 -0.118966 0.00824668
1420.43 -8.54194 -1.6088 -2.79624 9.28773 -1.56849 3.2327 0.0574213 -0.117592 0.0187841
1420.44 -8.42703 -1.68541 -2.64302 9.27338 -1.59123 3.18963 0.0542143 -0.114385 0.0342084
1420.46 -8.50364 -1.76202 -2.83455 9.24706 -1.58524 3.19083 0.0517708 -0.113774 0.0517708
1420.47 -8.42703 -1.57049 -2.79624 9.28773 -1.59482 3.26381 0.0511599 -0.116064 0.098502
1420.49 -8.58025 -1.6088 -2.64302 9.32004 -1.59003 3.26979 0.0479529 -0.115301 0.133932
1420.51 -7.77585 -1.76202 -2.87285 9.27457 -1.62831 3.18844 0.0496328 -0.117439 0.132405
1420.52 -8.65686 -1.83862 -2.68133 9.29132 -1.72164 3.14177 0.0497855 -0.121409 0.147524
1420.54 -8.54194 -1.6088 -2.52811 9.48634 -1.65224 3.0999 0.0497855 -0.11973 0.105069
1420.56 -8.54194 -1.6088 -2.56641 9.3344 -1.61515 3.04247 0.0519235 -0.122173 0.0670424
1420.57 -8.61855 -1.76202 -2.41319 9.22313 -1.60798 3.08794 0.053298 -0.125991 0.054367
1420.59 -8.58025 -1.68541 -2.68133 9.29731 -1.6654 3.12144 0.0505491 -0.123089 0.0813978
1420.6 -8.73347 -1.76202 -2.60472 9.40738 -1.75872 3.10708 0.0439823 -0.115606 0.128282
1420.62 -8.38873 -1.87693 -2.52811 9.24945 -1.88913 3.07837 0.0438296 -0.114995 0.115454
1420.64 -8.35042 -2.03015 -2.56641 9.22433 -1.8987 3.05444 0.0459676 -0.117286 0.103083
1420.65 -7.89076 -2.10676 -2.64302 9.00778 -2.03509 3.07358 0.0459676 -0.118966 0.135459
1420.67 -7.96737 -2.10676 -2.75794 9.71605 -2.05065 3.20638 0.0432187 -0.124006 0.306654
1420.69 -8.27381 -2.10676 -2.60472 9.17767 -2.06261 3.22193 0.0447459 -0.122173 0.38286
1420.7 -8.61855 -1.87693 -2.56641 9.51865 -2.00638 3.12981 0.0375682 -0.117286 0.521373
1420.72 -8.50364 -1.83862 -2.33659 9.40857 -1.84367 2.94676 0.0348193 -0.110108 0.517097
1420.74 -8.81008 -1.87693 -2.4898 9.6658 -1.81137 2.92044 0.0322231 -0.108276 0.471893
1420.75 -8.58025 -1.99184 -2.4898 9.29013 -1.89751 2.93719 0.0337503 -0.10736 0.338877
1420.77 -8.1972 -2.4515 -2.68133 9.05444 -2.37368 3.03888 0.0297797 -0.109192 0.288176
1420.79 -8.12059 -2.71963 -2.56641 8.83071 -2.5675 3.14297 0.0285579 -0.106596 0.309098
1420.8 -8.69516 -2.75794 -2.4515 9.20518 -2.69551 3.05683 0.0271835 -0.11133 0.442724
1420.82 -7.92907 -2.71963 -2.60472 8.61296 -2.64526 2.97069 0.0276416 -0.114079 0.62522
1420.84 -7.96737 -2.60472 -2.4515 9.09272 -2.69551 3.02333 0.0230602 -0.117133 0.89843
1420.85 -7.96737 -2.37489 -2.56641 8.8666 -2.39761 3.07837 0.0137445 -0.114079 0.992961
1420.87 -7.96737 -2.75794 -2.64302 8.91206 -2.62732 3.11187 0.00229074 -0.116217 1.06886
1420.89 -8.00568 -2.94946 -2.64302 8.82592 -2.81635 3.2016 -0.0018326 -0.122631 1.00106
1420.9 -7.77585 -3.52403 -2.60472 8.75533 -3.22672 3.24108 -0.00122173 -0.123395 0.944245
1420.92 -7.69924 -3.60064 -2.75794 8.65483 -3.5342 3.27099 0.00794125 -0.135154 0.83658
1420.94 -8.00568 -3.71555 -2.75794 8.64048 -3.59521 3.24586 0.0056505 -0.139888 0.813672
1420.95 -7.92907 -3.71555 -2.71963 8.71107 -3.58923 3.20638 0.00702495 -0.14279 0.84727
1420.97 -7.89076 -3.48573 -2.60472 8.66441 -3.41934 3.19681 0.000610865 -0.143248 0.963792
1420.99 -7.81416 -3.48573 -2.64302 8.59621 -3.4337 3.15852 -0.0119119 -0.142179 1.04733
1421.0 -7.69924 -3.86877 -2.64302 8.48135 -3.68853 3.15733 -0.0174097 -0.140804 1.05222
1421.02 -7.58433 -4.44334 -2.56641 8.2648 -4.28195 3.23151 -0.0261145 -0.138514 0.998765
1421.04 -7.31619 -4.63487 -2.91116 8.06979 -4.58225 3.31884 -0.0250455 -0.147829 0.89843
1421.05 -7.00976 -4.71148 -2.83455 7.90469 -4.67677 3.32363 -0.0218384 -0.151953 0.86132
1421.07 -7.08637 -5.05622 -2.79624 8.0662 -4.9017 3.20399 -0.025809 -0.156229 0.834747
1421.09 -7.16298 -5.40096 -2.52811 7.94656 -5.15653 3.15613 -0.0294742 -0.149051 0.867123
1421.1 -7.00976 -5.47757 -2.52811 7.79462 -5.33838 3.11904 -0.0311541 -0.147524 0.88942
1421.12 -6.81823 -5.63079 -2.68133 7.50748 -5.51665 3.14058 -0.0282525 -0.153022 0.952797
1421.14 -6.5118 -5.7457 -2.4515 7.2335 -5.5657 3.1657 -0.0290161 -0.160199 1.0513
1421.15 -6.32027 -5.63079 -2.79624 7.11864 -5.60279 3.18724 -0.031765 -0.163101 1.12262
1421.17 -6.43519 -5.59248 -2.83455 6.98465 -5.5334 3.10469 -0.0368046 -0.167072 1.30542
1421.19 -6.5118 -5.82231 -2.4515 7.17846 -5.61117 3.02572 -0.0444404 -0.174707 1.50319
1421.2 -6.66501 -5.89892 -2.29828 7.28136 -5.75474 2.94317 -0.0490219 -0.173486 1.58611
1421.22 -6.35858 -6.35858 -2.33659 7.14138 -6.13041 2.81157 -0.0546724 -0.173486 1.71302
1421.24 -6.16705 -6.66501 -2.37489 6.91765 -6.58983 2.84148 -0.0587958 -0.176082 1.7822
1421.25 -6.09044 -7.08637 -2.4515 6.87697 -6.87218 2.85224 -0.0591012 -0.17822 1.83763
1421.27 -5.86062 -7.3545 -2.56641 6.52522 -7.17368 2.83908 -0.0581849 -0.181274 1.89475
1421.29 -5.82231 -7.66094 -2.25998 6.40439 -7.62114 2.7661 -0.0526871 -0.185245 1.87688
1421.3 -5.55418 -7.85246 -2.22167 6.34337 -7.65823 2.71825 -0.0481056 -0.186772 1.83015
1421.32 -5.32435 -7.77585 -2.22167 6.1998 -7.79222 2.68235 -0.0384845 -0.190743 1.7066
1421.34 -5.40096 -7.69924 -2.18337 5.94497 -7.61635 2.67637 -0.0308487 -0.192728 1.59314
1421.35 -5.05622 -7.92907 -1.95354 5.75354 -7.67737 2.6321 -0.0326813 -0.194561 1.48929
1421.37 -4.71148 -7.92907 -2.14506 5.48794 -7.89033 2.65962 -0.0332921 -0.193033 1.43019
1421.39 -4.44334 -8.04398 -1.91523 5.34078 -7.91665 2.49691 -0.0253509 -0.196393 1.25701
1421.4 -4.51995 -8.04398 -1.37897 5.35394 -7.94058 2.37488 -0.0221439 -0.195171 1.05817
1421.42 -4.48165 -7.96737 -1.49388 5.13739 -7.81256 2.17866 -0.0218384 -0.191048 0.968679
1421.44 -4.32843 -8.38873 -1.76202 5.0668 -8.18584 2.17149 -0.021533 -0.190284 0.868497
1421.45 -4.40504 -8.84838 -1.91523 5.04766 -8.49213 2.17747 -0.0178678 -0.187383 0.816421
1421.47 -4.51995 -8.92499 -1.83862 4.98903 -8.95633 2.19422 -0.0167988 -0.177609 0.780991
1421.49 -3.83047 -9.0016 -1.99184 4.63968 -8.82233 2.29472 -0.00916297 -0.169362 0.703717
1421.5 -3.60064 -8.73347 -1.95354 4.54636 -8.72064 2.36889 -0.00229074 -0.15913 0.611781
1421.52 -3.79216 -8.54194 -1.87693 4.30708 -8.46222 2.44307 -0.000305433 -0.15745 0.586889
1421.54 -3.94538 -8.84838 -1.95354 4.48056 -8.5328 2.54357 0.00519235 -0.158061 0.564745
1421.55 -3.48573 -8.81008 -1.95354 4.19222 -8.55314 2.56869 0.00839939 -0.153633 0.539699
1421.57 -3.67725 -9.11651 -1.95354 4.13838 -8.80439 2.59023 0.0103847 -0.154091 0.540157
1421.59 -3.40912 -8.81008 -1.95354 4.04985 -8.7984 2.48016 0.0128282 -0.148746 0.477086
1421.6 -3.02607 -8.50364 -2.03015 4.00199 -8.48016 2.51844 0.0177151 -0.143095 0.3514
1421.62 -3.48573 -8.46534 -1.76202 4.03071 -8.40239 2.4658 0.0177151 -0.143553 0.27886
1421.64 -3.44742 -8.73347 -2.06845 4.04746 -8.50528 2.48853 0.0227547 -0.141415 0.175624
1421.65 -3.33251 -9.0016 -1.99184 3.89192 -8.77926 2.5005 0.0180205 -0.136376 0.174249
1421.67 -3.10268 -8.92499 -2.06845 3.83569 -8.86301 2.49571 0.0164934 -0.131641 0.187383
1421.68 -3.2942 -9.0016 -2.03015 3.71127 -8.74935 2.53759 0.0190895 -0.130572 0.228158
1421.7 -3.21759 -8.88668 -2.29828 3.90867 -8.80798 2.57827 0.0146608 -0.127824 0.29123
1421.72 -3.2559 -9.0016 -1.99184 3.95175 -8.87138 2.52921 0.0131336 -0.127213 0.313068
1421.73 -3.14098 -9.49956 -1.87693 3.82253 -9.23988 2.59023 0.0122173 -0.120951 0.383318
1421.75 -2.64302 -9.38465 -1.80032 3.48036 -9.21236 2.5651 0.0171042 -0.117286 0.435699
1421.76 -2.33659 -9.07821 -2.03015 3.03769 -9.05085 2.52921 0.0160352 -0.114537 0.455553
1421.78 -2.10676 -8.96329 -1.99184 2.84865 -8.8666 2.55075 0.0190895 -0.120493 0.45036
1421.8 -2.60472 -9.23143 -2.41319 3.11545 -9.04965 2.53041 0.0169515 -0.122937 0.414166
1421.81 -2.75794 -8.65686 -1.99184 2.92762 -8.62851 2.45982 0.0212276 -0.124616 0.290924
1421.83 -2.75794 -9.11651 -1.87693 3.33679 -8.70509 2.45862 0.0235183 -0.125686 0.264505
1421.84 -3.02607 -9.11651 -1.99184 3.55214 -9.05444 2.43589 0.0224493 -0.121409 0.225409
1421.86 -2.68133 -9.26973 -1.80032 3.44925 -9.0341 2.43828 0.0259618 -0.116064 0.138208
1421.87 -2.29828 -8.92499 -1.80032 3.03051 -8.88694 2.37488 0.0314596 -0.114843 0.0765108
1421.89 -2.25998 -9.19312 -1.45558 2.68116 -9.04606 2.26959 0.0343612 -0.120035 -0.0392481
1422.5 0.881008 -9.72939 -1.34066 -0.54676 -9.9661 1.81376 0.00794125 -0.0846048 1.89674
1422.51 1.18745 -9.65278 -1.14914 -0.946361 -9.68854 1.74556 0.01237 -0.0684169 1.63635
1422.53 2.03015 -9.30804 -1.14914 -1.35314 -9.09392 1.57448 0.0163406 -0.0658207 1.49189
1422.55 2.10676 -9.49956 -1.22575 -2.06142 -9.25663 1.64148 0.0167988 -0.0662789 1.21196
1422.56 2.87285 -9.72939 -1.72371 -2.90847 -9.80818 2.22293 0.0189368 -0.0728457 1.05924
1422.58 2.94946 -9.76769 -1.80032 -2.51844 -9.57129 2.34975 0.0238237 -0.0824668 1.02412
1422.6 3.17929 -9.42295 -1.76202 -3.08913 -9.38704 2.25523 0.0351248 -0.100182 1.01663
1422.61 3.21759 -8.96329 -1.83862 -3.13579 -8.80798 2.36411 0.0398589 -0.124006 1.09879
1422.63 3.2942 -8.88668 -1.83862 -3.1334 -8.63928 2.40837 0.0346666 -0.130878 1.15316
