1292.05 0.612875 0.0383047 -9.42295 -0.428315 0.352941 10.0056 0.0496328 -0.119882 -0.0343612
1292.06 0.57457 -0.0383047 -9.38465 -0.433101 0.331406 10.008 0.0514654 -0.120035 -0.0345139
1292.08 0.497961 -0.0383047 -9.42295 -0.301496 0.305085 10.0032 0.0491747 -0.119271 -0.0404698
1292.1 0.612875 -0.0383047 -9.46126 -0.352941 0.202193 10.0199 0.052229 -0.120951 -0.029627
1292.11 0.536266 -0.0766094 -9.42295 -0.289531 0.204586 10.0331 0.0493274 -0.118966 -0.032834
1292.13 0.65118 0.0 -9.42295 -0.363709 0.338584 10.002 0.0517708 -0.121868 -0.0290161
1292.15 0.459656 0.0 -9.61448 -0.348156 0.332602 9.98644 0.0511599 -0.119577 -0.03711
1292.16 0.65118 0.0766094 -9.42295 -0.281157 0.337388 10.0032 0.0529926 -0.1237 -0.0397062
1292.18 0.57457 0.0766094 -9.34634 -0.333799 0.424726 10.0187 0.0500909 -0.119882 -0.0300851
1292.2 0.57457 -0.0766094 -9.42295 -0.329013 0.311067 10.0032 0.0487165 -0.121104 -0.0310014
1292.21 0.536266 0.0766094 -9.49956 -0.26321 0.291924 9.99841 0.0471893 -0.120493 -0.0313068
1292.23 0.689484 0.0383047 -9.38465 -0.229711 0.378066 10.0152 0.0494801 -0.120799 -0.0274889
1292.25 0.497961 0.114914 -9.42295 -0.32662 0.314656 9.98524 0.0488692 -0.119577 -0.0276416
1292.26 0.536266 0.0383047 -9.49956 -0.323031 0.27996 10.0175 0.0456622 -0.11637 -0.0259618
1292.28 0.497961 0.0766094 -9.53786 -0.30987 0.320638 10.0068 0.0467312 -0.118661 -0.0284052
1292.29 0.612875 0.0383047 -9.42295 -0.381655 0.2668 9.99841 0.0458149 -0.117897 -0.0311541
1292.31 0.766094 -0.0383047 -9.34634 -0.410369 0.228514 10.0259 0.0499382 -0.121868 -0.0351248
1292.33 0.612875 -0.0383047 -9.42295 -0.366102 0.183051 10.0187 0.0500909 -0.124158 -0.0361938
1292.34 0.57457 0.0 -9.38465 -0.342173 0.107677 9.99242 0.0508545 -0.127976 -0.0471893
1292.36 0.65118 -0.114914 -9.11651 -0.435494 0.172283 10.0199 0.0502437 -0.120799 -0.0384845
1292.38 0.689484 -0.0383047 -9.46126 -0.315852 0.15673 9.99601 0.0520762 -0.128434 -0.0386372
1292.39 0.766094 -0.0383047 -9.38465 -0.410369 0.226122 10.0008 0.0511599 -0.121868 -0.0169515
1292.41 0.57457 -0.0766094 -9.23143 -0.488136 0.241675 10.0307 0.0511599 -0.126144 -0.0119119
1292.43 0.383047 -0.0766094 -9.38465 -0.302692 0.179462 9.98524 0.0520762 -0.128282 -0.0177151
1292.44 0.459656 0.0 -9.38465 -0.273978 0.291924 10.0164 0.0523817 -0.124158 -0.0189368
1292.46 0.57457 0.0 -9.61448 -0.35653 0.317049 10.0367 0.052229 -0.12706 -0.032834
1292.48 0.421352 -0.0383047 -9.30804 -0.303888 0.226122 9.99482 0.0508545 -0.125075 -0.0337503
1292.49 0.459656 0.0 -9.46126 -0.208175 0.283549 10.0367 0.0528398 -0.125686 -0.032834
1292.51 0.497961 0.114914 -9.38465 -0.22014 0.315852 10.014 0.0540616 -0.126602 -0.0329867
1292.53 0.536266 0.0 -9.38465 -0.270389 0.324227 9.98883 0.0523817 -0.126602 -0.0299324
1292.54 0.57457 0.0383047 -9.34634 -0.299103 0.352941 10.0331 0.0503964 -0.125227 -0.0253509
1292.56 0.612875 0.0383047 -9.38465 -0.300299 0.324227 9.99123 0.0546724 -0.129656 -0.0279471
1292.58 0.459656 0.114914 -9.23143 -0.278764 0.285942 10.008 0.0503964 -0.125075 -0.0250455
1292.59 0.65118 0.0383047 -9.65278 -0.319442 0.251246 10.0211 0.0510072 -0.126449 -0.0279471
1292.61 0.612875 0.0 -9.42295 -0.329013 0.222532 10.008 0.0508545 -0.129198 -0.0302378
1292.63 0.344742 -0.0766094 -9.34634 -0.192622 0.141176 10.0116 0.0510072 -0.131641 -0.0387899
1292.64 0.727789 -0.0766094 -9.19312 -0.323031 0.195015 10.051 0.052229 -0.124006 -0.0235183
1292.66 0.421352 -0.0383047 -9.46126 -0.32662 0.181854 10.0164 0.0526871 -0.126144 -0.0255036
1292.68 0.536266 -0.0383047 -9.49956 -0.09332 0.167498 10.0032 0.0546724 -0.130878 -0.0219911
1292.69 0.536266 0.0383047 -9.76769 -0.226122 0.27996 10.0403 0.0569632 -0.127671 -0.0171042
1292.71 0.689484 -0.0383047 -9.34634 -0.270389 0.214158 9.99841 0.0523817 -0.127976 -0.0250455
1292.72 0.344742 -0.114914 -9.46126 -0.131605 0.17348 10.0068 0.0571159 -0.134238 -0.031765
1292.74 0.421352 -0.0766094 -9.30804 -0.162712 0.254835 10.0415 0.0540616 -0.124158 -0.0300851
1292.76 0.383047 -0.0766094 -9.38465 -0.150748 0.20339 9.9996 0.0546724 -0.127213 -0.0351248
1292.77 0.306437 -0.0383047 -9.38465 -0.11007 0.185444 10.0307 0.0534507 -0.122631 -0.0316123
1292.79 0.306437 -0.0383047 -9.38465 -0.138784 0.258425 10.0307 0.0587958 -0.125686 -0.022602
1292.81 0.306437 -0.0383047 -9.38465 -0.129212 0.247657 9.99721 0.0566577 -0.126144 -0.025809
1292.82 0.421352 0.0 -9.26973 -0.0777667 0.275174 10.0415 0.0558941 -0.122173 -0.0255036
1292.84 0.306437 0.153219 -9.38465 -0.119641 0.324227 10.0044 0.0574213 -0.122937 -0.0293215
1292.86 0.268133 0.0383047 -9.15482 -0.0981057 0.311067 9.9996 0.0574213 -0.125533 -0.0313068
1292.87 0.344742 0.0383047 -9.38465 -0.0969093 0.318245 10.0259 0.0560469 -0.123242 -0.0320704
1292.89 0.57457 0.0766094 -9.49956 -0.105284 0.327816 10.0128 0.0549779 -0.121104 -0.0287107
1292.91 0.268133 0.153219 -9.53786 -0.102891 0.338584 10.0056 0.0561996 -0.121868 -0.0291688
1292.92 0.306437 0.0766094 -9.49956 -0.09332 0.352941 10.0104 0.0548251 -0.120951 -0.0285579
1292.94 0.268133 0.153219 -9.38465 -0.106481 0.364905 10.0319 0.0548251 -0.118966 -0.0274889
1292.95 0.383047 0.0383047 -9.23143 -0.120837 0.393619 10.0116 0.057574 -0.12538 -0.032834
1292.97 0.344742 0.0383047 -9.38465 -0.116052 0.40678 10.0403 0.0539089 -0.11973 -0.0316123
1292.98 0.383047 0.153219 -9.49956 -0.102891 0.409173 10.0128 0.0537561 -0.118202 -0.0302378
1293.0 0.306437 0.153219 -9.42295 -0.116052 0.451047 10.0032 0.0534507 -0.119271 -0.0308487
1293.01 0.421352 0.0 -9.38465 -0.0957129 0.422333 10.0152 0.055436 -0.124158 -0.0334449
1293.03 0.383047 0.0383047 -9.49956 -0.0538385 0.372084 10.0415 0.0496328 -0.117286 -0.0316123
1293.05 0.459656 0.0 -9.57617 -0.0693918 0.350548 10.0056 0.053298 -0.11805 -0.031765
1293.68 0.65118 0.0 -9.26973 -0.269192 0.315852 9.98883 0.0675006 -0.104916 -0.0345139
1293.69 0.497961 0.0383047 -9.46126 -0.254835 0.324227 10.0295 0.0659734 -0.105832 -0.0363465
1293.71 0.536266 0.0 -9.61448 -0.217747 0.319442 10.0451 0.0659734 -0.106901 -0.0348193
1293.73 0.497961 0.0766094 -9.38465 -0.252443 0.358923 10.0032 0.064599 -0.104305 -0.033903
1293.74 0.459656 0.0766094 -9.46126 -0.262014 0.35653 10.0235 0.0682642 -0.110567 -0.0369573
1293.76 0.459656 0.191523 -9.61448 -0.211765 0.354138 10.0343 0.0644463 -0.10797 -0.0316123
1293.78 0.536266 0.114914 -9.38465 -0.245264 0.405583 9.99242 0.0644463 -0.106443 -0.0323759
1293.79 0.536266 -0.0383047 -9.26973 -0.248853 0.401994 10.0164 0.0627664 -0.107054 -0.0340557
1293.81 0.497961 0.191523 -9.42295 -0.224925 0.418744 10.0187 0.0647517 -0.108123 -0.0320704
1293.83 0.383047 0.114914 -9.42295 -0.212961 0.40678 10.0152 0.0627664 -0.10736 -0.0326813
1293.84 0.421352 0.114914 -9.38465 -0.209372 0.387637 10.0152 0.0621555 -0.10965 -0.032834
1293.86 0.57457 0.114914 -9.38465 -0.189033 0.388834 10.0295 0.0616974 -0.108123 -0.0329867
1293.88 0.536266 0.0766094 -9.49956 -0.235693 0.405583 10.0032 0.0627664 -0.112246 -0.0332921
1293.89 0.57457 0.0 -9.38465 -0.262014 0.355334 10.0175 0.0594066 -0.109345 -0.0348193
1293.91 0.766094 0.0 -9.46126 -0.254835 0.345763 10.008 0.0607811 -0.111025 -0.0334449
1293.93 0.536266 0.114914 -9.42295 -0.271585 0.349352 10.0187 0.0618501 -0.112705 -0.0354302
1293.94 0.536266 0.0383047 -9.34634 -0.244068 0.299103 10.0187 0.0597121 -0.110872 -0.0331394
1293.96 0.459656 0.0383047 -9.42295 -0.254835 0.317049 10.0104 0.0594066 -0.10965 -0.031765
1293.98 0.459656 0.0 -9.38465 -0.281157 0.337388 10.0223 0.0591012 -0.111025 -0.0334449
1293.99 0.497961 0.0 -9.30804 -0.2668 0.319442 9.9996 0.0603229 -0.112246 -0.0332921
1294.01 0.459656 0.0383047 -9.46126 -0.264407 0.338584 10.0128 0.0613919 -0.114079 -0.033903
1294.03 0.497961 0.0383047 -9.42295 -0.272782 0.32662 10.0211 0.0586431 -0.11133 -0.0323759
1294.04 0.497961 0.0766094 -9.34634 -0.271585 0.300299 10.0211 0.0578795 -0.112246 -0.031765
1294.06 0.612875 0.0383047 -9.19312 -0.270389 0.306281 10.014 0.0592539 -0.113315 -0.0319177
1294.08 0.612875 -0.0766094 -9.30804 -0.242871 0.297906 10.0128 0.0600175 -0.114995 -0.0326813
1294.09 0.536266 0.0383047 -9.30804 -0.238086 0.294317 10.008 0.0616974 -0.115912 -0.0334449
1294.11 0.459656 0.0766094 -9.26973 -0.238086 0.344566 10.0307 0.0603229 -0.115606 -0.0326813
1294.13 0.497961 0.0766094 -9.46126 -0.251246 0.34337 10.0056 0.0623082 -0.11805 -0.0331394
1294.14 0.459656 0.0 -9.61448 -0.239282 0.355334 10.002 0.0627664 -0.117592 -0.0332921
1294.16 0.421352 -0.0766094 -9.46126 -0.205783 0.337388 10.008 0.0615447 -0.117744 -0.0331394
1294.17 0.421352 0.0 -9.42295 -0.185444 0.351745 10.008 0.0615447 -0.119577 -0.0331394
1294.19 0.344742 0.0766094 -9.23143 -0.16989 0.327816 10.0199 0.0600175 -0.113926 -0.0291688
1294.21 0.421352 0.0383047 -9.49956 -0.177069 0.329013 10.0211 0.0615447 -0.118508 -0.0346666
1294.22 0.421352 0.0766094 -9.38465 -0.16989 0.329013 10.0068 0.0594066 -0.113163 -0.0323759
1294.24 0.383047 0.0 -9.34634 -0.161515 0.331406 10.0235 0.0606284 -0.116828 -0.0313068
1294.26 0.459656 0.0 -9.42295 -0.162712 0.340977 10.0199 0.0586431 -0.116217 -0.0326813
1294.28 0.421352 0.0383047 -9.42295 -0.130409 0.332602 10.0331 0.0597121 -0.117133 -0.032834
1294.29 0.421352 0.0383047 -9.46126 -0.157926 0.34337 10.0223 0.0604756 -0.115148 -0.031765
1294.31 0.421352 0.0383047 -9.46126 -0.150748 0.344566 10.0104 0.0615447 -0.115606 -0.0335976
1294.33 0.383047 0.114914 -9.38465 -0.166301 0.349352 9.9996 0.0615447 -0.112857 -0.0335976
1294.34 0.421352 -0.0383047 -9.34634 -0.196211 0.369691 10.0164 0.0633773 -0.117439 -0.0346666
1294.36 0.421352 0.0766094 -9.42295 -0.180658 0.342173 9.99721 0.0623082 -0.116217 -0.033903
1294.38 0.421352 -0.0383047 -9.61448 -0.167498 0.339781 10.0044 0.0609338 -0.113468 -0.0331394
1294.39 0.383047 0.0766094 -9.23143 -0.153141 0.337388 10.0235 0.0604756 -0.114385 -0.0323759
1294.41 0.421352 0.0766094 -9.42295 -0.141176 0.364905 10.014 0.0591012 -0.112094 -0.0316123
1294.42 0.459656 0.0383047 -9.23143 -0.100499 0.378066 10.0128 0.0594066 -0.112552 -0.0310014
1294.44 0.306437 0.0766094 -9.38465 -0.0969093 0.384048 10.0235 0.0594066 -0.112094 -0.0316123
1294.46 0.306437 0.114914 -9.42295 -0.106481 0.381655 10.0092 0.0607811 -0.113468 -0.0319177
1294.47 0.344742 0.0766094 -9.30804 -0.114855 0.372084 10.0164 0.0623082 -0.114995 -0.0355829
1294.49 0.344742 0.114914 -9.34634 -0.113659 0.364905 10.0355 0.0598648 -0.113926 -0.0348193
1294.51 0.344742 0.0383047 -9.38465 -0.132802 0.362513 10.0128 0.0584903 -0.108887 -0.0323759
1294.52 0.383047 0.153219 -9.53786 -0.136391 0.39003 10.0116 0.0595593 -0.112094 -0.0342084
1294.54 0.497961 0.0766094 -9.34634 -0.137587 0.378066 10.014 0.0615447 -0.113163 -0.0348193
1294.56 0.497961 0.153219 -9.57617 -0.162712 0.403191 10.0056 0.0615447 -0.113774 -0.0357356
1294.57 0.421352 0.0766094 -9.38465 -0.155533 0.411565 10.0164 0.0589485 -0.110567 -0.0340557
1294.59 0.344742 0.114914 -9.30804 -0.153141 0.413958 10.0175 0.0609338 -0.113315 -0.0369573
1294.61 0.306437 0.0383047 -9.46126 -0.150748 0.412762 10.0068 0.0563523 -0.107512 -0.0325286
1294.62 0.421352 0.0 -9.42295 -0.161515 0.418744 10.0235 0.0580322 -0.111636 -0.033903
1294.64 0.497961 0.114914 -9.57617 -0.159123 0.411565 10.0331 0.0581849 -0.111025 -0.0345139
1294.66 0.421352 0.153219 -9.30804 -0.163908 0.40678 10.0092 0.0591012 -0.112857 -0.0334449
1294.67 0.459656 0.0766094 -9.23143 -0.155533 0.39003 10.0068 0.0548251 -0.106901 -0.031765
1294.69 0.383047 0.0 -9.42295 -0.137587 0.387637 9.9996 0.0580322 -0.113315 -0.0343612
1294.71 0.306437 0.0 -9.42295 -0.151944 0.374477 10.0044 0.0586431 -0.111483 -0.033903
1294.72 0.383047 -0.0383047 -9.38465 -0.15673 0.37328 10.0092 0.0569632 -0.109039 -0.032834
1294.74 0.421352 0.114914 -9.23143 -0.175872 0.366102 10.0128 0.0587958 -0.112094 -0.0342084
1294.76 0.459656 0.0766094 -9.42295 -0.183051 0.372084 10.0104 0.0560469 -0.108734 -0.0322231
1294.77 0.459656 0.0 -9.38465 -0.181854 0.378066 10.0259 0.0577268 -0.110414 -0.0334449
1294.79 0.459656 0.114914 -9.34634 -0.178265 0.375673 10.0128 0.0534507 -0.107207 -0.0313068
1294.8 0.57457 0.0766094 -9.61448 -0.192622 0.396012 10.0116 0.0560469 -0.107054 -0.0334449
1294.82 0.459656 0.153219 -9.76769 -0.196211 0.385244 10.0211 0.0555887 -0.109803 -0.0331394
1294.84 0.497961 0.0383047 -9.30804 -0.183051 0.382851 10.008 0.0497855 -0.103083 -0.0303905
1294.85 0.421352 0.114914 -9.34634 -0.187837 0.369691 9.99721 0.057574 -0.109956 -0.0345139
1294.87 0.459656 0.0383047 -9.65278 -0.204586 0.357727 10.002 0.0566577 -0.110261 -0.0346666
1294.89 0.57457 0.0383047 -9.34634 -0.206979 0.329013 10.0187 0.0540616 -0.107207 -0.0316123
1294.9 0.344742 0.153219 -9.30804 -0.208175 0.339781 10.0068 0.0589485 -0.111177 -0.034972
1294.92 0.459656 0.0383047 -9.38465 -0.224925 0.350548 10.0092 0.0552833 -0.108276 -0.0323759
1294.94 0.612875 0.0383047 -9.46126 -0.210568 0.346959 10.0044 0.0534507 -0.104763 -0.0303905
1294.95 0.421352 0.0766094 -9.42295 -0.200997 0.350548 10.0128 0.0558941 -0.10965 -0.0323759
1294.97 0.536266 0.0383047 -9.42295 -0.198604 0.348156 10.0044 0.0558941 -0.10797 -0.0311541
1294.99 0.497961 0.114914 -9.8443 -0.223729 0.370887 10.0068 0.0561996 -0.111025 -0.0319177
1295.0 0.459656 0.0383047 -9.38465 -0.205783 0.350548 10.0128 0.0552833 -0.109803 -0.031765
1295.02 0.459656 0.0766094 -9.53786 -0.192622 0.340977 10.0199 0.0563523 -0.110872 -0.032834
1295.04 0.421352 0.114914 -9.46126 -0.199801 0.35653 10.0175 0.0589485 -0.113774 -0.0340557
1295.05 0.612875 0.0383047 -9.38465 -0.17348 0.358923 10.0092 0.0589485 -0.114079 -0.0329867
1295.07 0.459656 0.0766094 -9.61448 -0.199801 0.375673 10.0104 0.0548251 -0.110719 -0.0320704
1295.09 0.421352 0.0383047 -9.38465 -0.151944 0.366102 10.0092 0.0600175 -0.115454 -0.0364992
1295.1 0.421352 0.0383047 -9.34634 -0.143569 0.352941 10.0152 0.0551306 -0.107665 -0.0325286
1295.12 0.268133 0.153219 -9.30804 -0.130409 0.357727 10.0044 0.0586431 -0.112705 -0.0337503
1295.14 0.459656 0.0766094 -9.38465 -0.133998 0.361316 9.9996 0.0557414 -0.108276 -0.031765
1295.15 0.383047 0.114914 -9.34634 -0.141176 0.352941 10.0175 0.0549779 -0.108276 -0.0325286
1295.17 0.536266 0.0 -9.34634 -0.155533 0.370887 10.0164 0.0560469 -0.108123 -0.0331394
1295.19 0.306437 0.114914 -9.42295 -0.174676 0.368495 10.0116 0.0610865 -0.113926 -0.0351248
1295.2 0.421352 0.0766094 -9.23143 -0.175872 0.382851 10.0068 0.0540616 -0.108581 -0.0316123
1295.22 0.383047 0.114914 -9.46126 -0.151944 0.39003 10.0247 0.0557414 -0.106596 -0.032834
1295.24 0.306437 0.114914 -9.30804 -0.124427 0.397208 10.0092 0.0577268 -0.109956 -0.0334449
1295.25 0.383047 0.114914 -9.42295 -0.129212 0.399601 10.0247 0.0568105 -0.108276 -0.0335976
1295.27 0.306437 0.0383047 -9.42295 -0.133998 0.422333 10.0116 0.0557414 -0.108276 -0.0342084
1295.28 0.421352 0.0766094 -9.42295 -0.124427 0.430708 9.99242 0.0566577 -0.109803 -0.033903
1295.3 0.497961 0.0383047 -9.46126 -0.145962 0.424726 10.0235 0.0528398 -0.104611 -0.0305433
1295.32 0.57457 0.114914 -9.38465 -0.141176 0.443868 9.99601 0.0549779 -0.107512 -0.0331394
1295.33 0.306437 0.153219 -9.69109 -0.13998 0.429512 10.0104 0.0510072 -0.104153 -0.0313068
1295.35 0.421352 0.0383047 -9.38465 -0.150748 0.429512 10.0164 0.0572686 -0.109192 -0.0354302
1295.37 0.459656 0.114914 -9.38465 -0.143569 0.399601 10.0164 0.0523817 -0.106291 -0.0326813
1295.38 0.268133 0.0383047 -9.38465 -0.138784 0.374477 10.0295 0.0537561 -0.108887 -0.0342084
1295.4 0.383047 0.0766094 -9.42295 -0.16989 0.386441 10.0044 0.0513127 -0.102778 -0.0325286
1295.42 0.57457 0.0383047 -9.42295 -0.215354 0.397208 10.008 0.0546724 -0.107054 -0.0346666
1295.43 0.536266 0.0383047 -9.49956 -0.276371 0.429512 10.0044 0.0539089 -0.106443 -0.0337503
1295.45 0.57457 0.153219 -9.38465 -0.299103 0.435494 9.99841 0.0539089 -0.10797 -0.0334449
1295.46 0.497961 0.0383047 -9.07821 -0.320638 0.39003 10.0092 0.0540616 -0.111025 -0.0406225
1295.48 0.612875 0.0766094 -9.42295 -0.252443 0.342173 10.0104 0.0494801 -0.107818 -0.029627
1295.5 0.497961 0.0766094 -9.34634 -0.27996 0.428315 10.008 0.0537561 -0.110108 -0.0363465
1295.51 0.497961 0.0766094 -9.46126 -0.288335 0.391226 10.0056 0.0500909 -0.112399 -0.033903
1295.53 0.497961 0.0383047 -9.30804 -0.192622 0.332602 9.99721 0.0517708 -0.112705 -0.0322231
1295.55 0.497961 0.0383047 -9.34634 -0.236889 0.407976 10.0343 0.0536034 -0.112399 -0.0355829
1295.57 0.536266 0.114914 -9.34634 -0.264407 0.385244 10.0032 0.0505491 -0.111636 -0.0325286
1295.58 0.65118 -0.0766094 -9.46126 -0.195015 0.325424 9.98285 0.052229 -0.113926 -0.0346666
1295.6 0.497961 0.0383047 -9.42295 -0.185444 0.358923 10.0283 0.0540616 -0.112246 -0.0346666
1295.61 0.612875 0.114914 -9.42295 -0.189033 0.348156 10.0391 0.054367 -0.113163 -0.0354302
1295.63 0.536266 0.0 -9.46126 -0.171087 0.336191 10.0092 0.0505491 -0.110719 -0.0314596
1295.65 0.383047 0.0766094 -9.38465 -0.148355 0.363709 10.0247 0.0548251 -0.11469 -0.0352775
1295.66 0.421352 0.0383047 -9.34634 -0.175872 0.344566 9.97926 0.0546724 -0.113621 -0.034972
1295.68 0.421352 0.153219 -9.49956 -0.157926 0.352941 10.0044 0.0531453 -0.111941 -0.0332921
1295.7 0.383047 0.0766094 -9.42295 -0.191426 0.405583 10.0235 0.0537561 -0.11133 -0.0332921
1295.71 0.612875 0.114914 -9.53786 -0.252443 0.384048 9.97687 0.0516181 -0.111025 -0.0319177
1295.73 0.497961 0.153219 -9.46126 -0.242871 0.411565 10.0199 0.056505 -0.114232 -0.0334449
1295.75 0.459656 -0.0383047 -9.49956 -0.166301 0.350548 10.0068 0.0545197 -0.116675 -0.0348193
1295.76 0.536266 -0.0766094 -9.30804 -0.204586 0.364905 10.002 0.0529926 -0.109345 -0.0352775
1295.78 0.536266 0.0383047 -9.34634 -0.281157 0.372084 10.0355 0.0536034 -0.111941 -0.0348193
1295.8 0.497961 0.0383047 -9.49956 -0.167498 0.269192 9.9996 0.0514654 -0.114079 -0.0331394
1295.81 0.497961 0.0 -9.42295 -0.17348 0.348156 10.0331 0.0540616 -0.112705 -0.0331394
1295.83 0.536266 0.0383047 -9.42295 -0.206979 0.349352 10.0439 0.0558941 -0.115148 -0.0335976
1295.85 0.421352 0.114914 -9.30804 -0.171087 0.314656 9.97926 0.0546724 -0.115301 -0.0337503
1295.86 0.306437 0.153219 -9.53786 -0.135194 0.392423 10.0331 0.0534507 -0.112246 -0.0325286
1295.88 0.459656 0.114914 -9.46126 -0.167498 0.387637 10.0104 0.0516181 -0.111025 -0.0311541
1295.9 0.497961 0.0766094 -9.53786 -0.167498 0.372084 10.0068 0.0514654 -0.111788 -0.0302378
1295.91 0.459656 0.114914 -9.42295 -0.181854 0.403191 10.0415 0.0560469 -0.115912 -0.0346666
1295.93 0.383047 0.0766094 -9.26973 -0.179462 0.421137 10.0152 0.0540616 -0.114843 -0.0325286
1295.95 0.344742 0.0 -9.38465 -0.104088 0.434297 10.0092 0.0499382 -0.112399 -0.0310014
1295.96 0.344742 0.114914 -9.30804 -0.132802 0.454636 10.0307 0.0514654 -0.110872 -0.0334449
1295.98 0.383047 0.114914 -9.49956 -0.15673 0.470189 9.98883 0.0514654 -0.112552 -0.0345139
1296.0 0.344742 0.191523 -9.46126 -0.208175 0.494118 10.0164 0.0517708 -0.113774 -0.0346666
1296.01 0.536266 0.191523 -9.46126 -0.193819 0.461814 10.0211 0.0497855 -0.112399 -0.0335976
1296.03 0.421352 0.0766094 -9.34634 -0.183051 0.460618 10.0056 0.0470366 -0.108887 -0.0331394
1296.04 0.459656 0.0 -9.38465 -0.132802 0.405583 10.0128 0.0493274 -0.115606 -0.034972
1296.06 0.344742 0.114914 -9.46126 -0.087338 0.425922 10.0379 0.0490219 -0.115301 -0.0352775
1296.08 0.344742 0.0766094 -9.30804 -0.0897308 0.42353 10.0032 0.0458149 -0.109498 -0.0311541
1296.09 0.421352 0.0766094 -9.46126 -0.147159 0.37328 10.008 0.047342 -0.111025 -0.0323759
1296.11 0.306437 0.0 -9.34634 -0.133998 0.338584 10.0211 0.0468839 -0.111788 -0.0337503
1296.13 0.344742 0.0383047 -9.38465 -0.0981057 0.305085 10.0032 0.0478002 -0.116064 -0.0351248
1296.14 0.268133 0.0 -9.42295 0.0251246 0.303888 10.0175 0.0484111 -0.112246 -0.034972
1296.16 0.306437 0.0766094 -9.34634 -0.00239282 0.272782 10.0223 0.0496328 -0.109039 -0.0375682
1296.18 0.383047 -0.0766094 -9.53786 -0.13998 0.311067 10.0175 0.0499382 -0.108123 -0.0340557
1296.19 0.459656 -0.0766094 -9.38465 -0.0981057 0.283549 10.0116 0.0500909 -0.110719 -0.0426078
1296.21 0.383047 0.114914 -9.53786 -0.0358923 0.315852 10.0522 0.0505491 -0.107512 -0.0267254
1296.23 0.344742 0.0766094 -9.46126 -0.0454636 0.297906 10.0427 0.0528398 -0.11133 -0.0401644
1296.24 0.268133 -0.114914 -9.38465 -0.0143569 0.197408 9.98524 0.0505491 -0.110567 -0.0323759
1296.26 0.229828 -0.0383047 -9.34634 0.0562313 0.232104 10.0164 0.0540616 -0.10568 -0.0340557
1296.28 0.268133 -0.0766094 -9.19312 0.0693918 0.247657 10.0379 0.0534507 -0.105832 -0.0329867
1296.29 0.229828 -0.0383047 -9.38465 0.0334995 0.218943 10.0104 0.0523817 -0.101098 -0.0346666
1296.31 0.229828 0.0 -9.65278 0.0227318 0.276371 10.0534 0.055436 -0.102625 -0.0331394
1296.33 0.268133 0.0383047 -9.42295 -0.00957129 0.288335 10.014 0.0548251 -0.100029 -0.0351248
1296.34 0.153219 0.0 -9.49956 -0.0729811 0.246461 9.99721 0.0578795 -0.104305 -0.0372628
1296.36 0.536266 -0.0766094 -9.53786 -0.100499 0.303888 10.0355 0.0557414 -0.0968221 -0.0348193
1296.38 0.421352 0.0383047 -9.26973 -0.131605 0.317049 9.9996 0.0586431 -0.100182 -0.0348193
1296.39 0.383047 0.114914 -9.42295 -0.198604 0.321834 9.9996 0.0586431 -0.10064 -0.0355829
1296.41 0.497961 -0.0766094 -9.34634 -0.21655 0.352941 10.0211 0.0580322 -0.0989602 -0.034972
1296.42 0.459656 0.0 -9.38465 -0.236889 0.381655 9.98883 0.0569632 -0.100029 -0.0351248
1296.44 0.536266 0.114914 -9.38465 -0.282353 0.372084 10.0223 0.0537561 -0.0954477 -0.033903
1296.46 0.497961 0.0766094 -9.42295 -0.253639 0.369691 10.0211 0.0563523 -0.100793 -0.0335976
1296.47 0.57457 0.229828 -9.42295 -0.254835 0.372084 10.014 0.0586431 -0.102625 -0.0343612
1296.49 0.383047 0.0766094 -9.65278 -0.27996 0.363709 10.0056 0.0569632 -0.103847 -0.0369573
1296.51 0.459656 0.0766094 -9.42295 -0.277567 0.346959 10.0044 0.0561996 -0.101556 -0.0345139
1296.53 0.612875 0.0 -9.34634 -0.285942 0.35653 9.98764 0.0568105 -0.103847 -0.0348193
1296.54 0.57457 0.0766094 -9.53786 -0.26321 0.315852 10.0032 0.0534507 -0.0998765 -0.0322231
1296.56 0.57457 0.0 -9.38465 -0.258425 0.30987 10.0068 0.0555887 -0.102473 -0.0323759
1296.58 0.65118 0.0766094 -9.34634 -0.264407 0.315852 10.0056 0.057574 -0.104763 -0.0346666
1296.59 0.612875 0.0383047 -9.42295 -0.2668 0.337388 10.0128 0.055436 -0.101556 -0.0343612
1296.61 0.65118 0.114914 -9.42295 -0.26321 0.361316 9.99841 0.056505 -0.103542 -0.0334449
1296.63 0.536266 0.0383047 -9.49956 -0.259621 0.378066 9.99601 0.0560469 -0.10568 -0.033903
1296.64 0.421352 0.0 -9.46126 -0.258425 0.374477 10.0199 0.0591012 -0.108734 -0.0352775
1296.66 0.57457 0.114914 -9.49956 -0.269192 0.355334 10.0104 0.0531453 -0.103389 -0.0322231
1296.67 0.65118 -0.0383047 -9.61448 -0.25005 0.339781 10.0271 0.0552833 -0.106596 -0.0326813
1296.69 0.57457 0.0383047 -9.46126 -0.29671 0.334995 10.0092 0.0546724 -0.105527 -0.0329867
1296.71 0.57457 0.0 -9.49956 -0.300299 0.311067 10.014 0.0566577 -0.105527 -0.0314596
1296.72 0.57457 0.0383047 -9.53786 -0.282353 0.297906 10.0092 0.0569632 -0.108276 -0.032834
1296.74 0.459656 0.153219 -9.38465 -0.276371 0.284746 9.99841 0.0572686 -0.107512 -0.0322231
1296.76 0.57457 0.0766094 -9.19312 -0.260818 0.312263 10.0367 0.0587958 -0.108123 -0.033903
1296.77 0.57457 0.114914 -9.30804 -0.267996 0.32662 9.98644 0.0612392 -0.112399 -0.0323759
1296.79 0.459656 -0.0383047 -9.42295 -0.259621 0.323031 10.0295 0.0584903 -0.110872 -0.0331394
1296.81 0.536266 0.0766094 -9.26973 -0.267996 0.300299 10.0187 0.0584903 -0.109956 -0.0342084
1296.82 0.497961 -0.0766094 -9.34634 -0.271585 0.350548 9.98405 0.0603229 -0.112399 -0.0343612
1296.84 0.421352 0.0383047 -9.42295 -0.27996 0.346959 10.0092 0.0627664 -0.115301 -0.0332921
1296.86 0.57457 0.0383047 -9.53786 -0.269192 0.342173 10.0199 0.0609338 -0.114537 -0.033903
1296.87 0.612875 0.0766094 -9.38465 -0.240479 0.396012 9.99362 0.0598648 -0.113621 -0.0331394
1296.89 0.536266 0.0383047 -9.49956 -0.227318 0.392423 10.0116 0.0560469 -0.112246 -0.0329867
1296.91 0.459656 0.0383047 -9.38465 -0.209372 0.357727 10.0104 0.0594066 -0.114537 -0.0313068
1296.92 0.459656 0.114914 -9.38465 -0.211765 0.37328 10.0056 0.0591012 -0.113468 -0.0335976
1296.94 0.497961 0.114914 -9.34634 -0.205783 0.391226 10.0128 0.0606284 -0.113774 -0.0326813
1296.96 0.536266 0.0383047 -9.42295 -0.202193 0.369691 10.0152 0.0598648 -0.115606 -0.0331394
1296.97 0.497961 0.0383047 -9.42295 -0.168694 0.344566 10.014 0.0584903 -0.11301 -0.0314596
1296.99 0.497961 0.153219 -9.61448 -0.179462 0.367298 10.0223 0.0603229 -0.112857 -0.0323759
1297.01 0.497961 0.0 -9.34634 -0.187837 0.354138 9.99841 0.0563523 -0.110108 -0.032834
1297.02 0.306437 0.0766094 -9.49956 -0.232104 0.329013 10.0199 0.0569632 -0.111025 -0.0314596
1297.04 0.421352 -0.0766094 -9.61448 -0.232104 0.324227 10.0152 0.0603229 -0.115454 -0.0352775
1297.06 0.421352 0.0383047 -9.53786 -0.196211 0.331406 10.0092 0.0600175 -0.114079 -0.032834
1297.07 0.306437 0.153219 -9.38465 -0.159123 0.384048 10.0307 0.0609338 -0.114995 -0.0342084
1297.09 0.421352 0.0383047 -9.38465 -0.131605 0.405583 10.008 0.056505 -0.109956 -0.0329867
1297.11 0.459656 0.153219 -9.57617 -0.105284 0.40678 10.0259 0.0580322 -0.109956 -0.0323759
1297.12 0.383047 0.114914 -9.42295 -0.124427 0.520439 10.0175 0.0583376 -0.109803 -0.0335976
1297.14 0.344742 0.191523 -9.30804 -0.141176 0.54676 9.96251 0.0551306 -0.107512 -0.0313068
1297.16 0.459656 0.0766094 -9.57617 -0.17348 0.556331 10.0199 0.0555887 -0.10965 -0.0310014
1297.17 0.421352 0.153219 -9.42295 -0.155533 0.527617 10.0044 0.0526871 -0.110872 -0.0313068
1297.19 0.536266 0.114914 -9.61448 -0.133998 0.541974 9.98046 0.052229 -0.110719 -0.0361938
1297.21 0.459656 0.114914 -9.49956 -0.178265 0.54676 10.0283 0.0514654 -0.109345 -0.0305433
1297.22 0.421352 0.153219 -9.49956 -0.159123 0.524028 10.0008 0.0484111 -0.108581 -0.0319177
1297.24 0.421352 0.268133 -9.53786 -0.160319 0.528814 10.0128 0.0494801 -0.109345 -0.0332921
1297.25 0.459656 0.153219 -9.46126 -0.179462 0.501296 10.0247 0.0497855 -0.110872 -0.0325286
1297.27 0.421352 0.229828 -9.46126 -0.226122 0.440279 9.97328 0.0459676 -0.107054 -0.0332921
1297.29 0.459656 0.0766094 -9.42295 -0.209372 0.435494 10.0008 0.0459676 -0.109039 -0.0316123
1297.3 0.306437 0.0 -9.38465 -0.13998 0.392423 10.0116 0.0467312 -0.108276 -0.0331394
1297.32 0.383047 0.0383047 -9.23143 -0.224925 0.392423 10.002 0.0488692 -0.109345 -0.0334449
1297.34 0.421352 0.114914 -9.46126 -0.229711 0.376869 10.0319 0.0448986 -0.107054 -0.0337503
1297.35 0.306437 0.0383047 -9.30804 -0.101695 0.345763 9.99482 0.0493274 -0.114537 -0.0326813
1297.37 0.459656 0.0 -9.49956 -0.192622 0.400798 10.0331 0.0453567 -0.107054 -0.0335976
1297.39 0.612875 0.0766094 -9.42295 -0.229711 0.36012 10.0283 0.0484111 -0.106749 -0.032834
1297.4 0.268133 0.0766094 -9.49956 -0.0993021 0.289531 10.0092 0.0459676 -0.109956 -0.0334449
1297.42 0.344742 -0.0383047 -9.42295 -0.12323 0.291924 10.0259 0.0494801 -0.110719 -0.0348193
1297.44 0.421352 0.0 -9.42295 -0.151944 0.256032 10.014 0.0494801 -0.110261 -0.0342084
1297.45 0.344742 0.0 -9.49956 -0.108873 0.196211 10.0235 0.0476475 -0.108429 -0.0332921
1297.47 0.306437 -0.0766094 -9.26973 -0.163908 0.230907 10.0199 0.0511599 -0.108734 -0.0337503
1297.49 0.497961 -0.0383047 -9.38465 -0.181854 0.178265 10.014 0.0476475 -0.105832 -0.0335976
1297.5 0.383047 -0.191523 -9.42295 -0.145962 0.144766 10.0223 0.0510072 -0.106901 -0.0326813
1297.52 0.306437 -0.0766094 -9.57617 -0.181854 0.189033 10.0199 0.0555887 -0.107818 -0.0357356
1297.53 0.421352 -0.0383047 -9.53786 -0.256032 0.2333 10.0044 0.0525344 -0.103542 -0.0320704
1297.55 0.459656 -0.153219 -9.38465 -0.26321 0.235693 10.0319 0.0539089 -0.108429 -0.0329867
1297.56 0.421352 0.0383047 -9.38465 -0.317049 0.272782 10.0175 0.0552833 -0.107818 -0.0313068
1297.58 0.459656 -0.114914 -9.42295 -0.212961 0.235693 10.0128 0.0557414 -0.108734 -0.0334449
1297.59 0.459656 -0.0766094 -9.15482 -0.153141 0.22014 10.0092 0.0569632 -0.113774 -0.0334449
1297.61 0.383047 -0.0383047 -9.23143 -0.112463 0.221336 10.0367 0.0549779 -0.106443 -0.0335976
1297.63 0.65118 -0.0383047 -9.38465 -0.174676 0.262014 10.0247 0.0606284 -0.107207 -0.0346666
1298.25 0.536266 0.114914 -9.42295 -0.269192 0.422333 10.0343 0.0444404 -0.115606 -0.0332921
1298.27 0.421352 0.0 -9.30804 -0.259621 0.372084 10.0068 0.0415388 -0.115912 -0.0354302
1298.29 0.383047 0.0 -9.34634 -0.25005 0.254835 9.99601 0.0424551 -0.119119 -0.0293215
1298.31 0.459656 -0.114914 -9.42295 -0.118445 0.114855 10.0379 0.0439823 -0.119882 -0.0310014
1298.33 0.306437 -0.114914 -9.30804 0.00239282 0.0717846 10.0283 0.0467312 -0.123395 -0.0287107
1298.34 0.344742 0.0 -9.42295 -0.0526421 0.226122 10.0403 0.0540616 -0.120188 -0.0361938
1298.36 0.268133 -0.0766094 -9.42295 -0.00478564 0.141176 9.97687 0.0505491 -0.119119 -0.0400117
1298.38 0.344742 0.0 -9.65278 0.0239282 0.17348 10.014 0.0508545 -0.113468 -0.0303905
1298.39 0.306437 -0.0766094 -9.42295 -0.0167498 0.267996 10.0654 0.0520762 -0.112094 -0.0372628
1298.41 0.344742 -0.114914 -9.34634 -0.09332 0.199801 9.95892 0.0542143 -0.11469 -0.0316123
1298.43 0.268133 0.114914 -9.57617 -0.0861416 0.253639 10.0283 0.0528398 -0.112246 -0.0366519
1298.44 0.229828 0.0766094 -9.30804 0.0311067 0.312263 10.0271 0.054367 -0.113468 -0.0308487
1298.46 0.344742 -0.0383047 -9.30804 -0.0454636 0.293121 10.0044 0.0568105 -0.111788 -0.0348193
1298.48 0.383047 -0.0383047 -9.26973 -0.0825523 0.293121 10.0463 0.0563523 -0.109956 -0.032834
1298.49 0.268133 0.0383047 -9.34634 0.0311067 0.302692 10.0116 0.0552833 -0.108276 -0.031765
1298.51 0.383047 0.0383047 -9.42295 -0.0777667 0.283549 9.99721 0.0563523 -0.107512 -0.0331394
1298.53 0.344742 -0.0766094 -9.46126 -0.143569 0.264407 10.0223 0.0572686 -0.106596 -0.032834
1298.54 0.344742 0.0383047 -9.46126 -0.0658026 0.2668 10.0056 0.0583376 -0.110567 -0.0348193
1298.56 0.421352 0.0383047 -9.34634 -0.0622134 0.254835 10.0283 0.0595593 -0.10797 -0.0377209
1298.58 0.344742 0.0 -9.38465 -0.0622134 0.236889 10.0104 0.057574 -0.104 -0.0325286
1298.59 0.383047 0.0 -9.42295 -0.0598205 0.27996 10.0152 0.0571159 -0.102931 -0.0334449
1298.61 0.497961 0.0383047 -9.11651 -0.122034 0.327816 10.0152 0.0584903 -0.100487 -0.0323759
1298.63 0.383047 0.0383047 -9.42295 -0.144766 0.29671 9.99841 0.0598648 -0.103542 -0.0368046
1298.64 0.383047 0.0 -9.30804 -0.12323 0.337388 10.0044 0.0623082 -0.104763 -0.0351248
1298.66 0.344742 -0.0383047 -9.38465 -0.0705882 0.291924 10.0104 0.0589485 -0.101251 -0.0335976
1298.68 0.344742 0.0 -9.34634 -0.108873 0.277567 10.0403 0.0610865 -0.100487 -0.0325286
1298.69 0.268133 0.0383047 -9.30804 -0.0777667 0.318245 9.99362 0.0603229 -0.0992656 -0.0311541
1298.71 0.459656 0.0766094 -9.65278 -0.0957129 0.311067 10.0271 0.0610865 -0.101709 -0.0355829
1298.73 0.459656 0.0766094 -9.42295 -0.162712 0.348156 10.0534 0.0633773 -0.0998765 -0.0314596
1298.74 0.459656 0.0 -9.30804 -0.256032 0.366102 9.97807 0.0600175 -0.0978911 -0.0305433
1298.76 0.421352 -0.0766094 -9.42295 -0.238086 0.342173 10.0319 0.06353 -0.104 -0.0345139
1298.78 0.459656 -0.0383047 -9.34634 -0.289531 0.354138 10.0032 0.0623082 -0.100945 -0.030696
1298.79 0.536266 -0.0383047 -9.38465 -0.323031 0.348156 10.0211 0.0636827 -0.103083 -0.0346666
1298.81 0.421352 0.114914 -9.30804 -0.205783 0.366102 10.0223 0.0604756 -0.103389 -0.0308487
1298.83 0.497961 0.153219 -9.46126 -0.283549 0.478564 9.99721 0.064599 -0.104763 -0.0331394
1298.84 0.497961 0.114914 -9.38465 -0.311067 0.532403 9.9996 0.0620028 -0.102778 -0.031765
1298.86 0.459656 0.0766094 -9.30804 -0.247657 0.445065 9.98405 0.0597121 -0.105222 -0.0329867
1298.88 0.57457 0.153219 -9.38465 -0.262014 0.459422 10.0164 0.0607811 -0.105069 -0.0354302
1298.89 0.421352 0.0383047 -9.38465 -0.303888 0.471386 10.0199 0.0612392 -0.107207 -0.0334449
1298.91 0.306437 0.153219 -9.34634 -0.17348 0.441475 10.0044 0.0583376 -0.108123 -0.0348193
1298.93 0.344742 0.114914 -9.19312 -0.179462 0.354138 10.0271 0.0574213 -0.103542 -0.0319177
1298.94 0.57457 0.191523 -9.34634 -0.197408 0.391226 10.0331 0.0600175 -0.107818 -0.0351248
1298.96 0.612875 0.153219 -9.53786 -0.260818 0.445065 9.99242 0.0600175 -0.106138 -0.0326813
1298.98 0.459656 -0.0766094 -9.19312 -0.200997 0.351745 10.0175 0.0563523 -0.103542 -0.0343612
1298.99 0.65118 0.0383047 -9.34634 -0.21655 0.350548 10.0175 0.0580322 -0.10568 -0.0332921
1299.01 0.536266 0.229828 -9.30804 -0.397208 0.474975 9.98524 0.0587958 -0.105985 -0.0352775
1299.03 0.421352 0.114914 -9.42295 -0.27996 0.405583 10.0187 0.0572686 -0.11133 -0.0343612
1299.04 0.497961 0.153219 -9.49956 -0.198604 0.404387 10.008 0.0551306 -0.107818 -0.0288634
1299.06 0.727789 0.344742 -9.38465 -0.317049 0.553938 10.002 0.0607811 -0.111788 -0.0348193
1299.08 0.612875 0.153219 -9.46126 -0.283549 0.443868 10.0128 0.053298 -0.107207 -0.0332921
1299.09 0.497961 0.191523 -9.38465 -0.232104 0.434297 10.0032 0.055436 -0.112552 -0.0329867
1299.11 0.383047 0.114914 -9.38465 -0.229711 0.470189 10.0247 0.0545197 -0.108887 -0.0343612
1299.13 0.306437 0.114914 -9.49956 -0.300299 0.421137 9.9996 0.0520762 -0.108429 -0.0323759
1299.14 0.306437 0.0 -9.19312 -0.273978 0.387637 9.98046 0.0539089 -0.109803 -0.0303905
1299.16 0.459656 0.0383047 -9.42295 -0.187837 0.411565 10.0295 0.0536034 -0.109803 -0.0342084
1299.18 0.459656 0.0766094 -9.34634 -0.214158 0.391226 10.0152 0.0514654 -0.10965 -0.0311541
1299.19 0.497961 -0.0383047 -9.03991 -0.17348 0.358923 10.0175 0.053298 -0.113926 -0.033903
1299.21 0.383047 0.0766094 -9.38465 -0.11007 0.388834 10.0092 0.0519235 -0.110872 -0.0311541
1299.23 0.383047 0.114914 -9.30804 -0.141176 0.325424 10.0128 0.0514654 -0.110261 -0.0335976
1299.24 0.306437 -0.0383047 -9.49956 -0.119641 0.321834 10.0056 0.055436 -0.112705 -0.0337503
1299.26 0.421352 0.114914 -9.42295 -0.160319 0.374477 10.0128 0.0525344 -0.106749 -0.0303905
1299.28 0.497961 0.114914 -9.38465 -0.175872 0.329013 10.008 0.0528398 -0.110261 -0.033903
1299.29 0.383047 0.0766094 -9.49956 -0.228514 0.34337 10.0128 0.0555887 -0.111941 -0.0332921
1299.31 0.344742 0.191523 -9.42295 -0.184247 0.355334 10.0307 0.0546724 -0.110567 -0.0346666
1299.33 0.421352 0.0766094 -9.49956 -0.150748 0.315852 10.0128 0.0534507 -0.109956 -0.0299324
1299.34 0.536266 0.0766094 -9.46126 -0.148355 0.362513 9.99482 0.053298 -0.109803 -0.032834
1299.36 0.344742 0.0383047 -9.26973 -0.171087 0.399601 10.0199 0.0572686 -0.113315 -0.0348193
1299.38 0.497961 0.114914 -9.34634 -0.157926 0.380459 10.0044 0.0545197 -0.111025 -0.0368046
1299.39 0.344742 0.0766094 -9.34634 -0.111266 0.354138 10.0068 0.0560469 -0.110567 -0.034972
1299.41 0.497961 0.0 -9.46126 -0.167498 0.39003 10.0223 0.0525344 -0.105069 -0.0326813
1299.42 0.344742 -0.0383047 -9.38465 -0.135194 0.30987 10.0056 0.0545197 -0.110567 -0.0331394
1299.44 0.421352 0.0 -9.19312 -0.09332 0.311067 10.0199 0.055436 -0.106291 -0.0300851
1299.46 0.344742 -0.0383047 -9.26973 -0.137587 0.299103 10.014 0.0546724 -0.106596 -0.0340557
1299.47 0.421352 0.0766094 -9.57617 -0.143569 0.269192 10.0116 0.0574213 -0.110567 -0.033903
1299.49 0.344742 0.0 -9.49956 -0.116052 0.289531 9.98524 0.0568105 -0.106138 -0.0314596
1299.51 0.306437 0.0 -9.49956 -0.0777667 0.285942 10.008 0.0591012 -0.108581 -0.036041
1299.52 0.268133 -0.0766094 -9.53786 -0.133998 0.256032 10.0307 0.0600175 -0.105832 -0.0335976
1299.54 0.268133 0.0766094 -9.38465 -0.150748 0.339781 10.0427 0.0600175 -0.105985 -0.0322231
1299.56 0.268133 0.0383047 -9.49956 -0.191426 0.344566 9.98405 0.0591012 -0.104458 -0.0285579
1299.57 0.421352 0.0383047 -9.46126 -0.148355 0.29671 10.0223 0.0574213 -0.100945 -0.0335976
1299.59 0.268133 0.0383047 -9.30804 -0.18664 0.369691 10.008 0.0627664 -0.105069 -0.0323759
1299.61 0.421352 0.0383047 -9.46126 -0.217747 0.363709 10.0068 0.0581849 -0.101862 -0.0348193
1299.62 0.536266 0.0766094 -9.38465 -0.166301 0.333799 10.0164 0.0623082 -0.108429 -0.0320704
1299.64 0.459656 0.191523 -9.42295 -0.16989 0.399601 10.008 0.0609338 -0.10232 -0.031765
1299.66 0.421352 0.114914 -9.34634 -0.208175 0.366102 10.0175 0.0604756 -0.103847 -0.0343612
1299.67 0.497961 0.0383047 -9.38465 -0.195015 0.355334 10.0175 0.0615447 -0.10797 -0.0351248
1299.69 0.497961 0.0766094 -9.30804 -0.153141 0.39003 10.0128 0.0636827 -0.106291 -0.034972
1299.71 0.344742 0.0766094 -9.38465 -0.208175 0.376869 10.014 0.0601702 -0.102625 -0.0346666
1299.72 0.459656 0.0 -9.72939 -0.221336 0.372084 10.0152 0.0609338 -0.102931 -0.032834
1299.74 0.459656 0.0766094 -9.49956 -0.192622 0.387637 9.99721 0.0610865 -0.102931 -0.0323759
1299.75 0.459656 0.114914 -9.65278 -0.234497 0.379262 10.0104 0.0603229 -0.10232 -0.0342084
1299.77 0.57457 0.0383047 -9.53786 -0.236889 0.351745 9.9996 0.0644463 -0.10736 -0.034972
1299.79 0.497961 0.0766094 -9.34634 -0.245264 0.37328 10.0104 0.0630718 -0.102931 -0.032834
1299.8 0.536266 0.0383047 -9.30804 -0.244068 0.374477 10.0175 0.0600175 -0.103389 -0.032834
1299.82 0.421352 0.0766094 -9.42295 -0.234497 0.361316 9.99482 0.0612392 -0.103236 -0.0320704
1299.84 0.497961 0.0383047 -9.46126 -0.230907 0.364905 10.0128 0.0620028 -0.103542 -0.033903
1299.85 0.689484 0.0766094 -9.46126 -0.211765 0.358923 10.0295 0.0652099 -0.108276 -0.0352775
1299.87 0.497961 0.0383047 -9.34634 -0.245264 0.368495 10.0164 0.0598648 -0.104611 -0.0335976
1299.89 0.383047 0.0766094 -9.30804 -0.215354 0.381655 10.0032 0.06353 -0.104916 -0.0345139
1299.9 0.536266 0.114914 -9.46126 -0.235693 0.391226 10.0199 0.0620028 -0.103694 -0.0342084
1299.92 0.459656 0.0766094 -9.49956 -0.248853 0.407976 10.0187 0.0627664 -0.104611 -0.0329867
1299.94 0.57457 0.0383047 -9.42295 -0.258425 0.440279 9.97807 0.0641408 -0.107665 -0.0369573
1299.95 0.536266 0.0766094 -9.38465 -0.269192 0.429512 10.0223 0.062461 -0.105374 -0.0355829
1299.97 0.421352 0.153219 -9.34634 -0.297906 0.445065 10.0068 0.0626137 -0.104916 -0.0323759
1299.99 0.612875 0.153219 -9.38465 -0.301496 0.442672 9.98883 0.064599 -0.107818 -0.0334449
1300.0 0.689484 0.114914 -9.34634 -0.297906 0.454636 10.0068 0.0642935 -0.112094 -0.0351248
1300.02 0.383047 0.153219 -9.42295 -0.283549 0.443868 10.0008 0.064599 -0.109956 -0.0357356
1300.04 0.612875 0.153219 -9.34634 -0.301496 0.458225 9.98405 0.062461 -0.110567 -0.0342084
1300.05 0.65118 0.229828 -9.30804 -0.270389 0.4666 10.0032 0.0607811 -0.109192 -0.033903
1300.07 0.459656 0.191523 -9.46126 -0.285942 0.459422 10.008 0.0642935 -0.114995 -0.0394008
1300.09 0.689484 0.191523 -9.38465 -0.285942 0.482154 10.0008 0.0615447 -0.111177 -0.0392481
1300.1 0.497961 0.114914 -9.46126 -0.287139 0.489332 10.0128 0.0606284 -0.112094 -0.0384845
1300.12 0.459656 0.268133 -9.49956 -0.254835 0.541974 9.99123 0.0612392 -0.113315 -0.034972
1300.13 0.536266 0.229828 -9.57617 -0.26321 0.568295 10.0116 0.0594066 -0.113926 -0.0314596
1300.15 0.57457 0.153219 -9.42295 -0.2333 0.586241 10.0056 0.0574213 -0.111025 -0.0300851
1300.17 0.497961 0.268133 -9.57617 -0.209372 0.601795 9.99841 0.0563523 -0.112857 -0.0325286
1300.18 0.536266 0.191523 -9.49956 -0.218943 0.582652 10.002 0.0574213 -0.114843 -0.0308487
1300.2 0.536266 0.268133 -9.38465 -0.215354 0.57667 10.0032 0.0534507 -0.110719 -0.0293215
1300.22 0.459656 0.153219 -9.34634 -0.224925 0.538385 10.002 0.0545197 -0.114843 -0.0326813
1300.23 0.57457 0.191523 -9.46126 -0.272782 0.55992 10.0128 0.0529926 -0.115454 -0.0314596
1300.25 0.536266 0.268133 -9.49956 -0.290728 0.551545 10.014 0.0526871 -0.113468 -0.0325286
1300.27 0.536266 0.191523 -9.46126 -0.273978 0.54317 9.98883 0.0510072 -0.113468 -0.0354302
1300.28 0.306437 0.114914 -9.42295 -0.2668 0.541974 10.0175 0.0503964 -0.113468 -0.0320704
1300.3 0.421352 0.229828 -9.34634 -0.230907 0.553938 10.0056 0.0482583 -0.111483 -0.0320704
1300.32 0.421352 0.306437 -9.69109 -0.200997 0.507278 10.0008 0.0478002 -0.113621 -0.033903
1300.33 0.383047 0.114914 -9.34634 -0.181854 0.518046 10.008 0.0481056 -0.114385 -0.0343612
1300.35 0.383047 0.114914 -9.38465 -0.196211 0.519242 10.0068 0.0471893 -0.115301 -0.0346666
1300.37 0.57457 0.153219 -9.46126 -0.196211 0.484546 10.0152 0.0465785 -0.115148 -0.0348193
1300.38 0.383047 0.114914 -9.61448 -0.177069 0.473779 10.0116 0.0455095 -0.112552 -0.034972
1300.4 0.459656 0.114914 -9.38465 -0.137587 0.434297 10.0152 0.0461203 -0.112399 -0.033903
1300.42 0.344742 0.0383047 -9.42295 -0.106481 0.412762 10.0128 0.0465785 -0.11301 -0.0340557
1300.43 0.344742 0.0766094 -9.38465 -0.0945165 0.418744 10.0128 0.0471893 -0.114079 -0.0342084
1300.45 0.421352 0.0383047 -9.15482 -0.138784 0.368495 10.014 0.0458149 -0.11301 -0.0340557
1300.47 0.383047 0.114914 -9.38465 -0.17348 0.340977 10.0092 0.0476475 -0.114995 -0.036041
1300.48 0.421352 -0.0383047 -9.49956 -0.192622 0.34337 10.0199 0.0461203 -0.112857 -0.0332921
1300.5 0.383047 -0.0383047 -9.15482 -0.184247 0.300299 10.002 0.0455095 -0.108887 -0.031765
1300.52 0.421352 0.0766094 -9.30804 -0.184247 0.264407 10.0223 0.0494801 -0.113468 -0.0354302
1300.53 0.612875 0.114914 -9.65278 -0.181854 0.258425 10.0152 0.0507018 -0.111788 -0.033903
1300.55 0.497961 -0.0383047 -9.34634 -0.199801 0.262014 10.0175 0.0514654 -0.112399 -0.0345139
1300.57 0.536266 -0.0383047 -9.30804 -0.228514 0.259621 10.0104 0.0494801 -0.110719 -0.0325286
1300.58 0.612875 -0.0766094 -9.30804 -0.222532 0.254835 10.0211 0.053298 -0.112857 -0.0354302
1300.6 0.459656 0.0383047 -9.38465 -0.254835 0.244068 10.0247 0.0502437 -0.108123 -0.032834
1300.61 0.383047 -0.0383047 -9.15482 -0.234497 0.253639 10.0175 0.0548251 -0.112857 -0.0326813
1300.63 0.459656 0.0766094 -9.49956 -0.210568 0.248853 10.0175 0.0574213 -0.114232 -0.0342084
1300.65 0.497961 -0.0383047 -9.42295 -0.211765 0.254835 10.0247 0.0572686 -0.113468 -0.0342084
1300.66 0.459656 0.0 -9.26973 -0.239282 0.257228 10.0128 0.0591012 -0.114843 -0.0342084
1300.68 0.383047 0.0383047 -9.34634 -0.239282 0.278764 10.0092 0.0584903 -0.113163 -0.0337503
1300.7 0.497961 0.114914 -9.49956 -0.218943 0.273978 10.0092 0.0574213 -0.109498 -0.0322231
1300.71 0.383047 0.0766094 -9.42295 -0.214158 0.278764 10.0152 0.0610865 -0.114385 -0.0334449
1300.73 0.383047 0.0383047 -9.38465 -0.191426 0.308674 9.99721 0.062461 -0.113926 -0.0340557
1300.75 0.536266 0.153219 -9.53786 -0.190229 0.31346 10.0116 0.0641408 -0.114232 -0.0332921
1300.76 0.421352 -0.0383047 -9.42295 -0.209372 0.301496 10.0164 0.0604756 -0.112552 -0.0320704
1300.78 0.459656 0.0766094 -9.49956 -0.232104 0.314656 10.0056 0.062461 -0.113468 -0.031765
1300.8 0.497961 0.0 -9.38465 -0.234497 0.336191 10.0164 0.0627664 -0.111788 -0.0319177
1300.81 0.497961 0.0 -9.49956 -0.248853 0.332602 10.0199 0.0632245 -0.11133 -0.0314596
1300.83 0.459656 0.0 -9.46126 -0.241675 0.344566 10.0104 0.0655153 -0.115606 -0.0329867
1300.85 0.497961 0.0 -9.38465 -0.198604 0.329013 10.0044 0.0644463 -0.113774 -0.0335976
1300.86 0.536266 0.0 -9.49956 -0.189033 0.329013 10.002 0.0684169 -0.117744 -0.0346666
1300.88 0.383047 0.0383047 -9.42295 -0.17348 0.325424 10.0175 0.0664316 -0.113315 -0.033903
1300.9 0.344742 0.0 -9.38465 -0.168694 0.319442 10.0152 0.0676533 -0.114995 -0.0331394
1300.91 0.421352 0.0 -9.30804 -0.144766 0.330209 10.002 0.067806 -0.116064 -0.0337503
1300.93 0.306437 0.0 -9.34634 -0.138784 0.338584 9.99841 0.0673479 -0.113163 -0.031765
1300.95 0.383047 0.0766094 -9.34634 -0.145962 0.340977 10.0128 0.0714712 -0.117592 -0.0357356
1300.96 0.421352 0.114914 -9.57617 -0.12682 0.349352 10.002 0.0687223 -0.113163 -0.0331394
1300.98 0.421352 0.114914 -9.38465 -0.122034 0.37328 10.0164 0.0731511 -0.115912 -0.0372628
1301.0 0.421352 0.0766094 -9.34634 -0.0981057 0.363709 10.0391 0.0699441 -0.112399 -0.0342084
1301.01 0.268133 0.0383047 -9.34634 -0.120837 0.346959 10.014 0.0675006 -0.106901 -0.0311541
1301.03 0.421352 0.0383047 -9.42295 -0.141176 0.325424 10.0199 0.0733038 -0.112399 -0.031765
1301.05 0.383047 0.0766094 -9.65278 -0.129212 0.332602 10.0367 0.0751364 -0.112246 -0.0319177
1301.06 0.459656 0.0 -9.38465 -0.13998 0.325424 10.0116 0.0762054 -0.113774 -0.0340557
1301.08 0.612875 0.0766094 -9.38465 -0.147159 0.327816 10.002 0.0760527 -0.111636 -0.0340557
1301.1 0.268133 0.0766094 -9.49956 -0.129212 0.357727 10.0008 0.0760527 -0.108887 -0.0340557
1301.11 0.459656 0.0383047 -9.34634 -0.145962 0.393619 9.9996 0.0783434 -0.112094 -0.0372628
1301.13 0.383047 0.191523 -9.34634 -0.166301 0.435494 10.0032 0.0788016 -0.10965 -0.0374155
1301.15 0.421352 0.153219 -9.46126 -0.161515 0.459422 10.002 0.0784962 -0.109039 -0.0368046
1301.16 0.421352 0.114914 -9.38465 -0.183051 0.480957 10.0152 0.0795652 -0.111636 -0.0381791
1301.18 0.57457 0.229828 -9.49956 -0.196211 0.521635 10.0092 0.0768163 -0.107054 -0.0332921
1301.2 0.344742 0.268133 -9.34634 -0.183051 0.564706 9.99721 0.0800233 -0.112246 -0.0300851
1301.21 0.306437 0.383047 -9.49956 -0.122034 0.679561 9.99721 0.0766636 -0.111636 -0.0343612
1301.23 0.306437 0.536266 -9.30804 -0.0801595 0.789631 9.9673 0.0759 -0.107512 -0.0413861
1301.25 0.229828 0.383047 -9.49956 -0.0514457 0.878166 10.0439 0.0755945 -0.110414 -0.0368046
1301.26 0.306437 0.421352 -9.57617 -0.0885344 0.798006 10.0451 0.0702495 -0.106749 -0.0345139
1301.28 0.497961 0.229828 -9.15482 -0.185444 0.587438 9.99003 0.0655153 -0.103694 -0.0369573
1301.29 0.459656 0.229828 -9.26973 -0.223729 0.571884 9.97567 0.0694859 -0.109039 -0.0374155
1301.31 0.536266 0.268133 -9.49956 -0.25005 0.652044 10.0211 0.0653626 -0.105222 -0.0346666
1301.33 0.57457 0.229828 -9.30804 -0.267996 0.664008 9.97926 0.0664316 -0.10965 -0.0354302
1301.34 0.612875 0.344742 -9.53786 -0.247657 0.692722 9.99601 0.0661261 -0.108276 -0.0357356
1301.36 0.497961 0.268133 -9.42295 -0.251246 0.671186 10.0403 0.0644463 -0.109498 -0.0395535
1301.38 0.57457 0.153219 -9.42295 -0.31346 0.594616 9.96132 0.0603229 -0.106901 -0.0387899
1301.39 0.65118 0.344742 -9.65278 -0.302692 0.650847 10.0044 0.0613919 -0.10965 -0.0316123
1301.41 0.65118 0.229828 -9.46126 -0.30987 0.631705 10.0379 0.0587958 -0.108123 -0.0302378
1301.43 0.536266 0.229828 -9.38465 -0.312263 0.544367 9.97448 0.0607811 -0.113774 -0.0322231
1301.44 0.421352 0.229828 -9.03991 -0.21655 0.580259 9.98405 0.0606284 -0.113774 -0.036041
1301.46 0.344742 0.153219 -9.38465 -0.227318 0.602991 10.0056 0.0638354 -0.114995 -0.0413861
1301.48 0.459656 0.229828 -9.23143 -0.273978 0.562313 10.0068 0.0604756 -0.116217 -0.0381791
1301.49 0.497961 0.229828 -9.42295 -0.247657 0.643669 9.98524 0.0612392 -0.11637 -0.0235183
1301.51 0.612875 0.268133 -9.34634 -0.26321 0.671186 9.99721 0.0571159 -0.112094 -0.022602
1301.53 0.536266 0.344742 -9.11651 -0.299103 0.601795 9.98764 0.0581849 -0.118508 -0.0294742
1301.54 0.497961 0.344742 -9.34634 -0.244068 0.65683 9.98883 0.0558941 -0.114843 -0.0302378
1301.56 0.57457 0.306437 -9.38465 -0.210568 0.65324 9.9996 0.0546724 -0.11469 -0.0340557
1301.58 0.383047 0.229828 -9.42295 -0.218943 0.581456 10.0056 0.0500909 -0.113468 -0.0386372
1301.59 0.383047 0.191523 -9.38465 -0.184247 0.533599 9.99003 0.0549779 -0.116217 -0.034972
1301.61 0.421352 0.191523 -9.53786 -0.159123 0.54676 10.0187 0.0549779 -0.117439 -0.0320704
1301.63 0.421352 0.0766094 -9.34634 -0.141176 0.535992 10.0032 0.0549779 -0.116981 -0.0264199
1301.64 0.344742 0.114914 -9.34634 -0.160319 0.605384 9.97926 0.054367 -0.116675 -0.0262672
1301.66 0.497961 0.191523 -9.42295 -0.155533 0.587438 9.99482 0.0546724 -0.117744 -0.0308487
1301.68 0.459656 0.114914 -9.42295 -0.122034 0.538385 10.0211 0.0508545 -0.116064 -0.0337503
1301.69 0.306437 0.229828 -9.53786 -0.0646062 0.550349 9.99601 0.0546724 -0.119882 -0.0386372
1301.71 0.344742 0.114914 -9.42295 -0.0849452 0.524028 9.99601 0.0548251 -0.117592 -0.0397062
1301.73 0.344742 0.0383047 -9.38465 -0.04666 0.430708 10.0104 0.0514654 -0.115759 -0.0389426
1301.74 0.229828 0.114914 -9.26973 0.00837488 0.422333 10.0032 0.0546724 -0.114079 -0.0381791
1301.76 0.191523 0.0 -9.49956 0.00717846 0.43669 10.0295 0.0563523 -0.114995 -0.0361938
1301.78 0.306437 0.114914 -9.34634 -0.0107677 0.413958 10.008 0.0552833 -0.111941 -0.0343612
1301.79 0.268133 0.0383047 -9.23143 -0.0382852 0.379262 10.0211 0.0563523 -0.112399 -0.0340557
1301.81 0.306437 0.0383047 -9.53786 -0.0382852 0.396012 10.0379 0.057574 -0.109803 -0.0323759
1301.83 0.268133 0.0766094 -9.69109 -0.0382852 0.362513 10.0152 0.0539089 -0.106749 -0.0299324
1301.84 0.306437 0.0 -9.49956 0.0131605 0.289531 10.0104 0.0595593 -0.108887 -0.0325286
1301.86 0.153219 0.0 -9.30804 0.0370887 0.270389 10.0391 0.0601702 -0.106901 -0.0357356
1301.88 0.153219 -0.0383047 -9.34634 0.0490528 0.217747 10.014 0.0626137 -0.108581 -0.0332921
1301.89 0.229828 -0.0383047 -9.46126 0.061017 0.217747 10.0331 0.0649044 -0.104 -0.030696
1301.91 0.344742 -0.0766094 -9.57617 0.0299103 0.228514 10.0104 0.0659734 -0.100945 -0.0351248
1301.93 0.344742 0.0766094 -9.38465 -0.0107677 0.299103 9.99721 0.0673479 -0.0994183 -0.0331394
1301.94 0.383047 0.0383047 -9.42295 -0.0514457 0.407976 10.0211 0.071013 -0.100793 -0.0230602
1301.96 0.383047 0.229828 -9.03991 -0.0993021 0.452243 10.0295 0.0691805 -0.0992656 -0.0171042
