1442.22 2.10676 -9.30804 -2.98777 -1.92861 -9.12263 3.40618 0.0536034 -0.109956 -0.030696
1442.23 2.18337 -9.42295 -2.56641 -1.96211 -9.12144 3.3679 0.0511599 -0.109192 -0.0253509
1442.25 2.18337 -9.26973 -2.79624 -1.94656 -9.14177 3.34158 0.0514654 -0.109192 -0.0229074
1442.27 2.22167 -9.19312 -2.75794 -1.97288 -9.11665 3.27817 0.0534507 -0.111025 -0.0186314
1442.28 2.29828 -9.30804 -2.83455 -1.98365 -9.09631 3.25783 0.0503964 -0.110414 -0.0183259
1442.3 2.18337 -9.23143 -2.60472 -2.01834 -9.08315 3.24347 0.0520762 -0.108734 -0.0221439
1442.32 2.29828 -9.30804 -2.75794 -2.02792 -9.04487 3.23749 0.0542143 -0.113621 -0.0274889
1442.33 2.37489 -9.49956 -2.52811 -2.02792 -9.04487 3.23629 0.0545197 -0.112399 -0.0288634
1442.35 2.25998 -9.34634 -2.75794 -2.03868 -9.04606 3.26142 0.0520762 -0.109345 -0.0261145
1442.37 2.37489 -9.26973 -2.91116 -2.02552 -9.07717 3.26859 0.0557414 -0.111941 -0.0221439
1442.38 2.37489 -9.26973 -2.75794 -2.04227 -9.01974 3.26261 0.0572686 -0.11133 -0.0242819
1442.4 2.33659 -9.23143 -2.68133 -2.07458 -8.98983 3.25543 0.0587958 -0.11637 -0.0287107
1442.42 2.37489 -9.19312 -2.79624 -2.07817 -9.04487 3.28415 0.0548251 -0.11133 -0.0320704
1442.43 2.25998 -9.15482 -3.02607 -2.13081 -8.99701 3.35833 0.0563523 -0.112705 -0.0406225
1442.45 2.29828 -9.0016 -2.94946 -2.17029 -8.9659 3.40259 0.0571159 -0.113468 -0.0497855
1442.46 2.37489 -9.26973 -2.87285 -2.20618 -8.97308 3.46122 0.053298 -0.113468 -0.0508545
1442.48 2.29828 -9.26973 -2.94946 -2.12841 -8.99581 3.43968 0.0471893 -0.112399 -0.0267254
1442.5 2.33659 -9.26973 -2.94946 -2.08534 -9.02333 3.42891 0.0459676 -0.116675 -0.0154243
1442.51 2.22167 -9.34634 -2.71963 -1.98604 -9.11067 3.33918 0.0461203 -0.118661 0.00274889
1442.53 2.22167 -9.38465 -2.79624 -2.00758 -9.14417 3.24945 0.0442877 -0.115454 0.0148135
1442.55 2.33659 -9.30804 -2.94946 -2.01476 -9.14536 3.25304 0.0484111 -0.121562 0.00626137
1442.56 2.29828 -9.42295 -2.75794 -2.0662 -9.14058 3.28295 0.0493274 -0.11805 -0.0277944
1442.58 2.41319 -9.34634 -2.83455 -2.12483 -9.12383 3.16092 0.055436 -0.115606 -0.0806342
1442.6 2.41319 -9.46126 -2.56641 -2.14158 -9.10588 3.0987 0.0577268 -0.116064 -0.0980438
1442.61 2.33659 -9.34634 -2.71963 -2.19541 -9.0652 3.05803 0.0601702 -0.11637 -0.0926988
1442.63 2.10676 -9.26973 -2.4515 -2.08654 -9.06042 3.07717 0.057574 -0.117897 -0.0629191
1442.65 2.29828 -9.19312 -2.64302 -2.06381 -9.03529 3.11067 0.0591012 -0.121868 -0.0606284
1442.66 2.18337 -9.34634 -2.87285 -1.95613 -9.10828 3.24227 0.0513127 -0.122478 -0.062461
1442.68 2.29828 -9.34634 -2.68133 -1.98485 -9.11546 3.17767 0.0514654 -0.117744 -0.0685696
1442.7 2.25998 -9.46126 -2.75794 -2.02313 -9.12622 3.1011 0.0526871 -0.116981 -0.0652099
1442.71 2.18337 -9.57617 -2.68133 -1.99202 -9.26022 3.12144 0.053298 -0.116217 -0.0479529
1442.73 2.29828 -9.46126 -2.68133 -1.95613 -9.30927 3.18365 0.056505 -0.116523 -0.043066
1442.75 2.25998 -9.42295 -2.68133 -1.96451 -9.28295 3.24826 0.0560469 -0.115606 -0.0459676
1442.76 2.29828 -9.26973 -2.91116 -2.01595 -9.18604 3.40618 0.0586431 -0.11469 -0.062461
1442.78 2.22167 -9.26973 -3.06437 -2.09133 -9.06042 3.56052 0.0589485 -0.113315 -0.0693332
1442.8 2.22167 -9.07821 -2.98777 -2.12841 -9.02333 3.58684 0.057574 -0.112399 -0.0626137
1442.81 2.37489 -9.26973 -2.94946 -2.06859 -9.01017 3.54855 0.0542143 -0.119271 -0.0400117
1442.83 2.25998 -9.15482 -3.06437 -2.01476 -8.9671 3.47916 0.0502437 -0.118813 -0.0065668
1442.85 2.33659 -9.26973 -3.10268 -2.01117 -8.93958 3.44207 0.0461203 -0.115759 0.00626137
1442.86 2.25998 -9.38465 -2.83455 -1.92981 -9.07478 3.3679 0.0467312 -0.119271 0.00702495
1442.88 2.29828 -9.38465 -2.60472 -2.0004 -9.11186 3.21715 0.0507018 -0.116523 -0.0331394
1442.9 2.33659 -9.34634 -2.4515 -2.03868 -9.08554 3.17886 0.0536034 -0.11637 -0.0820086
1442.91 2.37489 -9.26973 -2.79624 -2.12841 -8.99462 3.20518 0.0569632 -0.114843 -0.0943787
1442.93 2.41319 -9.11651 -2.83455 -2.24686 -8.92163 3.24826 0.0580322 -0.11637 -0.103236
1442.95 2.37489 -9.11651 -2.91116 -2.25165 -8.88335 3.27338 0.0566577 -0.121868 -0.0890336
1442.96 2.29828 -9.19312 -2.75794 -2.13081 -8.95753 3.26261 0.0514654 -0.124616 -0.0778853
1442.98 2.03015 -9.26973 -2.71963 -1.96451 -9.04845 3.25304 0.0467312 -0.127976 -0.0493274
1443.0 2.14506 -9.34634 -2.75794 -1.9346 -9.08435 3.21476 0.0458149 -0.126449 -0.0467312
1443.01 2.06845 -9.34634 -2.98777 -1.8676 -9.14896 3.30329 0.045204 -0.126907 -0.0520762
1443.03 2.14506 -9.42295 -2.91116 -1.86879 -9.18963 3.3667 0.0479529 -0.126296 -0.0658207
1443.04 2.10676 -9.57617 -2.83455 -1.86162 -9.26381 3.37029 0.0490219 -0.127671 -0.0626137
1443.06 2.14506 -9.49956 -2.98777 -1.88913 -9.2686 3.34756 0.0453567 -0.12034 -0.0499382
1443.07 2.03015 -9.53786 -2.94946 -1.89153 -9.25783 3.36072 0.0474948 -0.124006 -0.0421497
1443.09 1.99184 -9.53786 -2.79624 -1.84247 -9.28415 3.32483 0.0497855 -0.124922 -0.0352775
1443.1 1.99184 -9.53786 -2.79624 -1.81615 -9.27218 3.29372 0.0507018 -0.124006 -0.0322231
1443.12 1.95354 -9.53786 -2.71963 -1.85683 -9.21954 3.19561 0.0546724 -0.122478 -0.0345139
1443.13 2.06845 -9.42295 -2.56641 -1.91067 -9.2016 3.14536 0.0571159 -0.121715 -0.0520762
1443.15 2.14506 -9.23143 -2.56641 -1.88913 -9.17168 3.04367 0.0577268 -0.119577 -0.057574
1443.77 2.03015 -9.42295 -2.87285 -1.90349 -9.12263 3.2327 0.0455095 -0.1237 -0.0056505
1443.79 1.95354 -9.30804 -2.60472 -1.91545 -9.16451 3.1681 0.0484111 -0.120646 -0.0261145
1443.8 2.14506 -9.30804 -2.68133 -1.85803 -9.1358 3.16451 0.0569632 -0.125686 -0.0644463
1443.82 2.25998 -9.19312 -2.79624 -1.85683 -9.09272 3.16451 0.0568105 -0.122937 -0.074831
1443.83 2.06845 -9.15482 -2.71963 -1.82692 -9.00658 3.15972 0.0616974 -0.124464 -0.0873537
1443.85 2.18337 -9.19312 -2.64302 -1.88674 -8.96471 3.19202 0.0571159 -0.119882 -0.0809396
1443.87 2.14506 -9.42295 -2.87285 -1.85803 -9.05444 3.21834 0.0529926 -0.11805 -0.073762
1443.88 2.14506 -9.46126 -2.60472 -1.85563 -9.21595 3.12144 0.0510072 -0.117286 -0.056505
1443.9 2.06845 -9.53786 -2.91116 -1.81256 -9.30807 3.06042 0.0531453 -0.11469 -0.0290161
1443.92 1.99184 -9.53786 -2.68133 -1.78983 -9.32483 3.12861 0.0514654 -0.114843 -0.0137445
1443.93 2.18337 -9.46126 -2.98777 -1.72044 -9.32363 3.37866 0.0560469 -0.11301 -0.00152716
1443.95 1.99184 -9.38465 -2.91116 -1.91545 -9.18724 3.44686 0.0606284 -0.109039 -0.0386372
1443.97 2.18337 -9.26973 -2.98777 -1.97168 -9.13221 3.44207 0.0607811 -0.110719 -0.0612392
1443.98 2.14506 -9.38465 -2.87285 -1.93938 -9.09751 3.466 0.0566577 -0.111788 -0.0549779
1444.0 2.22167 -9.23143 -3.10268 -1.89392 -9.07119 3.55095 0.0520762 -0.112705 -0.0143553
1444.02 2.29828 -9.38465 -2.91116 -1.85922 -9.05803 3.57607 0.0484111 -0.109498 0.00458149
1444.03 1.99184 -9.38465 -3.06437 -1.81017 -9.08794 3.57607 0.0450513 -0.107512 0.0186314
1444.05 2.06845 -9.42295 -3.06437 -1.76112 -9.12502 3.52343 0.0426078 -0.107054 0.0126754
1444.06 2.06845 -9.26973 -2.94946 -1.75513 -9.1346 3.47438 0.0459676 -0.105527 0.00366519
1444.08 2.14506 -9.23143 -2.98777 -1.85085 -9.07478 3.36072 0.0476475 -0.101098 -0.0268781
1444.1 2.03015 -9.07821 -2.79624 -1.92742 -8.98744 3.32602 0.0513127 -0.103847 -0.0578795
1444.11 2.29828 -9.30804 -2.64302 -2.03509 -9.0018 3.27218 0.0487165 -0.107207 -0.0586431
1444.13 2.22167 -9.19312 -2.87285 -1.97288 -9.01256 3.23629 0.0445931 -0.111177 -0.0244346
1444.15 2.14506 -9.38465 -2.83455 -1.85204 -9.05444 3.20518 0.0439823 -0.116523 -0.00595593
1444.16 2.10676 -9.38465 -2.37489 -1.86281 -9.14417 3.02213 0.0471893 -0.113315 -0.0233656
1444.18 2.06845 -9.34634 -2.4515 -1.86281 -9.18484 2.85464 0.056505 -0.117133 -0.0664316
1444.2 2.22167 -9.30804 -2.25998 -1.9011 -9.11785 2.93599 0.0606284 -0.115606 -0.0868956
1444.21 2.10676 -9.42295 -2.68133 -1.88674 -9.14656 3.03769 0.0633773 -0.117286 -0.0896445
1444.23 1.95354 -9.42295 -2.71963 -1.86999 -9.15613 3.16929 0.0595593 -0.111177 -0.0810924
1444.25 2.25998 -9.46126 -2.87285 -1.83769 -9.21236 3.21715 0.0574213 -0.106901 -0.0789543
1444.26 2.14506 -9.53786 -2.68133 -1.81974 -9.2674 3.19681 0.0581849 -0.106749 -0.0798706
1444.28 2.03015 -9.57617 -2.64302 -1.82333 -9.30688 3.19202 0.0598648 -0.102931 -0.0523817
1444.3 1.95354 -9.49956 -2.94946 -1.83529 -9.25783 3.48754 0.0597121 -0.101709 -0.0290161
1444.31 2.18337 -9.38465 -3.10268 -1.85683 -9.19561 3.5653 0.0609338 -0.102167 -0.0300851
1444.33 2.10676 -9.38465 -3.06437 -1.84726 -9.22074 3.52223 0.0583376 -0.103389 -0.0459676
1444.35 2.06845 -9.46126 -2.87285 -1.88195 -9.11905 3.46361 0.0572686 -0.100182 -0.0375682
1444.36 2.03015 -9.26973 -3.02607 -1.84726 -9.15135 3.46122 0.0563523 -0.100793 -0.0279471
1444.38 1.95354 -9.34634 -2.83455 -1.84965 -9.1358 3.45882 0.0513127 -0.0942259 -0.00458149
1444.4 2.10676 -9.34634 -2.83455 -1.87956 -9.08913 3.41575 0.0536034 -0.0949895 -0.0108429
1444.41 2.22167 -9.11651 -2.87285 -1.90947 -9.05324 3.38704 0.0519235 -0.091477 -0.0192422
1444.43 2.14506 -9.07821 -3.14098 -1.95613 -9.06401 3.33799 0.0542143 -0.0972803 -0.0348193
1444.45 2.18337 -9.23143 -2.75794 -1.93699 -9.0664 3.30688 0.0537561 -0.099571 -0.0363465
1444.46 2.18337 -9.26973 -2.94946 -1.89272 -9.09033 3.29252 0.0534507 -0.103847 -0.0372628
1444.48 2.25998 -9.26973 -2.56641 -1.97886 -8.95753 3.17886 0.0574213 -0.10568 -0.0487165
1444.5 2.22167 -9.26973 -2.68133 -1.8664 -9.09751 3.19442 0.0549779 -0.112094 -0.0720821
1444.51 1.99184 -9.19312 -2.64302 -1.80778 -9.09751 3.21954 0.0566577 -0.113163 -0.074831
1444.53 2.06845 -9.42295 -2.79624 -1.75513 -9.14656 3.25663 0.054367 -0.113926 -0.0566577
1444.54 2.14506 -9.30804 -2.83455 -1.70847 -9.10349 3.26859 0.0552833 -0.113468 -0.0325286
1444.56 1.99184 -9.46126 -2.71963 -1.71565 -9.19083 3.27697 0.0519235 -0.112552 -0.0310014
1444.58 2.03015 -9.46126 -2.75794 -1.67258 -9.22911 3.25424 0.0561996 -0.113315 -0.0363465
1444.59 2.14506 -9.49956 -2.60472 -1.76949 -9.29851 3.21117 0.0577268 -0.106749 -0.0623082
1444.61 2.14506 -9.34634 -2.60472 -1.8341 -9.22792 3.18245 0.0626137 -0.104 -0.0824668
1444.63 2.22167 -9.30804 -2.75794 -1.97527 -9.15374 3.0987 0.0653626 -0.101862 -0.0910189
1444.64 2.10676 -9.38465 -2.64302 -1.93819 -9.11785 3.10229 0.0638354 -0.101251 -0.0926988
1444.66 2.22167 -9.38465 -2.68133 -1.93699 -9.14896 3.0987 0.0592539 -0.102931 -0.0655153
1444.68 2.06845 -9.42295 -2.75794 -1.85204 -9.23988 3.20279 0.0586431 -0.101709 -0.0511599
1444.69 2.03015 -9.42295 -2.79624 -1.88435 -9.28056 3.31645 0.0561996 -0.101251 -0.0300851
1444.71 2.22167 -9.61448 -2.79624 -1.80778 -9.35354 3.30329 0.0558941 -0.100029 -0.0140499
1444.73 2.03015 -9.46126 -2.71963 -1.82572 -9.24826 3.28056 0.0571159 -0.0948368 0.0163406
1444.74 2.18337 -9.30804 -2.68133 -1.84965 -9.0652 3.26381 0.0638354 -0.100182 0.0158825
1444.76 2.18337 -9.34634 -2.71963 -1.8341 -9.0999 3.22552 0.0621555 -0.102625 -0.00763582
1444.78 2.10676 -9.42295 -2.64302 -1.84965 -9.15374 3.17288 0.0620028 -0.100029 -0.0183259
1444.79 2.25998 -9.42295 -2.4515 -1.92144 -9.1358 3.16211 0.0620028 -0.0986547 -0.041997
1444.81 2.18337 -9.30804 -2.83455 -1.93101 -9.14417 3.19681 0.0600175 -0.0983493 -0.0526871
1444.83 2.29828 -9.30804 -2.94946 -1.98843 -9.11186 3.29492 0.0594066 -0.0989602 -0.0461203
1444.84 2.22167 -9.34634 -3.2942 -1.9669 -9.06161 3.43011 0.0584903 -0.102778 -0.0132863
1444.86 2.06845 -9.34634 -2.91116 -1.89511 -9.09153 3.46959 0.0523817 -0.104763 0.00641408
1444.88 1.99184 -9.38465 -2.98777 -1.76231 -9.14656 3.42293 0.0539089 -0.109345 0.00809396
1444.89 1.99184 -9.34634 -2.83455 -1.65224 -9.18365 3.37149 0.0517708 -0.110719 0.00595593
1444.91 2.10676 -9.42295 -2.83455 -1.64028 -9.18126 3.40379 0.0537561 -0.109039 0.00809396
1444.93 2.03015 -9.49956 -2.68133 -1.69771 -9.18126 3.33918 0.0536034 -0.107665 0.0116064
1444.94 2.03015 -9.42295 -2.75794 -1.74796 -9.15972 3.28176 0.0558941 -0.104611 0.0163406
1444.96 2.06845 -9.26973 -2.79624 -1.78385 -9.1669 3.33799 0.0601702 -0.101404 0.014508
1444.98 2.18337 -9.34634 -2.56641 -1.85324 -9.16092 3.33679 0.0603229 -0.0971275 0.0125227
1444.99 2.18337 -9.26973 -2.79624 -1.92742 -9.07837 3.35713 0.0681114 -0.101098 -0.0132863
1445.01 2.22167 -9.03991 -2.71963 -1.9346 -9.04487 3.4014 0.0675006 -0.0978911 -0.0320704
1445.02 2.18337 -9.15482 -2.91116 -1.98843 -8.94078 3.45045 0.0682642 -0.0986547 -0.0406225
1445.04 2.10676 -9.15482 -2.83455 -1.96092 -8.97069 3.44925 0.0659734 -0.100945 -0.0461203
1445.06 2.18337 -9.07821 -3.02607 -1.96331 -8.94437 3.44806 0.0642935 -0.101862 -0.0497855
1445.07 2.18337 -9.11651 -2.98777 -1.9011 -8.95514 3.42173 0.0604756 -0.100945 -0.0510072
1445.09 2.10676 -9.23143 -3.21759 -1.89511 -8.93839 3.39541 0.057574 -0.0994183 -0.0479529
1445.11 2.10676 -9.34634 -2.87285 -1.89272 -8.97667 3.40259 0.0566577 -0.102473 -0.0413861
1445.12 2.18337 -9.34634 -2.79624 -1.89631 -9.0999 3.38943 0.0546724 -0.0997237 -0.0342084
1445.14 2.22167 -9.30804 -2.87285 -1.93699 -9.08794 3.35593 0.0539089 -0.0989602 -0.0206167
1445.16 2.29828 -9.30804 -2.91116 -1.91545 -9.11306 3.3667 0.0520762 -0.10064 -0.0100793
1445.17 1.95354 -9.46126 -2.68133 -1.87238 -9.15613 3.32722 0.0520762 -0.101862 -0.0074831
1445.19 2.18337 -9.34634 -2.79624 -1.86281 -9.19681 3.29133 0.0531453 -0.103694 0.000152716
1445.21 2.18337 -9.46126 -2.79624 -1.8999 -9.2351 3.24826 0.0531453 -0.102014 0.00809396
1445.22 2.06845 -9.42295 -2.60472 -1.84726 -9.20997 3.2339 0.0551306 -0.101709 0.00794125
1445.24 2.03015 -9.30804 -2.83455 -1.9322 -9.0652 3.24706 0.0587958 -0.102778 0.00213803
1445.26 1.99184 -9.30804 -2.64302 -1.86281 -9.09631 3.30568 0.0563523 -0.102167 0.00580322
1445.27 2.06845 -9.23143 -2.79624 -1.86879 -9.10469 3.30688 0.0542143 -0.100487 0.00839939
1445.29 2.37489 -9.38465 -2.83455 -1.8999 -9.0999 3.2674 0.0584903 -0.102931 0.00351247
1445.31 2.14506 -9.26973 -2.4515 -1.90947 -9.06879 3.23749 0.0560469 -0.0946841 -0.00335976
1445.32 2.18337 -9.23143 -2.83455 -2.00638 -9.05204 3.2339 0.0540616 -0.0926988 -0.00595593
1445.34 2.22167 -9.15482 -2.79624 -2.00399 -9.05683 3.25543 0.0557414 -0.0968221 -0.0157298
1445.35 2.18337 -9.26973 -2.68133 -2.02672 -9.08195 3.25065 0.0572686 -0.0965167 -0.0200058
1445.37 2.18337 -9.23143 -2.71963 -2.08295 -9.04128 3.27936 0.0583376 -0.0983493 -0.0285579
1445.39 2.64302 -9.26973 -2.75794 -2.07936 -9.03888 3.31286 0.0571159 -0.101098 -0.0342084
1445.4 2.29828 -9.26973 -2.79624 -2.10568 -9.06999 3.32722 0.0552833 -0.10064 -0.0314596
1445.42 2.14506 -9.38465 -2.98777 -2.02074 -9.11067 3.31645 0.0560469 -0.103694 -0.0207694
1445.44 2.14506 -9.30804 -2.75794 -1.95015 -9.16092 3.28893 0.0513127 -0.102014 -0.00702495
1445.45 2.10676 -9.38465 -2.87285 -1.96331 -9.15015 3.31286 0.0546724 -0.102014 -0.00442877
1445.47 2.25998 -9.34634 -2.83455 -1.98245 -9.18245 3.34038 0.0560469 -0.103847 -0.0065668
1445.49 2.22167 -9.30804 -2.91116 -2.02313 -9.14297 3.33679 0.056505 -0.10232 -0.00671952
1445.5 2.33659 -9.30804 -2.71963 -1.9992 -9.11426 3.34158 0.0555887 -0.103083 -0.0114537
1445.52 2.25998 -9.42295 -3.10268 -1.97288 -9.08554 3.34875 0.0557414 -0.101556 -0.0131336
1445.54 2.29828 -9.26973 -2.83455 -1.97527 -9.09512 3.38106 0.055436 -0.0981966 -0.0129809
1445.55 2.22167 -9.30804 -2.52811 -1.99442 -9.11186 3.37627 0.0577268 -0.0992656 -0.023671
1445.57 2.18337 -9.26973 -2.83455 -2.00518 -9.09392 3.33799 0.0601702 -0.099571 -0.0313068
1445.59 2.25998 -9.23143 -2.87285 -2.01834 -9.02931 3.30808 0.0601702 -0.0989602 -0.0464257
1445.6 2.37489 -9.11651 -2.87285 -2.00758 -9.0018 3.29611 0.0607811 -0.0989602 -0.053298
1445.62 2.4515 -9.19312 -2.83455 -2.06261 -9.01615 3.27218 0.0584903 -0.0997237 -0.0572686
1445.64 2.33659 -9.15482 -2.68133 -2.11765 -8.98505 3.27936 0.0551306 -0.0981966 -0.0557414
1445.65 2.25998 -9.34634 -2.98777 -2.08654 -9.03051 3.31526 0.054367 -0.103847 -0.044135
1445.67 2.18337 -9.23143 -2.68133 -2.01834 -9.09631 3.30329 0.0510072 -0.101862 -0.0369573
1445.69 2.22167 -9.34634 -2.68133 -2.02193 -9.1334 3.27218 0.0499382 -0.099571 -0.0326813
1445.7 2.25998 -9.34634 -2.79624 -2.02193 -9.14656 3.24347 0.0507018 -0.0969748 -0.0375682
1445.72 2.22167 -9.49956 -2.83455 -2.00399 -9.17767 3.26501 0.054367 -0.0991129 -0.041997
1445.73 2.18337 -9.49956 -2.83455 -1.99801 -9.21715 3.24945 0.0549779 -0.0975857 -0.0410807
1445.75 2.33659 -9.34634 -2.64302 -2.02074 -9.18843 3.2674 0.0578795 -0.098502 -0.0487165
1445.77 2.29828 -9.34634 -2.83455 -2.08415 -9.11905 3.25783 0.0555887 -0.0983493 -0.0499382
1445.78 2.25998 -9.30804 -2.83455 -2.06859 -9.08913 3.28056 0.0572686 -0.101862 -0.0455095
1445.8 2.25998 -9.42295 -2.98777 -2.00997 -9.12024 3.28295 0.055436 -0.0997237 -0.0343612
1445.82 2.22167 -9.34634 -2.79624 -1.98724 -9.12742 3.26381 0.057574 -0.100487 -0.0319177
1445.84 2.25998 -9.15482 -2.75794 -2.05663 -9.06999 3.26022 0.057574 -0.0992656 -0.0355829
1445.85 2.14506 -9.19312 -2.60472 -2.05902 -9.07478 3.26979 0.0581849 -0.098502 -0.0407752
1445.87 2.4898 -9.19312 -2.87285 -2.05783 -9.06281 3.31166 0.0591012 -0.0978911 -0.0439823
1445.88 2.14506 -9.26973 -2.87285 -2.05543 -9.04487 3.28893 0.0620028 -0.0997237 -0.0557414
1445.9 2.29828 -9.19312 -2.79624 -2.12602 -9.01137 3.28654 0.0612392 -0.101404 -0.0623082
1445.92 2.33659 -9.30804 -2.87285 -2.11884 -9.03769 3.28056 0.0589485 -0.101098 -0.0627664
1445.93 2.25998 -9.19312 -2.79624 -2.1332 -8.99342 3.2985 0.057574 -0.10232 -0.0523817
1445.95 2.18337 -9.30804 -2.87285 -2.08056 -9.01017 3.31765 0.052229 -0.103542 -0.0380264
1445.97 2.06845 -9.23143 -2.91116 -2.00758 -9.07717 3.32961 0.0529926 -0.105832 -0.0305433
1445.98 2.33659 -9.34634 -2.87285 -2.01236 -9.11306 3.32124 0.0526871 -0.104153 -0.0284052
1446.0 2.33659 -9.19312 -2.98777 -1.98843 -9.08674 3.32124 0.0531453 -0.102014 -0.0288634
1446.01 2.25998 -9.34634 -2.87285 -1.97049 -9.15493 3.30568 0.0534507 -0.101251 -0.0302378
1446.03 2.25998 -9.30804 -2.75794 -2.02672 -9.12622 3.31286 0.0569632 -0.102931 -0.046273
1446.05 2.33659 -9.34634 -2.71963 -2.05304 -9.12861 3.29611 0.056505 -0.102473 -0.0519235
1446.06 2.25998 -9.42295 -2.75794 -2.10808 -9.12981 3.2997 0.0572686 -0.102778 -0.0467312
1446.08 2.29828 -9.15482 -2.83455 -2.09372 -9.09751 3.29731 0.0584903 -0.106138 -0.0380264
1446.1 2.33659 -9.23143 -2.79624 -2.06261 -9.04845 3.28534 0.0594066 -0.106291 -0.0381791
1446.11 2.22167 -9.23143 -2.79624 -2.03749 -9.06042 3.30568 0.0568105 -0.108276 -0.0490219
1446.13 2.33659 -9.34634 -2.83455 -2.0004 -9.08076 3.2997 0.0578795 -0.10568 -0.0580322
1446.15 2.25998 -9.26973 -2.75794 -2.01476 -9.09871 3.31526 0.0569632 -0.106291 -0.0571159
1446.16 2.29828 -9.30804 -2.68133 -2.0004 -9.07597 3.31765 0.0555887 -0.105832 -0.0490219
1446.18 2.37489 -9.26973 -2.94946 -1.98485 -9.07478 3.30927 0.056505 -0.104458 -0.0467312
1446.2 2.33659 -9.23143 -2.87285 -2.02672 -9.07837 3.27817 0.0561996 -0.104153 -0.0488692
1446.21 2.33659 -9.23143 -3.06437 -2.07697 -9.04726 3.26261 0.0571159 -0.104916 -0.0592539
1446.23 2.4515 -9.30804 -2.91116 -2.0327 -9.09033 3.27817 0.0551306 -0.109345 -0.0529926
1446.25 2.18337 -9.38465 -2.71963 -2.00399 -9.08195 3.26022 0.0531453 -0.108123 -0.0467312
1446.26 2.25998 -9.34634 -2.79624 -2.03868 -9.11186 3.24945 0.054367 -0.108276 -0.0369573
1446.28 2.25998 -9.19312 -2.64302 -2.07218 -9.11546 3.23868 0.0552833 -0.108887 -0.031765
1446.29 2.18337 -9.34634 -3.10268 -2.06859 -9.1358 3.2662 0.0537561 -0.10965 -0.030696
1446.31 2.18337 -9.30804 -2.87285 -1.98843 -9.13819 3.29252 0.0540616 -0.108581 -0.0337503
1446.33 2.18337 -9.34634 -2.79624 -1.98724 -9.11067 3.28654 0.0549779 -0.108429 -0.0442877
1446.34 2.18337 -9.34634 -2.71963 -1.99322 -9.09751 3.27099 0.0581849 -0.109039 -0.0494801
1446.36 2.22167 -9.26973 -2.75794 -2.01954 -9.10828 3.25663 0.0580322 -0.110108 -0.0526871
1446.38 2.22167 -9.42295 -2.52811 -1.99442 -9.11067 3.26979 0.0566577 -0.109803 -0.044135
1446.39 2.25998 -9.30804 -2.79624 -1.99681 -9.07717 3.27099 0.0571159 -0.111483 -0.0400117
1446.41 2.25998 -9.46126 -2.79624 -1.98963 -9.11426 3.28774 0.0563523 -0.109803 -0.0418443
1446.43 2.18337 -9.34634 -2.98777 -1.96092 -9.12144 3.28176 0.0583376 -0.111636 -0.0416915
1446.44 2.22167 -9.23143 -2.83455 -1.98126 -9.11546 3.26142 0.0580322 -0.109345 -0.0433714
1446.46 2.14506 -9.26973 -2.79624 -1.97886 -9.09392 3.2997 0.0591012 -0.115606 -0.0444404
1446.48 2.22167 -9.19312 -2.75794 -2.00399 -9.06401 3.32602 0.0555887 -0.112552 -0.0358883
1446.5 2.18337 -9.42295 -2.91116 -1.9669 -9.1657 3.32841 0.0548251 -0.112094 -0.0285579
1446.52 2.06845 -9.49956 -3.06437 -1.93101 -9.20279 3.27218 0.0516181 -0.107512 -0.0242819
1446.53 2.25998 -9.38465 -2.87285 -1.92861 -9.18843 3.2662 0.0581849 -0.110872 -0.033903
1446.55 2.29828 -9.30804 -2.91116 -2.00279 -9.11546 3.26501 0.0560469 -0.109956 -0.0390954
1446.57 2.18337 -9.30804 -2.83455 -1.97647 -9.16211 3.2997 0.0551306 -0.110414 -0.0423024
1446.58 2.22167 -9.30804 -2.83455 -2.00399 -9.12502 3.2674 0.0583376 -0.113926 -0.0416915
1446.6 2.10676 -9.19312 -2.91116 -1.99561 -9.04128 3.28893 0.0613919 -0.116675 -0.0448986
1446.62 2.25998 -9.19312 -2.87285 -2.04826 -8.97906 3.28295 0.0568105 -0.113926 -0.0455095
1446.63 2.14506 -9.30804 -2.79624 -2.06142 -9.01256 3.2985 0.0513127 -0.115148 -0.0439823
1446.65 2.22167 -9.42295 -2.91116 -1.99322 -9.09392 3.35354 0.0549779 -0.11973 -0.0404698
1446.67 2.25998 -9.38465 -2.68133 -1.92622 -9.15135 3.34038 0.0505491 -0.11637 -0.0300851
1446.68 2.18337 -9.30804 -2.68133 -1.88674 -9.14776 3.34397 0.0516181 -0.115606 -0.0311541
1446.7 2.10676 -9.19312 -2.91116 -1.87119 -9.12502 3.29133 0.052229 -0.114079 -0.0314596
1446.72 2.29828 -9.26973 -2.68133 -1.9346 -9.12981 3.27817 0.0548251 -0.113621 -0.0351248
1446.73 2.29828 -9.26973 -2.83455 -1.93819 -9.15254 3.2674 0.055436 -0.112857 -0.0352775
1446.75 2.18337 -9.30804 -2.71963 -1.97168 -9.14058 3.30449 0.0551306 -0.111483 -0.034972
1446.77 2.06845 -9.34634 -2.79624 -1.9346 -9.14896 3.30688 0.0580322 -0.114079 -0.0397062
1446.78 2.18337 -9.26973 -2.79624 -1.95135 -9.09272 3.28893 0.0583376 -0.10965 -0.0438296
1446.8 2.33659 -9.19312 -2.98777 -1.95733 -9.0317 3.30808 0.0580322 -0.111025 -0.0481056
1446.82 2.18337 -9.23143 -2.83455 -1.98126 -9.05324 3.33559 0.0587958 -0.116828 -0.0488692
1446.83 2.22167 -9.26973 -2.87285 -1.99442 -9.07238 3.34636 0.0531453 -0.112399 -0.043066
1446.85 2.10676 -9.34634 -2.64302 -1.98485 -9.10469 3.34995 0.0551306 -0.115912 -0.0410807
1446.87 2.10676 -9.38465 -2.83455 -1.95135 -9.13699 3.33918 0.052229 -0.115759 -0.0340557
1446.88 2.06845 -9.23143 -2.91116 -1.89631 -9.1358 3.32961 0.0511599 -0.113468 -0.0280998
1446.9 2.14506 -9.19312 -2.75794 -1.91186 -9.06042 3.30209 0.0520762 -0.111788 -0.0294742
1446.92 2.29828 -9.34634 -2.75794 -1.93819 -9.05444 3.3332 0.0551306 -0.115759 -0.0332921
1446.93 2.22167 -9.42295 -2.91116 -1.94895 -9.09392 3.33799 0.0511599 -0.115759 -0.0287107
1446.95 2.14506 -9.38465 -2.98777 -1.94656 -9.14656 3.35115 0.0531453 -0.117439 -0.0294742
1446.96 2.18337 -9.38465 -2.83455 -1.94536 -9.08794 3.30808 0.0526871 -0.114843 -0.0305433
1446.98 2.25998 -9.23143 -2.83455 -1.90708 -9.0652 3.31047 0.0551306 -0.11637 -0.0329867
1447.0 2.25998 -9.30804 -2.68133 -1.92144 -9.05922 3.29492 0.0557414 -0.115912 -0.0346666
1447.01 2.18337 -9.34634 -2.79624 -1.95494 -9.11905 3.30449 0.0529926 -0.113926 -0.0394008
1447.03 2.06845 -9.42295 -2.83455 -1.99801 -9.10588 3.28774 0.0525344 -0.11133 -0.0357356
1447.05 2.10676 -9.34634 -2.75794 -1.96331 -9.12263 3.34277 0.0513127 -0.114385 -0.0326813
1447.06 2.03015 -9.42295 -2.87285 -1.96331 -9.12263 3.33918 0.0540616 -0.116675 -0.0288634
1447.08 1.91523 -9.34634 -2.98777 -1.95015 -9.1334 3.32961 0.0519235 -0.114232 -0.0282525
1447.1 2.18337 -9.38465 -2.79624 -1.89153 -9.16092 3.28415 0.0536034 -0.11469 -0.0311541
1447.11 2.10676 -9.30804 -2.56641 -1.91067 -9.09272 3.25902 0.0557414 -0.112399 -0.031765
1447.13 2.14506 -9.26973 -2.94946 -1.87837 -9.09631 3.25543 0.0537561 -0.111483 -0.0332921
1447.15 2.10676 -9.23143 -2.98777 -1.92502 -9.03769 3.2997 0.0549779 -0.112552 -0.0363465
1447.16 2.41319 -9.30804 -2.60472 -1.97408 -9.10947 3.31047 0.055436 -0.114537 -0.0361938
1447.18 2.29828 -9.30804 -2.71963 -1.98843 -9.08794 3.32961 0.0540616 -0.116064 -0.0300851
1447.2 2.06845 -9.30804 -2.71963 -1.91545 -9.16451 3.32483 0.0548251 -0.117897 -0.0255036
1447.21 2.18337 -9.46126 -2.91116 -1.89153 -9.14058 3.30927 0.0493274 -0.111941 -0.0175624
1447.23 2.18337 -9.30804 -2.75794 -1.87597 -9.14417 3.29611 0.0534507 -0.113621 -0.0290161
1447.25 2.25998 -9.38465 -2.60472 -1.95135 -9.08913 3.25184 0.0583376 -0.11637 -0.0380264
1447.26 2.25998 -9.34634 -2.68133 -1.94895 -9.11905 3.2674 0.054367 -0.113926 -0.041997
1447.28 2.25998 -9.30804 -2.56641 -1.94656 -9.1334 3.28176 0.0539089 -0.112399 -0.0308487
1447.29 2.25998 -9.30804 -2.83455 -1.93579 -9.10947 3.29013 0.0548251 -0.111941 -0.0271835
1447.31 1.99184 -9.38465 -2.60472 -1.93101 -9.12981 3.30209 0.0577268 -0.116217 -0.019395
1447.33 2.22167 -9.38465 -2.71963 -1.94895 -9.13938 3.28176 0.0558941 -0.113926 -0.0181732
1447.34 2.18337 -9.38465 -2.83455 -1.92383 -9.12742 3.29013 0.053298 -0.112399 -0.0186314
1447.36 2.14506 -9.30804 -2.87285 -1.91067 -9.12263 3.30688 0.0555887 -0.109956 -0.0232129
1447.38 2.14506 -9.30804 -2.87285 -1.92981 -9.11785 3.31526 0.0578795 -0.111788 -0.0337503
1447.39 2.25998 -9.42295 -2.87285 -1.95613 -9.07597 3.31526 0.0568105 -0.109039 -0.0361938
1447.41 2.18337 -9.26973 -2.83455 -1.99083 -9.08794 3.29013 0.0574213 -0.11469 -0.0423024
1447.43 2.25998 -9.30804 -2.91116 -1.99681 -9.09272 3.30808 0.0571159 -0.113926 -0.0375682
1447.44 2.29828 -9.30804 -2.87285 -1.95135 -9.14417 3.31286 0.0551306 -0.112705 -0.0261145
1447.46 2.18337 -9.42295 -2.56641 -1.92144 -9.11785 3.30329 0.0545197 -0.115301 -0.0206167
1447.48 2.10676 -9.30804 -2.91116 -1.92024 -9.10947 3.29611 0.0542143 -0.116523 -0.0189368
1447.49 2.14506 -9.38465 -2.87285 -1.92383 -9.09033 3.32243 0.0540616 -0.114995 -0.0175624
1447.51 2.18337 -9.38465 -2.83455 -1.94297 -9.1358 3.2985 0.055436 -0.113621 -0.0192422
1447.53 2.10676 -9.30804 -2.83455 -1.98963 -9.12383 3.25783 0.0549779 -0.111636 -0.0248928
1447.54 2.41319 -9.30804 -2.64302 -2.02433 -9.10828 3.27936 0.0563523 -0.112399 -0.0284052
1447.56 2.18337 -9.46126 -2.83455 -1.96092 -9.08913 3.29372 0.0569632 -0.113774 -0.0274889
1447.58 2.29828 -9.15482 -2.91116 -1.97408 -9.08076 3.28176 0.0566577 -0.113621 -0.0320704
1447.59 2.22167 -9.30804 -2.91116 -1.9992 -9.01735 3.30927 0.0589485 -0.116064 -0.0375682
1447.61 2.25998 -9.26973 -2.75794 -1.97647 -9.07597 3.32722 0.0540616 -0.114079 -0.0357356
1447.63 2.29828 -9.30804 -2.68133 -1.97886 -9.0999 3.35354 0.0560469 -0.114385 -0.0302378
1447.64 2.18337 -9.38465 -2.94946 -1.94417 -9.08674 3.332 0.0561996 -0.113926 -0.0297797
1447.66 2.22167 -9.34634 -2.94946 -1.95613 -9.07597 3.32483 0.0534507 -0.111177 -0.0288634
1447.67 2.33659 -9.42295 -2.83455 -1.98006 -9.08794 3.31765 0.055436 -0.114232 -0.0352775
1447.69 2.18337 -9.42295 -2.83455 -1.99801 -9.10469 3.35115 0.0520762 -0.114079 -0.0308487
1447.71 2.22167 -9.42295 -2.75794 -1.95135 -9.1346 3.33679 0.0510072 -0.113774 -0.0197004
1447.72 2.14506 -9.34634 -2.94946 -1.9322 -9.13699 3.32004 0.0523817 -0.113621 -0.0175624
1447.74 2.18337 -9.34634 -2.75794 -1.92383 -9.11067 3.28654 0.0520762 -0.113774 -0.0222966
1447.76 2.37489 -9.30804 -2.87285 -1.99442 -9.14297 3.30688 0.0551306 -0.112246 -0.0297797
1447.77 2.25998 -9.30804 -2.64302 -2.00399 -9.15493 3.29611 0.056505 -0.113163 -0.0305433
1447.79 2.22167 -9.42295 -2.83455 -2.00518 -9.09512 3.332 0.0560469 -0.116064 -0.0285579
1447.81 2.29828 -9.26973 -2.98777 -1.98604 -9.1011 3.31765 0.054367 -0.114843 -0.0241292
1447.82 2.14506 -9.30804 -2.68133 -2.01236 -9.08076 3.30329 0.0525344 -0.113468 -0.020464
1447.84 2.14506 -9.30804 -2.83455 -1.97886 -9.05803 3.2985 0.0566577 -0.117744 -0.021533
1447.86 2.18337 -9.11651 -2.75794 -1.9334 -9.08554 3.32363 0.0514654 -0.115454 -0.0178678
1447.87 2.06845 -9.30804 -2.91116 -1.89033 -9.08674 3.332 0.0526871 -0.114537 -0.0187841
1447.89 1.95354 -9.30804 -2.75794 -1.88435 -9.0676 3.32602 0.0540616 -0.116217 -0.0212276
1447.91 2.22167 -9.30804 -3.17929 -1.95374 -9.07597 3.31884 0.053298 -0.111636 -0.0244346
1447.92 2.25998 -9.34634 -2.83455 -2.04826 -9.13101 3.28176 0.0549779 -0.112857 -0.0210748
1447.94 2.25998 -9.38465 -2.87285 -1.98963 -9.11067 3.29611 0.0514654 -0.111636 -0.0163406
1447.96 2.22167 -9.38465 -2.79624 -1.97527 -9.12742 3.31645 0.0539089 -0.115454 -0.025809
1447.97 2.18337 -9.34634 -2.64302 -1.97168 -9.11665 3.31047 0.0560469 -0.118355 -0.0290161
1447.99 2.29828 -9.30804 -3.14098 -1.97767 -9.07717 3.32243 0.053298 -0.113621 -0.0242819
1448.0 2.18337 -9.26973 -2.87285 -1.9681 -9.08076 3.34875 0.0548251 -0.114385 -0.0256563
1448.02 2.37489 -9.23143 -2.94946 -2.04108 -9.05563 3.34636 0.0561996 -0.112857 -0.0406225
1448.04 2.25998 -9.26973 -2.75794 -2.00399 -9.08674 3.34158 0.0525344 -0.113774 -0.044135
1448.05 2.10676 -9.34634 -2.71963 -1.98485 -9.08794 3.30927 0.0534507 -0.113468 -0.0502437
1448.07 2.14506 -9.38465 -2.68133 -1.99202 -9.09871 3.30568 0.0526871 -0.109039 -0.0523817
1448.09 2.29828 -9.19312 -2.75794 -1.99083 -9.05683 3.29731 0.0549779 -0.110414 -0.0537561
1448.1 2.29828 -9.26973 -2.83455 -2.07697 -9.01137 3.32841 0.0519235 -0.11133 -0.0445931
1448.12 2.25998 -9.26973 -2.79624 -2.01476 -9.05324 3.32243 0.0497855 -0.114232 -0.0271835
1448.14 2.10676 -9.34634 -2.87285 -1.92383 -9.11186 3.33679 0.0465785 -0.110261 -0.0140499
1448.15 2.10676 -9.26973 -2.71963 -1.92981 -9.15254 3.31406 0.0494801 -0.114843 -0.00229074
1448.17 2.22167 -9.30804 -2.79624 -1.92861 -9.16809 3.31047 0.0516181 -0.115606 -0.00229074
1448.19 2.14506 -9.38465 -2.71963 -1.95254 -9.15733 3.27936 0.0491747 -0.111636 -0.00503964
1448.2 2.22167 -9.30804 -2.71963 -1.9669 -9.14896 3.2674 0.053298 -0.112246 -0.0163406
1448.22 2.4515 -9.30804 -2.91116 -2.00997 -9.1346 3.27817 0.0531453 -0.110567 -0.0221439
1448.24 2.29828 -9.42295 -2.87285 -2.00997 -9.10828 3.27458 0.0546724 -0.113315 -0.0323759
1448.25 2.25998 -9.26973 -2.71963 -2.02074 -9.09512 3.2985 0.0549779 -0.115148 -0.0432187
1448.27 2.25998 -9.30804 -2.91116 -2.04227 -9.05803 3.32243 0.0568105 -0.116523 -0.0490219
1448.28 2.37489 -9.15482 -3.14098 -1.98963 -9.0341 3.31166 0.0568105 -0.115606 -0.0536034
1448.3 2.22167 -9.23143 -2.79624 -1.98843 -9.03529 3.31047 0.0534507 -0.111941 -0.0484111
1448.32 2.10676 -9.30804 -2.87285 -1.97049 -9.03769 3.32004 0.0526871 -0.114385 -0.0456622
1448.33 2.14506 -9.34634 -2.68133 -1.94058 -9.11785 3.332 0.0514654 -0.11301 -0.0392481
1448.35 2.22167 -9.26973 -2.83455 -1.95852 -9.08554 3.32602 0.0525344 -0.114079 -0.0407752
1448.37 2.18337 -9.11651 -2.91116 -1.97767 -9.08195 3.31884 0.0514654 -0.111177 -0.0381791
1448.38 2.22167 -9.42295 -2.79624 -1.90708 -9.14776 3.34038 0.0508545 -0.111941 -0.0314596
1448.4 2.10676 -9.46126 -2.75794 -1.92981 -9.19561 3.31047 0.0528398 -0.112246 -0.0268781
1448.42 2.10676 -9.30804 -2.98777 -1.90469 -9.18006 3.31047 0.0529926 -0.110414 -0.0288634
1448.43 2.25998 -9.42295 -2.83455 -1.93699 -9.12622 3.29731 0.053298 -0.106443 -0.0368046
1448.45 2.03015 -9.34634 -2.91116 -1.9657 -9.11665 3.32004 0.0558941 -0.10797 -0.0490219
1448.47 2.14506 -9.26973 -2.41319 -1.95374 -9.11067 3.35474 0.055436 -0.108734 -0.0496328
1448.48 2.18337 -9.23143 -2.75794 -1.94536 -9.05444 3.33799 0.0552833 -0.106443 -0.0482583
1448.5 2.18337 -9.19312 -3.02607 -1.99202 -9.01615 3.32124 0.0548251 -0.108887 -0.0520762
1448.52 2.18337 -9.30804 -2.79624 -1.98604 -9.04367 3.3009 0.0548251 -0.110719 -0.0493274
1448.53 2.22167 -9.34634 -2.83455 -1.97647 -9.12024 3.30927 0.0560469 -0.112246 -0.0500909
1448.55 2.41319 -9.34634 -3.06437 -1.95494 -9.12263 3.31526 0.0540616 -0.107512 -0.0416915
1448.57 2.18337 -9.34634 -2.91116 -1.94058 -9.12861 3.31765 0.0528398 -0.109345 -0.0409279
1448.58 2.18337 -9.30804 -2.91116 -1.93819 -9.11546 3.30808 0.0558941 -0.110872 -0.0450513
1448.6 2.29828 -9.30804 -2.79624 -1.98963 -9.11186 3.30329 0.0584903 -0.109192 -0.0545197
1448.62 2.33659 -9.19312 -2.87285 -2.01356 -9.09272 3.332 0.055436 -0.105985 -0.0594066
1448.63 2.10676 -9.23143 -2.79624 -1.92861 -9.11067 3.34038 0.0531453 -0.105374 -0.0589485
1448.65 2.18337 -9.30804 -2.83455 -1.91785 -9.01735 3.3332 0.0563523 -0.10797 -0.0569632
1448.67 2.14506 -9.38465 -2.68133 -1.90229 -9.06879 3.32483 0.0552833 -0.108276 -0.0445931
1448.68 2.14506 -9.23143 -2.64302 -1.90708 -9.09392 3.31047 0.052229 -0.106443 -0.0390954
1448.7 2.18337 -9.46126 -2.91116 -1.92861 -9.14656 3.3009 0.0525344 -0.106443 -0.0326813
1448.71 2.22167 -9.38465 -2.79624 -1.91426 -9.15135 3.31645 0.0548251 -0.111025 -0.0355829
1448.73 2.22167 -9.46126 -2.87285 -1.91306 -9.15613 3.30568 0.0560469 -0.108429 -0.0455095
1448.75 2.22167 -9.34634 -2.83455 -1.93819 -9.14177 3.26142 0.0572686 -0.108734 -0.0507018
1448.76 2.29828 -9.19312 -2.87285 -2.00758 -9.04845 3.26381 0.0571159 -0.103083 -0.0534507
1448.78 2.25998 -9.11651 -2.60472 -2.06979 -9.05803 3.23868 0.0545197 -0.105069 -0.0537561
1448.79 2.25998 -9.30804 -2.91116 -2.00997 -9.08674 3.2985 0.0549779 -0.108581 -0.0516181
1448.81 2.10676 -9.34634 -2.79624 -1.9346 -9.11546 3.29013 0.0560469 -0.109956 -0.0474948
1448.82 2.14506 -9.38465 -2.87285 -1.91665 -9.12383 3.27936 0.0578795 -0.11133 -0.0467312
1448.84 2.14506 -9.34634 -2.4515 -1.91426 -9.09871 3.28534 0.0540616 -0.107054 -0.0410807
1450.88 2.10676 -9.30804 -2.79624 -1.88794 -9.12024 3.332 0.0526871 -0.111483 -0.00992656
1450.89 2.10676 -9.30804 -2.79624 -1.9011 -9.10828 3.3655 0.0531453 -0.113468 -0.00733038
1450.91 2.18337 -9.38465 -3.06437 -1.83888 -9.10708 3.34038 0.0514654 -0.114537 0.000305433
1450.92 2.14506 -9.34634 -2.83455 -1.81137 -9.1334 3.32363 0.0497855 -0.110414 0.00366519
1450.94 2.10676 -9.34634 -2.79624 -1.83051 -9.14058 3.27577 0.0546724 -0.113621 0.00198531
1450.96 1.99184 -9.42295 -2.68133 -1.82094 -9.12981 3.27099 0.0546724 -0.108581 -0.00335976
1450.97 2.14506 -9.23143 -2.79624 -1.86042 -9.11546 3.25663 0.0519235 -0.102778 -0.0074831
1450.99 2.06845 -9.30804 -2.75794 -1.91186 -9.0999 3.29611 0.0542143 -0.104611 -0.0198531
1451.01 2.29828 -9.19312 -2.94946 -1.98485 -9.04726 3.30927 0.0589485 -0.107512 -0.031765
1451.02 2.22167 -9.26973 -2.94946 -1.9992 -9.05922 3.34516 0.0581849 -0.10736 -0.0329867
1451.04 2.22167 -9.34634 -2.94946 -1.9657 -9.09272 3.36191 0.0558941 -0.109039 -0.0331394
1451.06 2.33659 -9.23143 -2.87285 -1.9011 -9.0999 3.3655 0.0563523 -0.111177 -0.0277944
1451.07 1.99184 -9.34634 -2.4515 -1.86401 -9.07478 3.34756 0.0545197 -0.108276 -0.0244346
1451.09 2.14506 -9.30804 -2.87285 -1.85324 -9.09751 3.34277 0.0519235 -0.106138 -0.0229074
1451.11 2.14506 -9.34634 -2.68133 -1.91545 -9.10947 3.33679 0.0548251 -0.108276 -0.0277944
1451.12 2.22167 -9.34634 -2.75794 -1.91665 -9.11785 3.31884 0.0528398 -0.105069 -0.030696
1451.14 2.18337 -9.23143 -2.94946 -1.95733 -9.08913 3.3332 0.0577268 -0.110414 -0.0352775
1451.16 1.99184 -9.26973 -2.71963 -1.92622 -9.11186 3.32483 0.0526871 -0.109498 -0.0313068
1451.17 2.06845 -9.42295 -2.87285 -1.90349 -9.11905 3.31166 0.053298 -0.108887 -0.0290161
1451.19 2.03015 -9.26973 -2.87285 -1.87956 -9.14177 3.32363 0.0528398 -0.106901 -0.0232129
1451.21 2.14506 -9.42295 -2.87285 -1.87238 -9.10828 3.31765 0.0566577 -0.107818 -0.0308487
1451.22 2.14506 -9.30804 -2.83455 -1.89153 -9.08076 3.32602 0.0603229 -0.109803 -0.0368046
1451.24 2.10676 -9.38465 -3.14098 -1.9346 -9.04008 3.33679 0.0591012 -0.109498 -0.0439823
1451.26 2.22167 -9.23143 -2.91116 -1.98604 -9.00897 3.34875 0.0566577 -0.105832 -0.0458149
1451.27 2.14506 -9.34634 -2.4898 -2.0016 -8.98624 3.3667 0.0581849 -0.110567 -0.0485638
1451.29 2.14506 -9.23143 -2.87285 -1.91067 -9.04367 3.38106 0.0520762 -0.111177 -0.0453567
1451.3 2.06845 -9.38465 -2.83455 -1.9011 -9.08794 3.35713 0.0490219 -0.108276 -0.0409279
1451.32 2.14506 -9.38465 -2.79624 -1.91904 -9.07597 3.35593 0.0519235 -0.112399 -0.0418443
1451.34 2.22167 -9.38465 -2.79624 -1.88554 -9.13819 3.33679 0.0471893 -0.109192 -0.0398589
1451.35 2.25998 -9.26973 -2.87285 -1.90229 -9.12981 3.32243 0.0488692 -0.109803 -0.0386372
1451.37 2.14506 -9.38465 -2.75794 -1.89511 -9.12861 3.32483 0.0502437 -0.113163 -0.0378736
1451.39 2.25998 -9.26973 -2.83455 -1.87478 -9.12981 3.29611 0.0476475 -0.107818 -0.0248928
1451.4 2.10676 -9.46126 -2.60472 -1.84487 -9.17408 3.34038 0.0478002 -0.11133 -0.0187841
1451.42 2.14506 -9.34634 -2.87285 -1.84367 -9.19322 3.30688 0.0474948 -0.108276 -0.0154243
1451.44 2.22167 -9.49956 -2.56641 -1.86042 -9.2016 3.30688 0.0529926 -0.110414 -0.0221439
1451.45 2.06845 -9.38465 -2.87285 -1.87956 -9.14896 3.29133 0.0520762 -0.104 -0.0303905
1451.47 2.14506 -9.23143 -2.87285 -1.89751 -9.11665 3.27458 0.0548251 -0.10568 -0.03711
1451.49 2.18337 -9.26973 -2.68133 -1.90469 -9.09512 3.29731 0.0549779 -0.105374 -0.0433714
1451.5 2.18337 -9.34634 -2.98777 -1.9657 -9.07837 3.31645 0.0560469 -0.10797 -0.0459676
1451.52 2.22167 -9.34634 -2.60472 -1.94058 -9.09512 3.35354 0.0525344 -0.105374 -0.0447459
1451.54 1.99184 -9.15482 -2.98777 -1.88913 -9.09751 3.34277 0.0502437 -0.106749 -0.0390954
1451.55 2.03015 -9.30804 -2.79624 -1.86401 -9.10708 3.33679 0.0514654 -0.106749 -0.0342084
1451.57 2.18337 -9.26973 -2.75794 -1.88076 -9.09272 3.33918 0.0519235 -0.105069 -0.0335976
1451.59 2.14506 -9.38465 -2.87285 -1.92383 -9.14177 3.30568 0.0487165 -0.101404 -0.0352775
1451.6 2.29828 -9.30804 -3.06437 -1.99322 -9.13221 3.27099 0.0540616 -0.103847 -0.0467312
1451.62 2.18337 -9.26973 -2.83455 -1.95733 -9.14058 3.28893 0.0529926 -0.104458 -0.0510072
1451.64 2.18337 -9.42295 -2.91116 -1.96092 -9.12622 3.28893 0.0546724 -0.106749 -0.0507018
1451.65 2.29828 -9.42295 -2.98777 -1.9346 -9.14177 3.29372 0.0537561 -0.10797 -0.0494801
1451.67 2.25998 -9.42295 -2.87285 -1.92861 -9.12144 3.32004 0.0549779 -0.105832 -0.0505491
1451.69 2.25998 -9.42295 -2.75794 -1.87956 -9.14656 3.30568 0.0558941 -0.108429 -0.0505491
1451.7 2.10676 -9.30804 -2.83455 -1.89153 -9.1334 3.31286 0.0537561 -0.103083 -0.0482583
1451.72 2.03015 -9.34634 -2.83455 -1.84367 -9.15613 3.30688 0.054367 -0.104611 -0.0482583
1451.74 2.06845 -9.23143 -3.10268 -1.85324 -9.08076 3.28415 0.054367 -0.101862 -0.0481056
1451.75 2.06845 -9.30804 -2.79624 -1.88076 -9.11186 3.28056 0.0552833 -0.102014 -0.0508545
1451.77 2.14506 -9.26973 -2.79624 -1.9011 -9.11665 3.28176 0.055436 -0.104 -0.0514654
1451.79 2.14506 -9.26973 -2.83455 -1.90229 -9.15015 3.32841 0.0571159 -0.107512 -0.0514654
1451.8 2.18337 -9.34634 -3.06437 -1.88315 -9.15374 3.37627 0.0549779 -0.105222 -0.0461203
1451.82 2.18337 -9.30804 -2.91116 -1.87597 -9.15493 3.34158 0.055436 -0.105222 -0.0447459
1451.84 2.33659 -9.38465 -2.83455 -1.89392 -9.15254 3.31526 0.0586431 -0.107207 -0.0474948
1451.85 2.25998 -9.49956 -2.94946 -1.87717 -9.12263 3.28295 0.0584903 -0.102778 -0.0458149
1451.87 2.14506 -9.30804 -2.83455 -1.8987 -9.10229 3.28534 0.0584903 -0.104763 -0.0450513
1451.88 2.14506 -9.34634 -2.68133 -1.92981 -9.10588 3.27936 0.056505 -0.103389 -0.0409279
1451.9 2.10676 -9.30804 -2.83455 -1.95374 -9.09272 3.31645 0.0572686 -0.105222 -0.0412334
1451.92 2.33659 -9.26973 -2.87285 -1.91545 -9.14177 3.31765 0.0558941 -0.105985 -0.0406225
1451.93 1.95354 -9.30804 -2.98777 -1.84606 -9.15972 3.28295 0.0563523 -0.105985 -0.0413861
1451.95 2.18337 -9.26973 -2.68133 -1.82931 -9.16092 3.23868 0.0594066 -0.105069 -0.0409279
1451.97 2.22167 -9.34634 -2.75794 -1.84367 -9.15254 3.22313 0.0621555 -0.104458 -0.0447459
1451.98 2.22167 -9.30804 -2.98777 -1.96331 -9.07358 3.23509 0.0630718 -0.104 -0.0470366
1452.0 2.25998 -9.26973 -2.79624 -1.95254 -9.1334 3.30808 0.0557414 -0.106291 -0.0435241
1452.02 2.06845 -9.34634 -2.75794 -1.90588 -9.17767 3.31166 0.0601702 -0.106749 -0.0369573
1452.03 2.14506 -9.46126 -2.75794 -1.89392 -9.19322 3.27577 0.0586431 -0.105527 -0.0366519
1452.05 2.18337 -9.30804 -2.79624 -1.83529 -9.13699 3.29611 0.0595593 -0.106291 -0.0345139
1452.07 2.06845 -9.30804 -3.02607 -1.87478 -9.10588 3.30568 0.0612392 -0.104153 -0.0381791
1452.08 2.06845 -9.26973 -2.87285 -1.89392 -9.07597 3.30808 0.0604756 -0.106596 -0.0427606
1452.1 2.18337 -9.34634 -2.71963 -1.94177 -9.07358 3.32124 0.0609338 -0.107512 -0.0465785
1452.12 2.18337 -9.30804 -2.87285 -1.94656 -9.07119 3.32961 0.0587958 -0.110719 -0.046273
1452.13 2.10676 -9.38465 -2.91116 -1.92742 -9.10469 3.32602 0.056505 -0.106749 -0.0387899
1452.15 2.14506 -9.23143 -2.60472 -1.90708 -9.09871 3.30927 0.0561996 -0.109345 -0.0354302
1452.17 2.14506 -9.30804 -2.83455 -1.91067 -9.10947 3.32363 0.0555887 -0.110872 -0.0308487
1452.18 2.03015 -9.26973 -3.14098 -1.88195 -9.08674 3.30568 0.054367 -0.111177 -0.0274889
1452.2 2.06845 -9.30804 -2.68133 -1.86401 -9.10588 3.3009 0.0516181 -0.110719 -0.0172569
1452.22 1.99184 -9.42295 -2.68133 -1.86879 -9.14297 3.29492 0.0502437 -0.109039 -0.00839939
1452.23 2.10676 -9.42295 -2.64302 -1.86401 -9.20877 3.2662 0.0528398 -0.110872 -0.0114537
1452.25 2.10676 -9.42295 -2.71963 -1.91665 -9.20638 3.23868 0.0569632 -0.110108 -0.0230602
1452.27 2.18337 -9.26973 -2.94946 -1.92144 -9.18126 3.24586 0.0600175 -0.110872 -0.0322231
1452.28 2.22167 -9.23143 -2.79624 -1.98006 -9.08195 3.25902 0.0597121 -0.10965 -0.0351248
1452.3 2.14506 -9.23143 -2.75794 -1.95135 -9.09153 3.28534 0.0572686 -0.110414 -0.0361938
1452.32 2.18337 -9.34634 -2.94946 -1.97527 -9.08794 3.27936 0.0578795 -0.114232 -0.0342084
1452.33 2.29828 -9.34634 -2.91116 -1.94058 -9.11067 3.2985 0.0584903 -0.116828 -0.0351248
1452.35 1.99184 -9.38465 -2.83455 -1.91545 -9.09512 3.31047 0.0577268 -0.117286 -0.0320704
1452.37 2.14506 -9.34634 -2.71963 -1.91665 -9.09751 3.31526 0.053298 -0.116523 -0.029627
1452.38 2.03015 -9.19312 -2.87285 -1.8987 -9.07478 3.3332 0.0548251 -0.116828 -0.0300851
1452.4 2.33659 -9.38465 -2.71963 -1.91545 -9.06879 3.35593 0.0548251 -0.120188 -0.0331394
1452.42 2.14506 -9.42295 -2.83455 -1.92742 -9.12144 3.33799 0.0503964 -0.114995 -0.0302378
1452.43 2.18337 -9.34634 -3.06437 -1.98245 -9.15733 3.34397 0.0539089 -0.120035 -0.0288634
1452.45 2.10676 -9.26973 -2.91116 -1.92263 -9.15733 3.34516 0.054367 -0.122937 -0.0242819
1452.46 2.25998 -9.23143 -2.91116 -1.87837 -9.12981 3.29013 0.0529926 -0.116217 -0.0177151
1452.48 2.10676 -9.30804 -2.83455 -1.89511 -9.09392 3.29013 0.0558941 -0.121257 -0.0201585
1452.5 2.18337 -9.34634 -2.68133 -1.90708 -9.10828 3.28774 0.0528398 -0.119119 -0.019395
