1322.14 -2.91116 9.69109 -0.766094 3.78784 9.62513 0.845862 0.0833831 -0.052229 0.104763
1322.16 -2.98777 10.0358 -0.689484 3.70409 10.0822 0.792024 0.0859793 -0.0424551 0.0865901
1322.17 -2.60472 10.0358 -0.57457 3.35234 10.2233 0.747757 0.0841467 -0.0267254 0.0862847
1322.19 -2.18337 9.76769 -0.344742 3.05204 9.97687 0.726221 0.0829249 -0.0209221 0.0768163
1322.21 -2.14506 9.92091 -0.612875 2.79841 9.87757 0.692722 0.085063 -0.0151189 0.0438296
1322.22 -2.33659 10.1124 -0.804398 2.89771 10.264 0.709472 0.0884227 -0.0166461 0.021533
1322.24 -2.25998 10.1507 -0.612875 2.93001 10.337 0.726221 0.0844521 -0.0155771 0.0158825
1322.26 -2.25998 9.95922 -0.65118 2.87019 10.1216 0.711864 0.073762 -0.0138972 0.0119119
1322.27 -2.06845 9.61448 -0.383047 2.77807 9.72921 0.659222 0.0638354 -0.010232 0.032834
1322.29 -2.10676 9.57617 -0.459656 2.73739 9.62752 0.626919 0.0551306 -0.00778853 0.0583376
1322.31 -2.06845 9.46126 -0.383047 2.73499 9.49232 0.545563 0.0450513 -0.00244346 0.115606
1322.32 -2.14506 9.15482 -0.57457 2.76491 9.17168 0.485743 0.0378736 0.000152716 0.166308
1322.34 -2.18337 8.96329 -0.421352 2.8343 9.01496 0.501296 0.0378736 0.000916298 0.193339
1322.36 -2.4515 8.92499 -0.268133 3.10588 8.97547 0.53001 0.032834 0.00473421 0.196546
1322.37 -2.52811 9.07821 -0.383047 3.50189 9.17168 0.557528 0.0343612 0.0111483 0.194866
1322.39 -2.87285 9.11651 -0.497961 3.64546 9.14896 0.533599 0.0299324 0.0210748 0.189215
1322.41 -3.02607 8.92499 -0.383047 3.73041 8.9336 0.538385 0.0271835 0.0319177 0.16417
1322.42 -3.10268 8.73347 -0.268133 3.5665 8.59741 0.455832 0.0351248 0.0404698 0.133169
1322.44 -2.68133 8.1972 -0.153219 3.40858 8.37009 0.441475 0.043066 0.0421497 0.124464
1322.46 -2.4898 8.12059 -0.191523 3.08794 8.03868 0.403191 0.06353 0.0499382 0.119424
1322.47 -2.25998 8.23551 -0.114914 2.98385 8.20499 0.342173 0.0813978 0.0513127 0.106138
1322.49 -2.29828 8.65686 0.114914 2.99821 8.47657 0.317049 0.0907135 0.0507018 0.0733038
1322.51 -2.41319 9.15482 -0.153219 3.09751 9.00419 0.234497 0.0962113 0.0510072 0.0478002
1322.52 -2.4515 9.53786 0.0383047 3.15015 9.41934 0.161515 0.102014 0.0494801 -0.0319177
1322.54 -2.4515 9.57617 -0.0766094 3.1322 9.50908 0.118445 0.101556 0.0455095 -0.13042
1322.56 -2.29828 9.57617 0.0383047 3.05683 9.55454 0.0574277 0.102167 0.0442877 -0.174097
1322.57 -2.18337 9.53786 0.344742 2.91087 9.5677 0.0598205 0.103542 0.0368046 -0.22434
1322.59 -2.03015 9.49956 0.0766094 2.79362 9.51147 0.0502493 0.111788 0.0291688 -0.243735
1322.61 -1.80032 9.15482 -0.0383047 2.48016 9.35234 0.141176 0.118661 0.0210748 -0.235336
1322.62 -1.6088 9.07821 -0.229828 2.1009 9.03649 0.265603 0.135612 0.00824668 -0.177609
1322.64 -1.49388 8.92499 -0.344742 2.00638 8.93719 0.35653 0.153022 -0.00946841 -0.115912
1322.66 -1.49388 9.03991 -0.536266 2.05304 9.02333 0.486939 0.158672 -0.0171042 -0.089339
1322.67 -1.72371 9.11651 -0.497961 2.32822 9.19801 0.60658 0.161268 -0.0273362 -0.0574213
1322.69 -1.6088 9.15482 -0.536266 2.40957 9.21595 0.710668 0.154243 -0.0410807 -0.056505
1322.71 -2.03015 8.96329 -0.689484 2.53759 8.95753 0.757328 0.144164 -0.0404698 -0.0580322
1322.72 -1.99184 8.65686 -0.57457 2.57468 8.80678 0.831506 0.137903 -0.0531453 -0.0687223
1322.74 -1.91523 8.65686 -0.497961 2.59262 8.70748 0.838684 0.132252 -0.0675006 -0.0704022
1322.75 -1.95354 8.61855 -0.383047 2.57109 8.68834 0.838684 0.132863 -0.0733038 -0.0693332
1322.77 -2.06845 8.69516 -0.612875 2.63091 8.70509 0.792024 0.136223 -0.0836885 -0.0557414
1322.79 -2.06845 8.69516 -0.306437 2.63091 8.68355 0.748953 0.139888 -0.0875064 -0.0319177
1322.8 -1.99184 8.69516 -0.459656 2.62493 8.67398 0.715454 0.142332 -0.0917825 -0.0238237
1322.82 -1.91523 8.69516 -0.57457 2.54716 8.62253 0.652044 0.151647 -0.100945 -0.0190895
1322.84 -1.80032 8.58025 -0.689484 2.4323 8.63091 0.604187 0.157298 -0.104153 -0.00671952
1322.85 -1.80032 8.61855 -0.421352 2.37248 8.61774 0.588634 0.15745 -0.103236 0.00916297
1322.87 -1.80032 8.58025 -0.306437 2.28395 8.65364 0.595813 0.162337 -0.112246 0.0526871
1322.89 -1.72371 8.81008 -0.57457 2.26959 8.82233 0.632901 0.166766 -0.125991 0.0942259
1322.9 -1.76202 9.11651 -0.268133 2.29472 9.00419 0.658026 0.166155 -0.132252 0.107207
1322.92 -1.72371 9.46126 -0.497961 2.37129 9.37388 0.698704 0.161726 -0.144317 0.0876591
1322.94 -1.6088 9.57617 -0.57457 2.3665 9.54975 0.7334 0.153022 -0.156229 0.0218384
1322.95 -1.53219 9.72939 -0.842703 2.37368 9.58445 0.753739 0.150578 -0.16417 -0.0218384
1322.97 -1.76202 9.65278 -0.536266 2.38923 9.57607 0.76331 0.141873 -0.174402 -0.104458
1322.99 -1.76202 9.806 -0.689484 2.49093 9.76511 0.738185 0.130878 -0.185398 -0.172111
1323.0 -1.99184 9.99752 -0.612875 2.61057 9.92184 0.715454 0.1237 -0.188452 -0.1996
1323.02 -1.99184 10.4955 -0.689484 2.91565 10.4758 0.661615 0.112094 -0.197615 -0.253051
1323.04 -2.75794 11.6063 -0.536266 3.47198 11.6148 0.591027 0.0960585 -0.198989 -0.30696
1323.05 -3.10268 12.449 -0.383047 3.72323 12.1651 0.54676 0.0798706 -0.194255 -0.34407
1323.07 -3.33251 12.7938 -0.536266 4.09651 12.9272 0.404387 0.0508545 -0.190284 -0.471741
1323.09 -3.17929 12.5256 0.0383047 3.89551 12.4989 0.295514 0.0122173 -0.187383 -0.650571
1323.1 -3.14098 11.4148 -0.229828 3.60239 11.9665 0.254835 -0.00519235 -0.184787 -0.730442
1323.12 -2.03015 9.88261 -0.0383047 2.84267 10.3238 0.150748 -0.0375682 -0.184329 -0.803593
1323.14 -1.57049 8.65686 0.0 2.1009 8.66321 0.0957129 -0.0542143 -0.188452 -0.727387
1323.15 -1.34066 7.50772 0.0 1.82812 8.03749 0.0586241 -0.0546724 -0.193797 -0.641103
1323.17 -1.14914 7.3928 0.0 1.68335 7.39621 0.0705882 -0.046273 -0.198378 -0.427453
1323.19 -1.53219 8.35042 0.229828 2.07697 8.35095 -0.112463 -0.0305433 -0.202196 -0.25412
1323.2 -1.87693 8.96329 0.536266 2.38205 8.83669 -0.193819 -0.0277944 -0.202196 -0.190284
1323.22 -2.33659 9.23143 0.191523 2.99103 9.17886 -0.218943 -0.0253509 -0.197004 -0.138819
1323.24 -2.71963 9.15482 0.0766094 3.31526 9.10229 -0.163908 -0.0161879 -0.193033 -0.236405
1323.26 -2.68133 9.07821 -0.0383047 3.33081 9.05204 -0.0897308 -0.00290161 -0.196393 -0.279776
1323.28 -2.64302 9.34634 0.153219 3.16331 9.23749 -0.0741775 0.00412334 -0.184023 -0.309098
1323.29 -2.14506 9.30804 -0.229828 3.04128 9.3679 -0.0382852 0.01237 -0.178831 -0.253814
1323.31 -1.91523 9.23143 0.0766094 2.6333 9.22194 0.0239282 0.0245873 -0.172875 -0.208763
1323.33 -1.53219 9.03991 -0.229828 2.22532 9.00778 0.0705882 0.0421497 -0.167835 -0.142484
1323.34 -1.45558 9.0016 0.0 2.08295 8.96112 0.0885344 0.0607811 -0.167224 -0.109498
1323.36 -1.34066 8.84838 -0.268133 1.98245 8.88096 0.172283 0.0697913 -0.162796 -0.0925461
1323.38 -1.45558 8.61855 -0.153219 2.03749 8.73499 0.29671 0.0899499 -0.15745 -0.0566577
1323.39 -1.49388 8.61855 -0.421352 2.09133 8.64646 0.346959 0.114537 -0.155923 -0.0325286
1323.41 -1.6088 8.50364 -0.421352 2.24088 8.51007 0.482154 0.128587 -0.157603 -0.0253509
1323.42 -1.57049 8.31211 -0.344742 2.35095 8.5675 0.592223 0.140499 -0.15012 0.00503964
1323.44 -1.76202 8.69516 -0.57457 2.40598 8.69073 0.649651 0.146913 -0.143859 0.0284052
1323.46 -1.80032 9.11651 -0.612875 2.51605 8.93599 0.6999 0.147829 -0.140652 0.0279471
1323.47 -2.03015 9.19312 -0.497961 2.60219 9.13819 0.70349 0.145844 -0.13943 -0.00503964
1323.49 -1.99184 9.11651 -0.497961 2.6333 9.15733 0.707079 0.142026 -0.133321 -0.0690278
1323.51 -1.91523 9.19312 -0.57457 2.65962 9.11306 0.678365 0.141415 -0.133627 -0.102625
1323.52 -1.95354 9.07821 -0.497961 2.68834 9.10229 0.648455 0.133474 -0.119271 -0.144317
1323.54 -1.80032 9.03991 -0.459656 2.69791 9.13938 0.667597 0.131183 -0.106749 -0.153022
1323.56 -2.03015 9.07821 -0.536266 2.65364 9.1358 0.659222 0.126296 -0.0981966 -0.140346
1323.57 -1.91523 9.11651 -0.497961 2.52682 9.12861 0.650847 0.126602 -0.0894917 -0.0867428
1323.59 -1.80032 9.19312 -0.65118 2.4658 9.17288 0.646062 0.124158 -0.0759 0.00366519
1323.61 -1.80032 9.38465 -0.421352 2.40718 9.37747 0.601795 0.124769 -0.0733038 0.0511599
1323.62 -1.68541 9.61448 -0.57457 2.32822 9.56889 0.539581 0.116675 -0.0572686 0.135612
1323.64 -1.68541 9.76769 -0.344742 2.33659 9.70648 0.490529 0.118661 -0.0577268 0.194102
1323.66 -1.6088 9.88261 -0.268133 2.3653 9.92662 0.358923 0.112857 -0.0520762 0.221897
1323.67 -1.6471 9.8443 0.0766094 2.37607 9.90269 0.258425 0.108581 -0.0513127 0.24679
1323.69 -1.72371 9.99752 -0.459656 2.42034 9.93499 0.212961 0.108123 -0.0516181 0.23335
1323.7 -2.03015 10.0358 -0.229828 2.5675 10.1755 0.150748 0.0992656 -0.0459676 0.209832
1323.72 -2.06845 10.0741 -0.229828 2.67996 10.2209 0.108873 0.0926988 -0.0439823 0.140346
1323.74 -2.10676 9.92091 -0.153219 2.84267 10.002 0.111266 0.0867428 -0.036041 0.10568
1323.75 -2.29828 9.61448 0.0383047 2.9659 9.68614 0.0634098 0.0762054 -0.0256563 0.0468839
1323.77 -2.29828 10.0741 0.0766094 3.14177 9.88475 0.0442672 0.0746782 -0.019395 0.0334449
1323.78 -3.10268 10.9551 -0.191523 3.79023 11.1745 -0.00358923 0.0615447 0.00274889 0.0238237
1323.8 -2.94946 11.2616 -0.0383047 3.9338 11.4963 -0.00358923 0.0494801 0.0163406 0.00229074
1323.81 -2.98777 11.3765 0.0766094 3.75314 11.4568 -0.0502493 0.0213803 0.0413861 -0.102778
1323.83 -2.91116 12.1426 0.0383047 3.72682 11.8349 -0.149551 -0.00198531 0.062461 -0.253051
1323.84 -2.64302 12.1043 0.0766094 3.61316 12.2871 -0.16989 -0.0207694 0.0746782 -0.33002
1324.47 -1.37897 9.69109 -0.229828 2.132 9.78425 0.532403 0.0685696 -0.105527 0.119119
1324.48 -1.37897 9.53786 -0.421352 2.08654 9.61436 0.512064 0.0627664 -0.117133 0.0705549
1324.5 -1.6471 9.76769 -0.383047 2.22532 9.68854 0.447458 0.0580322 -0.121104 0.0508545
1324.52 -1.76202 9.88261 -0.191523 2.4993 9.99123 0.339781 0.0571159 -0.133016 -0.000305433
1324.53 -1.72371 9.806 -0.191523 2.63569 9.9314 0.258425 0.0470366 -0.140499 -0.0959058
1324.55 -2.37489 10.4189 -0.153219 2.95633 10.2042 0.0167498 0.0445931 -0.142026 -0.176387
1324.57 -2.60472 10.8785 0.306437 3.38465 10.9161 -0.17348 0.0380264 -0.150578 -0.381638
1324.58 -2.60472 10.687 0.229828 3.32602 10.8096 -0.259621 0.0171042 -0.148593 -0.595135
1324.6 -2.56641 10.8402 0.268133 3.15135 10.7725 -0.293121 0.0148135 -0.158061 -0.696844
1324.62 -2.4898 10.8785 0.268133 3.15972 10.9029 -0.300299 -0.00458149 -0.159894 -0.870483
1324.63 -2.71963 10.6104 0.0 3.22792 10.66 -0.202193 -0.0200058 -0.162032 -0.954477
1324.65 -2.52811 10.1124 0.114914 3.16211 10.4052 -0.132802 -0.0250455 -0.161421 -0.960891
1324.67 -2.25998 9.57617 -0.0766094 2.94078 9.67776 0.0478564 -0.0313068 -0.157145 -0.898888
1324.68 -1.72371 8.96329 -0.229828 2.38325 8.81516 0.405583 -0.00503964 -0.156076 -0.729526
1324.7 -1.41727 8.35042 -0.57457 2.08774 8.51725 0.580259 0.0135917 -0.150425 -0.635452
1324.72 -1.34066 8.23551 -0.536266 1.68574 8.33899 0.778863 0.0676533 -0.14447 -0.457385
1324.73 -0.995922 8.38873 -0.497961 1.47757 8.4347 0.745364 0.116675 -0.135765 -0.28619
1324.75 -0.842703 8.46534 -0.65118 1.41296 8.52802 0.681954 0.138056 -0.133932 -0.199753
1324.77 -0.842703 8.35042 -0.536266 1.37707 8.52323 0.558724 0.173638 -0.131794 -0.0155771
1324.78 -0.957617 8.58025 -0.383047 1.45723 8.61057 0.585045 0.193644 -0.122937 0.140346
1324.8 -1.03423 8.69516 -0.459656 1.51944 8.71346 0.60658 0.199295 -0.124006 0.229991
1324.82 -0.919312 8.77177 -0.612875 1.73121 8.83908 0.687936 0.200211 -0.123853 0.251524
1324.83 -1.37897 8.81008 -0.383047 1.94297 8.94197 0.747757 0.186772 -0.120188 0.268933
1324.85 -1.45558 9.07821 -0.57457 2.02792 9.04247 0.751346 0.170431 -0.118508 0.255952
1324.87 -1.45558 9.19312 -0.497961 2.15593 9.14058 0.770489 0.156534 -0.111483 0.245873
1324.88 -1.6088 9.23143 -0.727789 2.17268 9.24467 0.79322 0.140346 -0.114232 0.207694
1324.9 -1.57049 9.26973 -0.727789 2.14636 9.28535 0.817148 0.126144 -0.114537 0.178831
1324.92 -1.34066 9.07821 -0.65118 1.99801 9.19322 0.833898 0.119119 -0.117133 0.171195
1324.93 -1.22575 9.03991 -0.689484 1.81496 9.06161 0.836291 0.105069 -0.122937 0.155771
1324.95 -1.14914 8.88668 -0.612875 1.74317 8.95155 0.782453 0.098502 -0.130114 0.114537
1324.96 -1.11084 8.92499 -0.65118 1.78026 8.87498 0.739382 0.0939205 -0.128434 0.0847575
1324.98 -1.49388 8.84838 -0.497961 2.03151 8.90608 0.689133 0.101404 -0.138666 0.0264199
1325.0 -1.68541 9.03991 -0.459656 2.22652 8.99581 0.672383 0.106138 -0.133779 0.000916298
1325.01 -2.25998 9.38465 -0.497961 2.63809 9.26381 0.595813 0.109345 -0.126602 0.00427606
1325.03 -2.41319 9.76769 -0.459656 3.05563 9.71725 0.541974 0.110108 -0.105527 0.0166461
1325.05 -2.68133 9.88261 -0.306437 3.42173 9.99003 0.526421 0.106138 -0.0821613 0.0175624
1325.07 -2.94946 9.99752 -0.497961 3.54975 10.1384 0.528814 0.106138 -0.0690278 0.0200058
1325.08 -3.10268 10.1124 -0.536266 3.68375 10.2365 0.537189 0.0936151 -0.03711 0.0372628
1325.1 -2.87285 10.3423 -0.689484 3.64786 10.5655 0.489332 0.0827722 -0.0157298 0.0659734
1325.11 -2.98777 11.4914 -0.459656 3.74596 11.2881 0.472582 0.0731511 -0.00595593 0.0913243
1325.13 -2.71963 11.6829 -0.57457 3.5342 11.8373 0.437886 0.0407752 0.00977384 0.118813
1325.15 -2.14506 11.3765 -0.306437 3.15972 11.6243 0.260818 0.00671952 0.0189368 0.0925461
1325.16 -1.91523 12.2958 -0.229828 2.69551 12.0766 0.133998 -0.00839939 0.0198531 0.0630718
1325.18 -1.37897 11.9894 0.0383047 2.39163 12.1543 -0.0418744 -0.0398589 0.0129809 -0.107665
1325.2 -1.26405 10.9168 0.153219 2.16191 10.8706 -0.193819 -0.0597121 0.0120646 -0.423482
1325.21 -1.41727 10.3806 0.153219 1.97288 10.5009 -0.242871 -0.0606284 0.0117592 -0.577573
1325.23 -1.53219 10.3423 0.306437 2.19781 10.4016 -0.396012 -0.0528398 0.0163406 -0.777784
1325.25 -1.80032 10.1124 0.421352 2.34257 10.4148 -0.442672 -0.0410807 0.0313068 -0.812909
1325.26 -1.87693 9.806 0.421352 2.41436 10.063 -0.452243 -0.0299324 0.0380264 -0.777326
1325.28 -1.49388 9.23143 0.421352 2.15593 9.40738 -0.35653 -0.0143553 0.0610865 -0.620181
1325.3 -1.22575 9.0016 0.268133 1.91186 9.10469 -0.306281 0.00244346 0.0671951 -0.359647
1325.31 -0.995922 8.88668 0.306437 1.23948 8.85942 -0.269192 0.010232 0.0653626 -0.259618
1325.33 -0.114914 9.03991 0.268133 0.787238 9.1334 -0.300299 0.0270308 0.0416915 -0.199447
1325.35 0.0 9.49956 0.306437 0.600598 9.20997 -0.315852 0.0277944 0.019395 -0.25809
1325.36 0.191523 9.34634 0.153219 0.397208 9.32602 -0.325424 0.0267254 0.00137445 -0.305127
1325.38 0.191523 8.77177 -0.0766094 0.209372 8.8678 -0.165105 0.0155771 -0.0227547 -0.373544
1325.4 0.229828 8.31211 0.0383047 0.184247 8.25165 0.0562313 0.0119119 -0.0478002 -0.364534
1325.41 0.153219 7.85246 -0.0383047 0.148355 8.05065 0.175872 0.0158825 -0.0613919 -0.322842
1325.43 0.114914 7.69924 -0.306437 0.202193 7.80778 0.329013 0.0297797 -0.0754418 -0.204182
1325.45 0.0766094 7.73755 -0.268133 0.318245 7.78864 0.489332 0.0497855 -0.0901026 -0.0815505
1325.46 -0.0383047 7.81416 -0.57457 0.410369 7.84367 0.540778 0.0568105 -0.090408 -0.0169515
1325.48 -0.0383047 7.92907 -0.497961 0.524028 8.02313 0.62333 0.0757473 -0.0919352 0.112857
1325.49 -0.153219 8.04398 -0.421352 0.680758 8.14277 0.647258 0.0933096 -0.0977384 0.23335
1325.51 -0.306437 8.35042 -0.459656 0.770489 8.24805 0.635294 0.100029 -0.0954477 0.299477
1325.53 -0.421352 8.35042 -0.459656 0.951147 8.38923 0.582652 0.105832 -0.0969748 0.436158
1325.54 -0.383047 8.65686 -0.536266 1.10429 8.65842 0.478564 0.111177 -0.104916 0.547335
1325.56 -0.497961 8.88668 -0.306437 1.14736 8.78046 0.429512 0.110414 -0.109803 0.580169
1325.58 -0.65118 8.84838 -0.229828 1.21436 8.90847 0.392423 0.104763 -0.115148 0.593914
1325.59 -0.727789 9.11651 -0.191523 1.34596 9.09871 0.368495 0.102625 -0.133627 0.558789
1325.61 -0.881008 9.23143 -0.421352 1.41176 9.15972 0.397208 0.0991129 -0.139125 0.534965
1325.63 -0.881008 9.30804 -0.421352 1.51705 9.19561 0.400798 0.0902553 -0.149204 0.470824
1325.64 -0.995922 9.46126 -0.268133 1.67258 9.38465 0.369691 0.0862847 -0.16753 0.382401
1325.66 -1.14914 9.57617 -0.268133 1.73839 9.53061 0.350548 0.0852157 -0.176998 0.328035
1325.68 -1.22575 9.806 -0.191523 1.85803 9.79143 0.284746 0.0734565 -0.186314 0.214261
1325.69 -1.26405 9.92091 -0.268133 1.86281 9.90509 0.221336 0.0616974 -0.199906 0.0997237
1325.71 -1.07253 9.88261 -0.383047 1.81974 9.94696 0.222532 0.0514654 -0.200669 0.053298
1325.73 -0.995922 9.95922 -0.191523 1.66301 10.0128 0.187837 0.0403171 -0.215025 -0.0131336
1325.74 -0.957617 10.2273 -0.0383047 1.49432 10.3274 0.154337 0.0340557 -0.231212 -0.0525344
1325.76 -0.689484 9.99752 -0.0766094 1.34955 10.2772 0.15673 0.0291688 -0.242208 -0.0597121
1325.78 -0.689484 9.806 -0.191523 1.04686 10.0044 0.0813559 0.0255036 -0.255952 -0.0406225
1325.79 -0.497961 9.99752 -0.0383047 1.01815 9.99482 0.0358923 0.0407752 -0.280387 0.0395535
1325.81 -1.03423 10.9934 0.0 1.401 10.6433 -0.145962 0.0488692 -0.28451 0.0965167
1325.82 -2.03015 12.9853 0.229828 2.64646 12.9045 -0.293121 0.0658207 -0.30528 0.117592
1325.84 -2.14506 12.8704 0.114914 3.19681 12.6951 -0.119641 0.036041 -0.299324 -0.0455095
1325.86 -2.83455 11.3765 -0.153219 3.49472 11.8528 -0.0143569 0.0164934 -0.29291 -0.20464
1325.87 -2.87285 10.3423 -0.114914 3.51506 10.6146 0.162712 0.00122173 -0.290619 -0.439976
1325.89 -2.68133 9.92091 -0.0766094 3.33799 10.1827 0.26321 -0.00198531 -0.279318 -0.423024
1325.91 -2.52811 9.38465 -0.306437 3.25065 9.65863 0.355334 0.000763581 -0.275195 -0.337045
1325.92 -2.18337 8.81008 -0.57457 2.8666 8.93121 0.482154 0.00595593 -0.25977 -0.131183
1325.94 -2.06845 8.54194 -0.459656 2.70987 8.64407 0.491725 0.0218384 -0.244346 0.0253509
1325.96 -2.06845 8.58025 -0.383047 2.47777 8.49571 0.562313 0.0331394 -0.241292 0.0751364
1325.97 -1.41727 8.54194 -0.612875 2.30548 8.56391 0.538385 0.0478002 -0.227853 0.103083
1325.99 -1.34066 8.38873 -0.497961 2.14158 8.43948 0.575474 0.0621555 -0.222813 0.0497855
1326.0 -1.14914 8.1589 -0.57457 1.87956 8.17747 0.618545 0.0729984 -0.226478 0.00717767
1326.02 -1.22575 8.1972 -0.612875 1.84247 8.199 0.6999 0.0827722 -0.228464 -0.0752891
1326.04 -1.26405 8.61855 -0.65118 1.8652 8.32582 0.72981 0.087201 -0.230449 -0.137597
1326.05 -1.45558 8.61855 -0.65118 2.04108 8.65244 0.776471 0.0867428 -0.230296 -0.158672
1326.07 -1.72371 8.81008 -0.57457 2.19302 8.82473 0.803988 0.0873537 -0.234114 -0.184787
1326.09 -1.6088 9.03991 -0.612875 2.25284 8.88694 0.802792 0.0803288 -0.229227 -0.188452
1326.1 -1.76202 9.03991 -0.804398 2.30429 8.94317 0.819541 0.0726929 -0.22037 -0.19624
1326.12 -1.68541 9.07821 -0.65118 2.33181 9.03649 0.812363 0.0739146 -0.222049 -0.21365
1326.14 -1.6471 9.15482 -0.689484 2.31505 9.10828 0.776471 0.0740674 -0.221897 -0.228311
1326.15 -1.57049 9.23143 -0.421352 2.27677 9.16092 0.732203 0.0652099 -0.213039 -0.242819
1326.17 -1.68541 9.11651 -0.459656 2.15593 9.11905 0.655633 0.0514654 -0.203113 -0.222966
1326.19 -1.49388 9.23143 -0.612875 2.06859 9.12861 0.600598 0.0485638 -0.20128 -0.204029
1326.2 -1.41727 9.23143 -0.383047 1.95613 9.23869 0.490529 0.0369573 -0.195935 -0.150425
1326.22 -1.26405 9.38465 -0.191523 1.93819 9.35115 0.379262 0.0184787 -0.189063 -0.0946841
1326.24 -1.34066 9.46126 -0.191523 1.9322 9.4002 0.314656 0.0109956 -0.184939 -0.0232129
1326.25 -1.37897 9.53786 -0.229828 1.99202 9.47438 0.211765 -0.00794125 -0.178678 0.0322231
1326.27 -1.53219 9.57617 -0.229828 2.03031 9.59402 0.12682 -0.0218384 -0.17318 0.155618
1326.29 -1.53219 9.46126 -0.268133 2.07577 9.50309 0.119641 -0.030696 -0.163101 0.312457
1326.3 -1.57049 9.95922 -0.229828 2.13799 9.91944 0.118445 -0.0329867 -0.15913 0.380111
1326.32 -1.72371 10.4572 -0.153219 2.46461 10.5236 0.240479 -0.0335976 -0.148135 0.428522
1326.34 -1.91523 11.185 -0.306437 2.62971 10.8479 0.281157 -0.0305433 -0.137445 0.381485
1326.35 -2.4515 11.6829 -0.57457 3.14895 11.8193 0.445065 -0.0212276 -0.131183 0.338267
1326.37 -2.56641 12.0277 -0.497961 3.29133 12.0981 0.545563 -0.0271835 -0.115301 0.278402
1326.39 -2.52811 12.8321 -0.459656 3.27577 12.6209 0.507278 -0.0342084 -0.103083 0.279471
1326.4 -2.29828 12.5639 -0.153219 3.09272 12.9428 0.372084 -0.047342 -0.0975857 0.284205
1326.42 -1.57049 11.8745 -0.153219 2.15354 12.0383 0.191426 -0.0610865 -0.0966694 0.275806
1326.44 -1.11084 10.9168 -0.344742 1.84606 11.4843 0.147159 -0.0699441 -0.114995 0.310014
1326.45 -0.919312 10.189 -0.268133 1.54696 10.4937 0.131605 -0.0733038 -0.124616 0.357356
1326.47 -0.957617 10.0358 0.114914 1.41894 10.2544 0.0562313 -0.067806 -0.151036 0.476169
1326.48 -0.842703 9.69109 0.0383047 1.40339 9.84287 0.0191426 -0.0696386 -0.158367 0.502284
1326.5 -0.919312 8.88668 0.0 1.51346 8.94437 -0.00717846 -0.0568105 -0.186925 0.494801
1326.52 -1.07253 8.00568 0.153219 1.71805 8.0327 0.0358923 -0.044135 -0.208152 0.473879
1326.53 -1.22575 7.85246 -0.191523 1.81256 7.82094 0.0538385 -0.0316123 -0.21701 0.46441
1326.55 -1.49388 8.04398 0.153219 2.15234 7.97288 -0.00957129 -0.00916297 -0.234878 0.449749
1326.57 -1.68541 8.42703 0.229828 2.52802 8.32822 0.0239282 0.00626137 -0.248317 0.404851
1326.58 -2.06845 8.46534 0.0 2.68953 8.45982 0.0586241 0.00778853 -0.253509 0.367435
1326.6 -1.99184 8.42703 -0.114914 2.71226 8.34975 0.106481 0.00595593 -0.262825 0.229074
1326.62 -1.83862 7.85246 0.306437 2.55434 7.82572 0.144766 0.00335976 -0.272599 0.0432187
1326.63 -1.80032 7.46941 -0.0766094 2.48375 7.60798 0.149551 0.00503964 -0.279318 -0.0394008
1326.65 -1.72371 7.46941 -0.191523 2.44786 7.49671 0.217747 0.00320704 -0.291688 -0.136528
1326.67 -1.68541 7.58433 -0.229828 2.47059 7.62592 0.230907 0.00229074 -0.302836 -0.180205
1326.68 -1.80032 7.62263 -0.268133 2.44786 7.68335 0.256032 0.000763581 -0.308334 -0.20632
1326.7 -1.95354 7.81416 -0.191523 2.43111 7.84008 0.320638 -0.00198531 -0.323758 -0.278402
1326.71 -1.76202 8.00568 -0.268133 2.45504 7.99203 0.440279 -0.00855211 -0.333227 -0.351706
1326.73 -1.76202 8.1589 -0.383047 2.48614 8.09252 0.473779 -0.0106901 -0.339183 -0.368963
1326.75 -1.6088 8.31211 -0.689484 2.30788 8.31625 0.58983 -0.0142026 -0.354454 -0.419359
1326.76 -1.6471 8.35042 -0.344742 2.12961 8.3665 0.635294 -0.0181732 -0.363159 -0.529009
1326.78 -1.34066 8.31211 -0.689484 2.00997 8.30907 0.649651 -0.0172569 -0.368046 -0.597273
1326.8 -1.22575 8.35042 -0.421352 1.87717 8.3318 0.654437 -0.00916297 -0.375835 -0.704327
1326.81 -1.07253 8.50364 -0.383047 1.64865 8.39282 0.629312 0.0154243 -0.38851 -0.752738
1326.83 -1.11084 8.50364 -0.306437 1.60439 8.45025 0.555135 0.0284052 -0.388968 -0.745713
1326.85 -1.03423 8.61855 -0.153219 1.54457 8.67039 0.337388 0.0555887 -0.39187 -0.64431
1326.86 -0.995922 9.15482 0.0383047 1.44048 9.10828 0.117248 0.0768163 -0.389427 -0.445932
1326.88 -0.804398 9.30804 0.0383047 1.34596 9.27099 0.0586241 0.0890336 -0.391106 -0.332311
1326.9 -0.727789 9.42295 0.0 1.1988 9.42772 0.0526421 0.105985 -0.383929 -0.105527
1326.91 -0.65118 9.42295 0.383047 1.15095 9.4337 -0.0227318 0.124769 -0.384998 0.099571
1326.93 -0.766094 9.76769 0.114914 1.2993 9.62034 -0.0622134 0.136528 -0.390037 0.192423
1326.95 -1.45558 11.185 0.191523 1.81256 10.6947 -0.299103 0.149967 -0.392939 0.355523
1326.96 -2.14506 13.1002 0.383047 2.8343 13.2766 -0.515653 0.144317 -0.389579 0.450666
1326.98 -2.60472 13.4833 0.344742 3.22552 13.7874 -0.454636 0.131183 -0.387594 0.455858
1327.0 -2.75794 12.5639 0.114914 3.55693 12.8172 -0.253639 0.0926988 -0.377209 0.373086
1327.01 -2.94946 12.1809 0.0766094 4.00798 12.183 -0.210568 0.0687223 -0.361327 0.213803
1327.03 -3.56234 11.6829 0.421352 4.17188 11.9174 -0.234497 0.0616974 -0.353844 0.129198
1327.05 -3.37081 10.7636 0.229828 4.17308 11.1278 -0.215354 0.0458149 -0.331089 0.00381791
1327.06 -3.37081 10.1507 0.459656 3.98644 10.2796 -0.293121 0.0445931 -0.316581 -0.0172569
1327.08 -2.83455 9.57617 0.536266 3.79741 9.9314 -0.336191 0.0409279 -0.304516 0.0445931
1327.1 -2.87285 9.19312 0.383047 3.10588 9.1358 -0.372084 0.0368046 -0.288939 0.0823141
1327.11 -1.95354 9.07821 0.268133 2.59023 9.04367 -0.403191 0.0378736 -0.274278 0.133321
1327.13 -1.68541 9.26973 0.421352 2.44666 9.20279 -0.415155 0.0313068 -0.269392 0.115759
1327.15 -1.80032 9.19312 0.344742 2.21695 9.14896 -0.342173 0.0195477 -0.264046 0.0786489
1327.16 -1.26405 8.42703 0.306437 2.03151 8.60459 -0.178265 0.00458149 -0.266795 -0.0389426
1327.18 -1.41727 8.61855 -0.0383047 2.03629 8.49093 -0.0897308 -0.0103847 -0.266184 -0.154396
1327.2 -1.41727 8.61855 -0.114914 2.09611 8.55912 0.157926 -0.0164934 -0.268322 -0.198837
1327.21 -1.53219 8.31211 -0.536266 2.21456 8.35334 0.379262 -0.0348193 -0.262825 -0.247248
1327.23 -1.6088 8.08229 -0.344742 2.25165 8.21455 0.509671 -0.0427606 -0.262977 -0.223118
1327.25 -1.57049 7.81416 -0.57457 2.25404 7.94297 0.673579 -0.0487165 -0.25809 -0.187994
1327.26 -1.6471 7.77585 -0.881008 2.27557 7.85803 0.807577 -0.0510072 -0.256716 -0.115454
1327.28 -1.72371 7.77585 -0.727789 2.27198 7.84965 0.847059 -0.0499382 -0.251676 -0.0728457
1327.29 -1.95354 8.00568 -0.842703 2.41196 7.90349 0.930808 -0.0485638 -0.246026 -0.0613919
1327.31 -1.76202 7.81416 -0.727789 2.48255 7.90828 0.985843 -0.045204 -0.238848 -0.0623082
1327.33 -1.99184 7.81416 -0.804398 2.50289 7.84008 1.04207 -0.0403171 -0.231976 -0.0942259
1327.34 -1.83862 8.1972 -0.766094 2.58066 7.95613 1.05763 -0.0384845 -0.228005 -0.115301
1327.36 -2.14506 8.38873 -0.919312 2.8008 8.38923 1.0325 -0.0329867 -0.216857 -0.147677
1327.38 -2.18337 8.61855 -0.766094 2.93599 8.61774 0.954736 -0.0270308 -0.205403 -0.15516
1327.39 -2.52811 8.81008 -0.727789 3.00179 8.6991 0.918843 -0.0187841 -0.201585 -0.150425
1327.41 -2.4515 8.81008 -0.65118 3.18006 8.77926 0.838684 -0.00641408 -0.18555 -0.136376
1327.43 -2.64302 9.23143 -0.766094 3.26859 8.96231 0.841077 0.0166461 -0.168599 -0.142179
1327.44 -2.71963 9.15482 -0.612875 3.43131 9.00419 0.862612 0.0277944 -0.157145 -0.152869
1327.46 -3.02607 9.76769 -0.612875 3.65145 9.66939 0.80997 0.0682642 -0.145997 -0.187994
1327.48 -3.06437 9.99752 -0.881008 3.81894 10.185 0.801595 0.103236 -0.127518 -0.167682
1327.49 -3.52403 11.1467 -0.689484 4.05344 10.8132 0.790828 0.123089 -0.118202 -0.12202
1327.51 -3.40912 12.0277 -0.57457 4.17188 12.1926 0.617348 0.137597 -0.0926988 -0.0109956
1327.53 -2.87285 11.9128 -0.153219 3.62154 11.9737 0.333799 0.13042 -0.0713185 0.00809396
1327.54 -2.79624 12.0277 -0.153219 3.2985 12.1364 0.148355 0.13042 -0.0668897 -0.0259618
1327.56 -1.80032 11.3382 0.0 2.62851 11.7368 -0.111266 0.114079 -0.0594066 -0.105069
1327.58 -1.14914 10.7253 0.191523 1.75633 10.9759 -0.264407 0.0971275 -0.0609338 -0.110414
1327.59 -0.957617 10.5338 0.306437 1.51346 10.7581 -0.34337 0.0885754 -0.0642935 -0.0783434
1327.61 -0.65118 11.0318 0.383047 1.33759 11.1051 -0.428315 0.0772744 -0.0794125 0.0256563
1327.63 -0.804398 11.4148 0.344742 1.50748 11.4509 -0.524028 0.0584903 -0.0930042 0.0736092
1327.64 -0.881008 10.9934 0.536266 1.61396 11.2977 -0.563509 0.0447459 -0.0951423 0.0597121
1327.66 -1.18745 10.5721 0.497961 1.7324 10.7713 -0.614955 0.0342084 -0.111941 -0.00855211
1327.68 -1.07253 10.189 0.536266 1.72283 10.3466 -0.582652 0.0151189 -0.114995 -0.0526871
1327.69 -1.22575 10.189 0.344742 1.77547 10.3298 -0.579063 0.00824668 -0.117744 -0.0548251
1327.71 -1.34066 9.92091 0.344742 1.90349 9.95773 -0.504885 -0.00839939 -0.121409 -0.0468839
1327.73 -1.30236 9.26973 0.383047 1.88315 9.4002 -0.409173 -0.0242819 -0.120799 -0.00992656
1327.74 -1.22575 8.73347 0.383047 1.77547 9.04367 -0.345763 -0.0316123 -0.122173 0.0699441
1327.76 -1.11084 8.1972 0.459656 1.55414 8.35334 -0.303888 -0.044135 -0.122784 0.117133
1327.78 -0.881008 7.69924 0.57457 1.42014 7.78265 -0.270389 -0.0507018 -0.124922 0.19395
1327.79 -0.804398 7.62263 0.306437 1.40818 7.63549 -0.215354 -0.0531453 -0.12874 0.230143
1327.81 -0.995922 7.3545 0.0383047 1.48953 7.35793 -0.0143569 -0.0471893 -0.13775 0.219301
1327.83 -1.07253 7.12467 -0.153219 1.68215 7.04327 0.120837 -0.0464257 -0.140194 0.200517
1327.84 -1.26405 7.04806 -0.153219 1.72762 6.99063 0.119641 -0.0439823 -0.141568 0.207694
1327.86 -1.41727 6.93315 0.153219 1.91306 6.92004 0.130409 -0.0415388 -0.144928 0.219453
1327.88 -1.45558 7.00976 0.191523 1.97288 6.98465 0.114855 -0.0300851 -0.145997 0.250913
1327.89 -1.6471 7.20128 -0.114914 2.04706 7.05882 0.125623 -0.0183259 -0.149204 0.28955
1327.91 -1.6088 7.62263 -0.306437 2.17149 7.31605 0.230907 -0.0117592 -0.149815 0.308029
1327.93 -1.53219 7.89076 -0.344742 2.28275 7.78864 0.518046 0.00274889 -0.149356 0.287412
1327.94 -1.76202 8.12059 -0.459656 2.39641 8.00638 0.619741 0.0210748 -0.157298 0.170584
1327.96 -1.87693 8.42703 -0.421352 2.55912 8.35095 0.736989 0.0299324 -0.159894 0.108276
1327.98 -1.91523 8.65686 -0.497961 2.65244 8.57827 0.739382 0.0510072 -0.16417 0.0117592
1327.99 -1.68541 8.77177 -0.612875 2.62851 8.62014 0.758524 0.079107 -0.172111 -0.0507018
1328.01 -1.91523 9.07821 -0.689484 2.53639 8.95394 0.812363 0.0891863 -0.175471 -0.0864374
1328.03 -1.80032 9.42295 -0.383047 2.45743 9.29132 0.684347 0.112094 -0.192575 -0.1996
1328.04 -1.76202 9.53786 -0.229828 2.44666 9.44806 0.600598 0.12706 -0.207694 -0.344986
1328.06 -1.91523 9.806 -0.421352 2.467 9.70887 0.429512 0.138514 -0.218537 -0.42165
1328.08 -1.83862 9.92091 -0.191523 2.44427 9.83928 0.431904 0.157603 -0.236252 -0.5594
1328.09 -1.91523 10.6487 -0.306437 2.48375 11.0046 0.299103 0.179594 -0.246026 -0.623235
1328.11 -2.10676 11.6829 -0.153219 2.70867 11.7583 0.204586 0.186772 -0.250302 -0.638965
1328.13 -1.95354 10.6104 0.0383047 2.55673 10.9041 0.0969093 0.184481 -0.254273 -0.639881
1328.14 -2.03015 10.9168 0.0766094 2.50289 11.2056 -0.177069 0.193339 -0.257938 -0.634994
1328.16 -2.4515 12.5639 0.0383047 2.90728 12.1854 -0.248853 0.193339 -0.2558 -0.650113
1328.17 -2.41319 12.6405 0.0383047 3.15135 12.8399 -0.232104 0.170431 -0.244193 -0.719599
1328.19 -2.33659 11.9511 0.0766094 2.98624 12.0586 -0.0849452 0.14279 -0.228616 -0.765414
1328.21 -2.18337 11.1084 0.153219 2.84387 11.6758 -0.061017 0.128282 -0.215177 -0.761138
1328.22 -2.14506 10.8402 0.0766094 2.6668 11.1637 -0.12323 0.10736 -0.197768 -0.712727
1328.24 -2.03015 10.5338 0.306437 2.61535 10.8 -0.205783 0.0868956 -0.175929 -0.571464
1328.26 -2.06845 10.4955 0.191523 2.64766 10.7785 -0.256032 0.079107 -0.165392 -0.472046
1328.27 -2.06845 9.88261 0.268133 2.48973 10.1719 -0.363709 0.0490219 -0.138361 -0.247706
1328.29 -1.49388 8.65686 0.306437 2.01834 8.79123 -0.331406 0.0305433 -0.119577 -0.0520762
1328.31 -1.11084 7.85246 0.191523 1.77787 8.17268 -0.293121 0.0241292 -0.109803 0.0261145
1328.32 -0.881008 7.66094 0.344742 1.4991 7.62951 -0.153141 0.0160352 -0.0890336 0.142637
1328.34 -0.995922 7.62263 0.229828 1.51944 7.62233 0.0478564 0.0161879 -0.0809396 0.179136
1328.36 -0.804398 7.69924 -0.191523 1.57448 7.67258 0.200997 0.0187841 -0.0774271 0.180205
1328.37 -0.957617 7.54602 -0.114914 1.66899 7.64148 0.465404 0.0174097 -0.0650571 0.170126
1328.39 -1.18745 7.66094 -0.459656 1.82692 7.70249 0.661615 0.0218384 -0.0536034 0.161726
1328.41 -1.34066 7.85246 -0.612875 1.87717 7.78864 0.751346 0.022602 -0.047342 0.156229
1328.42 -1.45558 8.00568 -0.65118 2.0016 7.95494 0.87338 0.029627 -0.0351248 0.130267
1328.44 -1.41727 8.08229 -0.766094 2.08774 8.15713 0.922433 0.0383318 -0.025809 0.0768163
1328.46 -1.45558 8.38873 -0.766094 2.12363 8.29232 0.924826 0.0377209 -0.0128282 0.0536034
1328.47 -1.57049 8.46534 -0.497961 2.20857 8.41675 0.832702 0.0468839 -0.00549779 0.019395
1328.49 -1.45558 8.61855 -0.421352 2.28395 8.59502 0.650847 0.0502437 0.00763582 0.011301
1328.51 -1.6088 8.73347 -0.114914 2.31625 8.6656 0.545563 0.0525344 0.0122173 0.00992656
1328.52 -1.68541 8.69516 -0.114914 2.34257 8.7673 0.339781 0.057574 0.0187841 0.011301
1328.54 -1.83862 9.23143 -0.153219 2.45623 9.1358 0.154337 0.0528398 0.0340557 -0.00595593
1328.56 -2.10676 9.61448 -0.0383047 2.61535 9.48515 0.0753739 0.0507018 0.0421497 -0.0259618
1328.57 -2.14506 10.0741 0.0383047 2.88455 9.93859 0.0598205 0.0447459 0.0555887 -0.0699441
1328.59 -2.29828 10.1124 -0.0766094 2.96471 10.1372 0.157926 0.0378736 0.071624 -0.116981
1328.61 -2.25998 10.5721 -0.383047 2.97069 10.4483 0.215354 0.0375682 0.0827722 -0.128587
1328.62 -2.37489 11.0701 -0.0766094 3.02333 11.0931 0.357727 0.0374155 0.100029 -0.145997
1328.64 -2.4515 12.1043 -0.383047 3.22552 12.2357 0.407976 0.0387899 0.119424 -0.165697
1328.65 -2.75794 12.5256 -0.536266 3.332 12.7131 0.447458 0.0337503 0.132558 -0.179289
1328.67 -2.22167 12.1426 -0.459656 2.92163 12.262 0.54676 0.0256563 0.155465 -0.218232
1328.69 -2.22167 12.066 -0.497961 2.49811 12.122 0.441475 0.0334449 0.17318 -0.237016
1328.7 -0.995922 11.7978 -0.383047 1.84845 12.1878 0.35653 0.0415388 0.176082 -0.23274
1328.72 -0.306437 10.7253 -0.114914 0.988235 11.0441 0.151944 0.047342 0.184939 -0.18387
1328.73 -0.0383047 9.99752 0.0383047 0.677169 10.4136 0.0430708 0.0552833 0.182954 -0.144928
1328.75 0.0766094 9.8443 0.268133 0.355334 10.0247 -0.257228 0.0726929 0.171959 -0.0623082
1328.76 -0.0766094 10.1507 0.536266 0.41994 10.2102 -0.382851 0.0766636 0.16753 -0.0190895
1328.78 -0.191523 10.1124 0.65118 0.678365 10.3789 -0.574277 0.0801761 0.14447 0.0661261
1328.79 -0.459656 10.1507 0.421352 0.800399 10.2999 -0.628116 0.0679587 0.133932 0.142942
1328.81 -0.65118 10.0358 0.57457 1.06122 10.2461 -0.647258 0.0620028 0.127976 0.168141
1328.83 -0.536266 9.95922 0.421352 1.1318 9.99841 -0.512064 0.0516181 0.11133 0.171195
1328.84 -0.57457 9.8443 0.57457 1.18684 9.84167 -0.468993 0.0476475 0.104763 0.155465
1329.45 -0.536266 7.69924 0.153219 1.26221 7.82931 -0.0538385 0.112857 -0.0691805 -0.0129809
1329.47 -0.536266 7.20128 0.191523 1.22034 7.38903 -0.0334995 0.135459 -0.0668897 0.131183
1329.49 -0.612875 7.04806 0.0766094 1.21077 7.01575 0.0358923 0.147524 -0.0673479 0.166308
1329.5 -0.727789 7.31619 -0.0766094 1.24427 7.23709 0.187837 0.166003 -0.0647517 0.179289
1329.52 -0.727789 7.62263 -0.114914 1.30887 7.44885 0.223729 0.177914 -0.0699441 0.145539
1329.54 -0.65118 7.77585 -0.229828 1.48235 7.79581 0.346959 0.177304 -0.0671951 0.129656
1329.55 -0.995922 8.04398 -0.612875 1.63908 8.02433 0.503689 0.176235 -0.071013 0.104611
1329.57 -1.22575 8.27381 -0.459656 1.71446 8.16431 0.674776 0.167224 -0.0711658 0.071013
1329.59 -1.14914 8.61855 -0.727789 1.87597 8.53998 0.742971 0.159741 -0.0685696 0.0445931
1329.6 -1.26405 8.84838 -0.727789 1.97168 8.77806 0.786042 0.144775 -0.0690278 -0.0126754
1329.62 -1.34066 9.0016 -0.57457 2.00279 8.95155 0.739382 0.126755 -0.0653626 -0.0355829
1329.63 -1.34066 8.92499 -0.612875 1.95254 8.96112 0.701097 0.121715 -0.0705549 -0.0352775
1329.65 -1.22575 8.92499 -0.459656 1.83888 8.96112 0.58983 0.102931 -0.0658207 -0.0250455
1329.67 -1.18745 9.34634 -0.421352 1.78983 9.14536 0.439083 0.0897971 -0.066737 -0.03711
1329.69 -1.18745 9.30804 -0.344742 1.81735 9.28056 0.407976 0.0868956 -0.0729984 -0.0445931
1329.7 -1.18745 9.49956 -0.383047 1.79103 9.48515 0.407976 0.0734565 -0.0743728 -0.0601702
1329.72 -1.18745 9.88261 -0.344742 1.87238 9.89193 0.387637 0.0609338 -0.0797179 -0.109039
1329.74 -1.18745 9.8443 -0.536266 1.89751 9.87637 0.346959 0.0540616 -0.0813978 -0.152411
1329.75 -1.37897 10.2273 -0.306437 2.01715 10.2389 0.272782 0.044135 -0.0841467 -0.249538
1329.77 -1.41727 10.6104 -0.268133 2.15952 10.7486 0.265603 0.0274889 -0.0855211 -0.353385
1329.79 -1.6088 11.3382 -0.0383047 2.20857 11.0895 0.224925 0.0216857 -0.0896445 -0.415083
1329.8 -1.6471 12.1043 -0.229828 2.36052 12.006 0.0897308 -0.00519235 -0.0817032 -0.528246
1329.82 -1.76202 12.7555 0.153219 2.43828 12.8327 -0.0191426 -0.0267254 -0.0763581 -0.638049
1329.84 -1.53219 12.8704 0.191523 2.34257 12.9033 -0.102891 -0.0453567 -0.0665843 -0.708603
1329.85 -1.49388 12.6788 0.229828 1.72762 12.8375 -0.246461 -0.0664316 -0.0476475 -0.729373
1329.87 -0.153219 12.0277 0.57457 0.887737 12.0742 -0.428315 -0.0763581 -0.0424551 -0.783893
1329.88 0.268133 10.9934 0.536266 0.434297 11.5825 -0.503689 -0.0743728 -0.0340557 -0.813214
1329.9 0.268133 10.0741 0.421352 -0.379262 10.3585 -0.579063 -0.0685696 -0.0325286 -0.783129
1329.92 1.14914 9.806 0.727789 -0.831506 9.97926 -0.635294 -0.0479529 -0.033903 -0.592997
1329.93 0.919312 9.72939 0.766094 -0.886541 9.89791 -0.691525 -0.0253509 -0.0426078 -0.302225
1329.95 0.995922 9.61448 0.804398 -0.820738 9.78664 -0.741775 -0.0175624 -0.0461203 -0.140652
1329.97 0.995922 9.34634 0.689484 -0.820738 9.4014 -0.765703 0.00702495 -0.0652099 0.154091
1329.98 1.03423 9.15482 0.57457 -0.819541 9.27099 -0.741775 0.0268781 -0.0810924 0.384387
1330.0 1.03423 9.34634 0.421352 -0.789631 9.1992 -0.626919 0.0378736 -0.0896445 0.468228
1330.02 0.804398 9.49956 0.344742 -0.574277 9.54855 -0.446261 0.0592539 -0.109192 0.583834
1330.03 0.766094 9.46126 0.229828 -0.465404 9.48754 -0.18664 0.074831 -0.132863 0.602313
1330.05 0.459656 8.92499 -0.0383047 -0.230907 9.05085 -0.0490528 0.0800233 -0.146302 0.582307
1330.08 0.344742 8.31211 -0.229828 0.111266 8.27318 0.331406 0.0798706 -0.167072 0.459218
1330.09 0.114914 8.04398 -0.344742 0.236889 8.08535 0.429512 0.0781907 -0.175776 0.408516
1330.11 -0.114914 7.54602 -0.383047 0.461814 7.70848 0.599402 0.079107 -0.190284 0.312916
1330.13 -0.0383047 7.46941 -0.612875 0.710668 7.35673 0.770489 0.0749837 -0.197309 0.232892
1330.14 -0.229828 7.20128 -0.689484 0.813559 7.21316 0.819541 0.0766636 -0.201891 0.200669
1330.16 -0.383047 7.08637 -0.65118 0.954736 7.15454 0.872184 0.0768163 -0.20464 0.152258
1330.17 -0.497961 7.31619 -0.65118 1.04686 7.20957 0.849452 0.0809396 -0.210901 0.13439
1330.19 -0.57457 7.3928 -0.459656 1.06361 7.30528 0.811167 0.0832304 -0.209985 0.140041
1330.21 -0.497961 7.50772 -0.612875 1.14616 7.4991 0.735793 0.0868956 -0.20861 0.147829
1330.22 -0.536266 7.73755 -0.306437 1.23829 7.78505 0.731007 0.0948368 -0.210901 0.149967
1330.24 -0.689484 8.1589 -0.689484 1.21196 7.98245 0.731007 0.0992656 -0.213803 0.148288
1330.26 -0.459656 8.35042 -0.536266 1.15693 8.31027 0.759721 0.101098 -0.211512 0.151647
1330.27 -0.383047 8.58025 -0.306437 0.908076 8.46102 0.732203 0.10965 -0.21869 0.158061
1330.29 -0.229828 8.81008 -0.612875 0.80997 8.61416 0.667597 0.115606 -0.223271 0.152716
1330.31 -0.114914 9.49956 -0.383047 0.705882 9.2662 0.520439 0.118355 -0.230449 0.118508
1330.32 -0.306437 10.6487 -0.268133 0.878166 10.7174 0.31346 0.119424 -0.250302 0.00580322
1330.34 -0.229828 11.0701 -0.229828 0.922433 11.0106 0.257228 0.111636 -0.256563 -0.0836885
1330.36 -0.383047 11.6063 -0.383047 0.95354 11.397 0.167498 0.0971275 -0.271682 -0.30696
1330.37 -0.536266 13.1385 -0.229828 1.25743 13.0313 0.174676 0.0896445 -0.290772 -0.528857
1330.39 -1.03423 15.0154 -0.459656 1.55055 14.351 0.210568 0.0820086 -0.301157 -0.684627
1330.41 -1.30236 14.9771 -0.344742 1.88195 15.2614 0.355334 0.0455095 -0.30925 -0.739605
1330.42 -1.22575 12.7938 -0.421352 1.39621 13.084 0.254835 -0.00305432 -0.314901 -0.774882
1330.44 -0.459656 10.6104 0.0766094 1.02413 11.7452 0.15673 -0.0132863 -0.317497 -0.721279
1330.46 -0.114914 9.806 0.268133 0.534796 9.92782 -0.157926 -0.0166461 -0.322537 -0.48014
1330.47 -0.191523 9.57617 0.421352 0.551545 9.67418 -0.477368 0.000916298 -0.33002 -0.255342
1330.49 -0.344742 9.99752 0.689484 0.778863 9.87877 -0.614955 0.0100793 -0.332922 -0.153633
1330.51 -0.919312 10.4572 0.689484 1.4656 10.4602 -0.874577 0.0172569 -0.325897 -0.154854
1330.52 -1.37897 10.5338 0.612875 2.05543 10.6504 -0.906879 0.0235183 -0.318108 -0.274737
1330.54 -1.30236 9.95922 0.804398 2.11525 10.2724 -0.84347 0.0268781 -0.298408 -0.461661
1330.56 -1.11084 9.38465 0.536266 1.89033 9.44925 -0.679561 0.0343612 -0.290314 -0.545961
1330.57 -0.957617 9.23143 0.459656 1.57448 9.18126 -0.480957 0.0531453 -0.267864 -0.637285
1330.59 -0.881008 8.81008 0.383047 1.401 8.99821 -0.386441 0.0746782 -0.242055 -0.591012
1330.61 -0.459656 8.08229 0.0 1.09831 8.29113 -0.160319 0.0867428 -0.225562 -0.526108
1330.62 -0.344742 7.62263 0.0383047 0.881755 7.71685 0.020339 0.115912 -0.203876 -0.36713
1330.64 -0.229828 7.66094 -0.0383047 0.772881 7.61635 0.0586241 0.140804 -0.175624 -0.191964
1330.66 -0.114914 7.58433 0.0383047 0.637687 7.60798 0.163908 0.150425 -0.164017 -0.102014
1330.67 -0.191523 7.66094 -0.306437 0.540778 7.78744 0.259621 0.168293 -0.149204 0.0722348
1330.69 0.0 8.12059 -0.344742 0.549153 7.90349 0.308674 0.175318 -0.133169 0.209679
1330.71 -0.0383047 8.23551 -0.306437 0.604187 8.22174 0.433101 0.177762 -0.130878 0.25412
1330.72 -0.191523 8.58025 -0.306437 0.691525 8.50169 0.53001 0.167988 -0.122784 0.294284
1330.74 -0.114914 8.73347 -0.497961 0.768096 8.64646 0.557528 0.154396 -0.118966 0.278402
1330.75 -0.153219 8.92499 -0.57457 0.860219 8.89771 0.575474 0.138972 -0.109039 0.263283
1330.77 -0.421352 9.11651 -0.306437 0.926022 9.11665 0.602991 0.122937 -0.112399 0.225104
1330.79 -0.497961 9.11651 -0.459656 0.948754 9.15613 0.58983 0.098502 -0.105374 0.212886
1330.8 -0.306437 9.15482 -0.344742 0.933201 9.11186 0.528814 0.0885754 -0.104458 0.219301
1330.82 -0.383047 9.26973 -0.383047 0.981057 9.15374 0.434297 0.0670424 -0.101098 0.240834
1330.84 -0.497961 9.15482 -0.306437 1.02413 9.14776 0.394816 0.0456622 -0.0959058 0.262061
1330.85 -0.766094 9.49956 0.0383047 1.20957 9.33799 0.301496 0.0390954 -0.0937678 0.271988
1330.87 -0.804398 9.8443 -0.191523 1.48355 9.89193 0.192622 0.0210748 -0.08827 0.286343
1330.89 -1.03423 9.99752 -0.153219 1.61157 10.0953 0.141176 0.0018326 -0.0810924 0.263894
1330.9 -1.22575 10.1507 -0.114914 1.77308 10.1779 0.101695 -0.00534507 -0.0775799 0.234878
1330.92 -1.22575 10.687 0.0383047 1.88076 10.7031 0.0454636 -0.0200058 -0.0668897 0.15012
1330.94 -1.26405 11.8745 0.0383047 1.94776 11.9545 -0.0370887 -0.0331394 -0.0604756 0.0536034
1330.95 -1.57049 13.4066 -0.114914 2.18584 13.0373 -0.0837488 -0.0390954 -0.0569632 0.0117592
1330.97 -1.45558 14.2493 -0.191523 2.37368 14.3151 -0.0167498 -0.0676533 -0.0372628 -0.0684169
1330.99 -0.689484 12.7938 -0.459656 1.51226 12.9212 0.138784 -0.0934624 -0.0238237 -0.16417
1331.0 -0.229828 11.9894 -0.191523 1.02054 12.2931 0.192622 -0.0965167 -0.0177151 -0.213039
1331.02 0.344742 10.9934 -0.229828 0.119641 11.3396 0.0921237 -0.0881173 -0.0172569 -0.288481
1331.04 0.727789 10.7636 -0.153219 -0.476171 10.8993 -0.0454636 -0.0700968 -0.023671 -0.281609
1331.05 0.804398 10.6487 0.114914 -0.551545 10.8024 -0.13998 -0.0618501 -0.0285579 -0.257327
1331.07 0.957617 10.4189 0.153219 -0.551545 10.6421 -0.344566 -0.0450513 -0.0444404 -0.180663
1331.09 0.727789 10.1507 0.306437 -0.422333 10.4076 -0.519242 -0.0303905 -0.0571159 -0.0891863
1331.1 0.689484 9.8443 0.497961 -0.384048 10.1444 -0.563509 -0.0265726 -0.0627664 -0.0476475
1331.12 0.689484 9.806 0.57457 -0.327816 9.84167 -0.598205 -0.0149662 -0.0820086 0.0248928
1331.13 0.689484 9.65278 0.268133 -0.299103 9.7352 -0.510867 -0.00626137 -0.100793 0.102167
1331.15 0.766094 9.72939 0.114914 -0.227318 9.76271 -0.260818 -0.00610865 -0.105832 0.138666
1331.17 0.459656 9.26973 0.306437 -0.11007 9.41216 -0.0227318 0.00274889 -0.126449 0.204029
1331.18 0.497961 8.77177 0.0 -0.119641 8.9994 0.0837488 0.00458149 -0.139277 0.285579
1331.2 0.268133 7.92907 -0.191523 -0.0861416 8.17149 0.235693 0.0135917 -0.153174 0.321315
1331.22 0.229828 7.50772 -0.268133 0.020339 7.55773 0.368495 0.0251982 -0.164017 0.364228
1331.23 0.229828 7.04806 -0.268133 0.132802 7.32203 0.448654 0.043066 -0.176235 0.351095
1331.25 -0.0766094 6.97145 -0.344742 0.405583 6.99422 0.533599 0.0539089 -0.182954 0.337656
1331.27 -0.153219 6.81823 -0.383047 0.681954 6.77527 0.54676 0.0697913 -0.189521 0.322842
1331.28 -0.344742 6.66501 -0.268133 0.792024 6.69751 0.570688 0.0813978 -0.195324 0.312152
1331.3 -0.421352 6.66501 -0.268133 1.00259 6.66042 0.61017 0.100182 -0.204182 0.29459
1331.31 -0.459656 6.77993 -0.459656 1.1007 6.86859 0.60658 0.118813 -0.206625 0.281609
1331.33 -0.459656 7.12467 -0.383047 1.17248 7.06839 0.601795 0.124158 -0.208152 0.277791
1331.35 -0.65118 7.69924 -0.306437 1.28614 7.56371 0.642473 0.133932 -0.209832 0.269392
1331.36 -0.689484 8.12059 -0.497961 1.35912 8.09013 0.659222 0.138666 -0.21533 0.235336
1331.38 -0.842703 8.38873 -0.689484 1.37228 8.31984 0.658026 0.141263 -0.220217 0.207083
1331.4 -0.727789 8.88668 -0.612875 1.36391 8.77567 0.692722 0.136681 -0.222966 0.146913
1331.41 -0.727789 9.03991 -0.421352 1.32921 9.13938 0.689133 0.1321 -0.231671 0.0957531
1331.43 -0.727789 9.30804 -0.306437 1.30648 9.24826 0.664008 0.130878 -0.236252 0.073762
1331.45 -0.536266 9.57617 -0.421352 1.20479 9.466 0.538385 0.116523 -0.241903 0.0410807
1331.46 -0.497961 10.0741 -0.383047 1.19641 10.0499 0.376869 0.107818 -0.256411 0.0216857
1331.48 -0.57457 9.99752 -0.268133 1.19641 10.191 0.305085 0.0859793 -0.266643 -0.00962113
1331.5 -0.536266 10.1124 -0.229828 1.15932 10.1791 0.114855 0.074831 -0.270766 -0.0407752
1331.51 -0.383047 9.92091 -0.0766094 1.07198 9.94576 -0.0179462 0.0558941 -0.283136 -0.13042
1331.53 -0.306437 9.61448 0.0383047 0.990628 9.66102 -0.0729811 0.0503964 -0.292604 -0.180816
1331.55 -0.191523 9.61448 0.268133 0.837488 9.30807 -0.204586 0.0436769 -0.299477 -0.257327
1331.56 -0.153219 11.5297 0.268133 1.08156 11.8528 -0.380459 0.0589485 -0.318871 -0.337808
1331.58 -0.804398 15.0154 0.229828 1.24068 13.8365 -0.480957 0.0591012 -0.322079 -0.397368
1331.6 -1.45558 16.7008 0.268133 2.03988 16.6457 -0.374477 0.0380264 -0.3317 -0.488692
1331.61 -1.76202 15.0154 -0.153219 2.41196 15.0951 0.0442672 -0.00412334 -0.330325 -0.525802
1331.63 -1.49388 12.4107 -0.344742 2.26361 13.2802 0.17348 -0.0161879 -0.325286 -0.533591
1331.64 -1.53219 11.185 -0.114914 2.0327 11.3719 0.0897308 -0.00595593 -0.318871 -0.49984
1331.66 -1.37897 10.9934 0.268133 1.98604 11.2068 -0.278764 0.0125227 -0.310625 -0.403629
1331.68 -1.34066 10.189 0.65118 1.8329 10.7474 -0.412762 0.0140499 -0.300393 -0.330325
1331.69 -1.03423 9.8443 0.57457 1.6343 9.92901 -0.547956 0.0198531 -0.282678 -0.166919
1331.71 -0.842703 9.26973 0.497961 1.47278 9.63589 -0.514457 0.0310014 -0.270155 -0.0192422
1331.73 -0.497961 8.08229 0.497961 1.10548 8.45743 -0.459422 0.0331394 -0.262825 0.0366519
1331.74 -0.268133 7.16298 0.344742 0.825523 7.30648 -0.350548 0.0549779 -0.248622 0.101098
1331.76 -0.153219 6.97145 0.57457 0.794417 6.97986 -0.295514 0.0879646 -0.237932 0.0942259
1331.78 -0.306437 7.08637 0.421352 0.847059 7.00977 -0.258425 0.10568 -0.232129 0.0762054
1331.79 -0.383047 7.27789 0.191523 0.991825 7.31486 -0.247657 0.139277 -0.221744 0.0481056
1331.81 -0.497961 7.46941 0.459656 1.12343 7.40578 -0.240479 0.158978 -0.209832 0.0485638
1331.82 -0.689484 7.50772 0.191523 1.30768 7.54098 -0.226122 0.168141 -0.205862 0.0558941
1331.84 -0.727789 7.66094 0.344742 1.44766 7.66062 -0.133998 0.178067 -0.195935 0.0742201
1331.86 -0.804398 8.08229 0.114914 1.46919 7.82213 -0.0837488 0.175776 -0.186008 0.0881173
1331.87 -0.919312 8.1972 0.153219 1.48355 8.15952 -0.0107677 0.175776 -0.181427 0.115454
1331.89 -0.919312 8.54194 0.0766094 1.47757 8.45623 0.0789631 0.16417 -0.166919 0.153633
1331.91 -0.804398 8.54194 -0.0766094 1.49551 8.57827 0.117248 0.158978 -0.164934 0.167682
1331.92 -0.804398 8.92499 -0.153219 1.55294 8.88933 0.178265 0.141721 -0.15348 0.181121
1331.94 -1.14914 9.19312 -0.0766094 1.63789 9.07478 0.208175 0.125075 -0.144928 0.191354
1331.96 -0.995922 9.07821 -0.114914 1.67617 9.08913 0.193819 0.116675 -0.142026 0.195782
1331.97 -1.18745 9.26973 0.0 1.73958 9.15374 0.117248 0.0998765 -0.133321 0.190132
1331.99 -1.34066 9.65278 0.0 1.9011 9.62393 0.0454636 0.083994 -0.124311 0.156534
1332.01 -1.22575 9.8443 0.0766094 1.9992 9.8333 0.00837488 0.0723875 -0.118202 0.136681
1332.02 -1.37897 9.95922 0.0766094 2.12004 10.0415 -0.0849452 0.0531453 -0.113926 0.105069
1332.04 -1.45558 10.2657 0.0 2.10209 10.4901 -0.0454636 0.0308487 -0.100793 0.0659734
1332.06 -1.41727 11.0318 -0.114914 2.17268 10.8347 0.0215354 0.0161879 -0.0957531 -0.0213803
1332.07 -1.76202 12.7172 -0.268133 2.38684 12.2931 0.0478564 -0.0105374 -0.0876591 -0.0797179
1332.09 -1.83862 13.4833 -0.191523 2.74337 13.5326 0.0107677 -0.0513127 -0.083994 -0.184787
1332.11 -1.6471 12.3341 -0.0383047 2.6321 13.127 -0.0155533 -0.079107 -0.0685696 -0.277638
1332.12 -1.07253 11.7595 0.153219 1.8987 11.9354 -0.13998 -0.118355 -0.0641408 -0.32162
1332.14 -0.727789 11.9128 0.306437 1.32682 12.0191 -0.368495 -0.136681 -0.0641408 -0.384234
1332.16 -0.229828 11.4914 0.306437 1.03848 11.8528 -0.476171 -0.157909 -0.0595593 -0.378278
1332.17 -0.114914 11.3382 0.344742 0.634098 11.4652 -0.562313 -0.155312 -0.0623082 -0.354149
