2325.97 0.65118 -0.0383047 -9.34634 -0.331406 0.120837 10.0128 0.0566577 -0.110261 -0.0351248
2325.99 0.497961 -0.114914 -9.26973 -0.323031 0.116052 10.0271 0.0555887 -0.109192 -0.0351248
2326.01 0.65118 -0.114914 -9.30804 -0.317049 0.119641 10.0307 0.0549779 -0.109956 -0.0352775
2326.02 0.612875 -0.0766094 -9.30804 -0.323031 0.138784 10.0283 0.0589485 -0.112857 -0.03711
2326.04 0.536266 -0.0766094 -9.38465 -0.307478 0.135194 10.0247 0.0594066 -0.113926 -0.0377209
2326.06 0.421352 -0.0383047 -9.34634 -0.299103 0.141176 10.0319 0.0539089 -0.110567 -0.0355829
2326.07 0.57457 -0.153219 -9.19312 -0.287139 0.155533 10.0259 0.0555887 -0.110567 -0.0352775
2326.09 0.459656 -0.0766094 -9.49956 -0.288335 0.150748 10.0211 0.0569632 -0.113315 -0.036041
2326.11 0.612875 -0.114914 -9.38465 -0.284746 0.166301 10.0187 0.0569632 -0.113621 -0.0369573
2326.12 0.459656 -0.0766094 -9.49956 -0.256032 0.165105 10.0379 0.0574213 -0.113163 -0.0352775
2326.14 0.459656 -0.153219 -9.46126 -0.259621 0.17348 10.0307 0.0540616 -0.109498 -0.0345139
2326.16 0.459656 -0.0383047 -9.34634 -0.264407 0.178265 10.0152 0.0552833 -0.111483 -0.0368046
2326.17 0.612875 -0.114914 -9.34634 -0.262014 0.166301 10.0319 0.0539089 -0.109345 -0.0335976
2326.19 0.57457 -0.0766094 -9.46126 -0.267996 0.17348 10.0391 0.0558941 -0.11301 -0.0346666
2326.21 0.497961 -0.114914 -9.38465 -0.295514 0.160319 10.0175 0.0519235 -0.108887 -0.0331394
2326.22 0.536266 -0.114914 -9.42295 -0.31346 0.166301 10.0259 0.0537561 -0.109192 -0.0340557
2326.24 0.459656 -0.0766094 -9.38465 -0.320638 0.155533 10.0152 0.0558941 -0.112399 -0.0348193
2326.26 0.65118 -0.153219 -9.30804 -0.315852 0.159123 10.0199 0.0528398 -0.10965 -0.0326813
2326.27 0.612875 -0.153219 -9.38465 -0.318245 0.13998 10.0319 0.0546724 -0.110872 -0.032834
2326.29 0.57457 0.0383047 -9.34634 -0.321834 0.145962 10.0487 0.0519235 -0.111025 -0.0316123
2326.31 0.536266 -0.0766094 -9.34634 -0.321834 0.129212 10.0307 0.0568105 -0.113468 -0.0334449
2326.32 0.612875 -0.0766094 -9.34634 -0.330209 0.124427 10.0223 0.0516181 -0.10797 -0.0314596
2326.34 0.57457 -0.114914 -9.42295 -0.321834 0.120837 10.0319 0.052229 -0.11133 -0.0342084
2326.36 0.57457 0.0 -9.61448 -0.331406 0.100499 10.0307 0.0510072 -0.108734 -0.031765
2326.37 0.57457 -0.0766094 -9.30804 -0.329013 0.105284 10.0283 0.0526871 -0.110108 -0.0308487
2326.39 0.612875 -0.0766094 -9.38465 -0.350548 0.108873 10.0175 0.0548251 -0.111788 -0.0329867
2326.4 0.612875 -0.114914 -9.65278 -0.334995 0.0969093 10.0271 0.0534507 -0.112399 -0.0313068
2326.42 0.727789 -0.114914 -9.46126 -0.346959 0.0765703 10.0235 0.0508545 -0.10736 -0.0305433
2326.44 0.536266 -0.0383047 -9.61448 -0.332602 0.0741775 10.0104 0.0510072 -0.111788 -0.0322231
2326.45 0.57457 -0.114914 -9.38465 -0.324227 0.0897308 10.0247 0.0568105 -0.117439 -0.0326813
2326.47 0.65118 -0.191523 -9.42295 -0.320638 0.0849452 10.0164 0.0551306 -0.112552 -0.030696
2326.49 0.497961 -0.0383047 -9.34634 -0.314656 0.0849452 10.0271 0.0557414 -0.113774 -0.0320704
2326.5 0.612875 -0.191523 -9.34634 -0.291924 0.0681954 10.0187 0.0529926 -0.112705 -0.0326813
2326.52 0.497961 -0.0383047 -9.46126 -0.287139 0.0957129 10.0295 0.0549779 -0.110872 -0.0325286
2326.54 0.536266 -0.114914 -9.38465 -0.264407 0.0861416 10.0451 0.0534507 -0.11133 -0.0332921
2326.55 0.57457 -0.0766094 -9.57617 -0.257228 0.0765703 10.0187 0.0558941 -0.111941 -0.0348193
2326.57 0.57457 -0.191523 -9.30804 -0.26321 0.0945165 10.0271 0.0555887 -0.112399 -0.0337503
2326.59 0.689484 -0.114914 -9.38465 -0.254835 0.0909272 10.0199 0.0542143 -0.110414 -0.0354302
2326.6 0.459656 -0.153219 -9.23143 -0.238086 0.111266 10.0367 0.0548251 -0.110719 -0.0372628
2326.62 0.497961 -0.0383047 -9.42295 -0.251246 0.111266 10.0164 0.0566577 -0.109803 -0.0345139
2326.64 0.57457 -0.114914 -9.38465 -0.247657 0.12323 10.0379 0.0549779 -0.108581 -0.0343612
2326.65 0.57457 -0.114914 -9.42295 -0.265603 0.118445 10.0283 0.0549779 -0.109498 -0.0340557
2326.67 0.612875 -0.114914 -9.30804 -0.258425 0.13998 10.0283 0.0581849 -0.111483 -0.0364992
2326.68 0.536266 -0.153219 -9.46126 -0.287139 0.132802 10.0235 0.0571159 -0.109039 -0.0368046
2326.7 0.65118 0.0 -9.49956 -0.275174 0.154337 10.0319 0.0595593 -0.112705 -0.0380264
2326.72 0.612875 -0.114914 -9.42295 -0.293121 0.150748 10.0331 0.0578795 -0.111788 -0.0363465
2326.73 0.459656 -0.0383047 -9.38465 -0.291924 0.157926 10.0199 0.053298 -0.106901 -0.0320704
2326.75 0.459656 -0.0383047 -9.23143 -0.300299 0.154337 10.0187 0.0563523 -0.110414 -0.0380264
2326.77 0.804398 -0.0383047 -9.61448 -0.330209 0.171087 10.0164 0.0549779 -0.109345 -0.034972
2326.78 0.536266 -0.0383047 -9.38465 -0.321834 0.162712 10.014 0.0534507 -0.106138 -0.0332921
2326.8 0.65118 -0.0766094 -9.34634 -0.354138 0.166301 10.0187 0.0557414 -0.111788 -0.0361938
2326.82 0.536266 -0.153219 -9.38465 -0.351745 0.155533 10.0259 0.0539089 -0.108887 -0.0346666
2326.83 0.65118 -0.114914 -9.38465 -0.355334 0.153141 10.0175 0.0519235 -0.109039 -0.0334449
2326.85 0.612875 -0.0383047 -9.38465 -0.369691 0.153141 10.0152 0.0545197 -0.110414 -0.0325286
2326.86 0.689484 -0.0766094 -9.806 -0.357727 0.154337 10.0319 0.0549779 -0.11469 -0.0320704
2326.88 0.612875 -0.114914 -9.38465 -0.374477 0.133998 10.0211 0.0558941 -0.115148 -0.0343612
2326.9 0.612875 -0.0766094 -9.30804 -0.366102 0.13998 10.0343 0.0546724 -0.113468 -0.0322231
2326.91 0.612875 -0.191523 -9.34634 -0.340977 0.132802 10.0271 0.0546724 -0.112857 -0.0313068
2326.93 0.383047 -0.0383047 -9.23143 -0.351745 0.130409 10.0235 0.0516181 -0.111636 -0.0288634
2326.95 0.536266 -0.153219 -9.34634 -0.329013 0.119641 10.0152 0.0516181 -0.111788 -0.0313068
2326.96 0.727789 -0.114914 -9.23143 -0.30987 0.118445 10.0319 0.052229 -0.111483 -0.0297797
2326.98 0.612875 -0.0766094 -9.42295 -0.31346 0.114855 10.014 0.0552833 -0.113163 -0.0308487
2326.99 0.497961 -0.114914 -9.57617 -0.287139 0.09332 10.0247 0.0531453 -0.112857 -0.0300851
2327.01 0.536266 -0.0766094 -9.34634 -0.297906 0.0957129 10.0271 0.0517708 -0.111483 -0.0291688
2327.03 0.459656 -0.153219 -9.46126 -0.275174 0.0921237 10.0199 0.0560469 -0.11637 -0.0334449
2327.04 0.497961 -0.0383047 -9.57617 -0.278764 0.102891 10.0175 0.0536034 -0.111483 -0.030696
2327.06 0.536266 -0.191523 -9.42295 -0.273978 0.101695 10.0211 0.0531453 -0.108581 -0.0316123
2327.08 0.612875 -0.114914 -9.57617 -0.25005 0.0825523 10.0116 0.0571159 -0.116064 -0.0342084
2327.09 0.459656 -0.153219 -9.30804 -0.234497 0.0897308 10.0355 0.0545197 -0.114232 -0.0322231
2327.11 0.612875 -0.0766094 -9.49956 -0.228514 0.0837488 10.0295 0.0516181 -0.108581 -0.0300851
2327.13 0.497961 -0.0383047 -9.57617 -0.2333 0.0813559 10.0319 0.0531453 -0.108734 -0.0332921
2327.14 0.536266 -0.191523 -9.34634 -0.253639 0.0801595 10.0223 0.0542143 -0.10965 -0.0354302
2327.16 0.65118 -0.114914 -9.49956 -0.258425 0.0658026 10.0247 0.0583376 -0.115301 -0.0369573
2327.18 0.536266 -0.114914 -9.46126 -0.254835 0.0837488 10.0259 0.0577268 -0.111636 -0.0372628
2327.19 0.57457 -0.0383047 -9.53786 -0.265603 0.0957129 10.0175 0.0571159 -0.109803 -0.0352775
2327.21 0.57457 -0.0383047 -9.46126 -0.259621 0.101695 10.0247 0.0581849 -0.110719 -0.0361938
2327.23 0.421352 -0.114914 -9.38465 -0.287139 0.102891 10.0199 0.0581849 -0.110872 -0.0380264
2327.24 0.57457 -0.0766094 -9.26973 -0.327816 0.125623 10.0259 0.0566577 -0.111177 -0.0374155
2327.26 0.65118 -0.191523 -9.38465 -0.312263 0.122034 10.0295 0.0525344 -0.107207 -0.0348193
2327.28 0.727789 -0.114914 -9.34634 -0.34337 0.133998 10.0199 0.0552833 -0.105527 -0.0357356
2327.29 0.57457 -0.153219 -8.96329 -0.344566 0.147159 10.0247 0.054367 -0.108123 -0.0363465
2327.31 0.57457 -0.153219 -9.42295 -0.337388 0.138784 10.0295 0.0520762 -0.10568 -0.0358883
2327.33 0.57457 -0.0766094 -9.38465 -0.348156 0.147159 10.0295 0.0566577 -0.111483 -0.0380264
2327.34 0.727789 -0.0766094 -9.38465 -0.336191 0.149551 10.0175 0.0569632 -0.112094 -0.0361938
2327.36 0.689484 -0.0766094 -9.46126 -0.345763 0.142373 10.0199 0.0566577 -0.112705 -0.034972
2327.38 0.65118 -0.153219 -9.46126 -0.350548 0.165105 10.0152 0.0514654 -0.105985 -0.032834
2327.39 0.57457 -0.0766094 -9.38465 -0.348156 0.144766 10.0235 0.0549779 -0.111941 -0.0372628
2327.41 0.689484 -0.0383047 -9.61448 -0.358923 0.130409 10.0056 0.0569632 -0.112246 -0.0354302
2327.42 0.612875 -0.153219 -9.38465 -0.351745 0.153141 10.0199 0.0534507 -0.110872 -0.0331394
2327.44 0.65118 -0.0766094 -9.61448 -0.345763 0.162712 10.0247 0.056505 -0.112246 -0.0337503
2327.46 0.57457 -0.0766094 -9.34634 -0.331406 0.150748 10.0331 0.0519235 -0.109345 -0.0308487
2327.47 0.689484 -0.0383047 -9.34634 -0.336191 0.153141 10.0187 0.0526871 -0.111025 -0.0311541
2327.49 0.65118 -0.0766094 -9.53786 -0.323031 0.167498 10.0187 0.0520762 -0.112552 -0.0319177
2327.51 0.459656 -0.114914 -9.46126 -0.315852 0.166301 10.0271 0.0502437 -0.10965 -0.029627
2327.52 0.65118 -0.0766094 -9.49956 -0.288335 0.154337 10.0152 0.0505491 -0.10965 -0.0293215
2327.54 0.727789 -0.153219 -9.26973 -0.265603 0.149551 10.0367 0.0531453 -0.113468 -0.0314596
2327.56 0.497961 -0.114914 -9.46126 -0.269192 0.143569 10.0164 0.0496328 -0.10736 -0.0288634
2327.57 0.497961 -0.0766094 -9.34634 -0.258425 0.130409 10.0259 0.0555887 -0.115759 -0.0316123
2327.59 0.497961 -0.153219 -9.26973 -0.272782 0.102891 10.0283 0.0523817 -0.111483 -0.0314596
2327.61 0.57457 -0.0766094 -9.07821 -0.264407 0.105284 10.0283 0.0552833 -0.114843 -0.0323759
2327.62 0.612875 -0.0383047 -9.42295 -0.272782 0.107677 10.0307 0.0546724 -0.113468 -0.032834
2327.64 0.459656 -0.114914 -9.30804 -0.273978 0.09332 10.0223 0.0526871 -0.110719 -0.0314596
2327.66 0.497961 -0.0766094 -9.34634 -0.269192 0.0861416 10.0331 0.0537561 -0.110719 -0.0322231
2327.67 0.421352 -0.153219 -9.34634 -0.267996 0.0885344 10.0343 0.0552833 -0.111636 -0.032834
2327.69 0.497961 -0.114914 -9.42295 -0.267996 0.09332 10.0319 0.0546724 -0.110414 -0.033903
2327.71 0.612875 -0.0766094 -9.38465 -0.273978 0.0897308 10.0319 0.054367 -0.109803 -0.0345139
2327.72 0.689484 -0.153219 -9.57617 -0.265603 0.102891 10.0235 0.052229 -0.10797 -0.0325286
2327.74 0.497961 -0.153219 -9.42295 -0.271585 0.102891 10.0223 0.0558941 -0.110872 -0.0357356
2327.75 0.536266 -0.191523 -9.46126 -0.272782 0.0909272 10.0295 0.0526871 -0.10797 -0.0331394
2327.77 0.57457 -0.191523 -9.65278 -0.303888 0.0813559 10.0247 0.0545197 -0.108887 -0.0342084
2327.79 0.57457 -0.153219 -9.42295 -0.299103 0.0837488 10.0355 0.0563523 -0.11133 -0.0348193
2327.8 0.383047 -0.114914 -9.38465 -0.323031 0.0969093 10.0295 0.0572686 -0.111941 -0.0363465
2327.82 0.497961 -0.191523 -9.38465 -0.314656 0.0765703 10.0403 0.0537561 -0.110414 -0.0343612
2327.84 0.536266 -0.191523 -9.46126 -0.331406 0.0801595 10.0187 0.0558941 -0.109345 -0.036041
2327.85 0.536266 -0.153219 -9.07821 -0.34337 0.0945165 10.0187 0.0548251 -0.10965 -0.036041
2327.87 0.65118 0.0 -9.38465 -0.318245 0.0981057 10.0331 0.0592539 -0.113468 -0.0369573
2327.89 0.57457 -0.191523 -9.65278 -0.325424 0.116052 10.0247 0.0526871 -0.106291 -0.0352775
2327.9 0.497961 -0.114914 -9.34634 -0.329013 0.118445 10.0199 0.0537561 -0.110719 -0.0395535
2327.92 0.497961 -0.191523 -9.23143 -0.315852 0.130409 10.0331 0.0563523 -0.111788 -0.0378736
2327.94 0.459656 -0.114914 -9.34634 -0.31346 0.151944 10.0319 0.0545197 -0.10965 -0.0358883
2327.95 0.536266 -0.0383047 -9.53786 -0.327816 0.151944 10.0271 0.0545197 -0.109345 -0.0351248
2327.97 0.612875 -0.0383047 -9.34634 -0.331406 0.151944 10.0175 0.055436 -0.111788 -0.0351248
2327.99 0.65118 -0.0383047 -9.53786 -0.336191 0.151944 10.002 0.0557414 -0.111941 -0.0351248
2328.0 0.57457 -0.0766094 -9.34634 -0.329013 0.149551 10.014 0.0540616 -0.110261 -0.0343612
2328.02 0.689484 -0.0766094 -9.38465 -0.327816 0.149551 10.0343 0.0555887 -0.112705 -0.0335976
2328.04 0.536266 -0.114914 -9.53786 -0.327816 0.155533 10.0259 0.0536034 -0.110261 -0.0332921
2328.05 0.536266 -0.0766094 -9.38465 -0.336191 0.155533 10.0235 0.0537561 -0.109803 -0.0320704
2328.07 0.612875 -0.0766094 -9.38465 -0.321834 0.163908 10.0152 0.0528398 -0.108581 -0.031765
2328.09 0.536266 -0.153219 -9.65278 -0.303888 0.149551 10.0295 0.0536034 -0.110719 -0.0340557
2328.1 0.65118 -0.114914 -9.38465 -0.293121 0.159123 10.0247 0.0526871 -0.109192 -0.031765
2328.12 0.612875 -0.0383047 -9.53786 -0.297906 0.160319 10.0307 0.053298 -0.111941 -0.0303905
2328.13 0.65118 0.0 -9.34634 -0.305085 0.165105 10.0187 0.0525344 -0.110261 -0.0331394
2328.15 0.612875 -0.0383047 -9.42295 -0.305085 0.155533 10.0319 0.0548251 -0.112705 -0.0342084
2328.17 0.65118 -0.0766094 -9.42295 -0.29671 0.155533 10.0271 0.0537561 -0.112246 -0.0332921
2328.18 0.612875 -0.0383047 -9.42295 -0.289531 0.147159 10.0247 0.0552833 -0.113926 -0.0314596
2328.2 0.497961 -0.153219 -9.38465 -0.289531 0.131605 10.0271 0.0497855 -0.107665 -0.0294742
2328.22 0.536266 -0.191523 -9.30804 -0.290728 0.116052 10.0271 0.0542143 -0.113621 -0.0311541
2328.23 0.421352 -0.153219 -9.46126 -0.287139 0.107677 10.0319 0.0540616 -0.112399 -0.0310014
2328.25 0.57457 -0.191523 -9.34634 -0.297906 0.09332 10.0152 0.0500909 -0.106749 -0.029627
2328.27 0.612875 -0.191523 -9.42295 -0.278764 0.0741775 10.0307 0.054367 -0.110872 -0.030696
2328.28 0.57457 -0.191523 -9.38465 -0.282353 0.0861416 10.0295 0.0519235 -0.108887 -0.0313068
2328.3 0.612875 -0.191523 -9.23143 -0.260818 0.0837488 10.0427 0.0523817 -0.109345 -0.0310014
2328.32 0.536266 -0.191523 -9.34634 -0.264407 0.087338 10.0379 0.0534507 -0.110872 -0.0326813
2328.33 0.57457 -0.191523 -9.46126 -0.297906 0.0753739 10.0307 0.0519235 -0.107207 -0.0329867
2328.35 0.383047 -0.191523 -9.30804 -0.281157 0.0789631 10.0116 0.054367 -0.110414 -0.0352775
2328.37 0.57457 -0.114914 -9.38465 -0.270389 0.0789631 10.0427 0.0525344 -0.107818 -0.0337503
2328.38 0.497961 -0.191523 -9.46126 -0.283549 0.0861416 10.0164 0.0539089 -0.108429 -0.0326813
2328.4 0.612875 -0.229828 -9.34634 -0.297906 0.0957129 10.0235 0.0580322 -0.112705 -0.0372628
2328.42 0.727789 -0.114914 -9.34634 -0.305085 0.0753739 10.0271 0.0536034 -0.106901 -0.0351248
2328.43 0.57457 -0.0766094 -9.15482 -0.305085 0.0813559 10.0319 0.0568105 -0.111177 -0.0366519
2328.45 0.497961 -0.153219 -9.38465 -0.307478 0.0861416 10.0331 0.0574213 -0.110719 -0.0374155
2328.46 0.497961 -0.153219 -9.38465 -0.331406 0.0801595 10.0211 0.0549779 -0.108123 -0.0361938
2328.48 0.689484 -0.0766094 -9.61448 -0.314656 0.108873 10.0271 0.0555887 -0.10797 -0.0352775
2328.5 0.497961 -0.0383047 -9.42295 -0.324227 0.107677 10.0271 0.0552833 -0.10736 -0.0348193
2328.51 0.459656 -0.0383047 -9.38465 -0.334995 0.114855 10.0259 0.0569632 -0.111788 -0.0380264
2328.53 0.536266 -0.229828 -9.42295 -0.31346 0.131605 10.0283 0.0569632 -0.111483 -0.0386372
2328.55 0.57457 -0.0766094 -9.46126 -0.32662 0.138784 10.0307 0.0563523 -0.110261 -0.03711
2328.56 0.612875 -0.114914 -9.57617 -0.346959 0.166301 10.0175 0.0587958 -0.114995 -0.0369573
2328.58 0.727789 -0.153219 -9.42295 -0.345763 0.16989 10.0164 0.0569632 -0.113315 -0.0354302
2328.6 0.689484 0.0 -9.38465 -0.332602 0.178265 10.0403 0.0551306 -0.10965 -0.0352775
2328.62 0.65118 -0.153219 -9.42295 -0.331406 0.171087 10.0295 0.0586431 -0.114537 -0.0363465
2328.63 0.689484 -0.114914 -9.42295 -0.32662 0.18664 10.0379 0.0542143 -0.111025 -0.0343612
2328.65 0.65118 -0.0383047 -9.46126 -0.327816 0.174676 10.0415 0.0540616 -0.112246 -0.0325286
2328.67 0.497961 -0.0383047 -9.42295 -0.334995 0.177069 10.0211 0.0577268 -0.116523 -0.0357356
2328.68 0.536266 -0.114914 -9.30804 -0.31346 0.175872 10.0199 0.0539089 -0.114537 -0.0311541
2328.7 0.689484 -0.0766094 -9.38465 -0.305085 0.15673 10.0247 0.0537561 -0.113163 -0.0314596
2328.71 0.612875 -0.0383047 -9.76769 -0.312263 0.157926 10.0247 0.0555887 -0.113621 -0.0326813
2328.73 0.689484 -0.153219 -9.34634 -0.283549 0.149551 10.0152 0.0542143 -0.111636 -0.0305433
2328.75 0.536266 -0.114914 -9.23143 -0.281157 0.153141 10.0175 0.0520762 -0.111636 -0.030696
2328.76 0.459656 0.0 -9.26973 -0.293121 0.151944 10.0116 0.0526871 -0.111788 -0.0319177
2328.78 0.459656 -0.0383047 -9.38465 -0.269192 0.13998 10.0259 0.0548251 -0.113163 -0.0320704
2328.8 0.57457 -0.0766094 -9.38465 -0.284746 0.136391 10.0199 0.0551306 -0.113621 -0.0332921
2328.81 0.536266 -0.0766094 -9.65278 -0.277567 0.147159 10.0271 0.0514654 -0.110872 -0.031765
2328.83 0.536266 -0.0766094 -9.38465 -0.265603 0.122034 10.0343 0.0505491 -0.108734 -0.0282525
2328.85 0.497961 -0.306437 -9.23143 -0.283549 0.107677 10.0259 0.0519235 -0.110261 -0.0308487
2328.87 0.57457 -0.114914 -9.38465 -0.277567 0.105284 10.0211 0.0523817 -0.110261 -0.0319177
2328.88 0.689484 -0.114914 -9.34634 -0.287139 0.0789631 10.0295 0.0542143 -0.112094 -0.0319177
2328.9 0.612875 -0.153219 -9.30804 -0.2668 0.0622134 10.0235 0.0513127 -0.10965 -0.032834
2328.92 0.497961 -0.114914 -9.46126 -0.282353 0.0634098 10.0235 0.0545197 -0.111177 -0.0322231
2328.93 0.497961 -0.114914 -9.42295 -0.281157 0.0634098 10.0439 0.055436 -0.11301 -0.0363465
2328.95 0.497961 -0.191523 -9.38465 -0.277567 0.0586241 10.0415 0.0552833 -0.109498 -0.0352775
2328.96 0.536266 -0.0766094 -9.42295 -0.282353 0.0646062 10.0367 0.0542143 -0.106291 -0.034972
2328.98 0.497961 -0.229828 -9.61448 -0.287139 0.0574277 10.0379 0.0572686 -0.113926 -0.0372628
2329.0 0.612875 -0.229828 -9.46126 -0.308674 0.0646062 10.0283 0.0563523 -0.108887 -0.0361938
2329.01 0.689484 -0.153219 -9.42295 -0.329013 0.0765703 10.0211 0.0568105 -0.110719 -0.0363465
2329.03 0.65118 -0.153219 -9.38465 -0.340977 0.0885344 10.0223 0.0555887 -0.10965 -0.0361938
2329.05 0.57457 -0.153219 -9.23143 -0.342173 0.106481 10.0403 0.0563523 -0.111177 -0.0378736
2329.06 0.536266 -0.153219 -9.23143 -0.333799 0.106481 10.0331 0.0572686 -0.11301 -0.0390954
2329.08 0.612875 -0.191523 -9.38465 -0.337388 0.106481 10.0259 0.0589485 -0.113621 -0.0368046
2329.1 0.766094 -0.114914 -9.23143 -0.345763 0.114855 10.0271 0.0545197 -0.108276 -0.0355829
2329.11 0.536266 -0.0766094 -9.57617 -0.344566 0.116052 10.014 0.0568105 -0.11301 -0.03711
2329.13 0.536266 -0.0383047 -9.49956 -0.332602 0.124427 10.0223 0.0529926 -0.107665 -0.0346666
2329.15 0.612875 -0.114914 -9.15482 -0.30987 0.150748 10.0355 0.0581849 -0.112094 -0.03711
2329.16 0.57457 -0.0383047 -9.34634 -0.307478 0.15673 10.0403 0.0568105 -0.111177 -0.034972
2329.18 0.497961 -0.0766094 -9.34634 -0.321834 0.175872 10.0283 0.0566577 -0.111177 -0.0369573
2329.2 0.536266 -0.0383047 -9.69109 -0.307478 0.179462 10.0319 0.056505 -0.10965 -0.0345139
2329.21 0.57457 -0.153219 -9.46126 -0.303888 0.183051 10.0247 0.0577268 -0.113468 -0.0361938
2329.23 0.497961 -0.153219 -9.46126 -0.301496 0.180658 10.0199 0.0531453 -0.109803 -0.0329867
2329.25 0.536266 -0.0766094 -9.57617 -0.317049 0.20339 10.0211 0.0539089 -0.110719 -0.0323759
2329.26 0.536266 -0.0383047 -9.42295 -0.308674 0.191426 10.0259 0.0549779 -0.111788 -0.0335976
2329.28 0.536266 -0.0383047 -9.46126 -0.277567 0.189033 10.0271 0.0528398 -0.109498 -0.031765
2329.3 0.421352 -0.0383047 -9.34634 -0.288335 0.185444 10.0187 0.0540616 -0.112552 -0.0326813
2329.31 0.497961 -0.0766094 -9.49956 -0.281157 0.174676 10.0343 0.0536034 -0.110719 -0.0320704
2329.33 0.497961 -0.0383047 -9.15482 -0.2668 0.167498 10.0199 0.0557414 -0.115759 -0.0320704
2329.34 0.536266 -0.0766094 -9.30804 -0.26321 0.133998 10.0187 0.0529926 -0.112857 -0.0323759
2329.36 0.497961 -0.229828 -9.46126 -0.254835 0.142373 10.0211 0.0537561 -0.112705 -0.0310014
2329.38 0.57457 -0.114914 -9.26973 -0.259621 0.136391 10.0271 0.0496328 -0.107818 -0.0303905
2329.39 0.497961 -0.114914 -9.38465 -0.27996 0.13998 10.0199 0.0539089 -0.111941 -0.0329867
2329.41 0.497961 -0.114914 -9.46126 -0.27996 0.124427 10.0247 0.0507018 -0.107054 -0.0293215
2329.42 0.612875 -0.0383047 -9.46126 -0.264407 0.100499 10.051 0.0523817 -0.110719 -0.032834
2329.44 0.57457 -0.114914 -9.34634 -0.29671 0.0981057 10.0283 0.0513127 -0.106901 -0.0305433
2329.45 0.536266 -0.114914 -9.46126 -0.320638 0.100499 10.0295 0.0514654 -0.109192 -0.032834
2329.47 0.57457 -0.191523 -9.38465 -0.311067 0.0897308 10.0463 0.0542143 -0.11301 -0.031765
2329.48 0.612875 -0.191523 -9.49956 -0.329013 0.0753739 10.0175 0.0493274 -0.106291 -0.0302378
2330.09 0.612875 -0.153219 -9.46126 -0.345763 0.0765703 10.0223 0.0537561 -0.111177 -0.031765
2330.1 0.421352 -0.153219 -9.23143 -0.333799 0.0693918 10.0331 0.0557414 -0.113774 -0.0343612
2330.12 0.612875 -0.191523 -9.26973 -0.32662 0.0646062 10.0283 0.0546724 -0.111788 -0.0352775
2330.13 0.497961 -0.0766094 -9.42295 -0.311067 0.0622134 10.0343 0.0526871 -0.111788 -0.0329867
2330.15 0.459656 -0.383047 -9.19312 -0.311067 0.0658026 10.0271 0.052229 -0.109498 -0.0323759
2330.17 0.57457 -0.191523 -9.34634 -0.301496 0.0813559 10.0343 0.0539089 -0.109803 -0.0310014
2330.19 0.57457 -0.153219 -9.57617 -0.30987 0.0789631 10.0283 0.0540616 -0.110719 -0.0329867
2330.2 0.689484 -0.268133 -9.26973 -0.301496 0.0777667 10.0355 0.054367 -0.111788 -0.0334449
2330.22 0.727789 -0.153219 -9.42295 -0.289531 0.0813559 10.0152 0.0545197 -0.110872 -0.0354302
2330.23 0.459656 -0.191523 -9.42295 -0.291924 0.0825523 10.0223 0.0561996 -0.11301 -0.034972
2330.25 0.612875 -0.114914 -9.30804 -0.283549 0.100499 10.0295 0.0568105 -0.114232 -0.036041
2330.27 0.57457 -0.114914 -9.53786 -0.289531 0.116052 10.0271 0.0558941 -0.110108 -0.0366519
2330.28 0.497961 -0.0383047 -9.53786 -0.271585 0.118445 10.0331 0.0534507 -0.107665 -0.0342084
2330.3 0.459656 0.0383047 -9.42295 -0.269192 0.130409 10.0271 0.0546724 -0.108887 -0.0346666
2330.32 0.612875 -0.0383047 -9.07821 -0.270389 0.13998 9.99242 0.0561996 -0.109345 -0.0358883
2330.33 0.57457 -0.114914 -9.46126 -0.26321 0.16989 10.0307 0.0529926 -0.107054 -0.036041
2330.35 0.383047 -0.0383047 -9.34634 -0.26321 0.163908 10.0331 0.056505 -0.11133 -0.0358883
2330.37 0.536266 -0.114914 -9.26973 -0.273978 0.18664 10.0283 0.0536034 -0.10965 -0.034972
2330.38 0.612875 -0.0766094 -9.34634 -0.271585 0.179462 10.0283 0.0526871 -0.109498 -0.0334449
2330.4 0.497961 -0.0383047 -9.42295 -0.278764 0.183051 10.0295 0.0551306 -0.109345 -0.0352775
2330.42 0.459656 -0.0766094 -9.46126 -0.303888 0.177069 10.0223 0.0540616 -0.109956 -0.0351248
2330.43 0.459656 -0.0383047 -9.46126 -0.318245 0.172283 10.0152 0.0545197 -0.110108 -0.034972
2330.45 0.612875 0.0 -9.49956 -0.293121 0.171087 10.0355 0.0549779 -0.113163 -0.0357356
2330.46 0.612875 -0.114914 -9.26973 -0.314656 0.183051 10.0247 0.0537561 -0.109345 -0.0335976
2330.48 0.689484 -0.0766094 -9.30804 -0.336191 0.15673 10.0199 0.052229 -0.107512 -0.0325286
2330.5 0.536266 0.0 -9.57617 -0.330209 0.145962 10.0259 0.0566577 -0.113774 -0.0354302
2330.51 0.536266 -0.114914 -9.46126 -0.333799 0.143569 10.0259 0.0516181 -0.108887 -0.0323759
2330.53 0.727789 -0.153219 -9.34634 -0.342173 0.155533 10.0331 0.0540616 -0.11133 -0.0331394
2330.55 0.689484 -0.114914 -9.38465 -0.339781 0.138784 10.0211 0.0546724 -0.113926 -0.0326813
2330.56 0.65118 -0.0766094 -9.42295 -0.324227 0.137587 10.0403 0.0499382 -0.110261 -0.031765
2330.58 0.536266 -0.153219 -9.46126 -0.342173 0.11007 10.0199 0.0493274 -0.10797 -0.0302378
2330.6 0.57457 -0.229828 -9.46126 -0.355334 0.120837 10.008 0.0534507 -0.112552 -0.032834
2330.62 0.497961 -0.0383047 -9.30804 -0.338584 0.0969093 10.0271 0.0525344 -0.113468 -0.0316123
2330.64 0.65118 -0.191523 -9.65278 -0.345763 0.0825523 10.0199 0.053298 -0.109956 -0.0302378
2330.66 0.57457 -0.153219 -9.38465 -0.342173 0.0777667 10.0199 0.0491747 -0.108734 -0.0300851
2330.67 0.57457 -0.114914 -9.30804 -0.338584 0.0693918 10.0152 0.0503964 -0.10965 -0.0308487
2330.69 0.766094 -0.191523 -9.38465 -0.321834 0.0705882 10.0295 0.0507018 -0.108887 -0.030696
2330.71 0.65118 -0.0766094 -9.49956 -0.301496 0.0586241 10.0259 0.0539089 -0.110414 -0.0323759
2330.72 0.65118 -0.191523 -9.30804 -0.288335 0.0574277 10.0223 0.0548251 -0.113163 -0.0346666
2330.74 0.459656 -0.0766094 -9.46126 -0.276371 0.0849452 10.0331 0.0581849 -0.114995 -0.034972
2330.75 0.459656 0.0 -9.34634 -0.258425 0.087338 10.0343 0.0555887 -0.11133 -0.0331394
2330.77 0.65118 -0.229828 -9.34634 -0.271585 0.0837488 10.0056 0.055436 -0.113163 -0.0342084
2330.79 0.65118 -0.114914 -9.49956 -0.264407 0.0945165 10.0295 0.0569632 -0.11469 -0.0342084
2330.8 0.57457 -0.153219 -9.38465 -0.252443 0.11007 10.0271 0.0546724 -0.110414 -0.0355829
2330.82 0.536266 -0.114914 -9.15482 -0.257228 0.104088 10.0259 0.0571159 -0.113774 -0.0355829
2330.84 0.459656 -0.0383047 -9.42295 -0.254835 0.111266 10.0343 0.0578795 -0.114232 -0.0383318
2330.85 0.459656 -0.153219 -9.23143 -0.27996 0.120837 10.0223 0.0537561 -0.108276 -0.0340557
2330.87 0.421352 -0.0766094 -9.46126 -0.256032 0.120837 10.0451 0.0555887 -0.10965 -0.034972
2330.89 0.421352 -0.0766094 -9.34634 -0.260818 0.118445 10.0283 0.0510072 -0.107054 -0.032834
2330.9 0.421352 -0.0383047 -9.38465 -0.297906 0.128016 10.0199 0.0591012 -0.112857 -0.0368046
2330.92 0.536266 0.0 -9.53786 -0.287139 0.141176 10.0164 0.0531453 -0.105985 -0.0345139
2330.94 0.689484 -0.114914 -9.34634 -0.269192 0.160319 10.0307 0.0568105 -0.110261 -0.0378736
2330.95 0.57457 -0.114914 -9.46126 -0.277567 0.165105 10.0355 0.0552833 -0.109498 -0.0366519
2330.97 0.536266 -0.114914 -9.03991 -0.294317 0.162712 10.0307 0.0545197 -0.107818 -0.0346666
2330.99 0.536266 -0.153219 -9.38465 -0.318245 0.189033 10.0223 0.0572686 -0.111636 -0.03711
2331.0 0.536266 -0.229828 -9.46126 -0.331406 0.159123 10.0223 0.0546724 -0.110719 -0.0354302
2331.02 0.536266 -0.0766094 -9.34634 -0.333799 0.151944 10.0295 0.0551306 -0.108123 -0.0340557
2331.04 0.459656 -0.0383047 -9.46126 -0.330209 0.147159 10.0175 0.0519235 -0.10797 -0.032834
2331.05 0.612875 0.0 -9.03991 -0.344566 0.150748 10.0319 0.0536034 -0.111636 -0.0351248
2331.07 0.65118 -0.0766094 -9.30804 -0.342173 0.154337 10.0247 0.053298 -0.110719 -0.0325286
2331.09 0.57457 -0.191523 -9.53786 -0.344566 0.13998 10.0295 0.0516181 -0.106596 -0.0326813
2331.1 0.536266 0.0 -9.38465 -0.34337 0.136391 10.0343 0.0517708 -0.110261 -0.0329867
2331.12 0.612875 -0.0766094 -9.34634 -0.350548 0.129212 10.0319 0.052229 -0.109956 -0.0314596
2331.14 0.65118 -0.153219 -9.19312 -0.351745 0.130409 10.0235 0.053298 -0.10965 -0.0322231
2331.15 0.536266 -0.153219 -9.61448 -0.338584 0.124427 10.0331 0.0517708 -0.109956 -0.0323759
2331.17 0.612875 -0.114914 -9.30804 -0.331406 0.12682 10.0307 0.053298 -0.111025 -0.0300851
2331.18 0.612875 0.0 -9.38465 -0.325424 0.112463 10.0367 0.052229 -0.112399 -0.0310014
2331.2 0.65118 -0.268133 -9.57617 -0.330209 0.106481 10.0307 0.0519235 -0.112094 -0.0310014
2331.22 0.612875 -0.0383047 -9.38465 -0.327816 0.114855 10.0223 0.0529926 -0.11301 -0.0322231
2331.23 0.612875 -0.191523 -9.34634 -0.327816 0.106481 10.0199 0.0520762 -0.11133 -0.0305433
2331.25 0.612875 -0.114914 -9.26973 -0.325424 0.100499 10.0187 0.0540616 -0.112552 -0.0320704
2331.27 0.536266 -0.191523 -9.30804 -0.300299 0.0957129 10.0319 0.0536034 -0.113163 -0.0314596
2331.28 0.536266 -0.153219 -9.46126 -0.307478 0.108873 10.0463 0.0574213 -0.116523 -0.0334449
2331.3 0.421352 -0.114914 -9.38465 -0.287139 0.0969093 10.0367 0.054367 -0.114385 -0.0320704
2331.32 0.536266 -0.229828 -9.26973 -0.299103 0.101695 10.0068 0.0520762 -0.110719 -0.0308487
2331.33 0.536266 -0.114914 -9.38465 -0.273978 0.0909272 10.0283 0.0558941 -0.114537 -0.0340557
2331.35 0.421352 -0.0766094 -9.42295 -0.256032 0.0969093 10.0439 0.0545197 -0.114079 -0.0348193
2331.37 0.612875 -0.0766094 -9.38465 -0.276371 0.119641 10.0235 0.0542143 -0.110261 -0.0314596
2331.38 0.536266 -0.191523 -9.38465 -0.247657 0.108873 10.0391 0.0525344 -0.108581 -0.0316123
2331.4 0.57457 -0.114914 -9.34634 -0.248853 0.11007 10.0295 0.0540616 -0.110719 -0.0343612
2331.42 0.536266 -0.114914 -9.46126 -0.265603 0.107677 10.0187 0.0526871 -0.107818 -0.0340557
2331.43 0.65118 -0.0766094 -9.46126 -0.253639 0.108873 10.0355 0.0526871 -0.107818 -0.0335976
2331.45 0.65118 -0.153219 -9.69109 -0.260818 0.106481 10.0295 0.0574213 -0.113468 -0.0383318
2331.47 0.497961 -0.0766094 -9.34634 -0.254835 0.105284 10.0175 0.0551306 -0.109192 -0.0358883
2331.48 0.459656 -0.191523 -9.19312 -0.294317 0.107677 10.0235 0.0526871 -0.106596 -0.0348193
2331.5 0.383047 -0.0766094 -9.42295 -0.294317 0.108873 10.0259 0.055436 -0.110414 -0.0368046
2331.51 0.57457 -0.114914 -9.23143 -0.284746 0.107677 10.0403 0.056505 -0.110108 -0.0366519
2331.53 0.497961 -0.114914 -9.42295 -0.295514 0.112463 10.0152 0.0523817 -0.106443 -0.0357356
2331.55 0.536266 -0.0383047 -9.57617 -0.301496 0.119641 10.0307 0.0555887 -0.109956 -0.0372628
2331.56 0.497961 -0.0383047 -9.57617 -0.290728 0.128016 10.0379 0.056505 -0.111025 -0.0355829
2331.58 0.612875 -0.0766094 -9.34634 -0.321834 0.133998 10.0247 0.0500909 -0.102167 -0.0326813
2331.6 0.727789 -0.0766094 -9.53786 -0.320638 0.138784 10.0175 0.0558941 -0.108887 -0.036041
2331.61 0.612875 -0.0766094 -9.46126 -0.327816 0.141176 10.0247 0.0548251 -0.110567 -0.0355829
2331.63 0.612875 -0.114914 -9.38465 -0.366102 0.125623 10.0223 0.0580322 -0.115759 -0.0392481
2331.65 0.65118 -0.0383047 -9.53786 -0.362513 0.135194 10.0271 0.0523817 -0.108581 -0.0335976
2331.66 0.536266 -0.153219 -9.46126 -0.370887 0.129212 10.0092 0.0546724 -0.110872 -0.0343612
2331.68 0.57457 -0.0766094 -9.53786 -0.387637 0.154337 10.0247 0.0578795 -0.115148 -0.0366519
2331.7 0.689484 -0.0766094 -9.42295 -0.374477 0.145962 10.0164 0.0531453 -0.110261 -0.0331394
2331.71 0.689484 -0.0766094 -9.34634 -0.375673 0.150748 10.014 0.0561996 -0.113926 -0.0335976
2331.73 0.497961 -0.114914 -9.34634 -0.354138 0.148355 10.014 0.0545197 -0.112705 -0.0320704
2331.75 0.536266 -0.114914 -9.42295 -0.340977 0.138784 10.0307 0.0539089 -0.111483 -0.0308487
2331.76 0.612875 -0.0766094 -9.30804 -0.324227 0.144766 10.0271 0.0546724 -0.112094 -0.0311541
2331.78 0.536266 -0.0766094 -9.49956 -0.31346 0.157926 10.0295 0.0528398 -0.110719 -0.0303905
2331.8 0.65118 -0.114914 -9.34634 -0.301496 0.143569 10.0259 0.0536034 -0.112552 -0.0313068
2331.81 0.612875 -0.0766094 -9.53786 -0.300299 0.12682 10.0128 0.0517708 -0.110872 -0.029627
2331.83 0.612875 -0.114914 -9.34634 -0.285942 0.116052 10.0164 0.0513127 -0.110261 -0.0297797
2331.85 0.459656 -0.191523 -9.46126 -0.282353 0.124427 10.0223 0.0529926 -0.112399 -0.0294742
2331.86 0.497961 -0.0766094 -9.19312 -0.269192 0.117248 10.0391 0.0534507 -0.114537 -0.0319177
2331.88 0.344742 -0.0383047 -9.42295 -0.254835 0.124427 10.0355 0.0534507 -0.112552 -0.0320704
2331.9 0.459656 -0.191523 -9.26973 -0.240479 0.113659 10.0331 0.0549779 -0.114995 -0.0335976
2331.91 0.421352 -0.114914 -9.38465 -0.251246 0.104088 10.0379 0.0528398 -0.111483 -0.0322231
2331.93 0.459656 -0.114914 -9.38465 -0.228514 0.108873 10.0391 0.0525344 -0.110872 -0.0325286
2331.95 0.459656 -0.153219 -9.30804 -0.229711 0.112463 10.0187 0.055436 -0.111788 -0.032834
2331.96 0.536266 -0.114914 -9.26973 -0.227318 0.100499 10.0307 0.0526871 -0.107512 -0.0314596
2331.98 0.57457 -0.114914 -9.26973 -0.242871 0.102891 10.0259 0.0555887 -0.111177 -0.0342084
2332.0 0.497961 -0.153219 -9.42295 -0.246461 0.087338 10.0283 0.0526871 -0.105374 -0.031765
2332.01 0.421352 -0.0383047 -9.46126 -0.260818 0.0837488 10.0283 0.0537561 -0.109956 -0.0361938
2332.03 0.612875 -0.153219 -9.23143 -0.283549 0.0765703 10.0271 0.0561996 -0.11133 -0.0361938
2332.04 0.612875 -0.229828 -9.30804 -0.30987 0.0861416 10.0223 0.054367 -0.108581 -0.0352775
2332.06 0.842703 -0.153219 -9.61448 -0.321834 0.0969093 10.0247 0.0542143 -0.106291 -0.034972
2332.08 0.459656 -0.114914 -9.34634 -0.327816 0.0981057 10.0331 0.0546724 -0.108123 -0.0363465
2332.09 0.536266 -0.153219 -9.34634 -0.352941 0.0885344 10.0068 0.056505 -0.110719 -0.0386372
2332.11 0.65118 -0.0383047 -9.65278 -0.34337 0.0957129 10.0235 0.0557414 -0.107665 -0.034972
2332.13 0.536266 -0.153219 -9.46126 -0.348156 0.108873 10.0247 0.057574 -0.112857 -0.0369573
2332.14 0.612875 -0.153219 -9.34634 -0.357727 0.128016 10.0235 0.0563523 -0.109192 -0.0368046
2332.16 0.612875 -0.153219 -9.26973 -0.355334 0.129212 10.0355 0.0563523 -0.112857 -0.0369573
2332.18 0.727789 -0.0766094 -9.61448 -0.375673 0.144766 10.0116 0.0519235 -0.108123 -0.0337503
2332.19 0.57457 -0.0766094 -9.42295 -0.368495 0.137587 10.0451 0.0531453 -0.107054 -0.0319177
2332.21 0.689484 0.0 -9.34634 -0.362513 0.136391 10.0331 0.053298 -0.107054 -0.0334449
2332.23 0.65118 -0.114914 -9.23143 -0.363709 0.141176 10.0391 0.0563523 -0.114843 -0.0355829
2332.24 0.612875 -0.114914 -9.42295 -0.349352 0.153141 10.0199 0.0520762 -0.107665 -0.0310014
2332.26 0.612875 -0.191523 -9.46126 -0.333799 0.143569 10.0271 0.0529926 -0.109803 -0.0331394
2332.28 0.612875 -0.114914 -9.42295 -0.363709 0.13998 10.0199 0.0537561 -0.111483 -0.032834
2332.29 0.65118 -0.0766094 -9.34634 -0.320638 0.147159 10.0235 0.0555887 -0.114079 -0.0329867
2332.31 0.65118 -0.0766094 -9.38465 -0.301496 0.143569 10.0235 0.0537561 -0.111941 -0.0308487
2332.33 0.57457 -0.0766094 -9.42295 -0.306281 0.159123 10.014 0.0540616 -0.113315 -0.0326813
2332.34 0.536266 -0.0766094 -9.38465 -0.291924 0.165105 10.0271 0.0539089 -0.11133 -0.0334449
2332.36 0.497961 0.0 -9.26973 -0.270389 0.155533 10.0319 0.054367 -0.114232 -0.0326813
2332.38 0.65118 -0.0383047 -9.49956 -0.2668 0.15673 10.0128 0.054367 -0.113468 -0.0310014
2332.39 0.459656 -0.114914 -9.19312 -0.251246 0.151944 10.0187 0.053298 -0.111177 -0.0320704
2332.41 0.57457 0.0383047 -9.38465 -0.248853 0.155533 10.0235 0.0505491 -0.109498 -0.0305433
2332.43 0.459656 -0.0383047 -9.30804 -0.252443 0.143569 10.0235 0.0514654 -0.110414 -0.0305433
2332.44 0.57457 -0.0383047 -9.42295 -0.267996 0.118445 10.0259 0.0531453 -0.111483 -0.0303905
2332.46 0.497961 -0.191523 -9.34634 -0.272782 0.125623 10.0235 0.0537561 -0.111636 -0.0302378
2332.48 0.459656 -0.114914 -9.34634 -0.258425 0.106481 10.0152 0.0546724 -0.113774 -0.0326813
2332.49 0.57457 -0.153219 -9.42295 -0.2668 0.108873 10.0164 0.0558941 -0.114079 -0.0364992
2332.51 0.421352 -0.0383047 -9.46126 -0.269192 0.0921237 10.0235 0.0540616 -0.111636 -0.0346666
2332.53 0.497961 -0.114914 -9.34634 -0.299103 0.0945165 10.0187 0.0557414 -0.11133 -0.034972
2332.54 0.57457 -0.0766094 -9.34634 -0.294317 0.0825523 10.0187 0.0545197 -0.11133 -0.0337503
2332.56 0.57457 -0.153219 -9.42295 -0.294317 0.0825523 10.0283 0.0540616 -0.108887 -0.0340557
2332.58 0.612875 -0.114914 -9.46126 -0.294317 0.0825523 10.0331 0.0542143 -0.109345 -0.034972
2332.59 0.612875 -0.0766094 -9.38465 -0.312263 0.102891 10.0211 0.0516181 -0.104153 -0.031765
2332.61 0.421352 -0.0766094 -9.19312 -0.31346 0.0945165 10.0211 0.0542143 -0.109803 -0.0329867
2332.63 0.65118 -0.153219 -9.46126 -0.333799 0.0765703 10.0307 0.054367 -0.110261 -0.034972
2332.64 0.536266 -0.114914 -9.46126 -0.346959 0.0777667 10.0283 0.0539089 -0.109803 -0.0337503
2332.66 0.459656 -0.268133 -9.03991 -0.344566 0.0765703 10.0223 0.0520762 -0.105527 -0.0314596
2332.67 0.536266 -0.114914 -9.38465 -0.348156 0.0741775 10.0247 0.0558941 -0.11301 -0.0361938
2332.69 0.689484 -0.191523 -9.42295 -0.342173 0.0705882 10.0331 0.0526871 -0.10736 -0.0340557
2332.71 0.57457 -0.191523 -9.49956 -0.331406 0.0837488 10.0271 0.0572686 -0.112857 -0.0352775
2332.72 0.65118 -0.114914 -9.46126 -0.329013 0.0969093 10.0343 0.0574213 -0.111788 -0.0364992
2332.74 0.689484 -0.153219 -9.53786 -0.314656 0.106481 10.0331 0.0561996 -0.109803 -0.0363465
2332.76 0.612875 -0.191523 -9.38465 -0.325424 0.12323 10.0259 0.0587958 -0.114537 -0.0381791
2332.77 0.497961 -0.0766094 -9.38465 -0.308674 0.13998 10.0391 0.0545197 -0.109345 -0.0340557
2332.79 0.804398 -0.153219 -9.38465 -0.305085 0.141176 10.0211 0.054367 -0.109498 -0.0335976
2332.81 0.57457 -0.153219 -9.42295 -0.320638 0.154337 10.0331 0.0563523 -0.112705 -0.034972
2332.82 0.459656 -0.153219 -9.38465 -0.302692 0.159123 9.99721 0.0546724 -0.109498 -0.033903
2332.84 0.65118 -0.114914 -9.46126 -0.300299 0.162712 10.0379 0.0548251 -0.110567 -0.0335976
2332.86 0.459656 -0.0766094 -9.42295 -0.299103 0.157926 10.0403 0.0557414 -0.113774 -0.0355829
2332.87 0.536266 -0.114914 -9.34634 -0.31346 0.162712 10.0307 0.0568105 -0.112552 -0.0334449
2332.89 0.612875 0.0383047 -9.30804 -0.306281 0.15673 10.0199 0.057574 -0.11469 -0.0352775
2332.91 0.421352 -0.0766094 -9.42295 -0.282353 0.172283 10.0247 0.0546724 -0.111788 -0.0340557
2332.92 0.536266 -0.0766094 -9.42295 -0.272782 0.159123 10.0283 0.053298 -0.109039 -0.034972
2332.94 0.689484 0.0383047 -9.69109 -0.273978 0.161515 10.0164 0.0526871 -0.108123 -0.0335976
2332.96 0.57457 -0.0766094 -9.42295 -0.278764 0.175872 10.0259 0.0558941 -0.11301 -0.033903
2332.97 0.383047 -0.114914 -9.15482 -0.273978 0.181854 10.0259 0.0523817 -0.108887 -0.0325286
2332.99 0.536266 -0.114914 -9.34634 -0.297906 0.155533 10.0295 0.0514654 -0.106596 -0.0311541
2333.0 0.57457 0.0 -9.30804 -0.305085 0.151944 10.0211 0.0526871 -0.109039 -0.0348193
2333.02 0.497961 -0.0383047 -9.30804 -0.288335 0.162712 10.0367 0.0525344 -0.109803 -0.0326813
2333.04 0.536266 -0.153219 -9.38465 -0.305085 0.133998 10.0211 0.0517708 -0.108429 -0.0302378
2333.05 0.497961 -0.0383047 -9.26973 -0.317049 0.141176 10.0211 0.0507018 -0.105985 -0.0285579
2333.07 0.536266 -0.0766094 -9.65278 -0.294317 0.106481 10.0128 0.0528398 -0.110872 -0.0313068
2333.09 0.612875 -0.191523 -9.38465 -0.320638 0.120837 10.0235 0.0542143 -0.11301 -0.0322231
2333.1 0.497961 -0.191523 -9.15482 -0.303888 0.0777667 10.0307 0.0558941 -0.114537 -0.0335976
2333.12 0.459656 -0.191523 -9.46126 -0.314656 0.0741775 10.0355 0.0526871 -0.109039 -0.0323759
2333.14 0.536266 -0.191523 -9.46126 -0.293121 0.0813559 10.0319 0.0531453 -0.109345 -0.031765
2333.15 0.536266 -0.153219 -9.69109 -0.311067 0.0897308 10.0235 0.0520762 -0.10797 -0.0323759
2333.17 0.612875 -0.229828 -9.42295 -0.297906 0.0693918 10.0343 0.0531453 -0.108123 -0.0332921
2333.19 0.536266 -0.0766094 -9.38465 -0.306281 0.0789631 10.0343 0.0540616 -0.109498 -0.0335976
2333.2 0.536266 -0.191523 -9.34634 -0.333799 0.0777667 10.0164 0.0523817 -0.106749 -0.032834
2333.22 0.57457 -0.191523 -9.46126 -0.336191 0.0789631 10.0152 0.0542143 -0.10965 -0.033903
2333.24 0.57457 -0.0383047 -9.23143 -0.336191 0.0909272 10.0235 0.0568105 -0.114079 -0.0358883
2333.25 0.65118 -0.191523 -9.34634 -0.338584 0.0945165 10.0235 0.056505 -0.111636 -0.0361938
2333.27 0.689484 -0.229828 -9.38465 -0.320638 0.0813559 10.0223 0.0557414 -0.110414 -0.0354302
2333.29 0.65118 -0.191523 -9.30804 -0.330209 0.0861416 10.0223 0.055436 -0.112705 -0.0368046
2333.3 0.57457 -0.114914 -9.23143 -0.303888 0.09332 10.0307 0.0572686 -0.114995 -0.0363465
2333.32 0.612875 -0.114914 -9.42295 -0.295514 0.0993021 10.0271 0.0561996 -0.112552 -0.0342084
2333.34 0.536266 -0.0766094 -9.38465 -0.302692 0.105284 10.0259 0.0571159 -0.112705 -0.0351248
2333.35 0.536266 -0.114914 -9.38465 -0.299103 0.130409 10.0104 0.0539089 -0.110567 -0.034972
2333.37 0.57457 -0.0766094 -9.42295 -0.278764 0.125623 10.0319 0.057574 -0.112705 -0.0381791
2333.38 0.65118 -0.114914 -9.49956 -0.283549 0.143569 10.0367 0.0516181 -0.106138 -0.0343612
2333.4 0.65118 -0.0766094 -9.42295 -0.290728 0.157926 10.0271 0.0546724 -0.111177 -0.0352775
2333.42 0.57457 -0.0766094 -9.53786 -0.308674 0.159123 10.0271 0.0548251 -0.110414 -0.0342084
2333.43 0.536266 0.0 -9.69109 -0.302692 0.153141 10.0271 0.0523817 -0.107512 -0.0335976
2333.45 0.57457 -0.114914 -9.34634 -0.281157 0.162712 10.0295 0.0549779 -0.110719 -0.0334449
2333.47 0.536266 -0.153219 -9.34634 -0.271585 0.160319 10.0068 0.0549779 -0.110872 -0.0335976
2333.48 0.57457 -0.0383047 -9.26973 -0.283549 0.167498 10.0259 0.0555887 -0.112399 -0.0320704
2333.5 0.497961 -0.0383047 -9.34634 -0.273978 0.154337 10.0319 0.0540616 -0.112246 -0.0326813
2333.52 0.57457 -0.114914 -9.46126 -0.270389 0.150748 10.0223 0.0510072 -0.107512 -0.0303905
2333.53 0.536266 -0.153219 -9.42295 -0.258425 0.137587 10.0307 0.0546724 -0.112094 -0.0342084
2333.55 0.497961 -0.0766094 -9.34634 -0.257228 0.133998 10.0271 0.0519235 -0.107665 -0.0314596
2333.57 0.57457 0.0 -9.26973 -0.293121 0.130409 10.0307 0.0561996 -0.110261 -0.0337503
2333.58 0.536266 -0.191523 -9.38465 -0.289531 0.135194 10.0223 0.0507018 -0.106596 -0.031765
2333.6 0.536266 -0.114914 -9.38465 -0.301496 0.136391 10.0283 0.0514654 -0.106596 -0.0329867
2333.62 0.689484 -0.229828 -9.42295 -0.30987 0.129212 10.002 0.054367 -0.110872 -0.0351248
2333.63 0.612875 -0.153219 -9.46126 -0.321834 0.130409 10.0427 0.0545197 -0.111483 -0.0355829
2333.65 0.65118 -0.191523 -9.42295 -0.334995 0.111266 10.0092 0.0523817 -0.107054 -0.0313068
2333.67 0.612875 -0.0766094 -9.26973 -0.344566 0.120837 10.0223 0.0514654 -0.10797 -0.0319177
2333.68 0.497961 -0.153219 -9.42295 -0.325424 0.102891 10.0403 0.0496328 -0.107054 -0.0297797
2333.7 0.65118 -0.114914 -9.46126 -0.333799 0.0969093 10.0367 0.0542143 -0.112552 -0.033903
2333.72 0.57457 -0.153219 -9.03991 -0.34337 0.09332 10.0439 0.0561996 -0.11301 -0.0329867
2333.73 0.612875 -0.114914 -9.49956 -0.332602 0.0777667 10.0295 0.0534507 -0.111025 -0.0320704
2333.75 0.459656 -0.0383047 -9.26973 -0.329013 0.0837488 10.0319 0.0549779 -0.113926 -0.0335976
2333.77 0.612875 -0.153219 -9.38465 -0.338584 0.0753739 10.0116 0.0531453 -0.109345 -0.032834
2333.78 0.497961 -0.191523 -9.42295 -0.340977 0.0861416 10.0187 0.0571159 -0.112552 -0.0348193
2333.8 0.727789 -0.153219 -9.53786 -0.334995 0.0957129 10.014 0.0542143 -0.110567 -0.033903
2333.82 0.65118 -0.0766094 -9.42295 -0.332602 0.105284 10.0259 0.0536034 -0.108581 -0.0325286
2333.83 0.536266 -0.153219 -9.46126 -0.317049 0.0981057 10.0379 0.0571159 -0.114385 -0.0355829
2333.85 0.57457 -0.191523 -9.69109 -0.308674 0.106481 10.0403 0.0580322 -0.115148 -0.034972
2333.87 0.612875 -0.0766094 -9.38465 -0.31346 0.112463 10.0283 0.0549779 -0.11301 -0.0345139
2333.88 0.497961 -0.191523 -9.46126 -0.303888 0.106481 10.0271 0.0566577 -0.114843 -0.0355829
2333.9 0.57457 -0.191523 -9.15482 -0.271585 0.125623 10.0247 0.0499382 -0.105985 -0.0325286
2333.92 0.612875 -0.0383047 -9.34634 -0.247657 0.119641 10.0128 0.0557414 -0.114385 -0.0355829
2333.93 0.57457 -0.0766094 -9.42295 -0.258425 0.118445 10.0247 0.0536034 -0.110872 -0.033903
2333.95 0.459656 -0.0383047 -9.46126 -0.245264 0.130409 10.0223 0.0531453 -0.110719 -0.0311541
2333.97 0.497961 -0.153219 -9.34634 -0.238086 0.136391 10.0295 0.0571159 -0.112399 -0.0358883
2333.98 0.57457 -0.229828 -9.53786 -0.232104 0.130409 10.0391 0.0539089 -0.10797 -0.0343612
2334.0 0.57457 -0.0766094 -9.42295 -0.238086 0.13998 10.0367 0.0536034 -0.109498 -0.0357356
2334.02 0.57457 -0.114914 -9.34634 -0.257228 0.141176 10.0331 0.0517708 -0.106749 -0.0351248
2334.03 0.536266 -0.114914 -9.19312 -0.278764 0.160319 10.0283 0.0563523 -0.111483 -0.0358883
2334.05 0.65118 -0.114914 -9.42295 -0.283549 0.154337 10.0235 0.0557414 -0.111025 -0.0363465
2334.07 0.536266 -0.114914 -9.53786 -0.291924 0.149551 10.0319 0.0545197 -0.109192 -0.0358883
2334.08 0.459656 -0.153219 -9.46126 -0.30987 0.148355 10.0211 0.0555887 -0.110872 -0.0351248
2334.1 0.57457 -0.268133 -9.34634 -0.302692 0.159123 10.014 0.0520762 -0.108581 -0.0342084
2334.12 0.65118 -0.114914 -9.34634 -0.327816 0.148355 10.0235 0.0549779 -0.111788 -0.0348193
2334.13 0.536266 -0.0383047 -9.38465 -0.321834 0.145962 10.0343 0.0552833 -0.10965 -0.0348193
2334.15 0.57457 0.0 -9.34634 -0.321834 0.141176 10.0211 0.0549779 -0.110261 -0.0343612
2334.17 0.536266 -0.0383047 -9.61448 -0.329013 0.133998 10.0319 0.0546724 -0.11133 -0.0348193
2334.18 0.612875 -0.114914 -9.30804 -0.333799 0.133998 10.0343 0.0523817 -0.107665 -0.0322231
2334.2 0.766094 -0.0766094 -9.53786 -0.364905 0.116052 10.0152 0.0514654 -0.106749 -0.0305433
2334.21 0.65118 -0.153219 -9.11651 -0.367298 0.107677 10.0211 0.0548251 -0.111177 -0.0346666
2334.23 0.612875 -0.114914 -9.46126 -0.357727 0.12682 10.0319 0.0540616 -0.112857 -0.0329867
2334.25 0.689484 -0.153219 -9.49956 -0.374477 0.12323 10.0271 0.0500909 -0.106443 -0.0310014
2334.26 0.727789 -0.153219 -9.38465 -0.36012 0.117248 10.0283 0.0539089 -0.112399 -0.0337503
2334.28 0.612875 -0.153219 -9.38465 -0.351745 0.129212 10.0187 0.0513127 -0.11133 -0.0325286
2334.3 0.536266 -0.0383047 -9.15482 -0.338584 0.135194 10.0164 0.0552833 -0.115301 -0.0326813
2334.31 0.65118 -0.0766094 -9.34634 -0.325424 0.119641 10.0235 0.0555887 -0.114537 -0.0325286
2334.33 0.497961 -0.153219 -9.46126 -0.303888 0.0921237 10.0307 0.0560469 -0.113163 -0.0325286
2334.35 0.65118 -0.114914 -9.46126 -0.294317 0.0969093 10.0283 0.0569632 -0.116828 -0.0334449
2334.36 0.421352 -0.114914 -9.42295 -0.289531 0.0957129 10.0295 0.0531453 -0.11301 -0.0323759
2334.38 0.612875 -0.114914 -9.53786 -0.262014 0.0897308 10.0164 0.0551306 -0.11133 -0.0325286
2334.4 0.536266 -0.0766094 -9.42295 -0.259621 0.0993021 10.0295 0.0540616 -0.11301 -0.0343612
2334.41 0.57457 -0.114914 -9.46126 -0.265603 0.107677 10.0259 0.0534507 -0.109498 -0.0313068
2334.43 0.497961 -0.191523 -9.42295 -0.248853 0.117248 10.0283 0.0557414 -0.114385 -0.0366519
2334.45 0.459656 -0.114914 -9.72939 -0.232104 0.113659 10.0379 0.0528398 -0.109039 -0.033903
2334.46 0.497961 -0.153219 -9.34634 -0.259621 0.12323 10.0271 0.0572686 -0.115301 -0.0366519
2334.48 0.421352 -0.0766094 -9.38465 -0.256032 0.122034 10.014 0.0534507 -0.108276 -0.0334449
2334.5 0.57457 -0.191523 -9.49956 -0.259621 0.119641 10.0259 0.0561996 -0.111788 -0.0364992
2334.51 0.459656 -0.0766094 -9.30804 -0.271585 0.135194 10.0175 0.0539089 -0.108581 -0.0343612
2334.53 0.421352 -0.0383047 -9.49956 -0.269192 0.136391 10.0235 0.0529926 -0.107665 -0.034972
2334.55 0.497961 -0.114914 -9.34634 -0.248853 0.132802 10.0355 0.056505 -0.112246 -0.0375682
2334.56 0.57457 -0.0766094 -9.26973 -0.276371 0.138784 10.0235 0.0546724 -0.110719 -0.0358883
2334.58 0.459656 -0.0766094 -9.49956 -0.285942 0.119641 10.0271 0.0528398 -0.107818 -0.0331394
2334.6 0.57457 -0.114914 -9.38465 -0.281157 0.124427 10.0283 0.0557414 -0.111636 -0.0369573
2334.61 0.459656 -0.0766094 -9.26973 -0.307478 0.119641 10.0307 0.056505 -0.11133 -0.0363465
2334.63 0.612875 -0.0766094 -9.57617 -0.318245 0.132802 10.0259 0.0531453 -0.10736 -0.0374155
2334.65 0.65118 -0.0766094 -9.46126 -0.340977 0.128016 10.0223 0.0537561 -0.10736 -0.036041
2334.66 0.612875 -0.0766094 -9.49956 -0.339781 0.120837 10.0295 0.0534507 -0.10797 -0.0369573
2334.68 0.612875 -0.114914 -9.34634 -0.340977 0.129212 10.0307 0.0534507 -0.10797 -0.0346666
2334.7 0.612875 -0.0766094 -9.38465 -0.357727 0.147159 10.0271 0.0510072 -0.106596 -0.0334449
2334.71 0.65118 -0.153219 -9.53786 -0.354138 0.144766 10.0283 0.0510072 -0.109039 -0.0346666
2334.73 0.536266 -0.0766094 -9.38465 -0.361316 0.136391 10.0187 0.0557414 -0.113163 -0.0354302
2334.75 0.497961 -0.0383047 -9.49956 -0.354138 0.148355 10.0295 0.055436 -0.113468 -0.0361938
2334.76 0.612875 -0.114914 -9.34634 -0.345763 0.130409 10.0307 0.0578795 -0.113774 -0.0346666
2334.78 0.612875 -0.114914 -9.46126 -0.352941 0.130409 10.0187 0.053298 -0.110567 -0.031765
2334.79 0.57457 -0.114914 -9.49956 -0.348156 0.124427 10.0211 0.0528398 -0.109345 -0.0305433
2334.81 0.612875 -0.191523 -9.42295 -0.330209 0.114855 10.0164 0.055436 -0.114843 -0.0332921
2334.82 0.612875 -0.0766094 -9.34634 -0.330209 0.116052 10.0187 0.0510072 -0.108123 -0.0320704
2334.84 0.497961 -0.0766094 -9.42295 -0.321834 0.111266 10.0343 0.053298 -0.113468 -0.0337503
2334.86 0.536266 -0.0766094 -9.30804 -0.307478 0.11007 10.002 0.0523817 -0.113163 -0.030696
2334.87 0.497961 -0.0766094 -9.49956 -0.318245 0.124427 10.0307 0.0513127 -0.109345 -0.0303905
2334.89 0.536266 -0.153219 -9.34634 -0.30987 0.138784 10.0211 0.0551306 -0.115148 -0.033903
2334.9 0.57457 -0.0383047 -9.26973 -0.288335 0.145962 10.0331 0.0519235 -0.110108 -0.032834
2334.92 0.536266 -0.0383047 -9.42295 -0.273978 0.13998 10.0259 0.0548251 -0.113621 -0.0335976
2334.93 0.612875 -0.0766094 -9.34634 -0.2668 0.129212 10.0355 0.0552833 -0.112552 -0.0332921
2335.53 0.497961 -0.114914 -9.42295 -0.234497 0.13998 10.0343 0.0536034 -0.113163 -0.0343612
2335.54 0.497961 -0.114914 -9.49956 -0.2333 0.125623 10.0319 0.0552833 -0.116064 -0.0346666
2335.56 0.536266 -0.0383047 -9.34634 -0.262014 0.119641 10.0187 0.0542143 -0.112552 -0.0331394
2335.58 0.459656 -0.114914 -9.38465 -0.242871 0.113659 10.0175 0.0508545 -0.108887 -0.0310014
2335.59 0.536266 -0.0766094 -9.42295 -0.260818 0.113659 10.0259 0.0542143 -0.111788 -0.0329867
2335.61 0.536266 -0.114914 -9.42295 -0.262014 0.101695 10.0319 0.0523817 -0.108581 -0.0331394
2335.63 0.497961 -0.153219 -9.34634 -0.260818 0.0885344 10.0331 0.0574213 -0.115301 -0.03711
2335.64 0.57457 -0.191523 -9.46126 -0.289531 0.0801595 10.0283 0.0545197 -0.110567 -0.0331394
2335.66 0.536266 -0.191523 -9.34634 -0.288335 0.0705882 10.0463 0.0560469 -0.110567 -0.0342084
2335.68 0.766094 -0.229828 -9.49956 -0.291924 0.0729811 10.0295 0.0526871 -0.106749 -0.0322231
2335.69 0.65118 -0.114914 -9.42295 -0.333799 0.087338 10.0187 0.0529926 -0.106596 -0.034972
2335.71 0.536266 -0.0766094 -9.38465 -0.348156 0.0981057 10.0343 0.0548251 -0.110567 -0.0381791
2335.73 0.612875 -0.153219 -9.61448 -0.338584 0.0861416 10.0367 0.0589485 -0.114537 -0.0398589
2335.74 0.65118 -0.191523 -9.46126 -0.342173 0.104088 10.0319 0.053298 -0.106596 -0.0343612
2335.76 0.689484 -0.191523 -9.38465 -0.351745 0.12323 10.0211 0.0552833 -0.110414 -0.0374155
2335.78 0.612875 -0.0383047 -9.57617 -0.36012 0.12682 10.008 0.0557414 -0.109956 -0.0358883
2335.79 0.65118 -0.0766094 -9.42295 -0.364905 0.11007 10.0295 0.0569632 -0.111788 -0.0358883
2335.81 0.612875 -0.114914 -9.26973 -0.368495 0.107677 10.0223 0.0531453 -0.109498 -0.0343612
2335.83 0.612875 -0.191523 -9.42295 -0.352941 0.107677 10.0415 0.0560469 -0.112094 -0.0357356
2335.84 0.689484 -0.0766094 -9.49956 -0.361316 0.113659 10.0223 0.056505 -0.111788 -0.0329867
2335.86 0.65118 -0.191523 -9.34634 -0.342173 0.107677 10.0235 0.0563523 -0.112246 -0.0342084
2335.88 0.612875 -0.153219 -9.38465 -0.333799 0.104088 10.0187 0.0577268 -0.114385 -0.0352775
2335.89 0.536266 -0.114914 -9.42295 -0.324227 0.133998 10.0295 0.0537561 -0.112094 -0.0346666
2335.91 0.497961 -0.153219 -9.42295 -0.325424 0.144766 10.0223 0.0561996 -0.112705 -0.0337503
2335.92 0.536266 -0.114914 -9.53786 -0.299103 0.137587 10.0235 0.0548251 -0.111177 -0.0325286
2335.94 0.497961 -0.153219 -9.34634 -0.276371 0.165105 10.014 0.0503964 -0.107818 -0.0313068
2335.96 0.383047 -0.0766094 -9.46126 -0.252443 0.154337 10.0451 0.0549779 -0.112552 -0.0357356
2335.97 0.421352 -0.0766094 -9.49956 -0.270389 0.168694 10.0259 0.0561996 -0.11469 -0.0351248
2335.99 0.536266 -0.0766094 -9.46126 -0.259621 0.157926 10.0199 0.0516181 -0.110108 -0.0329867
2336.01 0.459656 -0.114914 -9.42295 -0.251246 0.154337 10.0247 0.0542143 -0.110719 -0.0329867
2336.02 0.727789 0.0 -9.38465 -0.271585 0.16989 10.0152 0.0520762 -0.109039 -0.0311541
2336.04 0.536266 -0.114914 -9.38465 -0.272782 0.154337 10.0283 0.0540616 -0.111636 -0.0322231
