2114.04 0.65118 0.0 -9.42295 -0.315852 0.119641 10.0175 0.0542143 -0.11301 -0.0358883
2114.06 0.383047 -0.114914 -9.38465 -0.294317 0.125623 10.0223 0.0566577 -0.114843 -0.0363465
2114.08 0.612875 -0.114914 -9.46126 -0.312263 0.136391 10.0247 0.057574 -0.115759 -0.0363465
2114.09 0.612875 -0.114914 -9.38465 -0.295514 0.13998 10.0307 0.055436 -0.112094 -0.0342084
2114.11 0.612875 0.0 -9.34634 -0.284746 0.149551 10.0235 0.0571159 -0.11469 -0.0364992
2114.13 0.497961 -0.0383047 -9.42295 -0.265603 0.145962 10.0451 0.0517708 -0.110414 -0.0337503
2114.14 0.383047 -0.153219 -9.30804 -0.252443 0.141176 10.0319 0.0584903 -0.117592 -0.0366519
2114.16 0.497961 -0.0383047 -9.42295 -0.239282 0.143569 10.0271 0.054367 -0.109192 -0.030696
2114.18 0.497961 -0.114914 -9.34634 -0.210568 0.142373 10.0343 0.0549779 -0.111788 -0.0316123
2114.19 0.459656 -0.0383047 -9.57617 -0.215354 0.12682 10.0295 0.0549779 -0.111636 -0.0337503
2114.21 0.421352 -0.114914 -9.42295 -0.217747 0.102891 10.0199 0.0519235 -0.105222 -0.0345139
2114.23 0.497961 -0.114914 -9.42295 -0.2333 0.11007 10.0235 0.053298 -0.10965 -0.0352775
2114.24 0.612875 -0.153219 -9.30804 -0.252443 0.107677 10.0403 0.0536034 -0.107207 -0.0369573
2114.26 0.612875 -0.0766094 -9.49956 -0.291924 0.129212 10.0319 0.0563523 -0.111177 -0.0364992
2114.28 0.497961 -0.114914 -9.42295 -0.301496 0.128016 10.0092 0.0551306 -0.109956 -0.0358883
2114.29 0.612875 -0.0766094 -9.34634 -0.334995 0.130409 10.0247 0.0526871 -0.106138 -0.0354302
2114.31 0.65118 -0.0383047 -9.34634 -0.357727 0.141176 10.0187 0.0534507 -0.110261 -0.0375682
2114.33 0.497961 -0.0766094 -9.0016 -0.350548 0.141176 10.0307 0.0537561 -0.109498 -0.0384845
2114.34 0.57457 -0.0383047 -9.38465 -0.378066 0.125623 10.0128 0.0529926 -0.110719 -0.034972
2114.36 0.57457 -0.0383047 -9.38465 -0.364905 0.144766 10.0199 0.0542143 -0.11133 -0.0325286
2114.38 0.612875 -0.153219 -9.46126 -0.340977 0.135194 10.0391 0.0558941 -0.113163 -0.0332921
2114.39 0.57457 -0.114914 -9.23143 -0.34337 0.119641 10.0391 0.0484111 -0.104153 -0.0288634
2114.41 0.612875 -0.0766094 -9.38465 -0.345763 0.101695 10.0271 0.053298 -0.111788 -0.0326813
2114.42 0.536266 -0.114914 -9.26973 -0.340977 0.106481 10.0427 0.0529926 -0.111788 -0.0313068
2114.44 0.612875 0.0 -9.23143 -0.329013 0.0921237 10.0403 0.0514654 -0.108123 -0.0285579
2114.46 0.689484 -0.0766094 -9.30804 -0.349352 0.0885344 10.0283 0.0568105 -0.11469 -0.033903
2114.48 0.536266 -0.114914 -9.38465 -0.342173 0.0753739 10.0283 0.056505 -0.11133 -0.034972
2114.5 0.689484 -0.114914 -9.38465 -0.348156 0.0993021 10.0152 0.053298 -0.110108 -0.0357356
2114.51 0.612875 -0.191523 -9.42295 -0.333799 0.0993021 10.0283 0.0552833 -0.111636 -0.0357356
2114.53 0.65118 -0.191523 -9.26973 -0.318245 0.135194 10.0271 0.0563523 -0.115301 -0.0337503
2114.55 0.57457 -0.0383047 -9.42295 -0.293121 0.13998 10.0355 0.0557414 -0.111177 -0.0313068
2114.56 0.536266 -0.191523 -9.38465 -0.278764 0.130409 10.002 0.0529926 -0.110108 -0.0334449
2114.58 0.612875 -0.0383047 -9.23143 -0.257228 0.141176 10.0116 0.0577268 -0.115454 -0.0357356
2114.6 0.536266 -0.191523 -9.26973 -0.247657 0.131605 10.0343 0.0552833 -0.113774 -0.0322231
2114.61 0.536266 -0.0766094 -9.34634 -0.260818 0.11007 10.0271 0.0536034 -0.111483 -0.0290161
2114.63 0.57457 -0.114914 -9.57617 -0.247657 0.104088 10.0367 0.0545197 -0.11301 -0.030696
2114.65 0.459656 -0.229828 -9.42295 -0.257228 0.0969093 10.0331 0.0558941 -0.113468 -0.034972
2114.66 0.612875 -0.114914 -9.38465 -0.256032 0.0957129 10.0355 0.0548251 -0.111177 -0.0369573
2114.68 0.497961 -0.191523 -9.07821 -0.283549 0.0909272 10.0211 0.0584903 -0.117286 -0.0387899
2114.7 0.536266 -0.114914 -9.34634 -0.290728 0.0981057 10.0295 0.0549779 -0.109803 -0.0343612
2114.71 0.536266 -0.153219 -9.49956 -0.294317 0.112463 10.0187 0.0548251 -0.108581 -0.0345139
2114.73 0.421352 -0.0766094 -9.49956 -0.303888 0.13998 10.0235 0.0511599 -0.10568 -0.0332921
2114.75 0.57457 -0.0383047 -9.42295 -0.289531 0.145962 10.0271 0.0569632 -0.111483 -0.0383318
2114.76 0.612875 -0.0766094 -9.38465 -0.293121 0.166301 10.0367 0.0528398 -0.108276 -0.0352775
2114.78 0.459656 -0.0766094 -9.46126 -0.273978 0.144766 10.0391 0.0517708 -0.108581 -0.0342084
2114.8 0.497961 -0.0766094 -9.42295 -0.308674 0.157926 10.0187 0.0528398 -0.107512 -0.0290161
2114.81 0.57457 -0.0383047 -9.30804 -0.289531 0.145962 10.0307 0.054367 -0.112246 -0.030696
2114.83 0.612875 -0.153219 -9.38465 -0.297906 0.122034 10.0319 0.055436 -0.113621 -0.0335976
2114.85 0.689484 -0.0383047 -9.57617 -0.294317 0.0897308 10.0295 0.0517708 -0.10797 -0.0346666
2114.86 0.689484 -0.0383047 -9.38465 -0.29671 0.0705882 10.0355 0.0548251 -0.109345 -0.0340557
2114.88 0.57457 -0.191523 -9.23143 -0.283549 0.0789631 10.0391 0.0594066 -0.115454 -0.0363465
2114.9 0.689484 -0.191523 -9.42295 -0.31346 0.0849452 10.0259 0.0551306 -0.110567 -0.0331394
2114.91 0.57457 -0.114914 -9.42295 -0.338584 0.101695 10.0331 0.053298 -0.108734 -0.036041
2114.93 0.689484 -0.114914 -9.46126 -0.34337 0.11007 10.0199 0.0542143 -0.107207 -0.0358883
2114.95 0.612875 -0.268133 -9.23143 -0.36012 0.124427 10.0247 0.0572686 -0.113926 -0.0394008
2114.96 0.536266 -0.0383047 -9.30804 -0.342173 0.12323 10.0295 0.0572686 -0.113315 -0.0363465
2114.98 0.612875 -0.0766094 -9.26973 -0.34337 0.142373 10.0247 0.0540616 -0.110414 -0.0334449
2115.0 0.612875 -0.114914 -9.49956 -0.332602 0.153141 10.0211 0.0561996 -0.11301 -0.0334449
2115.01 0.536266 -0.0383047 -9.38465 -0.32662 0.142373 10.0355 0.0525344 -0.109192 -0.0334449
2115.03 0.536266 0.0 -9.65278 -0.339781 0.129212 10.0152 0.0519235 -0.108429 -0.0322231
2115.05 0.57457 -0.153219 -9.49956 -0.334995 0.128016 10.0235 0.0571159 -0.113163 -0.0343612
2115.06 0.497961 -0.0766094 -9.38465 -0.351745 0.116052 10.0271 0.0529926 -0.110414 -0.0299324
2115.08 0.727789 -0.114914 -9.57617 -0.339781 0.101695 10.0211 0.0529926 -0.109803 -0.0303905
2115.1 0.57457 -0.153219 -9.42295 -0.333799 0.104088 10.0307 0.052229 -0.110414 -0.0314596
2115.11 0.536266 -0.0766094 -9.34634 -0.32662 0.112463 10.0307 0.0574213 -0.116064 -0.03711
2115.13 0.536266 -0.0383047 -9.61448 -0.323031 0.12323 10.0247 0.0552833 -0.112705 -0.0352775
2115.15 0.65118 -0.0766094 -9.42295 -0.290728 0.136391 10.0295 0.0566577 -0.112857 -0.0335976
2115.16 0.536266 0.0 -9.38465 -0.271585 0.147159 10.0283 0.0537561 -0.110108 -0.0331394
2115.18 0.536266 -0.0766094 -9.42295 -0.259621 0.147159 10.0199 0.053298 -0.110414 -0.0323759
2115.2 0.536266 -0.0766094 -9.30804 -0.262014 0.161515 10.0295 0.0523817 -0.110108 -0.0332921
2115.21 0.344742 -0.114914 -9.30804 -0.236889 0.163908 10.0331 0.0558941 -0.113926 -0.0355829
2115.23 0.536266 -0.114914 -9.49956 -0.235693 0.162712 10.0211 0.0537561 -0.109956 -0.0310014
2115.25 0.497961 0.0 -9.42295 -0.253639 0.136391 10.0271 0.0545197 -0.113468 -0.0320704
2115.26 0.421352 -0.0383047 -9.38465 -0.226122 0.116052 10.0343 0.0505491 -0.10736 -0.0280998
2115.28 0.65118 -0.114914 -9.38465 -0.247657 0.0981057 10.0271 0.0542143 -0.112094 -0.033903
2115.29 0.497961 -0.153219 -9.38465 -0.253639 0.0789631 10.0319 0.0528398 -0.106443 -0.0320704
2115.31 0.383047 -0.191523 -9.26973 -0.248853 0.0909272 10.0355 0.0526871 -0.108276 -0.0335976
2115.33 0.57457 -0.114914 -9.23143 -0.278764 0.0849452 10.0271 0.0548251 -0.110414 -0.0351248
2115.34 0.497961 -0.191523 -9.23143 -0.262014 0.0813559 10.0367 0.0523817 -0.105527 -0.0331394
2115.36 0.421352 -0.191523 -9.26973 -0.289531 0.102891 10.0319 0.0517708 -0.106291 -0.0358883
2115.38 0.459656 -0.0766094 -9.26973 -0.311067 0.12323 10.0235 0.0552833 -0.109498 -0.0397062
2115.39 0.57457 -0.153219 -9.53786 -0.318245 0.12323 10.0271 0.0577268 -0.110567 -0.0390954
2115.41 0.536266 -0.114914 -9.34634 -0.348156 0.12682 10.0259 0.0536034 -0.106443 -0.0351248
2115.43 0.727789 -0.153219 -9.26973 -0.35653 0.132802 10.0187 0.056505 -0.110261 -0.0351248
2115.44 0.727789 -0.114914 -9.46126 -0.366102 0.111266 10.0175 0.0531453 -0.10736 -0.0326813
2115.46 0.57457 -0.114914 -9.30804 -0.376869 0.114855 10.0307 0.0555887 -0.113621 -0.0337503
2115.48 0.612875 -0.229828 -9.19312 -0.369691 0.0969093 10.0283 0.0508545 -0.107512 -0.0329867
2115.49 0.65118 -0.191523 -9.30804 -0.361316 0.0993021 10.0355 0.0581849 -0.11469 -0.0361938
2115.51 0.497961 -0.114914 -9.38465 -0.361316 0.0945165 10.0331 0.0540616 -0.107665 -0.030696
2115.53 0.536266 -0.191523 -9.0016 -0.350548 0.0981057 10.0247 0.0577268 -0.114995 -0.0337503
2115.55 0.689484 -0.114914 -9.34634 -0.348156 0.087338 10.0283 0.0557414 -0.114537 -0.0345139
2115.56 0.57457 -0.0766094 -9.38465 -0.327816 0.108873 10.0271 0.0577268 -0.113774 -0.0355829
2115.58 0.727789 -0.114914 -9.46126 -0.324227 0.124427 10.0211 0.0548251 -0.111636 -0.0355829
2115.59 0.612875 -0.114914 -9.0016 -0.325424 0.144766 10.0211 0.054367 -0.111177 -0.0352775
2115.61 0.612875 -0.0383047 -9.46126 -0.315852 0.171087 10.0235 0.0558941 -0.114079 -0.0355829
2115.63 0.689484 -0.0383047 -9.49956 -0.282353 0.174676 10.0271 0.0566577 -0.113315 -0.0337503
2115.64 0.689484 -0.153219 -9.34634 -0.290728 0.167498 10.0391 0.0580322 -0.115912 -0.0357356
2115.66 0.57457 -0.114914 -9.46126 -0.289531 0.174676 10.0295 0.055436 -0.113315 -0.0351248
2115.68 0.421352 0.0 -9.34634 -0.281157 0.157926 10.0199 0.0542143 -0.113926 -0.032834
2115.69 0.57457 -0.114914 -9.38465 -0.26321 0.13998 10.0199 0.0519235 -0.108887 -0.0284052
2115.71 0.497961 -0.0766094 -9.65278 -0.269192 0.131605 10.0104 0.0548251 -0.111177 -0.0297797
2115.72 0.57457 -0.114914 -9.30804 -0.251246 0.117248 10.0187 0.0540616 -0.114385 -0.0334449
2115.74 0.612875 -0.114914 -9.61448 -0.253639 0.111266 10.0187 0.054367 -0.112857 -0.031765
2115.76 0.459656 -0.191523 -9.65278 -0.241675 0.101695 10.0439 0.0510072 -0.10797 -0.0326813
2115.77 0.536266 -0.153219 -9.42295 -0.253639 0.101695 10.0319 0.0525344 -0.10736 -0.0322231
2115.79 0.459656 -0.153219 -9.34634 -0.236889 0.112463 10.0379 0.0534507 -0.107512 -0.0332921
2115.81 0.497961 -0.153219 -9.34634 -0.267996 0.132802 10.0271 0.0539089 -0.109498 -0.0352775
2115.82 0.65118 -0.114914 -9.23143 -0.294317 0.131605 10.0295 0.0540616 -0.11133 -0.0361938
2115.84 0.57457 -0.114914 -9.49956 -0.290728 0.13998 10.0379 0.0514654 -0.106749 -0.0358883
2115.86 0.536266 -0.114914 -9.42295 -0.29671 0.128016 10.0415 0.0555887 -0.109956 -0.0375682
2115.88 0.536266 -0.114914 -9.26973 -0.329013 0.119641 10.0235 0.0539089 -0.110261 -0.0334449
2115.89 0.459656 -0.114914 -9.42295 -0.331406 0.112463 10.0271 0.0513127 -0.106443 -0.0310014
2115.91 0.57457 -0.114914 -9.38465 -0.32662 0.102891 10.0355 0.0539089 -0.109956 -0.0329867
2115.92 0.65118 -0.229828 -9.34634 -0.346959 0.087338 10.0175 0.0520762 -0.108123 -0.0308487
2115.94 0.65118 -0.114914 -9.46126 -0.339781 0.0658026 10.0211 0.0555887 -0.112857 -0.0342084
2115.96 0.65118 -0.153219 -9.42295 -0.348156 0.0622134 10.0223 0.0539089 -0.110719 -0.0326813
2115.97 0.612875 -0.153219 -9.46126 -0.342173 0.0658026 10.0247 0.0549779 -0.112399 -0.0342084
2115.99 0.689484 -0.153219 -9.42295 -0.337388 0.0705882 10.0152 0.0549779 -0.111025 -0.034972
2116.01 0.612875 -0.153219 -9.34634 -0.346959 0.0765703 10.0247 0.0525344 -0.107207 -0.0372628
2116.02 0.57457 -0.114914 -9.26973 -0.337388 0.106481 10.0223 0.0569632 -0.114079 -0.0400117
2116.04 0.536266 -0.0383047 -9.38465 -0.346959 0.125623 10.0175 0.0519235 -0.108276 -0.0368046
2116.06 0.459656 -0.0766094 -9.23143 -0.337388 0.130409 10.0187 0.0594066 -0.116675 -0.0377209
2116.07 0.612875 -0.0766094 -9.38465 -0.336191 0.151944 10.0223 0.0549779 -0.11301 -0.0348193
2116.09 0.57457 -0.0766094 -9.38465 -0.334995 0.15673 10.0116 0.0540616 -0.10965 -0.034972
2116.11 0.57457 -0.0766094 -9.26973 -0.312263 0.129212 10.0331 0.0549779 -0.111788 -0.0352775
2116.12 0.727789 -0.114914 -9.46126 -0.293121 0.132802 10.0403 0.0561996 -0.113163 -0.0332921
2116.14 0.727789 -0.153219 -9.26973 -0.306281 0.128016 10.014 0.0566577 -0.114843 -0.0332921
2116.16 0.612875 -0.0383047 -9.34634 -0.287139 0.116052 10.0331 0.0557414 -0.114385 -0.0316123
2116.17 0.497961 -0.0766094 -9.34634 -0.281157 0.129212 10.0247 0.0542143 -0.111941 -0.0332921
2116.19 0.612875 -0.153219 -9.42295 -0.258425 0.113659 10.0223 0.0542143 -0.110719 -0.0357356
2116.21 0.497961 0.0 -9.34634 -0.246461 0.141176 10.0295 0.0540616 -0.111025 -0.0366519
2116.22 0.459656 -0.0383047 -9.30804 -0.240479 0.150748 10.0367 0.0540616 -0.108887 -0.0343612
2116.24 0.497961 -0.0766094 -9.38465 -0.252443 0.149551 10.0307 0.0546724 -0.10965 -0.0334449
2116.26 0.459656 -0.153219 -9.30804 -0.276371 0.172283 10.0259 0.0586431 -0.113163 -0.0374155
2116.27 0.57457 -0.0383047 -9.53786 -0.290728 0.18664 10.0343 0.0555887 -0.112094 -0.0364992
2116.29 0.497961 -0.0766094 -9.34634 -0.287139 0.175872 10.0427 0.052229 -0.109498 -0.0351248
2116.31 0.57457 -0.114914 -9.30804 -0.31346 0.165105 10.0152 0.0534507 -0.109956 -0.0337503
2116.32 0.57457 -0.114914 -9.26973 -0.303888 0.159123 10.0367 0.0502437 -0.108429 -0.0311541
2116.34 0.727789 -0.0766094 -9.34634 -0.318245 0.147159 10.014 0.0528398 -0.109956 -0.0300851
2116.35 0.65118 -0.114914 -9.42295 -0.300299 0.12682 10.0319 0.0523817 -0.10797 -0.0287107
2116.37 0.421352 -0.0766094 -9.42295 -0.29671 0.102891 10.0271 0.0491747 -0.106138 -0.0310014
2116.39 0.536266 -0.153219 -9.34634 -0.294317 0.087338 10.0355 0.0534507 -0.10965 -0.0323759
2116.4 0.57457 -0.153219 -9.30804 -0.306281 0.0801595 10.0283 0.0571159 -0.115454 -0.0357356
2116.42 0.689484 -0.0766094 -9.57617 -0.303888 0.0789631 10.0355 0.0516181 -0.108734 -0.0316123
2116.44 0.842703 -0.191523 -9.42295 -0.312263 0.0813559 10.0331 0.0563523 -0.113774 -0.0357356
2116.45 0.804398 -0.114914 -9.49956 -0.333799 0.087338 10.0283 0.0566577 -0.112246 -0.0368046
2116.47 0.57457 0.0 -9.38465 -0.330209 0.11007 10.0355 0.0534507 -0.108429 -0.0346666
2116.49 0.689484 -0.0766094 -9.19312 -0.337388 0.106481 10.0211 0.0520762 -0.10797 -0.034972
2116.5 0.65118 -0.114914 -9.19312 -0.351745 0.11007 10.0104 0.0499382 -0.10568 -0.0303905
2116.52 0.612875 -0.0766094 -9.42295 -0.348156 0.125623 10.0152 0.0540616 -0.108734 -0.0300851
2116.54 0.536266 -0.153219 -9.49956 -0.338584 0.105284 10.0283 0.0523817 -0.108276 -0.0313068
2116.55 0.57457 -0.229828 -9.42295 -0.329013 0.0897308 10.0223 0.0519235 -0.109345 -0.0316123
2116.57 0.536266 -0.153219 -9.19312 -0.312263 0.0861416 10.0211 0.054367 -0.111025 -0.0325286
2116.59 0.57457 -0.191523 -9.42295 -0.287139 0.0801595 10.0355 0.0536034 -0.10965 -0.0322231
2116.6 0.65118 -0.268133 -9.34634 -0.291924 0.0729811 10.0199 0.0526871 -0.109956 -0.0300851
2116.62 0.497961 -0.0383047 -9.23143 -0.305085 0.0789631 10.0307 0.0577268 -0.114232 -0.0354302
2116.64 0.57457 -0.191523 -9.38465 -0.302692 0.0765703 10.0343 0.0561996 -0.113774 -0.0375682
2116.65 0.536266 -0.114914 -9.30804 -0.293121 0.09332 10.0367 0.0560469 -0.11301 -0.0383318
2116.67 0.497961 -0.114914 -9.42295 -0.297906 0.124427 10.0355 0.0551306 -0.112857 -0.0389426
2116.68 0.57457 -0.114914 -9.42295 -0.308674 0.137587 10.0187 0.0526871 -0.107512 -0.0345139
2116.7 0.689484 -0.0766094 -9.42295 -0.307478 0.160319 10.0187 0.0580322 -0.112246 -0.0366519
2116.72 0.612875 -0.153219 -9.42295 -0.289531 0.180658 10.0307 0.0561996 -0.110719 -0.0358883
2116.73 0.459656 0.0 -9.42295 -0.284746 0.171087 10.0427 0.0548251 -0.110414 -0.0340557
2116.75 0.536266 -0.114914 -9.46126 -0.278764 0.171087 10.0331 0.0591012 -0.113926 -0.0343612
2116.77 0.497961 0.0383047 -9.38465 -0.272782 0.167498 10.0295 0.0537561 -0.111177 -0.031765
2116.78 0.344742 -0.0383047 -9.46126 -0.290728 0.160319 10.0175 0.0546724 -0.109803 -0.0310014
2116.8 0.497961 -0.114914 -9.49956 -0.265603 0.144766 10.0355 0.0560469 -0.113621 -0.0316123
2116.82 0.536266 -0.153219 -9.53786 -0.265603 0.136391 10.0247 0.0591012 -0.114537 -0.034972
2116.83 0.421352 -0.0766094 -9.38465 -0.271585 0.131605 10.0307 0.0560469 -0.112246 -0.0351248
2116.85 0.497961 -0.191523 -9.30804 -0.271585 0.119641 10.0295 0.052229 -0.109345 -0.0334449
2116.87 0.536266 -0.0766094 -9.26973 -0.297906 0.132802 10.0343 0.0539089 -0.10965 -0.0346666
2116.88 0.536266 -0.0766094 -9.38465 -0.290728 0.137587 10.0056 0.0534507 -0.10797 -0.0334449
2116.9 0.57457 -0.0766094 -9.38465 -0.321834 0.15673 10.0259 0.0574213 -0.115454 -0.0383318
2116.92 0.612875 -0.0766094 -9.57617 -0.330209 0.145962 10.0259 0.0536034 -0.112094 -0.036041
2116.93 0.65118 -0.191523 -9.42295 -0.329013 0.142373 10.0247 0.0529926 -0.111025 -0.034972
2116.95 0.497961 -0.114914 -9.38465 -0.301496 0.161515 10.0415 0.052229 -0.109192 -0.0314596
2116.97 0.57457 -0.0766094 -9.49956 -0.315852 0.144766 10.0379 0.0534507 -0.110719 -0.029627
2116.98 0.689484 -0.0766094 -9.30804 -0.32662 0.12682 10.0271 0.0539089 -0.111177 -0.0302378
2117.0 0.612875 -0.0766094 -9.38465 -0.320638 0.111266 10.0307 0.0531453 -0.109345 -0.0303905
2117.02 0.65118 -0.153219 -9.30804 -0.330209 0.0777667 10.0175 0.0534507 -0.109803 -0.0325286
2117.03 0.612875 -0.114914 -9.42295 -0.333799 0.0693918 10.0319 0.0517708 -0.109956 -0.0290161
2117.05 0.689484 -0.191523 -9.53786 -0.345763 0.0490528 10.0235 0.0551306 -0.114537 -0.0313068
2117.07 0.727789 -0.191523 -9.46126 -0.340977 0.0323031 10.0223 0.055436 -0.11469 -0.034972
2117.08 0.612875 -0.191523 -9.53786 -0.324227 0.0574277 10.0307 0.056505 -0.112399 -0.0351248
2117.1 0.536266 -0.191523 -9.38465 -0.336191 0.0586241 10.0271 0.0519235 -0.109803 -0.0337503
2117.12 0.689484 -0.191523 -9.38465 -0.344566 0.0825523 10.0355 0.0583376 -0.115759 -0.0368046
2117.13 0.536266 -0.0383047 -9.38465 -0.321834 0.0981057 10.0319 0.0545197 -0.111177 -0.0342084
2117.15 0.459656 -0.114914 -9.69109 -0.320638 0.12682 10.0223 0.053298 -0.110567 -0.0335976
2117.16 0.612875 -0.153219 -9.46126 -0.312263 0.129212 10.0211 0.0555887 -0.111177 -0.0334449
2117.18 0.57457 -0.114914 -9.19312 -0.311067 0.119641 10.0092 0.056505 -0.111941 -0.031765
2117.2 0.612875 -0.114914 -9.46126 -0.273978 0.119641 10.0199 0.0572686 -0.114232 -0.0351248
2117.21 0.421352 -0.153219 -9.34634 -0.246461 0.116052 10.0343 0.0555887 -0.11301 -0.0332921
2117.23 0.536266 -0.114914 -9.34634 -0.25005 0.11007 10.0283 0.0537561 -0.111941 -0.0310014
2117.25 0.344742 -0.229828 -9.19312 -0.239282 0.0981057 10.0199 0.0529926 -0.109192 -0.0329867
2117.26 0.497961 -0.114914 -9.38465 -0.238086 0.0861416 10.0403 0.0569632 -0.11301 -0.036041
2117.28 0.57457 -0.0766094 -9.30804 -0.265603 0.09332 10.0175 0.0546724 -0.108276 -0.0357356
2117.3 0.612875 -0.153219 -9.34634 -0.276371 0.117248 10.0187 0.0555887 -0.10797 -0.0351248
2117.31 0.612875 -0.114914 -9.34634 -0.26321 0.124427 10.0355 0.0577268 -0.111025 -0.0375682
2117.33 0.497961 -0.0766094 -9.61448 -0.270389 0.138784 10.0235 0.0523817 -0.106138 -0.0358883
2117.34 0.65118 -0.114914 -9.38465 -0.294317 0.159123 10.0235 0.0539089 -0.106901 -0.0375682
2117.36 0.383047 -0.0766094 -9.42295 -0.297906 0.187837 10.014 0.0563523 -0.10965 -0.0381791
2117.38 0.612875 -0.0766094 -9.46126 -0.278764 0.179462 10.0355 0.0557414 -0.110414 -0.0351248
2117.39 0.536266 -0.114914 -9.46126 -0.295514 0.159123 10.0259 0.0540616 -0.109956 -0.0331394
2117.41 0.57457 -0.153219 -9.26973 -0.303888 0.171087 10.0343 0.0572686 -0.112399 -0.0352775
2117.42 0.57457 -0.114914 -9.34634 -0.311067 0.165105 10.0187 0.0529926 -0.106901 -0.0313068
2117.44 0.65118 -0.153219 -9.46126 -0.303888 0.147159 10.0259 0.0548251 -0.111483 -0.0335976
2117.46 0.612875 -0.229828 -9.23143 -0.34337 0.108873 10.0223 0.0507018 -0.105985 -0.0299324
2117.47 0.536266 -0.191523 -9.42295 -0.367298 0.104088 10.0283 0.0537561 -0.109192 -0.0313068
2117.49 0.57457 -0.268133 -9.07821 -0.36012 0.0993021 10.0128 0.0555887 -0.112094 -0.0340557
2117.51 0.766094 -0.0766094 -9.26973 -0.380459 0.09332 10.0175 0.0529926 -0.110567 -0.0340557
2117.52 0.957617 -0.0383047 -9.38465 -0.372084 0.104088 10.0319 0.0528398 -0.109803 -0.0345139
2117.54 0.842703 -0.114914 -9.19312 -0.372084 0.119641 10.0175 0.0540616 -0.110567 -0.0352775
2117.56 0.57457 -0.114914 -9.42295 -0.354138 0.12682 10.0307 0.0525344 -0.10965 -0.0337503
2117.57 0.727789 -0.0766094 -9.26973 -0.346959 0.142373 10.0307 0.0542143 -0.114232 -0.0322231
2117.59 0.612875 -0.0383047 -9.42295 -0.329013 0.148355 10.0391 0.0539089 -0.114232 -0.0319177
2117.61 0.766094 -0.229828 -9.42295 -0.311067 0.138784 10.0259 0.0563523 -0.116523 -0.0325286
2117.62 0.65118 -0.153219 -9.49956 -0.32662 0.12682 10.0199 0.0537561 -0.111788 -0.0308487
2117.64 0.612875 -0.0766094 -9.46126 -0.327816 0.111266 10.0152 0.0531453 -0.110872 -0.0285579
2117.65 0.536266 -0.229828 -9.49956 -0.302692 0.0837488 10.0259 0.0546724 -0.112705 -0.0279471
2117.67 0.497961 -0.229828 -9.42295 -0.293121 0.0681954 10.0295 0.0517708 -0.109039 -0.0270308
2117.68 0.497961 -0.191523 -9.30804 -0.284746 0.0789631 10.0319 0.057574 -0.116828 -0.0334449
2117.7 0.57457 -0.0383047 -9.57617 -0.277567 0.0753739 10.0259 0.0539089 -0.113926 -0.0329867
2117.71 0.536266 -0.114914 -9.26973 -0.293121 0.0562313 10.0199 0.053298 -0.110719 -0.0335976
2117.73 0.421352 -0.114914 -9.34634 -0.247657 0.0789631 10.0331 0.0568105 -0.115759 -0.0351248
2117.75 0.459656 -0.191523 -9.38465 -0.244068 0.100499 10.0319 0.0551306 -0.11133 -0.0343612
2117.76 0.497961 -0.153219 -9.46126 -0.272782 0.12323 10.0187 0.0586431 -0.113926 -0.036041
2117.78 0.612875 -0.114914 -9.26973 -0.257228 0.131605 10.0319 0.0561996 -0.111636 -0.0372628
2118.36 0.536266 -0.114914 -9.30804 -0.256032 0.0705882 10.0307 0.0537561 -0.109345 -0.0345139
2118.38 0.383047 -0.114914 -9.30804 -0.254835 0.087338 10.0152 0.0542143 -0.112094 -0.0346666
2118.4 0.536266 -0.153219 -9.49956 -0.246461 0.114855 10.0271 0.054367 -0.109345 -0.0340557
2118.41 0.536266 0.0 -9.26973 -0.2668 0.125623 10.0295 0.0534507 -0.109345 -0.0383318
2118.43 0.383047 -0.229828 -9.34634 -0.273978 0.130409 10.0319 0.0546724 -0.107818 -0.0368046
2118.45 0.689484 -0.0383047 -9.61448 -0.294317 0.137587 10.0271 0.0551306 -0.109345 -0.0358883
2118.46 0.612875 -0.114914 -9.42295 -0.305085 0.129212 10.0259 0.0526871 -0.104916 -0.0320704
2118.48 0.57457 -0.114914 -9.30804 -0.324227 0.119641 10.0367 0.053298 -0.107054 -0.0323759
2118.5 0.689484 -0.229828 -9.30804 -0.32662 0.117248 10.0319 0.0555887 -0.109192 -0.0323759
2118.51 0.65118 -0.114914 -9.42295 -0.338584 0.0717846 10.0259 0.0552833 -0.11133 -0.0363465
2118.53 0.536266 -0.0766094 -9.34634 -0.340977 0.0729811 10.0199 0.056505 -0.11133 -0.0357356
2118.55 0.612875 -0.306437 -9.0016 -0.350548 0.0777667 10.0283 0.057574 -0.111788 -0.0354302
2118.56 0.497961 -0.153219 -9.42295 -0.352941 0.09332 10.0187 0.0548251 -0.108123 -0.0343612
2118.58 0.536266 -0.153219 -9.42295 -0.35653 0.111266 10.0403 0.0578795 -0.112705 -0.0366519
2118.6 0.689484 -0.0766094 -9.49956 -0.361316 0.118445 10.0247 0.052229 -0.106901 -0.0368046
2118.61 0.65118 0.0 -9.34634 -0.34337 0.124427 10.0319 0.057574 -0.113163 -0.0390954
2118.63 0.727789 -0.0383047 -9.34634 -0.35653 0.15673 10.0259 0.0546724 -0.113774 -0.0368046
2118.65 0.612875 0.0 -9.34634 -0.348156 0.15673 10.0295 0.0555887 -0.11301 -0.0363465
2118.66 0.612875 -0.0383047 -9.34634 -0.36012 0.172283 10.0235 0.0552833 -0.110719 -0.0320704
2118.68 0.536266 0.0 -9.61448 -0.345763 0.165105 10.0223 0.053298 -0.112705 -0.032834
2118.7 0.65118 -0.0766094 -9.38465 -0.355334 0.178265 10.0235 0.0555887 -0.11301 -0.0319177
2118.71 0.612875 -0.114914 -9.46126 -0.323031 0.148355 10.0295 0.0557414 -0.115454 -0.0322231
2118.73 0.612875 -0.191523 -9.30804 -0.301496 0.131605 10.0235 0.0516181 -0.110414 -0.0276416
2118.75 0.612875 -0.0766094 -9.38465 -0.303888 0.122034 10.0319 0.0563523 -0.11301 -0.0290161
2118.76 0.65118 -0.0383047 -9.49956 -0.282353 0.135194 10.0295 0.0503964 -0.107665 -0.0284052
2118.78 0.57457 -0.0383047 -9.46126 -0.264407 0.12682 10.0271 0.0545197 -0.113315 -0.0343612
2118.8 0.421352 -0.114914 -9.30804 -0.259621 0.125623 10.0415 0.0531453 -0.11133 -0.0334449
2118.81 0.459656 -0.0766094 -9.46126 -0.238086 0.137587 10.0343 0.0571159 -0.114385 -0.0352775
2118.83 0.459656 -0.0766094 -9.69109 -0.242871 0.159123 10.0307 0.0529926 -0.110414 -0.0325286
2118.85 0.536266 -0.153219 -9.38465 -0.242871 0.154337 10.0187 0.0540616 -0.111788 -0.0334449
2118.86 0.536266 -0.114914 -9.61448 -0.258425 0.151944 10.0211 0.0508545 -0.108123 -0.0319177
2118.88 0.57457 -0.153219 -9.42295 -0.258425 0.145962 10.0175 0.0514654 -0.10797 -0.0331394
2118.9 0.497961 -0.153219 -9.42295 -0.259621 0.130409 10.0307 0.0528398 -0.10965 -0.0343612
2118.91 0.497961 -0.229828 -9.26973 -0.265603 0.125623 10.0283 0.0525344 -0.110108 -0.0313068
2118.93 0.57457 -0.153219 -9.42295 -0.265603 0.101695 10.0331 0.0546724 -0.110108 -0.0313068
2118.94 0.612875 -0.153219 -9.61448 -0.270389 0.0969093 10.0259 0.052229 -0.106901 -0.0311541
2118.96 0.497961 -0.229828 -9.42295 -0.27996 0.0885344 10.0283 0.0569632 -0.111788 -0.0352775
2118.98 0.497961 -0.153219 -9.46126 -0.275174 0.0646062 10.0259 0.0525344 -0.108429 -0.033903
2118.99 0.57457 -0.268133 -9.65278 -0.294317 0.0454636 10.0211 0.055436 -0.111636 -0.0357356
2119.01 0.65118 -0.0766094 -9.34634 -0.319442 0.0729811 10.0128 0.0523817 -0.106901 -0.0348193
2119.03 0.536266 -0.191523 -9.26973 -0.31346 0.0705882 10.0367 0.055436 -0.109498 -0.036041
2119.05 0.57457 -0.153219 -9.46126 -0.317049 0.0921237 10.0319 0.0529926 -0.107054 -0.034972
2119.06 0.727789 -0.0383047 -9.42295 -0.350548 0.0969093 10.0247 0.0557414 -0.109039 -0.0390954
2119.08 0.536266 -0.114914 -9.61448 -0.367298 0.102891 10.0259 0.055436 -0.109956 -0.0383318
2119.09 0.65118 -0.0383047 -9.42295 -0.364905 0.111266 10.0235 0.054367 -0.106596 -0.0355829
2119.11 0.65118 -0.114914 -9.49956 -0.39003 0.142373 10.0199 0.0549779 -0.108276 -0.0332921
2119.13 0.536266 -0.114914 -9.53786 -0.382851 0.131605 10.014 0.0581849 -0.115301 -0.0351248
2119.14 0.57457 -0.191523 -9.34634 -0.349352 0.114855 10.0331 0.0561996 -0.111177 -0.034972
2119.16 0.689484 -0.153219 -9.19312 -0.363709 0.102891 10.0223 0.0549779 -0.11133 -0.032834
2119.18 0.65118 -0.191523 -9.34634 -0.34337 0.0837488 10.0223 0.056505 -0.112094 -0.0332921
2119.19 0.689484 -0.114914 -9.49956 -0.325424 0.0993021 10.0475 0.0552833 -0.112094 -0.031765
2119.21 0.57457 -0.114914 -9.38465 -0.29671 0.114855 10.0367 0.054367 -0.109803 -0.0319177
2119.22 0.497961 -0.153219 -9.30804 -0.305085 0.116052 10.0283 0.0555887 -0.111788 -0.0363465
2119.24 0.57457 -0.153219 -9.49956 -0.285942 0.12682 10.0367 0.0591012 -0.11637 -0.0386372
2119.26 0.497961 -0.114914 -8.92499 -0.302692 0.122034 10.0271 0.0574213 -0.113621 -0.03711
2119.27 0.57457 -0.0383047 -9.30804 -0.277567 0.162712 10.0355 0.0551306 -0.110261 -0.0335976
2119.29 0.459656 -0.0766094 -9.15482 -0.284746 0.183051 10.0295 0.0561996 -0.111177 -0.034972
2119.31 0.57457 -0.153219 -9.38465 -0.281157 0.183051 10.0355 0.0555887 -0.11301 -0.034972
2119.32 0.612875 -0.114914 -9.42295 -0.282353 0.183051 10.0283 0.054367 -0.113774 -0.0364992
2119.34 0.57457 -0.0383047 -9.42295 -0.272782 0.187837 10.0259 0.055436 -0.113468 -0.0363465
2119.36 0.57457 -0.153219 -9.38465 -0.257228 0.163908 10.0427 0.0503964 -0.108734 -0.0303905
2119.37 0.459656 -0.191523 -9.26973 -0.240479 0.174676 10.0283 0.0531453 -0.108123 -0.0297797
2119.39 0.344742 -0.0766094 -9.53786 -0.242871 0.144766 10.0331 0.054367 -0.11133 -0.0303905
2119.41 0.497961 -0.153219 -9.26973 -0.259621 0.108873 10.0271 0.055436 -0.112857 -0.033903
2119.42 0.344742 -0.114914 -9.46126 -0.269192 0.114855 10.0211 0.0510072 -0.107818 -0.0319177
2119.44 0.459656 0.0 -9.38465 -0.269192 0.104088 10.0295 0.0546724 -0.111177 -0.0343612
2119.46 0.459656 -0.114914 -9.42295 -0.267996 0.105284 10.0295 0.0555887 -0.111941 -0.034972
2119.47 0.612875 -0.0766094 -9.34634 -0.295514 0.119641 10.0415 0.0555887 -0.109803 -0.0352775
2119.49 0.612875 -0.0766094 -9.42295 -0.300299 0.116052 10.0319 0.0560469 -0.111636 -0.036041
2119.51 0.65118 -0.229828 -9.26973 -0.340977 0.128016 10.0259 0.0493274 -0.105222 -0.0337503
2119.52 0.65118 -0.0766094 -9.30804 -0.344566 0.12682 10.0116 0.0516181 -0.106901 -0.0348193
2119.54 0.57457 -0.153219 -9.57617 -0.351745 0.12323 10.0152 0.0545197 -0.110108 -0.0343612
2119.56 0.612875 -0.153219 -9.26973 -0.350548 0.114855 10.0223 0.0513127 -0.105985 -0.0320704
2119.57 0.612875 -0.153219 -9.38465 -0.349352 0.0945165 10.0307 0.0537561 -0.109345 -0.0290161
2119.59 0.536266 -0.191523 -9.57617 -0.344566 0.0789631 10.0259 0.0513127 -0.105832 -0.029627
2119.61 0.689484 -0.268133 -9.38465 -0.34337 0.066999 10.0247 0.0534507 -0.108734 -0.0314596
2119.62 0.57457 -0.0766094 -9.34634 -0.330209 0.066999 10.0259 0.0523817 -0.111483 -0.0326813
2119.64 0.65118 -0.0766094 -9.53786 -0.329013 0.0622134 10.0259 0.0546724 -0.111483 -0.0343612
2119.66 0.65118 -0.153219 -9.38465 -0.336191 0.061017 10.0152 0.0561996 -0.112399 -0.0355829
2119.67 0.57457 -0.0766094 -9.53786 -0.312263 0.0729811 10.0415 0.0561996 -0.110872 -0.0357356
2119.69 0.612875 -0.229828 -9.46126 -0.324227 0.0849452 10.0247 0.0551306 -0.110567 -0.0358883
2119.7 0.65118 -0.0766094 -9.26973 -0.320638 0.112463 10.0343 0.0580322 -0.114232 -0.0372628
2119.72 0.497961 -0.0766094 -9.46126 -0.334995 0.12323 10.0152 0.0561996 -0.110719 -0.0354302
2119.74 0.57457 -0.114914 -9.42295 -0.323031 0.136391 10.0379 0.0560469 -0.111941 -0.034972
2119.75 0.497961 -0.191523 -9.38465 -0.315852 0.160319 10.0235 0.0546724 -0.109039 -0.0337503
2119.77 0.65118 -0.0383047 -9.23143 -0.291924 0.141176 10.0104 0.0523817 -0.110567 -0.0343612
2119.79 0.65118 -0.153219 -9.38465 -0.299103 0.153141 10.0403 0.0563523 -0.113774 -0.0320704
2119.8 0.459656 -0.191523 -9.46126 -0.269192 0.133998 10.0295 0.053298 -0.110414 -0.0299324
2119.82 0.57457 -0.114914 -9.19312 -0.259621 0.129212 10.0307 0.0566577 -0.115148 -0.0354302
2119.84 0.459656 -0.114914 -9.38465 -0.2668 0.124427 10.0235 0.0549779 -0.110108 -0.0323759
2119.85 0.536266 -0.191523 -9.34634 -0.235693 0.131605 10.0187 0.0517708 -0.107512 -0.0326813
2119.87 0.459656 -0.153219 -9.53786 -0.25005 0.120837 10.0211 0.055436 -0.109039 -0.0352775
2119.89 0.497961 -0.153219 -9.38465 -0.269192 0.125623 10.0235 0.0563523 -0.109956 -0.0351248
2119.9 0.421352 -0.191523 -9.30804 -0.281157 0.147159 10.0175 0.0537561 -0.106291 -0.0325286
2119.92 0.459656 -0.153219 -9.38465 -0.288335 0.149551 10.0187 0.0569632 -0.113468 -0.0392481
2119.94 0.65118 -0.0383047 -9.34634 -0.283549 0.161515 10.0415 0.0526871 -0.108429 -0.0346666
2119.95 0.612875 -0.0766094 -9.65278 -0.314656 0.17348 10.0307 0.0534507 -0.108276 -0.0346666
2119.97 0.497961 0.0 -9.46126 -0.306281 0.172283 10.0092 0.0551306 -0.111025 -0.032834
2119.99 0.536266 -0.0383047 -9.46126 -0.288335 0.16989 10.0391 0.0549779 -0.111636 -0.031765
2120.0 0.65118 0.0 -9.34634 -0.311067 0.141176 10.0295 0.0513127 -0.107512 -0.0319177
2120.02 0.727789 -0.114914 -9.34634 -0.318245 0.136391 10.0247 0.0555887 -0.111941 -0.0343612
2120.04 0.57457 -0.153219 -9.23143 -0.307478 0.105284 10.0259 0.0536034 -0.110261 -0.0305433
2120.05 0.689484 -0.153219 -9.42295 -0.305085 0.0897308 10.0271 0.0545197 -0.112094 -0.0310014
2120.07 0.459656 -0.114914 -9.38465 -0.334995 0.0813559 10.0187 0.0539089 -0.109956 -0.0316123
2120.09 0.459656 -0.229828 -9.61448 -0.34337 0.0825523 10.0259 0.055436 -0.111788 -0.0345139
2120.1 0.689484 -0.114914 -9.38465 -0.332602 0.0885344 10.0355 0.0569632 -0.111483 -0.0342084
2120.12 0.766094 -0.191523 -9.38465 -0.361316 0.0885344 10.0211 0.0555887 -0.110261 -0.0366519
2120.14 0.536266 0.0 -9.26973 -0.349352 0.100499 10.0283 0.054367 -0.109956 -0.0375682
2120.15 0.497961 -0.0383047 -9.34634 -0.345763 0.0993021 10.0367 0.0563523 -0.114385 -0.0366519
2120.17 0.57457 -0.114914 -9.42295 -0.352941 0.125623 10.0211 0.0528398 -0.110414 -0.0323759
2120.19 0.689484 -0.191523 -9.46126 -0.345763 0.133998 10.0199 0.0551306 -0.11301 -0.0323759
2120.2 0.57457 -0.153219 -9.38465 -0.332602 0.114855 10.0187 0.0534507 -0.111636 -0.032834
2120.22 0.727789 -0.0383047 -9.38465 -0.314656 0.12323 10.0307 0.0561996 -0.113774 -0.0334449
2120.24 0.612875 -0.0766094 -9.53786 -0.303888 0.0969093 10.0271 0.0536034 -0.112399 -0.0319177
2120.25 0.536266 -0.0766094 -9.42295 -0.285942 0.0993021 10.0367 0.0529926 -0.10965 -0.0310014
2120.27 0.536266 -0.114914 -9.34634 -0.294317 0.0813559 10.0271 0.0548251 -0.113163 -0.0311541
2120.29 0.459656 -0.0766094 -9.26973 -0.289531 0.0885344 10.0259 0.0539089 -0.109039 -0.0303905
2120.3 0.727789 -0.0766094 -9.46126 -0.281157 0.0957129 10.0295 0.0563523 -0.111941 -0.036041
2120.32 0.536266 -0.114914 -9.42295 -0.278764 0.102891 10.0271 0.0568105 -0.112552 -0.0366519
2120.34 0.459656 -0.114914 -9.30804 -0.275174 0.131605 10.0271 0.0555887 -0.111483 -0.0366519
2120.35 0.497961 0.0 -9.34634 -0.256032 0.138784 10.0367 0.0557414 -0.112552 -0.0366519
2120.37 0.57457 -0.153219 -9.30804 -0.272782 0.157926 10.0283 0.0528398 -0.106901 -0.0343612
2120.39 0.421352 0.0 -9.49956 -0.275174 0.185444 10.0235 0.0560469 -0.111788 -0.0368046
2120.4 0.497961 0.0 -9.15482 -0.25005 0.177069 10.0367 0.0557414 -0.111636 -0.0348193
2120.42 0.497961 -0.153219 -9.26973 -0.256032 0.163908 10.0391 0.0551306 -0.109803 -0.0358883
2120.44 0.459656 -0.0766094 -9.46126 -0.259621 0.154337 10.0367 0.0516181 -0.105985 -0.0297797
2120.45 0.536266 -0.0383047 -9.30804 -0.256032 0.157926 10.0128 0.0539089 -0.111483 -0.0322231
2120.47 0.612875 -0.114914 -9.42295 -0.2668 0.137587 10.0223 0.0534507 -0.110872 -0.0332921
2120.49 0.57457 -0.0383047 -9.34634 -0.293121 0.112463 10.0271 0.0529926 -0.107512 -0.0332921
2120.5 0.497961 -0.0383047 -9.46126 -0.295514 0.102891 10.0439 0.0523817 -0.10797 -0.0354302
2120.52 0.536266 -0.153219 -9.57617 -0.300299 0.114855 10.0463 0.0545197 -0.109498 -0.0340557
2120.54 0.536266 -0.0766094 -9.26973 -0.321834 0.11007 10.0271 0.0560469 -0.111941 -0.0363465
2120.55 0.727789 -0.0766094 -9.42295 -0.351745 0.117248 10.0331 0.0526871 -0.108123 -0.034972
2120.57 0.689484 -0.114914 -9.26973 -0.354138 0.131605 10.0187 0.0508545 -0.106138 -0.0346666
2120.59 0.65118 -0.0383047 -9.38465 -0.354138 0.137587 10.0223 0.0513127 -0.10797 -0.0372628
2120.6 0.65118 -0.114914 -9.42295 -0.363709 0.12323 10.0164 0.0558941 -0.111177 -0.0352775
2120.62 0.57457 -0.0766094 -9.34634 -0.368495 0.145962 10.014 0.0536034 -0.109192 -0.031765
2120.64 0.612875 -0.0766094 -9.34634 -0.368495 0.135194 10.0199 0.0545197 -0.110872 -0.0293215
2120.65 0.536266 -0.0383047 -9.38465 -0.366102 0.124427 10.0259 0.0539089 -0.11133 -0.0329867
2120.67 0.65118 -0.0766094 -9.53786 -0.362513 0.118445 10.0152 0.0503964 -0.108581 -0.0303905
2120.69 0.689484 -0.114914 -9.38465 -0.332602 0.0825523 10.0331 0.0523817 -0.112246 -0.0311541
2120.71 0.65118 -0.191523 -9.42295 -0.334995 0.0861416 10.0343 0.0523817 -0.111941 -0.0294742
2120.73 0.612875 -0.229828 -9.38465 -0.336191 0.0837488 10.0319 0.0566577 -0.116217 -0.0319177
2120.74 0.459656 -0.114914 -9.46126 -0.334995 0.0837488 10.0164 0.0561996 -0.111788 -0.0343612
2120.76 0.536266 -0.268133 -9.23143 -0.314656 0.0945165 10.0283 0.0549779 -0.113163 -0.0368046
2120.78 0.536266 -0.0383047 -9.42295 -0.302692 0.0981057 10.0247 0.0569632 -0.11637 -0.0375682
2120.79 0.497961 -0.114914 -9.46126 -0.284746 0.12323 10.0283 0.0558941 -0.113163 -0.0322231
2120.81 0.421352 0.0 -9.38465 -0.287139 0.138784 10.0295 0.0548251 -0.112552 -0.0337503
2120.83 0.65118 -0.0766094 -9.42295 -0.259621 0.132802 10.0235 0.0539089 -0.108887 -0.0302378
2120.84 0.536266 -0.114914 -9.57617 -0.257228 0.128016 10.0199 0.0552833 -0.112246 -0.0351248
2120.86 0.383047 -0.114914 -9.49956 -0.254835 0.131605 10.0307 0.0528398 -0.108581 -0.0329867
2120.88 0.421352 -0.114914 -9.38465 -0.239282 0.122034 10.0164 0.0525344 -0.10965 -0.0326813
2120.89 0.727789 -0.0766094 -9.57617 -0.229711 0.0945165 10.0307 0.0523817 -0.108429 -0.0310014
2120.91 0.459656 -0.153219 -9.34634 -0.226122 0.107677 10.0355 0.0531453 -0.108887 -0.0337503
2120.93 0.536266 -0.0766094 -9.26973 -0.251246 0.102891 10.0223 0.0514654 -0.106596 -0.032834
2120.94 0.459656 -0.114914 -9.53786 -0.259621 0.0957129 10.0319 0.0557414 -0.109345 -0.0361938
2120.96 0.497961 -0.153219 -9.38465 -0.287139 0.0969093 10.0247 0.0560469 -0.110719 -0.0384845
2120.98 0.497961 -0.114914 -9.34634 -0.272782 0.0921237 10.0307 0.0537561 -0.106901 -0.0366519
2120.99 0.65118 -0.153219 -9.46126 -0.294317 0.120837 10.0307 0.0540616 -0.106596 -0.0361938
2121.01 0.497961 -0.0766094 -9.42295 -0.312263 0.138784 10.0271 0.0560469 -0.110414 -0.0383318
2121.03 0.57457 -0.114914 -9.38465 -0.332602 0.130409 10.0271 0.0534507 -0.108123 -0.0374155
2121.04 0.766094 -0.114914 -9.38465 -0.31346 0.148355 10.0247 0.0540616 -0.106596 -0.0355829
2121.06 0.536266 -0.0766094 -9.26973 -0.317049 0.13998 10.0331 0.054367 -0.110261 -0.0358883
2121.07 0.497961 -0.0766094 -9.38465 -0.325424 0.148355 10.0295 0.0528398 -0.105985 -0.0319177
2121.09 0.727789 -0.191523 -9.38465 -0.36012 0.144766 10.0187 0.0539089 -0.108123 -0.0314596
2121.11 0.612875 -0.114914 -9.34634 -0.362513 0.131605 10.0307 0.0536034 -0.107207 -0.0334449
2121.12 0.689484 -0.0383047 -9.57617 -0.368495 0.102891 10.0152 0.055436 -0.108581 -0.0343612
2121.14 0.536266 -0.191523 -9.46126 -0.362513 0.102891 10.0283 0.0519235 -0.10736 -0.0326813
2121.16 0.57457 -0.114914 -9.30804 -0.372084 0.0981057 10.0307 0.0548251 -0.110872 -0.0323759
2121.17 0.65118 -0.153219 -9.49956 -0.358923 0.122034 10.0331 0.0580322 -0.115606 -0.0352775
2121.19 0.536266 -0.114914 -9.42295 -0.362513 0.125623 10.0283 0.054367 -0.112552 -0.0345139
2121.21 0.65118 -0.114914 -9.38465 -0.372084 0.135194 10.0152 0.0534507 -0.110261 -0.0337503
2121.22 0.689484 -0.114914 -9.49956 -0.334995 0.135194 10.0319 0.0577268 -0.114079 -0.0372628
2121.24 0.57457 -0.114914 -9.46126 -0.338584 0.150748 10.0247 0.0555887 -0.113163 -0.0342084
2121.26 0.612875 -0.114914 -9.46126 -0.330209 0.153141 10.0319 0.0549779 -0.111788 -0.0322231
2121.27 0.536266 -0.0383047 -9.15482 -0.305085 0.153141 10.0295 0.0561996 -0.114079 -0.0329867
2121.29 0.421352 -0.0766094 -9.34634 -0.289531 0.147159 10.0199 0.0536034 -0.112246 -0.0322231
2121.31 0.65118 -0.114914 -9.49956 -0.288335 0.131605 10.0271 0.0552833 -0.113468 -0.0326813
2121.32 0.497961 -0.229828 -9.38465 -0.288335 0.117248 10.008 0.0505491 -0.108734 -0.0290161
2121.34 0.536266 -0.153219 -9.34634 -0.284746 0.107677 10.0259 0.0561996 -0.116217 -0.0331394
2121.36 0.536266 -0.0766094 -9.49956 -0.246461 0.0957129 10.0247 0.0542143 -0.112399 -0.0305433
2121.37 0.57457 -0.0766094 -9.38465 -0.271585 0.0969093 10.0271 0.0552833 -0.114385 -0.0316123
2121.39 0.57457 -0.229828 -9.26973 -0.2668 0.0981057 10.0223 0.0542143 -0.111941 -0.0334449
2121.41 0.57457 -0.0766094 -9.38465 -0.257228 0.102891 10.0164 0.0561996 -0.113621 -0.0331394
2121.42 0.57457 -0.153219 -9.42295 -0.256032 0.100499 10.0295 0.0526871 -0.108734 -0.0323759
2121.44 0.612875 -0.0383047 -9.42295 -0.251246 0.118445 10.0223 0.0545197 -0.111941 -0.0340557
2121.46 0.612875 -0.191523 -9.38465 -0.244068 0.131605 10.0295 0.0561996 -0.113163 -0.0357356
2121.47 0.65118 -0.114914 -9.49956 -0.238086 0.133998 10.0295 0.0548251 -0.112705 -0.036041
2121.49 0.536266 -0.114914 -9.42295 -0.269192 0.116052 10.0223 0.052229 -0.104916 -0.0346666
2121.51 0.57457 -0.114914 -9.38465 -0.270389 0.112463 10.0247 0.0523817 -0.106749 -0.0322231
2121.52 0.497961 -0.114914 -9.30804 -0.288335 0.118445 10.0307 0.0529926 -0.107665 -0.0329867
2121.54 0.536266 -0.229828 -9.38465 -0.291924 0.104088 10.0295 0.0545197 -0.112552 -0.0331394
2121.56 0.57457 -0.153219 -9.34634 -0.297906 0.0945165 10.0379 0.0558941 -0.110414 -0.0369573
2121.57 0.612875 -0.114914 -9.26973 -0.307478 0.0789631 10.0319 0.0542143 -0.109803 -0.0361938
2121.59 0.536266 -0.153219 -9.38465 -0.30987 0.0717846 10.0343 0.0525344 -0.104305 -0.034972
2121.61 0.536266 -0.0383047 -9.34634 -0.332602 0.0705882 10.0223 0.0560469 -0.109803 -0.0355829
2121.62 0.459656 -0.0383047 -9.34634 -0.329013 0.0705882 10.0068 0.052229 -0.106749 -0.0340557
2121.64 0.344742 -0.114914 -9.46126 -0.315852 0.105284 10.0487 0.0531453 -0.106291 -0.036041
2121.66 0.689484 -0.153219 -9.23143 -0.329013 0.120837 10.0247 0.0574213 -0.113315 -0.0406225
2121.67 0.497961 -0.114914 -9.42295 -0.330209 0.118445 10.0235 0.0546724 -0.110261 -0.0374155
2121.69 0.536266 -0.0383047 -9.53786 -0.342173 0.13998 10.0211 0.0560469 -0.110108 -0.0372628
2121.71 0.383047 -0.153219 -9.23143 -0.339781 0.147159 10.0283 0.057574 -0.114079 -0.0361938
2121.72 0.57457 0.0 -9.34634 -0.357727 0.161515 10.0187 0.0539089 -0.109956 -0.0342084
2121.74 0.689484 -0.0766094 -9.53786 -0.36012 0.154337 10.0187 0.0511599 -0.108276 -0.0334449
2121.75 0.612875 -0.114914 -9.38465 -0.340977 0.129212 10.0283 0.0571159 -0.114385 -0.034972
2121.77 0.65118 -0.114914 -9.42295 -0.346959 0.135194 10.0104 0.0548251 -0.110872 -0.0325286
2121.79 0.65118 -0.0383047 -9.19312 -0.36012 0.138784 10.0211 0.054367 -0.10965 -0.030696
2121.8 0.536266 -0.114914 -9.34634 -0.351745 0.137587 10.0235 0.0546724 -0.114537 -0.0335976
2121.82 0.65118 -0.114914 -9.38465 -0.331406 0.12323 10.0128 0.0536034 -0.111941 -0.032834
2121.84 0.65118 -0.114914 -9.11651 -0.315852 0.129212 10.0259 0.055436 -0.114537 -0.0342084
2121.85 0.57457 -0.153219 -9.30804 -0.305085 0.15673 10.0331 0.0568105 -0.114537 -0.0334449
2121.87 0.65118 0.0 -9.46126 -0.284746 0.155533 10.0104 0.0542143 -0.110108 -0.0323759
2121.89 0.57457 -0.0383047 -9.42295 -0.257228 0.171087 10.0379 0.0517708 -0.110108 -0.0308487
2121.9 0.536266 -0.191523 -9.30804 -0.275174 0.16989 10.0211 0.0537561 -0.110414 -0.0319177
2121.92 0.57457 -0.0766094 -9.07821 -0.305085 0.160319 10.0223 0.0536034 -0.113468 -0.0332921
2121.94 0.536266 0.0383047 -9.46126 -0.278764 0.15673 10.0187 0.0511599 -0.110261 -0.0310014
2121.95 0.612875 -0.0766094 -9.53786 -0.271585 0.135194 10.0259 0.0531453 -0.11301 -0.0311541
2121.97 0.612875 -0.191523 -9.34634 -0.281157 0.124427 10.0295 0.054367 -0.114232 -0.0313068
2121.99 0.497961 -0.153219 -9.42295 -0.269192 0.102891 10.0223 0.0511599 -0.107512 -0.0273362
2122.0 0.344742 -0.153219 -9.46126 -0.267996 0.0945165 10.0247 0.052229 -0.108887 -0.0322231
2122.02 0.383047 -0.0766094 -9.49956 -0.277567 0.0993021 10.0044 0.0536034 -0.111025 -0.0334449
2122.04 0.459656 -0.114914 -9.23143 -0.277567 0.0825523 10.0211 0.0537561 -0.111177 -0.0345139
2122.05 0.421352 -0.0766094 -9.38465 -0.252443 0.0945165 10.0403 0.0540616 -0.109345 -0.032834
2122.07 0.536266 -0.153219 -9.49956 -0.244068 0.106481 10.0223 0.0549779 -0.111025 -0.0352775
2122.09 0.536266 -0.153219 -9.34634 -0.273978 0.0945165 10.0391 0.0549779 -0.108887 -0.034972
2122.1 0.612875 -0.191523 -9.38465 -0.283549 0.0993021 10.0247 0.052229 -0.108887 -0.033903
2122.12 0.536266 -0.191523 -9.53786 -0.305085 0.101695 10.008 0.0546724 -0.107054 -0.0340557
2122.14 0.497961 -0.0383047 -9.19312 -0.323031 0.114855 10.0235 0.0542143 -0.107207 -0.0352775
2122.15 0.65118 0.0383047 -9.46126 -0.321834 0.100499 10.0331 0.0528398 -0.107818 -0.0332921
2122.17 0.689484 -0.114914 -9.46126 -0.333799 0.087338 10.0367 0.0539089 -0.107665 -0.0323759
2122.19 0.65118 -0.229828 -9.34634 -0.349352 0.0909272 10.0379 0.0563523 -0.112552 -0.0352775
2122.2 0.65118 -0.153219 -9.38465 -0.361316 0.0777667 10.0295 0.0572686 -0.110108 -0.0354302
2122.22 0.57457 -0.191523 -9.49956 -0.342173 0.0717846 10.0223 0.0568105 -0.110719 -0.0351248
2122.24 0.497961 0.0 -9.38465 -0.357727 0.09332 10.0235 0.0549779 -0.109039 -0.0343612
2122.25 0.497961 -0.114914 -9.49956 -0.34337 0.0981057 10.0175 0.054367 -0.109192 -0.0329867
2122.27 0.65118 -0.0766094 -9.57617 -0.345763 0.116052 10.0175 0.0581849 -0.113315 -0.0374155
2122.29 0.536266 -0.114914 -9.30804 -0.333799 0.105284 10.0235 0.0580322 -0.112552 -0.0394008
2122.3 0.536266 -0.0766094 -9.46126 -0.32662 0.132802 10.0319 0.0574213 -0.113774 -0.0375682
2122.32 0.459656 -0.191523 -9.34634 -0.317049 0.147159 10.0283 0.0545197 -0.109039 -0.0346666
2122.34 0.459656 -0.114914 -9.26973 -0.348156 0.157926 10.0199 0.0569632 -0.11469 -0.0361938
2122.35 0.65118 -0.0766094 -9.38465 -0.305085 0.161515 10.0343 0.0577268 -0.114385 -0.0346666
2122.37 0.612875 -0.114914 -9.42295 -0.321834 0.161515 10.0104 0.0540616 -0.111636 -0.0331394
2122.39 0.65118 0.0 -9.34634 -0.330209 0.150748 10.0175 0.0551306 -0.111788 -0.0343612
2122.4 0.421352 -0.114914 -9.38465 -0.295514 0.161515 10.0343 0.0519235 -0.110872 -0.0331394
2122.42 0.421352 -0.0766094 -9.34634 -0.283549 0.147159 10.0187 0.0549779 -0.11133 -0.0320704
2122.43 0.57457 -0.0383047 -9.34634 -0.265603 0.150748 10.0427 0.0560469 -0.113621 -0.0313068
2122.45 0.57457 -0.153219 -9.38465 -0.264407 0.147159 10.0164 0.0557414 -0.114079 -0.0348193
2122.47 0.536266 -0.153219 -9.61448 -0.253639 0.150748 10.0295 0.0548251 -0.112705 -0.0332921
2122.48 0.421352 -0.0766094 -9.53786 -0.258425 0.153141 10.0319 0.0560469 -0.113926 -0.0358883
2122.5 0.459656 -0.114914 -9.26973 -0.257228 0.13998 10.0247 0.053298 -0.109956 -0.0334449
2122.52 0.497961 -0.153219 -8.88668 -0.262014 0.136391 10.0199 0.0519235 -0.107665 -0.030696
2122.53 0.536266 -0.0766094 -9.38465 -0.256032 0.141176 10.0307 0.0511599 -0.107207 -0.0316123
2122.55 0.727789 -0.191523 -9.19312 -0.288335 0.153141 10.0295 0.0534507 -0.110108 -0.0329867
2122.57 0.57457 -0.114914 -9.38465 -0.302692 0.135194 10.0092 0.0526871 -0.108276 -0.0337503
2122.59 0.65118 -0.153219 -9.42295 -0.305085 0.122034 10.0295 0.0546724 -0.111941 -0.0335976
2122.6 0.612875 0.0 -9.53786 -0.31346 0.12682 10.0187 0.0539089 -0.109803 -0.0325286
2122.62 0.536266 -0.191523 -9.46126 -0.311067 0.102891 10.0271 0.0508545 -0.10797 -0.0300851
2122.63 0.536266 -0.0766094 -9.34634 -0.320638 0.0909272 10.0355 0.0537561 -0.110719 -0.0311541
2122.65 0.497961 -0.153219 -9.30804 -0.312263 0.0849452 10.0283 0.0520762 -0.108276 -0.0319177
2122.67 0.536266 -0.229828 -9.38465 -0.318245 0.0813559 10.0235 0.055436 -0.109345 -0.0342084
2122.68 0.459656 -0.153219 -9.38465 -0.31346 0.0693918 10.0355 0.0534507 -0.110108 -0.0326813
2122.7 0.536266 -0.0383047 -9.42295 -0.317049 0.066999 10.0331 0.0577268 -0.11469 -0.0357356
2122.72 0.612875 -0.229828 -9.34634 -0.342173 0.0741775 10.0307 0.0542143 -0.108734 -0.0346666
2122.73 0.57457 -0.114914 -9.42295 -0.345763 0.0729811 10.0367 0.0563523 -0.112094 -0.0375682
2122.75 0.612875 -0.0766094 -9.42295 -0.363709 0.0717846 10.0104 0.056505 -0.112552 -0.0384845
2122.77 0.766094 -0.191523 -9.23143 -0.36012 0.0921237 10.0175 0.0574213 -0.113926 -0.036041
2122.78 0.689484 -0.114914 -9.34634 -0.349352 0.104088 10.0343 0.0560469 -0.111788 -0.0343612
2122.8 0.536266 -0.153219 -9.34634 -0.345763 0.0981057 10.0235 0.0569632 -0.11301 -0.036041
2122.82 0.65118 -0.114914 -9.26973 -0.34337 0.114855 10.0211 0.053298 -0.110414 -0.0320704
2122.83 0.65118 -0.114914 -9.34634 -0.331406 0.106481 10.0642 0.0558941 -0.113926 -0.03711
2122.85 0.57457 -0.114914 -9.53786 -0.305085 0.107677 10.0271 0.0574213 -0.11469 -0.0369573
2122.87 0.459656 -0.153219 -9.46126 -0.283549 0.131605 10.0187 0.0561996 -0.11301 -0.0334449
2122.88 0.612875 -0.0766094 -9.49956 -0.288335 0.114855 10.0164 0.0572686 -0.112857 -0.0329867
2122.9 0.497961 -0.0766094 -9.34634 -0.259621 0.122034 10.0199 0.0529926 -0.108734 -0.032834
2122.92 0.536266 -0.114914 -9.38465 -0.256032 0.133998 10.0331 0.0566577 -0.114537 -0.0386372
2122.93 0.766094 -0.0383047 -9.49956 -0.278764 0.141176 10.0271 0.0571159 -0.113926 -0.0368046
2122.95 0.536266 -0.191523 -9.26973 -0.284746 0.15673 10.0235 0.0536034 -0.107665 -0.033903
2122.96 0.57457 -0.0383047 -9.42295 -0.288335 0.167498 10.0247 0.0574213 -0.111025 -0.0340557
2122.98 0.459656 -0.114914 -9.57617 -0.269192 0.172283 10.0343 0.0555887 -0.109345 -0.034972
2123.0 0.459656 -0.0766094 -9.34634 -0.283549 0.183051 10.0271 0.0537561 -0.108276 -0.0354302
2123.01 0.612875 -0.114914 -9.61448 -0.281157 0.172283 10.0164 0.0548251 -0.112094 -0.0343612
2123.03 0.459656 -0.114914 -9.42295 -0.281157 0.166301 10.0175 0.0545197 -0.111177 -0.0334449
2123.05 0.383047 -0.114914 -9.38465 -0.273978 0.165105 10.014 0.0531453 -0.110108 -0.0326813
2123.06 0.57457 -0.114914 -9.57617 -0.267996 0.149551 10.0199 0.0560469 -0.11133 -0.0334449
2123.08 0.65118 0.0 -9.46126 -0.254835 0.137587 10.0247 0.053298 -0.10797 -0.0331394
2123.1 0.536266 -0.0766094 -9.26973 -0.27996 0.125623 10.0379 0.0497855 -0.106443 -0.031765
2123.11 0.57457 -0.114914 -9.38465 -0.29671 0.113659 10.0355 0.055436 -0.111636 -0.0355829
2123.13 0.57457 -0.114914 -9.46126 -0.321834 0.116052 10.0164 0.0526871 -0.108887 -0.0334449
2123.15 0.536266 -0.0383047 -9.42295 -0.336191 0.104088 10.0199 0.0537561 -0.110108 -0.0342084
2123.16 0.612875 -0.114914 -9.46126 -0.354138 0.113659 10.0331 0.0548251 -0.111941 -0.0351248
2123.18 0.65118 -0.191523 -9.23143 -0.358923 0.11007 10.0367 0.0552833 -0.112552 -0.0375682
2123.2 0.612875 -0.153219 -9.42295 -0.374477 0.0945165 10.0187 0.0526871 -0.110567 -0.0343612
2123.21 0.65118 -0.191523 -9.49956 -0.363709 0.101695 10.0367 0.0560469 -0.112552 -0.0334449
2123.23 0.65118 -0.153219 -9.65278 -0.363709 0.104088 10.0379 0.0574213 -0.114232 -0.0346666
2123.24 0.57457 -0.0383047 -9.42295 -0.351745 0.107677 10.0259 0.0520762 -0.108276 -0.0299324
2123.26 0.727789 -0.114914 -9.49956 -0.340977 0.0969093 10.008 0.0548251 -0.111177 -0.0337503
2123.28 0.612875 -0.153219 -9.30804 -0.334995 0.0969093 10.0044 0.0571159 -0.116217 -0.0357356
2123.29 0.536266 -0.229828 -9.34634 -0.30987 0.0813559 10.0319 0.0517708 -0.109192 -0.0310014
2123.31 0.612875 -0.191523 -9.19312 -0.302692 0.0825523 10.0319 0.0566577 -0.113926 -0.031765
2123.32 0.65118 -0.114914 -9.42295 -0.306281 0.0849452 10.0295 0.0531453 -0.109803 -0.0305433
2123.34 0.459656 -0.0766094 -9.46126 -0.318245 0.0993021 10.0223 0.0540616 -0.11133 -0.0314596
2123.35 0.612875 -0.153219 -9.42295 -0.291924 0.0681954 10.0283 0.0566577 -0.113774 -0.036041
2123.37 0.689484 -0.229828 -9.65278 -0.297906 0.0634098 10.0187 0.0542143 -0.109345 -0.0346666
2123.95 0.497961 -0.0766094 -9.42295 -0.264407 0.101695 10.0235 0.054367 -0.11133 -0.0314596
2123.97 0.459656 -0.229828 -9.46126 -0.265603 0.0945165 10.0319 0.0546724 -0.112094 -0.0340557
2123.98 0.57457 -0.153219 -9.46126 -0.257228 0.0801595 10.0307 0.0561996 -0.111941 -0.0343612
2124.0 0.612875 -0.0766094 -9.46126 -0.25005 0.0981057 10.0403 0.0548251 -0.109803 -0.0352775
2124.02 0.536266 -0.0766094 -9.38465 -0.246461 0.108873 10.0367 0.0577268 -0.114079 -0.0358883
2124.03 0.459656 -0.114914 -9.38465 -0.260818 0.107677 10.0319 0.0558941 -0.111788 -0.0348193
2124.05 0.383047 -0.153219 -9.46126 -0.254835 0.130409 10.0331 0.0572686 -0.111941 -0.0374155
2124.07 0.689484 -0.153219 -9.26973 -0.252443 0.149551 10.0355 0.0523817 -0.106596 -0.0346666
2124.08 0.612875 -0.191523 -9.38465 -0.258425 0.143569 10.0367 0.0561996 -0.108887 -0.0364992
2124.1 0.536266 -0.0766094 -9.49956 -0.264407 0.142373 10.0235 0.0549779 -0.10965 -0.0358883
