447.076 -0.0383047 -0.114914 -9.38465 0.567099 0.133998 10.0905 -0.0216857 -0.15012 0.0661261
447.092 0.0 -0.0766094 -9.65278 0.521635 0.12323 10.069 -0.0212276 -0.141873 0.0632245
447.109 0.153219 -0.0383047 -9.30804 0.267996 0.0729811 9.9314 -0.0209221 -0.119577 0.0368046
447.126 0.306437 -0.114914 -9.38465 0.154337 0.0119641 9.96371 -0.0197004 -0.110719 0.0235183
447.142 0.229828 -0.153219 -9.46126 0.143569 -0.00598205 10.0211 -0.013439 -0.112246 0.0138972
447.159 0.153219 -0.306437 -9.46126 0.200997 -0.0586241 10.0367 -0.00427606 -0.110719 -0.0116064
447.175 0.268133 -0.268133 -9.30804 0.177069 -0.124427 10.0618 0.0131336 -0.114385 -0.0497855
447.192 0.0766094 -0.268133 -9.46126 0.142373 -0.135194 10.0845 0.0195477 -0.111941 -0.0652099
447.209 0.268133 -0.344742 -9.26973 0.100499 -0.135194 10.0714 0.0280998 -0.108887 -0.0818559
447.225 0.0383047 -0.268133 -9.30804 0.0861416 -0.143569 9.98166 0.0383318 -0.11133 -0.0856738
447.242 0.114914 -0.383047 -9.19312 0.137587 -0.150748 9.97208 0.0444404 -0.113468 -0.076969
447.258 0.0766094 -0.306437 -9.38465 0.285942 -0.171087 10.0223 0.0560469 -0.113315 -0.0467312
447.275 0.0 -0.459656 -9.46126 0.42353 -0.208175 10.1743 0.0694859 -0.10568 -0.0368046
447.292 -0.0383047 -0.306437 -9.53786 0.405583 -0.17348 10.2197 0.0820086 -0.097433 -0.0479529
447.308 -0.0383047 -0.268133 -9.30804 0.470189 -0.114855 10.1228 0.0983493 -0.0820086 -0.113774
447.325 -0.0766094 -0.268133 -9.30804 0.522831 -0.0921237 9.88594 0.115912 -0.0626137 -0.200364
447.341 0.0 -0.344742 -8.96329 0.424726 -0.101695 9.78904 0.119119 -0.0511599 -0.129503
447.358 0.153219 -0.191523 -9.19312 0.166301 -0.0562313 9.89073 0.132252 -0.0322231 -0.0636827
447.375 0.268133 -0.191523 -9.42295 0.0634098 -0.020339 10.0726 0.139888 -0.0288634 0.0507018
447.391 0.306437 -0.153219 -9.72939 0.155533 0.0107677 10.0905 0.143859 -0.0268781 0.0691805
447.407 0.459656 -0.229828 -9.46126 -0.11007 0.0741775 10.2173 0.15348 -0.0219911 0.0826195
447.423 0.383047 -0.268133 -9.49956 -0.0251246 0.0681954 10.1001 0.166613 -0.0387899 0.0887282
447.44 0.344742 0.0 -9.34634 0.0167498 0.150748 9.9661 0.166003 -0.0363465 0.0438296
447.457 0.459656 0.0766094 -9.30804 -0.105284 0.348156 9.9338 0.167988 -0.0461203 -0.0148135
447.473 0.344742 0.0766094 -9.30804 -0.0705882 0.413958 9.89911 0.162337 -0.0595593 -0.115606
447.49 0.344742 0.191523 -9.42295 -0.0717846 0.458225 9.93499 0.153327 -0.0693332 -0.138056
447.506 0.229828 0.0383047 -9.72939 -0.0287139 0.434297 10.1264 0.147371 -0.0754418 -0.137597
447.523 0.268133 0.0766094 -9.49956 -0.0789631 0.439083 10.0833 0.135459 -0.066737 -0.0749837
447.54 0.383047 0.0383047 -9.49956 -0.138784 0.437886 10.0833 0.129045 -0.0736092 0.0111483
447.556 0.344742 0.191523 -9.42295 -0.180658 0.480957 10.0738 0.121562 -0.0722348 0.0439823
447.573 0.306437 0.191523 -9.34634 -0.179462 0.532403 9.83809 0.115606 -0.0766636 0.0852157
447.589 0.344742 0.229828 -9.19312 -0.183051 0.564706 9.81775 0.113163 -0.0858265 0.10232
447.606 0.383047 0.306437 -9.42295 -0.200997 0.568295 9.97089 0.111025 -0.0911716 0.0942259
447.623 0.536266 0.114914 -9.49956 -0.22014 0.541974 10.1061 0.099571 -0.0907135 0.0568105
447.639 0.459656 0.229828 -9.65278 -0.22014 0.555135 10.1396 0.0919352 -0.0969748 0.0210748
447.656 0.344742 0.268133 -9.42295 -0.193819 0.538385 10.0439 0.0876591 -0.104763 0.00580322
447.672 0.383047 0.268133 -9.26973 -0.129212 0.571884 9.99482 0.0807869 -0.118355 -0.0445931
447.689 0.383047 0.229828 -9.34634 -0.0837488 0.582652 9.96132 0.0690278 -0.127824 -0.105069
447.706 0.421352 0.268133 -9.34634 -0.020339 0.594616 9.87637 0.0620028 -0.131183 -0.121715
447.722 0.229828 0.344742 -9.49956 0.0167498 0.628116 10.0857 0.0444404 -0.133779 -0.122478
447.739 0.153219 0.268133 -9.53786 0.0442672 0.597009 10.1731 0.0302378 -0.123089 -0.121562
447.755 0.0766094 0.0766094 -9.65278 0.125623 0.608973 10.0774 0.0253509 -0.123395 -0.145691
447.772 0.153219 0.191523 -9.38465 0.128016 0.527617 9.96969 0.0164934 -0.11133 -0.110872
447.789 0.153219 0.191523 -9.46126 0.144766 0.531206 10.0451 0.0074831 -0.0951423 -0.0662789
447.805 0.536266 0.229828 -9.53786 -0.0717846 0.583848 10.0558 0.00335976 -0.0934624 -0.0453567
447.821 0.536266 0.0383047 -9.53786 -0.327816 0.504885 10.1456 -0.00809396 -0.0933096 -0.00641408
447.837 0.459656 0.0766094 -9.34634 -0.404387 0.490529 10.1838 -0.0125227 -0.110719 0.0152716
447.854 0.229828 0.0 -9.19312 -0.0287139 0.375673 9.82492 -0.0174097 -0.117133 0.0108429
447.871 0.306437 0.0 -9.42295 0.180658 0.2333 9.81057 -0.0200058 -0.118355 0.0186314
447.886 0.268133 -0.0766094 -9.38465 0.113659 0.2333 9.90509 -0.0198531 -0.115912 0.01237
447.903 0.421352 -0.114914 -9.38465 -0.11007 0.199801 10.0582 -0.0183259 -0.109192 0.014508
447.919 0.459656 -0.0383047 -9.49956 -0.293121 0.214158 10.2162 -0.0149662 -0.10965 0.0174097
447.935 0.65118 -0.0383047 -9.49956 -0.327816 0.191426 10.2138 -0.00916297 -0.116523 0.0175624
447.952 0.727789 -0.0383047 -9.38465 -0.277567 0.160319 9.98405 0.00595593 -0.133779 0.0149662
447.968 0.459656 -0.191523 -9.23143 -0.171087 0.108873 9.87398 0.0140499 -0.144011 0.0117592
447.985 0.344742 -0.114914 -9.34634 -0.102891 0.0849452 9.85125 0.0174097 -0.14676 0.00702495
448.002 0.383047 -0.114914 -9.34634 -0.0239282 0.09332 9.98285 0.0178678 -0.14447 0.00290161
448.018 0.459656 -0.191523 -9.69109 0.0311067 0.124427 10.0929 0.0241292 -0.148288 -0.0152716
448.035 0.306437 -0.191523 -9.46126 0.0598205 0.118445 10.1168 0.0277944 -0.152716 -0.0235183
448.051 0.114914 -0.114914 -9.34634 0.100499 0.0957129 10.1037 0.0378736 -0.159436 -0.0287107
448.068 -0.153219 -0.229828 -8.96329 0.468993 0.0143569 9.9661 0.0401644 -0.152105 -0.00351247
448.085 -0.0766094 -0.191523 -9.38465 0.605384 0.0143569 9.97807 0.0409279 -0.125075 -0.00702495
448.101 0.0383047 -0.0766094 -9.30804 0.362513 0.0813559 10.0714 0.056505 -0.116217 -0.0326813
448.118 -0.114914 -0.114914 -9.15482 0.463011 0.0526421 10.0546 0.0684169 -0.0917825 -0.124311
448.135 0.0383047 -0.0383047 -9.46126 0.435494 0.0729811 10.0391 0.0817032 -0.0642935 -0.201585
448.152 0.114914 -0.0766094 -9.49956 0.202193 0.125623 9.98524 0.0942259 -0.0580322 -0.232892
448.169 -0.0766094 -0.191523 -9.0016 0.246461 0.147159 9.90987 0.100182 -0.0380264 -0.18158
448.185 -0.0383047 -0.153219 -9.30804 0.217747 0.107677 9.90987 0.104916 -0.0200058 -0.054367
448.202 0.268133 -0.306437 -9.53786 -0.0227318 0.0550349 10.1468 0.106749 -0.0166461 0.0346666
448.218 0.268133 -0.191523 -9.34634 -0.0693918 0.0215354 10.1097 0.11469 -0.0160352 0.128434
448.235 0.459656 -0.153219 -9.49956 -0.116052 0.157926 10.0534 0.11805 -0.0227547 0.191201
448.252 0.229828 0.114914 -9.46126 0.0239282 0.13998 9.98405 0.125533 -0.0305433 0.17654
448.268 0.421352 0.114914 -9.38465 -0.0382852 0.345763 10.0271 0.131183 -0.0322231 0.081245
448.285 0.497961 0.153219 -9.42295 -0.200997 0.431904 9.97208 0.1237 -0.0274889 -0.074831
448.301 0.497961 0.153219 -9.38465 -0.0442672 0.41994 9.87398 0.121562 -0.0352775 -0.118661
448.318 0.306437 0.0766094 -9.42295 -0.124427 0.41994 10.0463 0.119119 -0.0426078 -0.168293
448.336 0.57457 0.0383047 -9.57617 -0.272782 0.386441 10.1444 0.115301 -0.041997 -0.117133
448.352 0.727789 0.0383047 -9.57617 -0.299103 0.403191 10.2018 0.108887 -0.0368046 -0.0600175
448.376 0.612875 0.153219 -9.30804 -0.43669 0.471386 9.93978 0.103236 -0.0510072 0.0949895
448.392 0.842703 0.191523 -9.19312 -0.464207 0.478564 9.92423 0.103083 -0.068875 0.096364
448.409 0.842703 0.191523 -9.30804 -0.509671 0.45344 9.97926 0.0977384 -0.0728457 0.0673479
448.425 0.727789 0.191523 -9.38465 -0.508475 0.458225 10.057 0.0992656 -0.101404 -0.0244346
448.442 0.65118 0.191523 -9.38465 -0.472582 0.464207 10.057 0.0931569 -0.116981 -0.0992656
448.46 0.766094 0.191523 -8.96329 -0.482154 0.482154 10.0199 0.0902553 -0.125227 -0.116675
448.476 0.689484 0.268133 -9.38465 -0.440279 0.527617 10.0008 0.0844521 -0.138819 -0.103389
448.493 0.536266 0.268133 -9.72939 -0.421137 0.545563 9.96969 0.0786489 -0.159436 -0.0499382
448.509 0.612875 0.114914 -9.49956 -0.35653 0.582652 10.0319 0.0743728 -0.165544 -0.0155771
448.526 0.497961 0.153219 -9.42295 -0.293121 0.605384 10.0128 0.0650571 -0.169057 0.0364992
448.543 0.306437 0.344742 -9.34634 -0.174676 0.613759 10.0092 0.0546724 -0.177609 0.0426078
448.559 0.497961 0.268133 -9.42295 0.0418744 0.636491 9.99841 0.0479529 -0.178373 0.0273362
448.576 0.612875 0.191523 -9.38465 -0.0191426 0.502493 9.97448 0.0381791 -0.177609 -0.0207694
448.592 0.229828 0.383047 -9.61448 0.0155533 0.594616 10.0008 0.0270308 -0.176693 -0.0514654
448.609 0.344742 0.306437 -9.46126 0.0693918 0.598205 10.0475 0.0235183 -0.176387 -0.0676533
448.626 0.383047 0.268133 -9.38465 -0.0813559 0.650847 10.0702 0.00733038 -0.176998 -0.0881173
448.642 0.497961 0.344742 -9.65278 -0.246461 0.64008 10.0869 -0.00702495 -0.179442 -0.0788016
448.659 0.344742 0.229828 -9.38465 -0.221336 0.618545 10.0403 -0.0166461 -0.18158 -0.0659734
448.675 0.153219 0.191523 -9.42295 0.0275174 0.539581 9.9314 -0.0267254 -0.192575 -0.0354302
448.692 0.0 0.114914 -9.30804 0.293121 0.425922 9.93739 -0.0351248 -0.191506 -0.00610865
448.709 -0.0766094 0.114914 -9.46126 0.340977 0.380459 9.99242 -0.0384845 -0.18219 0.00687223
448.725 0.0766094 0.0766094 -9.34634 0.281157 0.289531 10.0558 -0.0404698 -0.164475 0.0184787
448.742 0.0383047 -0.0383047 -9.42295 0.149551 0.253639 10.0355 -0.0410807 -0.145233 0.0111483
448.758 0.191523 0.0383047 -9.15482 0.101695 0.273978 10.0092 -0.0387899 -0.138819 -0.00290161
448.775 0.191523 -0.0766094 -9.26973 0.0753739 0.252443 10.0068 -0.0337503 -0.136376 -0.0445931
448.792 0.229828 -0.0766094 -9.34634 0.0658026 0.183051 10.0116 -0.0261145 -0.138056 -0.0774271
448.808 0.191523 -0.0766094 -9.53786 0.0586241 0.172283 10.0379 -0.0251982 -0.135459 -0.0821613
448.825 0.268133 -0.0766094 -9.38465 0.0514457 0.153141 10.0211 -0.0221439 -0.138056 -0.0795652
448.841 0.191523 -0.191523 -9.19312 0.147159 0.129212 10.0116 -0.0241292 -0.136223 -0.065668
448.858 0.0383047 -0.191523 -9.26973 0.199801 0.113659 10.0235 -0.0233656 -0.131336 -0.0497855
448.875 0.114914 0.0 -9.42295 0.162712 0.102891 10.0522 -0.0155771 -0.13042 -0.0491747
448.891 0.268133 -0.153219 -9.23143 0.0311067 0.0789631 10.0929 -0.00962113 -0.122478 -0.0490219
448.908 0.344742 -0.153219 -9.34634 -0.0287139 0.0813559 10.0439 -0.00335976 -0.120493 -0.0465785
448.924 0.268133 -0.153219 -9.30804 0.00478564 0.0490528 10.0044 0.00137445 -0.122173 -0.046273
448.941 0.268133 -0.153219 -9.42295 0.101695 -0.0119641 9.9673 0.010232 -0.120951 -0.0381791
448.958 0.153219 -0.229828 -9.26973 0.15673 -0.0454636 9.96371 0.0203113 -0.120188 -0.0157298
448.974 0.0766094 -0.306437 -9.30804 0.324227 -0.142373 10.0403 0.0241292 -0.115454 -0.00244346
448.991 -0.153219 -0.306437 -9.65278 0.486939 -0.204586 10.0881 0.0403171 -0.105374 0.0119119
449.007 -0.153219 -0.344742 -9.34634 0.51685 -0.189033 10.0319 0.055436 -0.0868956 -0.0558941
449.024 0.0 -0.344742 -9.46126 0.27996 -0.17348 9.98644 0.0607811 -0.0757473 -0.0587958
449.041 0.114914 -0.268133 -9.38465 0.187837 -0.0777667 10.0104 0.0760527 -0.0650571 -0.0946841
449.057 0.383047 -0.229828 -9.38465 -0.0119641 -0.0299103 10.0152 0.0919352 -0.0592539 -0.100793
449.074 0.229828 -0.306437 -9.34634 -0.153141 -0.0119641 10.0989 0.0991129 -0.0636827 -0.073762
449.09 0.344742 -0.268133 -9.26973 -0.0442672 0.0287139 10.0307 0.111788 -0.0691805 -0.0572686
449.107 0.153219 -0.229828 -9.34634 0.020339 -0.00717846 10.0319 0.118355 -0.0644463 0.0172569
449.124 0.191523 -0.0383047 -9.42295 0.125623 0.0311067 10.0008 0.121868 -0.0591012 0.00534507
449.14 0.459656 0.0766094 -9.42295 -0.196211 0.323031 9.9996 0.124006 -0.0572686 0.00671952
449.156 0.612875 0.153219 -9.38465 -0.293121 0.412762 10.0522 0.118661 -0.0754418 -0.0838412
449.171 0.497961 0.0383047 -9.53786 -0.260818 0.494118 10.1157 0.112246 -0.0849102 -0.105374
449.187 0.268133 0.0 -9.53786 -0.0287139 0.416351 10.0738 0.0980438 -0.101862 -0.0992656
449.203 0.191523 0.0383047 -9.42295 -0.0119641 0.362513 9.99362 0.08827 -0.0966694 -0.0722348
449.218 0.268133 0.0383047 -9.34634 0.0191426 0.354138 9.95653 0.0818559 -0.101098 -0.0056505
449.234 0.383047 0.114914 -9.46126 -0.04666 0.369691 9.91227 0.0740674 -0.0954477 0.020464
449.25 0.421352 0.114914 -9.53786 -0.113659 0.345763 10.0164 0.067806 -0.102473 0.0494801
449.265 0.421352 0.0766094 -9.23143 -0.185444 0.346959 10.0714 0.0609338 -0.102014 0.0609338
449.281 0.421352 0.0383047 -9.34634 -0.145962 0.302692 10.1025 0.0604756 -0.106443 0.0548251
449.296 0.421352 0.0383047 -9.46126 -0.184247 0.307478 10.0977 0.0600175 -0.114385 0.00122173
449.312 0.497961 0.0383047 -9.53786 -0.181854 0.320638 10.0367 0.0627664 -0.124922 -0.0418443
449.92 0.421352 0.0 -9.49956 0.0311067 0.175872 10.1085 0.110261 -0.0251982 0.144164
449.936 0.229828 0.0766094 -9.46126 0.12682 0.21655 10.0618 0.114537 -0.0264199 0.135765
449.952 0.421352 0.0 -9.30804 -0.13998 0.285942 10.1121 0.122173 -0.0280998 0.0902553
449.967 0.459656 -0.0383047 -9.30804 -0.184247 0.260818 10.0259 0.120951 -0.0256563 0.0662789
449.984 0.268133 0.0 -9.15482 -0.22014 0.270389 9.93021 0.134238 -0.0389426 -0.00488692
450.001 0.268133 -0.0766094 -9.46126 0.0370887 0.223729 9.92543 0.140346 -0.0470366 -0.0432187
450.017 0.57457 0.0383047 -9.53786 0.0119641 0.228514 9.99721 0.143401 -0.0442877 -0.0876591
450.034 0.612875 0.114914 -9.61448 -0.344566 0.467797 10.0678 0.144622 -0.0400117 -0.0930042
450.05 0.65118 0.191523 -9.46126 -0.39003 0.626919 10.0702 0.142332 -0.0566577 -0.18219
450.067 0.497961 0.229828 -9.53786 -0.361316 0.626919 10.0702 0.138056 -0.0745255 -0.144317
450.084 0.459656 0.114914 -9.38465 -0.269192 0.570688 10.0642 0.122784 -0.0775799 -0.0890336
450.1 0.383047 0.191523 -9.34634 -0.257228 0.574277 10.0283 0.109803 -0.0844521 0.0311541
450.117 0.65118 0.268133 -9.15482 -0.397208 0.641276 9.93978 0.0960585 -0.0962113 0.0968221
450.133 0.536266 0.229828 -9.38465 -0.372084 0.690329 9.90987 0.0870483 -0.103542 0.10568
450.15 0.57457 0.421352 -9.53786 -0.32662 0.665205 9.96371 0.0786489 -0.118508 0.08827
450.167 0.612875 0.421352 -9.42295 -0.319442 0.690329 10.0558 0.0665843 -0.126144 -0.0149662
450.183 0.459656 0.229828 -9.61448 -0.254835 0.658026 10.0283 0.0607811 -0.135459 -0.0798706
450.2 0.383047 0.306437 -9.42295 -0.198604 0.635294 10.0175 0.0493274 -0.146608 -0.169057
450.216 0.268133 0.191523 -9.46126 -0.119641 0.595813 10.0319 0.0404698 -0.154396 -0.185398
450.233 0.306437 0.114914 -9.34634 -0.087338 0.5001 10.0175 0.0392481 -0.161116 -0.162643
450.25 0.229828 0.0766094 -9.30804 -0.0490528 0.443868 9.95533 0.0241292 -0.155007 -0.0682642
450.266 0.344742 0.0383047 -9.42295 -0.0490528 0.452243 9.94337 0.019395 -0.155007 0.0375682
450.283 0.306437 0.0383047 -9.34634 -0.0275174 0.441475 10.0415 0.0155771 -0.149815 0.0803288
450.299 0.344742 0.0766094 -9.46126 -0.0442672 0.398405 10.1085 0.0171042 -0.145997 0.0978911
450.316 0.497961 0.0766094 -9.38465 -0.0299103 0.392423 10.0487 0.02474 -0.147982 0.0613919
450.333 0.344742 0.114914 -9.38465 0.0765703 0.32662 9.97807 0.030696 -0.150273 0.0206167
450.349 0.383047 0.153219 -9.38465 0.181854 0.321834 9.96371 0.0319177 -0.134848 -0.0853684
450.366 0.153219 0.0383047 -9.23143 0.539581 0.331406 9.83569 0.0407752 -0.125991 -0.173028
450.382 0.153219 0.114914 -9.30804 0.363709 0.245264 9.94935 0.0403171 -0.110108 -0.171195
450.399 0.268133 0.114914 -9.46126 0.171087 0.355334 10.1372 0.0409279 -0.0933096 -0.117744
450.416 0.229828 0.0 -9.57617 0.192622 0.283549 10.2138 0.0416915 -0.078038 -0.0476475
450.432 0.421352 0.0383047 -9.42295 -0.166301 0.336191 10.2209 0.0453567 -0.0772744 -0.0160352
450.448 0.536266 0.0383047 -9.38465 -0.287139 0.320638 9.97567 0.0482583 -0.0815505 0.0149662
450.464 0.306437 0.0 -9.15482 -0.185444 0.339781 9.81057 0.0552833 -0.0981966 -0.0186314
450.481 0.229828 -0.0383047 -9.46126 0.0155533 0.31346 9.79621 0.0531453 -0.0989602 -0.0357356
450.497 0.306437 -0.0766094 -9.49956 0.0514457 0.196211 9.99123 0.0551306 -0.0994183 -0.0305433
450.513 0.229828 -0.0383047 -9.49956 0.0526421 0.195015 10.142 0.0561996 -0.100182 -0.0184787
450.53 0.306437 0.114914 -9.61448 -0.00239282 0.245264 10.3023 0.0610865 -0.0933096 -0.0111483
450.545 0.497961 0.0 -9.72939 -0.210568 0.289531 10.1527 0.0725402 -0.0988074 -0.0135917
450.563 0.536266 0.0766094 -9.38465 -0.302692 0.271585 10.008 0.0789543 -0.100945 -0.00381791
450.579 0.57457 -0.0766094 -9.23143 -0.314656 0.319442 9.81296 0.0875064 -0.115148 0.0142026
450.594 0.57457 0.0383047 -9.34634 -0.245264 0.31346 9.87877 0.0890336 -0.124006 0.0138972
450.611 0.383047 0.0 -9.57617 -0.172283 0.327816 10.0044 0.0925461 -0.129351 0.00534507
450.628 0.306437 0.0383047 -9.46126 -0.0693918 0.338584 10.1456 0.0946841 -0.135917 -0.0158825
450.644 0.306437 0.114914 -9.53786 -0.00837488 0.409173 10.148 0.0962113 -0.138666 -0.0343612
450.661 0.229828 0.0766094 -9.34634 0.00837488 0.445065 10.0833 0.0933096 -0.139277 -0.0381791
450.677 0.114914 0.229828 -9.46126 0.00837488 0.488136 9.9649 0.0879646 -0.136681 -0.0464257
450.694 0.191523 0.191523 -9.07821 -0.00239282 0.525224 9.90269 0.0888809 -0.138056 -0.0494801
450.711 -0.0383047 0.153219 -9.34634 0.153141 0.509671 9.83569 0.085063 -0.134696 -0.0407752
450.727 -0.191523 0.191523 -9.46126 0.58983 0.461814 9.88355 0.0804815 -0.120188 -0.0158825
450.744 -0.0383047 0.191523 -9.65278 0.397208 0.496511 10.2114 0.0807869 -0.0864374 -0.0410807
450.76 0.0 0.114914 -9.61448 0.372084 0.473779 10.2664 0.0820086 -0.0739146 -0.0743728
450.777 0.306437 0.114914 -9.57617 0.0861416 0.474975 10.1444 0.0847575 -0.0536034 -0.137903
450.794 0.459656 0.114914 -9.23143 -0.253639 0.48335 9.88834 0.0876591 -0.0488692 -0.118661
450.81 0.57457 0.114914 -9.19312 -0.317049 0.457029 9.78305 0.0862847 -0.0526871 -0.0720821
450.827 0.229828 0.0383047 -9.23143 -0.0251246 0.375673 9.78425 0.0830777 -0.0650571 0.0537561
450.843 0.191523 0.0766094 -9.42295 0.183051 0.339781 10.0618 0.0838412 -0.0675006 0.0749837
450.86 0.421352 0.0 -9.53786 0.107677 0.317049 10.2269 0.0855211 -0.0641408 0.0572686
450.877 0.57457 0.268133 -9.95922 -0.284746 0.325424 10.3848 0.0930042 -0.0591012 0.0363465
450.892 0.383047 -0.0766094 -9.46126 -0.195015 0.277567 10.075 0.103083 -0.0696386 -0.00610865
450.909 0.268133 0.0 -8.81008 -0.239282 0.350548 9.80459 0.108429 -0.0717766 -0.0166461
450.925 0.344742 0.0 -9.19312 0.00119641 0.379262 9.69332 0.118508 -0.0754418 -0.0018326
450.942 0.383047 0.191523 -8.96329 -0.154337 0.561117 9.87637 0.131031 -0.0742201 -0.0681114
450.959 0.421352 0.383047 -9.38465 -0.269192 0.665205 9.9338 0.128282 -0.0731511 -0.083994
450.975 0.421352 0.421352 -9.69109 -0.211765 0.802792 10.2425 0.118508 -0.0771217 -0.110719
450.992 0.229828 0.421352 -9.26973 0.00239282 0.748953 10.252 0.107665 -0.0797179 -0.126296
451.008 0.191523 0.268133 -9.46126 -0.0729811 0.721436 10.1731 0.103542 -0.0788016 -0.105985
451.025 0.306437 0.306437 -9.34634 -0.066999 0.661615 9.86321 0.0894917 -0.0717766 -0.0230602
451.042 0.459656 0.306437 -9.34634 -0.229711 0.713061 9.75793 0.0794125 -0.0763581 0.0539089
451.058 0.497961 0.344742 -9.34634 -0.267996 0.734596 9.84167 0.0729984 -0.0745255 0.0749837
451.075 0.57457 0.306437 -9.65278 -0.283549 0.704686 10.124 0.0676533 -0.0806342 0.0571159
451.091 0.727789 0.383047 -9.49956 -0.345763 0.696311 10.1707 0.0626137 -0.0846048 -0.0137445
451.108 0.65118 0.0383047 -9.38465 -0.339781 0.641276 10.1432 0.0616974 -0.0994183 -0.0868956
451.125 0.65118 0.0766094 -9.34634 -0.340977 0.446261 10.002 0.0705549 -0.108734 -0.0931569
451.141 0.536266 0.191523 -9.30804 -0.271585 0.434297 9.89073 0.0708604 -0.113621 -0.052229
451.158 0.459656 0.0766094 -9.26973 -0.235693 0.501296 9.87159 0.0731511 -0.119577 -0.0157298
451.174 0.536266 0.191523 -9.34634 -0.16989 0.642473 9.91944 0.0700968 -0.123242 -0.00610865
451.191 0.536266 0.344742 -9.49956 -0.143569 0.681954 10.0941 0.0658207 -0.127213 -0.0142026
451.208 0.383047 0.383047 -9.65278 -0.11007 0.739382 10.1635 0.0594066 -0.124464 -0.0613919
451.224 0.421352 0.268133 -9.57617 -0.0502493 0.769292 10.1743 0.062461 -0.125991 -0.0899499
451.24 0.306437 0.191523 -9.46126 -0.0598205 0.638883 9.9673 0.0551306 -0.115912 -0.11469
451.256 0.191523 0.191523 -9.11651 -0.0837488 0.570688 9.87398 0.0540616 -0.111025 -0.104458
451.272 0.229828 0.153219 -9.38465 0.0 0.452243 9.80698 0.0577268 -0.105832 -0.0595593
451.289 0.421352 0.191523 -9.57617 0.040678 0.427119 9.92782 0.0615447 -0.0968221 -0.0432187
451.304 0.306437 0.114914 -9.53786 -0.0646062 0.470189 10.0283 0.0665843 -0.0972803 -0.0459676
451.321 0.421352 0.114914 -9.69109 -0.09332 0.473779 10.1252 0.0685696 -0.0896445 -0.0487165
451.337 0.459656 0.268133 -9.61448 -0.27996 0.580259 10.1061 0.0759 -0.0923933 -0.0161879
451.354 0.536266 0.383047 -9.38465 -0.430708 0.65683 10.0893 0.0743728 -0.0930042 0.00839939
451.371 0.497961 0.536266 -9.11651 -0.442672 0.790828 9.91705 0.0704022 -0.106596 -0.0138972
451.387 0.114914 0.229828 -9.23143 -0.0658026 0.710668 9.8345 0.0626137 -0.125991 -0.0280998
451.404 0.306437 0.229828 -9.42295 -0.0430708 0.684347 9.93021 0.0568105 -0.125991 -0.0131336
451.42 0.383047 0.344742 -9.61448 -0.0969093 0.634098 10.1755 0.0519235 -0.121257 -0.00244346
451.437 0.344742 0.229828 -9.69109 -0.130409 0.652044 10.1767 0.0456622 -0.114079 -0.0255036
451.454 0.383047 0.229828 -9.53786 -0.192622 0.624527 10.13 0.0444404 -0.112552 -0.0332921
451.47 0.612875 0.459656 -9.53786 -0.262014 0.602991 9.96849 0.0525344 -0.119271 -0.0445931
451.486 0.459656 0.497961 -9.15482 -0.285942 0.65324 9.7675 0.0540616 -0.121409 -0.0233656
451.503 0.536266 0.421352 -9.23143 -0.332602 0.68674 9.70887 0.0552833 -0.127365 -0.00519235
451.519 0.57457 0.268133 -9.23143 -0.291924 0.674776 9.91346 0.0423024 -0.133932 0.0186314
451.536 0.612875 0.191523 -9.46126 -0.288335 0.544367 10.1719 0.0403171 -0.145997 0.00794125
451.552 0.612875 0.114914 -9.69109 -0.290728 0.467797 10.2473 0.0403171 -0.152258 0.00442877
451.569 0.383047 0.229828 -9.11651 -0.211765 0.491725 10.1827 0.0412334 -0.158672 -0.00473421
451.586 0.383047 0.191523 -9.38465 -0.172283 0.545563 9.97687 0.0490219 -0.169362 -0.0261145
451.602 0.306437 0.191523 -9.23143 -0.13998 0.587438 9.89671 0.0499382 -0.16921 -0.0331394
451.619 0.229828 0.268133 -9.15482 -0.0526421 0.620937 9.83809 0.0531453 -0.171195 -0.0381791
451.635 0.383047 0.229828 -9.34634 0.277567 0.567099 9.8668 0.0496328 -0.166766 -0.0241292
451.652 -0.229828 0.344742 -9.34634 0.42353 0.571884 9.95533 0.0485638 -0.157909 -0.010232
451.669 -0.0383047 0.153219 -9.57617 0.508475 0.547956 10.2221 0.0516181 -0.129351 -0.0276416
451.685 -0.114914 0.229828 -9.65278 0.565902 0.507278 10.2963 0.0578795 -0.0978911 -0.145997
451.702 -0.229828 0.191523 -9.11651 0.538385 0.5001 10.13 0.0626137 -0.085063 -0.220217
451.718 0.153219 0.0766094 -9.07821 0.102891 0.351745 9.63709 0.0655153 -0.0542143 -0.198378
451.735 0.268133 0.114914 -9.0016 -0.181854 0.379262 9.63829 0.0711658 -0.0400117 0.0132863
451.752 0.344742 0.0383047 -9.46126 -0.114855 0.355334 9.80937 0.0733038 -0.03711 0.0897971
451.768 0.497961 0.114914 -9.72939 -0.133998 0.415155 10.2664 0.0891863 -0.0491747 0.122173
451.785 0.612875 0.306437 -9.88261 -0.200997 0.465404 10.398 0.0998765 -0.0453567 0.0913243
451.801 0.497961 0.114914 -9.53786 -0.305085 0.441475 10.3358 0.106291 -0.046273 0.0424551
451.818 0.536266 0.0383047 -9.30804 -0.183051 0.370887 9.91585 0.120951 -0.0606284 -0.0342084
451.835 0.268133 0.114914 -9.15482 -0.09332 0.415155 9.67657 0.125991 -0.0603229 -0.0335976
451.851 0.383047 0.306437 -9.30804 -0.0550349 0.5001 9.6682 0.127824 -0.0606284 -0.0244346
451.868 0.459656 0.268133 -9.49956 -0.0622134 0.680758 9.95294 0.138361 -0.062461 -0.045204
451.884 0.689484 0.344742 -9.57617 -0.431904 0.79322 10.2221 0.13439 -0.0572686 -0.0751364
451.901 0.804398 0.497961 -9.49956 -0.55992 0.870987 10.2437 0.133779 -0.0557414 -0.13271
451.918 0.727789 0.727789 -9.49956 -0.520439 0.939182 10.1348 0.135154 -0.0751364 -0.171653
451.934 0.804398 0.536266 -9.42295 -0.569491 0.961914 9.91705 0.125075 -0.0879646 -0.185398
451.951 0.881008 0.65118 -9.30804 -0.526421 0.93679 9.87398 0.120188 -0.0978911 -0.103236
451.967 0.57457 0.497961 -9.26973 -0.42353 0.90329 9.82253 0.101251 -0.116981 -0.0465785
451.984 0.459656 0.497961 -9.42295 -0.278764 0.906879 9.96132 0.0781907 -0.124616 0.0647517
452.001 0.536266 0.65118 -9.61448 -0.27996 0.927218 10.051 0.0714712 -0.128587 0.095295
452.017 0.497961 0.536266 -9.65278 -0.308674 1.00618 10.1731 0.0603229 -0.141568 0.0751364
452.034 0.459656 0.689484 -9.46126 -0.295514 1.00857 10.0594 0.0510072 -0.151495 0.00412334
452.049 0.536266 0.689484 -9.46126 -0.303888 1.02532 9.98166 0.0412334 -0.150578 -0.019395
452.066 0.689484 0.536266 -9.42295 -0.294317 0.917647 9.87757 0.0323759 -0.159894 -0.0464257
452.082 0.57457 0.497961 -9.42295 -0.323031 0.908076 9.91466 0.0200058 -0.159283 -0.0471893
452.098 0.497961 0.421352 -9.806 -0.0334995 0.866202 9.89073 0.0164934 -0.163254 -0.0435241
452.115 0.268133 0.459656 -9.42295 -0.0562313 0.861416 9.99601 0.00519235 -0.159283 -0.020464
452.131 0.191523 0.421352 -9.53786 -0.0885344 0.829113 10.081 -0.00213803 -0.156381 0.0
452.148 0.459656 0.497961 -9.61448 -0.0358923 0.759721 10.0929 -0.0105374 -0.148593 -0.000763581
452.165 0.306437 0.65118 -9.57617 -0.0526421 0.819541 9.99362 -0.00962113 -0.157603 -0.0238237
452.18 0.191523 0.689484 -9.34634 0.0323031 0.963111 9.93021 -0.0206167 -0.148288 -0.0453567
452.197 0.344742 0.459656 -9.61448 0.0215354 0.74656 9.89552 -0.0322231 -0.143401 -0.0702495
452.213 0.344742 0.229828 -9.53786 -0.0239282 0.695115 10.0678 -0.0404698 -0.139888 -0.101862
452.23 0.459656 0.0383047 -9.46126 -0.0969093 0.352941 10.0475 -0.0354302 -0.13607 -0.10797
452.247 0.383047 -0.0383047 -9.34634 -0.0598205 0.277567 9.97448 -0.0265726 -0.140194 -0.106138
452.263 0.344742 0.0383047 -9.30804 -0.132802 0.212961 9.9326 -0.011301 -0.135459 -0.0587958
452.28 0.421352 0.0766094 -9.26973 -0.17348 0.412762 9.93978 0.00580322 -0.143095 -0.0302378
452.296 0.306437 0.268133 -9.23143 -0.104088 0.553938 10.0104 0.010232 -0.146302 -0.0364992
452.313 0.306437 0.229828 -9.49956 -0.100499 0.622134 10.0762 0.00855211 -0.150425 -0.0639881
452.33 0.0766094 0.306437 -9.42295 0.17348 0.503689 10.0941 0.00580322 -0.152105 -0.0474948
452.346 -0.0383047 0.114914 -9.38465 0.277567 0.48335 10.0546 0.00549779 -0.146302 -0.0398589
452.363 0.0 0.114914 -9.42295 0.252443 0.474975 10.0295 0.0119119 -0.131183 -0.0395535
452.379 0.114914 0.191523 -9.30804 0.179462 0.476171 9.95294 0.0163406 -0.112094 -0.0282525
452.396 0.268133 0.0766094 -9.23143 0.144766 0.477368 9.9338 0.0222966 -0.104153 -0.0276416
452.413 0.114914 0.114914 -9.38465 -0.0155533 0.451047 9.89911 0.0282525 -0.0926988 -0.0155771
452.429 0.268133 0.229828 -9.49956 -0.161515 0.43669 9.95055 0.0355829 -0.0917825 0.00397062
452.446 0.344742 0.0383047 -9.42295 -0.190229 0.407976 10.0032 0.0378736 -0.0936151 0.0143553
452.462 0.497961 0.114914 -9.46126 -0.162712 0.404387 10.1049 0.043066 -0.106138 0.032834
452.479 0.268133 0.191523 -9.34634 -0.104088 0.497707 10.148 0.0468839 -0.115301 0.02474
452.496 0.344742 0.268133 -9.49956 -0.105284 0.556331 10.118 0.0410807 -0.117439 -0.0103847
452.512 0.459656 0.344742 -9.53786 -0.129212 0.648455 9.99003 0.0418443 -0.1237 -0.0375682
452.529 0.497961 0.344742 -9.57617 -0.196211 0.734596 9.9015 0.0332921 -0.12538 -0.0757473
452.545 0.57457 0.421352 -9.49956 -0.12682 0.7334 9.91705 0.0268781 -0.127213 -0.0817032
452.562 0.114914 0.229828 -9.19312 0.0921237 0.586241 9.98166 0.0183259 -0.131641 -0.0844521
452.579 0.153219 0.153219 -9.46126 0.240479 0.477368 10.0881 0.0178678 -0.124464 -0.0684169
452.595 -0.0383047 0.229828 -9.46126 0.197408 0.424726 10.1862 0.0201585 -0.106749 -0.0340557
452.612 0.0766094 0.153219 -9.49956 0.354138 0.441475 10.1456 0.0224493 -0.0951423 -0.0762054
452.628 0.229828 0.0766094 -9.07821 0.190229 0.405583 9.72802 0.0329867 -0.0832304 -0.178831
452.645 0.191523 0.0 -8.92499 0.0837488 0.344566 9.63709 0.0316123 -0.0708604 -0.117286
452.662 0.153219 -0.0766094 -9.26973 0.0454636 0.217747 9.81296 0.0363465 -0.0662789 -0.0531453
452.678 0.153219 0.0 -9.46126 0.143569 0.154337 10.197 0.0418443 -0.0557414 0.0595593
452.695 0.191523 0.0383047 -9.806 0.20339 0.184247 10.343 0.062461 -0.0445931 0.0652099
452.712 0.344742 0.0383047 -9.61448 -0.131605 0.271585 10.3262 0.0714712 -0.0390954 0.071624
452.728 0.536266 0.153219 -9.34634 -0.238086 0.364905 10.0499 0.0891863 -0.0447459 0.0615447
452.745 0.383047 0.114914 -9.26973 -0.224925 0.342173 9.70648 0.0926988 -0.0519235 -0.00946841
452.762 0.344742 -0.114914 -9.07821 -0.0622134 0.303888 9.70409 0.0956004 -0.0536034 -0.0436769
452.779 0.459656 0.0383047 -9.15482 -0.0981057 0.210568 9.84646 0.108276 -0.0580322 -0.0694859
452.795 0.612875 0.0766094 -9.72939 -0.239282 0.332602 10.1444 0.118202 -0.056505 -0.0746782
452.812 0.612875 0.153219 -9.53786 -0.273978 0.428315 10.2281 0.122173 -0.0609338 -0.0700968
452.829 0.268133 0.191523 -9.26973 -0.104088 0.514457 10.1827 0.129198 -0.0655153 -0.0690278
452.845 0.65118 0.268133 -9.65278 -0.372084 0.636491 10.0642 0.134238 -0.0668897 -0.0720821
452.862 0.727789 0.383047 -9.30804 -0.391226 0.728614 9.93499 0.132558 -0.0691805 -0.0810924
452.878 0.459656 0.497961 -8.96329 -0.259621 0.939182 9.72203 0.12538 -0.0844521 -0.0977384
452.895 0.536266 0.842703 -9.26973 -0.39003 1.1653 9.85962 0.0978911 -0.0846048 -0.0859793
452.912 0.689484 0.57457 -9.61448 -0.485743 1.09232 9.99721 0.0830777 -0.0910189 -0.0713185
452.928 0.995922 0.191523 -9.38465 -0.655633 0.61017 10.2437 0.0598648 -0.105527 -0.0413861
452.945 0.881008 0.0766094 -9.49956 -0.753739 0.391226 10.2138 0.0621555 -0.135307 -0.00335976
452.962 0.842703 0.229828 -9.38465 -0.678365 0.451047 10.0953 0.0705549 -0.167072 0.0125227
452.978 0.612875 0.268133 -9.15482 -0.345763 0.574277 9.8656 0.0705549 -0.177456 0.00473421
452.995 0.306437 0.383047 -9.34634 -0.0729811 0.689133 9.81296 0.0682642 -0.190743 -0.0389426
453.01 0.306437 0.383047 -9.34634 -0.0346959 0.751346 9.82492 0.0620028 -0.189063 -0.0523817
453.027 0.153219 0.421352 -9.23143 0.0825523 0.84347 10.0032 0.0519235 -0.18891 -0.0494801
453.044 0.229828 0.65118 -9.49956 0.087338 1.04566 10.1252 0.0363465 -0.172111 -0.0238237
453.06 0.229828 0.65118 -9.61448 0.0897308 0.951147 10.191 0.0244346 -0.16249 -0.0203113
453.077 0.306437 0.459656 -9.57617 0.026321 0.823131 10.063 0.0138972 -0.155007 -0.0342084
453.093 0.268133 0.306437 -9.34634 -0.12682 0.691525 9.86082 0.00366519 -0.144317 -0.0209221
453.11 0.344742 0.306437 -9.26973 -0.09332 0.588634 9.86082 0.00229074 -0.147829 -0.010232
453.127 0.344742 0.229828 -9.30804 0.0346959 0.497707 9.86919 0.00213803 -0.149967 -0.0423024
453.143 0.268133 0.229828 -9.49956 0.118445 0.533599 10.0223 0.0018326 -0.143706 -0.0966694
453.16 0.191523 0.229828 -9.69109 0.105284 0.575474 10.0953 -0.000305433 -0.13775 -0.116523
453.176 0.383047 0.344742 -9.61448 -0.061017 0.625723 10.1719 -0.0065668 -0.131183 -0.135459
453.193 0.421352 0.191523 -9.53786 -0.128016 0.602991 10.0905 -0.00901026 -0.135612 -0.129809
453.21 0.344742 0.153219 -8.96329 -0.148355 0.534796 9.93739 -0.00809396 -0.139277 -0.0676533
453.226 0.459656 0.114914 -9.15482 -0.218943 0.425922 9.75912 -0.0151189 -0.138514 0.0230602
453.243 0.421352 -0.0383047 -9.34634 -0.245264 0.246461 10.0307 -0.0146608 -0.148746 0.178678
453.259 0.383047 -0.153219 -9.46126 -0.183051 0.0275174 10.1886 0.00320704 -0.157756 0.16753
453.276 0.459656 -0.306437 -9.61448 -0.0753739 -0.100499 10.2269 0.0221439 -0.162185 0.117286
453.293 0.268133 0.0 -9.15482 -0.0131605 0.0502493 9.98644 0.052229 -0.166461 0.00335976
453.309 0.229828 -0.0383047 -9.07821 0.0275174 0.125623 9.88714 0.0771217 -0.172111 -0.0740674
453.326 0.459656 0.0383047 -9.23143 0.0598205 0.256032 9.85244 0.0813978 -0.169362 -0.0899499
453.342 0.268133 0.0766094 -9.26973 -0.00119641 0.524028 9.97687 0.0888809 -0.173486 -0.0836885
453.359 0.268133 0.383047 -9.57617 -0.0705882 0.681954 10.0714 0.0815505 -0.173333 -0.0436769
453.376 0.344742 0.306437 -9.61448 -0.11007 0.764507 10.197 0.0774271 -0.178831 -0.0239765
453.392 0.344742 0.153219 -9.53786 -0.0598205 0.59342 10.0965 0.0679587 -0.187688 0.00122173
453.409 0.383047 0.0766094 -9.34634 -0.020339 0.527617 10.0128 0.0629191 -0.188757 0.00213803
453.425 0.0 0.0766094 -8.77177 0.256032 0.400798 9.88116 0.0647517 -0.190437 -0.021533
453.442 -0.0766094 0.344742 -9.19312 0.533599 0.553938 9.82851 0.0713185 -0.18158 -0.0888809
453.459 -0.153219 0.459656 -9.30804 0.62333 0.654437 9.84526 0.0609338 -0.155007 -0.137597
453.475 -0.306437 0.421352 -9.30804 0.64008 0.811167 10.0032 0.0529926 -0.141263 -0.143401
453.492 -0.191523 0.383047 -9.46126 0.544367 0.721436 10.1324 0.0366519 -0.114232 -0.116828
453.508 -0.0766094 0.153219 -9.42295 0.506082 0.667597 10.1372 0.0270308 -0.0894917 -0.0572686
453.525 0.0 0.268133 -9.42295 0.308674 0.497707 10.0774 0.0248928 -0.0804815 -0.0140499
453.542 0.0 0.0766094 -9.38465 0.15673 0.407976 9.9673 0.0239765 -0.067806 0.0740674
453.558 0.229828 0.153219 -9.61448 0.183051 0.346959 9.91824 0.0300851 -0.0632245 0.0916298
453.574 0.153219 0.0 -9.38465 0.171087 0.364905 10.0235 0.0358883 -0.0620028 0.0629191
453.59 0.153219 0.153219 -9.53786 0.177069 0.396012 10.1001 0.0416915 -0.0581849 -0.0458149
453.607 0.0 0.0766094 -9.46126 0.141176 0.380459 10.0702 0.0490219 -0.0577268 -0.146149
453.624 0.306437 0.0766094 -9.42295 0.0394815 0.409173 9.90269 0.0514654 -0.0607811 -0.167377
453.639 0.383047 -0.0766094 -9.30804 -0.129212 0.330209 9.95773 0.0497855 -0.06353 -0.0855211
453.655 0.268133 0.0 -9.53786 -0.149551 0.30987 10.0594 0.0476475 -0.0653626 -0.0172569
453.671 0.268133 -0.114914 -9.72939 0.138784 0.191426 10.3095 0.0649044 -0.0734565 0.0372628
453.688 0.306437 -0.229828 -9.34634 -0.135194 0.0598205 10.0175 0.0830777 -0.0684169 0.00167988
453.705 0.421352 -0.191523 -9.15482 -0.0550349 0.00478564 9.95055 0.0945314 -0.0690278 0.0331394
453.721 0.0383047 0.114914 -8.81008 0.22014 0.198604 9.7328 0.125533 -0.0749837 0.0499382
453.738 0.0766094 0.306437 -9.46126 0.275174 0.585045 9.88235 0.132863 -0.0623082 0.0155771
453.754 0.268133 0.229828 -9.72939 0.189033 0.64008 10.0199 0.135001 -0.0641408 -0.00534507
453.771 0.229828 0.344742 -9.92091 0.0646062 0.734596 10.252 0.118355 -0.0523817 -0.0354302
453.788 0.344742 0.268133 -9.65278 -0.131605 0.592223 10.27 0.110414 -0.0507018 -0.0749837
453.803 0.344742 0.268133 -9.38465 -0.240479 0.595813 10.136 0.111025 -0.0531453 -0.0933096
453.82 0.421352 0.268133 -9.34634 -0.25005 0.565902 9.82732 0.113926 -0.0675006 -0.0807869
453.837 0.421352 0.306437 -9.38465 -0.253639 0.574277 9.78305 0.113468 -0.079107 -0.0364992
453.853 0.459656 0.229828 -9.42295 -0.224925 0.618545 9.85364 0.113315 -0.083994 -0.0175624
453.87 0.344742 0.268133 -9.57617 -0.0717846 0.692722 10.0786 0.108887 -0.0894917 -0.0158825
453.886 0.421352 0.459656 -9.57617 -0.105284 0.820738 10.1563 0.0988074 -0.090408 -0.0390954
453.903 0.306437 0.536266 -9.46126 -0.114855 0.832702 10.0977 0.0919352 -0.0923933 -0.0450513
453.92 0.459656 0.344742 -9.38465 -0.154337 0.82672 10.0068 0.0792598 -0.103083 -0.0335976
453.935 0.459656 0.344742 -9.42295 -0.175872 0.786042 9.92543 0.0676533 -0.113163 -0.0285579
453.951 0.459656 0.383047 -9.26973 -0.208175 0.789631 9.91107 0.0627664 -0.118813 -0.0345139
453.966 0.459656 0.459656 -9.46126 -0.208175 0.775274 9.93499 0.0445931 -0.122173 -0.0313068
453.981 0.344742 0.459656 -9.34634 -0.144766 0.78006 9.9326 0.0403171 -0.12706 -0.0357356
453.997 0.306437 0.344742 -9.34634 -0.066999 0.78006 10.0774 0.0319177 -0.129351 -0.0598648
454.012 0.383047 0.344742 -9.38465 -0.0658026 0.808774 10.1013 0.0244346 -0.133779 -0.0711658
454.028 0.383047 0.421352 -9.49956 -0.265603 0.794417 10.0403 0.0206167 -0.13775 -0.0539089
454.044 0.153219 0.766094 -9.34634 -0.303888 0.519242 10.1085 0.00794125 -0.147218 -0.00320704
454.059 0.268133 -0.0766094 -9.34634 -0.0861416 0.248853 10.1049 0.00962113 -0.150731 0.00381791
454.075 0.306437 -0.153219 -9.26973 -0.020339 0.0681954 9.92782 0.0262672 -0.15913 -0.0209221
454.67 0.0 0.191523 -9.46126 0.228514 0.491725 10.2018 0.0626137 -0.0384845 -0.0616974
454.687 0.191523 0.229828 -9.65278 0.192622 0.502493 10.0869 0.0594066 -0.0394008 -0.0218384
454.704 0.229828 0.229828 -9.11651 0.138784 0.526421 9.84526 0.0601702 -0.043066 -0.00916297
454.72 0.0383047 0.383047 -9.34634 0.120837 0.563509 9.80459 0.0525344 -0.0400117 -0.0138972
454.737 0.153219 0.229828 -9.30804 0.0705882 0.580259 9.86321 0.046273 -0.0369573 -0.0392481
454.753 0.268133 0.153219 -9.53786 0.04666 0.547956 10.0917 0.0438296 -0.0386372 -0.0546724
454.77 0.383047 0.114914 -9.69109 -0.145962 0.467797 10.2102 0.0423024 -0.0448986 -0.0766636
454.787 0.727789 0.0383047 -9.76769 -0.284746 0.446261 10.1755 0.0409279 -0.066737 -0.0264199
454.803 0.57457 -0.114914 -9.49956 -0.300299 0.0646062 10.2042 0.0433714 -0.0838412 0.0267254
454.82 0.383047 -0.114914 -9.42295 -0.0215354 -0.00717846 9.97687 0.0505491 -0.104305 0.0488692
454.837 0.229828 -0.153219 -9.38465 0.0681954 0.0382852 9.87398 0.0707076 -0.114843 0.0178678
454.853 0.229828 -0.114914 -9.30804 0.0646062 0.0765703 9.71007 0.0794125 -0.120188 0.00778853
454.87 0.383047 0.191523 -9.11651 0.160319 0.458225 9.85244 0.0937678 -0.124158 -0.0458149
454.886 0.268133 0.306437 -9.42295 0.0658026 0.739382 10.1109 0.0942259 -0.120493 -0.0852157
454.903 0.344742 0.344742 -9.69109 0.0813559 0.695115 10.282 0.089339 -0.119119 -0.0888809
454.92 0.306437 0.229828 -9.42295 -0.0191426 0.569491 10.2556 0.0801761 -0.115759 -0.0545197
454.936 0.306437 0.114914 -9.42295 -0.0287139 0.451047 9.98883 0.0783434 -0.122937 0.00946841
454.953 0.0383047 0.153219 -9.23143 0.0430708 0.391226 9.87039 0.0815505 -0.129045 0.0397062
454.969 0.153219 0.153219 -9.19312 0.187837 0.375673 9.79741 0.0835358 -0.135001 0.0675006
454.985 0.114914 0.191523 -9.30804 0.277567 0.460618 9.84526 0.0804815 -0.135612 0.0230602
455.001 0.229828 0.383047 -9.57617 0.333799 0.705882 10.0056 0.0749837 -0.132558 -0.0161879
455.017 0.153219 0.612875 -9.57617 0.230907 0.758524 10.2102 0.0581849 -0.129656 -0.0885754
455.034 0.153219 0.268133 -9.49956 0.171087 0.717846 10.2365 0.0392481 -0.127213 -0.125686
455.05 0.191523 0.191523 -9.42295 0.161515 0.667597 10.0857 0.0302378 -0.125075 -0.123395
455.067 0.153219 0.229828 -9.23143 0.150748 0.612562 9.88475 0.0245873 -0.132558 -0.0901026
455.084 -0.0383047 0.191523 -9.46126 0.17348 0.598205 9.83091 0.0143553 -0.125227 -0.0248928
455.1 0.114914 0.191523 -9.23143 0.191426 0.54317 9.87996 0.0106901 -0.125533 -0.000305433
455.117 0.229828 0.229828 -9.34634 0.214158 0.502493 10.0128 0.00549779 -0.121562 0.0180205
455.133 0.191523 0.153219 -9.42295 0.197408 0.508475 10.0833 0.00244346 -0.120646 0.00229074
455.15 0.229828 0.0 -9.72939 0.0777667 0.498903 10.1886 0.000916298 -0.119119 -0.00717767
455.174 0.383047 -0.229828 -9.38465 0.0981057 -0.130409 9.99482 0.0160352 -0.12874 -0.0679587
455.191 0.0383047 -0.306437 -8.96329 0.113659 -0.160319 9.88116 0.0279471 -0.129198 -0.0734565
455.208 0.114914 -0.306437 -9.15482 0.171087 -0.0658026 9.82373 0.0592539 -0.137292 -0.0366519
455.224 0.114914 -0.0383047 -9.19312 0.247657 0.288335 9.92064 0.0755945 -0.136223 0.0180205
455.241 0.0766094 0.306437 -9.46126 0.301496 0.617348 9.95773 0.076969 -0.131183 0.033903
455.256 0.114914 0.383047 -9.34634 0.293121 0.82672 10.2461 0.0636827 -0.12706 0.0261145
455.273 0.114914 0.344742 -9.65278 0.293121 0.454636 10.2221 0.0505491 -0.122937 -0.0192422
455.29 0.191523 0.114914 -9.42295 0.208175 0.446261 10.1288 0.0455095 -0.118202 -0.0374155
455.306 0.0766094 -0.0766094 -9.07821 0.172283 0.244068 9.92303 0.0511599 -0.121715 -0.0613919
455.323 0.153219 0.0 -9.19312 0.241675 0.283549 9.83689 0.0613919 -0.127671 -0.0560469
455.339 -0.114914 0.114914 -9.53786 0.311067 0.342173 9.86441 0.0591012 -0.122937 -0.053298
455.356 -0.114914 0.153219 -9.49956 0.424726 0.460618 10.0116 0.0604756 -0.118813 -0.0700968
455.372 0.0766094 0.191523 -9.53786 0.393619 0.591027 10.0893 0.0569632 -0.112094 -0.0978911
455.389 0.114914 0.268133 -9.49956 0.334995 0.614955 10.1001 0.0520762 -0.108123 -0.0968221
455.405 0.0766094 0.306437 -9.42295 0.200997 0.624527 10.051 0.0421497 -0.105069 -0.0653626
455.421 0.191523 0.306437 -9.57617 0.143569 0.547956 10.002 0.0287107 -0.10232 -0.0233656
455.438 0.114914 0.114914 -9.26973 0.100499 0.502493 9.97328 0.0253509 -0.104916 0.00290161
455.455 0.0766094 0.114914 -9.42295 0.165105 0.486939 9.98764 0.0163406 -0.107818 0.0395535
455.471 0.191523 0.0766094 -9.57617 0.206979 0.433101 9.97926 0.0154243 -0.10965 0.033903
455.488 0.114914 0.114914 -9.38465 0.256032 0.387637 10.0092 0.0135917 -0.111483 0.0197004
455.504 0.0766094 -0.0383047 -9.38465 0.251246 0.301496 10.0606 0.0128282 -0.107512 -0.0209221
455.521 0.0766094 0.0 -9.38465 0.151944 0.336191 10.0283 0.0171042 -0.106596 -0.0536034
455.538 0.0383047 -0.229828 -9.38465 0.0430708 0.195015 9.97807 0.0183259 -0.10965 -0.0468839
455.554 0.0383047 -0.421352 -9.57617 0.299103 -0.319442 10.1671 0.0310014 -0.11637 -0.0187841
455.571 -0.268133 -0.727789 -9.34634 0.679561 -0.448654 9.97807 0.0722348 -0.116828 0.00946841
455.587 -0.306437 -0.536266 -9.15482 0.714257 -0.325424 9.8345 0.0916298 -0.106443 0.0722348
455.604 -0.114914 -0.0766094 -9.11651 0.581456 0.18664 9.79621 0.125227 -0.0797179 0.169973
455.621 -0.0383047 0.268133 -9.30804 0.387637 0.54317 9.9649 0.131489 -0.0571159 0.126144
455.637 0.0766094 0.268133 -9.49956 0.332602 0.601795 10.136 0.129656 -0.0516181 0.0803288
455.654 0.268133 0.306437 -9.69109 0.165105 0.519242 10.3011 0.127213 -0.0459676 -0.0267254
455.67 0.229828 0.268133 -9.57617 0.0957129 0.519242 10.1803 0.130114 -0.0467312 -0.095295
455.687 0.0 0.114914 -9.42295 0.0502493 0.430708 10.0487 0.126602 -0.0484111 -0.117744
455.704 0.229828 0.114914 -9.23143 0.0334995 0.415155 9.85843 0.12538 -0.0583376 -0.108429
455.72 0.191523 0.191523 -9.26973 0.0993021 0.535992 9.84287 0.118355 -0.0653626 -0.0644463
455.737 0.0766094 0.306437 -9.15482 0.148355 0.660419 9.90748 0.112705 -0.0693332 -0.0316123
455.753 0.191523 0.383047 -9.53786 0.159123 0.752542 10.0582 0.0966694 -0.0728457 -0.0293215
455.77 0.306437 0.536266 -9.34634 -0.0394815 0.902094 10.1611 0.0788016 -0.0754418 -0.0198531
455.787 0.421352 0.497961 -9.42295 -0.153141 0.799202 10.1539 0.0694859 -0.0855211 -0.0465785
455.803 0.306437 0.306437 -9.38465 -0.149551 0.814756 9.97926 0.0563523 -0.0907135 -0.0461203
455.82 0.344742 0.383047 -9.30804 -0.104088 0.747757 9.88953 0.0406225 -0.106596 -0.0481056
455.837 0.268133 0.383047 -9.26973 -0.0825523 0.72981 9.87877 0.0241292 -0.114537 -0.0494801
455.853 0.344742 0.191523 -9.34634 -0.00119641 0.684347 9.96132 0.0138972 -0.120035 -0.0529926
455.87 0.383047 0.153219 -9.61448 -0.0227318 0.630509 10.0439 0.00397062 -0.127365 -0.0537561
455.886 0.383047 0.229828 -9.49956 -0.0681954 0.594616 10.1037 -0.00717767 -0.134848 -0.00824668
455.903 0.306437 0.153219 -9.30804 -0.12682 0.434297 10.1886 -0.00977384 -0.146302 0.0155771
455.92 0.306437 -0.0766094 -9.38465 0.0837488 0.129212 10.0271 -0.00809396 -0.154549 0.00687223
455.936 0.344742 -0.229828 -9.34634 0.0514457 -0.0179462 9.91824 0.0126754 -0.156534 -0.0177151
455.953 0.114914 -0.114914 -9.11651 0.0634098 -0.0394815 9.73759 0.0268781 -0.159741 -0.0200058
455.969 0.0766094 0.0383047 -9.26973 0.239282 0.315852 9.88953 0.0484111 -0.163254 -0.0158825
455.986 0.0383047 0.229828 -9.57617 0.281157 0.556331 9.99841 0.0435241 -0.158061 -0.0200058
456.003 0.0766094 0.383047 -9.65278 0.370887 0.771685 10.2281 0.0369573 -0.155618 -0.0218384
456.019 0.153219 0.306437 -9.57617 0.339781 0.672383 10.2508 0.0189368 -0.149815 -0.0325286
456.035 0.0383047 0.114914 -9.53786 0.334995 0.507278 10.1312 0.010232 -0.143553 -0.0364992
456.05 0.0766094 0.0383047 -9.26973 0.295514 0.36012 9.90868 0.00687223 -0.142637 -0.0316123
456.066 0.0 0.0766094 -9.38465 0.303888 0.338584 9.77827 0.00213803 -0.135612 -0.0163406
456.082 0.191523 0.0766094 -9.34634 0.315852 0.439083 9.81775 0.00397062 -0.132863 -0.0160352
456.098 0.114914 0.114914 -9.806 0.248853 0.417547 10.051 -0.000610865 -0.129656 -0.00870483
456.114 0.153219 0.153219 -9.38465 0.199801 0.388834 10.1791 0.000305433 -0.129045 -0.00824668
456.13 0.0766094 0.114914 -9.42295 0.184247 0.358923 10.1898 -0.00137445 -0.125227 -0.0155771
456.146 0.114914 0.0383047 -9.30804 0.195015 0.357727 10.0355 0.000610865 -0.129503 -0.0189368
456.163 0.114914 0.114914 -9.34634 0.212961 0.344566 9.95055 0.000916298 -0.130725 -0.0171042
456.179 0.0383047 0.0383047 -9.07821 0.277567 0.289531 9.85364 -0.00213803 -0.126449 -0.0154243
456.196 -0.0383047 0.0 -9.30804 0.312263 0.247657 9.92782 0.000610865 -0.125991 -0.0175624
456.212 0.0 -0.0383047 -9.42295 0.275174 0.241675 10.0247 0.00213803 -0.123853 -0.0177151
456.229 0.229828 0.0383047 -9.53786 0.234497 0.287139 10.1264 0.00626137 -0.124616 -0.00885754
456.246 0.153219 -0.191523 -9.57617 0.218943 0.0358923 10.2209 0.00458149 -0.121868 0.0395535
456.261 0.153219 -0.306437 -9.42295 0.253639 -0.0993021 10.13 0.00946841 -0.1237 0.0612392
456.278 0.114914 -0.383047 -9.34634 0.199801 -0.21655 9.84407 0.0348193 -0.125075 0.107207
456.295 0.191523 -0.153219 -9.30804 0.267996 0.0251246 9.80459 0.0557414 -0.129198 0.146302
456.311 0.229828 -0.0383047 -9.23143 0.257228 0.168694 9.9015 0.0655153 -0.132405 0.144011
456.328 0.0766094 0.306437 -9.57617 0.37328 0.484546 10.0582 0.062461 -0.124464 0.114232
456.344 0.0766094 0.229828 -9.72939 0.409173 0.72981 10.2209 0.0455095 -0.118508 0.0731511
456.361 0.0383047 0.268133 -9.53786 0.355334 0.62333 10.1288 0.0314596 -0.116675 0.0604756
456.378 0.114914 -0.0766094 -9.49956 0.16989 0.12323 10.1527 0.0224493 -0.11637 0.0346666
456.394 0.229828 -0.229828 -9.42295 0.229711 0.0179462 9.93978 0.031765 -0.117744 0.0421497
456.411 0.0383047 -0.191523 -9.26973 0.229711 0.0430708 9.86321 0.0407752 -0.120951 0.0447459
456.427 0.0 0.0 -9.46126 0.333799 0.270389 9.90509 0.052229 -0.125533 0.0540616
456.444 -0.0383047 0.0383047 -9.42295 0.451047 0.412762 10.0654 0.0435241 -0.113774 0.0470366
456.461 -0.0383047 0.114914 -9.57617 0.451047 0.45344 10.0905 0.0390954 -0.109192 0.0345139
456.477 0.0766094 0.0 -9.49956 0.381655 0.412762 10.0905 0.0303905 -0.10568 0.0187841
456.494 0.114914 -0.0383047 -9.42295 0.217747 0.281157 10.0032 0.0250455 -0.105832 0.045204
456.509 0.191523 -0.0383047 -9.42295 0.183051 0.245264 9.9649 0.0198531 -0.103236 0.076969
456.525 0.344742 0.0383047 -9.15482 0.240479 0.246461 9.94576 0.0161879 -0.102778 0.124311
456.541 0.114914 -0.0766094 -9.26973 0.297906 0.259621 9.93978 0.0151189 -0.102931 0.115759
456.556 0.0766094 0.0 -9.46126 0.330209 0.254835 10.0295 0.013439 -0.0978911 0.106138
456.574 -0.114914 -0.0766094 -9.49956 0.271585 0.238086 10.148 0.0158825 -0.096364 0.073762
456.589 0.344742 0.0 -9.53786 0.192622 0.205783 10.1396 0.0157298 -0.100945 0.0708604
456.606 0.268133 -0.0766094 -9.42295 0.120837 0.185444 10.0391 0.0143553 -0.103542 0.0795652
456.624 0.229828 -0.153219 -9.34634 0.0705882 0.0251246 9.98285 0.0174097 -0.120799 0.108429
456.64 0.0766094 -0.497961 -9.42295 0.195015 -0.185444 10.0032 0.0235183 -0.127213 0.0905607
456.656 0.114914 -0.497961 -9.26973 0.210568 -0.334995 9.97089 0.0348193 -0.131489 0.0855211
456.672 0.0383047 -0.268133 -9.38465 0.288335 -0.0909272 9.97089 0.0586431 -0.134238 0.0962113
456.689 0.114914 0.114914 -9.46126 0.278764 0.187837 9.98285 0.0673479 -0.135001 0.126907
456.706 0.153219 0.383047 -9.46126 0.327816 0.691525 10.0235 0.0621555 -0.134696 0.134696
456.722 0.0383047 0.268133 -9.65278 0.323031 0.62333 10.1707 0.0351248 -0.126296 0.135612
456.739 0.0766094 -0.229828 -9.46126 0.297906 0.39003 10.1515 0.0218384 -0.125075 0.107665
456.755 0.0383047 -0.153219 -9.26973 0.269192 0.0299103 10.0427 0.022602 -0.125686 0.104
456.772 0.0766094 -0.191523 -9.42295 0.354138 -0.0538385 9.96251 0.0284052 -0.126296 0.0978911
456.789 0.0766094 -0.153219 -9.30804 0.418744 -0.101695 9.96969 0.0416915 -0.127518 0.0949895
456.805 -0.153219 -0.153219 -9.19312 0.575474 0.153141 9.94098 0.0432187 -0.120951 0.0896445
456.822 -0.153219 -0.0383047 -9.38465 0.587438 0.291924 9.99721 0.0374155 -0.108581 0.083994
456.838 -0.114914 0.0383047 -9.53786 0.538385 0.284746 10.0307 0.0241292 -0.0933096 0.117897
456.855 -0.0383047 -0.0383047 -9.49956 0.370887 0.211765 10.0558 0.0203113 -0.089339 0.143095
456.872 0.114914 -0.0766094 -9.49956 0.293121 0.155533 10.063 0.0178678 -0.08827 0.190284
456.888 0.114914 -0.114914 -9.30804 0.26321 0.117248 10.0331 0.0229074 -0.0897971 0.202044
456.905 0.0766094 -0.153219 -9.42295 0.291924 0.113659 10.0187 0.0264199 -0.0888809 0.190284
456.921 0.0 -0.0383047 -9.30804 0.351745 0.132802 10.0068 0.0282525 -0.0870483 0.151647
456.938 0.0383047 -0.0383047 -9.46126 0.367298 0.12682 10.0092 0.0293215 -0.0809396 0.0962113
456.955 0.0 -0.0766094 -9.46126 0.293121 0.105284 10.0403 0.0297797 -0.0821613 0.0742201
456.971 0.114914 -0.229828 -9.46126 0.244068 0.0215354 10.0534 0.0285579 -0.0842994 0.0526871
456.988 0.153219 -0.459656 -9.34634 0.2333 -0.290728 10.1025 0.0357356 -0.0940732 0.0691805
457.004 0.0 -0.612875 -9.46126 0.330209 -0.358923 10.0415 0.0423024 -0.0911716 0.0783434
457.021 -0.114914 -0.0766094 -9.15482 0.510867 0.0969093 9.88953 0.0630718 -0.0897971 0.0742201
457.038 -0.114914 0.0383047 -9.38465 0.502493 0.39003 9.89432 0.0574213 -0.0768163 0.0957531
457.054 -0.0766094 0.0383047 -9.15482 0.461814 0.43669 9.97687 0.047342 -0.0652099 0.121257
457.071 -0.0383047 -0.0766094 -9.49956 0.339781 0.338584 10.203 0.0305433 -0.0589485 0.215635
