588.899 7.66094 2.75794 -5.63079 -7.51466 3.18724 5.9318 0.056505 -0.0175624 -0.200669
588.915 7.69924 3.2559 -5.78401 -7.64028 3.36909 6.06102 0.041997 -0.0345139 -0.0939205
588.931 7.50772 3.21759 -5.7074 -7.60678 3.47438 6.07298 0.0374155 -0.0539089 -0.115454
588.947 7.54602 3.21759 -5.59248 -7.47637 3.50309 5.83848 0.0342084 -0.103542 -0.188146
588.964 7.3928 3.14098 -5.40096 -7.44766 3.38943 5.69492 0.0230602 -0.133321 -0.140499
588.98 7.54602 2.94946 -5.36266 -7.49791 3.30209 5.66022 0.0131336 -0.140346 -0.0754418
588.996 7.50772 3.02607 -5.63079 -7.52303 3.24347 5.69252 -0.022602 -0.141263 0.0439823
589.012 7.3928 2.94946 -5.51587 -7.4321 3.21476 5.76311 -0.0503964 -0.143095 0.0894917
589.029 6.93315 2.71963 -5.86062 -7.1342 3.01017 5.94377 -0.0601702 -0.145844 0.130114
589.045 6.81823 2.75794 -6.12875 -6.79202 2.98145 6.20937 -0.0803288 -0.164475 0.199295
589.062 7.3545 3.67725 -6.35858 -6.66879 3.0676 6.28355 -0.0901026 -0.192423 0.264505
589.079 6.47349 2.79624 -6.16705 -6.50489 3.1334 6.41276 -0.0569632 -0.186619 0.263894
589.095 7.08637 2.98777 -6.24366 -6.98106 3.1681 6.52642 -0.0143553 -0.19563 0.127518
589.112 6.93315 2.87285 -5.97553 -6.70588 2.98505 6.0347 0.0160352 -0.193644 0.073762
589.128 6.5501 3.2942 -6.16705 -6.61495 3.4002 6.23211 0.0273362 -0.193797 0.0742201
589.145 6.5501 3.33251 -6.09044 -6.45583 3.56411 6.39721 0.0633773 -0.198531 0.0878119
589.162 6.70332 3.48573 -5.78401 -6.56351 3.57129 6.37208 0.116523 -0.217163 0.0241292
589.178 6.74162 3.33251 -5.86062 -6.61974 3.54975 6.12203 0.138514 -0.222202 -0.0250455
589.195 6.77993 3.2559 -5.78401 -6.85902 3.5677 5.97009 0.179136 -0.23274 -0.0633773
589.212 7.04806 3.37081 -5.7074 -7.02413 3.62034 5.90668 0.197309 -0.221744 -0.00244346
589.228 7.20128 3.2559 -5.82231 -7.10788 3.56889 5.96052 0.205862 -0.212734 0.00885754
589.245 7.16298 2.94946 -5.89892 -7.15693 3.31765 6.17467 0.207847 -0.186772 -0.0178678
589.261 7.12467 3.17929 -6.20536 -7.09711 3.43729 6.31824 0.191812 -0.151495 0.0468839
589.278 7.27789 3.2559 -6.09044 -7.02533 3.56172 6.35055 0.18723 -0.133779 0.100029
589.295 7.16298 3.2942 -6.43519 -6.92483 3.54377 6.4008 0.187077 -0.103694 0.154549
589.31 7.04806 3.33251 -6.35858 -6.8662 3.50309 6.40678 0.1799 -0.0844521 0.152258
589.326 6.66501 3.10268 -6.5501 -6.6317 3.44327 6.43789 0.173486 -0.0821613 0.135154
589.341 6.28197 3.02607 -5.7457 -6.27637 3.39182 6.39721 0.14508 -0.0902553 0.10568
589.358 6.28197 3.33251 -6.09044 -6.23091 3.47198 6.3338 0.129045 -0.103236 0.0945314
589.375 6.35858 3.75386 -5.66909 -6.28116 3.85364 6.08973 0.098502 -0.111177 0.0933096
589.391 6.5118 3.83047 -5.82231 -6.4331 4.01994 5.97966 0.0878119 -0.122326 0.0526871
589.408 6.66501 3.86877 -5.7074 -6.53599 4.01396 5.89831 0.0774271 -0.116828 0.0407752
589.424 6.58841 3.56234 -5.63079 -6.52881 3.96371 5.90189 0.0632245 -0.115606 0.0447459
589.441 6.39688 3.63894 -5.59248 -6.44506 3.9661 5.82533 0.0569632 -0.133169 0.0291688
589.458 6.58841 3.71555 -5.89892 -6.44626 3.93619 5.85045 0.0578795 -0.149204 0.0219911
589.474 6.43519 3.67725 -5.59248 -6.3996 3.87757 5.83011 0.0435241 -0.162032 0.00977384
589.491 6.47349 3.79216 -5.7457 -6.53121 4.05344 5.86241 0.0256563 -0.156381 0.0314596
589.507 6.70332 3.90708 -5.82231 -6.57906 4.12642 5.90788 0.0178678 -0.152258 0.0618501
589.523 6.74162 3.79216 -5.7457 -6.61495 4.07139 6.04068 0.0152716 -0.1518 0.0945314
589.539 6.66501 3.56234 -5.89892 -6.61735 3.85723 6.24646 0.00412334 -0.154243 0.0265726
589.555 6.43519 3.67725 -6.05214 -6.50608 3.82014 6.3338 -0.0056505 -0.159436 -0.0105374
589.572 6.20536 3.52403 -6.28197 -6.24646 3.85005 6.30628 -0.0172569 -0.182801 -0.0548251
589.588 6.20536 3.48573 -5.97553 -6.23211 3.80339 6.25364 -0.0232129 -0.200364 -0.00397062
589.605 6.47349 3.52403 -6.28197 -6.29192 3.80698 6.26201 -0.02474 -0.207236 0.0519235
589.622 6.39688 3.33251 -5.63079 -5.57049 3.72921 5.95454 -0.0358883 -0.197768 0.0878119
589.638 6.74162 3.48573 -6.35858 -6.63649 3.66939 6.61495 -0.0394008 -0.181885 -0.0219911
589.655 6.5118 3.37081 -6.09044 -6.40798 3.61675 6.35892 -0.0369573 -0.188757 -0.0455095
589.671 6.47349 3.37081 -5.93723 -6.38046 3.67537 6.20698 -0.0467312 -0.19624 -0.0690278
589.688 6.16705 3.79216 -5.89892 -6.42233 3.93859 6.24287 -0.057574 -0.197768 0.0126754
589.705 6.5118 3.52403 -5.93723 -6.40199 3.99123 6.16152 -0.0577268 -0.191659 0.062461
589.721 6.5501 3.56234 -6.01384 -6.42233 3.95175 6.40917 -0.0584903 -0.166919 0.164475
589.738 6.58841 3.75386 -6.05214 -6.54676 3.97926 6.32183 -0.0704022 -0.136223 0.254883
589.754 6.58841 3.63894 -6.12875 -6.65444 3.96251 6.39362 -0.0733038 -0.122326 0.275042
589.771 6.5501 3.75386 -5.93723 -6.58505 3.98285 6.3996 -0.0725402 -0.0946841 0.274278
589.788 6.43519 3.79216 -6.01384 -6.40798 3.97089 6.35294 -0.0743728 -0.0803288 0.316886
589.804 6.39688 3.56234 -6.12875 -6.32542 3.85125 6.3661 -0.0798706 -0.074831 0.346666
589.821 6.47349 3.40912 -6.24366 -6.36251 3.79502 6.48933 -0.0855211 -0.0652099 0.367588
589.837 6.43519 3.48573 -6.28197 -6.40798 3.69212 6.49651 -0.0833831 -0.0679587 0.312305
589.853 6.43519 3.37081 -6.35858 -6.39841 3.70289 6.49292 -0.0789543 -0.0823141 0.258243
589.87 6.39688 3.48573 -6.20536 -6.30628 3.77468 6.44147 -0.0862847 -0.106596 0.182496
589.885 6.32027 3.56234 -6.16705 -6.268 3.79262 6.37448 -0.0919352 -0.1321 0.215788
589.902 6.28197 3.48573 -6.16705 -6.37089 3.79262 6.45942 -0.0897971 -0.144317 0.235336
589.919 6.39688 3.67725 -6.05214 -6.32183 3.89312 6.48335 -0.0962113 -0.161116 0.231976
589.935 6.20536 3.86877 -6.28197 -6.30269 4.05105 6.56351 -0.0994183 -0.172111 0.208916
589.952 6.05214 3.71555 -5.86062 -6.12802 4.08455 6.45105 -0.0991129 -0.177456 0.223424
589.968 6.05214 3.75386 -6.09044 -5.98923 4.11565 6.3661 -0.104458 -0.179442 0.318719
589.985 6.32027 3.83047 -6.28197 -6.07178 4.17667 6.40678 -0.106138 -0.164628 0.450208
590.002 6.05214 3.94538 -6.35858 -5.97368 3.94696 6.21655 -0.106901 -0.149662 0.509156
590.018 5.82231 3.71555 -6.16705 -6.0 3.89551 6.44387 -0.103236 -0.12538 0.603382
590.035 6.32027 3.90708 -6.20536 -6.09691 3.9673 6.6652 -0.0991129 -0.109956 0.64935
590.05 6.5501 3.83047 -4.97961 -6.41516 3.9338 6.40319 -0.0925461 -0.100945 0.595899
590.067 6.5118 4.02199 -5.89892 -6.50608 4.05344 6.29551 -0.0697913 -0.097433 0.384387
590.083 6.39688 3.90708 -6.39688 -6.46421 4.01635 6.35414 -0.0548251 -0.0981966 0.294284
590.099 6.32027 3.98369 -6.01384 -6.17827 4.10967 6.3003 -0.0242819 -0.102778 0.141415
590.115 6.24366 3.75386 -5.32435 -6.16152 4.01396 5.91745 -0.0140499 -0.0865901 0.0251982
590.131 5.78401 4.13691 -5.59248 -5.64706 4.47817 6.04666 -0.00778853 -0.0873537 0.0135917
590.148 5.7074 4.02199 -5.78401 -4.91486 4.27597 6.20698 0.0284052 -0.123089 -0.0128282
590.165 5.51587 3.44742 -6.05214 -5.40658 3.73878 6.2656 0.0316123 -0.16585 0.0355829
590.181 5.97553 3.90708 -6.24366 -6.11007 4.10847 6.31466 0.0160352 -0.182649 0.0771217
590.198 6.32027 4.21351 -6.5501 -6.23928 4.23529 6.71665 -0.0137445 -0.189521 0.106443
590.214 6.35858 4.0603 -6.77993 -6.20698 4.24247 6.99302 -0.0256563 -0.179747 0.106749
590.231 6.32027 3.83047 -6.89484 -6.06221 4.31306 7.12702 -0.0270308 -0.185092 0.0862847
590.248 6.09044 3.98369 -7.3545 -6.067 4.35374 7.38664 -0.021533 -0.215483 -0.00931569
590.264 5.93723 4.0986 -7.20128 -5.88993 4.31665 7.64985 -0.0192422 -0.233961 -0.0746782
590.281 5.7457 3.98369 -7.23959 -5.8002 4.29511 7.5996 -0.0250455 -0.235641 -0.0772744
590.297 5.86062 3.90708 -6.66501 -5.72124 4.0989 7.33759 -0.0265726 -0.235336 -0.071624
590.314 5.78401 3.90708 -6.58841 -5.64945 4.09771 6.93081 -0.0227547 -0.221744 -0.0649044
590.331 5.66909 3.79216 -6.32027 -5.5992 4.09053 6.74536 -0.0210748 -0.203113 -0.0739146
590.347 5.63079 3.60064 -6.20536 -5.55613 4.02114 6.57308 -0.0117592 -0.192881 -0.079107
590.364 5.66909 3.83047 -6.24366 -5.59202 4.04626 6.5001 0.00244346 -0.178678 -0.0864374
590.38 5.59248 4.0986 -6.35858 -5.27139 4.22812 6.60299 0.0114537 -0.172264 -0.109345
590.397 5.66909 4.02199 -6.66501 -5.62193 4.06301 7.01336 0.0137445 -0.170126 -0.135459
590.414 5.63079 4.02199 -6.74162 -5.64706 4.20897 6.98943 0.0106901 -0.158672 -0.176693
590.43 5.78401 3.90708 -6.74162 -5.61954 4.09053 7.01814 0.00717767 -0.152564 -0.21869
590.447 5.86062 3.94538 -6.62671 -5.69133 4.14796 6.90449 0.00259618 -0.149967 -0.235489
590.463 5.93723 3.86877 -6.74162 -5.74277 4.07737 6.86979 0.00626137 -0.146302 -0.256411
590.48 5.82231 3.86877 -6.66501 -5.82054 4.04506 6.99661 0.00381791 -0.145386 -0.287412
590.497 6.05214 3.71555 -6.5118 -5.83131 3.95773 6.92483 0.00626137 -0.147371 -0.29627
590.512 5.7457 3.48573 -6.66501 -5.78345 3.87039 6.92602 0.00809396 -0.14111 -0.301157
590.527 5.93723 3.56234 -6.58841 -5.76789 3.82373 6.87099 0.0143553 -0.141873 -0.291994
590.543 5.66909 3.48573 -6.58841 -5.70449 3.7005 6.91047 0.0253509 -0.131183 -0.27214
590.558 5.89892 3.37081 -6.43519 -5.7667 3.69571 7.02772 0.0305433 -0.124616 -0.223271
590.574 5.89892 3.40912 -6.74162 -5.70568 3.6323 7.08873 0.0424551 -0.118508 -0.193492
590.589 5.78401 3.33251 -6.74162 -5.732 3.72084 7.10788 0.0531453 -0.109345 -0.139583
590.605 5.7074 3.37081 -6.66501 -5.61954 3.68375 7.01695 0.0601702 -0.106443 -0.109498
590.621 5.78401 3.52403 -6.81823 -5.69731 3.79023 6.8985 0.0694859 -0.0937678 -0.0615447
590.636 5.93723 3.63894 -6.77993 -5.76311 3.82014 6.9332 0.074831 -0.0878119 -0.0377209
590.652 6.01384 3.75386 -6.62671 -5.90429 3.94576 6.96072 0.079107 -0.0827722 0.00213803
590.668 5.93723 3.60064 -6.62671 -5.94975 3.95533 6.89731 0.0763581 -0.0783434 0.0250455
591.277 5.7074 3.98369 -6.5118 -5.56451 4.1324 6.999 0.122937 -0.123853 -0.276416
591.294 5.66909 4.17521 -6.62671 -5.5346 4.2688 6.95474 0.14447 -0.12706 -0.332311
591.31 5.63079 4.0986 -6.5501 -5.52263 4.27119 6.94756 0.151189 -0.128893 -0.353385
591.327 5.78401 4.0603 -6.66501 -5.70449 4.22572 6.88894 0.158978 -0.128434 -0.399353
591.343 5.97553 4.0986 -6.74162 -5.81336 4.32981 7.01097 0.16249 -0.135765 -0.407905
591.359 5.86062 4.13691 -6.5118 -5.8002 4.4004 6.96072 0.160963 -0.141568 -0.404851
591.376 5.7074 4.25182 -6.39688 -5.70568 4.41236 6.95474 0.146608 -0.148135 -0.386983
591.392 5.78401 4.17521 -6.70332 -5.62193 4.40997 6.97029 0.125838 -0.147829 -0.31765
591.409 5.82231 3.94538 -6.62671 -5.84686 4.26401 6.9655 0.120799 -0.152869 -0.322842
591.425 5.7074 4.13691 -6.66501 -5.64227 4.40399 6.95952 0.108123 -0.157756 -0.293673
591.442 5.7457 4.13691 -6.89484 -5.52861 4.4339 6.9344 0.0827722 -0.144011 -0.273515
591.459 5.47757 4.0986 -6.81823 -5.50229 4.38126 6.90688 0.0681114 -0.131641 -0.275347
591.475 5.59248 3.90708 -6.58841 -5.57767 4.24128 6.92004 0.0496328 -0.115912 -0.272599
591.492 5.66909 3.83047 -6.62671 -5.60877 4.08574 6.95354 0.0445931 -0.114843 -0.251065
591.508 5.78401 3.71555 -6.43519 -5.71167 4.0331 6.92363 0.0514654 -0.121715 -0.242361
591.525 5.89892 3.56234 -6.62671 -5.8002 3.89192 6.94158 0.0513127 -0.116217 -0.236405
591.542 5.78401 3.56234 -6.66501 -5.74158 3.90628 6.94995 0.0536034 -0.119882 -0.251829
591.558 5.7074 3.52403 -6.24366 -5.71884 3.95055 6.95833 0.0586431 -0.121257 -0.258549
591.575 5.89892 3.40912 -6.66501 -5.63031 3.69452 6.97268 0.0711658 -0.116064 -0.275195
591.591 5.89892 3.33251 -6.70332 -5.58963 3.61436 6.91645 0.0940732 -0.109956 -0.324675
591.608 5.7074 3.37081 -6.66501 -5.61715 3.67298 6.98943 0.108276 -0.10568 -0.404087
591.625 5.63079 3.75386 -6.5118 -5.55853 3.92542 6.9009 0.130267 -0.0972803 -0.541837
591.641 5.82231 3.75386 -6.74162 -5.62313 3.97089 6.92363 0.130572 -0.0838412 -0.603993
591.658 6.01384 3.63894 -6.62671 -5.76431 3.97687 6.90927 0.124616 -0.0772744 -0.587347
591.674 6.35858 3.56234 -6.74162 -6.0993 3.8656 6.91166 0.120188 -0.0820086 -0.574213
591.691 6.12875 3.48573 -6.5118 -6.16869 3.82732 6.95354 0.106138 -0.0911716 -0.597426
591.708 6.24366 3.48573 -6.62671 -6.12203 3.79382 6.98704 0.101862 -0.100335 -0.584598
591.724 6.39688 3.60064 -6.62671 -6.24526 3.65264 6.9655 0.0870483 -0.107818 -0.628122
591.741 6.47349 3.17929 -6.5501 -6.41276 3.34277 6.77049 0.0878119 -0.124616 -0.927752
591.757 6.66501 2.87285 -6.58841 -6.23808 3.19801 6.81117 0.0943787 -0.134238 -1.03969
591.774 5.47757 2.52811 -6.74162 -5.60399 3.06162 6.96431 0.0972803 -0.127824 -0.847423
591.791 5.66909 2.68133 -6.66501 -5.5992 3.03769 6.91765 0.100029 -0.0975857 -0.341168
591.807 6.32027 2.64302 -6.58841 -5.99522 3.00538 6.94397 0.100487 -0.0792598 -0.193339
591.824 6.74162 2.68133 -6.93315 -6.42473 2.76132 6.92961 0.122478 -0.0800233 -0.245415
591.84 6.93315 2.64302 -6.5501 -6.77049 2.73499 6.84945 0.161574 -0.0930042 -0.559705
591.857 6.62671 2.68133 -6.39688 -6.7657 2.82831 6.76929 0.1996 -0.120799 -0.783435
591.874 6.01384 2.79624 -6.77993 -6.16032 3.07597 6.87817 0.20632 -0.126755 -0.669813
591.89 5.82231 3.02607 -6.66501 -5.98445 3.3655 7.00858 0.193492 -0.102931 -0.331547
591.907 6.39688 3.10268 -6.74162 -6.16032 3.42772 6.89731 0.175929 -0.0844521 -0.209832
591.923 6.74162 3.02607 -6.5501 -6.6006 3.30568 6.8004 0.168599 -0.0829249 -0.214566
591.94 6.77993 2.91116 -6.5501 -6.6987 2.99701 6.82074 0.155771 -0.089339 -0.354913
591.957 6.24366 2.4898 -6.35858 -6.63649 2.82233 6.75494 0.163712 -0.100487 -0.530384
591.973 6.09044 2.64302 -6.58841 -6.23689 2.87139 6.83629 0.162337 -0.100182 -0.472657
591.99 6.16705 2.87285 -6.89484 -6.21296 3.21117 6.85065 0.13271 -0.08827 -0.244041
592.006 6.5118 2.87285 -6.47349 -6.39601 3.15852 6.82792 0.106749 -0.0910189 -0.180053
592.024 6.5118 2.60472 -6.58841 -6.54556 2.98624 6.81954 0.0977384 -0.100029 -0.182496
592.04 6.66501 2.56641 -6.5118 -6.59342 2.86301 6.82313 0.0836885 -0.109345 -0.215941
592.056 6.70332 2.68133 -6.43519 -6.71785 2.89173 6.82792 0.0713185 -0.118966 -0.240681
592.073 6.74162 2.71963 -6.66501 -6.67238 2.95274 6.81236 0.0630718 -0.116828 -0.246026
592.089 6.77993 2.56641 -6.5501 -6.6999 2.7673 6.79801 0.0603229 -0.122631 -0.268475
592.106 6.77993 2.4898 -6.43519 -6.7011 2.75175 6.79801 0.0642935 -0.128282 -0.33002
592.123 6.70332 2.41319 -6.81823 -6.61615 2.76012 6.83869 0.0673479 -0.133169 -0.360716
592.139 6.43519 2.56641 -6.66501 -6.51685 2.78524 6.81236 0.062461 -0.131947 -0.369573
592.156 6.43519 2.4515 -6.5118 -6.47737 2.73858 6.82074 0.0606284 -0.123242 -0.269544
592.172 6.5118 2.4898 -6.5118 -6.57308 2.72782 6.83869 0.0658207 -0.125227 -0.194561
592.189 6.58841 2.4898 -6.39688 -6.58624 2.76251 6.79681 0.0694859 -0.116675 -0.0131336
592.206 6.5118 2.71963 -6.39688 -6.57667 2.99103 6.78245 0.0671951 -0.103542 0.150884
592.222 6.62671 2.52811 -6.5118 -6.58624 2.98863 6.82553 0.0658207 -0.0981966 0.221286
592.239 6.58841 2.60472 -6.5501 -6.63649 2.87976 6.83869 0.0647517 -0.0917825 0.328187
592.255 6.89484 2.64302 -6.32027 -6.85663 2.86421 6.84586 0.0690278 -0.0946841 0.371711
592.272 6.74162 2.75794 -6.43519 -6.82313 2.93958 6.80279 0.0681114 -0.091477 0.375377
592.289 6.5501 2.94946 -6.58841 -6.62692 3.06281 6.7681 0.0665843 -0.0968221 0.36881
592.304 6.47349 2.91116 -6.5118 -6.46421 3.12861 6.75254 0.0675006 -0.097433 0.386067
592.321 6.32027 3.02607 -6.39688 -6.20339 3.26381 6.78365 0.0636827 -0.0905607 0.402255
592.337 6.24366 3.02607 -6.5501 -6.2656 3.27458 6.8327 0.0609338 -0.0891863 0.437685
592.354 6.5118 3.14098 -6.58841 -6.34337 3.30568 6.83869 0.0626137 -0.0899499 0.449291
592.37 6.47349 3.02607 -6.47349 -6.46062 3.26979 6.76929 0.0597121 -0.0896445 0.447153
592.386 6.58841 3.21759 -6.5118 -6.4678 3.39781 6.77408 0.0591012 -0.0897971 0.440434
592.403 6.5118 3.2559 -6.58841 -6.42951 3.45045 6.78485 0.0583376 -0.0913243 0.439976
592.42 6.47349 3.21759 -6.47349 -6.41276 3.54975 6.81236 0.0580322 -0.0917825 0.449902
592.436 6.16705 3.44742 -6.47349 -6.18305 3.59282 6.7657 0.0545197 -0.0916298 0.46044
592.453 6.28197 3.37081 -6.43519 -6.16511 3.6347 6.79561 0.053298 -0.0956004 0.430354
592.469 6.32027 3.37081 -6.39688 -6.25842 3.59043 6.76451 0.0516181 -0.0920879 0.416457
592.486 6.39688 3.33251 -6.5118 -6.31705 3.63589 6.82313 0.0526871 -0.0978911 0.388816
592.503 6.43519 3.44742 -6.5501 -6.36012 3.66221 6.80638 0.0455095 -0.0983493 0.374155
592.519 6.35858 3.33251 -6.24366 -6.25962 3.68255 6.75135 0.043066 -0.100793 0.363465
592.536 6.05214 3.37081 -6.5118 -6.0682 3.6335 6.74178 0.0397062 -0.104611 0.304974
592.552 6.05214 3.40912 -6.66501 -6.02872 3.62752 6.81236 0.0410807 -0.108276 0.224646
592.569 6.01384 3.52403 -6.5118 -6.03709 3.65264 6.80638 0.0392481 -0.105527 0.189521
592.586 5.97553 3.33251 -6.62671 -5.99522 3.70289 6.77408 0.0410807 -0.111177 0.138514
592.602 5.97553 3.60064 -6.5501 -5.91745 3.79741 6.7681 0.0418443 -0.109498 0.100945
592.619 6.01384 3.52403 -6.62671 -5.88754 3.79262 6.73579 0.0427606 -0.108581 0.087201
592.635 5.97553 3.40912 -6.58841 -6.06102 3.76271 6.81835 0.0404698 -0.105832 0.104
592.652 6.35858 3.67725 -6.5118 -6.20937 3.81296 6.81835 0.0427606 -0.10568 0.144164
592.669 6.12875 3.71555 -6.5118 -6.17827 3.87757 6.78365 0.0459676 -0.109956 0.147829
592.684 5.93723 3.83047 -6.35858 -5.96889 4.09531 6.74776 0.041997 -0.114537 0.148898
592.701 6.01384 3.94538 -6.47349 -5.8995 4.15154 6.73579 0.0210748 -0.107665 0.165239
592.716 6.24366 3.83047 -6.43519 -6.09332 4.10967 6.78126 0.0109956 -0.113468 0.184634
592.733 6.32027 3.60064 -6.5118 -6.19023 3.95892 6.78604 -0.00687223 -0.129045 0.229074
592.75 6.01384 3.56234 -6.24366 -6.11246 3.82612 6.72622 -0.0137445 -0.136986 0.214566
592.766 5.82231 3.60064 -6.66501 -5.68774 3.87278 6.83869 -0.00992656 -0.140194 0.191964
592.783 5.82231 3.75386 -6.58841 -5.68056 4.0666 6.83988 -0.0169515 -0.1237 0.161268
592.799 5.97553 3.86877 -6.74162 -5.83131 4.1659 6.82194 -0.0326813 -0.130572 0.164781
592.816 5.86062 4.02199 -6.5501 -5.87198 4.25922 6.8016 -0.0478002 -0.134696 0.164781
592.833 5.82231 3.83047 -6.32027 -5.79661 4.17069 6.8662 -0.0792598 -0.142332 0.142332
592.849 5.93723 3.75386 -6.85654 -5.81575 4.0654 6.91765 -0.103847 -0.15012 0.0751364
592.866 5.93723 3.90708 -6.66501 -5.77388 4.1336 6.85543 -0.11469 -0.154243 0.0433714
592.882 5.78401 3.67725 -6.66501 -5.81097 4.16471 6.87577 -0.14676 -0.144928 0.0636827
592.899 5.97553 3.71555 -6.39688 -5.92463 4.00199 6.88056 -0.179289 -0.144622 0.209069
592.916 5.93723 3.48573 -6.5501 -5.98804 3.8668 6.97388 -0.19059 -0.146608 0.262977
592.932 5.89892 3.63894 -6.62671 -6.01675 3.72203 6.97866 -0.186772 -0.158672 0.198073
592.949 5.82231 3.48573 -6.74162 -5.79781 3.75075 7.02413 -0.172417 -0.161879 0.102167
592.965 5.93723 3.60064 -6.74162 -5.81575 3.82612 6.96311 -0.165697 -0.163712 0.104763
592.982 6.16705 3.44742 -6.74162 -6.06939 3.57966 6.91884 -0.163254 -0.151953 0.145691
592.999 6.09044 3.02607 -6.5501 -5.93061 3.06999 7.02533 -0.127824 -0.154854 0.0702495
593.015 5.7074 2.56641 -6.62671 -5.68534 2.85823 7.04806 -0.0940732 -0.1518 0.00916297
593.032 5.40096 2.75794 -6.70332 -5.35035 2.93719 7.0995 -0.0117592 -0.123547 -0.0700968
593.048 5.63079 3.37081 -6.62671 -5.61715 3.67657 7.02413 0.0426078 -0.105527 -0.0364992
593.065 5.7074 3.86877 -6.74162 -5.72841 4.01037 7.0325 0.044135 -0.103389 0.0137445
593.082 5.7457 3.52403 -6.85654 -5.85284 3.84646 7.08754 0.0403171 -0.116523 0.0836885
593.098 6.20536 3.2942 -6.93315 -5.94257 3.61316 6.98584 0.0397062 -0.110719 0.118202
593.114 5.93723 3.44742 -6.93315 -5.85643 3.64786 6.97747 0.046273 -0.115301 0.0983493
593.13 5.78401 3.44742 -6.74162 -5.59083 3.62632 7.05284 0.0450513 -0.111788 0.0129809
593.147 5.82231 3.48573 -6.89484 -5.63749 3.72921 7.08514 0.0447459 -0.113926 -0.0670424
593.164 5.7074 3.56234 -6.66501 -5.57049 3.86441 7.15454 0.0436769 -0.112246 -0.0649044
593.18 5.66909 3.48573 -6.81823 -5.52622 3.80818 7.02533 0.0423024 -0.10965 -0.0366519
593.196 5.82231 3.33251 -6.77993 -5.57767 3.69093 7.03489 0.0445931 -0.111025 -0.0138972
593.212 5.78401 3.40912 -6.93315 -5.68774 3.64905 7.05643 0.0476475 -0.110261 -0.000458149
593.229 5.7457 3.33251 -6.74162 -5.80738 3.58804 7.05165 0.0491747 -0.110261 0.0290161
593.246 5.82231 3.2559 -6.74162 -5.732 3.58923 7.07797 0.0584903 -0.111483 0.0766636
593.261 5.51587 3.40912 -6.66501 -5.6004 3.75912 7.04447 0.0571159 -0.105222 0.115912
593.277 5.40096 3.60064 -6.74162 -5.51665 3.83928 7.05643 0.0606284 -0.10736 0.193492
593.294 5.59248 3.52403 -6.81823 -5.49512 3.84766 7.08156 0.0578795 -0.105527 0.233961
593.309 5.7074 3.71555 -6.77993 -5.5657 3.94576 7.08873 0.0598648 -0.100793 0.302989
593.327 5.66909 3.98369 -6.85654 -5.665 4.08455 7.07797 0.0629191 -0.103694 0.330783
593.343 5.82231 3.98369 -6.5501 -5.69252 4.05464 7.03609 0.0603229 -0.101862 0.328645
593.359 5.66909 3.94538 -6.81823 -5.60399 4.14915 7.05882 0.0601702 -0.106443 0.315054
593.376 5.7457 4.02199 -6.5501 -5.62433 4.2652 7.07677 0.0600175 -0.10568 0.340405
593.392 5.82231 4.0603 -6.74162 -5.66381 4.27238 7.05882 0.0598648 -0.101862 0.362548
593.409 5.78401 4.32843 -6.70332 -5.60997 4.37408 7.0337 0.0561996 -0.0994183 0.386678
593.425 5.63079 4.25182 -6.81823 -5.50588 4.3992 7.07916 0.0537561 -0.104458 0.300698
593.442 5.59248 4.02199 -6.66501 -5.45444 4.27956 7.06481 0.0519235 -0.106138 0.222355
593.459 5.36266 4.02199 -6.85654 -5.20319 4.17308 7.01336 0.0488692 -0.107818 0.0650571
593.475 5.32435 3.71555 -6.89484 -4.93639 3.95533 7.08036 0.0413861 -0.102931 -0.0351248
593.492 4.86469 3.44742 -6.70332 -4.86939 3.82493 7.08754 0.0439823 -0.101404 -0.0763581
593.508 4.48165 3.48573 -6.89484 -4.31306 3.72084 7.12702 0.0418443 -0.0639881 -0.106901
593.525 4.0603 3.37081 -6.85654 -3.9996 3.63948 7.01575 0.0520762 0.0184787 -0.0352775
593.542 3.75386 2.94946 -6.09044 -3.83809 3.51147 6.88774 0.0647517 0.0725402 0.106138
593.558 4.51995 3.17929 -6.32027 -4.07976 3.33081 6.56351 0.0997237 0.198226 0.576962
593.575 5.7074 3.86877 -7.04806 -5.30249 3.76271 7.12822 0.163712 0.282372 0.525038
593.591 6.39688 4.0986 -7.00976 -5.77148 3.94457 7.34237 0.200975 0.296117 -0.0612392
593.608 6.5118 4.44334 -7.46941 -6.33619 4.4985 7.61516 0.251371 0.279318 -0.417526
593.625 6.43519 4.32843 -7.12467 -6.27996 4.465 7.35553 0.275958 0.239459 -0.940885
593.641 6.09044 4.25182 -6.5118 -6.21177 4.54038 6.96311 0.275806 0.206931 -0.981507
593.658 6.05214 4.48165 -6.24366 -6.23091 4.81675 6.39721 0.241444 0.201738 -0.804051
593.674 6.28197 4.55826 -6.28197 -6.4654 4.92562 6.5013 0.182496 0.186925 -0.310167
593.691 6.5118 4.67317 -6.35858 -6.71426 5.01535 6.57787 0.14676 0.176082 -0.00916297
593.707 7.08637 4.67317 -6.32027 -7.05882 4.9328 6.54556 0.087201 0.140804 0.0264199
593.723 7.00976 4.55826 -6.01384 -7.09233 4.7677 6.335 0.0389426 0.0832304 -0.0389426
593.74 6.77993 4.25182 -5.7074 -7.03968 4.4997 6.12562 0.021533 0.0487165 -0.119577
593.756 6.77993 4.0603 -5.63079 -6.71665 4.34895 5.94616 -0.0132863 -0.0146608 -0.129351
593.773 6.58841 3.90708 -5.7457 -6.57428 4.15035 6.03709 -0.0369573 -0.0807869 -0.0754418
593.79 6.74162 3.94538 -5.63079 -7.0002 4.00678 6.1005 -0.0467312 -0.128434 -0.0403171
593.806 6.66501 3.71555 -5.89892 -6.50249 4.1324 6.05982 -0.0609338 -0.142026 -0.0129809
593.823 6.24366 3.71555 -5.93723 -6.19143 3.89432 6.22851 -0.071624 -0.165392 0.0516181
593.839 6.24366 3.48573 -5.97553 -6.15314 3.8333 6.02632 -0.0800233 -0.189674 0.0966694
593.856 6.35858 3.75386 -5.97553 -6.40678 4.05703 6.37448 -0.0868956 -0.197615 0.117286
593.873 5.86062 3.56234 -6.09044 -5.87079 3.86321 6.37687 -0.0745255 -0.208305 0.131183
593.889 5.78401 3.67725 -6.39688 -5.59442 3.79143 6.54078 -0.0690278 -0.201127 0.170431
593.906 5.47757 3.48573 -6.5501 -5.36351 3.79023 6.70708 -0.065668 -0.189368 0.17318
593.922 5.32435 3.63894 -6.97145 -5.14816 3.76511 6.91884 -0.0442877 -0.168751 0.12034
593.939 5.43926 3.48573 -6.81823 -5.135 3.74955 7.08754 -0.0248928 -0.135765 0.0206167
593.956 5.28605 3.37081 -6.97145 -5.04646 3.62154 7.05763 -0.0146608 -0.116828 -0.0126754
593.972 5.24774 3.33251 -6.62671 -5.04407 3.64546 6.86859 0.00366519 -0.0795652 -0.0161879
593.989 5.20944 3.60064 -6.58841 -5.1661 3.79621 6.88534 0.0284052 -0.036041 0.0251982
594.005 5.59248 3.75386 -6.58841 -5.43769 3.93739 6.91406 0.0377209 -0.0160352 0.0526871
594.022 5.51587 3.90708 -6.70332 -5.73559 4.07258 7.04686 0.0505491 0.00855211 0.0511599
594.039 5.97553 3.90708 -6.85654 -5.83968 4.10249 7.00379 0.0597121 0.0120646 0.00244346
594.055 6.09044 4.02199 -6.5118 -6.00718 4.17188 6.82313 0.0574213 0.0143553 -0.00671952
594.072 6.39688 4.02199 -6.39688 -6.21535 4.29033 6.81356 0.0566577 0.00717767 -0.00213803
594.088 6.24366 4.13691 -6.39688 -6.29551 4.35374 6.84826 0.0523817 -0.0128282 0.0138972
594.105 6.39688 4.13691 -6.58841 -6.30508 4.40399 6.78843 0.0435241 -0.0175624 0.0322231
594.122 6.43519 4.32843 -6.77993 -6.29192 4.44347 6.88894 0.0320704 -0.0392481 0.0453567
594.137 6.39688 4.02199 -6.66501 -6.33141 4.41595 6.86381 0.0250455 -0.0630718 0.0187841
594.153 6.32027 4.0603 -6.43519 -6.31705 4.27717 6.64965 0.0140499 -0.0754418 0.0142026
594.17 6.35858 3.86877 -6.47349 -6.20818 4.20299 6.65563 0.0106901 -0.103847 0.0222966
594.186 5.89892 3.83047 -6.32027 -6.16271 4.17547 6.68554 0.00809396 -0.118661 0.0384845
594.203 6.09044 3.79216 -6.39688 -6.12443 4.0678 6.66281 0.00946841 -0.123089 0.0418443
594.219 6.05214 3.83047 -6.28197 -6.04187 4.07258 6.68554 0.0221439 -0.135765 0.0355829
594.236 6.01384 3.98369 -6.32027 -5.97847 4.19462 6.67956 0.0285579 -0.136223 0.0494801
594.253 6.05214 4.0603 -6.47349 -5.91147 4.34776 6.67119 0.0313068 -0.137903 0.0626137
594.269 6.12875 4.17521 -6.5501 -5.87198 4.37288 6.68195 0.0288634 -0.136986 0.102473
594.286 5.82231 3.98369 -6.43519 -5.8325 4.32144 6.7011 0.0268781 -0.132863 0.126449
594.302 5.93723 4.02199 -6.39688 -5.78465 4.28076 6.67717 0.0314596 -0.138056 0.126296
594.319 5.97553 4.0603 -6.35858 -5.64706 4.29751 6.66879 0.0265726 -0.127365 0.124922
594.336 5.66909 3.98369 -6.43519 -5.62313 4.27836 6.69153 0.0311541 -0.118813 0.129045
594.352 5.89892 3.90708 -6.47349 -5.64586 4.18385 6.70349 0.0377209 -0.117439 0.12874
594.369 5.78401 3.79216 -6.35858 -5.74158 4.05942 6.70827 0.0442877 -0.110261 0.113621
594.385 5.82231 4.02199 -6.43519 -5.72722 4.10847 6.71067 0.0557414 -0.11133 0.0675006
594.402 5.7074 4.13691 -6.09044 -5.60399 4.3011 6.68195 0.0549779 -0.109498 0.0392481
594.419 5.7457 4.13691 -6.5118 -5.5992 4.34058 6.69511 0.054367 -0.105527 -0.00549779
594.435 5.82231 4.02199 -6.47349 -5.65304 4.26281 6.70469 0.055436 -0.103236 -0.0415388
594.452 5.97553 4.0986 -6.47349 -5.75234 4.2329 6.69033 0.0546724 -0.100793 -0.068875
594.468 5.97553 3.86877 -6.43519 -5.7332 4.20658 6.6987 0.0623082 -0.10736 -0.136223
594.485 5.7457 3.98369 -6.20536 -5.72961 4.22931 6.68554 0.0655153 -0.105069 -0.183412
594.501 5.82231 4.02199 -6.39688 -5.72363 4.23888 6.69272 0.0653626 -0.102625 -0.198378
594.517 5.78401 3.90708 -6.05214 -5.75952 4.1336 6.68794 0.0684169 -0.105985 -0.2474
594.533 5.7074 3.90708 -6.47349 -5.76072 4.09172 6.68554 0.0664316 -0.10232 -0.316123
594.549 5.89892 4.02199 -6.20536 -5.73799 4.13121 6.67119 0.0699441 -0.101098 -0.337808
594.566 5.82231 3.90708 -6.35858 -5.84686 4.16231 6.68076 0.0734565 -0.101098 -0.34239
594.583 5.97553 3.94538 -6.58841 -5.84806 4.18385 6.68076 0.0723875 -0.0992656 -0.325897
594.599 5.93723 3.83047 -6.39688 -5.91864 4.05105 6.6652 0.0713185 -0.099571 -0.322537
594.616 6.01384 3.90708 -6.35858 -5.97248 4.10608 6.6676 0.0719294 -0.098502 -0.310472
594.632 6.20536 3.63894 -6.20536 -6.03709 4.10489 6.6676 0.0682642 -0.095295 -0.298866
594.649 6.12875 3.79216 -6.35858 -6.08016 4.00439 6.66879 0.066737 -0.0942259 -0.290466
594.666 6.24366 3.71555 -6.35858 -6.17827 4.00558 6.65683 0.0725402 -0.104153 -0.288787
594.682 6.43519 3.71555 -6.35858 -6.2333 3.98883 6.66162 0.0731511 -0.101862 -0.295506
594.699 6.43519 3.63894 -6.35858 -6.24287 3.98883 6.63649 0.0720821 -0.103083 -0.302836
594.715 6.28197 3.56234 -6.39688 -6.21177 3.87876 6.63769 0.0713185 -0.100487 -0.317803
594.732 6.32027 3.63894 -6.47349 -6.22253 3.85005 6.65563 0.0817032 -0.100793 -0.31429
594.749 6.5501 3.52403 -6.32027 -6.33619 3.70528 6.61256 0.0968221 -0.103389 -0.343001
594.765 6.89484 3.67725 -6.24366 -6.6329 3.734 6.58744 0.123395 -0.106443 -0.566119
594.782 7.04806 3.75386 -6.24366 -6.6652 3.82134 6.56351 0.149815 -0.134848 -0.854142
594.798 6.70332 3.63894 -5.97553 -6.54198 3.84407 6.54676 0.158978 -0.146913 -0.979828
594.815 6.62671 3.52403 -6.24366 -6.57787 3.82373 6.5348 0.156534 -0.157909 -1.18141
594.832 6.12875 3.2942 -6.20536 -6.50847 3.71486 6.39123 0.142332 -0.163865 -1.14094
594.848 5.7457 3.14098 -6.20536 -6.07537 3.67178 6.47856 0.132863 -0.161268 -0.960127
594.865 5.86062 3.06437 -6.66501 -5.87797 3.48036 6.84945 0.0910189 -0.124158 -0.474642
594.88 6.16705 2.79624 -6.85654 -5.94616 3.31765 6.99063 0.06353 -0.0899499 -0.191659
594.897 6.35858 2.75794 -6.43519 -6.30628 2.95633 6.96191 0.0597121 -0.083994 -0.172569
594.914 6.5118 2.4515 -6.12875 -6.4331 2.80558 6.62811 0.0713185 -0.085063 -0.222966
594.93 6.5501 2.68133 -6.12875 -6.41396 2.75533 6.55753 0.0960585 -0.0994183 -0.330936
594.947 6.5501 2.64302 -6.16705 -6.3661 2.82233 6.44147 0.109956 -0.107054 -0.365908
594.963 6.5118 2.79624 -6.20536 -6.3338 2.98385 6.43191 0.126602 -0.0988074 -0.393855
594.98 6.39688 2.71963 -6.28197 -6.42233 3.03051 6.49053 0.139277 -0.0936151 -0.432492
594.997 6.66501 2.83455 -6.09044 -6.57188 3.07837 6.54556 0.145539 -0.08827 -0.455858
595.012 6.66501 2.87285 -6.24366 -6.54317 3.09511 6.49531 0.157756 -0.0951423 -0.422413
595.029 6.5501 2.75794 -6.62671 -6.55633 3.12024 6.45823 0.156534 -0.0881173 -0.357509
595.045 6.5118 2.87285 -6.01384 -6.72622 3.14656 6.50847 0.160963 -0.0824668 -0.222355
595.061 7.00976 2.83455 -6.32027 -6.9344 3.09631 6.57308 0.162796 -0.0804815 -0.181427
595.077 7.00976 2.68133 -6.32027 -6.97388 3.03649 6.62453 0.163101 -0.0827722 -0.181121
595.093 6.85654 2.83455 -6.20536 -6.8662 2.97906 6.59581 0.162796 -0.0969748 -0.158825
595.118 6.89484 2.68133 -6.43519 -6.74895 2.95513 6.72144 0.161879 -0.109039 -0.121715
595.134 6.89484 2.79624 -6.77993 -6.74536 3.0341 6.83749 0.161268 -0.120188 -0.0771217
595.151 6.62671 2.83455 -6.35858 -6.59103 3.12861 6.78126 0.149356 -0.120799 -0.0206167
595.168 6.47349 3.10268 -6.47349 -6.54078 3.24826 6.71426 0.141568 -0.11973 0.0265726
595.184 6.62671 3.33251 -6.24366 -6.52283 3.55095 6.59222 0.102931 -0.10736 0.0584903
595.201 6.66501 3.37081 -6.28197 -6.57906 3.61795 6.58385 0.0621555 -0.106901 0.116981
595.216 6.81823 3.14098 -6.28197 -6.54915 3.43131 6.55514 0.0447459 -0.102625 0.145539
595.233 6.77993 2.98777 -6.20536 -6.71545 3.23031 6.51206 0.0276416 -0.098502 0.172722
595.25 6.70332 3.10268 -6.28197 -6.66162 3.42054 6.42353 0.0177151 -0.101709 0.184634
595.266 6.5501 3.14098 -5.93723 -6.64367 3.48395 6.30867 0.00519235 -0.0994183 0.235336
595.283 6.62671 3.10268 -5.7074 -6.58146 3.40499 5.99522 -0.0206167 -0.0919352 0.47846
595.299 6.77993 3.06437 -5.55418 -6.62692 3.35713 5.97248 -0.0375682 -0.0824668 0.738383
595.316 6.62671 3.17929 -5.82231 -6.7011 3.33799 6.08255 -0.0436769 -0.0789543 0.816421
595.333 6.77993 3.10268 -6.01384 -6.65922 3.32483 6.33739 -0.0410807 -0.0849102 0.790459
595.349 7.00976 3.06437 -6.5118 -6.80279 3.32483 6.62572 -0.0267254 -0.103694 0.639729
595.366 6.97145 3.17929 -6.5118 -6.80638 3.33081 6.66999 -0.00641408 -0.130114 0.392328
595.382 6.89484 3.33251 -6.35858 -6.66999 3.46361 6.74776 -0.00366519 -0.138666 0.291994
595.399 6.66501 3.40912 -6.47349 -6.44985 3.67298 6.72024 0.00794125 -0.16585 0.127824
595.416 6.43519 3.63894 -6.32027 -6.34696 3.70528 6.62572 0.0056505 -0.164323 0.0571159
595.432 6.28197 3.52403 -6.12875 -6.1986 3.74716 6.35892 -0.00229074 -0.165239 0.0728457
595.448 6.35858 3.48573 -6.01384 -6.20219 3.77946 6.31107 -0.020464 -0.149051 0.13943
595.464 6.28197 3.60064 -6.16705 -6.22014 3.85364 6.36251 -0.0210748 -0.149204 0.15516
595.481 6.39688 3.56234 -6.35858 -6.26321 3.8333 6.43789 -0.0372628 -0.1321 0.155618
595.498 6.39688 3.52403 -6.62671 -6.23091 3.72443 6.72383 -0.0432187 -0.127671 0.0853684
595.514 6.28197 3.37081 -7.58433 -6.134 3.68255 7.25025 -0.0471893 -0.122478 0.056505
595.53 5.7074 3.02607 -7.3928 -5.84327 3.36072 8.32343 -0.0421497 -0.106901 0.0210748
595.546 6.20536 2.60472 -6.35858 -6.22732 2.90847 6.5336 0.0120646 -0.0809396 -0.0207694
595.563 6.5118 3.06437 -6.05214 -6.38883 3.11545 6.34816 0.0357356 -0.0797179 -0.00671952
595.58 6.43519 3.2559 -6.66501 -6.41037 3.41934 6.80638 0.0581849 -0.0992656 -0.00213803
595.596 6.35858 3.33251 -6.35858 -6.37807 3.62632 6.6341 0.0580322 -0.106138 -0.0274889
595.613 6.47349 3.48573 -6.35858 -6.4666 3.71605 6.62333 0.056505 -0.109192 -0.0351248
595.629 6.43519 3.56234 -6.35858 -6.48215 3.82971 6.62692 0.0520762 -0.109498 -0.0273362
595.646 6.43519 3.63894 -6.5118 -6.38166 3.81177 6.62214 0.0490219 -0.109498 -0.0342084
595.663 6.47349 3.63894 -6.5118 -6.37807 3.76032 6.66401 0.0546724 -0.115606 -0.0595593
595.679 6.47349 3.56234 -6.39688 -6.27039 3.70528 6.62214 0.0557414 -0.11301 -0.132863
595.696 6.28197 3.33251 -6.28197 -6.17348 3.55693 6.6341 0.0569632 -0.110872 -0.206778
595.712 6.16705 3.2942 -6.28197 -6.1017 3.51027 6.65085 0.0577268 -0.108429 -0.236405
595.729 6.28197 3.10268 -6.35858 -6.24407 3.3009 6.68195 0.0584903 -0.106901 -0.289855
595.746 6.28197 3.10268 -6.35858 -6.2668 3.16929 6.7011 0.065668 -0.11133 -0.312916
595.762 6.12875 2.98777 -6.28197 -6.2991 3.21476 6.66401 0.0652099 -0.108581 -0.303905
595.779 6.43519 3.14098 -6.35858 -6.31346 3.46122 6.62214 0.0729984 -0.11637 -0.278554
595.795 6.5118 3.17929 -6.47349 -6.50249 3.43968 6.65683 0.0690278 -0.11469 -0.241903
595.81 6.47349 3.33251 -6.39688 -6.46062 3.45763 6.6329 0.065668 -0.111483 -0.21869
595.826 6.58841 3.02607 -6.28197 -6.50249 3.20399 6.56949 0.081245 -0.120493 -0.203113
595.841 7.08637 3.10268 -6.09044 -6.63051 3.09033 6.45224 0.0962113 -0.134848 -0.497244
595.858 7.00976 3.14098 -5.93723 -6.8016 3.16929 6.18066 0.140194 -0.1518 -0.716392
595.875 6.97145 3.10268 -5.55418 -6.47617 3.3332 5.91027 0.161268 -0.173028 -1.029
595.891 6.01384 3.06437 -5.93723 -6.25244 3.41097 5.87677 0.159894 -0.176082 -0.87705
595.908 5.7074 3.14098 -6.28197 -5.84566 3.5342 6.45942 0.129962 -0.140499 -0.677144
595.924 5.93723 2.98777 -6.70332 -5.91027 3.42293 6.95952 0.0968221 -0.0867428 -0.271224
595.941 6.32027 2.98777 -6.62671 -6.0012 3.33799 6.89372 0.0801761 -0.0569632 -0.0864374
595.958 6.32027 2.87285 -6.5118 -6.43789 3.11665 6.78245 0.0610865 -0.0253509 -0.113926
595.974 6.89484 2.71963 -6.39688 -6.79681 2.96351 6.65085 0.0563523 -0.0218384 -0.329562
595.99 6.70332 2.75794 -6.24366 -6.87697 2.90369 6.57787 0.0546724 -0.0279471 -0.457996
596.006 6.77993 2.68133 -6.20536 -6.83749 2.95633 6.52283 0.0578795 -0.0561996 -0.61789
596.022 6.97145 2.52811 -6.32027 -6.90688 2.91565 6.77647 0.0413861 -0.065668 -0.588263
596.038 6.85654 2.4898 -6.62671 -6.99781 2.88574 6.95115 0.0326813 -0.0726929 -0.52794
596.053 6.81823 2.33659 -7.04806 -6.90329 2.71705 7.35912 0.0186314 -0.0891863 -0.375529
596.07 6.85654 2.14506 -6.62671 -6.81835 2.601 7.50867 0.0177151 -0.0968221 -0.152411
596.087 7.31619 1.91523 -6.16705 -7.0337 2.17388 6.60538 0.0308487 -0.101709 -0.111177
596.103 7.04806 2.10676 -6.24366 -6.999 2.32582 6.53839 0.062461 -0.112705 -0.0804815
596.12 6.89484 2.37489 -6.43519 -6.82553 2.5986 6.5671 0.078038 -0.114079 -0.0835358
596.136 6.93315 2.37489 -5.78401 -6.81236 2.59382 6.51087 0.0842994 -0.111636 -0.0972803
596.153 6.89484 2.4898 -5.82231 -6.85424 2.63809 6.17348 0.100793 -0.113163 -0.178983
596.17 7.04806 2.68133 -5.66909 -6.92004 2.68235 6.0682 0.116523 -0.124464 -0.31429
596.186 6.89484 2.4898 -5.7074 -6.89252 2.79362 5.90548 0.115606 -0.126602 -0.356134
596.203 6.89484 2.56641 -5.51587 -6.86022 2.87378 5.86122 0.108123 -0.133779 -0.390343
596.219 6.81823 2.52811 -5.78401 -6.82911 2.84148 5.93061 0.0901026 -0.131489 -0.358731
596.236 6.85654 2.41319 -5.7457 -6.79083 2.71825 6.07418 0.0813978 -0.1321 -0.328035
596.253 6.70332 2.22167 -6.20536 -6.6676 2.70269 6.39362 0.0589485 -0.12202 -0.190743
596.269 6.70332 2.25998 -6.28197 -6.64367 2.65244 6.5659 0.0458149 -0.116828 -0.00458149
596.286 6.70332 2.14506 -6.5118 -6.71904 2.57707 6.84706 0.0395535 -0.113468 0.0630718
596.302 6.81823 2.06845 -6.74162 -6.81954 2.3677 7.15573 0.0329867 -0.104 0.104153
596.318 6.97145 2.10676 -6.89484 -6.88534 2.33898 7.24307 0.036041 -0.111483 0.055436
596.334 6.89484 2.14506 -6.85654 -6.92602 2.4012 7.11386 0.0485638 -0.119271 0.0310014
596.35 6.81823 2.18337 -6.35858 -6.83031 2.48375 6.77169 0.0551306 -0.12202 0.0280998
596.367 6.85654 2.18337 -6.16705 -6.82074 2.49811 6.58624 0.0587958 -0.122173 0.0931569
596.384 6.77993 2.25998 -5.78401 -6.82433 2.57946 6.18066 0.0638354 -0.126602 0.132405
596.4 6.81823 2.4515 -5.7457 -6.84586 2.69073 5.98205 0.0571159 -0.118813 0.23106
596.417 6.81823 2.56641 -5.7457 -6.82792 2.75175 5.99641 0.0584903 -0.124158 0.287259
596.433 6.97145 2.4898 -6.20536 -6.85424 2.75533 6.22492 0.0491747 -0.125227 0.3514
596.45 6.81823 2.4515 -6.24366 -6.78485 2.78405 6.43071 0.0439823 -0.133169 0.334754
596.465 6.85654 2.4515 -6.16705 -6.75733 2.78285 6.53958 0.0450513 -0.140499 0.325897
596.482 6.70332 2.60472 -6.66501 -6.64845 2.89771 6.82074 0.036041 -0.140804 0.362701
596.499 6.5501 2.83455 -7.27789 -6.57428 2.96112 7.62353 0.0248928 -0.135154 0.394619
596.515 6.81823 2.75794 -7.77585 -6.56231 2.96231 8.01715 0.0239765 -0.131947 0.351095
596.532 6.77993 2.71963 -7.20128 -6.53121 2.90608 8.48614 0.02474 -0.118202 0.15745
596.548 6.58841 2.37489 -6.09044 -6.69153 2.62134 6.47617 0.0435241 -0.104916 0.00167988
596.565 6.74162 2.60472 -6.35858 -6.71904 2.74576 6.4008 0.0523817 -0.103542 0.00442877
596.582 6.66501 2.71963 -6.32027 -6.59462 3.0329 6.70349 0.0558941 -0.0994183 0.0232129
596.598 6.39688 2.79624 -5.86062 -6.41037 3.13101 6.07657 0.0493274 -0.0844521 0.123089
596.615 6.58841 2.71963 -5.86062 -6.48814 3.18126 5.99043 0.0412334 -0.0725402 0.40424
596.631 6.66501 2.83455 -6.5118 -6.58146 3.11306 6.50967 0.0230602 -0.0644463 0.468534
596.648 6.89484 2.64302 -7.20128 -6.66281 2.87258 7.63908 0.0219911 -0.056505 0.318261
596.665 7.00976 2.52811 -6.39688 -6.66162 2.77807 7.00618 0.0549779 -0.0774271 0.0526871
596.681 6.74162 2.91116 -6.35858 -6.66042 3.05922 6.48574 0.065668 -0.0868956 0.0479529
596.698 6.5501 2.75794 -6.16705 -6.58265 3.15254 6.40678 0.064599 -0.0931569 0.0813978
596.714 6.5501 3.10268 -6.20536 -6.57308 3.2004 6.33021 0.052229 -0.0891863 0.213803
596.731 6.70332 3.14098 -6.77993 -6.57069 3.3332 6.86261 0.0516181 -0.0937678 0.2277
596.748 6.81823 3.02607 -6.5118 -6.75733 3.28056 6.80758 0.0540616 -0.103847 0.105222
596.764 6.85654 2.98777 -6.24366 -6.80279 3.25424 6.60897 0.0499382 -0.110567 0.0516181
596.781 6.74162 3.02607 -6.16705 -6.61256 3.20758 6.57188 0.0569632 -0.120799 0.0216857
596.797 6.62671 2.94946 -6.20536 -6.69033 3.16211 6.59821 0.052229 -0.115912 -0.0671951
596.814 6.66501 2.98777 -6.16705 -6.68315 3.17288 6.58385 0.0581849 -0.121562 -0.161421
596.831 6.66501 2.83455 -6.20536 -6.68794 3.19801 6.56471 0.0633773 -0.128893 -0.212276
596.847 6.77993 2.83455 -6.28197 -6.59103 3.02094 6.49412 0.0653626 -0.145844 -0.300087
596.864 6.58841 2.64302 -6.16705 -6.58505 2.87378 6.49053 0.0687223 -0.15348 -0.401186
596.88 6.43519 2.64302 -6.12875 -6.44985 2.85224 6.47498 0.0752891 -0.15684 -0.419053
596.897 6.43519 2.68133 -5.97553 -6.4343 2.91446 6.39841 0.0806342 -0.148746 -0.447459
596.914 6.70332 2.68133 -6.01384 -6.62572 2.89651 6.3661 0.0901026 -0.143859 -0.528246
596.931 6.70332 2.60472 -6.09044 -6.63769 2.84387 6.33978 0.0981966 -0.151647 -0.580474
596.948 6.47349 2.60472 -6.43519 -6.47737 2.86181 6.73579 0.10568 -0.152105 -0.671341
596.963 6.39688 2.52811 -6.47349 -6.31226 2.8678 6.77288 0.104153 -0.135154 -0.627664
596.981 6.43519 2.60472 -6.24366 -6.37448 2.85823 6.58265 0.0989602 -0.114843 -0.63362
596.997 7.04806 2.56641 -5.7074 -6.71186 2.75773 6.21655 0.0885754 -0.0925461 -0.707534
597.013 7.00976 2.37489 -5.7457 -6.86022 2.65962 6.0682 0.0827722 -0.0965167 -0.894459
597.03 6.89484 2.25998 -6.01384 -6.84108 2.65484 6.01795 0.0762054 -0.0991129 -0.952797
597.046 6.89484 2.25998 -6.05214 -6.89013 2.57946 6.27996 0.0584903 -0.103847 -0.912938
597.063 6.97145 1.95354 -6.35858 -6.97986 2.32223 6.73699 0.0438296 -0.108887 -0.780075
597.08 6.93315 1.76202 -6.77993 -7.02054 2.132 7.01934 0.0415388 -0.11133 -0.731664
597.096 7.00976 1.6471 -7.23959 -6.91166 2.08654 7.6678 0.0407752 -0.104916 -0.55436
597.113 6.74162 1.49388 -6.97145 -6.83629 1.84845 7.61755 0.046273 -0.0856738 -0.297033
597.129 6.93315 1.49388 -6.5118 -6.8985 1.82213 7.19282 0.046273 -0.0720821 -0.178525
597.146 7.27789 1.68541 -5.93723 -7.11386 1.81735 6.41156 0.0595593 -0.0736092 -0.0714712
597.163 7.3928 1.68541 -5.32435 -7.30887 1.95613 5.74038 0.0739146 -0.0894917 -0.151647
597.179 7.3545 1.91523 -5.05622 -7.32802 2.01834 5.4652 0.0852157 -0.102778 -0.239765
597.196 7.27789 1.87693 -5.20944 -7.34118 2.09013 5.48195 0.0936151 -0.120188 -0.313526
597.212 7.23959 1.87693 -6.09044 -7.26221 2.1332 6.01555 0.0862847 -0.139583 -0.196851
597.229 7.20128 1.83862 -6.62671 -7.17966 2.16909 6.4355 0.0830777 -0.147829 -0.124311
597.246 6.58841 1.80032 -7.58433 -6.84347 2.20259 7.77906 0.0788016 -0.147524 0.053298
597.262 6.58841 1.95354 -7.66094 -6.57787 2.20857 7.99561 0.06353 -0.113163 0.180358
597.278 6.93315 1.83862 -6.66501 -6.67597 2.12004 7.31007 0.0566577 -0.089339 0.198684
597.294 7.08637 1.76202 -6.16705 -7.06241 2.05304 6.33619 0.046273 -0.0733038 0.244957
597.309 7.23959 1.87693 -5.82231 -7.15693 2.01356 6.0993 0.0456622 -0.0798706 0.277485
597.325 7.12467 1.91523 -5.36266 -7.17129 2.04586 6.01555 0.0497855 -0.0951423 0.265268
597.339 7.23959 1.80032 -5.82231 -7.17129 2.03988 6.1328 0.0632245 -0.110108 0.222966
597.355 7.00976 1.99184 -6.5501 -7.14736 2.11765 6.27159 0.0699441 -0.116523 0.209679
597.371 7.08637 2.06845 -6.74162 -6.98824 2.27916 7.01814 0.0746782 -0.118813 0.154243
597.386 6.77993 2.22167 -7.16298 -6.90688 2.38923 7.34716 0.0719294 -0.11637 0.128893
597.402 6.81823 2.18337 -7.27789 -6.67956 2.55194 7.5673 0.0583376 -0.109192 0.119271
597.418 6.74162 2.14506 -6.24366 -6.72861 2.54836 7.06002 0.0499382 -0.10232 0.111788
597.433 6.93315 2.14506 -5.59248 -6.8985 2.50169 6.01795 0.0325286 -0.08827 0.188452
598.061 7.00976 2.06845 -5.59248 -7.14975 2.16191 5.86361 0.103694 -0.134238 -0.517403
598.078 7.16298 1.99184 -5.59248 -7.066 2.12602 6.05264 0.129809 -0.152105 -0.864069
598.094 6.35858 2.14506 -6.89484 -6.51087 2.59262 7.35434 0.12874 -0.155923 -0.944092
598.111 6.20536 2.33659 -7.31619 -6.22492 2.7326 7.92383 0.108123 -0.144317 -0.750753
598.128 6.66501 2.10676 -6.01384 -6.48694 2.56271 6.61376 0.0626137 -0.100793 -0.407447
598.144 7.27789 2.14506 -5.93723 -7.24068 2.23011 6.31585 0.0557414 -0.0830777 -0.491136
598.161 7.3928 1.76202 -6.01384 -7.42732 2.05543 6.31705 0.0542143 -0.0896445 -0.509614
598.177 7.23959 1.45558 -6.12875 -7.27059 1.85563 6.62453 0.0676533 -0.107818 -0.547488
598.194 7.27789 1.30236 -6.43519 -7.29452 1.67139 6.65444 0.0777326 -0.12034 -0.600327
598.211 7.16298 1.57049 -6.58841 -7.23948 1.74437 6.72024 0.0826195 -0.123242 -0.545655
598.227 7.00976 1.6088 -6.77993 -6.99422 2.00399 6.93081 0.0800233 -0.119882 -0.44807
598.244 7.04806 1.72371 -6.5118 -6.96431 2.00399 6.70588 0.0604756 -0.102473 -0.19059
598.26 7.08637 1.6088 -6.62671 -7.16172 1.78744 6.59821 0.0607811 -0.111941 -0.134543
598.277 7.20128 1.34066 -6.24366 -7.18086 1.65464 6.61495 0.0649044 -0.116981 -0.117744
598.294 7.12467 1.49388 -6.58841 -7.0995 1.7348 6.56231 0.0647517 -0.113621 -0.098502
598.31 7.20128 1.45558 -6.32027 -7.13659 1.78983 6.57667 0.0647517 -0.112705 -0.0826195
598.327 7.08637 1.6088 -6.39688 -7.12223 1.81735 6.65085 0.0609338 -0.114537 -0.0116064
598.343 7.08637 1.6471 -6.35858 -7.11386 2.00997 6.5994 0.0551306 -0.111941 0.110261
598.36 6.97145 1.6471 -6.24366 -7.16052 2.02672 6.57428 0.0491747 -0.109039 0.231518
598.377 7.12467 1.6471 -6.20536 -7.08993 1.95015 6.59701 0.0410807 -0.107665 0.273515
598.393 7.08637 1.6471 -6.24366 -7.01814 1.87358 6.60419 0.0403171 -0.105832 0.281914
598.41 6.85654 1.76202 -6.20536 -6.94875 2.01117 6.61137 0.0455095 -0.109345 0.232434
598.426 6.97145 1.6088 -6.01384 -6.85424 2.10688 6.58863 0.0442877 -0.109803 0.21869
598.443 7.12467 1.49388 -5.47757 -6.89013 2.08654 6.01795 0.0424551 -0.110719 0.241139
598.46 6.74162 1.76202 -5.32435 -6.83509 2.17149 5.54895 0.022602 -0.0994183 0.713032
598.476 6.81823 1.83862 -5.51587 -6.76451 2.08774 5.76789 0.0131336 -0.0931569 0.885907
598.493 7.00976 1.80032 -6.12875 -7.07079 1.99801 6.35773 0.0177151 -0.0891863 1.06199
598.509 7.27789 1.91523 -7.00976 -7.18086 1.97886 6.932 0.0392481 -0.0942259 0.910495
598.526 7.31619 2.10676 -7.31619 -7.2658 2.11645 7.44407 0.057574 -0.110414 0.794583
598.543 7.12467 2.64302 -7.16298 -7.08514 2.62732 7.57926 0.0739146 -0.132252 0.474948
598.559 6.97145 2.79624 -6.35858 -6.87458 3.01735 6.62333 0.0572686 -0.147982 0.177151
598.576 6.58841 2.68133 -5.93723 -6.70827 3.0341 6.37567 0.0394008 -0.144928 0.125533
598.592 6.32027 2.52811 -5.43926 -6.31944 2.89412 5.87198 0.0157298 -0.136376 0.268628
598.609 6.39688 2.41319 -5.78401 -6.39123 2.58544 6.01675 0.00916297 -0.104305 0.525344
598.626 6.66501 2.22167 -6.16705 -6.58624 2.47777 6.31107 0.0174097 -0.0992656 0.55039
598.642 6.70332 2.18337 -6.28197 -6.70349 2.47537 6.69631 0.0404698 -0.0936151 0.492663
598.659 6.74162 2.29828 -6.85654 -6.6341 2.69312 6.95474 0.0627664 -0.0930042 0.416915
598.675 6.74162 2.68133 -6.81823 -6.55394 2.84985 7.08514 0.0681114 -0.0899499 0.400269
598.692 6.5118 2.83455 -6.70332 -6.51206 3.01855 6.932 0.0639881 -0.0751364 0.363617
598.709 6.43519 2.79624 -6.43519 -6.42592 3.12861 6.67717 0.0507018 -0.0650571 0.366214
598.725 6.58841 2.98777 -6.66501 -6.46421 3.16331 6.86142 0.0392481 -0.0572686 0.389732
598.742 6.81823 2.91116 -6.58841 -6.6317 3.22193 6.8339 0.031765 -0.0746782 0.301157
598.758 6.81823 2.83455 -6.16705 -6.69511 3.09631 6.38285 0.0264199 -0.0968221 0.275042
598.775 6.5118 2.75794 -5.89892 -6.6317 3.06401 6.28116 0.0224493 -0.098502 0.329867
598.792 6.62671 2.75794 -6.12875 -6.64487 3.05922 6.27518 0.0256563 -0.0988074 0.461203
598.808 6.58841 2.98777 -6.12875 -6.58624 3.19322 6.37328 0.0357356 -0.0989602 0.583987
598.825 6.74162 3.17929 -6.58841 -6.54796 3.2662 6.5001 0.0380264 -0.0937678 0.659429
598.841 6.81823 3.06437 -6.62671 -6.8004 3.23151 6.94397 0.0453567 -0.0923933 0.675922
598.858 6.85654 3.17929 -6.32027 -6.72503 3.38465 6.72503 0.0580322 -0.111483 0.490067
598.875 6.35858 3.21759 -6.24366 -6.54198 3.53659 6.49651 0.0595593 -0.11805 0.405767
598.891 6.5118 3.40912 -6.09044 -6.27757 3.69452 6.40319 0.055436 -0.121868 0.396146
598.908 6.58841 3.40912 -6.32027 -6.26082 3.72562 6.51924 0.0494801 -0.117897 0.343612
598.924 6.43519 3.40912 -6.43519 -6.27518 3.6993 6.64008 0.0478002 -0.118355 0.210138
598.941 6.28197 3.40912 -6.5118 -6.20459 3.68016 6.86142 0.0426078 -0.115148 0.13775
598.958 6.20536 3.48573 -6.62671 -6.09571 3.67777 6.82194 0.0465785 -0.111788 0.0189368
598.974 6.24366 3.2942 -6.5118 -6.10528 3.59761 6.87577 0.0513127 -0.107207 -0.0945314
598.991 6.47349 3.33251 -6.05214 -6.18784 3.52582 6.57188 0.0571159 -0.107512 -0.151036
599.007 6.35858 3.2559 -6.12875 -6.23091 3.466 6.38405 0.0655153 -0.104153 -0.235641
599.024 6.32027 3.2559 -5.93723 -6.25364 3.43848 6.47139 0.0760527 -0.104458 -0.288023
599.041 6.28197 3.48573 -6.43519 -6.2333 3.48395 6.41396 0.0789543 -0.101709 -0.318261
599.057 6.35858 3.37081 -6.62671 -6.18305 3.59043 6.91406 0.0781907 -0.0901026 -0.364686
599.074 6.35858 3.37081 -6.89484 -6.20818 3.66939 7.12343 0.0673479 -0.0847575 -0.319941
599.09 6.47349 3.37081 -6.24366 -6.34696 3.66341 6.6664 0.0591012 -0.0846048 -0.285579
599.107 6.93315 3.17929 -5.89892 -6.67837 3.4684 6.34576 0.0539089 -0.0946841 -0.332005
599.124 7.12467 3.21759 -5.63079 -6.86979 3.37268 6.00239 0.0691805 -0.117439 -0.542906
599.14 7.00976 2.94946 -5.7074 -7.0325 3.20638 5.90668 0.0824668 -0.129962 -0.664469
599.157 6.47349 3.14098 -6.39688 -6.62692 3.38704 6.58385 0.08827 -0.135612 -0.679893
599.173 6.39688 3.14098 -6.5501 -6.3996 3.43848 6.9332 0.071013 -0.123242 -0.533285
