638.988 1.95354 -7.20128 -6.35858 -1.71326 -6.79681 6.96431 0.0502437 -0.108887 -0.173791
639.004 1.6471 -7.16298 -6.58841 -1.58405 -6.87577 6.99063 0.0484111 -0.110414 -0.0569632
639.021 1.68541 -7.31619 -6.32027 -1.56849 -7.01695 6.94756 0.0488692 -0.114385 0.0105374
639.038 1.83862 -7.43111 -6.43519 -1.55055 -7.22632 6.93799 0.043066 -0.11469 0.105832
639.054 1.76202 -7.43111 -6.28197 -1.72403 -7.25145 6.91286 0.0491747 -0.113926 0.0940732
639.071 2.18337 -7.23959 -6.47349 -1.83051 -7.19522 6.90927 0.0488692 -0.111177 0.052229
639.087 2.29828 -7.12467 -6.5501 -1.9657 -6.99781 6.94038 0.0584903 -0.116675 -0.0523817
639.104 2.14506 -7.08637 -6.32027 -1.94536 -6.86979 6.8985 0.0568105 -0.116828 -0.11469
639.121 2.10676 -7.12467 -6.32027 -1.94536 -6.82194 6.91884 0.0542143 -0.116523 -0.117592
639.137 1.80032 -7.12467 -6.32027 -1.78863 -6.86261 6.93799 0.0502437 -0.118508 -0.085063
639.153 1.87693 -7.20128 -6.39688 -1.67019 -6.97866 6.92602 0.0502437 -0.117897 -0.0836885
639.169 1.72371 -7.3928 -6.43519 -1.63908 -7.03131 6.95952 0.0539089 -0.1237 -0.0765108
639.185 1.76202 -7.43111 -6.39688 -1.56251 -7.09711 6.94756 0.052229 -0.123089 0.0056505
639.202 1.6471 -7.43111 -6.32027 -1.45364 -7.21197 6.92722 0.0487165 -0.120188 0.0594066
639.218 1.76202 -7.46941 -6.35858 -1.52901 -7.22632 6.9344 0.0491747 -0.117592 0.0612392
639.235 1.72371 -7.31619 -6.35858 -1.66899 -7.13181 6.95833 0.054367 -0.117592 0.0325286
639.252 1.91523 -7.27789 -6.39688 -1.67737 -7.01456 6.932 0.056505 -0.118202 0.00397062
639.268 1.83862 -7.20128 -6.47349 -1.64865 -6.95952 6.94397 0.0584903 -0.120951 -0.0100793
639.285 1.72371 -6.89484 -6.32027 -1.68694 -6.81117 6.90927 0.0528398 -0.11301 -0.0313068
639.301 1.83862 -7.04806 -6.47349 -1.64387 -6.77169 7.02533 0.0584903 -0.121104 -0.0557414
639.317 1.87693 -7.00976 -6.39688 -1.61276 -6.74178 6.90688 0.056505 -0.117439 -0.0615447
639.334 1.83862 -7.16298 -6.28197 -1.62233 -6.87338 6.95354 0.0566577 -0.119577 -0.0580322
639.349 1.80032 -7.27789 -6.43519 -1.58644 -6.93559 6.96431 0.0526871 -0.116675 -0.0412334
639.366 1.80032 -7.20128 -6.43519 -1.52423 -7.03729 6.96431 0.0508545 -0.115148 -0.0241292
639.382 1.76202 -7.00976 -6.43519 -1.56132 -6.90927 6.95115 0.0539089 -0.121562 0.00198531
639.399 1.87693 -7.12467 -6.28197 -1.54935 -6.8327 6.96431 0.052229 -0.115301 -0.00778853
639.416 1.80032 -7.08637 -6.35858 -1.61276 -6.88175 6.92004 0.0519235 -0.115759 -0.0251982
639.432 1.91523 -7.16298 -6.39688 -1.69053 -6.88415 6.95593 0.0552833 -0.115912 -0.0513127
639.449 2.03015 -7.27789 -6.39688 -1.66899 -6.9344 6.94636 0.0519235 -0.114079 -0.0474948
639.465 1.57049 -7.20128 -6.35858 -1.61157 -6.8997 6.97508 0.0552833 -0.117133 -0.0432187
639.482 1.72371 -7.31619 -6.43519 -1.59721 -6.92602 6.94038 0.0523817 -0.117286 0.000610865
639.499 1.91523 -7.23959 -6.43519 -1.60678 -6.95474 6.93559 0.0488692 -0.113468 0.0287107
639.515 1.80032 -7.12467 -6.16705 -1.60917 -7.03849 6.93799 0.0502437 -0.115912 0.0245873
639.532 1.83862 -7.31619 -6.43519 -1.64985 -7.12702 6.93679 0.0511599 -0.115301 -0.00763582
639.548 1.95354 -7.31619 -6.47349 -1.69771 -6.97986 6.93799 0.0514654 -0.110719 -0.022602
639.565 1.91523 -7.16298 -6.28197 -1.70847 -6.932 6.93918 0.0528398 -0.111483 -0.0206167
639.582 1.80032 -7.16298 -6.32027 -1.62473 -6.89731 6.91884 0.0539089 -0.11469 -0.0137445
639.598 1.6088 -7.08637 -6.12875 -1.61874 -6.89491 6.92124 0.0508545 -0.113621 -0.023671
639.615 1.80032 -7.23959 -6.28197 -1.64267 -6.91406 6.94636 0.0505491 -0.112246 -0.0334449
639.631 1.91523 -7.23959 -6.43519 -1.61994 -6.98465 6.97627 0.0513127 -0.115148 -0.033903
639.648 1.76202 -7.20128 -6.32027 -1.58644 -6.95833 6.95713 0.0555887 -0.113468 -0.00549779
639.665 1.53219 -7.12467 -6.28197 -1.47398 -6.79681 7.07677 0.0534507 -0.114232 0.043066
639.681 1.57049 -7.77585 -6.43519 -1.12822 -7.44287 6.95354 0.0248928 -0.105832 0.780686
639.698 2.14506 -7.3928 -6.47349 -1.75155 -7.401 7.0337 0.0639881 -0.0798706 0.30696
639.714 2.14506 -7.3545 -6.32027 -2.25523 -7.12582 6.77527 0.0690278 -0.0913243 -0.00122173
639.731 1.99184 -7.58433 -6.5501 -1.8999 -7.29212 6.91406 0.0537561 -0.118508 -0.104153
639.748 2.18337 -7.58433 -6.39688 -1.87478 -7.27777 6.98106 0.0670424 -0.115148 -0.135001
639.764 2.14506 -7.00976 -6.43519 -1.87238 -6.92722 6.8985 0.0681114 -0.105374 -0.160199
639.782 2.18337 -7.08637 -6.66501 -1.9681 -6.79322 6.94875 0.0604756 -0.106138 -0.203876
639.797 1.80032 -7.08637 -6.5501 -1.69053 -6.72742 6.98225 0.0621555 -0.109039 -0.151647
639.814 1.83862 -7.16298 -6.5118 -1.6989 -6.78126 6.91047 0.0627664 -0.110872 -0.0905607
639.831 1.91523 -7.31619 -6.35858 -1.72881 -7.05643 6.91047 0.055436 -0.112552 0.0423024
639.846 2.06845 -7.3928 -6.43519 -1.85922 -7.08873 6.95713 0.0555887 -0.112399 0.139125
639.863 2.18337 -7.31619 -6.43519 -1.93579 -7.07557 6.91525 0.0548251 -0.107207 0.169515
639.879 2.10676 -7.3928 -6.5501 -1.81854 -7.00139 6.94875 0.0558941 -0.104153 0.227853
639.896 1.83862 -7.31619 -6.58841 -1.60917 -6.96909 6.95833 0.0529926 -0.107512 0.283289
639.913 1.80032 -7.08637 -6.35858 -1.61755 -6.92722 6.90449 0.0555887 -0.111025 0.305433
639.929 2.33659 -6.85654 -6.43519 -2.08295 -6.69751 6.95474 0.0574213 -0.104 0.348193
639.946 2.4898 -6.85654 -6.5118 -2.20618 -6.68076 6.90688 0.0545197 -0.108123 0.322384
639.962 2.37489 -6.81823 -6.32027 -2.0997 -6.66162 6.93679 0.052229 -0.107512 0.286801
639.979 2.29828 -7.12467 -6.39688 -1.99681 -6.85304 6.93081 0.0551306 -0.107818 0.162948
639.996 2.37489 -7.04806 -6.32027 -1.99202 -6.84467 6.90927 0.0618501 -0.109956 -0.0200058
640.012 2.41319 -6.89484 -6.58841 -2.09372 -6.79322 6.92004 0.0626137 -0.109039 -0.0975857
640.029 2.33659 -6.85654 -6.32027 -2.15952 -6.60897 6.94875 0.0661261 -0.112094 -0.157756
640.045 2.29828 -6.62671 -6.39688 -2.08774 -6.48096 6.92004 0.0618501 -0.108734 -0.129656
640.062 2.14506 -6.93315 -6.5501 -2.06501 -6.48694 6.94038 0.0578795 -0.109803 -0.114537
640.079 2.06845 -6.77993 -6.39688 -1.91067 -6.58863 6.96431 0.0577268 -0.114232 -0.0949895
640.095 2.03015 -6.93315 -6.35858 -1.89751 -6.67119 6.93918 0.0542143 -0.110567 -0.0818559
640.112 2.18337 -6.85654 -6.5501 -1.92144 -6.70588 6.9332 0.0552833 -0.109039 -0.0641408
640.128 2.29828 -6.89484 -6.43519 -2.04826 -6.72144 6.91884 0.0507018 -0.108887 -0.0519235
640.145 2.33659 -6.93315 -6.66501 -2.1009 -6.67837 6.93559 0.0493274 -0.112246 -0.0323759
640.162 2.25998 -6.93315 -6.43519 -2.08415 -6.69751 6.9332 0.046273 -0.108734 -0.0294742
640.178 2.18337 -7.00976 -6.39688 -2.08056 -6.84467 6.92483 0.0455095 -0.107512 -0.0418443
640.195 2.33659 -7.23959 -6.43519 -2.0997 -6.90568 6.93081 0.0502437 -0.111788 -0.0823141
640.212 2.25998 -7.00976 -6.35858 -2.11286 -6.9009 6.93081 0.0484111 -0.111636 -0.0806342
640.228 2.14506 -7.16298 -6.28197 -2.0674 -6.85783 6.94397 0.0470366 -0.110872 -0.0526871
640.245 2.10676 -7.20128 -6.12875 -2.07458 -6.95234 6.94038 0.0447459 -0.112552 0.0262672
640.261 2.10676 -7.31619 -6.47349 -2.02074 -6.96191 6.95474 0.0439823 -0.114995 0.0856738
640.278 2.29828 -7.31619 -6.43519 -1.87238 -7.11984 6.94277 0.0447459 -0.112705 0.106138
640.295 2.14506 -7.23959 -6.47349 -1.86879 -7.09711 6.92842 0.0447459 -0.111025 0.117897
640.311 2.14506 -7.20128 -6.32027 -1.88554 -7.04686 6.93081 0.0467312 -0.11133 0.105222
640.328 2.03015 -7.27789 -5.93723 -1.95494 -6.94038 6.93799 0.0465785 -0.108887 0.105527
640.344 2.22167 -7.23959 -6.32027 -2.03151 -6.91166 6.9344 0.0474948 -0.10736 0.14844
640.361 2.06845 -7.00976 -6.43519 -2.07817 -6.88774 6.92124 0.0442877 -0.105527 0.227395
640.378 2.10676 -7.20128 -6.35858 -1.90588 -6.97508 6.91884 0.045204 -0.10568 0.257022
640.394 1.99184 -7.20128 -6.39688 -1.95254 -6.93559 6.932 0.0470366 -0.106749 0.291535
640.411 2.22167 -7.08637 -6.24366 -2.06142 -6.87458 6.94038 0.0474948 -0.100945 0.274126
640.427 2.4898 -7.16298 -6.39688 -2.24686 -6.85543 6.90568 0.0484111 -0.103542 0.25076
640.444 2.60472 -6.89484 -6.5501 -2.46819 -6.7334 6.92363 0.0484111 -0.103236 0.208152
640.461 2.64302 -6.81823 -6.39688 -2.49691 -6.67358 6.90329 0.0508545 -0.106138 0.16753
640.477 2.60472 -6.89484 -6.32027 -2.57587 -6.61376 6.91047 0.0503964 -0.107054 0.147218
640.494 2.71963 -6.97145 -6.16705 -2.59143 -6.6664 6.87817 0.0484111 -0.106749 0.111636
640.51 2.79624 -7.00976 -6.32027 -2.53639 -6.67358 6.89611 0.0505491 -0.111025 0.0416915
640.527 2.83455 -7.00976 -6.5118 -2.50289 -6.68435 6.91047 0.0534507 -0.114232 -0.00106901
640.544 2.75794 -6.81823 -6.43519 -2.53759 -6.67597 6.89013 0.0555887 -0.114843 -0.0691805
640.56 2.79624 -7.00976 -6.5118 -2.56869 -6.65563 6.932 0.0519235 -0.114385 -0.090408
640.577 2.60472 -6.89484 -6.39688 -2.46221 -6.6676 6.91406 0.0511599 -0.113468 -0.0879646
640.593 2.37489 -6.97145 -6.35858 -2.25284 -6.67119 6.91047 0.0478002 -0.110261 -0.076969
640.61 2.37489 -6.97145 -6.43519 -2.15354 -6.73101 6.92961 0.0520762 -0.117744 -0.0810924
640.627 2.4515 -7.27789 -6.39688 -2.16909 -6.80279 6.94995 0.0508545 -0.115454 -0.0768163
640.643 2.37489 -7.23959 -6.43519 -2.25643 -6.85902 6.91765 0.0514654 -0.116828 -0.055436
640.66 2.37489 -7.04806 -6.66501 -2.23729 -6.85304 6.92842 0.0490219 -0.112552 -0.0284052
640.676 2.4898 -7.08637 -6.39688 -2.25763 -6.85543 6.91765 0.0540616 -0.116217 -0.0201585
640.693 2.37489 -7.16298 -6.43519 -2.27318 -6.85902 6.93679 0.0497855 -0.112857 -0.00870483
640.708 2.41319 -7.12467 -6.20536 -2.22532 -6.89013 6.95354 0.0519235 -0.113163 -0.00809396
640.722 2.41319 -6.97145 -6.12875 -2.199 -6.89372 6.90329 0.0503964 -0.111177 -0.0100793
640.738 2.37489 -7.16298 -6.32027 -2.22054 -6.85304 6.92124 0.0510072 -0.109039 -0.014508
640.753 2.4515 -7.12467 -6.39688 -2.25284 -6.85783 6.92483 0.0540616 -0.111941 -0.0151189
640.769 2.4898 -7.16298 -6.39688 -2.29831 -6.83031 6.91525 0.0555887 -0.11301 -0.0117592
640.785 2.60472 -7.08637 -6.5501 -2.31386 -6.84586 6.90568 0.056505 -0.109345 -0.00717767
640.8 2.52811 -7.04806 -6.43519 -2.32822 -6.8004 6.90568 0.0549779 -0.112552 -0.0148135
640.816 2.52811 -7.04806 -6.35858 -2.33181 -6.77288 6.91406 0.0548251 -0.109192 -0.0174097
640.832 2.60472 -7.00976 -6.43519 -2.34257 -6.79442 6.90449 0.0537561 -0.108429 -0.0181732
640.847 2.52811 -7.00976 -6.5501 -2.3007 -6.82074 6.92842 0.0534507 -0.108276 -0.0187841
640.863 2.4898 -7.04806 -6.66501 -2.28873 -6.85065 6.92004 0.0580322 -0.112857 -0.0186314
641.477 3.17929 -6.70332 -6.47349 -2.89412 -6.55992 6.90568 0.0505491 -0.112552 0.101862
641.494 3.02607 -6.62671 -6.35858 -2.88335 -6.58624 6.87338 0.0465785 -0.10797 0.171348
641.51 3.02607 -6.81823 -6.35858 -2.85583 -6.58863 6.90209 0.0456622 -0.112399 0.227853
641.527 2.91116 -6.85654 -6.58841 -2.80798 -6.59103 6.88774 0.0447459 -0.109956 0.25244
641.544 3.17929 -6.62671 -6.39688 -2.9001 -6.52881 6.89133 0.0464257 -0.107818 0.276111
641.56 3.14098 -6.74162 -6.35858 -2.96351 -6.48335 6.88056 0.0459676 -0.109803 0.272293
641.577 3.33251 -6.70332 -6.24366 -3.02213 -6.51087 6.90449 0.047342 -0.10797 0.260687
641.593 3.37081 -6.81823 -6.35858 -3.22433 -6.48933 6.89372 0.0502437 -0.110261 0.231518
641.61 3.2559 -6.77993 -6.28197 -3.26501 -6.52403 6.84826 0.0500909 -0.109498 0.18326
641.627 3.37081 -6.5501 -6.35858 -3.1992 -6.44028 6.85065 0.0514654 -0.110567 0.149509
641.643 3.48573 -6.5501 -6.35858 -3.25184 -6.26201 6.88295 0.0548251 -0.112552 0.105985
641.66 3.56234 -6.47349 -6.43519 -3.3009 -6.24646 6.88774 0.0494801 -0.10797 0.117744
641.676 3.48573 -6.47349 -6.32027 -3.33918 -6.2656 6.91166 0.0503964 -0.110567 0.142026
641.693 3.33251 -6.62671 -6.39688 -3.34756 -6.40199 6.86022 0.0490219 -0.112246 0.218384
641.71 3.2942 -6.62671 -6.24366 -3.28534 -6.42114 6.86979 0.043066 -0.10736 0.29627
641.726 3.2942 -6.62671 -6.32027 -3.22074 -6.3996 6.86979 0.0407752 -0.105832 0.31429
641.743 3.40912 -6.5118 -6.62671 -3.22911 -6.34457 6.87099 0.0427606 -0.107054 0.326049
641.759 3.67725 -6.5501 -6.24366 -3.37029 -6.35294 6.90568 0.0436769 -0.10736 0.326202
641.776 3.60064 -6.5501 -6.35858 -3.35115 -6.36371 6.84945 0.0438296 -0.108887 0.317497
641.793 3.63894 -6.5118 -6.47349 -3.4325 -6.34816 6.87099 0.0453567 -0.106291 0.276722
641.809 3.83047 -6.5118 -6.32027 -3.64307 -6.25484 6.86979 0.0471893 -0.106138 0.222049
641.826 3.79216 -6.39688 -6.5118 -3.71845 -6.20698 6.85184 0.0470366 -0.106749 0.203265
641.842 3.94538 -6.43519 -6.5118 -3.74835 -6.12802 6.85783 0.0455095 -0.107512 0.20464
641.859 3.86877 -6.43519 -6.47349 -3.8333 -6.1663 6.89252 0.0442877 -0.108276 0.217163
641.876 3.98369 -6.5118 -6.35858 -3.87159 -6.20698 6.87218 0.0445931 -0.110872 0.217468
641.892 3.83047 -6.5118 -6.74162 -3.66341 -6.32662 6.83749 0.0468839 -0.112246 0.216552
641.909 3.86877 -6.39688 -6.32027 -3.61077 -6.1986 6.84826 0.0458149 -0.111941 0.19792
641.925 3.67725 -6.35858 -6.39688 -3.61555 -6.19262 6.86979 0.0461203 -0.111788 0.190437
641.942 3.86877 -6.39688 -6.28197 -3.73639 -6.11127 6.87817 0.046273 -0.112705 0.167072
641.959 4.0603 -6.43519 -6.24366 -3.76271 -6.12084 6.85304 0.0494801 -0.115148 0.148593
641.975 3.94538 -6.32027 -6.09044 -3.78903 -6.10289 6.87697 0.0502437 -0.115301 0.136986
641.992 3.90708 -6.32027 -6.32027 -3.73041 -6.05384 6.83869 0.0447459 -0.109192 0.142179
642.008 3.98369 -6.24366 -6.5501 -3.868 -5.99282 6.89013 0.0497855 -0.11637 0.178983
642.025 4.13691 -6.28197 -6.74162 -3.94576 -5.97727 6.86261 0.0442877 -0.11637 0.225409
642.042 4.17521 -6.12875 -6.28197 -3.98405 -5.97966 6.83629 0.0435241 -0.116675 0.233656
642.058 3.94538 -6.20536 -6.01384 -3.86919 -5.8995 6.85543 0.0424551 -0.114995 0.236558
642.075 4.02199 -6.09044 -6.35858 -3.85364 -5.89831 6.83749 0.0424551 -0.113621 0.229838
642.091 4.02199 -6.09044 -6.35858 -3.8991 -5.87916 6.86859 0.0429133 -0.118508 0.226936
642.108 4.0986 -6.32027 -6.32027 -3.88594 -6.0658 6.84706 0.0381791 -0.114537 0.208916
642.125 4.0603 -6.39688 -6.35858 -3.86082 -6.14118 6.84467 0.0455095 -0.115912 0.127824
642.141 4.0603 -6.28197 -6.5118 -3.89073 -6.24407 6.87697 0.0432187 -0.110719 0.0699441
642.158 4.0986 -6.35858 -6.35858 -3.89791 -6.13759 6.86501 0.0502437 -0.113926 -0.0426078
642.174 4.13691 -6.24366 -6.35858 -3.91825 -6.01555 6.84945 0.0529926 -0.112246 -0.0766636
642.191 4.17521 -6.28197 -6.47349 -3.97328 -6.00479 6.87817 0.0545197 -0.113315 -0.0578795
642.208 4.02199 -6.28197 -6.43519 -3.92064 -6.0658 6.85304 0.0490219 -0.113315 0.0167988
642.224 3.94538 -6.35858 -6.43519 -3.8668 -6.03948 6.86381 0.0481056 -0.114843 0.0705549
642.241 3.90708 -6.20536 -6.35858 -3.83689 -6.00479 6.81835 0.0496328 -0.112705 0.0910189
642.257 4.0986 -6.24366 -6.28197 -4.02472 -5.95573 6.8662 0.0484111 -0.111483 0.120799
642.274 4.32843 -6.32027 -6.47349 -4.01396 -6.01914 6.83869 0.045204 -0.112705 0.130878
642.291 4.0603 -6.28197 -6.39688 -4.00917 -6.01196 6.85304 0.0432187 -0.106901 0.140194
642.307 4.0603 -6.35858 -6.28197 -4.02114 -6.09212 6.8327 0.0459676 -0.109803 0.135459
642.324 4.0986 -6.43519 -6.5118 -3.98883 -6.05503 6.85783 0.0478002 -0.111177 0.101404
642.34 4.0986 -6.24366 -6.43519 -3.87757 -6.08136 6.86142 0.0507018 -0.111941 0.0830777
642.357 4.13691 -6.32027 -6.5501 -3.91346 -6.02632 6.84227 0.0502437 -0.109498 0.0749837
642.373 4.0986 -6.24366 -6.35858 -3.96849 -6.02991 6.81117 0.0505491 -0.105832 0.10232
642.388 4.13691 -6.09044 -6.32027 -4.0678 -5.98205 6.84586 0.0497855 -0.109498 0.111025
642.405 4.29012 -6.05214 -6.32027 -4.0331 -5.89472 6.84108 0.0546724 -0.111788 0.090408
642.421 4.17521 -5.89892 -6.35858 -4.02592 -5.81456 6.82792 0.0536034 -0.108429 0.0201585
642.438 4.0986 -5.93723 -6.39688 -4.11087 -5.70568 6.83988 0.052229 -0.103236 -0.022602
642.455 4.25182 -5.86062 -6.5501 -4.22333 -5.65663 6.84108 0.0563523 -0.106901 -0.0734565
642.471 4.40504 -6.09044 -6.28197 -4.22213 -5.71406 6.82792 0.0537561 -0.108123 -0.0789543
642.488 4.29012 -6.09044 -6.43519 -4.22931 -5.82293 6.82911 0.0548251 -0.110108 -0.0731511
642.504 4.40504 -6.12875 -6.35858 -4.10608 -5.87318 6.84227 0.053298 -0.110261 -0.0601702
642.521 4.25182 -6.20536 -6.32027 -4.07617 -5.93539 6.8339 0.0526871 -0.108734 -0.0510072
642.538 4.36673 -6.32027 -6.5118 -4.10608 -5.98325 6.85424 0.0529926 -0.109956 -0.0494801
642.554 4.32843 -6.32027 -6.32027 -4.1336 -6.03111 6.83509 0.0536034 -0.110872 -0.0514654
642.571 4.17521 -6.20536 -6.47349 -4.1336 -6.01555 6.85543 0.0531453 -0.109345 -0.0609338
642.587 4.21351 -6.05214 -6.5118 -4.15035 -5.9677 6.8339 0.0517708 -0.105832 -0.065668
642.604 4.0603 -6.05214 -6.35858 -4.00678 -5.88993 6.83749 0.0540616 -0.109498 -0.0991129
642.621 4.02199 -6.05214 -6.5501 -3.95175 -5.92104 6.84945 0.0568105 -0.110261 -0.142942
642.637 4.17521 -6.24366 -6.43519 -3.9996 -5.97607 6.85065 0.0597121 -0.110261 -0.166003
642.654 4.0986 -6.32027 -6.28197 -4.03789 -6.02034 6.84706 0.0577268 -0.108123 -0.219301
642.67 4.21351 -6.24366 -6.28197 -4.12283 -5.99761 6.83749 0.0623082 -0.108581 -0.294742
642.686 4.13691 -6.05214 -6.32027 -4.0319 -5.93061 6.8315 0.062461 -0.106138 -0.332922
642.703 3.98369 -5.97553 -6.20536 -3.9996 -5.79541 6.84108 0.0632245 -0.108581 -0.408516
642.719 3.98369 -5.89892 -6.32027 -3.94696 -5.74158 6.82911 0.0642935 -0.109498 -0.482125
642.736 3.90708 -5.7457 -6.62671 -3.87398 -5.73799 6.83988 0.0621555 -0.107665 -0.525497
642.753 4.02199 -6.01384 -6.39688 -3.84646 -5.82054 6.87099 0.0638354 -0.110719 -0.619417
642.769 4.0603 -6.12875 -6.35858 -3.81057 -5.92702 6.89133 0.0668897 -0.11133 -0.704327
642.786 3.94538 -6.39688 -6.5501 -3.72443 -6.1328 6.86022 0.0690278 -0.113315 -0.740674
642.802 3.94538 -6.24366 -6.39688 -3.6 -6.14596 6.82911 0.0668897 -0.109956 -0.785878
642.818 3.44742 -6.32027 -6.5118 -3.49472 -6.10768 6.82672 0.0652099 -0.112857 -0.792139
642.835 3.44742 -6.28197 -6.39688 -3.30927 -6.05264 6.85783 0.0618501 -0.110719 -0.780227
642.851 3.33251 -6.32027 -6.35858 -3.14776 -6.13759 6.86501 0.0618501 -0.112399 -0.770453
642.868 3.21759 -6.5501 -6.58841 -3.01137 -6.22612 6.89491 0.0612392 -0.112246 -0.779464
642.884 3.14098 -6.74162 -6.28197 -2.98505 -6.36132 6.86142 0.0609338 -0.109498 -0.779464
642.9 3.10268 -6.89484 -6.39688 -2.96231 -6.50489 6.89013 0.0613919 -0.106749 -0.760985
642.917 3.10268 -6.89484 -6.24366 -2.88096 -6.53839 6.86859 0.0618501 -0.108429 -0.734413
642.933 2.87285 -6.89484 -6.24366 -2.78046 -6.64008 6.90329 0.0598648 -0.10965 -0.673021
642.95 2.91116 -7.12467 -6.43519 -2.85224 -6.6999 6.86142 0.0587958 -0.108123 -0.5988
642.966 3.02607 -7.16298 -6.12875 -2.9013 -6.81236 6.89013 0.0574213 -0.106291 -0.557567
642.983 2.87285 -7.31619 -6.39688 -2.76969 -6.92961 6.86142 0.0563523 -0.105374 -0.470213
643.0 2.87285 -7.31619 -6.35858 -2.75533 -7.06481 6.88056 0.0563523 -0.104458 -0.393397
643.016 2.79624 -7.31619 -6.24366 -2.69671 -7.03968 6.86501 0.0561996 -0.103236 -0.363465
643.033 2.91116 -7.20128 -6.35858 -2.70867 -6.98943 6.86501 0.0558941 -0.101098 -0.304974
643.049 3.02607 -7.27789 -6.01384 -2.76371 -6.97388 6.85184 0.0580322 -0.102167 -0.251524
643.066 2.87285 -7.23959 -6.47349 -2.72064 -7.00139 6.85783 0.056505 -0.0978911 -0.222355
643.083 3.10268 -7.23959 -6.32027 -2.67398 -6.95952 6.8662 0.062461 -0.103694 -0.169515
643.098 3.02607 -7.08637 -6.35858 -2.85105 -6.94277 6.86979 0.0580322 -0.0991129 -0.131794
643.114 3.10268 -7.04806 -6.35858 -2.84985 -6.86979 6.85424 0.0587958 -0.103236 -0.127824
643.13 2.87285 -7.04806 -6.43519 -2.77208 -6.81954 6.85543 0.0629191 -0.10736 -0.154091
643.146 3.06437 -6.93315 -6.47349 -2.74935 -6.78485 6.84347 0.0650571 -0.104305 -0.226326
643.163 3.02607 -6.81823 -6.24366 -2.83789 -6.65324 6.8315 0.0627664 -0.103236 -0.259465
643.179 3.17929 -6.74162 -6.12875 -2.82951 -6.50489 6.86261 0.0650571 -0.106443 -0.309709
643.196 2.91116 -6.74162 -6.28197 -2.77328 -6.47019 6.86859 0.0642935 -0.11133 -0.319482
643.212 2.79624 -6.77993 -6.39688 -2.54357 -6.47378 6.87338 0.065668 -0.113163 -0.317039
643.229 2.64302 -6.66501 -6.20536 -2.333 -6.48814 6.88295 0.062461 -0.116828 -0.306807
643.246 2.56641 -6.81823 -6.32027 -2.29472 -6.51087 6.89731 0.0583376 -0.111483 -0.295353
643.262 2.52811 -7.00976 -6.43519 -2.30429 -6.64367 6.90688 0.0594066 -0.111483 -0.281609
643.279 2.37489 -7.08637 -6.28197 -2.34018 -6.80638 6.87817 0.0552833 -0.109039 -0.219759
643.295 2.37489 -7.31619 -6.16705 -2.2684 -6.87817 6.85783 0.0514654 -0.106443 -0.14111
643.312 2.22167 -7.23959 -6.24366 -2.1009 -6.9344 6.89372 0.0511599 -0.105985 -0.108887
643.328 2.18337 -7.08637 -6.20536 -2.09133 -6.93081 6.89133 0.0517708 -0.103694 -0.0633773
643.344 2.41319 -7.20128 -6.58841 -2.24207 -6.93918 6.87338 0.0558941 -0.101404 -0.0277944
643.361 2.64302 -7.27789 -6.39688 -2.34855 -7.04806 6.86501 0.0548251 -0.104916 -0.0197004
643.378 2.68133 -7.16298 -6.20536 -2.3653 -7.07438 6.88295 0.0539089 -0.100487 -0.0233656
643.394 2.4515 -7.12467 -6.39688 -2.38445 -6.99063 6.87817 0.056505 -0.101098 -0.0534507
643.411 3.14098 -7.00976 -6.62671 -2.44905 -7.00379 7.05284 0.055436 -0.101251 -0.099571
643.427 2.79624 -6.58841 -6.58841 -2.59621 -6.80877 6.8674 0.0783434 -0.109803 -0.857502
643.444 2.52811 -6.85654 -6.58841 -2.5651 -6.19741 7.00139 0.0673479 -0.144011 -1.06718
643.461 2.4898 -6.81823 -6.24366 -2.28156 -6.76929 6.92961 0.0665843 -0.146149 -1.15774
643.477 2.29828 -6.62671 -6.12875 -2.16311 -6.21416 6.71426 0.0806342 -0.129198 -1.16767
643.494 1.80032 -6.5118 -6.32027 -2.23729 -5.97009 6.70947 0.0568105 -0.121409 -0.608116
643.51 1.6088 -6.12875 -6.43519 -1.62114 -5.79661 6.86501 0.0410807 -0.117286 -0.155312
643.526 1.6088 -6.43519 -6.47349 -1.36271 -6.19502 6.96311 0.0387899 -0.10232 0.156534
643.543 2.10676 -6.77993 -6.16705 -1.5003 -6.23808 6.92602 0.0314596 -0.106291 0.15684
643.559 1.99184 -7.58433 -6.24366 -1.73719 -7.08275 6.84586 0.0248928 -0.110261 0.129198
643.576 2.52811 -7.89076 -6.28197 -2.24088 -7.5996 6.91406 0.0303905 -0.102625 0.115148
643.592 2.56641 -7.85246 -6.5118 -2.44546 -7.78505 6.78963 0.0427606 -0.111025 0.0491747
643.609 2.64302 -7.66094 -6.32027 -2.18704 -7.70608 6.85065 0.0400117 -0.112246 -0.00901026
643.626 2.22167 -7.66094 -6.43519 -1.99561 -7.51346 6.88175 0.0491747 -0.116217 -0.140804
643.642 2.06845 -7.31619 -6.28197 -1.9669 -7.08754 6.88295 0.0540616 -0.109956 -0.223882
643.659 2.03015 -7.23959 -6.12875 -1.78265 -7.0002 6.85543 0.0534507 -0.108734 -0.237627
643.675 1.83862 -7.08637 -6.35858 -1.65942 -6.82911 6.88654 0.055436 -0.114385 -0.22037
643.692 1.91523 -7.12467 -6.35858 -1.52662 -6.79801 6.88415 0.0508545 -0.111483 -0.161726
643.709 1.76202 -7.23959 -6.43519 -1.46919 -6.85783 6.8662 0.0497855 -0.109192 -0.126755
643.725 1.6471 -7.23959 -6.24366 -1.47039 -7.05643 6.88415 0.0456622 -0.107054 -0.0485638
643.742 1.49388 -7.3545 -6.39688 -1.4656 -7.19163 6.90568 0.045204 -0.107207 0.0262672
643.758 1.68541 -7.58433 -6.35858 -1.51346 -7.27059 6.87577 0.0455095 -0.105832 0.0604756
643.775 1.6471 -7.46941 -6.35858 -1.5984 -7.31486 6.87099 0.0494801 -0.104458 0.11973
643.792 1.87693 -7.58433 -6.5118 -1.62473 -7.28853 6.88415 0.0493274 -0.0997237 0.164017
643.808 1.91523 -7.43111 -6.47349 -1.70847 -7.26221 6.86501 0.0471893 -0.0981966 0.183565
643.825 2.14506 -7.50772 -6.32027 -1.8999 -7.24307 6.89491 0.0542143 -0.099571 0.213803
643.841 2.29828 -7.46941 -6.35858 -2.08295 -7.10429 6.85304 0.0526871 -0.0991129 0.247095
643.857 2.14506 -7.3928 -6.39688 -2.05902 -7.0672 6.84227 0.0507018 -0.0977384 0.264657
643.874 2.25998 -7.12467 -6.35858 -2.0674 -6.95234 6.8662 0.0488692 -0.097433 0.296575
643.889 2.25998 -7.16298 -6.24366 -2.04945 -6.97747 6.83629 0.0513127 -0.100793 0.348193
643.905 2.22167 -7.12467 -6.39688 -2.10449 -6.92483 6.86501 0.0484111 -0.098502 0.372628
643.921 2.4898 -7.16298 -6.35858 -2.33061 -6.92243 6.87338 0.0496328 -0.10232 0.403934
643.938 2.68133 -7.12467 -6.20536 -2.4658 -6.89731 6.85424 0.0493274 -0.102167 0.386372
643.955 2.87285 -7.12467 -6.32027 -2.50289 -6.88175 6.81954 0.0485638 -0.101251 0.355218
643.971 2.83455 -6.93315 -6.35858 -2.60578 -6.73699 6.82792 0.0519235 -0.104763 0.273209
643.988 2.87285 -6.77993 -6.20536 -2.61057 -6.60419 6.8674 0.0510072 -0.10736 0.31765
644.004 2.83455 -6.77993 -6.58841 -2.59501 -6.52044 6.86261 0.0474948 -0.108581 0.2755
644.021 2.83455 -6.81823 -6.28197 -2.56989 -6.64128 6.83031 0.0569632 -0.109956 0.0684169
644.038 2.68133 -6.81823 -6.43519 -2.58185 -6.52522 6.81356 0.0586431 -0.115148 -0.0783434
644.054 2.4898 -6.89484 -6.24366 -2.43828 -6.58265 6.85902 0.0546724 -0.117439 -0.0386372
644.071 2.4515 -6.70332 -6.39688 -2.4 -6.58983 6.89013 0.0478002 -0.111941 0.110719
644.087 2.79624 -6.89484 -5.86062 -2.45145 -6.68076 6.87577 0.0511599 -0.114995 0.0276416
644.104 2.56641 -6.93315 -6.43519 -2.39402 -6.77886 6.81595 0.0479529 -0.117439 -0.0197004
644.121 2.29828 -7.08637 -6.35858 -2.22772 -6.8674 6.89252 0.0481056 -0.121409 -0.0216857
644.137 2.4515 -7.16298 -6.01384 -2.25165 -6.84826 6.87338 0.0494801 -0.118202 -0.00442877
644.153 2.41319 -6.97145 -6.58841 -2.32582 -6.85304 6.84227 0.0494801 -0.118966 0.000152716
644.17 2.4515 -7.04806 -6.35858 -2.11047 -6.89013 6.87936 0.0465785 -0.116981 -0.010232
644.186 2.37489 -7.16298 -6.47349 -2.15474 -6.85783 6.89133 0.0499382 -0.114995 -0.022602
644.202 2.4898 -7.08637 -6.24366 -2.27916 -6.88534 6.84826 0.0496328 -0.112552 -0.0354302
644.218 2.4515 -7.12467 -6.35858 -2.20977 -6.91884 6.84108 0.0507018 -0.114537 -0.0213803
644.235 2.52811 -7.08637 -6.47349 -2.20618 -6.90449 6.85543 0.0491747 -0.111483 -0.00549779
644.252 2.56641 -7.04806 -6.24366 -2.29352 -6.83749 6.85902 0.0502437 -0.112399 0.0189368
644.268 2.41319 -7.00976 -6.32027 -2.28514 -6.7992 6.88534 0.0487165 -0.10965 0.0210748
644.285 2.56641 -7.00976 -6.32027 -2.30189 -6.74536 6.86381 0.0503964 -0.11133 0.0175624
644.301 2.41319 -6.81823 -6.20536 -2.30429 -6.5348 6.74895 0.0442877 -0.110414 0.17486
644.318 2.64302 -7.12467 -6.32027 -2.49332 -7.01934 6.90808 0.0415388 -0.10232 0.300087
644.335 2.94946 -7.20128 -6.24366 -2.65005 -6.92722 6.85543 0.0458149 -0.0917825 0.180969
644.351 2.79624 -7.23959 -6.28197 -2.61894 -6.8315 6.78963 0.0481056 -0.10736 0.110261
644.368 2.71963 -7.12467 -6.70332 -2.43589 -6.87099 6.86381 0.0435241 -0.112705 0.0303905
644.384 2.64302 -6.97145 -6.24366 -2.50768 -6.82194 6.83031 0.0468839 -0.108581 -0.0503964
644.401 2.91116 -6.89484 -6.35858 -2.64287 -6.71306 6.80877 0.0555887 -0.110261 -0.105069
644.418 2.83455 -6.89484 -6.28197 -2.57827 -6.66879 6.85663 0.0519235 -0.111788 -0.145691
644.433 2.71963 -6.97145 -6.47349 -2.56032 -6.70708 6.9009 0.0513127 -0.107512 -0.124464
644.449 2.75794 -7.04806 -6.32027 -2.48375 -6.7669 6.83749 0.0542143 -0.115912 -0.0277944
644.465 2.52811 -7.27789 -6.39688 -2.53041 -7.03609 6.91286 0.0464257 -0.115301 0.087201
644.482 2.56641 -7.16298 -6.35858 -2.35573 -6.9679 6.71904 0.0438296 -0.113468 0.140652
644.499 2.71963 -7.3545 -6.39688 -2.42393 -7.12343 6.91286 0.0453567 -0.112246 0.182649
644.515 2.75794 -7.31619 -6.28197 -2.61655 -7.06241 6.79202 0.0476475 -0.109956 0.19792
644.532 2.71963 -7.04806 -6.24366 -2.53878 -6.98225 6.8339 0.0488692 -0.109956 0.194102
644.548 2.87285 -6.81823 -6.32027 -2.60578 -6.77647 6.79561 0.0557414 -0.113315 0.184329
644.565 2.87285 -6.89484 -6.35858 -2.64646 -6.75374 6.85424 0.0517708 -0.11469 0.138514
644.582 2.94946 -6.58841 -6.24366 -2.60339 -6.61137 6.78724 0.0516181 -0.109345 0.0815505
644.598 2.98777 -6.70332 -6.32027 -2.71825 -6.45942 6.86261 0.0546724 -0.109192 -0.0335976
644.615 2.91116 -6.81823 -6.32027 -2.8008 -6.45344 6.81595 0.0563523 -0.109192 -0.0519235
644.631 2.33659 -6.97145 -6.28197 -2.65364 -6.51446 6.87577 0.0525344 -0.110261 0.00106901
644.648 2.4898 -7.08637 -6.35858 -2.18704 -6.86979 6.8315 0.0293215 -0.107818 0.646753
644.665 3.14098 -7.23959 -6.43519 -2.65364 -6.96909 6.932 0.0536034 -0.0792598 0.600633
644.681 3.33251 -7.27789 -6.32027 -3.03769 -6.8985 6.84945 0.0557414 -0.0836885 0.494037
644.698 2.98777 -7.27789 -6.16705 -2.84626 -7.04447 6.74417 0.0392481 -0.101098 0.468228
644.713 3.14098 -7.43111 -6.32027 -2.79601 -7.20957 6.88295 0.0523817 -0.104763 0.34575
644.73 3.14098 -7.04806 -6.28197 -2.96471 -6.92483 6.79801 0.0630718 -0.105832 0.194561
644.747 3.14098 -7.08637 -5.93723 -2.94915 -6.86261 6.78604 0.0587958 -0.110567 0.0853684
644.763 3.2942 -6.66501 -6.5118 -3.01376 -6.59462 6.87936 0.071013 -0.109192 -0.0583376
644.78 3.2942 -6.62671 -6.05214 -3.06401 -6.43071 6.79083 0.0749837 -0.104305 -0.144317
644.796 3.40912 -6.62671 -6.47349 -3.12024 -6.38405 6.79202 0.0740674 -0.102625 -0.315206
644.813 3.33251 -6.5118 -6.35858 -3.01376 -6.3015 6.83629 0.0766636 -0.110567 -0.430965
644.83 3.2942 -6.39688 -6.5501 -2.98983 -6.22373 6.81236 0.0755945 -0.107665 -0.448375
644.846 3.10268 -6.5501 -6.39688 -2.98983 -6.26082 6.84586 0.0717766 -0.111025 -0.45036
644.863 2.91116 -6.62671 -6.35858 -2.70987 -6.38524 6.84467 0.0697913 -0.111636 -0.443183
644.887 2.60472 -6.77993 -6.35858 -2.50289 -6.52642 6.82433 0.0671951 -0.112246 -0.408211
644.904 2.52811 -7.04806 -6.43519 -2.44666 -6.75733 6.85304 0.0639881 -0.112857 -0.322537
644.92 2.56641 -7.08637 -6.5118 -2.43111 -6.86979 6.86979 0.0592539 -0.106291 -0.218232
644.936 2.56641 -7.31619 -6.24366 -2.36411 -6.94756 6.87577 0.0592539 -0.106138 -0.168751
644.953 2.64302 -7.27789 -6.5118 -2.467 -6.97747 6.85184 0.0612392 -0.104763 -0.06353
644.969 2.60472 -7.20128 -6.28197 -2.48734 -6.96311 6.84706 0.0589485 -0.102625 -0.0152716
644.986 2.60472 -7.04806 -6.24366 -2.49332 -6.94397 6.85184 0.0584903 -0.100335 -0.0216857
645.003 2.75794 -7.16298 -6.24366 -2.57587 -6.91286 6.83988 0.0644463 -0.102167 -0.0641408
645.019 2.79624 -7.08637 -6.32027 -2.53759 -6.88534 6.84706 0.0647517 -0.0978911 -0.126296
645.036 2.79624 -7.00976 -6.20536 -2.57827 -6.75254 6.8339 0.0659734 -0.0972803 -0.150884
645.052 2.79624 -6.85654 -6.24366 -2.61894 -6.6341 6.87338 0.0691805 -0.101098 -0.186008
645.069 2.87285 -6.74162 -6.35858 -2.66321 -6.61495 6.83749 0.0687223 -0.101556 -0.208305
645.086 2.79624 -6.74162 -6.28197 -2.72303 -6.54198 6.85184 0.0699441 -0.101862 -0.214719
645.102 2.87285 -6.66501 -6.39688 -2.69791 -6.47139 6.83869 0.0650571 -0.0980438 -0.202044
645.119 2.71963 -6.70332 -6.28197 -2.65723 -6.46301 6.84467 0.0601702 -0.101556 -0.171959
645.135 2.64302 -6.77993 -6.28197 -2.53041 -6.45703 6.85783 0.0601702 -0.105069 -0.160352
645.152 2.75794 -6.74162 -6.24366 -2.51844 -6.51087 6.85783 0.0601702 -0.104305 -0.159283
645.169 2.64302 -6.81823 -6.24366 -2.54955 -6.52881 6.82553 0.0549779 -0.10232 -0.184481
645.185 2.71963 -6.77993 -6.35858 -2.53759 -6.60897 6.84945 0.0568105 -0.105832 -0.198837
645.202 2.79624 -6.97145 -6.39688 -2.49452 -6.77886 6.86979 0.0545197 -0.104458 -0.186619
645.218 2.83455 -7.16298 -6.20536 -2.46939 -6.81954 6.84227 0.0540616 -0.10232 -0.134848
645.235 2.56641 -7.20128 -6.20536 -2.37129 -6.87577 6.86142 0.0529926 -0.103847 -0.104611
645.252 2.41319 -6.97145 -6.5501 -2.34975 -6.81117 6.85543 0.0493274 -0.10064 -0.0433714
645.268 2.4515 -7.00976 -6.35858 -2.32343 -6.8315 6.86022 0.0508545 -0.102014 0.00397062
645.285 2.4515 -7.16298 -6.32027 -2.40479 -6.92842 6.85663 0.0510072 -0.102473 0.0232129
645.301 2.52811 -7.04806 -6.24366 -2.46939 -6.85304 6.83629 0.0496328 -0.100182 0.0465785
645.318 2.71963 -7.04806 -6.35858 -2.58185 -6.82313 6.84826 0.0470366 -0.099571 0.0439823
645.335 2.91116 -7.08637 -6.35858 -2.58903 -6.81835 6.85783 0.0529926 -0.104458 0.0238237
645.351 2.79624 -7.12467 -6.47349 -2.60578 -6.89133 6.85304 0.053298 -0.102778 -0.0146608
645.368 2.83455 -7.08637 -6.43519 -2.5998 -6.92842 6.8339 0.0546724 -0.101404 -0.0444404
645.384 2.68133 -7.16298 -6.24366 -2.57109 -6.89133 6.83629 0.053298 -0.100793 -0.0487165
645.401 2.71963 -7.04806 -6.35858 -2.54836 -6.80519 6.8327 0.0549779 -0.104611 -0.0395535
645.418 2.75794 -7.04806 -6.20536 -2.57228 -6.72622 6.84227 0.0552833 -0.105222 -0.0200058
645.433 2.79624 -7.08637 -6.35858 -2.57827 -6.7669 6.85783 0.0566577 -0.110414 -0.0151189
645.45 2.75794 -7.00976 -6.35858 -2.60459 -6.81595 6.8315 0.053298 -0.108581 -0.00106901
645.466 2.79624 -7.04806 -6.47349 -2.66201 -6.81715 6.83988 0.0569632 -0.111025 0.00259618
645.483 2.79624 -7.00976 -6.16705 -2.668 -6.83988 6.85424 0.0528398 -0.108581 0.00397062
645.5 2.75794 -6.97145 -6.32027 -2.66201 -6.7992 6.84945 0.0587958 -0.114232 0.000152716
645.516 2.83455 -6.93315 -6.43519 -2.65364 -6.7334 6.84945 0.0560469 -0.113163 0.00473421
645.533 2.87285 -6.93315 -6.47349 -2.66201 -6.7322 6.85184 0.0566577 -0.115148 0.00626137
645.549 2.87285 -6.97145 -6.20536 -2.60937 -6.68554 6.84227 0.0551306 -0.114537 0.000305433
645.566 2.91116 -6.97145 -6.35858 -2.54596 -6.68794 6.86142 0.0563523 -0.119424 -0.0129809
645.583 2.64302 -6.89484 -6.28197 -2.52084 -6.70229 6.84945 0.053298 -0.114843 -0.0186314
645.599 2.64302 -6.93315 -6.28197 -2.44905 -6.72383 6.85304 0.0508545 -0.113621 -0.0255036
645.616 2.68133 -6.85654 -6.39688 -2.43709 -6.68315 6.85424 0.0539089 -0.116064 -0.0227547
645.632 2.71963 -6.89484 -6.47349 -2.45982 -6.70229 6.84108 0.056505 -0.118813 -0.022602
645.649 2.75794 -7.00976 -6.32027 -2.50528 -6.74895 6.84826 0.0531453 -0.116217 -0.0251982
645.666 2.60472 -6.97145 -6.28197 -2.50409 -6.77767 6.83988 0.0540616 -0.116981 -0.0364992
645.682 2.64302 -6.97145 -6.28197 -2.49571 -6.77288 6.84945 0.0539089 -0.116981 -0.0397062
645.699 2.68133 -7.08637 -6.28197 -2.48614 -6.80877 6.86859 0.0537561 -0.115301 -0.0395535
645.715 2.68133 -7.04806 -6.35858 -2.45743 -6.86979 6.85304 0.0551306 -0.117897 -0.0493274
645.732 2.64302 -7.08637 -6.32027 -2.46819 -6.84227 6.84347 0.0534507 -0.112552 -0.0539089
645.749 2.68133 -6.93315 -6.32027 -2.43828 -6.73579 6.85783 0.0561996 -0.116064 -0.0572686
645.765 2.56641 -6.74162 -6.5501 -2.37488 -6.66281 6.85543 0.0520762 -0.113774 -0.0354302
645.782 2.41319 -6.85654 -6.24366 -2.37966 -6.6652 6.84826 0.0519235 -0.114995 -0.0239765
645.798 2.4898 -6.81823 -6.47349 -2.33779 -6.73699 6.84227 0.0523817 -0.114537 -0.0111483
645.815 2.56641 -6.97145 -6.28197 -2.29472 -6.75972 6.86261 0.0496328 -0.108734 -0.00946841
645.832 2.68133 -7.08637 -6.28197 -2.30309 -6.79561 6.82911 0.0507018 -0.108123 -0.0119119
645.848 2.29828 -7.00976 -6.20536 -2.29232 -6.86979 6.89491 0.0508545 -0.108123 -0.00610865
645.865 2.64302 -6.89484 -6.32027 -2.43828 -6.7669 6.82074 0.055436 -0.108734 -0.0157298
645.881 2.71963 -7.08637 -6.20536 -2.37129 -6.78126 6.79681 0.0551306 -0.109345 -0.0329867
645.898 2.79624 -7.08637 -6.28197 -2.74816 -6.91286 6.86261 0.0510072 -0.106596 -0.0378736
645.915 2.98777 -7.12467 -6.35858 -2.78046 -6.86381 6.83749 0.0536034 -0.108123 -0.0558941
645.931 3.17929 -7.08637 -6.24366 -2.97787 -6.92124 6.80758 0.0555887 -0.110567 -0.0804815
645.948 2.87285 -7.12467 -6.47349 -2.64287 -6.90688 6.84227 0.0581849 -0.112552 -0.0826195
645.964 2.79624 -7.08637 -6.24366 -2.49811 -6.80758 6.85065 0.0572686 -0.114232 -0.071624
645.981 2.4515 -6.97145 -6.20536 -2.45743 -6.75374 6.82313 0.0558941 -0.112857 -0.0546724
645.998 2.4515 -6.85654 -6.5118 -2.28395 -6.6664 6.86261 0.0536034 -0.112246 -0.0476475
646.014 2.4898 -6.93315 -6.32027 -2.21216 -6.64008 6.8662 0.0566577 -0.112094 -0.044135
646.031 2.41319 -6.89484 -6.39688 -2.23609 -6.6317 6.8662 0.054367 -0.109039 -0.045204
646.047 2.52811 -7.00976 -6.35858 -2.27797 -6.68674 6.85902 0.0505491 -0.107054 -0.0450513
646.064 2.4898 -7.04806 -6.5501 -2.29591 -6.7669 6.8662 0.053298 -0.107818 -0.0569632
646.081 2.56641 -7.00976 -6.35858 -2.3342 -6.78006 6.84467 0.0529926 -0.104611 -0.0620028
646.097 2.68133 -6.85654 -6.43519 -2.40598 -6.7322 6.85065 0.0546724 -0.106749 -0.0610865
646.114 2.71963 -6.93315 -6.43519 -2.49332 -6.64606 6.84706 0.0513127 -0.103542 -0.0458149
646.13 2.60472 -7.08637 -6.28197 -2.51964 -6.77169 6.86859 0.0510072 -0.105527 -0.0299324
646.147 2.64302 -7.00976 -6.28197 -2.50409 -6.7657 6.8315 0.0519235 -0.107207 -0.0343612
646.164 2.68133 -6.97145 -6.20536 -2.5316 -6.78724 6.84467 0.0499382 -0.103694 -0.0523817
646.18 2.68133 -7.12467 -6.24366 -2.51964 -6.77647 6.8339 0.0503964 -0.105527 -0.06353
646.197 2.75794 -7.00976 -6.28197 -2.52921 -6.8315 6.83031 0.0539089 -0.109803 -0.0661261
646.213 2.56641 -7.12467 -6.24366 -2.43111 -6.83629 6.84586 0.0479529 -0.10232 -0.0664316
646.23 2.60472 -7.12467 -6.24366 -2.36411 -6.82194 6.85065 0.0514654 -0.107665 -0.0687223
646.247 2.4898 -7.08637 -6.12875 -2.34377 -6.81236 6.86022 0.0529926 -0.107054 -0.0685696
646.263 2.68133 -7.00976 -6.35858 -2.40837 -6.80638 6.82792 0.0517708 -0.106749 -0.0600175
646.28 2.56641 -7.00976 -6.28197 -2.42034 -6.81236 6.84586 0.0514654 -0.106291 -0.034972
646.296 2.56641 -6.89484 -6.32027 -2.42273 -6.78843 6.84706 0.0494801 -0.105222 -0.0239765
646.313 2.56641 -7.04806 -6.35858 -2.45982 -6.81356 6.83749 0.0513127 -0.107512 -0.00580322
646.33 2.79624 -7.16298 -6.39688 -2.45025 -6.83509 6.84227 0.0493274 -0.102167 0.00167988
646.346 2.71963 -7.16298 -6.39688 -2.45743 -6.86979 6.84706 0.0500909 -0.103389 -0.00366519
646.363 2.71963 -7.12467 -6.20536 -2.5328 -6.84706 6.83031 0.0491747 -0.103083 -0.00824668
646.379 2.83455 -7.04806 -6.24366 -2.53041 -6.8315 6.84467 0.0529926 -0.108429 -0.00519235
646.396 2.68133 -6.97145 -6.39688 -2.55912 -6.85184 6.8315 0.0505491 -0.10568 -0.000458149
646.412 2.71963 -7.04806 -6.32027 -2.51964 -6.84467 6.85424 0.0499382 -0.10568 0.010232
646.428 2.79624 -7.12467 -6.32027 -2.54118 -6.89133 6.8339 0.0508545 -0.106749 0.0183259
646.445 2.71963 -7.27789 -6.16705 -2.54596 -6.92363 6.82911 0.0525344 -0.111941 0.0190895
646.462 2.79624 -7.12467 -6.32027 -2.57348 -6.90209 6.8315 0.0566577 -0.112552 0.0175624
646.478 2.60472 -7.00976 -6.43519 -2.52323 -6.78724 6.83509 0.054367 -0.110414 0.0216857
646.495 2.68133 -7.08637 -6.09044 -2.48495 -6.75374 6.84826 0.0505491 -0.10568 0.0313068
646.511 2.64302 -6.77993 -6.43519 -2.4658 -6.62692 6.8327 0.0497855 -0.106596 0.0700968
646.528 2.64302 -6.70332 -6.35858 -2.42273 -6.53719 6.82792 0.0502437 -0.110872 0.122631
646.544 2.60472 -6.70332 -6.24366 -2.40837 -6.58026 6.85424 0.0484111 -0.110719 0.137903
646.56 2.60472 -6.35858 -6.01384 -2.40598 -6.31705 6.78365 0.0456622 -0.107054 0.125991
646.577 2.94946 -6.89484 -6.39688 -2.70867 -6.65205 6.92602 0.0436769 -0.107207 0.0181732
646.593 2.79624 -6.66501 -6.12875 -2.78524 -6.50967 6.9009 0.0478002 -0.107207 -0.0212276
646.61 3.14098 -7.04806 -6.24366 -2.90249 -6.69153 6.82074 0.0453567 -0.106138 -0.044135
646.627 3.02607 -7.08637 -6.28197 -2.81396 -6.85184 6.83509 0.0412334 -0.11301 -0.0335976
646.643 3.2559 -6.58841 -6.20536 -2.73739 -6.36491 6.77767 0.0413861 -0.110719 -0.0354302
646.66 2.75794 -6.89484 -6.39688 -2.80319 -6.68794 6.94517 0.0410807 -0.116064 -0.131489
646.676 2.75794 -7.3928 -6.20536 -2.77089 -7.15813 6.77886 0.0502437 -0.116675 -0.116981
646.694 2.71963 -7.50772 -6.47349 -2.29472 -6.99541 6.77647 0.0497855 -0.115454 -0.0726929
646.71 2.56641 -7.23959 -6.24366 -2.33898 -7.22513 6.84347 0.0398589 -0.115912 -0.0213803
646.726 2.60472 -7.00976 -6.16705 -2.18465 -6.85424 6.86022 0.0514654 -0.117439 -0.105832
646.743 2.83455 -6.81823 -6.28197 -2.42632 -6.61855 6.94158 0.0528398 -0.110872 -0.16249
646.759 2.71963 -7.08637 -6.32027 -2.51246 -6.68195 6.78843 0.0549779 -0.114079 -0.256105
646.776 2.68133 -6.93315 -6.09044 -2.46461 -6.67358 6.82911 0.0502437 -0.111025 -0.265726
646.793 2.71963 -6.81823 -6.24366 -2.50528 -6.64965 6.82553 0.0529926 -0.113621 -0.2474
646.809 2.68133 -7.00976 -6.5118 -2.45384 -6.75135 6.83988 0.0516181 -0.115148 -0.203876
646.826 2.52811 -6.97145 -6.28197 -2.35693 -6.84227 6.82074 0.0508545 -0.115912 -0.185092
646.842 2.4515 -7.04806 -6.35858 -2.33181 -6.92961 6.85424 0.0461203 -0.108734 -0.183107
646.859 2.37489 -7.23959 -6.32027 -2.2002 -7.01456 6.81954 0.052229 -0.115301 -0.214719
646.876 2.41319 -7.23959 -6.28197 -2.11047 -7.02772 6.81595 0.0551306 -0.114537 -0.26145
646.891 2.29828 -7.23959 -6.58841 -2.20857 -6.97627 6.7992 0.0555887 -0.110108 -0.289855
646.908 2.4515 -7.16298 -6.35858 -2.09133 -6.84467 6.83031 0.057574 -0.113468 -0.388663
646.924 2.4898 -7.04806 -6.5501 -2.21815 -6.80877 6.83509 0.0610865 -0.110261 -0.466548
646.941 2.52811 -7.20128 -6.28197 -2.21815 -6.79561 6.83988 0.0601702 -0.109039 -0.487776
646.958 2.52811 -7.31619 -6.32027 -2.17508 -7.03968 6.86261 0.0636827 -0.11469 -0.490219
646.972 2.14506 -7.50772 -6.43519 -2.04826 -7.15454 6.9009 0.0603229 -0.111483 -0.428827
646.988 2.03015 -7.50772 -6.28197 -1.91665 -7.26102 6.8004 0.0572686 -0.10736 -0.377209
647.003 1.99184 -7.43111 -6.5501 -1.86042 -7.18205 6.82194 0.0548251 -0.102931 -0.243888
647.019 2.14506 -7.46941 -6.5118 -1.7324 -7.16052 6.85543 0.0482583 -0.095295 -0.16921
647.035 1.91523 -7.66094 -6.12875 -1.71446 -7.53739 6.86501 0.0613919 -0.0859793 -0.165239
647.05 2.18337 -7.69924 -6.28197 -1.91306 -7.42493 6.89491 0.065668 -0.0954477 -0.17318
647.066 2.18337 -8.04398 -6.24366 -1.81137 -7.75872 6.78724 0.0652099 -0.117439 -0.212734
647.082 2.22167 -7.96737 -6.24366 -1.85803 -7.83529 6.8662 0.0783434 -0.104458 -0.307112
647.097 2.18337 -7.3545 -6.24366 -2.13559 -7.24188 6.8016 0.0797179 -0.101709 -0.283289
647.113 2.25998 -7.16298 -6.28197 -2.14277 -6.93559 6.84706 0.0707076 -0.106443 -0.0951423
647.128 2.22167 -7.12467 -6.43519 -2.02433 -6.93918 6.90449 0.0720821 -0.108123 -0.0270308
647.721 1.80032 -7.54602 -6.62671 -1.44287 -7.32921 6.84586 0.0484111 -0.113315 -0.0639881
647.738 2.03015 -7.66094 -6.32027 -1.72403 -7.40459 6.83031 0.0519235 -0.110719 -0.142637
647.754 1.91523 -7.50772 -6.35858 -1.78624 -7.28255 6.81595 0.0552833 -0.111788 -0.219911
647.771 1.76202 -7.43111 -6.28197 -1.62473 -7.11386 6.86979 0.0589485 -0.118355 -0.226173
647.788 1.87693 -7.31619 -6.20536 -1.41535 -7.13181 6.87099 0.0584903 -0.115454 -0.224646
647.804 1.57049 -7.46941 -6.35858 -1.35194 -7.16172 6.87817 0.0615447 -0.117744 -0.261298
647.821 1.45558 -7.46941 -6.09044 -1.28614 -7.1653 6.80758 0.0572686 -0.114232 -0.286038
647.837 1.53219 -7.3928 -6.39688 -1.33878 -7.06959 6.88654 0.0620028 -0.113774 -0.278249
647.854 1.49388 -7.3545 -6.5118 -1.37228 -7.06122 6.87099 0.0571159 -0.116064 -0.129351
647.871 1.22575 -7.31619 -6.47349 -1.16052 -7.1665 6.88175 0.0566577 -0.114232 -0.0503964
647.887 1.30236 -7.58433 -6.24366 -1.04925 -7.3005 6.88295 0.0548251 -0.111636 -0.00534507
647.904 1.45558 -7.43111 -5.93723 -1.12702 -7.3328 6.86979 0.0578795 -0.107054 -0.0697913
647.92 1.45558 -7.46941 -6.39688 -1.37348 -7.26341 6.86859 0.0589485 -0.104611 -0.0817032
647.937 1.53219 -7.3928 -6.47349 -1.40219 -7.07557 6.86142 0.0563523 -0.103083 -0.0152716
647.954 1.37897 -7.3545 -6.35858 -1.3005 -7.0995 6.88175 0.0566577 -0.108734 0.0482583
647.97 1.57049 -7.27789 -6.20536 -1.23709 -7.0995 6.85902 0.0571159 -0.105374 0.0305433
647.987 1.80032 -7.23959 -6.39688 -1.4991 -7.05882 6.84227 0.0583376 -0.104611 -0.0536034
648.003 1.87693 -7.31619 -6.35858 -1.5338 -7.0337 6.8339 0.0583376 -0.106138 -0.108123
648.02 1.6088 -7.20128 -6.47349 -1.48116 -6.99063 6.86261 0.0581849 -0.104763 -0.116217
648.037 1.6088 -7.43111 -6.39688 -1.37587 -7.15813 6.86022 0.0638354 -0.10736 -0.144928
648.053 1.72371 -7.31619 -6.32027 -1.31007 -7.17009 6.86142 0.0652099 -0.11133 -0.260076
648.07 1.72371 -7.12467 -6.43519 -1.40578 -7.08275 6.84826 0.0636827 -0.107207 -0.315665
648.087 1.68541 -7.08637 -6.32027 -1.51705 -6.77886 6.86501 0.0652099 -0.108887 -0.365297
648.102 1.53219 -7.08637 -6.28197 -1.43091 -6.70469 6.90927 0.0598648 -0.11133 -0.299018
648.118 1.37897 -7.12467 -6.5118 -1.28136 -6.77767 6.8662 0.0597121 -0.113163 -0.244652
648.134 1.30236 -7.3545 -6.12875 -1.08395 -6.92961 6.8662 0.0545197 -0.10965 -0.156687
648.151 1.30236 -7.27789 -6.35858 -1.09113 -6.99781 6.86022 0.0500909 -0.108276 -0.0998765
648.168 1.37897 -7.50772 -6.5118 -1.10189 -7.20359 6.87577 0.0485638 -0.108581 -0.066737
648.184 1.26405 -7.69924 -6.43519 -0.971486 -7.45364 6.88175 0.0526871 -0.107818 -0.0348193
648.201 1.37897 -7.73755 -6.09044 -0.99661 -7.4991 6.85424 0.0536034 -0.108123 -0.0700968
648.216 1.57049 -7.62263 -6.58841 -1.29093 -7.44168 6.8016 0.057574 -0.105527 -0.19792
648.233 1.37897 -7.46941 -6.5118 -1.24666 -7.08634 6.88415 0.0623082 -0.108581 -0.29459
648.25 1.49388 -7.16298 -6.32027 -1.30528 -6.98824 6.86142 0.0606284 -0.103847 -0.282983
648.265 1.14914 -7.12467 -6.24366 -1.03011 -6.8997 6.88295 0.0600175 -0.11133 -0.204182
648.282 1.18745 -7.3928 -6.28197 -0.868594 -7.03011 6.85424 0.0577268 -0.109498 -0.193339
648.298 1.14914 -7.3545 -6.47349 -0.83988 -7.066 6.85065 0.057574 -0.107207 -0.216246
648.314 1.22575 -7.27789 -6.32027 -1.0672 -7.02054 6.86859 0.0552833 -0.105832 -0.231518
648.33 1.26405 -7.3545 -6.39688 -1.09232 -7.02293 6.89013 0.0520762 -0.103694 -0.191812
648.345 1.22575 -7.27789 -6.35858 -0.981057 -7.10548 6.86501 0.0516181 -0.106901 -0.0613919
648.362 1.07253 -7.46941 -6.32027 -0.89013 -7.26221 6.87936 0.0507018 -0.106443 -0.0342084
648.378 1.22575 -7.54602 -6.12875 -0.963111 -7.30648 6.89372 0.0510072 -0.10232 -0.0685696
648.395 1.41727 -7.43111 -6.28197 -1.19163 -7.22273 6.8327 0.0517708 -0.10064 -0.133932
648.412 1.41727 -7.43111 -6.39688 -1.0325 -7.1007 6.87817 0.0549779 -0.106749 -0.117897
648.428 1.37897 -7.16298 -6.43519 -0.910469 -7.05882 6.86142 0.0517708 -0.104916 -0.053298
648.445 1.34066 -7.3545 -6.20536 -0.976271 -7.12582 6.85424 0.0534507 -0.107818 -0.0438296
648.462 1.34066 -7.54602 -6.12875 -1.11625 -7.31605 6.84945 0.0520762 -0.109345 -0.0740674
648.478 1.34066 -7.66094 -5.93723 -1.12104 -7.38784 6.84108 0.052229 -0.106443 -0.109039
648.495 1.11084 -7.58433 -6.35858 -1.07438 -7.23589 6.88295 0.0529926 -0.107512 -0.11301
648.511 1.14914 -7.50772 -6.39688 -0.915254 -7.1665 6.84108 0.0528398 -0.106901 -0.0569632
648.528 1.11084 -7.3928 -6.32027 -0.905683 -7.21077 6.85304 0.0513127 -0.108276 0.0212276
648.545 1.18745 -7.23959 -6.28197 -0.821934 -7.18205 6.88415 0.0485638 -0.105222 0.0526871
648.561 1.03423 -7.46941 -6.39688 -0.90329 -7.18445 6.86022 0.0513127 -0.107054 0.103236
648.578 1.07253 -7.43111 -6.20536 -0.909272 -7.18923 6.89491 0.0485638 -0.107665 0.19395
648.594 1.18745 -7.46941 -6.47349 -1.04327 -7.2323 6.86501 0.0453567 -0.10736 0.264199
648.611 1.11084 -7.54602 -6.43519 -0.981057 -7.2658 6.90209 0.044135 -0.107512 0.431271
648.628 1.03423 -7.62263 -6.32027 -0.866202 -7.34955 6.89372 0.041997 -0.104153 0.501215
648.644 1.6088 -7.54602 -6.24366 -0.97986 -7.40219 6.86142 0.0465785 -0.105527 0.465174
648.661 1.68541 -7.3928 -6.32027 -1.33519 -7.31486 6.82433 0.0502437 -0.105374 0.320093
648.677 1.87693 -7.3545 -6.5501 -1.42851 -7.22034 6.84586 0.055436 -0.103236 0.184939
648.694 1.80032 -7.16298 -6.35858 -1.55892 -7.01575 6.87817 0.0563523 -0.103694 0.133627
648.711 1.87693 -7.23959 -6.16705 -1.57567 -6.95115 6.83749 0.0560469 -0.105832 0.0389426
648.727 1.91523 -7.04806 -6.5118 -1.5661 -6.90568 6.82553 0.0560469 -0.106443 -0.0244346
648.743 1.76202 -7.00976 -6.12875 -1.56012 -6.81595 6.83869 0.0566577 -0.109345 -0.0380264
648.758 1.6088 -7.12467 -6.32027 -1.4656 -6.82194 6.8315 0.0548251 -0.110872 -0.0516181
648.776 1.72371 -7.04806 -6.24366 -1.46082 -6.80519 6.83749 0.0519235 -0.110719 -0.0479529
648.793 1.53219 -7.27789 -6.47349 -1.46321 -6.92243 6.84467 0.0505491 -0.111941 -0.0467312
648.808 1.57049 -7.16298 -6.24366 -1.41296 -7.04686 6.85424 0.0519235 -0.115912 -0.0384845
648.825 1.57049 -7.50772 -6.35858 -1.3998 -7.10189 6.8339 0.0490219 -0.115606 -0.0203113
648.841 1.41727 -7.3545 -6.24366 -1.32562 -7.19402 6.85304 0.0491747 -0.115454 -0.0128282
648.857 1.45558 -7.54602 -6.01384 -1.29212 -7.20957 6.83869 0.0459676 -0.111025 0.00488692
648.874 1.49388 -7.43111 -6.20536 -1.30289 -7.20239 6.84347 0.0500909 -0.115301 0.0149662
648.89 1.45558 -7.50772 -6.28197 -1.31007 -7.21316 6.8327 0.0490219 -0.115301 0.0514654
648.907 1.41727 -7.46941 -6.28197 -1.33041 -7.22273 6.85543 0.0448986 -0.113315 0.104153
648.923 1.45558 -7.50772 -6.24366 -1.33759 -7.2323 6.87577 0.0444404 -0.110719 0.139583
648.94 1.6088 -7.62263 -6.16705 -1.37468 -7.3005 6.85543 0.0448986 -0.112552 0.225257
648.957 1.57049 -7.43111 -6.28197 -1.3328 -7.13898 6.87218 0.0444404 -0.115912 0.316275
648.973 1.53219 -7.31619 -6.5501 -1.30887 -7.09472 6.86979 0.0432187 -0.114995 0.359036
648.99 1.49388 -7.3545 -6.47349 -1.28614 -7.14497 6.86381 0.0447459 -0.113163 0.409585
649.006 1.57049 -7.43111 -6.16705 -1.51466 -7.24905 6.8339 0.0442877 -0.109192 0.418443
649.023 1.87693 -7.3928 -6.5118 -1.6343 -7.28853 6.81236 0.0433714 -0.109192 0.401797
649.04 1.99184 -7.46941 -6.32027 -1.63908 -7.27178 6.84826 0.0503964 -0.114232 0.338419
649.056 1.76202 -7.31619 -6.5118 -1.67498 -7.10907 6.83988 0.0523817 -0.10965 0.250607
649.073 2.06845 -7.08637 -6.35858 -1.66899 -7.02413 6.85065 0.053298 -0.107665 0.207083
649.088 2.10676 -6.97145 -6.62671 -1.81735 -6.87697 6.84227 0.0557414 -0.10797 0.11469
649.105 2.18337 -6.97145 -6.32027 -1.87837 -6.77767 6.8339 0.0558941 -0.108429 0.0186314
649.122 2.18337 -6.97145 -6.12875 -1.9334 -6.77647 6.82313 0.054367 -0.108123 -0.0233656
649.138 2.06845 -7.08637 -6.58841 -1.94536 -6.8339 6.81356 0.0589485 -0.113163 -0.091477
649.154 2.03015 -7.04806 -6.28197 -1.8652 -6.8327 6.86261 0.055436 -0.110719 -0.107818
