659.332 -6.47349 -0.689484 -6.32027 7.1665 -0.614955 6.88056 0.065668 -0.115759 0.0416915
659.348 -6.35858 -0.881008 -6.24366 7.11984 -0.665205 6.88415 0.0630718 -0.112399 0.0348193
659.365 -6.35858 -0.919312 -6.35858 7.12463 -0.838684 6.88654 0.0647517 -0.111636 0.0684169
659.381 -6.5501 -0.881008 -6.24366 7.25623 -0.817148 6.88654 0.0606284 -0.108276 0.103083
659.398 -6.5118 -0.919312 -6.16705 7.28255 -0.812363 6.83629 0.0641408 -0.111177 0.13775
659.415 -6.32027 -0.919312 -6.28197 7.02174 -0.851844 6.84227 0.0642935 -0.110414 0.106749
659.43 -6.28197 -0.804398 -6.43519 6.97986 -0.861416 6.90209 0.0623082 -0.111483 0.0894917
659.446 -6.35858 -0.957617 -6.28197 7.15932 -0.782453 6.88415 0.0658207 -0.113774 0.0823141
659.462 -6.58841 -0.919312 -6.01384 7.13779 -0.837488 6.92961 0.0659734 -0.111941 0.0375682
659.478 -6.62671 -0.766094 -6.35858 7.18086 -0.705882 6.83031 0.0682642 -0.115301 0.0148135
659.494 -6.47349 -0.919312 -6.32027 7.19163 -0.769292 6.87936 0.062461 -0.111636 -0.0161879
659.51 -6.39688 -0.919312 -6.43519 7.21077 -0.783649 6.89731 0.0639881 -0.114232 -0.0158825
659.527 -6.28197 -0.881008 -6.43519 7.18564 -0.760917 6.90329 0.0664316 -0.119424 0.00488692
659.544 -6.47349 -0.919312 -6.24366 7.0325 -0.775274 6.86859 0.0626137 -0.115454 0.0711658
659.56 -6.58841 -0.919312 -6.39688 7.13659 -0.803988 6.88175 0.0633773 -0.115301 0.174097
659.577 -6.62671 -0.804398 -6.32027 7.30768 -0.731007 6.86261 0.0561996 -0.11301 0.213803
659.593 -6.70332 -0.957617 -6.24366 7.32682 -0.862612 6.88415 0.0574213 -0.11301 0.228769
659.61 -6.66501 -1.03423 -6.5118 7.37707 -0.912862 6.89252 0.0560469 -0.111788 0.19563
659.627 -6.43519 -1.07253 -6.35858 7.22513 -1.02054 6.87577 0.057574 -0.110261 0.173944
659.643 -6.5501 -1.14914 -6.12875 7.22393 -1.17129 6.86381 0.0597121 -0.112399 0.127671
659.66 -6.43519 -1.22575 -6.20536 7.19761 -1.0995 6.84706 0.0616974 -0.11133 0.0647517
659.676 -6.58841 -1.30236 -6.35858 7.01934 -1.10309 6.88295 0.0623082 -0.113621 0.0346666
659.693 -6.35858 -1.34066 -6.12875 6.98225 -1.18684 6.88056 0.0630718 -0.112246 0.0487165
659.71 -6.5118 -1.30236 -6.32027 7.07079 -1.12223 6.90329 0.0630718 -0.111177 0.115759
659.726 -6.66501 -1.07253 -6.43519 7.34237 -1.02532 6.85543 0.0642935 -0.113315 0.130725
659.743 -6.77993 -0.995922 -6.20536 7.41894 -0.930808 6.87817 0.0603229 -0.112246 0.137903
659.759 -6.74162 -1.18745 -6.35858 7.47517 -0.942772 6.92483 0.0594066 -0.10797 0.125838
659.776 -6.74162 -1.30236 -6.47349 7.30528 -1.09472 6.87338 0.0598648 -0.106749 0.116675
659.793 -6.35858 -1.41727 -6.28197 7.08634 -1.24187 6.85543 0.0595593 -0.110108 0.128587
659.809 -6.35858 -1.18745 -6.39688 7.07318 -1.19282 6.85304 0.0626137 -0.109956 0.12034
659.826 -6.47349 -1.03423 -6.24366 7.17607 -1.02532 6.87218 0.0641408 -0.110872 0.0939205
659.842 -6.24366 -1.11084 -6.35858 7.19522 -1.04327 6.85184 0.0623082 -0.110261 0.0496328
659.858 -6.58841 -1.26405 -6.58841 7.18205 -1.14138 6.89133 0.0603229 -0.109498 0.0810924
659.875 -6.5118 -1.37897 -6.16705 7.15693 -1.17368 6.87577 0.0572686 -0.107054 0.111941
659.891 -6.39688 -1.30236 -6.43519 7.08156 -1.20479 6.88774 0.0583376 -0.107818 0.141873
659.908 -6.20536 -1.18745 -6.70332 7.07079 -1.1653 6.91047 0.0586431 -0.10797 0.117439
659.924 -6.35858 -1.22575 -6.28197 7.0672 -1.07797 6.81475 0.0578795 -0.109498 0.0887282
659.941 -6.62671 -1.07253 -6.5118 7.40219 -1.09831 6.8315 0.0560469 -0.110872 0.0711658
659.958 -6.32027 -1.37897 -6.24366 7.27418 -1.20957 6.92483 0.0546724 -0.10736 0.0484111
659.974 -6.05214 -1.76202 -6.12875 6.88056 -1.6343 6.93799 0.0549779 -0.103389 0.0410807
659.991 -6.32027 -1.30236 -6.24366 7.07198 -1.48235 6.86022 0.0644463 -0.109192 -0.0135917
660.007 -6.32027 -1.30236 -6.05214 7.15573 -1.17248 6.73699 0.0662789 -0.113163 -0.147218
660.024 -6.05214 -1.68541 -6.09044 6.88415 -1.36152 6.86261 0.0670424 -0.115912 -0.168904
660.041 -6.35858 -1.41727 -6.28197 6.87099 -1.26461 6.92243 0.0647517 -0.113774 -0.0762054
660.057 -6.5501 -1.11084 -6.28197 7.13061 -1.07557 6.90449 0.0626137 -0.11301 0.0456622
660.074 -6.62671 -1.14914 -5.97553 7.31007 -0.960718 6.92842 0.0638354 -0.114232 0.0578795
660.09 -6.35858 -1.22575 -6.32027 7.14377 -1.14616 6.82792 0.0613919 -0.111025 0.0167988
660.107 -6.5501 -1.45558 -5.7074 7.13181 -1.22991 6.78365 0.0607811 -0.111025 -0.0152716
660.124 -6.5501 -1.45558 -6.28197 7.12223 -1.29212 6.89491 0.0632245 -0.116064 -0.000763581
660.14 -6.43519 -1.41727 -6.32027 7.2993 -1.19641 6.90927 0.0618501 -0.115301 0.0397062
660.157 -6.39688 -1.26405 -6.09044 7.19761 -1.12463 6.82672 0.0594066 -0.112857 -0.0128282
660.173 -6.5118 -1.30236 -6.24366 7.08156 -1.28973 6.85065 0.0639881 -0.11637 -0.0448986
660.19 -6.77993 -0.536266 -5.7074 6.96431 -0.20339 6.48215 0.0549779 -0.112705 0.35476
660.207 -7.00976 -0.57457 -6.66501 7.8341 -0.544367 7.04447 0.00458149 -0.0972803 1.39506
660.223 -6.93315 -1.53219 -7.04806 7.93819 -1.31844 7.53619 -0.021533 -0.0739146 1.37826
660.24 -6.93315 -1.95354 -6.43519 7.75753 -2.12124 6.98106 0.00167988 -0.0792598 0.719905
660.256 -6.47349 -1.91523 -5.66909 7.27538 -1.93699 6.25842 0.041997 -0.0992656 0.310167
660.273 -6.5118 -2.06845 -6.24366 7.33161 -2.02672 6.68195 0.0520762 -0.0992656 0.144011
660.29 -6.28197 -2.22167 -6.05214 6.87458 -2.01834 6.9009 0.0534507 -0.0991129 0.0172569
660.306 -5.97553 -2.18337 -6.35858 6.65563 -2.03868 6.97508 0.0557414 -0.0983493 -0.0111483
660.323 -5.66909 -2.10676 -6.32027 6.44267 -1.90229 7.00618 0.0552833 -0.103083 -0.0270308
660.339 -5.82231 -1.95354 -6.12875 6.40319 -1.84247 6.84108 0.0516181 -0.106138 0.0119119
660.356 -5.7457 -2.10676 -6.12875 6.51446 -1.89751 6.82553 0.0577268 -0.108276 0.105374
660.373 -6.05214 -2.22167 -6.12875 6.6676 -1.99561 6.82553 0.0537561 -0.110261 0.141568
660.388 -6.20536 -2.14506 -6.32027 6.86381 -2.11765 6.89013 0.0529926 -0.111636 0.121715
660.405 -6.35858 -2.33659 -6.47349 7.14018 -2.11884 6.92602 0.0574213 -0.111941 0.0827722
660.421 -6.58841 -2.22167 -6.28197 7.20718 -2.0674 6.89491 0.0604756 -0.114079 0.089339
660.438 -6.70332 -1.76202 -6.24366 7.29571 -1.71326 6.86381 0.0560469 -0.106749 0.148746
660.455 -6.58841 -1.80032 -6.5118 7.28136 -1.77188 6.8327 0.056505 -0.110719 0.163406
660.471 -6.20536 -1.72371 -6.32027 6.89013 -1.55533 6.85663 0.0557414 -0.108276 0.166003
660.488 -6.39688 -2.14506 -6.20536 7.05404 -1.89033 6.91765 0.0507018 -0.104763 0.192423
660.504 -6.39688 -2.10676 -6.20536 7.05882 -1.97527 6.85424 0.0500909 -0.106901 0.221286
660.521 -6.28197 -2.14506 -6.20536 7.0672 -2.00518 6.85184 0.0510072 -0.106596 0.213803
660.538 -5.93723 -2.52811 -5.97553 6.79083 -2.22652 6.85902 0.0516181 -0.106596 0.146913
660.554 -6.01384 -2.56641 -6.12875 6.66879 -2.48495 6.90688 0.0493274 -0.104763 0.0746782
660.571 -6.01384 -2.52811 -6.43519 6.66401 -2.47059 6.88654 0.0511599 -0.104153 0.067806
660.587 -6.24366 -2.52811 -6.20536 6.88415 -2.24207 6.92722 0.0589485 -0.107818 0.0792598
660.604 -6.35858 -2.22167 -6.28197 7.04327 -2.11167 6.87936 0.0587958 -0.110872 0.0526871
660.621 -6.16705 -2.37489 -6.20536 7.03131 -2.08056 6.87458 0.0598648 -0.110719 -0.022602
660.637 -6.28197 -2.29828 -6.24366 6.97029 -2.14875 6.90329 0.0610865 -0.109956 -0.0461203
660.654 -6.28197 -2.10676 -6.16705 7.02533 -2.07817 6.8997 0.0587958 -0.109192 -0.0126754
660.67 -6.24366 -2.25998 -6.16705 6.92363 -2.11645 6.90927 0.0592539 -0.109498 0.0163406
660.687 -6.28197 -2.06845 -6.24366 7.00977 -1.9681 6.88056 0.0594066 -0.108429 0.00610865
660.704 -6.28197 -2.10676 -6.12875 6.999 -2.04945 6.89252 0.0577268 -0.108887 -0.0232129
660.72 -6.20536 -2.29828 -6.20536 6.91047 -2.08654 6.89372 0.0552833 -0.104611 -0.00809396
660.737 -6.20536 -2.33659 -6.09044 6.92602 -2.09252 6.92124 0.0601702 -0.109803 0.0189368
660.753 -6.32027 -2.18337 -6.12875 7.04447 -2.02433 6.83749 0.0601702 -0.111483 0.0755945
660.77 -6.32027 -2.14506 -6.28197 7.10788 -2.06979 6.87697 0.0566577 -0.108887 0.0595593
660.787 -6.12875 -2.41319 -6.12875 6.96191 -2.29352 6.90808 0.0574213 -0.105527 0.0253509
660.803 -6.05214 -2.4515 -6.39688 6.82672 -2.23729 6.88774 0.0557414 -0.104 0.00855211
660.82 -5.97553 -2.41319 -6.16705 6.71665 -2.29831 6.90927 0.0584903 -0.105832 0.0128282
660.837 -6.01384 -2.25998 -6.35858 6.74536 -2.15713 6.81835 0.0616974 -0.112399 0.00946841
660.853 -6.12875 -2.29828 -6.28197 6.83509 -2.12243 6.91765 0.0607811 -0.111025 -0.0138972
660.87 -6.09044 -2.25998 -6.01384 6.86022 -2.11286 6.86022 0.0577268 -0.107818 -0.043066
660.886 -6.16705 -2.25998 -6.24366 6.79801 -2.14636 6.89611 0.0613919 -0.114537 -0.0528398
660.903 -6.24366 -2.4515 -6.20536 6.76451 -2.30788 6.91884 0.0591012 -0.108429 -0.0490219
660.92 -6.01384 -2.37489 -6.39688 6.81595 -2.16191 6.90329 0.0568105 -0.109956 0.00809396
660.936 -6.35858 -2.03015 -6.16705 7.04806 -2.01356 6.8997 0.0536034 -0.106443 0.021533
660.953 -6.28197 -2.22167 -6.47349 6.98465 -2.10209 6.85783 0.0577268 -0.111483 -0.0520762
660.968 -6.01384 -2.41319 -6.24366 6.78126 -2.15474 6.89013 0.0560469 -0.111025 -0.0788016
660.984 -6.09044 -2.4515 -6.32027 6.64128 -2.35693 6.95713 0.0548251 -0.107818 -0.047342
661.001 -6.35858 -2.33659 -6.24366 6.91765 -2.10927 6.932 0.0572686 -0.113468 0.054367
661.016 -6.5118 -2.14506 -5.93723 7.02293 -1.98126 6.92602 0.0592539 -0.113621 0.0936151
661.033 -6.32027 -2.37489 -6.35858 7.06959 -2.17388 6.8674 0.0479529 -0.101556 0.15913
661.049 -6.43519 -2.56641 -6.16705 7.1342 -2.3677 6.81475 0.0597121 -0.113468 0.0815505
661.066 -6.43519 -2.37489 -6.32027 7.16889 -2.35454 6.84227 0.0584903 -0.108429 0.0207694
661.083 -6.39688 -2.33659 -6.43519 6.95713 -2.24088 6.94995 0.0528398 -0.103694 -0.0322231
661.099 -6.32027 -2.25998 -6.20536 6.97508 -2.0985 6.86261 0.0558941 -0.10568 -0.0129809
661.116 -6.20536 -2.10676 -6.20536 7.02174 -2.0662 6.86022 0.062461 -0.10965 -0.0203113
661.132 -6.28197 -2.37489 -6.20536 6.92363 -2.14516 6.87099 0.0580322 -0.109039 -0.0807869
661.149 -6.05214 -2.41319 -6.28197 6.71426 -2.26361 6.94397 0.0534507 -0.102625 -0.054367
661.166 -6.16705 -2.4515 -6.24366 6.74776 -2.28514 6.92124 0.0534507 -0.103542 0.0146608
661.182 -6.35858 -2.06845 -6.39688 7.03609 -1.98365 6.91047 0.0551306 -0.108581 0.157603
661.199 -6.39688 -2.41319 -6.20536 7.09352 -2.25284 6.89611 0.0485638 -0.102625 0.235489
661.215 -6.43519 -2.4898 -6.20536 7.16411 -2.43828 6.86022 0.0500909 -0.104 0.22037
661.231 -6.24366 -2.52811 -6.35858 7.0672 -2.51725 6.91047 0.0542143 -0.102625 0.101251
661.248 -6.09044 -2.4898 -6.28197 6.78963 -2.44427 6.92961 0.052229 -0.0954477 0.0209221
661.264 -6.09044 -2.4898 -6.32027 6.80758 -2.48734 6.91645 0.053298 -0.0977384 0.00824668
661.281 -6.09044 -2.37489 -6.09044 6.74656 -2.2672 6.80399 0.0546724 -0.104 -0.0109956
661.297 -5.89892 -2.52811 -6.09044 6.66879 -2.37966 6.88774 0.055436 -0.105832 -0.0523817
661.314 -5.78401 -2.33659 -6.24366 6.44626 -2.16431 6.93918 0.0580322 -0.105069 -0.0609338
661.331 -6.12875 -2.14506 -6.62671 6.77049 -2.10568 6.94517 0.0519235 -0.10232 0.0108429
661.347 -6.24366 -2.25998 -6.24366 6.78604 -2.08654 6.91166 0.0496328 -0.104 0.161116
661.364 -6.05214 -2.68133 -6.32027 6.82672 -2.25165 6.87458 0.0448986 -0.100793 0.250455
661.38 -6.01384 -2.60472 -6.20536 6.85424 -2.50648 6.85543 0.0476475 -0.103542 0.304363
661.397 -6.09044 -2.64302 -6.16705 6.80279 -2.57348 6.85065 0.0500909 -0.106901 0.230296
661.414 -6.01384 -2.64302 -6.39688 6.74776 -2.48614 6.92722 0.0497855 -0.105985 0.167377
661.43 -6.09044 -2.75794 -6.32027 6.69511 -2.54596 6.94397 0.0490219 -0.107665 0.0992656
661.447 -5.97553 -2.56641 -6.12875 6.71785 -2.50887 6.85184 0.0497855 -0.104458 0.0740674
661.463 -5.7457 -2.60472 -6.24366 6.56112 -2.48973 6.81715 0.0534507 -0.107207 0.0148135
661.48 -6.01384 -2.75794 -6.35858 6.53719 -2.59621 6.91765 0.053298 -0.112246 -0.0853684
661.497 -6.28197 -2.91116 -6.28197 6.81117 -2.5663 7.03489 0.0510072 -0.109039 -0.0355829
661.513 -6.05214 -2.56641 -6.5501 6.8662 -2.4993 6.98345 0.0525344 -0.107512 0.125533
661.53 -6.01384 -2.68133 -6.28197 6.74895 -2.45743 6.84227 0.0525344 -0.110567 0.217163
661.546 -5.93723 -2.75794 -6.28197 6.70469 -2.56869 6.89133 0.0461203 -0.10797 0.354302
661.563 -5.97553 -2.71963 -6.24366 6.71067 -2.57707 6.87099 0.0478002 -0.106596 0.336739
661.58 -6.24366 -2.79624 -6.16705 6.75254 -2.70389 6.93081 0.0500909 -0.111636 0.286648
661.596 -5.97553 -3.02607 -6.12875 6.68674 -2.82114 6.91645 0.0508545 -0.110261 0.200669
661.613 -6.05214 -2.75794 -6.16705 6.78126 -2.8319 6.86261 0.0549779 -0.111941 0.074831
661.629 -5.93723 -2.75794 -5.78401 6.72503 -2.73021 6.80877 0.0552833 -0.112399 -0.0206167
661.646 -6.09044 -2.79624 -6.43519 6.65683 -2.58066 6.92842 0.0520762 -0.114385 -0.125533
661.662 -6.09044 -2.91116 -6.43519 6.74178 -2.65364 7.05882 0.0490219 -0.111025 -0.107512
661.678 -6.09044 -2.75794 -6.24366 6.7657 -2.64167 6.88894 0.054367 -0.110872 0.0384845
661.694 -6.32027 -2.98777 -6.12875 6.8327 -2.73739 6.88774 0.0534507 -0.112552 0.158672
661.711 -6.28197 -2.91116 -6.39688 6.86142 -2.73978 6.89491 0.0545197 -0.111483 0.189979
661.727 -6.28197 -2.83455 -6.47349 7.00618 -2.89651 6.86142 0.0494801 -0.101251 0.141415
661.744 -6.20536 -2.98777 -6.39688 6.9332 -2.89531 6.9009 0.055436 -0.107665 0.0285579
661.76 -6.28197 -3.02607 -6.28197 6.76331 -2.84507 6.95115 0.055436 -0.104763 0.0138972
661.777 -5.93723 -2.79624 -6.09044 6.60897 -2.75055 6.86501 0.0523817 -0.102625 0.044135
661.794 -5.66909 -2.79624 -6.28197 6.38046 -2.61775 6.89611 0.0507018 -0.101709 0.100487
661.81 -5.78401 -2.68133 -6.28197 6.4331 -2.62612 6.85184 0.0496328 -0.104305 0.106596
661.827 -5.66909 -3.10268 -6.20536 6.44028 -2.87139 6.9009 0.0528398 -0.10736 0.0823141
661.842 -5.89892 -3.06437 -6.39688 6.65444 -2.92881 6.95115 0.0529926 -0.107207 0.0784962
661.858 -5.86062 -3.10268 -6.32027 6.72024 -2.96231 6.94277 0.0526871 -0.107818 0.0752891
661.874 -6.09044 -2.91116 -6.32027 6.69392 -2.8343 6.85902 0.0525344 -0.108123 0.0642935
661.89 -5.89892 -3.02607 -5.97553 6.61137 -2.84507 6.85065 0.0511599 -0.106596 0.0623082
661.907 -5.93723 -3.14098 -6.24366 6.54915 -3.00299 6.94277 0.0555887 -0.105985 0.0343612
661.922 -5.97553 -2.94946 -6.35858 6.69033 -2.8331 6.93799 0.0536034 -0.107207 0.0652099
661.939 -6.09044 -2.79624 -6.39688 6.78485 -2.71466 6.91166 0.0478002 -0.105374 0.108123
661.956 -5.86062 -2.71963 -6.39688 6.53599 -2.60219 6.87817 0.0479529 -0.109039 0.122784
661.972 -5.7457 -3.10268 -5.7074 6.50608 -2.87737 6.87099 0.0531453 -0.109498 0.0601702
661.989 -6.09044 -3.2559 -6.24366 6.55035 -3.04367 6.90329 0.0545197 -0.108734 0.0568105
662.005 -6.12875 -3.10268 -6.43519 6.8662 -2.91446 6.96191 0.0435241 -0.104 0.126449
662.022 -5.86062 -3.2559 -6.09044 6.44267 -3.04726 6.83749 0.0387899 -0.104916 0.310319
662.039 -6.01384 -3.2559 -6.28197 6.71904 -3.15972 6.82074 0.0407752 -0.10568 0.410807
662.055 -6.24366 -3.44742 -6.35858 6.97268 -3.19083 6.94636 0.0496328 -0.106596 0.395535
662.072 -6.28197 -3.33251 -6.20536 7.03968 -3.25184 6.88295 0.0497855 -0.104 0.230602
662.088 -6.01384 -3.2559 -6.12875 6.81117 -3.12263 6.82792 0.0511599 -0.0992656 0.00626137
662.105 -6.05214 -3.2559 -6.28197 6.65085 -3.10588 6.87936 0.0502437 -0.100029 -0.0259618
662.121 -6.05214 -3.14098 -6.32027 6.6006 -3.03888 6.9679 0.0540616 -0.10064 0.0311541
662.137 -5.89892 -3.2559 -6.32027 6.66879 -3.07837 6.96072 0.0558941 -0.103389 0.0531453
662.154 -5.82231 -3.60064 -6.32027 6.69511 -3.48036 6.92961 0.0592539 -0.101709 -0.0613919
662.17 -6.01384 -3.14098 -6.05214 6.58385 -3.20279 6.86381 0.0578795 -0.0926988 -0.328035
662.187 -5.86062 -2.87285 -6.28197 6.61974 -2.87019 6.85184 0.0583376 -0.0933096 -0.495259
662.204 -5.97553 -2.91116 -6.16705 6.6006 -2.58784 6.91286 0.0491747 -0.0901026 -0.507018
662.22 -5.97553 -3.06437 -6.5501 6.49412 -2.74816 6.92602 0.0500909 -0.0934624 -0.448222
662.237 -5.86062 -2.98777 -6.32027 6.50489 -2.81515 6.98106 0.0514654 -0.0949895 -0.329562
662.253 -5.78401 -3.10268 -6.39688 6.42712 -2.9994 6.92243 0.0520762 -0.0968221 -0.277027
662.27 -5.51587 -3.14098 -6.20536 6.28594 -3.03649 6.86022 0.0507018 -0.096364 -0.221591
662.287 -5.36266 -2.98777 -6.28197 6.201 -3.02333 6.83988 0.0529926 -0.100945 -0.239612
662.303 -5.59248 -2.87285 -6.01384 6.28714 -2.89531 6.89252 0.0540616 -0.102167 -0.268933
662.32 -5.78401 -2.91116 -6.39688 6.52522 -2.74935 7.01575 0.0534507 -0.102931 -0.334143
662.337 -5.97553 -2.56641 -6.43519 6.50967 -2.55314 7.02293 0.0503964 -0.103389 -0.324522
662.352 -5.82231 -2.83455 -6.39688 6.42592 -2.57109 6.8339 0.0505491 -0.108887 -0.293215
662.369 -5.7074 -2.87285 -6.24366 6.40199 -2.7003 6.92124 0.0528398 -0.108276 -0.230602
662.384 -5.7074 -2.87285 -6.32027 6.43191 -2.6656 6.95234 0.0502437 -0.109039 -0.19059
662.401 -5.93723 -2.75794 -6.20536 6.6018 -2.69192 6.92722 0.047342 -0.110261 -0.137445
662.418 -6.01384 -2.79624 -6.32027 6.6652 -2.62612 6.92722 0.0481056 -0.108276 -0.146149
662.434 -6.16705 -2.79624 -6.09044 6.75135 -2.62253 6.91047 0.0468839 -0.111025 -0.157756
662.451 -6.12875 -2.71963 -6.05214 6.81117 -2.5651 6.91765 0.0474948 -0.111636 -0.177914
662.467 -6.24366 -2.56641 -6.28197 6.77886 -2.49691 6.91406 0.0436769 -0.106443 -0.168141
662.484 -6.01384 -2.64302 -6.01384 6.72144 -2.49691 6.90568 0.045204 -0.108581 -0.145539
662.501 -5.93723 -2.68133 -6.28197 6.6341 -2.56989 6.91047 0.043066 -0.10736 -0.0868956
662.517 -5.89892 -2.87285 -6.09044 6.54317 -2.78285 6.93918 0.0406225 -0.105985 -0.0435241
662.534 -5.7457 -3.02607 -6.24366 6.51087 -2.82473 6.92722 0.0418443 -0.108734 -0.0381791
662.55 -5.89892 -2.98777 -6.24366 6.53001 -2.87737 6.91645 0.0461203 -0.113621 -0.0661261
662.567 -5.97553 -2.79624 -6.32027 6.65563 -2.86301 6.89491 0.0467312 -0.111788 -0.115301
662.584 -6.09044 -2.94946 -6.20536 6.71186 -2.87498 6.87697 0.0482583 -0.112399 -0.138361
662.6 -6.28197 -2.91116 -6.5118 6.8004 -2.80798 6.932 0.0481056 -0.111636 -0.169515
662.617 -6.09044 -2.87285 -6.32027 6.79442 -2.73739 6.93559 0.0517708 -0.11301 -0.174555
662.633 -6.12875 -2.79624 -6.32027 6.79561 -2.70508 6.91765 0.0513127 -0.111788 -0.168293
662.65 -6.28197 -2.75794 -6.20536 6.7992 -2.61176 6.90927 0.0514654 -0.109192 -0.159436
662.666 -6.16705 -2.68133 -6.20536 6.89133 -2.64766 6.90808 0.0563523 -0.111483 -0.147066
662.682 -6.43519 -2.68133 -6.5118 6.92243 -2.66082 6.91047 0.0539089 -0.10965 -0.131031
662.699 -6.32027 -2.71963 -6.20536 6.94038 -2.60219 6.9332 0.0557414 -0.109956 -0.0899499
662.715 -6.24366 -2.52811 -6.32027 6.92124 -2.50528 6.91765 0.055436 -0.108581 -0.0555887
662.732 -6.24366 -2.68133 -6.09044 6.89372 -2.49452 6.8985 0.0548251 -0.105374 -0.0474948
662.749 -6.12875 -2.71963 -6.28197 6.81356 -2.51725 6.92124 0.0560469 -0.107512 -0.0534507
662.765 -6.05214 -2.83455 -6.12875 6.75733 -2.54237 6.90927 0.0557414 -0.107665 -0.0697913
662.782 -5.89892 -2.75794 -6.01384 6.87218 -2.7003 6.94995 0.052229 -0.102625 -0.0555887
662.798 -5.97553 -2.79624 -6.39688 6.63051 -2.60937 6.88295 0.0511599 -0.102778 -0.0239765
662.815 -5.7457 -2.64302 -6.01384 6.60778 -2.57827 6.86381 0.0542143 -0.103694 0.0125227
662.832 -6.20536 -2.4515 -6.35858 6.83869 -2.54118 7.0002 0.0597121 -0.109803 -0.014508
662.848 -6.12875 -2.60472 -6.20536 6.93799 -2.41316 6.86022 0.0594066 -0.109192 -0.0584903
662.865 -5.93723 -2.79624 -6.20536 6.57906 -2.68953 6.92363 0.055436 -0.104916 -0.0934624
662.882 -5.97553 -2.71963 -6.12875 6.51805 -2.67278 6.91645 0.0577268 -0.106749 -0.0711658
662.899 -5.78401 -2.68133 -6.24366 6.57308 -2.46461 6.91884 0.0569632 -0.106443 -0.0684169
662.916 -5.93723 -2.52811 -6.28197 6.7322 -2.44187 7.01336 0.0580322 -0.109803 -0.071013
662.932 -6.16705 -2.4515 -6.32027 6.63769 -2.3988 6.85663 0.0597121 -0.111025 -0.107054
662.949 -6.01384 -2.41319 -6.43519 6.85783 -2.26481 6.91406 0.0572686 -0.110414 -0.126602
662.965 -6.16705 -2.41319 -6.5501 6.79561 -2.28873 6.8997 0.0586431 -0.113315 -0.161726
662.982 -6.12875 -2.4515 -6.35858 6.7322 -2.35693 6.93799 0.0548251 -0.111025 -0.153174
662.999 -5.82231 -2.79624 -6.20536 6.52881 -2.62373 6.88534 0.054367 -0.115301 -0.133474
663.015 -6.20536 -2.33659 -6.43519 6.83509 -2.28634 7.0325 0.0505491 -0.113621 -0.0368046
663.032 -6.05214 -2.22167 -6.20536 6.82074 -1.98963 6.83629 0.0568105 -0.11805 -0.064599
663.048 -5.78401 -2.52811 -6.35858 6.57069 -2.2014 6.92004 0.0560469 -0.11469 -0.0823141
663.065 -6.09044 -2.83455 -6.20536 6.62453 -2.56391 6.92961 0.0468839 -0.10736 -0.0699441
663.082 -6.12875 -2.4898 -6.20536 6.88894 -2.34377 6.87697 0.0537561 -0.115454 -0.0849102
663.098 -6.39688 -2.4515 -6.35858 6.96072 -2.31266 6.90688 0.0540616 -0.118661 -0.0933096
663.115 -6.35858 -2.41319 -6.32027 7.02174 -2.34018 6.91406 0.0465785 -0.111788 -0.100182
663.131 -6.43519 -2.37489 -6.16705 7.07198 -2.28275 6.91047 0.0502437 -0.113926 -0.122937
663.148 -6.35858 -2.4898 -6.28197 7.0337 -2.3677 6.90808 0.0497855 -0.114385 -0.126755
663.165 -6.35858 -2.60472 -6.16705 6.97747 -2.47537 6.92004 0.0456622 -0.109345 -0.105832
663.181 -6.01384 -2.75794 -6.28197 6.83629 -2.51246 6.88654 0.0459676 -0.107665 -0.071013
663.198 -6.16705 -2.75794 -6.28197 6.91645 -2.54716 6.91406 0.0468839 -0.107512 -0.0572686
663.214 -6.28197 -2.71963 -6.16705 6.95713 -2.59023 6.91286 0.0496328 -0.10736 -0.047342
663.231 -6.28197 -2.87285 -6.20536 7.02413 -2.68714 6.91166 0.0526871 -0.109345 -0.0455095
663.248 -6.20536 -2.79624 -6.28197 6.97747 -2.72782 6.89252 0.0526871 -0.104611 -0.0381791
663.264 -6.24366 -2.79624 -6.32027 6.89252 -2.71825 6.89731 0.0558941 -0.104611 -0.0305433
663.281 -6.09044 -2.71963 -6.24366 6.83031 -2.59382 6.91047 0.0604756 -0.105832 -0.0303905
663.297 -6.12875 -2.64302 -6.28197 6.78724 -2.5328 6.90209 0.0618501 -0.104916 -0.0374155
663.314 -6.05214 -2.64302 -6.05214 6.71306 -2.53639 6.89133 0.0598648 -0.100945 -0.0401644
663.331 -6.01384 -2.83455 -6.35858 6.6664 -2.59262 6.92602 0.0644463 -0.104305 -0.0476475
663.348 -6.09044 -2.68133 -6.35858 6.64606 -2.59501 6.87577 0.0649044 -0.106138 -0.0412334
663.365 -5.93723 -2.75794 -6.43519 6.59222 -2.53041 6.91765 0.0684169 -0.109192 -0.0421497
663.381 -5.89892 -2.60472 -6.24366 6.5671 -2.49571 6.90449 0.0691805 -0.108429 -0.0601702
663.398 -5.97553 -2.71963 -6.32027 6.54198 -2.49571 6.89731 0.0690278 -0.112246 -0.0797179
663.415 -5.89892 -2.60472 -6.32027 6.6018 -2.50768 6.92124 0.0679587 -0.111177 -0.0771217
663.431 -5.97553 -2.64302 -6.28197 6.6006 -2.42991 6.92961 0.0705549 -0.111177 -0.0717766
663.448 -5.93723 -2.75794 -6.47349 6.58505 -2.54357 6.89013 0.0725402 -0.116981 -0.0621555
663.464 -5.89892 -2.75794 -6.39688 6.61974 -2.57707 6.89611 0.0736092 -0.116675 -0.0540616
663.481 -5.97553 -2.68133 -6.24366 6.68435 -2.52562 6.89491 0.073762 -0.11469 -0.0364992
663.498 -6.05214 -2.4515 -6.20536 6.69392 -2.39282 6.92842 0.0768163 -0.121104 -0.0507018
663.514 -6.20536 -2.56641 -6.20536 6.80279 -2.42154 6.91884 0.0766636 -0.12034 -0.0609338
663.539 -6.24366 -2.60472 -6.24366 6.93799 -2.45862 6.92483 0.0788016 -0.12202 -0.0752891
663.555 -5.89892 -2.75794 -6.32027 6.96311 -2.58425 6.92602 0.0760527 -0.119271 -0.0580322
663.572 -5.93723 -2.41319 -6.35858 6.63649 -2.28514 6.87817 0.0810924 -0.122173 -0.00794125
663.587 -5.97553 -2.29828 -6.43519 6.61974 -2.11884 6.90449 0.0798706 -0.120035 0.0650571
663.604 -5.93723 -2.4515 -6.28197 6.78604 -2.28395 6.94995 0.0774271 -0.120646 0.100335
663.621 -6.35858 -2.56641 -6.39688 6.93799 -2.46461 6.88654 0.0765108 -0.118661 0.163712
663.637 -6.28197 -2.33659 -6.09044 6.96431 -2.28873 6.89731 0.0794125 -0.121257 0.203418
663.654 -6.16705 -2.4898 -6.43519 7.02054 -2.27318 6.9344 0.0760527 -0.119119 0.212581
663.67 -6.12875 -2.29828 -6.32027 6.99302 -2.27797 6.92483 0.0759 -0.119271 0.195019
663.687 -6.28197 -2.33659 -6.28197 6.96431 -2.18704 6.92842 0.0734565 -0.11637 0.173944
663.704 -6.32027 -2.18337 -6.24366 7.0002 -2.18943 6.94397 0.0714712 -0.115454 0.171042
663.72 -5.78401 -1.87693 -6.43519 6.62931 -1.94058 7.00259 0.0740674 -0.11469 0.168599
663.737 -5.86062 -2.14506 -6.5501 6.4666 -1.93579 7.09711 0.0729984 -0.10736 0.200517
663.753 -6.35858 -2.68133 -5.82231 6.86859 -2.32822 6.74058 0.0681114 -0.117744 0.212123
663.77 -6.39688 -2.71963 -6.05214 7.17488 -2.71705 6.54915 0.0630718 -0.121257 0.184023
663.787 -6.5501 -2.71963 -6.39688 6.95593 -2.67637 7.04447 0.0632245 -0.119119 0.0444404
663.803 -5.86062 -2.75794 -6.47349 6.78126 -2.64407 7.06002 0.0659734 -0.114079 -0.106749
663.82 -6.01384 -2.4515 -6.20536 6.67119 -2.49093 6.84945 0.0675006 -0.113926 -0.163865
663.837 -6.16705 -2.56641 -6.24366 6.88894 -2.41316 6.92243 0.0662789 -0.116523 -0.217468
663.853 -6.28197 -2.29828 -6.28197 6.93799 -2.35573 6.92842 0.0652099 -0.11637 -0.225867
663.87 -6.35858 -2.4898 -6.32027 6.97986 -2.3342 6.91645 0.0684169 -0.117286 -0.23335
663.886 -6.24366 -2.52811 -6.24366 7.00259 -2.40957 6.90209 0.066737 -0.113774 -0.284663
663.903 -6.20536 -2.52811 -6.32027 7.01814 -2.43828 6.932 0.0675006 -0.112857 -0.410654
663.92 -6.32027 -2.52811 -6.28197 7.03968 -2.48016 6.90449 0.071624 -0.11469 -0.5032
663.936 -6.39688 -2.29828 -6.24366 7.02054 -2.32822 6.92363 0.0714712 -0.114385 -0.728915
663.953 -6.24366 -2.22167 -6.24366 7.04566 -2.25045 6.93559 0.0786489 -0.116523 -0.975246
663.968 -6.05214 -1.83862 -6.32027 6.88654 -1.8999 6.99063 0.0795652 -0.115912 -1.08734
663.985 -5.97553 -1.99184 -6.24366 6.50608 -1.83888 6.89133 0.0815505 -0.120188 -1.24036
664.002 -6.05214 -1.95354 -6.20536 6.36969 -1.82333 6.87817 0.0792598 -0.120035 -1.24769
664.018 -6.35858 -1.83862 -6.32027 6.77647 -1.64506 6.8985 0.0778853 -0.124006 -1.14522
664.034 -6.35858 -1.80032 -6.35858 6.89731 -1.61755 6.95474 0.0699441 -0.121715 -0.90576
664.05 -6.39688 -1.49388 -6.32027 6.95593 -1.41416 6.95234 0.0705549 -0.122937 -0.768468
664.067 -6.5118 -1.45558 -6.28197 6.94517 -1.21555 6.87099 0.0702495 -0.122937 -0.498924
664.084 -6.43519 -1.53219 -6.32027 6.96909 -1.16291 6.83749 0.0652099 -0.119119 -0.222049
664.1 -6.5118 -1.45558 -6.28197 7.05284 -1.28734 6.86022 0.0598648 -0.114232 0.0164934
664.117 -6.5118 -1.57049 -6.5118 7.15454 -1.334 6.91525 0.0610865 -0.113315 0.0879646
664.133 -6.5501 -1.6471 -6.43519 7.25025 -1.52782 6.90449 0.0626137 -0.115454 0.121409
664.15 -6.5118 -1.83862 -6.43519 7.38425 -1.62114 6.88175 0.0612392 -0.113163 0.0612392
664.168 -6.85654 -1.83862 -6.28197 7.50269 -1.78744 6.90688 0.0642935 -0.111636 0.0152716
664.183 -6.5501 -1.72371 -6.24366 7.29571 -1.71326 6.88774 0.0658207 -0.111788 -0.0607811
664.2 -6.24366 -1.45558 -6.35858 7.10668 -1.49791 6.89611 0.0675006 -0.109803 -0.107054
664.217 -6.20536 -1.41727 -6.20536 6.88894 -1.32562 7.01814 0.0708604 -0.114385 -0.121715
664.234 -6.24366 -1.45558 -6.5501 6.90449 -1.27777 7.09352 0.066737 -0.111177 -0.119271
664.251 -6.24366 -1.6471 -6.70332 6.96072 -1.36152 7.0995 0.0664316 -0.110567 -0.0650571
664.266 -6.20536 -1.6088 -6.39688 6.92004 -1.44646 7.10668 0.0681114 -0.112857 -0.0270308
664.282 -6.16705 -1.6088 -6.5501 6.76331 -1.61396 7.04925 0.0700968 -0.115606 0.0542143
664.298 -6.12875 -1.80032 -6.39688 6.77767 -1.70489 7.08754 0.066737 -0.107665 0.0975857
664.315 -6.01384 -1.80032 -6.24366 6.69631 -1.65224 7.12702 0.071013 -0.114385 0.140804
664.332 -5.93723 -1.6471 -6.5501 6.74656 -1.56969 7.14855 0.071624 -0.117286 0.168293
664.347 -6.16705 -1.53219 -6.32027 6.78126 -1.4668 7.12104 0.071624 -0.116675 0.184787
664.363 -6.20536 -1.57049 -6.32027 6.7992 -1.46441 7.04925 0.0696386 -0.117439 0.219453
664.379 -6.16705 -1.83862 -6.32027 6.83629 -1.56371 7.05284 0.0728457 -0.122173 0.20861
664.395 -6.32027 -1.99184 -6.5501 6.89731 -1.77428 6.96191 0.0775799 -0.125991 0.192575
664.412 -6.58841 -1.99184 -6.09044 7.13898 -1.79701 6.78963 0.073762 -0.123853 0.220522
664.427 -6.43519 -1.45558 -6.12875 7.14975 -1.7001 6.73699 0.0734565 -0.12202 0.296422
664.444 -6.39688 -1.45558 -6.05214 7.06122 -1.36869 6.6329 0.071013 -0.12034 0.313374
664.46 -6.43519 -1.53219 -5.97553 7.19761 -1.44646 6.64008 0.0719294 -0.122478 0.277333
664.474 -6.47349 -1.68541 -6.05214 7.26221 -1.55892 6.69272 0.0733038 -0.122937 0.252898
664.49 -6.5501 -1.6088 -5.93723 7.25504 -1.47876 6.71904 0.0696386 -0.118202 0.244957
664.505 -6.35858 -1.6088 -6.05214 7.17607 -1.44407 6.73699 0.0694859 -0.120646 0.255952
664.521 -6.66501 -1.57049 -6.12875 7.35673 -1.40219 6.70588 0.065668 -0.121715 0.303753
664.537 -6.70332 -1.91523 -6.28197 7.35075 -1.54816 6.72981 0.0633773 -0.115454 0.341321
664.552 -6.74162 -1.99184 -6.35858 7.34955 -1.84008 6.89491 0.0662789 -0.116217 0.349262
664.568 -6.81823 -2.03015 -6.66501 7.401 -2.00758 7.11745 0.0620028 -0.110872 0.372933
664.584 -6.39688 -2.18337 -6.74162 7.22393 -2.01236 7.23589 0.0636827 -0.110108 0.388052
664.599 -6.24366 -2.06845 -6.62671 6.89731 -2.01715 7.31725 0.0615447 -0.109345 0.400422
665.207 -6.97145 -1.6471 -6.16705 7.64985 -1.48594 6.72622 0.0655153 -0.101862 -0.33399
665.223 -6.89484 -1.6471 -6.35858 7.50389 -1.48953 6.92961 0.0639881 -0.098502 -0.316734
665.24 -6.58841 -1.53219 -6.43519 7.41416 -1.47517 7.07438 0.0604756 -0.0943787 -0.307723
665.256 -6.43519 -1.30236 -6.62671 7.27538 -1.2682 7.25384 0.0610865 -0.0923933 -0.318413
665.273 -6.39688 -1.34066 -6.77993 7.07198 -1.19402 7.35793 0.0592539 -0.0936151 -0.356898
665.29 -6.16705 -1.49388 -6.74162 6.94517 -1.22991 7.38903 0.0568105 -0.091477 -0.363923
665.306 -6.16705 -1.53219 -6.5501 6.6652 -1.41296 7.29452 0.0525344 -0.0910189 -0.341015
665.323 -5.93723 -1.72371 -6.35858 6.51685 -1.62233 6.999 0.0516181 -0.0934624 -0.245262
665.339 -5.97553 -1.72371 -6.24366 6.54198 -1.56969 6.92483 0.0545197 -0.0969748 -0.115301
665.356 -6.05214 -1.45558 -6.24366 6.42473 -1.14616 6.80997 0.0577268 -0.101098 -0.045204
665.373 -5.13283 -1.83862 -6.05214 5.933 -1.65464 6.71067 0.0583376 -0.105527 0.0297797
665.389 -5.40096 -1.18745 -6.12875 6.74417 -1.15693 6.73938 0.0591012 -0.109803 -0.0810924
665.406 -6.5501 -1.80032 -6.28197 6.77169 -1.57208 7.04566 0.0563523 -0.112094 -0.117439
665.422 -7.73755 -1.11084 -6.5118 8.49452 -0.835095 7.15813 0.0519235 -0.106138 -0.223577
665.439 -7.12467 -1.87693 -6.43519 8.26002 -1.18325 7.22393 0.0413861 -0.0916298 -0.213192
665.456 -6.77993 -1.57049 -6.32027 7.51466 -1.61276 6.89372 0.0481056 -0.0959058 -0.231212
665.472 -6.5501 -1.41727 -6.05214 7.01814 -1.47039 6.78963 0.0517708 -0.096364 -0.271988
665.489 -6.01384 -1.49388 -6.28197 6.8327 -1.39741 6.85065 0.0499382 -0.0946841 -0.311999
665.505 -6.09044 -1.57049 -6.28197 6.70708 -1.49671 6.85065 0.0523817 -0.0968221 -0.324064
665.522 -6.28197 -1.57049 -6.5501 6.82313 -1.61037 6.94995 0.0523817 -0.0945314 -0.299782
665.539 -6.35858 -1.45558 -6.5118 6.90568 -1.49791 6.97149 0.0560469 -0.099571 -0.252593
665.554 -6.24366 -1.18745 -6.24366 7.12582 -1.10189 6.90329 0.052229 -0.0969748 -0.215483
665.571 -6.5501 -1.30236 -6.24366 6.9344 -1.03729 6.85304 0.0534507 -0.103542 -0.148593
665.587 -6.16705 -1.07253 -6.32027 6.84945 -0.964307 6.87458 0.0503964 -0.10232 -0.0945314
665.604 -5.89892 -1.18745 -6.35858 6.77049 -0.978664 6.89013 0.0479529 -0.103389 -0.0795652
665.621 -6.09044 -0.919312 -6.35858 6.8016 -0.827916 6.94756 0.0470366 -0.106901 -0.0707076
665.637 -6.39688 -1.18745 -6.28197 6.90688 -0.942772 6.96072 0.0436769 -0.106596 -0.0525344
665.654 -6.39688 -1.22575 -6.32027 6.97508 -1.06959 6.90568 0.0445931 -0.10736 -0.0514654
665.67 -6.47349 -1.18745 -6.12875 7.35912 -1.00857 6.91166 0.0407752 -0.107818 -0.03711
665.686 -6.93315 -1.45558 -6.16705 7.55773 -1.21555 6.9344 0.0374155 -0.103542 -0.0140499
665.703 -6.89484 -1.6088 -6.28197 7.38784 -1.47517 6.89611 0.0432187 -0.0991129 -0.00152716
665.719 -6.28197 -1.76202 -6.24366 7.16172 -1.76112 6.87099 0.0476475 -0.10568 0.0109956
665.736 -6.35858 -1.53219 -6.35858 7.14975 -1.56849 6.95115 0.0494801 -0.101862 -0.041997
665.753 -6.35858 -1.45558 -5.93723 7.14138 -1.38305 6.83869 0.0529926 -0.104458 -0.0649044
665.769 -5.97553 -1.22575 -6.35858 6.61615 -1.10907 6.92243 0.0536034 -0.10797 -0.116828
665.786 -5.86062 -0.804398 -6.24366 6.50489 -0.984646 6.8674 0.0516181 -0.110567 -0.106138
665.802 -5.66909 -0.804398 -6.05214 6.40678 -0.555135 6.89731 0.0471893 -0.11133 -0.10064
665.819 -5.89892 -0.727789 -6.28197 6.57428 -0.612562 6.91286 0.0415388 -0.119119 -0.0933096
665.836 -6.16705 -0.957617 -6.32027 6.71545 -0.736989 6.90688 0.0381791 -0.121715 -0.0751364
665.852 -6.39688 -1.26405 -6.12875 7.0672 -0.991825 6.91286 0.0363465 -0.122631 -0.0627664
665.869 -6.5118 -1.26405 -6.28197 7.1653 -1.17009 6.89731 0.0352775 -0.121715 -0.0519235
665.885 -6.35858 -1.34066 -6.32027 7.17368 -1.20239 6.87458 0.0372628 -0.122631 -0.0910189
665.901 -6.58841 -1.45558 -6.28197 7.21197 -1.28016 6.86142 0.0323759 -0.119882 -0.112094
665.918 -6.5501 -1.30236 -6.16705 7.35434 -1.25264 6.89133 0.0377209 -0.124769 -0.156534
665.934 -6.70332 -1.34066 -6.16705 7.37946 -1.21436 6.85543 0.0407752 -0.122478 -0.175013
665.951 -6.89484 -1.37897 -6.20536 7.52901 -1.29691 6.86501 0.0406225 -0.121562 -0.200822
665.967 -6.81823 -1.37897 -6.32027 7.34955 -1.31246 6.89611 0.0433714 -0.120951 -0.200517
665.984 -6.77993 -1.49388 -6.24366 7.34477 -1.36271 6.89252 0.043066 -0.115454 -0.188757
666.001 -6.70332 -1.6088 -6.24366 7.3675 -1.3998 6.93918 0.0470366 -0.114232 -0.157909
666.017 -6.74162 -1.57049 -6.28197 7.44766 -1.35912 6.8997 0.052229 -0.11637 -0.119577
666.034 -6.32027 -1.03423 -6.28197 7.35793 -1.27418 6.90927 0.0534507 -0.111025 -0.0879646
666.05 -6.28197 -0.804398 -6.35858 6.95354 -0.620937 6.8985 0.0482583 -0.108276 -0.0639881
666.067 -6.24366 -1.07253 -6.24366 7.41655 -1.0014 6.94277 0.0487165 -0.111636 -0.0200058
666.083 -6.66501 -0.957617 -6.32027 7.2993 -0.945165 6.9009 0.0500909 -0.107512 -0.00442877
666.099 -6.58841 -0.995922 -6.35858 7.25863 -0.830309 6.80519 0.0432187 -0.106443 0.0146608
666.115 -6.20536 -0.766094 -6.62671 6.86142 -0.684347 6.92722 0.0415388 -0.109192 -0.0169515
666.131 -6.16705 -1.30236 -6.24366 6.88654 -0.897308 6.94756 0.0406225 -0.106749 -0.0465785
666.148 -6.85654 -1.6471 -6.05214 7.47278 -1.62592 6.89013 0.0447459 -0.107054 -0.0980438
666.165 -7.12467 -1.6471 -6.32027 7.87358 -1.55892 6.91047 0.0510072 -0.104458 -0.111483
666.181 -7.00976 -1.30236 -6.47349 7.90588 -1.45364 6.90568 0.0497855 -0.101709 -0.119424
666.198 -6.89484 -1.22575 -6.43519 7.65344 -1.11147 6.88534 0.0534507 -0.0968221 -0.14844
666.214 -6.85654 -1.26405 -6.24366 7.69771 -1.16889 6.87218 0.0568105 -0.0931569 -0.176387
666.231 -6.97145 -1.34066 -6.35858 7.76112 -1.16291 6.90688 0.0594066 -0.0887282 -0.186772
666.248 -6.85654 -1.34066 -6.16705 7.71685 -1.21196 6.87936 0.057574 -0.0823141 -0.210748
666.264 -6.58841 -1.22575 -6.43519 7.26461 -1.08634 6.86859 0.0626137 -0.0846048 -0.259923
666.281 -6.12875 -0.995922 -6.24366 6.99302 -0.985843 6.8339 0.0613919 -0.083994 -0.290924
666.297 -5.89892 -0.842703 -6.20536 6.53839 -0.732203 6.86142 0.0636827 -0.0905607 -0.3514
666.314 -5.82231 -0.727789 -6.39688 6.40917 -0.696311 6.91884 0.064599 -0.0971275 -0.384081
666.331 -5.97553 -0.65118 -6.39688 6.53121 -0.468993 6.90329 0.0642935 -0.101404 -0.384081
666.347 -6.09044 -0.842703 -6.32027 6.72742 -0.677169 6.93918 0.0604756 -0.102625 -0.347582
666.364 -6.24366 -0.612875 -6.16705 6.97866 -0.582652 6.93679 0.0566577 -0.101709 -0.315359
666.38 -6.58841 -0.459656 -6.32027 7.18684 -0.527617 6.92483 0.0591012 -0.106596 -0.320246
666.397 -6.74162 -0.536266 -6.28197 7.40818 -0.439083 6.89491 0.0508545 -0.0986547 -0.337503
666.414 -7.00976 -0.766094 -6.24366 7.7001 -0.673579 6.90209 0.0525344 -0.097433 -0.397215
666.43 -6.93315 -0.612875 -6.20536 7.76471 -0.664008 6.91286 0.0568105 -0.0975857 -0.496175
666.447 -6.66501 -0.459656 -6.05214 7.53739 -0.504885 6.89731 0.0592539 -0.0972803 -0.542601
666.463 -6.32027 -0.383047 -6.20536 7.066 -0.367298 6.86261 0.0650571 -0.103083 -0.630718
666.48 -6.28197 -0.268133 -6.12875 6.97388 -0.228514 6.87697 0.0633773 -0.103389 -0.654847
666.496 -6.28197 -0.153219 -6.28197 6.91166 0.00717846 6.9009 0.0649044 -0.105222 -0.624762
666.512 -6.16705 -0.0766094 -6.35858 6.88534 0.198604 6.94995 0.0571159 -0.103847 -0.482278
666.529 -6.32027 0.0383047 -6.32027 6.89372 0.2668 6.9332 0.0549779 -0.102167 -0.394161
666.545 -6.20536 0.0766094 -6.47349 6.94397 0.340977 6.91406 0.0497855 -0.10232 -0.262977
666.561 -6.5501 -0.191523 -6.43519 7.25264 0.026321 6.92602 0.046273 -0.101862 -0.206167
666.577 -6.5501 -0.229828 -6.16705 7.24068 -0.0442672 6.89491 0.0453567 -0.100335 -0.211818
666.592 -6.39688 -0.344742 -6.47349 7.15693 -0.258425 6.88654 0.0455095 -0.103083 -0.259618
666.608 -6.43519 -0.459656 -6.47349 7.14497 -0.339781 6.92124 0.0467312 -0.104305 -0.277485
666.624 -6.47349 -0.421352 -6.32027 7.19641 -0.327816 6.92842 0.0494801 -0.104153 -0.254425
666.64 -6.62671 -0.114914 -6.39688 7.17846 -0.0311067 6.9332 0.0488692 -0.102931 -0.186008
666.656 -6.5501 -0.0766094 -6.43519 7.19282 0.087338 6.95115 0.0496328 -0.104305 -0.158367
666.671 -6.39688 0.0 -6.43519 7.08036 0.197408 6.91047 0.0476475 -0.100487 -0.115606
666.689 -6.35858 -0.153219 -6.43519 7.02174 0.17348 6.91406 0.0450513 -0.103083 -0.0962113
666.706 -6.12875 -0.306437 -6.66501 6.94995 -0.09332 6.93081 0.0442877 -0.104 -0.10797
666.721 -6.16705 -0.383047 -6.39688 6.94995 -0.260818 6.93918 0.0433714 -0.106138 -0.142179
666.738 -6.05214 -0.459656 -6.20536 6.88534 -0.331406 6.89133 0.0497855 -0.107818 -0.162643
666.754 -6.32027 -0.268133 -6.32027 6.999 -0.278764 6.93799 0.0488692 -0.104458 -0.16249
666.771 -6.39688 -0.268133 -6.35858 7.1007 -0.143569 6.95115 0.0548251 -0.111636 -0.152411
666.788 -6.43519 -0.114914 -6.5118 7.12702 -0.0514457 6.8985 0.0528398 -0.110872 -0.143553
666.804 -6.39688 -0.0383047 -6.32027 7.09472 0.12682 6.92363 0.0558941 -0.113926 -0.147982
666.821 -6.43519 0.0 -6.28197 7.11625 0.206979 6.92363 0.0580322 -0.114843 -0.173028
666.837 -6.5118 0.0 -6.5118 7.18445 0.197408 6.89013 0.0557414 -0.112705 -0.20128
666.854 -6.35858 0.0 -6.35858 7.36032 0.185444 6.91645 0.0566577 -0.115148 -0.19563
666.871 -6.74162 -0.191523 -6.5118 7.4991 0.105284 6.92722 0.0557414 -0.112246 -0.156076
666.887 -6.81823 0.0 -6.28197 7.58046 0.21655 6.89133 0.0578795 -0.108887 -0.142637
666.904 -6.66501 0.0383047 -6.32027 7.49432 0.257228 6.90927 0.0583376 -0.107512 -0.16081
666.92 -6.66501 0.229828 -6.5118 7.4656 0.363709 6.92363 0.0586431 -0.108276 -0.229838
666.937 -6.66501 0.153219 -6.35858 7.38186 0.418744 6.90568 0.0580322 -0.104611 -0.275806
666.954 -6.62671 0.191523 -6.39688 7.22513 0.425922 6.91765 0.057574 -0.104916 -0.275806
666.97 -6.5118 0.0766094 -6.47349 7.24068 0.320638 6.95833 0.0569632 -0.10568 -0.23106
666.987 -6.5118 0.0 -6.39688 7.21316 0.265603 6.92363 0.0555887 -0.102778 -0.193186
667.003 -6.43519 0.229828 -6.39688 7.10548 0.421137 6.87458 0.0548251 -0.102473 -0.182038
667.02 -6.35858 0.268133 -6.39688 6.94038 0.547956 6.84347 0.0528398 -0.105222 -0.163254
667.037 -6.43519 0.229828 -6.09044 7.07438 0.398405 6.9679 0.0494801 -0.106596 -0.140194
667.052 -6.5501 0.114914 -6.43519 7.15454 0.380459 6.95354 0.0497855 -0.104458 -0.128282
667.069 -6.66501 0.114914 -6.35858 7.39143 0.34337 6.932 0.0514654 -0.10568 -0.122173
667.086 -6.62671 0.229828 -6.35858 7.36152 0.480957 6.86979 0.0479529 -0.102473 -0.125075
667.103 -6.62671 0.268133 -6.32027 7.28375 0.581456 6.89133 0.0476475 -0.103083 -0.124616
667.12 -6.62671 0.153219 -6.39688 7.37468 0.51326 7.00858 0.0442877 -0.100335 -0.0862847
667.135 -6.74162 0.153219 -6.39688 7.41296 0.451047 6.92363 0.0470366 -0.0954477 -0.0746782
667.152 -6.77993 0.191523 -6.39688 7.37348 0.442672 6.88056 0.0471893 -0.0942259 -0.0919352
667.169 -6.35858 0.0766094 -6.05214 7.04806 0.351745 6.90449 0.0467312 -0.0988074 -0.134543
667.185 -6.12875 0.0383047 -6.39688 6.81475 0.29671 6.92363 0.0505491 -0.103236 -0.133627
667.202 -6.05214 0.0766094 -6.47349 6.78963 0.288335 6.94995 0.052229 -0.103389 -0.118202
667.218 -6.28197 0.153219 -6.05214 7.03849 0.327816 6.95952 0.0491747 -0.0966694 -0.08827
667.235 -6.35858 0.268133 -6.5118 7.21555 0.454636 6.92124 0.0531453 -0.101709 -0.104
667.252 -6.5118 0.306437 -6.43519 7.30528 0.477368 6.91047 0.0551306 -0.103083 -0.123089
667.268 -6.35858 0.191523 -6.5501 7.14497 0.503689 6.94277 0.0537561 -0.101251 -0.154549
667.285 -6.09044 0.191523 -6.58841 7.04806 0.397208 6.91166 0.0555887 -0.105527 -0.185398
667.301 -6.39688 0.191523 -6.47349 7.06241 0.443868 6.95593 0.057574 -0.102014 -0.205556
667.318 -6.39688 0.421352 -6.47349 7.15932 0.61017 6.96191 0.0587958 -0.105222 -0.222508
667.335 -6.09044 0.536266 -6.47349 6.98824 0.739382 6.8997 0.0548251 -0.106138 -0.21029
667.351 -6.32027 0.459656 -6.5118 6.95952 0.825523 6.87936 0.0500909 -0.105374 -0.177762
667.368 -6.39688 0.383047 -6.35858 7.10429 0.701097 7.01456 0.0514654 -0.110719 -0.0879646
667.384 -6.39688 0.383047 -6.28197 7.18445 0.667597 6.94038 0.0499382 -0.106749 -0.0502437
667.401 -6.35858 0.306437 -6.47349 7.12463 0.597009 6.96072 0.0476475 -0.103389 -0.079107
667.418 -6.05214 0.268133 -6.39688 6.85543 0.507278 6.91525 0.0482583 -0.106596 -0.177762
667.434 -6.20536 0.229828 -6.39688 6.90927 0.521635 6.93799 0.0507018 -0.112246 -0.187841
667.451 -6.20536 0.344742 -6.32027 6.97388 0.538385 6.9655 0.054367 -0.114995 -0.162948
667.467 -6.62671 0.421352 -6.32027 7.16052 0.709472 6.95474 0.0536034 -0.112705 -0.118508
667.484 -6.5501 0.459656 -6.43519 7.2323 0.720239 6.92124 0.0517708 -0.110719 -0.140957
667.501 -6.47349 0.65118 -6.66501 7.16889 0.845862 6.90329 0.0546724 -0.114079 -0.19059
667.517 -6.32027 0.383047 -6.5118 7.10189 0.740578 6.95234 0.0580322 -0.113926 -0.237474
667.534 -6.70332 0.421352 -6.24366 7.39143 0.668794 6.81475 0.0560469 -0.112399 -0.290008
667.55 -6.58841 0.268133 -6.62671 7.32323 0.574277 6.87338 0.0563523 -0.113774 -0.291535
667.567 -6.35858 0.727789 -6.5118 7.10548 0.954736 7.05165 0.0560469 -0.114537 -0.275958
667.583 -6.28197 0.689484 -6.32027 6.94875 1.01934 6.8674 0.0581849 -0.115301 -0.284969
667.599 -6.20536 0.536266 -6.39688 6.90568 1.02293 6.77049 0.0563523 -0.113163 -0.261756
667.616 -6.32027 0.497961 -6.43519 6.91406 0.875773 6.92483 0.0496328 -0.118813 -0.22938
667.632 -6.32027 0.191523 -7.31619 7.24905 0.625723 7.50508 0.0456622 -0.12034 -0.142637
667.649 -6.24366 0.804398 -8.23551 7.47039 1.21077 8.17867 0.031765 -0.118508 -0.464105
667.666 -5.93723 0.536266 -9.07821 7.41775 0.55992 10.0104 0.0772744 -0.111636 -0.890183
667.682 -6.20536 -0.344742 -4.17521 6.55633 0.104088 4.72582 0.127976 -0.0762054 -1.45676
667.699 -5.89892 1.30236 -5.51587 6.02034 0.830309 5.05244 0.125991 -0.117286 -0.803288
667.715 -5.7074 1.45558 -5.20944 6.38166 1.96451 5.57049 0.0711658 -0.129656 -0.683558
667.732 -5.51587 1.26405 -5.86062 5.72961 1.67378 6.24646 0.0540616 -0.139125 -0.316428
667.749 -6.12875 1.37897 -6.62671 6.26919 1.71326 6.42712 0.0574213 -0.135765 0.085063
667.765 -7.20128 1.45558 -6.70332 7.83649 1.64267 7.03609 0.0558941 -0.124922 0.223118
667.782 -7.43111 1.14914 -6.70332 8.3019 1.40339 7.17248 0.0519235 -0.0998765 0.216246
667.798 -7.43111 0.957617 -6.28197 8.25165 1.16052 6.90808 0.0574213 -0.106291 0.0413861
667.815 -7.54602 1.11084 -6.28197 8.0686 1.24546 6.80758 0.0600175 -0.109803 -0.0627664
667.832 -6.66501 1.22575 -6.32027 7.39621 1.50867 6.89372 0.0572686 -0.108123 -0.186619
667.847 -6.16705 1.53219 -6.35858 7.12223 1.69172 6.90688 0.0534507 -0.103694 -0.174707
667.863 -5.78401 1.83862 -6.47349 6.47019 2.08534 6.90449 0.0493274 -0.100487 -0.101556
667.878 -5.78401 1.80032 -6.47349 6.36969 2.06979 6.91166 0.045204 -0.104916 -0.0510072
667.894 -5.82231 1.22575 -6.43519 6.67717 1.6331 6.94038 0.0448986 -0.107207 -0.0561996
667.911 -6.43519 1.11084 -6.58841 7.11506 1.3663 6.92602 0.0467312 -0.112094 -0.110261
667.927 -6.43519 0.842703 -6.28197 7.16889 1.25145 6.88175 0.0461203 -0.113926 -0.149967
667.943 -6.43519 1.03423 -6.43519 7.17727 1.27896 6.92004 0.0471893 -0.111483 -0.162032
667.96 -6.39688 1.26405 -6.39688 6.91765 1.46201 6.90688 0.0520762 -0.116064 -0.164934
667.976 -5.97553 1.37897 -6.66501 6.84945 1.52662 6.95234 0.0508545 -0.115148 -0.128434
667.993 -6.20536 1.26405 -6.5118 6.85543 1.53619 6.92243 0.0488692 -0.113774 -0.0910189
668.009 -6.24366 1.37897 -6.32027 6.89611 1.5673 6.88894 0.0500909 -0.110872 -0.000916298
668.026 -6.32027 1.45558 -6.43519 6.90927 1.63789 6.88654 0.0500909 -0.113468 0.0164934
668.043 -6.20536 1.30236 -6.58841 7.12822 1.61037 6.94636 0.0511599 -0.114843 -0.00626137
668.059 -6.35858 1.18745 -6.62671 7.17009 1.51705 6.87338 0.0487165 -0.114079 -0.0555887
668.076 -6.28197 1.41727 -6.43519 7.16052 1.55653 6.90209 0.0487165 -0.112552 -0.0733038
668.092 -6.24366 1.41727 -6.5118 7.02054 1.71326 6.9009 0.0458149 -0.11301 -0.0749837
668.109 -6.12875 1.57049 -6.47349 6.9344 1.77188 6.94636 0.045204 -0.114537 -0.100029
668.126 -6.20536 1.37897 -6.47349 6.932 1.6989 6.9344 0.0418443 -0.115912 -0.167835
668.141 -6.28197 1.41727 -6.5118 6.88415 1.65583 6.8997 0.0432187 -0.116523 -0.181427
668.158 -6.20536 1.26405 -6.47349 6.96072 1.60798 6.87577 0.0392481 -0.117592 -0.146608
668.173 -6.47349 1.22575 -6.39688 7.10668 1.57328 6.94397 0.0375682 -0.113163 -0.114843
668.189 -6.74162 1.30236 -6.5118 7.41655 1.49432 6.99063 0.0404698 -0.111177 -0.0865901
668.206 -6.70332 1.03423 -6.5118 7.42134 1.3328 6.90449 0.0394008 -0.108734 -0.127976
668.222 -6.24366 1.07253 -6.62671 7.25743 1.41775 6.88894 0.0424551 -0.110567 -0.154396
668.239 -6.12875 1.18745 -6.28197 6.7657 1.41296 6.81356 0.0426078 -0.112094 -0.201127
668.255 -6.20536 1.03423 -6.47349 6.85304 1.32921 6.98106 0.0465785 -0.111177 -0.237779
668.272 -4.51995 2.25998 -10.304 6.40319 1.70489 10.3585 0.045204 -0.11301 -0.256563
668.289 -5.17113 0.383047 -7.46941 7.07198 0.697508 8.60339 0.0920879 -0.133169 -1.61375
668.305 -4.903 0.919312 -6.24366 5.56092 1.13539 6.69392 0.130878 -0.123242 -1.60276
668.322 -5.28605 0.995922 -5.59248 6.00718 1.2682 5.42931 0.140957 -0.120799 -1.53984
668.338 -5.47757 1.72371 -5.55418 5.82413 2.18345 6.15792 0.095295 -0.151953 -1.28175
668.355 -5.09452 1.72371 -7.20128 5.4987 2.00758 7.22153 0.0755945 -0.165392 -0.867276
668.372 -6.09044 2.56641 -6.74162 6.17827 2.67996 7.50389 0.0902553 -0.164017 -0.644157
668.388 -6.81823 2.75794 -4.903 7.44048 2.99222 5.75952 0.076969 -0.130267 -0.173028
668.405 -7.54602 2.68133 -5.86062 8.2648 2.8654 5.55853 0.0549779 -0.10568 0.159436
668.421 -7.31619 2.52811 -6.05214 8.14995 2.67757 6.0993 0.0558941 -0.114079 0.173638
668.438 -7.23959 2.98777 -6.47349 7.87597 3.20758 6.99183 0.0606284 -0.122478 -0.00824668
668.455 -6.47349 2.29828 -6.35858 7.22034 2.47657 6.89731 0.0468839 -0.120646 -0.118813
668.471 -5.93723 2.4515 -6.24366 6.70229 2.47418 6.87817 0.0490219 -0.109192 -0.135154
668.487 -5.63079 2.75794 -6.43519 6.28475 2.89651 6.87099 0.0513127 -0.108123 -0.0911716
668.503 -5.43926 2.68133 -6.43519 6.15195 2.93599 6.85065 0.0459676 -0.116981 -0.0219911
668.519 -5.7457 2.33659 -6.32027 6.30389 2.668 6.84347 0.0445931 -0.115301 -0.0197004
668.536 -6.20536 1.99184 -6.09044 6.77886 2.35095 6.8662 0.0439823 -0.116523 -0.0407752
668.552 -6.39688 2.06845 -6.35858 6.95713 2.2349 6.86501 0.0481056 -0.120951 -0.0594066
668.569 -6.35858 1.99184 -6.43519 7.02891 2.199 6.86501 0.0508545 -0.12034 -0.0597121
668.586 -6.20536 1.95354 -6.58841 6.85902 2.26241 6.87458 0.0525344 -0.118661 -0.0352775
668.602 -6.09044 2.06845 -6.32027 6.77169 2.33061 6.87577 0.0549779 -0.114843 -0.00855211
668.619 -6.05214 2.29828 -6.62671 6.74536 2.40837 6.84467 0.0571159 -0.115759 -0.000458149
668.635 -6.09044 2.29828 -6.39688 6.68076 2.54955 6.82313 0.056505 -0.117286 0.00366519
668.651 -5.86062 2.4515 -6.39688 6.72742 2.59621 6.82672 0.0546724 -0.116675 0.0166461
668.668 -5.97553 2.52811 -6.32027 6.73101 2.68475 6.86859 0.0569632 -0.119271 0.0221439
668.684 -6.05214 2.37489 -6.12875 6.72981 2.67278 6.85065 0.0525344 -0.116828 0.0342084
668.701 -6.12875 2.29828 -6.39688 6.78604 2.60937 6.87218 0.0513127 -0.116981 0.0302378
668.717 -6.16705 2.18337 -6.39688 6.81117 2.51844 6.84467 0.0536034 -0.119882 0.0235183
668.734 -5.97553 2.18337 -6.32027 6.80399 2.42871 6.81954 0.0519235 -0.118355 0.02474
668.751 -6.05214 2.18337 -6.39688 6.84586 2.41077 6.84826 0.0507018 -0.119271 0.0340557
668.767 -6.05214 2.18337 -6.28197 6.79801 2.36291 6.84467 0.0514654 -0.118813 0.0445931
668.784 -6.39688 2.06845 -6.20536 6.87697 2.38445 6.86859 0.0510072 -0.120035 0.0603229
668.8 -6.24366 2.25998 -6.35858 6.95234 2.47059 6.84945 0.0478002 -0.113926 0.067806
668.817 -6.24366 2.22167 -6.39688 6.97986 2.43589 6.82433 0.0503964 -0.116828 0.0623082
668.834 -6.20536 2.10676 -6.32027 6.89491 2.39163 6.82433 0.0519235 -0.119882 0.0395535
668.85 -6.20536 2.29828 -6.35858 6.85543 2.45862 6.85783 0.0507018 -0.116828 0.014508
668.867 -6.09044 2.22167 -6.89484 6.85424 2.49093 6.86261 0.0513127 -0.116217 0.00595593
668.883 -6.01384 2.18337 -6.35858 6.71426 2.45025 6.83509 0.0493274 -0.117897 0.00870483
668.9 -5.82231 2.06845 -6.16705 6.55992 2.3677 6.81954 0.0507018 -0.120035 0.0337503
668.917 -5.93723 1.95354 -6.39688 6.51565 2.29831 6.84227 0.0471893 -0.120493 0.0525344
668.933 -5.82231 2.10676 -6.32027 6.66042 2.32702 6.86022 0.0491747 -0.120646 0.102778
668.95 -6.32027 2.06845 -6.5501 6.92124 2.31386 6.88534 0.0474948 -0.119424 0.155312
