689.379 -6.70332 0.689484 -6.20536 7.28255 0.937986 6.81595 0.0445931 -0.105985 0.0681114
689.396 -6.5118 0.612875 -6.43519 7.24546 0.874577 6.82194 0.0470366 -0.106138 0.0719294
689.413 -6.62671 0.459656 -6.35858 7.23111 0.813559 6.83869 0.0484111 -0.104 0.0917825
689.429 -6.5118 0.65118 -6.43519 7.22513 0.874577 6.86022 0.0507018 -0.104458 0.112552
689.446 -6.39688 0.65118 -6.24366 7.20838 0.880558 6.82911 0.0536034 -0.10736 0.121257
689.462 -6.39688 0.612875 -6.47349 7.18086 0.908076 6.84945 0.0505491 -0.103236 0.140194
689.479 -6.62671 0.421352 -6.28197 7.11027 0.805184 6.82194 0.0496328 -0.0997237 0.350636
689.496 -6.39688 0.536266 -6.97145 7.12104 0.84347 6.82433 0.0455095 -0.0975857 0.487928
689.512 -6.5118 0.727789 -6.5118 7.21795 0.947557 6.84108 0.0323759 -0.0981966 0.627358
689.529 -6.58841 0.421352 -6.39688 7.34955 0.674776 6.87099 0.0282525 -0.0954477 0.681267
689.545 -6.93315 0.191523 -6.35858 7.39741 0.496511 6.87338 0.0276416 -0.0911716 0.654084
689.562 -6.74162 0.0766094 -6.43519 7.46919 0.339781 6.89611 0.0436769 -0.0971275 0.544281
689.578 -6.5118 0.0 -6.32027 7.38784 0.232104 6.90688 0.0517708 -0.0965167 0.34743
689.594 -6.47349 -0.114914 -6.35858 7.17846 0.09332 6.8327 0.0517708 -0.0972803 0.296575
689.611 -6.28197 -0.191523 -6.09044 6.95833 0.0107677 6.81595 0.0537561 -0.0991129 0.467923
689.628 -6.58841 0.0 -6.43519 6.98943 0.142373 6.95354 0.0468839 -0.0977384 0.688598
689.644 -6.74162 0.0766094 -6.43519 7.45364 0.34337 6.97627 0.0427606 -0.0925461 0.722653
689.661 -6.93315 -0.0383047 -6.32027 7.69771 0.0741775 6.89731 0.0456622 -0.0908662 0.64767
689.676 -6.97145 -0.229828 -6.43519 7.73001 -0.106481 6.86022 0.0551306 -0.0919352 0.495717
689.693 -6.62671 -0.536266 -6.20536 7.46321 -0.267996 6.87458 0.0601702 -0.0936151 0.461967
689.71 -6.5118 -0.421352 -6.28197 7.18086 -0.269192 6.85783 0.0600175 -0.0937678 0.519999
689.726 -6.43519 -0.114914 -6.32027 7.05404 -0.106481 6.9332 0.053298 -0.0902553 0.628427
689.743 -6.39688 -0.0766094 -6.43519 7.14736 0.0897308 6.90808 0.0484111 -0.0922406 0.64828
689.759 -6.47349 -0.0766094 -6.32027 7.18684 -0.0107677 6.86859 0.0433714 -0.090408 0.633773
689.776 -6.35858 -0.229828 -6.32027 7.20239 -0.162712 6.83629 0.0421497 -0.0873537 0.554971
689.793 -6.39688 -0.383047 -6.32027 7.09472 -0.297906 6.84467 0.0415388 -0.0885754 0.51893
689.809 -6.43519 -0.689484 -6.39688 7.07677 -0.524028 6.89611 0.0508545 -0.0922406 0.457996
689.826 -6.32027 -0.766094 -6.32027 7.02413 -0.707079 6.86859 0.0529926 -0.0983493 0.461509
689.842 -6.20536 -0.957617 -6.28197 7.08395 -0.771685 6.88175 0.0487165 -0.0948368 0.483194
689.859 -6.58841 -0.727789 -6.35858 7.16889 -0.626919 6.92722 0.0546724 -0.0989602 0.518625
689.876 -6.5501 -0.919312 -6.20536 7.3005 -0.685544 6.88774 0.0525344 -0.0946841 0.503658
689.892 -6.43519 -0.881008 -6.24366 7.25743 -0.748953 6.90329 0.0552833 -0.0988074 0.505491
689.909 -6.39688 -1.11084 -6.20536 7.23111 -0.85663 6.93799 0.0561996 -0.0981966 0.483805
689.925 -6.43519 -1.14914 -6.28197 7.06959 -1.05284 6.84706 0.0514654 -0.0981966 0.529162
689.942 -6.5118 -1.22575 -6.20536 7.11266 -0.97986 6.89611 0.0508545 -0.0957531 0.554666
689.959 -6.47349 -1.11084 -6.35858 7.12582 -0.970289 6.92363 0.0510072 -0.0960585 0.592844
689.975 -6.5118 -1.22575 -6.32027 7.08873 -1.07198 6.89372 0.0488692 -0.0981966 0.578336
689.992 -6.35858 -1.34066 -6.05214 7.0325 -1.15932 6.932 0.0493274 -0.0986547 0.606742
690.008 -6.35858 -1.30236 -6.32027 6.91525 -1.24666 6.88415 0.0502437 -0.098502 0.677755
690.025 -6.09044 -1.45558 -6.5501 6.91765 -1.35314 6.87936 0.0493274 -0.100487 0.596357
690.042 -6.28197 -1.6088 -6.32027 6.96191 -1.46321 6.88056 0.0516181 -0.0992656 0.524733
690.058 -6.28197 -1.76202 -6.32027 6.92363 -1.57328 6.92124 0.0571159 -0.10232 0.421344
690.074 -6.16705 -1.83862 -6.32027 6.89611 -1.61874 6.87458 0.0568105 -0.108276 0.426995
690.09 -6.24366 -1.76202 -6.35858 6.89491 -1.5673 6.89372 0.0558941 -0.106596 0.466548
690.107 -6.32027 -1.57049 -6.09044 6.94277 -1.59123 6.92842 0.053298 -0.103236 0.523664
690.124 -6.24366 -1.80032 -6.39688 6.99781 -1.70608 6.89611 0.0536034 -0.105222 0.500299
690.14 -6.16705 -1.91523 -6.39688 6.93679 -1.76949 6.88415 0.054367 -0.105985 0.482889
690.157 -6.24366 -2.14506 -6.28197 6.88774 -1.95015 6.92602 0.0574213 -0.108887 0.487318
690.173 -6.20536 -2.06845 -6.20536 6.91047 -1.97288 6.89491 0.0568105 -0.108887 0.525191
690.19 -6.35858 -2.18337 -6.5118 6.94158 -2.0004 6.90209 0.0566577 -0.107512 0.5313
690.207 -6.39688 -2.22167 -6.28197 6.97986 -2.05424 6.91645 0.0606284 -0.110414 0.525191
690.223 -6.32027 -2.25998 -6.28197 6.94995 -2.09611 6.91765 0.0587958 -0.110719 0.504117
690.24 -6.09044 -2.29828 -6.47349 6.88654 -2.11406 6.932 0.0604756 -0.109956 0.491746
690.256 -6.05214 -2.41319 -6.24366 6.66999 -2.22293 6.90808 0.0584903 -0.110872 0.491594
690.273 -5.89892 -2.41319 -6.35858 6.6664 -2.30309 6.90449 0.0540616 -0.106443 0.507782
690.29 -6.09044 -2.41319 -6.32027 6.67837 -2.32582 6.91166 0.0560469 -0.112399 0.501978
690.306 -6.09044 -2.4898 -6.32027 6.74536 -2.40957 6.91645 0.0563523 -0.115759 0.474489
690.323 -6.05214 -2.64302 -6.39688 6.70349 -2.51844 6.93559 0.057574 -0.115912 0.428827
690.339 -5.89892 -2.71963 -6.24366 6.66999 -2.53878 6.90927 0.0597121 -0.11805 0.402866
690.356 -5.93723 -2.71963 -6.47349 6.60538 -2.62253 6.91047 0.0621555 -0.121104 0.379347
690.373 -5.93723 -2.75794 -6.32027 6.6341 -2.68834 6.92722 0.0609338 -0.118966 0.381638
690.389 -5.89892 -2.83455 -6.24366 6.6999 -2.7003 6.90449 0.0601702 -0.119119 0.369268
690.406 -6.20536 -2.68133 -5.97553 6.7322 -2.66082 6.92483 0.0633773 -0.11973 0.362396
690.422 -6.12875 -2.83455 -6.32027 6.72861 -2.72303 6.91765 0.0620028 -0.118661 0.357662
690.439 -5.89892 -2.87285 -6.35858 6.69511 -2.75414 6.9332 0.0592539 -0.117133 0.343001
690.456 -6.09044 -2.83455 -6.05214 6.70349 -2.79242 6.91765 0.0613919 -0.118661 0.32834
690.471 -6.09044 -2.87285 -5.93723 6.61855 -2.81037 6.91166 0.0626137 -0.120493 0.304516
690.488 -5.82231 -2.94946 -6.24366 6.58146 -2.85224 6.88534 0.0641408 -0.120951 0.285732
690.503 -5.86062 -3.02607 -6.24366 6.53958 -2.89651 6.9009 0.064599 -0.11973 0.251829
690.519 -5.82231 -2.94946 -6.5118 6.49651 -2.82353 6.84467 0.0641408 -0.120035 0.224951
690.535 -6.16705 -3.2559 -6.24366 6.65922 -3.00299 6.94995 0.0620028 -0.120646 0.226478
690.552 -6.09044 -3.2559 -6.35858 6.71545 -3.05085 6.91166 0.0636827 -0.118355 0.23671
690.568 -6.05214 -3.21759 -6.32027 6.69033 -3.0329 6.91525 0.0627664 -0.117592 0.254425
690.584 -5.86062 -3.21759 -6.12875 6.57906 -3.1011 6.92483 0.0629191 -0.120035 0.267406
690.6 -5.78401 -3.14098 -6.32027 6.5348 -3.04726 6.9009 0.0612392 -0.118661 0.29627
690.617 -5.86062 -3.14098 -6.28197 6.5336 -3.04606 6.91884 0.0610865 -0.11805 0.305585
690.633 -5.86062 -3.06437 -6.20536 6.5348 -2.96231 6.89731 0.0609338 -0.117286 0.29459
690.65 -5.93723 -3.2942 -6.20536 6.49771 -3.09631 6.8985 0.0633773 -0.119577 0.273515
690.668 -5.7457 -3.40912 -6.39688 6.44147 -3.22193 6.92004 0.0610865 -0.120035 0.26649
690.683 -5.78401 -3.48573 -6.16705 6.46301 -3.31406 6.91645 0.0615447 -0.118661 0.260839
690.7 -5.7457 -3.48573 -6.24366 6.47737 -3.34756 6.89252 0.0633773 -0.121104 0.233045
690.716 -6.01384 -3.60064 -6.24366 6.47258 -3.34756 6.88056 0.0642935 -0.120188 0.171348
690.733 -5.78401 -3.56234 -6.35858 6.51206 -3.34397 6.91406 0.0642935 -0.118508 0.13439
690.75 -5.82231 -3.21759 -6.16705 6.50489 -3.20877 6.90688 0.0647517 -0.117744 0.0687223
690.766 -5.78401 -3.2942 -6.20536 6.52881 -3.11545 6.89252 0.0653626 -0.116523 0.0065668
690.783 -5.93723 -3.2942 -6.39688 6.57308 -3.18724 6.95115 0.064599 -0.116828 -0.0282525
690.799 -5.86062 -3.33251 -6.16705 6.46899 -3.17288 6.88415 0.0650571 -0.11805 -0.105985
690.816 -5.7457 -3.40912 -6.12875 6.44865 -3.16092 6.8674 0.0652099 -0.118813 -0.161116
690.833 -5.7074 -3.2559 -6.32027 6.42592 -3.19202 6.92483 0.0638354 -0.114385 -0.174097
690.849 -5.86062 -3.2942 -6.35858 6.53839 -3.15374 6.93679 0.0627664 -0.111941 -0.182496
690.866 -5.82231 -3.52403 -6.24366 6.5994 -3.17288 6.95952 0.0630718 -0.114537 -0.154549
690.882 -6.16705 -3.44742 -6.5118 6.75015 -3.18365 6.94517 0.0629191 -0.113926 -0.133779
690.899 -6.05214 -3.37081 -6.32027 6.81475 -3.18365 6.90209 0.0612392 -0.10965 -0.0957531
690.916 -6.05214 -3.56234 -6.24366 6.83629 -3.22792 6.90329 0.0623082 -0.106749 -0.0867428
690.932 -6.32027 -3.48573 -6.09044 6.89252 -3.35713 6.94397 0.0652099 -0.108123 -0.0888809
690.949 -6.12875 -3.67725 -6.20536 6.95234 -3.48754 6.91525 0.0620028 -0.0986547 -0.0784962
690.965 -6.28197 -3.63894 -6.47349 6.95354 -3.45523 6.92004 0.0647517 -0.097433 -0.0746782
690.982 -6.28197 -3.52403 -6.20536 6.95593 -3.38824 6.91525 0.0664316 -0.0971275 -0.0736092
690.999 -6.16705 -3.52403 -6.20536 6.80758 -3.34397 6.90927 0.0670424 -0.0913243 -0.074831
691.015 -5.89892 -3.44742 -6.39688 6.72263 -3.29133 6.89491 0.0687223 -0.089339 -0.0699441
691.032 -5.97553 -3.52403 -6.28197 6.62333 -3.31047 6.91645 0.0708604 -0.091477 -0.0609338
691.048 -5.93723 -3.37081 -6.20536 6.5659 -3.24706 6.90568 0.0725402 -0.0899499 -0.0343612
691.065 -5.82231 -3.2942 -6.35858 6.47019 -3.08435 6.91286 0.0713185 -0.0890336 -0.00305432
691.082 -5.7074 -3.2942 -6.32027 6.41276 -3.02812 6.92363 0.0668897 -0.086132 0.0172569
691.098 -5.55418 -3.2942 -6.5118 6.27876 -3.02453 6.94038 0.0699441 -0.0902553 0.0705549
691.115 -5.7074 -3.14098 -6.32027 6.30628 -2.94556 6.97149 0.0655153 -0.0870483 0.119271
691.131 -5.63079 -3.33251 -6.32027 6.26321 -3.0006 6.92842 0.0653626 -0.0891863 0.136834
691.148 -5.47757 -3.2942 -6.35858 6.25603 -3.1322 6.97268 0.0632245 -0.0891863 0.13943
691.165 -5.47757 -3.2559 -6.32027 6.19741 -3.13579 6.93081 0.0607811 -0.0905607 0.118355
691.181 -5.40096 -3.37081 -6.5118 6.17228 -3.17647 6.92602 0.0604756 -0.0896445 0.098502
691.198 -5.51587 -3.40912 -6.28197 6.19262 -3.26142 6.92004 0.0655153 -0.0957531 0.0412334
691.214 -5.59248 -3.37081 -6.28197 6.26082 -3.26022 6.92124 0.0632245 -0.098502 -0.0129809
691.231 -5.66909 -3.2559 -6.24366 6.26919 -3.2327 6.93918 0.062461 -0.0959058 -0.0329867
691.248 -5.7074 -3.44742 -6.32027 6.25484 -3.23749 6.94995 0.0615447 -0.0992656 -0.0638354
691.264 -5.55418 -3.52403 -6.16705 6.25005 -3.23868 6.94756 0.0636827 -0.100945 -0.0849102
691.281 -5.63079 -3.52403 -6.28197 6.31944 -3.25663 6.9655 0.0632245 -0.101098 -0.096364
691.297 -5.66909 -3.48573 -6.47349 6.49651 -3.31286 7.01217 0.062461 -0.0977384 -0.127824
691.314 -5.78401 -3.44742 -6.16705 6.50489 -3.27458 7.02293 0.0632245 -0.0997237 -0.157909
691.331 -5.66909 -3.48573 -6.35858 6.46899 -3.29133 7.02174 0.0616974 -0.096364 -0.173638
691.347 -5.78401 -3.21759 -6.28197 6.38046 -3.07717 6.90927 0.067806 -0.102473 -0.24175
691.364 -6.05214 -3.44742 -6.39688 6.55274 -3.23988 7.01695 0.0655153 -0.097433 -0.341626
691.38 -5.86062 -3.37081 -6.43519 6.57188 -3.25543 7.03011 0.0705549 -0.0997237 -0.398284
691.397 -5.7074 -3.21759 -6.28197 6.48933 -3.15254 6.98704 0.0697913 -0.0992656 -0.505796
691.414 -5.7457 -3.10268 -6.28197 6.38405 -3.0317 6.94517 0.0729984 -0.0998765 -0.581085
691.43 -5.66909 -3.14098 -6.43519 6.42233 -2.96112 6.999 0.0705549 -0.0969748 -0.586278
691.447 -5.78401 -2.94946 -6.58841 6.44506 -2.87856 6.97986 0.0704022 -0.097433 -0.568104
691.463 -5.89892 -2.94946 -6.28197 6.51446 -2.79482 6.93559 0.0699441 -0.100335 -0.516181
691.48 -5.89892 -2.83455 -6.28197 6.54078 -2.72782 6.92004 0.0702495 -0.0992656 -0.44639
691.496 -5.93723 -2.79624 -6.28197 6.53599 -2.71825 6.91047 0.0681114 -0.101556 -0.41157
691.512 -5.82231 -2.87285 -6.20536 6.54796 -2.80199 6.97627 0.0681114 -0.103694 -0.373697
691.529 -5.78401 -2.94946 -6.24366 6.55633 -2.77567 6.99781 0.0684169 -0.10064 -0.378431
691.545 -5.97553 -2.91116 -6.39688 6.59581 -2.71585 7.00379 0.0690278 -0.104153 -0.392786
691.562 -5.89892 -3.02607 -6.16705 6.73819 -2.75414 7.02054 0.0719294 -0.107207 -0.432798
691.579 -6.05214 -2.79624 -6.39688 6.75374 -2.72662 6.99781 0.0736092 -0.105069 -0.477849
691.595 -6.20536 -2.75794 -6.16705 6.78245 -2.60698 6.98225 0.0763581 -0.108734 -0.491899
691.612 -6.16705 -2.64302 -6.16705 6.75015 -2.53878 6.95833 0.0728457 -0.103389 -0.485027
691.628 -6.12875 -2.64302 -6.39688 6.77408 -2.50528 6.95474 0.0731511 -0.102625 -0.433103
691.645 -6.24366 -2.52811 -6.5118 6.89731 -2.35334 7.02174 0.0717766 -0.10064 -0.386372
691.662 -6.12875 -2.4515 -6.43519 6.80877 -2.29232 7.01575 0.0714712 -0.100487 -0.270308
691.678 -6.12875 -2.33659 -6.28197 6.76092 -2.25523 6.97268 0.0687223 -0.0956004 -0.166003
691.695 -6.24366 -2.52811 -6.32027 6.83749 -2.29232 6.9332 0.0728457 -0.0997237 -0.130267
691.711 -6.16705 -2.52811 -6.24366 6.99302 -2.35454 6.91286 0.0687223 -0.0942259 -0.0642935
691.727 -6.32027 -2.4515 -6.24366 6.97508 -2.37009 6.96191 0.065668 -0.0908662 -0.0401644
691.744 -6.39688 -2.4515 -6.32027 6.93559 -2.33659 7.02533 0.066737 -0.0931569 -0.0261145
691.76 -5.97553 -2.37489 -6.47349 6.86142 -2.37248 6.95354 0.0699441 -0.0948368 -0.0250455
691.777 -6.20536 -2.4515 -6.35858 6.83629 -2.31745 6.95115 0.0694859 -0.0917825 -0.0190895
691.794 -6.16705 -2.56641 -6.16705 6.82074 -2.35693 6.98584 0.0708604 -0.0942259 -0.0116064
691.81 -6.24366 -2.52811 -6.39688 6.92124 -2.41077 7.06481 0.073762 -0.0919352 0.00763582
691.826 -6.32027 -2.4515 -6.24366 6.92124 -2.32702 7.01456 0.0739146 -0.0910189 0.0248928
691.841 -6.20536 -2.25998 -6.32027 6.7657 -2.0985 6.99422 0.0697913 -0.08827 0.0731511
691.858 -6.20536 -2.29828 -6.39688 6.72144 -2.20259 7.0325 0.0707076 -0.090408 0.106443
691.875 -6.01384 -2.33659 -6.35858 6.76331 -2.29113 7.05165 0.0699441 -0.0887282 0.112857
691.891 -6.09044 -2.4515 -6.35858 6.59222 -2.25763 6.94756 0.0696386 -0.0884227 0.114843
691.908 -5.82231 -2.4515 -6.47349 6.47019 -2.31625 6.97747 0.0673479 -0.0930042 0.107207
691.924 -5.7074 -2.56641 -6.39688 6.40798 -2.33898 7.04447 0.0638354 -0.0911716 0.103847
691.941 -5.7457 -2.41319 -6.20536 6.34696 -2.32822 6.96191 0.0690278 -0.0945314 0.0887282
691.958 -5.63079 -2.18337 -6.24366 6.27398 -2.10329 6.81595 0.0684169 -0.100793 0.0395535
691.973 -5.51587 -2.22167 -6.24366 6.24886 -2.07577 6.87099 0.0682642 -0.103083 -0.00763582
691.989 -5.63079 -2.33659 -6.35858 6.21535 -2.13559 7.02054 0.0642935 -0.105527 -0.116217
692.005 -5.40096 -2.29828 -6.28197 6.16152 -2.20259 7.03131 0.0644463 -0.112705 -0.210138
692.022 -5.36266 -2.22167 -6.32027 6.05982 -2.11525 6.89133 0.0638354 -0.116828 -0.254578
692.039 -5.36266 -2.14506 -6.39688 6.03589 -2.00758 6.97747 0.0623082 -0.123395 -0.326202
692.055 -5.28605 -1.95354 -6.28197 6.0 -1.91067 7.00139 0.0618501 -0.133627 -0.362701
692.072 -5.24774 -2.10676 -6.47349 6.18784 -1.8006 6.97986 0.0583376 -0.132863 -0.370642
692.088 -5.89892 -1.87693 -6.43519 6.59701 -1.78863 7.02772 0.0572686 -0.138208 -0.384234
692.105 -6.28197 -1.87693 -6.43519 6.77169 -1.81974 7.04447 0.0516181 -0.135307 -0.375987
692.122 -6.16705 -2.14506 -6.39688 6.93799 -1.88435 7.10788 0.0487165 -0.13439 -0.359036
692.138 -6.39688 -2.06845 -6.5501 6.98106 -1.89272 7.05045 0.0426078 -0.13271 -0.28283
692.155 -6.47349 -2.06845 -6.5118 7.04566 -1.89511 7.20479 0.0395535 -0.132252 -0.124006
692.171 -5.82231 -1.95354 -6.39688 6.58505 -1.75394 7.11506 0.0412334 -0.134085 -0.0725402
692.188 -6.05214 -1.68541 -6.39688 6.71904 -1.61755 7.00139 0.0403171 -0.138361 -0.0563523
692.205 -6.58841 -2.06845 -6.5118 7.30528 -1.79222 7.05284 0.0357356 -0.128587 -0.0980438
692.221 -6.97145 -2.06845 -6.24366 7.57089 -1.88435 7.0002 0.0381791 -0.128587 -0.135154
692.238 -6.81823 -1.91523 -6.47349 7.60678 -1.89153 6.97627 0.0369573 -0.124006 -0.201891
692.254 -6.5118 -1.95354 -6.24366 7.21795 -1.83649 6.92961 0.0316123 -0.119882 -0.234725
692.271 -6.09044 -1.80032 -6.35858 6.89611 -1.82213 6.92243 0.0300851 -0.116675 -0.226326
692.288 -6.01384 -1.91523 -6.43519 6.54556 -1.71565 6.97986 0.0320704 -0.123242 -0.184787
692.304 -6.43519 -1.87693 -6.47349 7.07079 -1.72762 7.09113 0.0280998 -0.119577 -0.105985
692.321 -6.74162 -2.22167 -6.47349 7.28016 -1.93819 7.07438 0.0271835 -0.117744 -0.0639881
692.337 -6.74162 -2.41319 -6.35858 7.66062 -2.17508 6.99183 0.0274889 -0.10965 -0.00488692
692.354 -5.7074 -2.98777 -6.32027 6.98704 -2.62134 6.95713 0.0308487 -0.109039 0.0114537
692.371 -6.24366 -2.52811 -6.35858 7.12941 -2.45504 6.98106 0.0311541 -0.109345 -0.00274889
692.387 -6.05214 -2.37489 -6.47349 6.75733 -2.39163 6.98824 0.0346666 -0.102625 -0.0335976
692.404 -5.7074 -2.41319 -6.43519 6.42592 -2.37368 6.95115 0.0406225 -0.108887 -0.0453567
692.42 -5.78401 -2.33659 -6.32027 6.27757 -2.36889 6.95115 0.0424551 -0.110567 -0.0429133
692.437 -5.40096 -2.33659 -6.24366 6.28116 -2.18584 6.97508 0.0445931 -0.115148 -0.0340557
692.454 -5.55418 -2.37489 -6.39688 6.26919 -2.22293 7.01575 0.0453567 -0.11637 -0.011301
692.47 -6.12875 -2.60472 -6.43519 6.59342 -2.33779 6.92004 0.0476475 -0.121715 -0.00198531
692.487 -6.24366 -2.06845 -6.5501 6.8662 -2.14636 6.99781 0.0514654 -0.120951 -0.0111483
692.503 -6.12875 -2.25998 -6.35858 6.90209 -2.10209 6.97388 0.0464257 -0.121409 -0.0303905
692.52 -5.78401 -1.14914 -6.5501 6.70229 -1.84247 6.98704 0.0470366 -0.123089 -0.0694859
692.537 -6.12875 -1.99184 -6.5118 6.81117 -1.80778 6.93799 0.0380264 -0.123089 -0.0827722
692.553 -6.47349 -2.4898 -6.16705 7.04566 -2.40957 6.932 0.0517708 -0.119271 -0.118355
692.57 -6.58841 -2.22167 -6.47349 7.2012 -2.18943 6.99302 0.0537561 -0.120035 -0.125991
692.587 -6.58841 -2.4515 -6.39688 7.22632 -2.28514 6.97627 0.043066 -0.120035 -0.103847
692.603 -6.12875 -2.06845 -6.28197 6.90688 -2.12483 6.94038 0.053298 -0.117592 -0.133321
692.62 -6.09044 -2.10676 -6.43519 6.88534 -1.97408 6.92363 0.0545197 -0.11805 -0.159589
692.636 -6.39688 -2.18337 -6.20536 7.42253 -2.08056 6.94397 0.0539089 -0.116217 -0.229533
692.653 -6.39688 -1.57049 -6.28197 7.066 -1.60199 6.9332 0.055436 -0.115148 -0.298866
692.67 -6.39688 -2.14506 -6.16705 7.20239 -1.69412 6.92483 0.0536034 -0.11637 -0.306196
692.686 -6.47349 -2.10676 -6.39688 7.08514 -2.0016 6.97388 0.0597121 -0.11637 -0.309709
692.703 -6.24366 -1.80032 -6.39688 6.94756 -1.66181 7.00379 0.0604756 -0.115454 -0.255342
692.719 -6.32027 -2.06845 -6.28197 7.20239 -2.00997 6.99661 0.054367 -0.10797 -0.143859
692.735 -6.05214 -1.68541 -6.32027 6.75135 -1.73958 6.94756 0.0578795 -0.108887 -0.128434
692.752 -6.12875 -1.57049 -6.12875 6.6329 -1.42971 6.84945 0.0584903 -0.116981 -0.147524
692.768 -5.36266 -1.53219 -6.39688 6.2991 -1.32682 6.88175 0.0523817 -0.119577 -0.196393
692.785 -5.78401 -1.22575 -6.24366 6.37926 -1.33998 6.8997 0.0507018 -0.123853 -0.218995
692.801 -6.20536 -1.18745 -6.32027 6.96191 -1.15454 6.88654 0.0436769 -0.136528 -0.249997
692.817 -6.70332 -1.26405 -6.35858 7.38186 -1.10309 6.95593 0.0404698 -0.12202 -0.238543
692.834 -6.93315 -1.22575 -5.89892 7.65703 -1.0349 6.932 0.0395535 -0.118661 -0.217163
692.85 -6.97145 -1.49388 -6.47349 7.87477 -1.36869 6.95354 0.0314596 -0.113621 -0.198531
692.866 -6.77993 -1.53219 -6.74162 7.78744 -1.54457 7.13779 0.0248928 -0.111483 -0.215635
692.882 -6.47349 -1.80032 -7.3545 7.44646 -1.8006 8.17149 0.0175624 -0.116217 -0.595593
692.899 -6.16705 -1.68541 -7.31619 7.06959 -1.67976 7.91545 0.0464257 -0.118202 -1.1973
692.916 -5.93723 -1.76202 -6.43519 6.81236 -1.70608 7.27896 0.0597121 -0.114995 -1.39063
692.932 -6.01384 -1.83862 -6.58841 6.60778 -1.87478 7.24786 0.0786489 -0.120951 -1.52426
692.949 -6.01384 -1.45558 -6.97145 6.75015 -1.2993 7.67856 0.0962113 -0.127518 -1.73226
692.965 -6.20536 -1.07253 -6.16705 6.75135 -0.99661 7.17248 0.0939205 -0.127976 -1.7347
692.981 -6.20536 -1.22575 -5.59248 6.82792 -1.11027 6.11007 0.0759 -0.127365 -1.33902
692.998 -6.62671 -1.22575 -5.89892 7.04207 -1.16411 6.32423 0.0919352 -0.127518 -1.01892
693.014 -6.5501 -0.727789 -6.01384 7.21555 -0.754935 6.5994 0.101098 -0.121868 -0.906066
693.031 -6.39688 -0.153219 -5.89892 7.133 -0.0287139 6.30987 0.098502 -0.122326 -0.682642
693.047 -6.62671 0.0 -6.93315 7.17488 0.178265 7.54457 0.06353 -0.124158 -0.56505
693.064 -6.81823 -0.153219 -6.66501 7.42732 -0.0394815 7.47398 0.0555887 -0.120493 -0.633467
693.08 -6.89484 -0.344742 -5.47757 7.45364 -0.0813559 6.07777 0.0558941 -0.109956 -0.63026
693.096 -6.89484 -0.421352 -4.97961 7.4656 -0.132802 5.68295 0.0557414 -0.108276 -0.360563
693.113 -6.62671 -0.153219 -5.59248 7.33759 -0.0311067 5.97488 0.0545197 -0.110567 -0.226478
693.129 -6.28197 -0.383047 -6.5501 6.90927 -0.104088 6.95474 0.0528398 -0.110567 -0.0500909
693.146 -6.20536 -0.191523 -6.47349 6.89133 -0.0634098 6.87936 0.0561996 -0.111941 -0.00778853
693.163 -6.20536 0.0383047 -6.43519 6.90808 0.114855 6.93081 0.0580322 -0.114995 -0.00824668
693.179 -6.62671 -0.0383047 -6.05214 7.20838 0.132802 6.91166 0.0528398 -0.111483 -0.0366519
693.196 -6.66501 -0.153219 -6.35858 7.26221 0.0538385 6.88534 0.0540616 -0.111025 -0.0557414
693.212 -6.74162 -0.268133 -6.32027 7.24427 -0.0442672 6.87458 0.0561996 -0.11469 -0.0397062
693.229 -6.70332 -0.268133 -6.39688 7.35553 -0.128016 6.9667 0.0569632 -0.114843 0.030696
693.245 -6.35858 -0.153219 -6.20536 7.29332 -0.0813559 6.94756 0.0557414 -0.108581 0.131794
693.261 -6.5501 -0.306437 -6.43519 7.18445 -0.154337 6.89252 0.0586431 -0.111941 0.183107
693.278 -6.5501 -0.229828 -6.5118 7.17846 -0.0634098 6.92842 0.0584903 -0.109192 0.279471
693.295 -6.43519 -0.306437 -6.35858 7.21436 -0.0394815 6.94756 0.0633773 -0.104153 0.341474
693.311 -6.35858 -0.0383047 -6.39688 7.20479 0.179462 6.87338 0.0641408 -0.104611 0.347277
693.328 -6.5501 -0.0383047 -6.5118 7.29332 0.171087 6.87458 0.0526871 -0.104916 0.33735
693.344 -6.5118 -0.114914 -6.43519 7.31845 0.00358923 6.93559 0.0513127 -0.107512 0.307571
693.361 -6.43519 -0.153219 -6.32027 7.2 -0.026321 6.9332 0.052229 -0.112246 0.28451
693.378 -6.47349 -0.306437 -6.5118 7.1653 -0.260818 6.89013 0.0510072 -0.110261 0.224951
693.394 -6.39688 -0.421352 -6.35858 7.17368 -0.27996 6.932 0.0545197 -0.111025 0.140346
693.411 -6.32027 -0.421352 -6.39688 7.17129 -0.254835 6.92722 0.0514654 -0.106596 0.103847
693.428 -6.35858 -0.536266 -6.58841 6.99541 -0.367298 6.99183 0.0546724 -0.111788 0.0424551
693.445 -6.09044 -0.497961 -7.04806 6.57188 -0.283549 7.74197 0.0545197 -0.115606 0.188146
693.461 -6.20536 -0.536266 -7.54602 6.73579 -0.327816 7.78624 0.0488692 -0.119577 0.31429
693.476 -6.09044 -0.536266 -7.12467 6.95115 -0.409173 7.7659 0.032834 -0.11301 0.578642
693.493 -6.66501 -0.881008 -7.23959 7.06839 -0.501296 7.59601 0.0178678 -0.108734 0.80176
693.509 -6.62671 -0.919312 -6.97145 7.1653 -0.612562 7.33759 0.0103847 -0.10568 0.947605
693.526 -6.35858 -0.957617 -6.24366 7.20359 -0.805184 7.14138 0.0108429 -0.105527 1.17332
693.543 -6.62671 -1.03423 -6.09044 7.28853 -0.917647 6.78245 0.0126754 -0.105222 1.20356
693.559 -6.77993 -0.65118 -4.903 7.50867 -0.999003 6.20459 0.00977384 -0.102014 1.14018
693.576 -6.85654 -1.14914 -4.0986 7.53978 -1.28853 5.57049 0.0152716 -0.0998765 0.835511
693.592 -6.77993 -1.37897 -4.48165 7.57448 -1.37946 5.08953 0.0329867 -0.101556 0.372017
693.609 -6.20536 -1.72371 -6.43519 7.27059 -1.63789 6.21655 0.0445931 -0.105222 0.126296
693.626 -6.09044 -1.57049 -6.5118 6.80279 -1.40459 7.11984 0.0580322 -0.118508 -0.0108429
693.642 -6.09044 -1.6471 -6.35858 6.8339 -1.43689 6.93559 0.0552833 -0.115912 -0.0183259
693.659 -6.20536 -1.53219 -6.12875 6.75135 -1.3998 7.00259 0.0569632 -0.114385 -0.00244346
693.675 -6.24366 -1.6088 -6.66501 6.85065 -1.50867 7.34836 0.0740674 -0.120035 0.0879646
693.692 -6.35858 -1.34066 -6.20536 7.18325 -1.25862 6.69511 0.0817032 -0.133627 0.213803
693.709 -6.93315 -1.22575 -6.09044 7.48833 -1.20479 6.50967 0.0743728 -0.129351 0.179136
693.725 -6.74162 -1.53219 -6.39688 7.56012 -1.33519 6.90808 0.0534507 -0.113163 0.113621
693.742 -6.81823 -1.76202 -6.5118 7.46202 -1.62353 6.91884 0.0542143 -0.111177 0.0997237
693.758 -6.58841 -1.80032 -6.20536 7.40937 -1.67498 6.87099 0.0540616 -0.10736 0.098502
693.775 -6.58841 -1.80032 -6.16705 7.22513 -1.62114 6.89731 0.0549779 -0.103236 0.097433
693.792 -6.62671 -1.83862 -6.66501 7.18086 -1.71924 6.94277 0.0586431 -0.107207 0.100182
693.808 -6.47349 -1.87693 -6.35858 7.08873 -1.75394 6.94756 0.0566577 -0.104 0.113774
693.825 -6.35858 -1.99184 -6.39688 6.98106 -1.77906 6.89491 0.0578795 -0.105832 0.155465
693.841 -6.28197 -1.91523 -6.39688 7.066 -1.68096 6.89372 0.0574213 -0.101862 0.203876
693.859 -6.28197 -1.72371 -6.35858 7.07198 -1.63789 6.91645 0.0595593 -0.103542 0.22602
693.876 -6.28197 -1.68541 -6.32027 7.01575 -1.60558 6.92483 0.0630718 -0.106901 0.227242
693.892 -6.20536 -1.41727 -7.04806 6.77886 -1.2682 7.70728 0.052229 -0.0946841 0.351247
693.909 -6.01384 -1.68541 -6.74162 6.73938 -1.37946 7.24905 0.0426078 -0.100182 0.511752
693.924 -6.24366 -1.83862 -6.20536 7.01814 -1.73958 6.99063 0.0426078 -0.0975857 0.574977
693.94 -6.32027 -2.03015 -6.12875 7.15454 -1.98365 6.64606 0.045204 -0.0972803 0.50992
693.957 -6.39688 -2.06845 -5.7074 7.20359 -1.97288 6.134 0.0494801 -0.0954477 0.457538
693.972 -6.20536 -1.91523 -5.86062 7.00858 -1.83769 6.31107 0.056505 -0.103236 0.212886
693.989 -6.24366 -2.10676 -6.35858 6.88894 -1.89033 6.72024 0.0603229 -0.105069 0.0526871
694.005 -6.16705 -2.29828 -6.24366 6.75853 -2.12483 6.97508 0.0627664 -0.106138 0.019395
694.022 -6.32027 -2.33659 -6.32027 6.95713 -2.14875 6.94517 0.0659734 -0.108123 -0.0190895
694.039 -6.28197 -2.22167 -6.16705 6.97388 -2.132 6.92722 0.0662789 -0.105985 0.0262672
694.055 -6.43519 -2.03015 -5.97553 7.04566 -2.00279 6.9344 0.0682642 -0.107818 0.064599
694.072 -6.39688 -2.29828 -6.32027 7.01695 -2.09133 6.97149 0.0694859 -0.10965 0.121562
694.088 -6.24366 -2.18337 -6.24366 6.92243 -2.06022 6.88894 0.0697913 -0.10736 0.149204
694.105 -6.12875 -1.99184 -6.01384 6.90329 -1.91306 6.87099 0.0647517 -0.104763 0.158672
694.122 -6.09044 -1.95354 -6.28197 6.85065 -1.78026 6.90329 0.0652099 -0.106443 0.112246
694.138 -6.20536 -2.22167 -6.28197 6.90808 -2.08295 6.91645 0.0702495 -0.109498 0.00335976
694.155 -6.20536 -2.29828 -6.32027 6.98106 -2.17747 6.92243 0.0728457 -0.109345 -0.0432187
694.17 -6.32027 -2.18337 -6.32027 6.96909 -2.2014 6.88415 0.0742201 -0.108276 -0.0945314
694.186 -6.32027 -1.99184 -6.39688 6.94636 -2.00997 6.86261 0.0742201 -0.110261 -0.110719
694.203 -6.12875 -1.80032 -6.32027 6.94397 -1.78863 6.97029 0.0684169 -0.106291 -0.112094
694.219 -6.20536 -2.22167 -6.32027 6.94397 -2.05783 6.95833 0.0736092 -0.110567 -0.143401
694.236 -6.20536 -1.87693 -6.20536 6.92483 -2.0004 6.89133 0.0739146 -0.109039 -0.225715
694.253 -6.32027 -1.57049 -6.20536 7.02413 -1.58166 6.88056 0.0722348 -0.110108 -0.275042
694.269 -6.24366 -1.49388 -6.5118 6.76929 -1.33519 6.98824 0.0661261 -0.108887 -0.377515
694.286 -5.89892 -1.68541 -6.24366 6.63649 -1.54696 6.97149 0.0681114 -0.114079 -0.470824
694.302 -5.7074 -1.72371 -6.20536 6.44865 -1.69292 6.92602 0.0723875 -0.118202 -0.509614
694.319 -5.78401 -1.49388 -6.24366 6.45105 -1.33759 6.83031 0.0693332 -0.12034 -0.568257
694.335 -6.05214 -1.37897 -6.28197 6.53599 -1.24546 6.85902 0.0687223 -0.124616 -0.587347
694.35 -6.20536 -1.72371 -6.35858 6.82672 -1.50867 6.97866 0.0610865 -0.124311 -0.572839
694.366 -6.43519 -1.80032 -6.43519 7.03729 -1.62233 6.97747 0.0650571 -0.126602 -0.527635
694.381 -6.5501 -1.68541 -6.16705 7.41296 -1.61396 6.97149 0.0675006 -0.126144 -0.507324
694.397 -6.77993 -1.57049 -6.39688 7.51107 -1.49192 6.9009 0.0658207 -0.12538 -0.490983
694.412 -6.58841 -1.57049 -6.32027 7.42732 -1.47876 6.87218 0.0668897 -0.124464 -0.488845
694.427 -6.5501 -1.45558 -6.24366 7.3005 -1.28495 6.9009 0.066737 -0.120035 -0.488539
694.443 -6.43519 -1.18745 -6.24366 7.267 -1.19761 6.93679 0.0661261 -0.118202 -0.487776
694.459 -6.47349 -1.03423 -6.43519 7.28734 -0.915254 6.98345 0.0612392 -0.112857 -0.498313
694.474 -6.05214 -0.497961 -8.96329 7.28853 -0.636491 7.06959 0.0352775 -0.112705 -0.528093
694.49 -6.5501 -0.842703 -7.69924 7.19163 -0.538385 8.9683 0.0271835 -0.116523 -0.718836
695.105 -6.5501 -0.612875 -6.70332 7.26102 -0.366102 6.88175 0.0581849 -0.109192 -0.0233656
695.122 -6.43519 -0.57457 -6.32027 7.15693 -0.439083 6.87458 0.0566577 -0.110567 -0.0120646
695.138 -6.5118 -0.689484 -6.32027 7.13659 -0.490529 6.87458 0.0569632 -0.113774 0.0119119
695.155 -6.43519 -0.727789 -6.35858 7.18804 -0.525224 6.90209 0.0555887 -0.110108 0.0227547
695.171 -6.5501 -0.612875 -6.24366 7.30648 -0.485743 6.88056 0.055436 -0.10965 0.0568105
695.188 -6.39688 -0.57457 -6.24366 7.22872 -0.455832 6.86501 0.0526871 -0.108581 0.097433
695.205 -6.47349 -0.612875 -6.24366 6.98225 -0.544367 6.83749 0.0525344 -0.112094 0.118966
695.221 -6.5118 -0.957617 -6.5501 7.10788 -0.583848 6.8997 0.0484111 -0.107512 0.172875
695.238 -6.5118 -0.804398 -6.24366 7.14138 -0.602991 6.92961 0.0479529 -0.105374 0.260076
695.261 -6.20536 -0.957617 -7.20128 6.86142 -0.742971 7.65583 0.0481056 -0.10568 0.42562
695.278 -6.24366 -1.18745 -7.46941 6.87577 -0.832702 8.17986 0.0478002 -0.116981 0.707076
695.295 -6.35858 -1.07253 -7.92907 6.91406 -0.876969 8.55673 0.0436769 -0.117897 0.889725
695.311 -6.5501 -1.03423 -7.3545 7.08036 -0.821934 8.06261 0.0418443 -0.11805 1.26984
695.328 -6.97145 -0.842703 -7.16298 7.49671 -0.734596 7.97647 0.0192422 -0.108734 1.39842
695.344 -7.04806 -1.11084 -6.77993 7.56251 -0.83988 7.72642 0.00992656 -0.102167 1.46974
695.361 -6.66501 -1.34066 -6.05214 7.43809 -1.38066 7.06959 -0.0119119 -0.0885754 1.47631
695.378 -6.74162 -1.68541 -5.89892 7.22991 -1.55174 6.55274 -0.0160352 -0.0901026 1.28602
695.394 -6.20536 -1.80032 -5.47757 7.17248 -1.61755 6.48933 -0.0181732 -0.098502 1.14079
695.411 -6.35858 -1.83862 -5.17113 7.06002 -1.88315 5.84447 -0.0190895 -0.107512 0.816574
695.427 -6.12875 -1.95354 -4.32843 7.01217 -2.05902 4.82632 -0.0152716 -0.106138 0.435852
695.444 -6.12875 -2.18337 -2.87285 7.02293 -2.08534 4.38485 -0.00977384 -0.111941 0.232129
695.461 -6.01384 -2.64302 -5.89892 6.86142 -2.49212 6.2333 0.00962113 -0.109345 -0.0807869
695.477 -5.7074 -2.14506 -6.47349 6.27637 -2.14636 7.12104 0.0516181 -0.114843 -0.0778853
695.494 -5.7074 -2.14506 -6.28197 6.43908 -2.0016 6.92842 0.0583376 -0.120646 -0.0476475
695.51 -5.66909 -2.22167 -6.24366 6.48933 -2.03509 6.92363 0.0484111 -0.132863 -0.014508
695.527 -6.28197 -2.29828 -6.39688 7.03609 -2.11765 7.19522 0.0510072 -0.154702 0.0390954
695.544 -6.47349 -2.29828 -6.89484 7.16172 -2.14158 7.62951 0.056505 -0.157756 0.157145
695.56 -6.74162 -2.25998 -6.97145 7.38784 -2.04586 7.602 0.0607811 -0.145539 0.187383
695.577 -6.77993 -2.22167 -6.89484 7.42253 -2.12363 7.67617 0.0665843 -0.129656 0.21533
695.593 -6.58841 -2.14506 -6.62671 7.30409 -2.06142 7.54816 0.0694859 -0.122478 0.253356
695.61 -6.35858 -2.22167 -6.39688 7.0325 -2.06501 7.24786 0.0722348 -0.114079 0.286801
695.627 -6.20536 -2.37489 -6.20536 6.83629 -2.23968 6.92722 0.0607811 -0.10736 0.38683
695.642 -6.16705 -2.4898 -5.78401 6.78245 -2.31147 6.74297 0.0566577 -0.105832 0.436005
695.659 -5.97553 -2.52811 -5.51587 6.71545 -2.467 6.40199 0.0542143 -0.105069 0.488387
695.675 -6.01384 -2.56641 -5.78401 6.70588 -2.47777 6.26201 0.0511599 -0.10797 0.467159
695.692 -6.01384 -2.75794 -5.78401 6.79442 -2.59262 6.40678 0.0525344 -0.110414 0.440281
695.709 -6.05214 -2.71963 -5.7457 6.8985 -2.68475 6.37208 0.0519235 -0.111788 0.421192
695.725 -6.09044 -2.64302 -5.55418 6.87577 -2.65484 6.09212 0.0572686 -0.114232 0.31597
695.742 -6.09044 -2.68133 -5.43926 6.84347 -2.66321 5.96291 0.0600175 -0.119882 0.217315
695.758 -6.28197 -2.52811 -6.20536 6.88894 -2.68594 6.75853 0.0587958 -0.124922 0.0262672
695.775 -6.20536 -2.68133 -6.32027 6.84706 -2.6321 6.89611 0.0539089 -0.114995 -0.0137445
695.792 -6.20536 -2.87285 -6.35858 6.83988 -2.67278 6.86142 0.0537561 -0.11469 -0.0163406
695.808 -6.16705 -2.75794 -6.35858 6.94995 -2.64407 6.85663 0.0546724 -0.110719 0.0105374
695.825 -6.20536 -2.71963 -6.28197 6.94277 -2.6321 6.87817 0.0548251 -0.107054 0.0416915
695.841 -6.12875 -2.79624 -6.20536 6.92483 -2.63689 6.86381 0.053298 -0.104916 0.03711
695.858 -6.24366 -2.87285 -7.23959 6.88894 -2.71226 7.81376 0.054367 -0.102625 0.0429133
695.875 -6.16705 -2.83455 -7.08637 6.66162 -2.58784 7.6343 0.0490219 -0.0878119 0.275347
695.891 -5.86062 -2.79624 -6.66501 6.50728 -2.67996 7.45962 0.047342 -0.0959058 0.359952
695.907 -5.93723 -2.71963 -6.77993 6.65205 -2.62373 7.24546 0.03711 -0.101709 0.387136
695.923 -6.05214 -2.87285 -6.5118 6.71067 -2.78405 7.12343 0.0334449 -0.111788 0.378126
695.94 -5.93723 -2.83455 -6.16705 6.7334 -2.77089 6.81835 0.0331394 -0.107818 0.306196
695.957 -5.63079 -2.91116 -5.66909 6.69153 -2.81874 6.38764 0.0363465 -0.107054 0.238848
695.973 -6.05214 -2.75794 -5.40096 6.65563 -2.81157 6.03111 0.0415388 -0.107818 0.0858265
695.99 -5.89892 -2.91116 -5.28605 6.62811 -2.81994 5.91266 0.0429133 -0.112399 -0.033903
696.006 -5.78401 -3.14098 -5.63079 6.58983 -2.93121 6.30389 0.0529926 -0.116064 -0.0580322
696.023 -5.86062 -2.87285 -6.35858 6.53599 -2.74816 6.97388 0.0546724 -0.112399 -0.055436
696.04 -5.7074 -2.98777 -6.16705 6.51087 -2.77567 6.87817 0.054367 -0.11469 -0.0488692
696.055 -5.86062 -2.94946 -6.16705 6.50967 -2.87258 6.88056 0.0558941 -0.114843 -0.0461203
696.072 -5.82231 -2.91116 -6.24366 6.69751 -2.8008 6.83869 0.0623082 -0.119271 -0.0343612
696.088 -6.09044 -2.91116 -5.82231 6.72024 -2.79242 6.81475 0.0584903 -0.11805 -0.0319177
696.105 -6.09044 -3.06437 -6.20536 6.75853 -2.8319 6.84706 0.054367 -0.112705 -0.0340557
696.122 -6.05214 -3.02607 -6.05214 6.77049 -2.87019 6.85902 0.0537561 -0.112246 -0.0507018
696.138 -6.01384 -3.06437 -6.24366 6.75733 -2.87617 6.84586 0.0528398 -0.111788 -0.0577268
696.155 -6.01384 -3.14098 -6.24366 6.75853 -2.88455 6.86501 0.0545197 -0.113621 -0.0606284
696.171 -6.16705 -2.98777 -6.09044 6.77288 -2.8989 6.84945 0.0507018 -0.107054 -0.0552833
696.188 -5.97553 -2.98777 -6.24366 6.80279 -2.88096 6.84586 0.0531453 -0.10797 -0.0594066
696.205 -6.28197 -2.98777 -6.28197 6.81236 -2.81635 6.85184 0.0528398 -0.108581 -0.067806
696.221 -6.01384 -3.21759 -6.20536 6.77647 -2.9994 6.82074 0.0534507 -0.107512 -0.0775799
696.238 -5.82231 -2.98777 -6.05214 6.64845 -3.04606 6.8327 0.0514654 -0.107054 -0.0673479
696.254 -6.28197 -3.14098 -6.05214 6.67238 -2.93599 6.8674 0.0528398 -0.107207 -0.0621555
696.271 -6.05214 -2.87285 -6.24366 6.72503 -2.74576 6.81595 0.054367 -0.107207 -0.0525344
696.288 -5.97553 -2.91116 -6.20536 6.7346 -2.69671 6.86501 0.0531453 -0.109192 -0.0426078
696.304 -6.05214 -2.87285 -6.32027 6.69033 -2.7003 6.85783 0.0529926 -0.108581 -0.0334449
696.321 -5.93723 -2.87285 -6.35858 6.72383 -2.73858 6.85663 0.0511599 -0.10797 -0.0346666
696.337 -6.35858 -2.79624 -6.16705 6.72503 -2.74935 6.85304 0.052229 -0.107818 -0.0464257
696.353 -6.05214 -2.83455 -6.16705 6.71067 -2.77687 6.83988 0.0499382 -0.10736 -0.0478002
696.37 -5.93723 -2.94946 -6.28197 6.66879 -2.81396 6.84467 0.0491747 -0.108581 -0.041997
696.386 -6.05214 -2.91116 -6.32027 6.64606 -2.82114 6.85304 0.0490219 -0.107054 -0.0355829
696.403 -6.01384 -2.83455 -6.24366 6.67956 -2.77807 6.84586 0.0496328 -0.108581 -0.0363465
696.42 -6.12875 -2.91116 -6.16705 6.69153 -2.77448 6.84467 0.0505491 -0.109192 -0.032834
696.436 -6.01384 -2.87285 -6.28197 6.71067 -2.74935 6.85902 0.0476475 -0.107665 -0.0311541
696.452 -6.12875 -2.83455 -6.28197 6.7669 -2.75055 6.86022 0.0491747 -0.110261 -0.0314596
696.468 -6.12875 -2.94946 -6.24366 6.79442 -2.78285 6.85663 0.0458149 -0.106138 -0.0305433
696.485 -6.20536 -3.10268 -6.20536 6.7992 -2.82951 6.8662 0.0474948 -0.106138 -0.0320704
696.502 -5.97553 -2.98777 -6.24366 6.76331 -2.89053 6.86022 0.0470366 -0.106901 -0.0380264
696.518 -6.09044 -2.87285 -6.32027 6.7346 -2.88694 6.84347 0.0481056 -0.106443 -0.036041
696.535 -6.05214 -2.98777 -6.16705 6.74536 -2.87498 6.84586 0.0467312 -0.105222 -0.0346666
696.551 -5.97553 -3.02607 -6.12875 6.72383 -2.87976 6.83988 0.0484111 -0.105222 -0.0287107
696.568 -6.01384 -3.02607 -5.93723 6.60778 -2.95394 6.85783 0.0494801 -0.106138 -0.0245873
696.585 -5.93723 -3.14098 -6.24366 6.58863 -2.92762 6.86142 0.0496328 -0.106291 -0.0245873
696.601 -5.93723 -2.94946 -6.24366 6.62692 -2.84626 6.85065 0.0529926 -0.109803 -0.0242819
696.618 -5.97553 -2.87285 -6.28197 6.68076 -2.73021 6.84826 0.0500909 -0.107818 -0.0259618
696.634 -6.09044 -2.87285 -6.12875 6.70947 -2.70748 6.85424 0.0505491 -0.10736 -0.0291688
696.651 -6.12875 -2.98777 -6.24366 6.74536 -2.81755 6.86261 0.0491747 -0.106749 -0.0322231
696.668 -6.01384 -3.14098 -6.16705 6.71426 -2.93599 6.85783 0.0479529 -0.105985 -0.0323759
696.684 -6.05214 -3.10268 -6.24366 6.67478 -2.94556 6.85663 0.0484111 -0.105985 -0.036041
696.701 -5.86062 -2.98777 -6.32027 6.64367 -2.90728 6.85543 0.0484111 -0.108581 -0.0389426
696.716 -5.97553 -3.02607 -6.35858 6.57188 -2.88096 6.84227 0.0491747 -0.10736 -0.03711
696.733 -5.82231 -3.17929 -6.35858 6.51206 -2.91565 6.83509 0.0496328 -0.107054 -0.0337503
696.75 -5.82231 -3.02607 -6.28197 6.44028 -2.95872 6.86022 0.0493274 -0.110719 -0.0287107
696.766 -5.89892 -3.14098 -6.24366 6.50249 -2.88933 6.84945 0.0531453 -0.11469 -0.0251982
696.783 -5.89892 -2.98777 -6.20536 6.57787 -2.88694 6.83988 0.0517708 -0.112552 -0.0151189
696.799 -6.01384 -3.14098 -6.32027 6.72024 -2.91446 6.84945 0.0519235 -0.112094 -0.0120646
696.816 -6.01384 -3.02607 -6.47349 6.7334 -2.95155 6.84108 0.0516181 -0.113163 -0.0142026
696.833 -5.89892 -3.06437 -6.24366 6.67358 -2.96949 6.84467 0.054367 -0.115912 -0.0203113
696.849 -6.01384 -2.91116 -6.05214 6.6341 -2.85942 6.85184 0.0546724 -0.114537 -0.0232129
696.866 -5.89892 -2.94946 -6.28197 6.57787 -2.81396 6.8315 0.0539089 -0.113621 -0.0238237
696.882 -5.97553 -2.83455 -6.20536 6.55035 -2.80917 6.8327 0.0497855 -0.11469 -0.0259618
696.899 -5.89892 -2.98777 -5.7457 6.52403 -2.85703 6.83749 0.0497855 -0.11301 -0.0262672
696.916 -5.78401 -3.10268 -6.09044 6.55992 -2.8666 6.81475 0.0502437 -0.116981 -0.0259618
696.932 -5.97553 -2.94946 -6.12875 6.60299 -2.85703 6.81835 0.0459676 -0.121257 -0.0277944
696.949 -6.05214 -3.02607 -6.43519 6.7011 -2.79841 6.84347 0.0455095 -0.1237 -0.0343612
696.965 -6.01384 -3.06437 -6.12875 6.77767 -2.8678 6.84826 0.0426078 -0.127824 -0.0455095
696.982 -5.97553 -3.10268 -5.89892 6.67358 -2.88215 6.82553 0.0423024 -0.124158 -0.055436
696.999 -6.09044 -2.94946 -6.12875 6.72144 -2.85583 6.83509 0.0456622 -0.122326 -0.0597121
697.015 -6.05214 -3.2559 -6.12875 6.78604 -2.99342 6.82553 0.0474948 -0.117897 -0.0510072
697.032 -6.12875 -3.17929 -6.20536 6.74776 -2.94915 6.8327 0.0517708 -0.117592 -0.0400117
697.048 -5.97553 -3.14098 -6.12875 6.89133 -2.96471 6.83031 0.0505491 -0.118202 -0.0354302
697.065 -6.32027 -3.06437 -6.12875 6.88056 -3.00778 6.85184 0.0523817 -0.118813 -0.0381791
697.082 -6.16705 -3.02607 -6.20536 6.91645 -2.98026 6.8339 0.0536034 -0.113468 -0.0493274
697.098 -6.20536 -2.94946 -6.01384 6.94756 -2.93719 6.84467 0.054367 -0.113926 -0.0566577
697.114 -6.05214 -2.94946 -6.09044 6.71665 -2.91326 6.82433 0.0523817 -0.115301 -0.0668897
697.129 -6.16705 -3.06437 -6.16705 6.85663 -2.93001 6.81595 0.0519235 -0.112705 -0.066737
697.145 -6.43519 -2.91116 -6.32027 7.04806 -2.87378 6.84347 0.0514654 -0.110872 -0.0665843
697.163 -6.28197 -3.10268 -6.47349 7.05643 -2.98026 6.83629 0.0517708 -0.106901 -0.0786489
697.178 -6.47349 -3.17929 -6.24366 7.10309 -2.99222 6.8339 0.052229 -0.105985 -0.0888809
697.195 -6.47349 -3.02607 -6.39688 7.09352 -2.91565 6.78006 0.0561996 -0.101709 -0.114232
697.212 -6.24366 -2.87285 -6.20536 6.90688 -2.67159 6.82911 0.0607811 -0.100029 -0.141263
697.228 -5.66909 -2.4515 -6.01384 6.70827 -2.5986 6.80877 0.0610865 -0.101098 -0.149815
697.245 -5.86062 -2.56641 -6.32027 6.47019 -2.48136 6.86261 0.054367 -0.103236 -0.137597
697.261 -5.89892 -2.75794 -6.24366 6.74178 -2.61057 6.84586 0.057574 -0.0989602 -0.143401
697.278 -6.20536 -2.71963 -6.12875 6.74297 -2.65125 6.79681 0.0568105 -0.0998765 -0.159894
697.295 -5.97553 -2.83455 -6.20536 6.68554 -2.77328 6.81117 0.054367 -0.103236 -0.1996
697.311 -5.93723 -2.75794 -6.16705 6.49412 -2.72901 6.83629 0.0551306 -0.104305 -0.224493
697.328 -5.43926 -2.41319 -5.97553 6.34576 -2.52443 6.81475 0.057574 -0.106596 -0.23335
697.344 -5.36266 -2.4898 -6.32027 6.22253 -2.32702 6.84467 0.0546724 -0.115454 -0.205098
697.361 -5.97553 -2.60472 -5.93723 6.6018 -2.49811 6.84586 0.0478002 -0.113315 -0.155618
697.378 -6.09044 -2.83455 -6.20536 6.68435 -2.63091 6.82433 0.0493274 -0.11301 -0.144622
697.394 -5.97553 -2.94946 -6.20536 6.58265 -2.71705 6.8004 0.0513127 -0.12034 -0.12874
697.411 -5.86062 -2.87285 -6.32027 6.5683 -2.66201 6.84586 0.0484111 -0.119119 -0.0923933
697.427 -5.78401 -2.64302 -6.24366 6.60538 -2.48255 6.85304 0.0481056 -0.122326 -0.0916298
697.444 -6.35858 -2.79624 -6.12875 6.79083 -2.60459 6.79681 0.0491747 -0.123395 -0.110567
697.461 -6.20536 -3.02607 -6.5501 6.94397 -2.90967 6.8315 0.0490219 -0.116064 -0.150884
697.477 -6.24366 -3.44742 -6.32027 7.15214 -3.06879 6.85543 0.0526871 -0.117286 -0.165544
697.494 -6.81823 -3.60064 -6.43519 7.47039 -3.27936 6.81475 0.0536034 -0.112552 -0.157145
697.51 -6.85654 -3.37081 -6.28197 7.55294 -3.21834 6.83629 0.0623082 -0.108429 -0.133627
697.527 -6.5501 -2.94946 -6.12875 7.45723 -3.0317 6.80997 0.0649044 -0.102931 -0.140652
697.544 -6.47349 -2.68133 -6.35858 7.2347 -2.63809 6.81475 0.0636827 -0.100029 -0.160047
697.56 -6.47349 -2.4515 -6.16705 7.06959 -2.30788 6.79442 0.0658207 -0.0991129 -0.213497
697.577 -6.39688 -2.22167 -6.09044 6.92363 -2.20259 6.79801 0.0629191 -0.0983493 -0.225715
697.593 -6.24366 -2.25998 -6.12875 6.85543 -2.14995 6.84467 0.0647517 -0.102931 -0.217773
697.61 -6.16705 -2.37489 -6.28197 6.83869 -2.06979 6.84706 0.0623082 -0.0983493 -0.217315
697.627 -5.93723 -2.29828 -6.35858 6.7669 -2.09252 6.85783 0.0566577 -0.100945 -0.227547
697.643 -5.97553 -2.33659 -6.05214 6.64845 -2.14158 6.77767 0.0508545 -0.0966694 -0.220217
697.66 -5.97553 -2.41319 -6.24366 6.5348 -2.0985 6.84706 0.0513127 -0.102014 -0.173028
697.676 -5.93723 -2.10676 -6.39688 6.62692 -2.06501 6.8327 0.0496328 -0.104 -0.105069
697.693 -6.01384 -2.10676 -6.24366 6.76331 -1.94895 6.80758 0.0476475 -0.103694 -0.0809396
697.71 -6.28197 -2.10676 -6.24366 6.88056 -1.94058 6.80399 0.0435241 -0.104305 -0.0661261
697.726 -6.32027 -2.18337 -6.20536 6.92483 -2.10568 6.8315 0.0415388 -0.104458 -0.073762
697.743 -6.47349 -2.22167 -6.24366 7.12822 -2.17627 6.84467 0.0413861 -0.106138 -0.0824668
697.759 -6.43519 -2.29828 -6.24366 7.15932 -2.17627 6.82313 0.0397062 -0.103236 -0.0865901
697.775 -6.43519 -2.14506 -6.12875 7.08873 -2.17029 6.84467 0.0366519 -0.101862 -0.0926988
697.791 -6.28197 -2.29828 -6.05214 7.01575 -2.17627 6.8327 0.0375682 -0.10232 -0.0975857
697.806 -6.09044 -2.37489 -6.12875 6.85304 -2.19182 6.81475 0.0334449 -0.0975857 -0.0896445
697.823 -6.05214 -2.41319 -6.28197 6.7657 -2.23849 6.82074 0.0322231 -0.0972803 -0.0788016
697.839 -6.01384 -2.52811 -5.93723 6.70827 -2.35573 6.82792 0.0352775 -0.102167 -0.0675006
697.856 -5.93723 -2.52811 -6.16705 6.6987 -2.33539 6.80758 0.0337503 -0.104 -0.0945314
697.873 -5.93723 -2.41319 -6.39688 6.68554 -2.31147 6.83509 0.0345139 -0.10568 -0.112246
697.889 -5.89892 -2.4515 -6.32027 6.68076 -2.28275 6.82553 0.0284052 -0.104 -0.118813
697.906 -6.24366 -2.25998 -6.32027 6.82433 -2.15354 6.85184 0.0325286 -0.108887 -0.0922406
697.922 -6.43519 -2.10676 -6.28197 6.9679 -2.09611 6.82553 0.0342084 -0.110108 -0.0798706
697.939 -6.58841 -2.25998 -6.05214 7.23111 -2.04586 6.76929 0.0277944 -0.104763 -0.0739146
697.956 -6.12875 -2.83455 -6.01384 6.81595 -2.67757 6.79083 0.0255036 -0.104 -0.102473
697.971 -5.86062 -2.94946 -6.20536 6.58146 -2.87856 6.81595 0.0267254 -0.106291 -0.114843
697.988 -5.78401 -2.87285 -6.16705 6.49292 -2.81037 6.85902 0.0319177 -0.109192 -0.123089
698.004 -5.82231 -2.29828 -6.16705 6.80279 -2.36291 6.68076 0.0143553 -0.111025 -0.228005
698.021 -5.89892 -2.68133 -6.12875 6.97388 -2.66201 6.95234 -0.0163406 -0.114232 -0.498466
698.038 -5.51587 -2.64302 -6.16705 6.26919 -2.4347 6.78843 0.0056505 -0.10797 -0.125991
698.054 -6.16705 -2.60472 -6.09044 6.91884 -2.36172 6.78006 0.0435241 -0.121868 -0.101404
698.071 -6.35858 -2.33659 -6.32027 7.07797 -2.11406 6.74895 0.0444404 -0.119882 -0.0325286
698.087 -6.62671 -2.60472 -6.43519 7.22872 -2.3665 6.84706 0.0387899 -0.117897 0.0149662
698.104 -6.5501 -2.33659 -6.32027 7.27777 -2.24207 6.82792 0.0423024 -0.109345 -0.00381791
698.121 -6.47349 -2.56641 -6.20536 7.18086 -2.3665 6.82672 0.0412334 -0.109192 -0.00152716
698.137 -6.5118 -2.52811 -6.20536 7.2 -2.47537 6.79801 0.0424551 -0.107818 -0.0164934
698.154 -6.32027 -2.60472 -6.24366 7.09113 -2.47178 6.77049 0.0450513 -0.108276 -0.0500909
698.17 -6.28197 -2.60472 -6.05214 7.1342 -2.47298 6.80519 0.0426078 -0.107665 -0.057574
698.187 -6.5118 -2.60472 -6.24366 7.36391 -2.49093 6.84826 0.0427606 -0.103847 -0.0632245
698.204 -6.62671 -2.29828 -6.35858 7.49192 -2.05543 6.82194 0.0481056 -0.101709 -0.0685696
698.22 -6.43519 -2.41319 -6.12875 7.32562 -2.11525 6.82194 0.0461203 -0.101098 -0.0685696
698.237 -6.20536 -2.29828 -6.20536 7.03131 -2.17149 6.81595 0.047342 -0.0992656 -0.0864374
698.253 -5.97553 -2.52811 -6.12875 6.6676 -2.30668 6.7669 0.0458149 -0.100793 -0.0980438
698.27 -6.01384 -2.4898 -6.20536 6.70588 -2.38205 6.78365 0.0447459 -0.0997237 -0.0699441
698.287 -6.01384 -2.22167 -6.28197 6.68315 -2.14158 6.83749 0.0505491 -0.104458 -0.0587958
698.303 -6.01384 -2.25998 -6.43519 6.77408 -2.08175 6.81475 0.0481056 -0.105832 -0.0400117
698.32 -5.97553 -2.29828 -6.28197 6.78006 -2.10927 6.80399 0.0456622 -0.106138 -0.0577268
698.337 -6.09044 -2.37489 -6.20536 6.83749 -2.22891 6.8016 0.0448986 -0.107665 -0.0711658
698.353 -6.28197 -2.41319 -6.28197 7.00379 -2.18345 6.78963 0.0459676 -0.10965 -0.0949895
698.37 -6.43519 -2.18337 -6.12875 7.08993 -2.11286 6.80877 0.0423024 -0.104611 -0.0966694
698.386 -6.35858 -2.14506 -6.05214 7.10189 -1.99083 6.83629 0.0429133 -0.104305 -0.0933096
698.403 -6.16705 -2.29828 -6.12875 6.94636 -2.14636 6.78843 0.0410807 -0.104 -0.0966694
698.42 -6.16705 -2.33659 -6.05214 6.89611 -2.24566 6.7992 0.0377209 -0.102625 -0.0881173
698.436 -6.12875 -2.29828 -6.47349 6.82553 -2.20259 6.83629 0.0421497 -0.106291 -0.0855211
698.453 -6.16705 -2.22167 -6.20536 6.86979 -2.16191 6.80399 0.0406225 -0.10568 -0.0729984
698.469 -6.12875 -2.29828 -5.97553 6.95234 -2.18824 6.79561 0.0383318 -0.103542 -0.0528398
698.486 -6.16705 -2.25998 -6.24366 6.86979 -2.19781 6.81236 0.0401644 -0.106596 -0.0510072
698.503 -6.12875 -2.33659 -6.12875 6.78365 -2.21695 6.80638 0.0398589 -0.106291 -0.0502437
698.519 -6.01384 -2.33659 -6.20536 6.75494 -2.23609 6.83509 0.0423024 -0.110414 -0.0502437
698.536 -6.35858 -2.25998 -6.24366 6.93559 -2.25523 6.80758 0.041997 -0.110108 -0.0394008
698.552 -6.5118 -2.37489 -5.93723 7.11625 -2.24925 6.82074 0.0432187 -0.110261 0.0
698.569 -6.39688 -2.4515 -6.43519 7.06481 -2.31625 6.81595 0.0410807 -0.104305 0.0401644
698.586 -6.39688 -2.4515 -6.20536 7.0672 -2.33061 6.80519 0.043066 -0.105222 0.0610865
698.602 -6.47349 -2.4898 -6.20536 7.11386 -2.40239 6.82194 0.0415388 -0.106596 0.0988074
698.619 -6.35858 -2.4515 -6.20536 7.03489 -2.35573 6.81715 0.0448986 -0.103694 0.138056
698.635 -6.16705 -2.4515 -6.24366 6.98106 -2.38564 6.80519 0.047342 -0.106749 0.159741
698.652 -6.28197 -2.60472 -6.09044 7.01575 -2.46221 6.8016 0.0445931 -0.101709 0.199906
698.669 -6.5118 -2.68133 -6.28197 7.28375 -2.58784 6.83988 0.047342 -0.0988074 0.209069
698.685 -6.5501 -2.87285 -6.12875 7.31605 -2.74217 6.83749 0.0467312 -0.0978911 0.209679
698.702 -6.5501 -2.91116 -6.09044 7.26939 -2.80199 6.81475 0.0484111 -0.0949895 0.210596
698.718 -6.47349 -2.83455 -6.16705 7.07797 -2.668 6.80758 0.0516181 -0.0919352 0.230143
698.735 -6.39688 -2.83455 -6.32027 7.06839 -2.7003 6.81117 0.053298 -0.0905607 0.251218
698.752 -6.28197 -2.91116 -6.20536 6.999 -2.76371 6.8004 0.0548251 -0.0888809 0.302073
698.769 -6.09044 -2.83455 -6.16705 6.95115 -2.83669 6.80279 0.0572686 -0.0881173 0.349415
698.786 -6.5501 -2.94946 -6.01384 6.98584 -2.9001 6.86501 0.0587958 -0.0865901 0.370032
698.801 -6.5118 -2.71963 -5.59248 7.27538 -2.67517 6.46301 0.0609338 -0.0650571 0.365755
698.818 -7.00976 -2.4515 -2.10676 7.53021 -2.26241 2.38086 0.0256563 0.00977384 0.57742
698.835 -6.58841 -2.56641 -4.32843 7.41177 -2.43828 3.58325 0.00916297 0.0279471 0.912327
698.851 -5.01791 -2.4898 -14.0961 6.6987 -2.77089 12.0622 0.0323759 0.071624 1.1495
698.868 -4.55826 -3.56234 -6.85654 5.22233 -3.41575 7.90469 0.0833831 -0.0345139 0.237627
698.884 -4.74978 -3.56234 -5.89892 6.00837 -3.52463 6.08734 0.0707076 -0.0965167 0.151189
698.901 -5.36266 -3.67725 -6.24366 6.01196 -3.53898 7.25863 0.0682642 -0.102167 0.0838412
698.918 -5.36266 -3.10268 -6.28197 5.91625 -3.16092 6.89611 0.0697913 -0.0891863 0.0314596
698.934 -5.43926 -3.14098 -6.28197 6.05743 -3.21595 6.87218 0.0708604 -0.0943787 -0.0316123
698.951 -5.86062 -3.14098 -6.12875 6.49172 -2.95992 6.8985 0.0713185 -0.109039 -0.0377209
698.967 -5.55418 -3.06437 -6.28197 6.17946 -2.82233 6.86501 0.066737 -0.100182 -0.00671952
698.984 -5.51587 -2.83455 -6.47349 6.11366 -2.75414 6.88175 0.0673479 -0.102625 0.0235183
