719.21 -5.97553 0.0 -6.39688 6.60538 0.145962 6.95952 0.0586431 -0.132558 -0.0224493
719.226 -6.01384 -0.229828 -6.28197 6.71067 0.0107677 6.99541 0.0548251 -0.132405 -0.0126754
719.243 -6.47349 -0.459656 -6.39688 7.12822 -0.329013 6.97627 0.0523817 -0.127671 -0.0116064
719.259 -6.5118 -0.57457 -6.32027 7.27777 -0.434297 6.98345 0.0577268 -0.134696 -0.0322231
719.275 -6.43519 -0.689484 -6.35858 7.22393 -0.497707 6.95115 0.0569632 -0.135001 -0.0447459
719.292 -6.28197 -0.766094 -6.32027 7.09352 -0.697508 6.97508 0.055436 -0.131489 -0.0658207
719.308 -6.28197 -0.881008 -6.32027 6.99422 -0.643669 6.98106 0.0650571 -0.135001 -0.081245
719.324 -6.12875 -0.57457 -6.43519 7.00858 -0.594616 6.98824 0.0670424 -0.13607 -0.0818559
719.34 -6.24366 -0.65118 -6.47349 7.04925 -0.448654 6.9655 0.0681114 -0.136376 -0.0707076
719.357 -6.47349 -0.497961 -6.32027 7.17488 -0.315852 6.94875 0.0720821 -0.137903 -0.0529926
719.374 -6.47349 -0.153219 -6.39688 7.23111 -0.0957129 6.92842 0.0731511 -0.137445 -0.0343612
719.39 -6.5501 -0.0766094 -6.24366 7.29571 0.108873 6.95474 0.0714712 -0.138819 -0.0262672
719.407 -6.58841 0.0766094 -6.39688 7.38784 0.244068 6.97747 0.0679587 -0.135001 -0.0116064
719.423 -6.43519 0.0 -6.5118 7.32562 0.303888 6.92602 0.0638354 -0.132252 -0.00458149
719.44 -6.47349 -0.114914 -6.43519 7.13061 0.0897308 6.94756 0.0568105 -0.129045 0.00641408
719.457 -6.43519 -0.0766094 -6.16705 7.21675 -0.00239282 6.94277 0.0563523 -0.12874 0.00534507
719.473 -6.43519 -0.229828 -6.5501 7.15693 -0.0370887 6.92243 0.0571159 -0.131947 -0.0241292
719.49 -6.35858 -0.268133 -6.32027 7.14138 -0.155533 6.93679 0.0508545 -0.129503 -0.0250455
719.506 -6.5118 -0.421352 -5.97553 7.06839 -0.217747 6.91525 0.0545197 -0.133779 -0.00733038
719.523 -6.32027 -0.57457 -6.39688 7.02413 -0.241675 6.92363 0.0534507 -0.130267 0.00687223
719.54 -6.47349 -0.536266 -6.32027 7.19641 -0.461814 6.93679 0.0572686 -0.133169 -0.0111483
719.556 -6.70332 -0.536266 -6.35858 7.48833 -0.392423 6.95474 0.0563523 -0.132252 -0.0458149
719.573 -6.85654 -0.459656 -6.20536 7.55294 -0.413958 6.93918 0.0561996 -0.130572 -0.0490219
719.588 -6.93315 -0.459656 -6.20536 7.59841 -0.387637 6.95115 0.0612392 -0.12706 -0.0397062
719.605 -6.93315 -0.344742 -6.16705 7.54935 -0.218943 6.92483 0.0618501 -0.125686 -0.0381791
719.622 -6.66501 -0.153219 -6.5501 7.53739 -0.150748 6.90688 0.0620028 -0.122631 -0.044135
719.638 -6.74162 -0.153219 -6.20536 7.50628 -0.0502493 6.91765 0.0607811 -0.122478 -0.0403171
719.655 -6.74162 -0.114914 -6.32027 7.334 0.0646062 6.92124 0.0597121 -0.118966 -0.0300851
719.671 -6.39688 -0.114914 -6.32027 7.27538 0.108873 6.89611 0.0557414 -0.116981 -0.032834
719.688 -6.5118 -0.0383047 -6.28197 7.22513 0.0729811 6.90209 0.0542143 -0.119271 -0.0310014
719.705 -6.32027 -0.153219 -6.35858 7.11864 -0.00717846 6.90449 0.0503964 -0.115912 -0.0218384
719.721 -6.39688 -0.229828 -6.35858 7.08156 -0.0550349 6.91166 0.0508545 -0.117744 -0.0233656
719.738 -6.43519 -0.306437 -6.39688 7.17846 -0.214158 6.92124 0.0479529 -0.11637 -0.0212276
719.754 -6.35858 -0.344742 -6.47349 7.21316 -0.221336 6.93081 0.0520762 -0.118966 -0.0192422
719.771 -6.5501 -0.344742 -6.5118 7.22991 -0.209372 6.92722 0.0517708 -0.120646 -0.0232129
719.788 -6.39688 -0.306437 -6.32027 7.24307 -0.190229 6.90449 0.0519235 -0.123395 -0.0255036
719.804 -6.5118 -0.153219 -6.32027 7.25623 -0.179462 6.91765 0.0490219 -0.116217 -0.0222966
719.821 -6.5118 -0.344742 -6.32027 7.25504 -0.154337 6.9009 0.0487165 -0.117286 -0.0181732
719.837 -6.5501 -0.344742 -6.12875 7.24188 -0.150748 6.90927 0.0478002 -0.115759 -0.0142026
719.854 -6.43519 -0.268133 -6.32027 7.22034 -0.162712 6.90209 0.0488692 -0.11637 -0.0108429
719.871 -6.47349 -0.229828 -6.5118 7.19163 -0.150748 6.91525 0.0476475 -0.117286 -0.0120646
719.887 -6.43519 -0.306437 -6.35858 7.19282 -0.215354 6.89731 0.0458149 -0.117439 -0.0129809
719.904 -6.35858 -0.268133 -6.32027 7.17607 -0.191426 6.88534 0.0479529 -0.118966 -0.0140499
719.92 -6.58841 -0.383047 -6.35858 7.19402 -0.191426 6.89491 0.0461203 -0.117592 -0.0116064
719.937 -6.47349 -0.306437 -6.39688 7.19163 -0.244068 6.90808 0.0447459 -0.116523 -0.0143553
719.954 -6.47349 -0.497961 -6.32027 7.18086 -0.254835 6.91765 0.047342 -0.119271 -0.0218384
719.97 -6.5118 -0.536266 -6.24366 7.19641 -0.283549 6.88415 0.0445931 -0.119271 -0.0262672
719.987 -6.5501 -0.421352 -6.24366 7.17368 -0.382851 6.89491 0.0435241 -0.117133 -0.023671
720.003 -6.5118 -0.497961 -6.24366 7.23948 -0.332602 6.91166 0.047342 -0.119882 -0.0222966
720.019 -6.5118 -0.421352 -6.24366 7.20239 -0.362513 6.9009 0.0470366 -0.11637 -0.0319177
720.036 -6.58841 -0.497961 -6.43519 7.24307 -0.374477 6.88056 0.0479529 -0.11805 -0.0346666
720.052 -6.62671 -0.344742 -6.28197 7.28375 -0.336191 6.92004 0.0503964 -0.118355 -0.0273362
720.069 -6.70332 -0.383047 -6.35858 7.31246 -0.332602 6.8985 0.047342 -0.114843 -0.0221439
720.086 -6.5118 -0.421352 -6.47349 7.37587 -0.325424 6.90808 0.0525344 -0.119882 -0.025809
720.102 -6.58841 -0.306437 -6.35858 7.40818 -0.281157 6.91406 0.0494801 -0.11637 -0.0282525
720.119 -6.62671 -0.306437 -6.47349 7.36271 -0.2668 6.88175 0.0485638 -0.112705 -0.0297797
720.135 -6.77993 -0.421352 -6.5118 7.34836 -0.276371 6.88534 0.0493274 -0.114079 -0.0332921
720.152 -6.74162 -0.383047 -6.28197 7.34237 -0.297906 6.90209 0.0474948 -0.10965 -0.0322231
720.169 -6.43519 -0.268133 -6.47349 7.30169 -0.276371 6.87697 0.0494801 -0.111025 -0.0311541
720.185 -6.58841 -0.344742 -6.28197 7.30768 -0.218943 6.88175 0.052229 -0.112399 -0.0331394
720.202 -6.58841 -0.268133 -6.32027 7.31605 -0.175872 6.88654 0.0497855 -0.110719 -0.0343612
720.218 -6.58841 -0.191523 -6.47349 7.31486 -0.149551 6.90568 0.0484111 -0.108276 -0.0363465
720.235 -6.47349 -0.306437 -6.32027 7.28973 -0.124427 6.89133 0.0497855 -0.110414 -0.0351248
720.252 -6.5118 -0.306437 -6.20536 7.2347 -0.161515 6.88295 0.0447459 -0.106749 -0.0244346
720.268 -6.5501 -0.306437 -6.24366 7.24666 -0.183051 6.89133 0.0444404 -0.106596 -0.0186314
720.285 -6.47349 -0.268133 -6.28197 7.21316 -0.160319 6.89133 0.0471893 -0.109803 -0.0216857
720.301 -6.5118 -0.268133 -6.62671 7.21555 -0.171087 6.89252 0.0453567 -0.110567 -0.0264199
720.318 -6.47349 -0.268133 -6.28197 7.21675 -0.174676 6.89252 0.0448986 -0.109345 -0.025809
720.335 -6.5118 -0.191523 -6.43519 7.1988 -0.167498 6.88534 0.044135 -0.110872 -0.0270308
720.351 -6.43519 -0.421352 -6.35858 7.17009 -0.222532 6.89731 0.0418443 -0.109192 -0.0284052
720.368 -6.43519 -0.306437 -6.32027 7.13779 -0.256032 6.88295 0.0401644 -0.108581 -0.0197004
720.383 -6.47349 -0.268133 -6.35858 7.14138 -0.264407 6.88654 0.0410807 -0.108887 -0.013439
720.4 -6.39688 -0.268133 -6.32027 7.15693 -0.265603 6.88774 0.0429133 -0.11133 -0.0119119
720.417 -6.5118 -0.344742 -6.32027 7.17009 -0.264407 6.90688 0.0397062 -0.109192 -0.0152716
720.433 -6.39688 -0.306437 -6.32027 7.19522 -0.252443 6.9009 0.0410807 -0.112094 -0.0183259
720.45 -6.47349 -0.383047 -6.58841 7.22153 -0.240479 6.89252 0.0392481 -0.109956 -0.0210748
720.466 -6.5501 -0.344742 -6.32027 7.2323 -0.199801 6.90209 0.0395535 -0.112094 -0.0259618
720.483 -6.5118 -0.306437 -6.28197 7.25863 -0.267996 6.89491 0.0329867 -0.105527 -0.0268781
720.5 -6.47349 -0.497961 -6.28197 7.22393 -0.363709 6.88175 0.0361938 -0.109192 -0.0335976
720.515 -6.43519 -0.57457 -6.62671 7.2323 -0.394816 6.88175 0.03711 -0.110567 -0.0403171
720.532 -6.5501 -0.459656 -6.35858 7.24666 -0.394816 6.87577 0.0369573 -0.110719 -0.0416915
720.548 -6.5118 -0.497961 -6.39688 7.26461 -0.37328 6.89731 0.0374155 -0.109956 -0.0421497
720.564 -6.47349 -0.497961 -6.28197 7.25384 -0.372084 6.89731 0.0380264 -0.108123 -0.0461203
720.581 -6.47349 -0.612875 -6.24366 7.0983 -0.539581 6.88175 0.0413861 -0.112246 -0.0479529
720.597 -6.58841 -0.306437 -6.39688 7.32084 -0.366102 6.90927 0.0390954 -0.105374 -0.0290161
720.614 -6.58841 -0.689484 -6.28197 7.2993 -0.367298 6.88415 0.0400117 -0.107665 -0.0180205
720.63 -6.43519 -0.497961 -6.24366 7.25384 -0.427119 6.9009 0.0421497 -0.108276 -0.0230602
720.647 -6.43519 -0.344742 -6.43519 7.25623 -0.333799 6.90449 0.0438296 -0.110261 -0.0445931
720.664 -6.5118 -0.344742 -6.24366 7.27538 -0.306281 6.89252 0.0429133 -0.10797 -0.0583376
720.68 -6.39688 -0.459656 -6.24366 7.24786 -0.308674 6.88774 0.0435241 -0.107207 -0.0597121
720.697 -6.58841 -0.536266 -6.16705 7.28255 -0.368495 6.8997 0.0424551 -0.105832 -0.0528398
720.713 -6.5501 -0.459656 -6.32027 7.24905 -0.415155 6.8985 0.0427606 -0.106749 -0.0459676
720.73 -6.47349 -0.421352 -6.39688 7.21795 -0.381655 6.90808 0.0432187 -0.10797 -0.0424551
720.747 -6.35858 -0.344742 -6.32027 7.15932 -0.348156 6.88774 0.0427606 -0.104916 -0.0416915
720.763 -6.5118 -0.344742 -6.5501 7.18445 -0.337388 6.9009 0.0432187 -0.108734 -0.0407752
720.78 -6.5118 -0.383047 -6.16705 7.13539 -0.344566 6.88295 0.0435241 -0.10797 -0.0355829
720.795 -6.43519 -0.344742 -6.32027 7.10548 -0.314656 6.88654 0.044135 -0.110872 -0.0297797
720.812 -6.43519 -0.497961 -6.35858 7.10189 -0.333799 6.8985 0.0448986 -0.109345 -0.0299324
720.829 -6.47349 -0.344742 -6.28197 7.05763 -0.282353 6.88295 0.046273 -0.11301 -0.0313068
720.845 -6.32027 -0.459656 -6.35858 7.03849 -0.30987 6.89013 0.0412334 -0.111788 -0.0261145
720.862 -6.32027 -0.383047 -6.20536 7.02174 -0.361316 6.90449 0.0418443 -0.111788 -0.019395
720.878 -6.47349 -0.497961 -6.5118 7.0672 -0.334995 6.89133 0.0433714 -0.114995 -0.0181732
720.895 -6.5118 -0.459656 -6.32027 7.10668 -0.367298 6.88774 0.0439823 -0.114995 -0.0224493
720.912 -6.39688 -0.536266 -6.39688 7.066 -0.369691 6.87817 0.043066 -0.118202 -0.0224493
720.928 -6.58841 -0.536266 -6.47349 7.13779 -0.44985 6.87338 0.0442877 -0.117744 -0.0187841
720.945 -6.58841 -0.459656 -6.35858 7.24546 -0.437886 6.89013 0.0435241 -0.115606 -0.0169515
720.962 -6.58841 -0.612875 -6.09044 7.28016 -0.459422 6.90209 0.0455095 -0.11469 -0.0186314
720.978 -6.58841 -0.65118 -6.39688 7.31725 -0.477368 6.87458 0.0494801 -0.119119 -0.020464
720.995 -6.62671 -0.536266 -6.32027 7.31725 -0.451047 6.87099 0.0464257 -0.114995 -0.020464
721.011 -6.66501 -0.497961 -6.5501 7.32802 -0.490529 6.89491 0.0479529 -0.117439 -0.0239765
721.027 -6.70332 -0.459656 -6.32027 7.30648 -0.451047 6.86979 0.0461203 -0.111788 -0.0219911
721.044 -6.77993 -0.57457 -6.47349 7.38544 -0.460618 6.87458 0.0479529 -0.112094 -0.0227547
721.06 -6.70332 -0.459656 -6.35858 7.42253 -0.463011 6.87458 0.0497855 -0.111941 -0.025809
721.077 -6.58841 -0.536266 -6.5501 7.36989 -0.486939 6.88774 0.0513127 -0.110872 -0.0267254
721.093 -6.5501 -0.65118 -6.20536 7.32203 -0.477368 6.86859 0.0513127 -0.108734 -0.0310014
721.11 -6.70332 -0.57457 -6.28197 7.30528 -0.445065 6.87458 0.053298 -0.11133 -0.0401644
721.127 -6.43519 -0.612875 -6.58841 7.30528 -0.417547 6.89133 0.0539089 -0.109803 -0.0423024
721.143 -6.5118 -0.612875 -6.28197 7.27896 -0.441475 6.86979 0.0508545 -0.103847 -0.0329867
721.16 -6.58841 -0.57457 -6.20536 7.28375 -0.44985 6.89133 0.0542143 -0.10736 -0.0320704
721.176 -6.47349 -0.421352 -6.39688 7.24546 -0.424726 6.87458 0.052229 -0.103847 -0.0314596
721.193 -6.43519 -0.497961 -6.20536 7.25264 -0.401994 6.88654 0.0531453 -0.106138 -0.0308487
721.21 -6.43519 -0.497961 -6.28197 7.21197 -0.40678 6.88534 0.0546724 -0.106443 -0.0265726
721.226 -6.5118 -0.57457 -6.20536 7.24905 -0.457029 6.88534 0.0580322 -0.110567 -0.0268781
721.243 -6.5501 -0.612875 -6.24366 7.25145 -0.498903 6.87577 0.0552833 -0.106443 -0.0285579
721.259 -6.43519 -0.727789 -6.32027 7.30768 -0.582652 6.8997 0.056505 -0.106138 -0.030696
721.276 -6.58841 -0.57457 -6.32027 7.29571 -0.504885 6.88894 0.0604756 -0.108734 -0.033903
721.293 -6.58841 -0.383047 -6.5501 7.267 -0.412762 6.89372 0.0581849 -0.103847 -0.0294742
721.309 -6.43519 -0.306437 -6.35858 7.13539 -0.31346 6.88056 0.0595593 -0.105374 -0.0268781
721.326 -6.32027 -0.497961 -6.20536 7.06481 -0.346959 6.87817 0.0603229 -0.105985 -0.02474
721.342 -6.35858 -0.612875 -6.05214 7.10548 -0.497707 6.88415 0.0592539 -0.10736 -0.0265726
721.359 -6.39688 -0.536266 -6.35858 7.09233 -0.495314 6.89372 0.0613919 -0.106749 -0.0335976
721.376 -6.39688 -0.57457 -6.35858 7.08634 -0.442672 6.87577 0.0627664 -0.111177 -0.0352775
721.392 -6.47349 -0.383047 -6.28197 7.07916 -0.40678 6.89013 0.0620028 -0.112705 -0.0262672
721.409 -6.39688 -0.612875 -6.43519 7.16291 -0.443868 6.90209 0.0618501 -0.110567 -0.0177151
721.433 -6.5118 -0.497961 -6.5118 7.16052 -0.413958 6.88774 0.0623082 -0.110567 -0.020464
721.45 -6.43519 -0.536266 -6.39688 7.13779 -0.416351 6.88295 0.0629191 -0.113163 -0.0164934
721.466 -6.47349 -0.421352 -6.28197 7.14975 -0.393619 6.88295 0.0644463 -0.113315 -0.0178678
721.483 -6.47349 -0.459656 -6.5501 7.1342 -0.384048 6.87458 0.0606284 -0.112857 -0.0198531
721.5 -6.5118 -0.344742 -6.28197 7.19522 -0.380459 6.88774 0.0641408 -0.114995 -0.0195477
721.516 -6.70332 -0.57457 -6.32027 7.20838 -0.370887 6.88774 0.062461 -0.111636 -0.0181732
721.533 -6.5501 -0.612875 -6.39688 7.31366 -0.459422 6.88894 0.0633773 -0.113926 -0.0198531
721.549 -6.58841 -0.536266 -6.32027 7.3651 -0.418744 6.87577 0.0633773 -0.112399 -0.0291688
721.566 -6.77993 -0.612875 -6.20536 7.38664 -0.416351 6.90449 0.0655153 -0.112705 -0.0325286
721.583 -6.70332 -0.497961 -6.5118 7.38664 -0.413958 6.88056 0.0633773 -0.107207 -0.0303905
721.599 -6.58841 -0.459656 -6.24366 7.3998 -0.394816 6.88415 0.0633773 -0.108429 -0.0363465
721.616 -6.77993 -0.344742 -6.20536 7.36152 -0.386441 6.88654 0.0653626 -0.104916 -0.0386372
721.632 -6.5501 -0.497961 -6.20536 7.3005 -0.421137 6.87817 0.0653626 -0.106443 -0.0394008
721.649 -6.58841 -0.612875 -6.24366 7.25623 -0.40678 6.88774 0.064599 -0.104763 -0.0378736
721.666 -6.47349 -0.497961 -6.5118 7.19163 -0.327816 6.87458 0.0673479 -0.106443 -0.0352775
721.682 -6.47349 -0.383047 -6.24366 7.16889 -0.30987 6.88175 0.0638354 -0.104611 -0.033903
721.7 -6.5501 -0.344742 -6.28197 7.21316 -0.323031 6.87458 0.0658207 -0.105069 -0.0403171
721.716 -6.5501 -0.344742 -6.28197 7.17368 -0.315852 6.87936 0.0644463 -0.106138 -0.0427606
721.733 -6.47349 -0.383047 -6.24366 7.17248 -0.321834 6.88654 0.0655153 -0.106901 -0.0416915
721.75 -6.43519 -0.459656 -6.32027 7.17248 -0.36012 6.88056 0.0661261 -0.109803 -0.0412334
721.766 -6.5118 -0.421352 -6.32027 7.16172 -0.405583 6.89133 0.0638354 -0.107512 -0.0346666
721.783 -6.35858 -0.459656 -6.24366 7.16889 -0.367298 6.86979 0.0649044 -0.107207 -0.0332921
721.797 -6.5501 -0.383047 -6.35858 7.19282 -0.340977 6.88175 0.0642935 -0.109039 -0.0354302
721.813 -6.58841 -0.497961 -6.35858 7.21316 -0.354138 6.86979 0.0662789 -0.109192 -0.0364992
721.829 -6.62671 -0.536266 -6.20536 7.24666 -0.429512 6.87099 0.0679587 -0.107818 -0.0340557
721.844 -6.47349 -0.459656 -6.24366 7.26939 -0.468993 6.87458 0.0653626 -0.108123 -0.0302378
721.86 -6.47349 -0.459656 -6.24366 7.24666 -0.477368 6.88654 0.0647517 -0.105069 -0.0261145
721.876 -6.5118 -0.612875 -6.16705 7.23111 -0.492921 6.87577 0.0659734 -0.10797 -0.0212276
721.891 -6.5118 -0.65118 -6.35858 7.25264 -0.5001 6.86979 0.0685696 -0.107818 -0.0201585
721.907 -6.58841 -0.421352 -6.16705 7.22632 -0.42353 6.88534 0.0696386 -0.106749 -0.0250455
721.922 -6.58841 -0.497961 -6.24366 7.23829 -0.396012 6.88295 0.071624 -0.107512 -0.0345139
721.938 -6.47349 -0.344742 -6.32027 7.2335 -0.392423 6.89252 0.0708604 -0.106596 -0.0395535
722.535 -6.47349 -0.421352 -6.24366 7.27538 -0.212961 6.89731 0.0537561 -0.110414 -0.0128282
722.55 -6.62671 -0.344742 -6.32027 7.32562 -0.251246 6.89611 0.0537561 -0.112705 -0.025809
722.567 -6.62671 -0.268133 -6.43519 7.34477 -0.246461 6.88894 0.0539089 -0.110261 -0.0342084
722.583 -6.62671 -0.306437 -6.32027 7.35434 -0.240479 6.88175 0.0514654 -0.106138 -0.0313068
722.599 -6.74162 -0.421352 -6.12875 7.35075 -0.253639 6.89611 0.0525344 -0.108887 -0.0256563
722.615 -6.66501 -0.421352 -6.35858 7.35194 -0.252443 6.87577 0.0514654 -0.106443 -0.0221439
722.631 -6.62671 -0.268133 -6.5118 7.32921 -0.2333 6.87697 0.0531453 -0.106749 -0.0241292
722.648 -6.58841 -0.344742 -6.12875 7.29811 -0.206979 6.89731 0.0513127 -0.108276 -0.029627
722.665 -6.58841 -0.268133 -6.39688 7.29093 -0.185444 6.89491 0.0481056 -0.10064 -0.0271835
722.681 -6.5501 -0.229828 -6.47349 7.26461 -0.212961 6.89372 0.0474948 -0.101862 -0.0319177
722.698 -6.5501 -0.344742 -6.20536 7.18923 -0.257228 6.88894 0.0484111 -0.103389 -0.0277944
722.714 -6.24366 -0.459656 -6.32027 7.14616 -0.282353 6.87697 0.0485638 -0.104 -0.0273362
722.731 -6.43519 -0.344742 -6.28197 7.09113 -0.283549 6.88056 0.0482583 -0.105985 -0.0262672
722.748 -6.32027 -0.497961 -6.28197 7.02413 -0.355334 6.88415 0.0493274 -0.106596 -0.0255036
722.764 -6.47349 -0.459656 -6.32027 6.98943 -0.369691 6.91525 0.0490219 -0.107512 -0.0235183
722.781 -6.28197 -0.459656 -6.32027 7.03489 -0.306281 6.88415 0.0467312 -0.109498 -0.0195477
722.797 -6.28197 -0.459656 -6.28197 7.04447 -0.331406 6.8985 0.0494801 -0.112094 -0.023671
722.814 -6.28197 -0.421352 -6.35858 7.00977 -0.320638 6.89133 0.0507018 -0.112705 -0.020464
722.831 -6.24366 -0.497961 -6.24366 7.04447 -0.303888 6.90209 0.0458149 -0.113468 -0.00992656
722.847 -6.24366 -0.497961 -6.09044 7.04806 -0.301496 6.89611 0.0458149 -0.114079 0.000610865
722.864 -6.39688 -0.536266 -6.35858 7.05643 -0.329013 6.8997 0.045204 -0.115912 0.000152716
722.88 -6.35858 -0.459656 -6.39688 7.13779 -0.336191 6.90209 0.0448986 -0.114843 0.000152716
722.897 -6.47349 -0.536266 -6.5501 7.12582 -0.4666 6.90568 0.046273 -0.116981 -0.00992656
722.914 -6.39688 -0.57457 -6.35858 7.15214 -0.482154 6.8674 0.0484111 -0.116675 -0.00901026
722.93 -6.47349 -0.57457 -6.32027 7.22632 -0.45344 6.91286 0.0484111 -0.116217 -0.00962113
722.947 -6.5118 -0.727789 -6.28197 7.28973 -0.510867 6.87936 0.0482583 -0.115759 -0.0128282
722.963 -6.66501 -0.689484 -6.35858 7.2993 -0.570688 6.8985 0.0517708 -0.118202 -0.013439
722.98 -6.62671 -0.689484 -6.20536 7.34836 -0.551545 6.88894 0.0519235 -0.11637 -0.0119119
722.997 -6.5501 -0.57457 -6.35858 7.37348 -0.51326 6.89611 0.0531453 -0.116828 -0.0149662
723.013 -6.74162 -0.689484 -6.09044 7.36391 -0.467797 6.90449 0.0546724 -0.113315 -0.0178678
723.029 -6.58841 -0.536266 -6.24366 7.31725 -0.474975 6.88175 0.0569632 -0.113315 -0.0174097
723.045 -6.58841 -0.536266 -6.24366 7.28136 -0.415155 6.88295 0.0569632 -0.115454 -0.0151189
723.06 -6.5118 -0.459656 -6.01384 7.27896 -0.394816 6.88175 0.0560469 -0.111941 -0.0181732
723.077 -6.5118 -0.459656 -6.28197 7.22513 -0.381655 6.87697 0.0578795 -0.111483 -0.0297797
723.093 -6.43519 -0.306437 -6.5501 7.19641 -0.372084 6.8674 0.0568105 -0.111788 -0.0355829
723.11 -6.5118 -0.421352 -6.32027 7.15932 -0.358923 6.88175 0.0557414 -0.113315 -0.0332921
723.127 -6.5501 -0.383047 -6.35858 7.14975 -0.349352 6.86142 0.0578795 -0.116981 -0.031765
723.143 -6.47349 -0.344742 -6.32027 7.17248 -0.31346 6.87218 0.057574 -0.115759 -0.0291688
723.16 -6.43519 -0.421352 -6.32027 7.19043 -0.320638 6.87936 0.0558941 -0.111788 -0.0280998
723.176 -6.5118 -0.497961 -6.28197 7.24307 -0.381655 6.88534 0.0571159 -0.117439 -0.0280998
723.193 -6.5118 -0.57457 -6.35858 7.28375 -0.430708 6.88056 0.0569632 -0.115759 -0.021533
723.21 -6.5118 -0.459656 -6.24366 7.30648 -0.400798 6.88056 0.0526871 -0.111636 -0.0181732
723.226 -6.5501 -0.383047 -6.32027 7.34955 -0.337388 6.87338 0.0591012 -0.116064 -0.0221439
723.243 -6.74162 -0.344742 -6.5118 7.37348 -0.285942 6.88056 0.0557414 -0.112705 -0.02474
723.259 -6.66501 -0.421352 -6.32027 7.36152 -0.290728 6.88175 0.0566577 -0.112552 -0.0280998
723.276 -6.74162 -0.268133 -6.32027 7.31605 -0.300299 6.88415 0.0546724 -0.108123 -0.0297797
723.293 -6.5501 -0.344742 -6.28197 7.28973 -0.30987 6.86381 0.054367 -0.111636 -0.0302378
723.309 -6.43519 -0.497961 -6.28197 7.28375 -0.312263 6.87099 0.0546724 -0.111788 -0.030696
723.326 -6.5118 -0.459656 -6.47349 7.267 -0.317049 6.87218 0.0545197 -0.110872 -0.0310014
723.342 -6.5118 -0.421352 -6.28197 7.27538 -0.321834 6.86261 0.0528398 -0.10965 -0.0313068
723.359 -6.5118 -0.421352 -6.01384 7.27298 -0.333799 6.87218 0.0519235 -0.10797 -0.0322231
723.376 -6.5118 -0.459656 -6.28197 7.25504 -0.344566 6.86261 0.0534507 -0.108887 -0.0313068
723.392 -6.62671 -0.421352 -6.35858 7.22632 -0.339781 6.86979 0.0513127 -0.106596 -0.0285579
723.409 -6.5501 -0.421352 -6.16705 7.21914 -0.363709 6.88654 0.0514654 -0.110108 -0.0279471
723.425 -6.47349 -0.536266 -6.28197 7.20598 -0.368495 6.88175 0.0528398 -0.109192 -0.0277944
723.442 -6.47349 -0.497961 -6.39688 7.16889 -0.337388 6.8674 0.0516181 -0.110719 -0.0242819
723.459 -6.62671 -0.421352 -6.24366 7.133 -0.340977 6.88654 0.0511599 -0.108276 -0.0200058
723.476 -6.47349 -0.536266 -6.20536 7.13779 -0.333799 6.87218 0.0529926 -0.113468 -0.0222966
723.492 -6.47349 -0.497961 -6.28197 7.20718 -0.363709 6.86979 0.0503964 -0.109956 -0.0154243
723.507 -6.5501 -0.459656 -6.32027 7.21795 -0.392423 6.87099 0.0519235 -0.112552 -0.00351247
723.524 -6.5501 -0.536266 -6.20536 7.21436 -0.43669 6.88894 0.0479529 -0.110872 -0.000916298
723.541 -6.47349 -0.497961 -6.20536 7.24307 -0.405583 6.86142 0.0499382 -0.109345 -0.00198531
723.557 -6.66501 -0.497961 -6.28197 7.29811 -0.393619 6.88654 0.0476475 -0.107512 -0.00244346
723.574 -6.62671 -0.612875 -6.24366 7.34716 -0.396012 6.8662 0.0505491 -0.110414 -0.00412334
723.59 -6.70332 -0.497961 -6.28197 7.30409 -0.429512 6.87817 0.0525344 -0.112094 -0.00412334
723.607 -6.58841 -0.383047 -6.28197 7.27178 -0.452243 6.87577 0.0528398 -0.112094 -0.0161879
723.624 -6.5501 -0.536266 -6.20536 7.2347 -0.445065 6.8674 0.0507018 -0.108123 -0.0264199
723.64 -6.43519 -0.57457 -6.24366 7.2682 -0.471386 6.86979 0.052229 -0.110567 -0.0438296
723.657 -6.5501 -0.727789 -6.28197 7.28375 -0.488136 6.87577 0.0525344 -0.108276 -0.0387899
723.673 -6.32027 -0.536266 -6.35858 7.2993 -0.470189 6.90449 0.0561996 -0.112094 -0.0374155
723.69 -6.5118 -0.612875 -6.43519 7.22153 -0.448654 6.84467 0.0500909 -0.108581 -0.0239765
723.707 -6.43519 -0.344742 -6.32027 7.17727 -0.427119 6.86859 0.0508545 -0.109039 -0.0345139
723.723 -6.43519 -0.459656 -6.32027 7.12223 -0.355334 6.86261 0.0523817 -0.110567 -0.0380264
723.74 -6.39688 -0.536266 -6.12875 7.11266 -0.391226 6.88654 0.0508545 -0.108734 -0.0316123
723.756 -6.43519 -0.536266 -6.35858 7.08275 -0.355334 6.85184 0.0526871 -0.112246 -0.0229074
723.773 -6.5501 -0.306437 -6.16705 7.16411 -0.363709 6.86142 0.0508545 -0.11301 -0.0187841
723.79 -6.39688 -0.497961 -6.28197 7.12941 -0.407976 6.8662 0.052229 -0.113163 -0.0177151
723.806 -6.47349 -0.421352 -6.12875 7.1007 -0.379262 6.85304 0.0510072 -0.115912 -0.0180205
723.823 -6.16705 -0.497961 -6.35858 6.98345 -0.378066 6.8674 0.0494801 -0.11301 -0.0161879
723.839 -6.20536 -0.383047 -6.35858 6.93081 -0.333799 6.85663 0.0502437 -0.117897 -0.00794125
723.855 -6.24366 -0.421352 -6.24366 6.92243 -0.317049 6.85065 0.0487165 -0.121257 0.000610865
723.871 -6.01384 -0.383047 -6.24366 6.84945 -0.226122 6.8674 0.0445931 -0.12706 0.0172569
723.887 -6.28197 -0.383047 -6.09044 6.99781 -0.346959 6.81475 0.0427606 -0.128587 0.0293215
723.904 -6.5501 -0.57457 -6.24366 6.95952 -0.363709 6.9009 0.0433714 -0.127976 0.0329867
723.92 -6.24366 -0.65118 -6.43519 7.06241 -0.437886 6.82553 0.0445931 -0.125686 0.0352775
723.937 -6.16705 -0.995922 -6.28197 6.84945 -0.90329 6.91406 0.0465785 -0.131947 0.0175624
723.954 -6.66501 -0.689484 -6.35858 7.23709 -0.634098 6.86142 0.0500909 -0.133627 0.00213803
723.97 -6.89484 -0.497961 -6.20536 7.71326 -0.65324 6.8315 0.0540616 -0.136528 -0.00977384
723.987 -6.97145 -0.536266 -6.28197 7.66899 -0.345763 6.85184 0.0487165 -0.129045 -0.00488692
724.003 -6.74162 -0.612875 -6.28197 7.61755 -0.463011 6.8339 0.045204 -0.125991 0.00122173
724.02 -7.16298 -0.842703 -6.35858 7.5673 -0.635294 6.85304 0.0500909 -0.121715 -0.00901026
724.037 -7.43111 -1.26405 -6.20536 8.25523 -1.27059 6.90449 0.0528398 -0.110108 -0.041997
724.053 -7.31619 -0.919312 -6.20536 8.20977 -0.927218 6.87099 0.0591012 -0.108429 -0.0998765
724.07 -7.31619 -0.536266 -6.32027 7.76231 -0.48335 6.81595 0.0620028 -0.113468 -0.0891863
724.087 -6.5501 -0.727789 -6.43519 7.38305 -0.613759 6.85304 0.0595593 -0.0997237 -0.0313068
724.103 -6.5118 -0.497961 -6.20536 7.19043 -0.518046 6.80638 0.0616974 -0.0988074 -0.0346666
724.12 -6.77993 -0.65118 -6.24366 7.41894 -0.464207 6.85663 0.0616974 -0.104611 -0.0464257
724.136 -6.47349 -0.57457 -6.35858 7.20598 -0.429512 6.83869 0.0610865 -0.0977384 -0.0626137
724.153 -6.39688 -0.57457 -6.16705 7.16052 -0.477368 6.81117 0.0610865 -0.101556 -0.0642935
724.169 -6.39688 -0.842703 -6.32027 7.23111 -0.611366 6.8674 0.0615447 -0.101251 -0.0580322
724.185 -6.47349 -0.766094 -6.20536 7.20359 -0.558724 6.8339 0.062461 -0.0978911 -0.0481056
724.201 -6.47349 -0.57457 -6.32027 7.25623 -0.504885 6.84227 0.0638354 -0.101709 -0.0474948
724.217 -6.62671 -0.459656 -6.24366 7.28136 -0.41994 6.85304 0.0630718 -0.101098 -0.0510072
724.234 -6.47349 -0.421352 -6.24366 7.133 -0.387637 6.8327 0.0613919 -0.10064 -0.0536034
724.251 -6.28197 -0.383047 -6.16705 7.11864 -0.355334 6.82672 0.0618501 -0.103389 -0.0510072
724.267 -6.47349 -0.459656 -6.39688 7.09233 -0.405583 6.86261 0.0612392 -0.105222 -0.0447459
724.284 -6.35858 -0.536266 -6.32027 7.14855 -0.491725 6.8662 0.0620028 -0.104611 -0.0448986
724.3 -6.20536 -0.57457 -6.16705 7.1988 -0.514457 6.84706 0.0620028 -0.103389 -0.0436769
724.317 -6.47349 -0.497961 -6.28197 7.13539 -0.305085 6.85304 0.0626137 -0.104763 -0.0403171
724.334 -6.74162 -0.497961 -6.24366 7.29452 -0.394816 6.83031 0.0591012 -0.105832 -0.0345139
724.35 -6.70332 -0.65118 -6.32027 7.37468 -0.51326 6.86979 0.0597121 -0.103389 -0.0361938
724.367 -6.93315 -0.612875 -6.28197 7.41894 -0.53001 6.87338 0.0632245 -0.103542 -0.032834
724.383 -6.85654 -0.727789 -6.24366 7.602 -0.675972 6.85065 0.0633773 -0.102931 -0.029627
724.4 -6.74162 -0.536266 -6.24366 7.53739 -0.556331 6.8662 0.0638354 -0.099571 -0.0310014
724.417 -6.70332 -0.459656 -6.20536 7.44766 -0.384048 6.8662 0.0636827 -0.0971275 -0.0416915
724.433 -6.66501 -0.421352 -6.39688 7.39023 -0.39003 6.85783 0.0642935 -0.0940732 -0.0620028
724.45 -6.5501 -0.459656 -6.28197 7.33161 -0.244068 6.85783 0.0629191 -0.0925461 -0.065668
724.466 -6.43519 -0.536266 -6.35858 7.28375 -0.342173 6.88056 0.0612392 -0.095295 -0.0481056
724.483 -6.5118 -0.497961 -6.35858 7.12463 -0.338584 6.84826 0.0612392 -0.0917825 -0.0230602
724.5 -6.24366 -0.421352 -6.24366 7.07079 -0.317049 6.85304 0.0623082 -0.0925461 -0.01237
724.515 -6.32027 -0.421352 -6.43519 7.05045 -0.332602 6.86261 0.0572686 -0.0956004 -0.0175624
724.532 -6.39688 -0.383047 -6.24366 7.11984 -0.315852 6.8662 0.0597121 -0.097433 -0.0432187
724.548 -6.74162 -0.421352 -6.12875 7.2 -0.369691 6.88056 0.0587958 -0.0981966 -0.0448986
724.564 -6.5501 -0.727789 -6.28197 7.29691 -0.586241 6.85902 0.0595593 -0.0989602 -0.0277944
724.581 -6.62671 -0.881008 -6.05214 7.2682 -0.727418 6.89013 0.0621555 -0.0977384 -0.0111483
724.596 -6.5501 -0.689484 -6.24366 7.24666 -0.711864 6.88654 0.0610865 -0.0949895 -0.00152716
724.613 -6.32027 -0.57457 -6.01384 7.14616 -0.565902 6.86979 0.0604756 -0.0930042 0.0206167
724.629 -6.39688 -0.689484 -6.24366 7.09352 -0.547956 6.87697 0.0636827 -0.0968221 0.0320704
724.646 -6.35858 -0.421352 -6.24366 7.09711 -0.42353 6.87218 0.067806 -0.0992656 0.030696
724.663 -6.32027 -0.57457 -6.24366 7.04327 -0.39003 6.86501 0.0630718 -0.0978911 0.0280998
724.679 -6.39688 -0.689484 -6.24366 7.06959 -0.495314 6.88774 0.0636827 -0.0986547 0.0183259
724.696 -6.43519 -0.421352 -6.39688 7.07198 -0.40678 6.8674 0.0636827 -0.0994183 0.0131336
724.712 -6.62671 -0.497961 -6.24366 7.30169 -0.379262 6.8985 0.0626137 -0.105374 0.00794125
724.729 -6.81823 -0.421352 -6.32027 7.25384 -0.352941 6.87577 0.0632245 -0.100487 -0.0120646
724.746 -6.5118 -0.421352 -6.35858 7.25743 -0.367298 6.8674 0.0609338 -0.0992656 -0.0198531
724.762 -6.5118 -0.306437 -6.24366 7.27777 -0.303888 6.89611 0.0613919 -0.101098 -0.0346666
724.779 -6.39688 -0.268133 -6.35858 7.13898 -0.257228 6.88654 0.0607811 -0.103236 -0.0551306
724.795 -6.5501 -0.459656 -6.62671 7.18684 -0.339781 6.94636 0.0586431 -0.102778 -0.0598648
724.812 -6.43519 -0.306437 -6.28197 7.52064 -0.364905 6.89372 0.0577268 -0.0983493 -0.0517708
724.829 -9.07821 -0.229828 -6.43519 9.90389 -0.066999 7.03609 0.0534507 -0.0755945 -0.0369573
724.845 -6.43519 -0.65118 -5.97553 7.72881 -0.558724 6.93799 0.0458149 -0.0568105 -0.0280998
724.862 -6.5118 -0.65118 -6.47349 8.09013 -0.595813 6.94875 0.0603229 -0.0986547 -0.0490219
724.878 -5.97553 -0.536266 -6.24366 6.56112 -0.307478 6.89252 0.0578795 -0.0644463 -0.0691805
724.895 -5.63079 -0.766094 -6.32027 6.18425 -0.557528 6.75733 0.0520762 -0.06353 -0.0740674
724.912 -5.51587 -0.383047 -6.39688 6.27757 -0.524028 6.92842 0.0606284 -0.0907135 -0.0926988
724.928 -5.24774 -0.306437 -6.47349 5.79302 -0.118445 6.88056 0.0595593 -0.0894917 -0.06353
724.945 -5.36266 -0.344742 -6.24366 5.83131 -0.230907 6.87936 0.053298 -0.0957531 -0.0424551
724.962 -6.05214 -0.268133 -6.09044 6.48455 -0.190229 6.91047 0.0577268 -0.112705 -0.0322231
724.978 -6.20536 -0.153219 -6.28197 6.92363 -0.0299103 6.91047 0.0523817 -0.109039 -0.00901026
724.995 -6.58841 -0.344742 -6.12875 7.19282 -0.228514 6.8997 0.0438296 -0.107512 0.00717767
725.011 -6.74162 -0.268133 -6.43519 7.45244 -0.205783 6.93679 0.0503964 -0.112552 0.0132863
725.028 -6.77993 -0.383047 -6.24366 7.50987 -0.291924 6.9332 0.0450513 -0.110261 0.019395
725.044 -6.74162 -0.421352 -6.35858 7.51944 -0.416351 6.92004 0.045204 -0.10797 0.0167988
725.06 -6.85654 -0.536266 -6.32027 7.63549 -0.314656 6.90688 0.0459676 -0.106138 -0.00290161
725.076 -7.04806 -0.459656 -6.39688 7.74556 -0.463011 6.94995 0.044135 -0.101251 -0.0198531
725.092 -7.04806 -0.612875 -6.28197 7.81974 -0.531206 6.92363 0.043066 -0.0972803 -0.0253509
725.109 -6.81823 -0.842703 -6.28197 7.72164 -0.630509 6.9344 0.0439823 -0.0899499 -0.0262672
725.126 -7.23959 -1.41727 -6.32027 7.80897 -1.37587 6.99541 0.0476475 -0.0887282 -0.0253509
725.142 -7.04806 -0.995922 -6.16705 7.70728 -0.976271 6.97149 0.0539089 -0.0849102 -0.0310014
725.159 -6.97145 -1.03423 -6.35858 7.71087 -0.939182 6.96311 0.0566577 -0.0806342 -0.0580322
725.175 -6.70332 -0.689484 -6.39688 7.42253 -0.427119 6.93559 0.0581849 -0.078038 -0.0899499
725.192 -6.28197 0.0383047 -6.58841 7.10788 -0.0957129 6.89013 0.0571159 -0.0772744 -0.0813978
725.209 -6.32027 -0.0766094 -6.43519 6.94517 0.131605 6.94517 0.0503964 -0.0771217 -0.0271835
725.225 -6.70332 -0.459656 -6.62671 7.47517 -0.392423 6.97149 0.0503964 -0.0714712 -0.000458149
725.242 -6.81823 -0.57457 -6.28197 7.52782 -0.445065 6.98704 0.0510072 -0.0668897 -0.0189368
725.258 -6.32027 -0.727789 -6.35858 7.21316 -0.601795 6.94875 0.0505491 -0.0743728 -0.073762
725.275 -5.7074 -0.766094 -6.28197 6.42473 -0.53001 6.97508 0.0474948 -0.0762054 -0.0658207
725.292 -5.63079 -0.919312 -6.58841 6.7346 -0.760917 6.9655 0.0508545 -0.0824668 -0.030696
725.308 -6.62671 -0.995922 -6.58841 7.34357 -0.906879 7.02413 0.0580322 -0.0720821 -0.0222966
725.325 -6.5118 -1.14914 -6.24366 7.23829 -1.10429 6.88056 0.0592539 -0.0803288 -0.116523
725.341 -6.47349 -1.14914 -6.58841 7.15214 -1.20837 7.03849 0.0586431 -0.0792598 -0.141721
725.357 -6.09044 -0.766094 -6.43519 6.84108 -0.792024 6.9679 0.0662789 -0.0742201 -0.1321
725.374 -6.12875 -0.65118 -6.70332 6.70588 -0.577866 6.99063 0.0664316 -0.079107 -0.107512
725.389 -5.82231 -0.421352 -6.32027 6.59581 -0.433101 6.99302 0.0641408 -0.0815505 -0.103389
725.405 -5.78401 -0.306437 -6.39688 6.39362 -0.205783 6.97627 0.071624 -0.0870483 -0.133169
725.421 -5.7457 -0.229828 -6.43519 6.36132 -0.153141 6.95593 0.0708604 -0.0913243 -0.15516
725.438 -5.93723 -0.191523 -6.47349 6.56471 -0.184247 7.00139 0.0676533 -0.0959058 -0.18219
725.454 -5.97553 -0.344742 -6.20536 6.92363 -0.214158 7.01217 0.0693332 -0.0981966 -0.197462
725.47 -6.5118 -0.229828 -6.43519 7.05045 -0.214158 7.03609 0.0665843 -0.098502 -0.199906
725.487 -6.70332 -0.268133 -6.28197 7.39382 -0.212961 7.01934 0.0673479 -0.101709 -0.208458
725.503 -6.58841 -0.306437 -6.39688 7.36271 -0.210568 7.06839 0.066737 -0.0975857 -0.249844
725.518 -6.5118 -0.191523 -6.5118 7.41536 -0.211765 6.99541 0.0693332 -0.097433 -0.289855
725.535 -6.35858 -0.229828 -6.35858 7.1677 -0.212961 6.97029 0.0670424 -0.100487 -0.384845
725.551 -6.35858 -0.306437 -6.39688 6.92004 -0.157926 6.94277 0.0682642 -0.102625 -0.474337
725.568 -6.09044 -0.268133 -6.28197 6.81595 -0.113659 6.94158 0.0664316 -0.101862 -0.483347
725.585 -6.20536 -0.114914 -6.47349 6.83869 -0.040678 7.01097 0.0659734 -0.103847 -0.394313
725.601 -6.5118 -0.114914 -6.43519 7.00738 0.0693918 7.02891 0.0626137 -0.103236 -0.252593
725.618 -6.47349 0.0 -6.47349 7.1007 0.192622 7.03131 0.0597121 -0.100029 -0.198684
725.634 -6.47349 0.191523 -6.43519 7.22153 0.461814 7.03849 0.0574213 -0.10064 -0.131031
725.651 -6.01384 0.421352 -8.61855 6.89731 0.66999 9.31765 0.0465785 -0.103083 -0.203571
725.668 -5.93723 -0.0766094 -10.2273 7.08514 0.221336 9.78664 0.053298 -0.10568 -0.425009
725.684 -7.12467 -0.497961 -7.50772 7.59601 -0.235693 9.54496 0.0739146 -0.0763581 -0.956004
725.701 -6.20536 -0.383047 -5.51587 6.68674 -0.148355 6.06461 0.112399 -0.0775799 -0.862847
725.717 -6.16705 0.114914 -5.66909 6.75015 0.131605 5.4676 0.111177 -0.0972803 -0.72754
725.734 -5.47757 0.229828 -7.20128 6.28355 0.631705 7.59601 0.0626137 -0.125075 -0.52565
725.751 -5.28605 0.153219 -5.05622 5.86361 0.472582 5.61595 0.0377209 -0.118202 -0.353844
725.767 -5.40096 0.114914 -4.13691 5.79063 0.480957 4.93878 0.0401644 -0.118813 -0.175776
725.784 -5.93723 0.153219 -4.25182 6.42353 0.289531 4.07258 0.0436769 -0.122173 0.100945
725.8 -6.01384 0.383047 -5.86062 7.35793 0.460618 6.42592 0.0520762 -0.121257 0.154396
725.817 -6.58841 0.153219 -6.93315 7.33998 0.540778 7.06839 0.0546724 -0.114995 0.117744
725.834 -6.81823 0.191523 -6.5501 7.58644 0.32662 7.05882 0.0600175 -0.122326 -0.0513127
725.85 -6.58841 0.383047 -6.66501 7.42971 0.608973 6.9344 0.0609338 -0.124006 -0.187077
725.867 -6.5118 0.229828 -6.58841 7.28973 0.619741 7.00738 0.0633773 -0.124769 -0.226784
725.883 -6.5118 0.383047 -9.61448 7.04327 0.568295 10.0187 0.0690278 -0.128282 -0.295201
725.899 -6.62671 0.459656 -9.15482 7.22752 0.551545 9.85962 0.0885754 -0.129045 -0.757015
725.916 -6.24366 0.459656 -8.58025 7.133 0.717846 9.32961 0.0942259 -0.128893 -0.893696
725.931 -6.47349 0.497961 -7.50772 7.01336 0.762114 7.94417 0.0968221 -0.129809 -1.01113
725.947 -6.16705 0.689484 -7.69924 7.00618 0.848255 7.97767 0.0881173 -0.140499 -0.954171
725.963 -6.39688 0.65118 -6.81823 6.75374 0.924826 7.67258 0.0821613 -0.140041 -0.938289
725.98 -6.24366 0.766094 -5.59248 6.50369 1.06839 6.21416 0.066737 -0.14676 -0.772439
725.997 -6.01384 0.65118 -4.63487 6.47139 1.08514 5.58963 0.0461203 -0.168446 -0.44303
726.013 -5.89892 0.727789 -2.98777 6.9332 1.09113 4.08215 0.0372628 -0.178983 -0.312763
726.03 -6.89484 0.65118 -3.90708 7.91067 1.06959 1.42014 0.0470366 -0.168293 -0.12202
726.046 -5.78401 1.22575 -5.97553 7.54098 1.39143 5.32522 0.0627664 -0.112399 -0.0519235
726.063 -5.82231 1.37897 -6.62671 6.45464 1.55055 7.67019 0.0616974 -0.114843 -0.115301
726.08 -6.39688 1.6088 -7.04806 6.92004 1.75992 7.65703 0.0479529 -0.121562 -0.402866
726.096 -6.5501 1.37897 -6.62671 7.21555 1.6678 7.25504 0.0520762 -0.115606 -0.645837
726.113 -6.89484 1.22575 -6.5118 7.47158 1.63669 6.81356 0.0581849 -0.111636 -0.664927
726.129 -6.93315 1.37897 -6.32027 7.61874 1.54816 6.96191 0.0653626 -0.10797 -0.650877
726.146 -7.04806 1.14914 -5.82231 7.81615 1.53141 6.45105 0.06353 -0.103847 -0.495564
726.163 -7.16298 1.18745 -5.89892 7.84367 1.45962 6.16989 0.0626137 -0.0986547 -0.361174
726.179 -6.89484 1.49388 -6.58841 7.69891 1.73839 6.97388 0.0520762 -0.0981966 -0.124311
726.196 -7.00976 1.53219 -6.35858 7.7348 1.71087 6.94756 0.0455095 -0.103236 -0.0810924
726.212 -6.66501 1.37897 -6.5118 7.54935 1.74676 6.89611 0.0465785 -0.0980438 -0.067806
726.229 -6.58841 1.57049 -6.47349 7.07797 1.84367 6.94517 0.0468839 -0.0934624 -0.0465785
726.246 -6.05214 1.6088 -6.77993 6.93679 1.80778 6.92363 0.0438296 -0.0926988 -0.0386372
726.262 -6.01384 1.53219 -6.58841 6.71904 1.8018 6.93081 0.0447459 -0.095295 -0.0412334
726.279 -6.05214 1.57049 -6.39688 6.6329 1.85085 6.92243 0.0413861 -0.0960585 -0.0294742
726.295 -6.01384 1.57049 -6.32027 6.70349 1.89751 6.94636 0.0390954 -0.100793 -0.00671952
726.312 -6.01384 1.53219 -6.39688 6.74895 1.86042 6.94277 0.0343612 -0.0946841 0.00473421
726.329 -5.86062 1.37897 -6.74162 6.6676 1.78505 6.92961 0.0343612 -0.10064 0.00824668
726.345 -5.86062 1.22575 -6.5118 6.59103 1.55174 6.94038 0.0326813 -0.105527 0.00458149
726.361 -6.01384 1.34066 -6.47349 6.75853 1.5661 6.94636 0.033903 -0.108123 0.00519235
726.377 -6.09044 1.14914 -6.43519 6.69631 1.47159 6.98465 0.0316123 -0.102778 0.0160352
726.394 -6.01384 0.995922 -6.32027 6.78126 1.41416 6.94875 0.0355829 -0.110261 -0.0132863
726.41 -6.12875 0.766094 -6.47349 6.77408 1.00259 7.01934 0.0369573 -0.112857 -0.0342084
726.426 -5.97553 0.919312 -6.47349 6.64008 1.28495 6.92602 0.0433714 -0.115454 -0.0337503
726.443 -5.86062 1.03423 -6.43519 6.54796 1.24546 6.93918 0.0427606 -0.117744 -0.0470366
726.46 -5.86062 1.18745 -6.35858 6.64965 1.32203 6.97149 0.047342 -0.119882 -0.0520762
726.475 -6.28197 1.30236 -6.5501 7.01336 1.69771 6.94875 0.0511599 -0.123242 -0.0343612
726.492 -6.39688 1.53219 -6.58841 7.08036 1.82333 6.94875 0.0471893 -0.119424 -0.0245873
726.507 -6.28197 1.30236 -6.39688 7.07079 1.62473 6.95952 0.0378736 -0.117897 -0.0174097
726.524 -6.39688 1.07253 -6.43519 7.0002 1.4321 6.97388 0.0406225 -0.117286 -0.0363465
726.541 -6.32027 1.11084 -6.47349 6.9332 1.44287 6.94995 0.0394008 -0.114995 -0.0424551
726.557 -6.28197 1.22575 -6.47349 7.05763 1.40339 6.9679 0.0401644 -0.11805 -0.046273
726.574 -6.5501 1.14914 -6.5118 7.17129 1.4345 6.96909 0.0448986 -0.119271 -0.0481056
726.59 -6.47349 1.22575 -6.5501 7.2323 1.49791 6.94995 0.0468839 -0.117897 -0.0482583
726.607 -6.66501 1.14914 -6.47349 7.34237 1.53141 6.97149 0.045204 -0.114995 -0.0546724
726.623 -6.58841 1.26405 -6.70332 7.35075 1.4991 6.95474 0.0439823 -0.111177 -0.0627664
726.639 -6.5501 1.26405 -6.39688 7.27657 1.45723 6.95474 0.0444404 -0.109956 -0.0636827
726.655 -6.58841 1.14914 -6.5501 7.12223 1.34237 6.97149 0.0447459 -0.106596 -0.0627664
726.671 -6.35858 1.14914 -6.74162 7.02413 1.42253 6.95952 0.0487165 -0.106749 -0.0609338
726.688 -6.28197 1.18745 -6.5118 6.98584 1.47517 6.97268 0.0508545 -0.107512 -0.0569632
726.705 -6.28197 1.14914 -6.62671 6.91047 1.51944 6.95474 0.0479529 -0.105222 -0.0459676
726.721 -6.28197 1.34066 -6.66501 6.84227 1.56012 6.95593 0.0511599 -0.107818 -0.0389426
726.738 -6.28197 1.34066 -6.47349 6.78843 1.54816 6.95952 0.047342 -0.105222 -0.0335976
726.754 -5.86062 1.18745 -6.66501 6.72144 1.49073 6.95354 0.0494801 -0.111025 -0.0219911
726.771 -6.05214 1.22575 -6.43519 6.73938 1.45125 6.95952 0.0517708 -0.113926 -0.0119119
726.788 -5.93723 1.11084 -6.47349 6.78843 1.42134 6.94756 0.0525344 -0.116675 -0.00962113
726.804 -6.24366 1.34066 -6.24366 6.86501 1.53141 6.93918 0.0508545 -0.113468 -0.0142026
726.821 -6.05214 1.22575 -6.5118 6.97029 1.50987 6.9667 0.0491747 -0.112399 -0.00992656
726.837 -6.28197 1.30236 -6.66501 6.96431 1.55414 6.95474 0.0508545 -0.115606 -0.00702495
726.854 -6.39688 1.07253 -6.5501 7.04207 1.46082 6.95354 0.0537561 -0.117592 -0.00259618
726.871 -6.43519 1.14914 -6.5118 7.05882 1.49432 6.94277 0.0523817 -0.116828 -0.00595593
726.887 -6.32027 1.18745 -6.35858 7.02413 1.48594 6.94038 0.0516181 -0.115148 -0.0106901
726.904 -6.28197 1.18745 -6.39688 6.91286 1.42493 6.94995 0.0516181 -0.113468 -0.021533
726.92 -6.35858 0.957617 -6.28197 6.94158 1.39382 6.96431 0.0546724 -0.117133 -0.0297797
726.937 -6.32027 1.18745 -6.32027 6.95593 1.40818 6.95593 0.0519235 -0.111636 -0.0290161
726.954 -6.32027 1.22575 -6.43519 6.95952 1.47278 6.95474 0.0572686 -0.118966 -0.033903
726.97 -6.47349 1.18745 -6.09044 7.00259 1.50987 6.93081 0.0542143 -0.116523 -0.0273362
726.987 -6.20536 1.37897 -6.5118 6.97149 1.53858 6.94397 0.0557414 -0.116981 -0.0271835
727.003 -6.20536 1.26405 -6.58841 6.999 1.50748 6.95474 0.055436 -0.116981 -0.0308487
727.02 -6.35858 1.26405 -6.39688 7.04327 1.45962 6.95234 0.0569632 -0.118508 -0.0345139
727.037 -6.32027 1.22575 -6.5118 7.06122 1.47278 6.95833 0.0572686 -0.117286 -0.033903
727.053 -6.39688 1.30236 -6.58841 7.06481 1.57089 6.93679 0.0578795 -0.120188 -0.0357356
727.07 -6.39688 1.22575 -6.5501 7.05882 1.62831 6.95354 0.0574213 -0.115454 -0.0435241
727.087 -6.39688 1.37897 -6.5501 7.03489 1.64387 6.95593 0.0563523 -0.115759 -0.0465785
727.103 -6.24366 1.26405 -6.43519 6.99661 1.60798 6.95234 0.0523817 -0.11301 -0.0528398
727.12 -6.28197 1.11084 -6.47349 6.95354 1.53858 6.92842 0.0539089 -0.115454 -0.053298
727.136 -6.24366 1.34066 -6.47349 6.95354 1.55653 6.94038 0.0563523 -0.114385 -0.0629191
727.153 -6.20536 1.30236 -6.28197 6.92842 1.55773 6.93799 0.0555887 -0.117592 -0.0685696
727.17 -6.20536 1.18745 -6.5501 7.02772 1.55174 6.96191 0.0537561 -0.115148 -0.0740674
727.186 -6.43519 1.26405 -6.43519 7.05763 1.5673 6.94397 0.0537561 -0.113315 -0.062461
727.203 -6.39688 1.30236 -6.5118 7.06122 1.56251 6.94517 0.0510072 -0.111025 -0.054367
727.219 -6.35858 1.41727 -6.5501 7.03729 1.62114 6.9344 0.0513127 -0.114079 -0.0519235
727.236 -6.32027 1.37897 -6.32027 7.05763 1.60917 6.92363 0.0508545 -0.111788 -0.0623082
727.253 -6.28197 1.22575 -6.43519 7.05763 1.58883 6.93081 0.0502437 -0.114537 -0.068875
727.269 -6.39688 1.22575 -6.5501 7.066 1.53858 6.93918 0.0503964 -0.112246 -0.0704022
727.286 -6.32027 1.34066 -6.62671 7.01934 1.54576 6.91525 0.0517708 -0.113163 -0.0668897
727.302 -6.35858 1.26405 -6.47349 7.03131 1.6331 6.93081 0.0507018 -0.111636 -0.0649044
727.319 -6.20536 1.34066 -6.66501 6.96311 1.61037 6.9332 0.0500909 -0.11133 -0.0607811
727.336 -6.32027 1.41727 -6.58841 6.92363 1.65583 6.94875 0.0510072 -0.115759 -0.0519235
727.352 -6.35858 1.11084 -6.47349 7.08395 1.4991 6.94397 0.0476475 -0.110719 -0.0478002
727.369 -6.28197 1.18745 -6.43519 7.00139 1.41416 6.932 0.0513127 -0.111788 -0.0453567
727.385 -6.20536 1.07253 -6.35858 6.98465 1.34357 6.91645 0.0520762 -0.111636 -0.0418443
727.402 -6.20536 1.18745 -6.58841 6.92363 1.32084 6.93918 0.054367 -0.113926 -0.0401644
727.419 -6.16705 1.14914 -6.28197 6.95474 1.4345 6.92842 0.0551306 -0.114079 -0.0297797
727.435 -6.32027 1.41727 -6.5118 6.97508 1.6678 6.92602 0.0558941 -0.113621 -0.0308487
727.452 -6.12875 1.41727 -6.5501 6.95713 1.71206 6.93799 0.0597121 -0.120035 -0.0345139
727.469 -6.39688 1.45558 -6.20536 6.96311 1.73001 6.93799 0.054367 -0.110567 -0.0326813
727.486 -6.24366 1.41727 -6.39688 6.99183 1.6678 6.92722 0.052229 -0.114079 -0.025809
727.503 -6.16705 1.26405 -6.5501 6.99661 1.67498 6.92722 0.0528398 -0.115912 -0.0229074
727.518 -6.32027 1.53219 -6.35858 7.01336 1.73001 6.89491 0.0502437 -0.111177 -0.0148135
727.534 -6.28197 1.45558 -6.47349 6.9679 1.80778 6.91525 0.0510072 -0.11301 -0.0103847
727.549 -6.39688 1.41727 -6.66501 6.98584 1.72881 6.91645 0.0471893 -0.11133 -0.00885754
727.565 -6.47349 1.18745 -6.28197 7.13659 1.45962 6.92602 0.0474948 -0.112094 -0.0122173
727.581 -6.43519 1.11084 -6.35858 7.19402 1.32802 6.9344 0.0499382 -0.111483 -0.0129809
727.595 -6.39688 1.26405 -6.5118 7.08873 1.49312 6.92243 0.0505491 -0.113315 -0.0132863
727.611 -6.35858 1.37897 -6.39688 7.04806 1.67498 6.8997 0.0539089 -0.115454 -0.0230602
727.634 -6.28197 1.41727 -6.47349 7.00618 1.74915 6.8985 0.0505491 -0.112552 -0.043066
727.65 -6.32027 1.30236 -6.47349 7.04447 1.74197 6.93799 0.0482583 -0.109956 -0.0345139
727.666 -6.32027 1.41727 -6.32027 7.03131 1.67976 6.91765 0.0488692 -0.111636 -0.0161879
727.681 -6.39688 1.30236 -6.5501 7.06122 1.65823 6.94158 0.0438296 -0.110567 -0.00763582
728.28 -6.35858 1.14914 -6.35858 6.9667 1.36869 6.88534 0.0638354 -0.114232 -0.0639881
728.296 -6.32027 1.07253 -6.47349 7.00259 1.31246 6.91765 0.0638354 -0.11469 -0.0659734
728.313 -6.32027 1.07253 -6.43519 7.07916 1.3675 6.90808 0.0653626 -0.112399 -0.0609338
728.329 -6.39688 1.11084 -6.74162 7.1007 1.3986 6.91884 0.0694859 -0.114843 -0.0653626
728.345 -6.35858 1.18745 -6.43519 7.08634 1.47159 6.91406 0.0714712 -0.112246 -0.0697913
728.362 -6.16705 1.37897 -6.5501 7.02533 1.64506 6.88774 0.0711658 -0.112399 -0.0682642
728.378 -6.01384 1.6471 -6.47349 6.86501 2.02433 6.89731 0.0697913 -0.11133 -0.0412334
728.395 -6.05214 1.6471 -6.66501 6.87099 2.03988 6.89133 0.0691805 -0.116064 -0.0216857
728.412 -6.35858 1.53219 -6.43519 7.08395 1.82692 6.87697 0.064599 -0.111941 0.000305433
728.428 -6.39688 1.41727 -6.47349 7.24905 1.62233 6.90688 0.0613919 -0.112094 -0.00473421
728.445 -6.5118 1.11084 -6.39688 7.26102 1.51466 6.89013 0.0630718 -0.109956 -0.0242819
728.462 -6.43519 1.14914 -6.47349 7.20239 1.41057 6.90329 0.0618501 -0.110719 -0.0267254
728.478 -6.39688 1.18745 -6.39688 7.11984 1.5015 6.91765 0.062461 -0.10736 -0.0256563
728.495 -6.35858 1.34066 -6.32027 7.08275 1.55653 6.91525 0.0668897 -0.110567 -0.0394008
728.51 -6.39688 1.26405 -6.39688 7.13539 1.61037 6.88175 0.0647517 -0.107665 -0.0412334
728.527 -6.39688 1.30236 -6.32027 7.15573 1.6331 6.88774 0.0664316 -0.108276 -0.0497855
728.544 -6.35858 1.45558 -6.43519 7.11027 1.64148 6.89252 0.0661261 -0.108276 -0.0497855
728.56 -6.47349 1.30236 -6.20536 7.06241 1.61396 6.90209 0.0636827 -0.10736 -0.0453567
728.577 -6.28197 1.45558 -6.32027 7.00738 1.68814 6.90209 0.065668 -0.106291 -0.0400117
728.593 -6.12875 1.57049 -6.47349 6.99183 1.74676 6.88654 0.0664316 -0.107054 -0.0378736
728.61 -6.32027 1.34066 -6.5501 6.97388 1.70967 6.88894 0.0618501 -0.106291 -0.0398589
728.627 -6.32027 1.37897 -6.43519 7.0002 1.52542 6.89372 0.0627664 -0.108123 -0.0363465
728.643 -6.39688 1.26405 -6.39688 7.04088 1.50628 6.8985 0.06353 -0.107512 -0.0361938
728.66 -6.35858 1.14914 -6.32027 7.02891 1.46201 6.9009 0.0659734 -0.111483 -0.0407752
728.676 -6.35858 1.22575 -6.43519 6.99063 1.47517 6.89611 0.0644463 -0.108887 -0.0490219
728.693 -6.16705 1.11084 -6.5501 6.95833 1.4991 6.88415 0.0652099 -0.108276 -0.0539089
728.71 -6.05214 1.37897 -6.43519 6.86501 1.71565 6.87338 0.0638354 -0.107512 -0.0482583
728.726 -6.35858 1.30236 -6.43519 7.09233 1.52303 6.90927 0.064599 -0.108123 -0.0190895
728.743 -6.43519 1.22575 -6.43519 7.12702 1.55174 6.91525 0.0633773 -0.10568 -0.0389426
728.759 -6.35858 1.11084 -6.35858 7.21316 1.45125 6.88894 0.0668897 -0.107665 -0.0481056
728.776 -6.28197 1.03423 -6.58841 7.13539 1.36152 6.90329 0.0705549 -0.10965 -0.0415388
728.793 -6.43519 1.11084 -6.39688 7.14138 1.36152 6.93679 0.071013 -0.106596 -0.0409279
728.809 -6.5118 1.53219 -6.62671 7.10907 1.64985 6.88056 0.073762 -0.10797 -0.0503964
728.826 -6.05214 1.57049 -6.58841 7.01814 1.72283 6.90808 0.0736092 -0.109345 -0.0702495
728.842 -6.24366 1.41727 -6.35858 6.96311 1.77308 6.87817 0.0697913 -0.109803 -0.0587958
728.859 -6.12875 1.6088 -6.39688 6.85184 1.8652 6.89133 0.0675006 -0.104458 -0.0481056
728.876 -6.20536 1.6088 -6.32027 6.88056 1.88195 6.88774 0.0658207 -0.10568 -0.0268781
728.892 -6.16705 1.45558 -6.47349 6.89731 1.86162 6.89013 0.0638354 -0.106596 -0.0114537
728.909 -6.47349 1.34066 -6.16705 7.00618 1.67498 6.87577 0.0652099 -0.107818 -0.0103847
728.925 -6.39688 1.18745 -6.47349 7.11386 1.60558 6.88774 0.0675006 -0.111025 -0.0172569
728.942 -6.35858 1.34066 -6.39688 7.06241 1.60678 6.8997 0.0659734 -0.109039 -0.029627
728.959 -6.32027 1.37897 -6.39688 7.00379 1.65942 6.89372 0.0664316 -0.109498 -0.0363465
728.975 -6.16705 1.53219 -6.35858 6.90927 1.76949 6.88534 0.0626137 -0.106291 -0.0392481
728.992 -6.24366 1.37897 -6.58841 6.94158 1.70967 6.89731 0.0621555 -0.106749 -0.0300851
729.008 -6.32027 1.45558 -6.35858 6.97149 1.75872 6.90449 0.0597121 -0.105222 -0.021533
729.025 -6.32027 1.45558 -6.58841 7.09711 1.73121 6.90449 0.0636827 -0.11301 -0.020464
729.042 -6.35858 1.34066 -6.35858 7.11745 1.68096 6.90449 0.0584903 -0.105374 -0.0326813
729.058 -6.43519 1.41727 -6.43519 7.07079 1.71565 6.88534 0.0587958 -0.104763 -0.0383318
729.075 -6.09044 1.34066 -6.47349 6.96072 1.72522 6.89372 0.0572686 -0.10736 -0.0241292
729.091 -6.32027 1.37897 -6.28197 6.97986 1.71805 6.88295 0.0581849 -0.107818 -0.00641408
729.108 -6.24366 1.49388 -6.47349 6.99781 1.74796 6.8985 0.0606284 -0.108734 -0.0065668
729.125 -6.24366 1.30236 -6.43519 7.01456 1.55533 6.88534 0.0537561 -0.103694 -0.00167988
729.141 -6.32027 1.26405 -6.32027 7.02891 1.5003 6.88534 0.0610865 -0.110261 -0.00992656
729.158 -6.20536 1.30236 -6.5118 7.02293 1.535 6.88056 0.0604756 -0.106596 -0.0190895
729.174 -6.20536 1.37897 -6.43519 7.02652 1.58764 6.89133 0.0604756 -0.109956 -0.0435241
729.191 -6.39688 1.34066 -6.58841 7.04686 1.65105 6.89731 0.0603229 -0.109345 -0.055436
729.208 -6.32027 1.37897 -6.47349 7.05882 1.68215 6.91047 0.0621555 -0.10965 -0.0448986
729.224 -6.35858 1.37897 -6.39688 7.18086 1.61157 6.9009 0.0581849 -0.103542 -0.0377209
729.241 -6.5118 1.30236 -6.39688 7.20239 1.59123 6.90329 0.0616974 -0.107207 -0.0354302
729.257 -6.5501 1.41727 -6.35858 7.21197 1.62473 6.89372 0.0606284 -0.103083 -0.0435241
729.275 -6.39688 1.22575 -6.62671 7.13659 1.66181 6.8985 0.0632245 -0.107665 -0.0536034
729.291 -6.5118 1.26405 -6.20536 7.08873 1.62473 6.9009 0.057574 -0.103389 -0.0503964
729.306 -6.32027 1.37897 -6.5501 7.04925 1.61276 6.90688 0.0609338 -0.103083 -0.0485638
