809.083 6.05214 2.29828 -6.12875 -6.5659 2.68235 6.38644 0.0757473 -0.12202 -0.178983
809.099 6.74162 2.41319 -6.47349 -6.79322 2.68475 6.44028 0.0707076 -0.115606 -0.164017
809.116 7.04806 2.83455 -6.12875 -6.9679 2.81635 6.44147 0.0751364 -0.118966 -0.0841467
809.132 7.08637 2.91116 -6.09044 -7.1988 3.24347 6.39123 0.0697913 -0.115606 -0.0329867
809.149 6.89484 2.71963 -5.86062 -6.86501 3.20877 6.40439 0.068875 -0.120951 0.0595593
809.166 6.77993 2.83455 -5.97553 -6.71426 3.00778 6.28714 0.0714712 -0.11973 0.0925461
809.182 6.58841 3.21759 -6.16705 -6.67478 3.33799 6.47976 0.0742201 -0.125991 0.0887282
809.199 6.89484 3.44742 -6.16705 -6.69751 3.67896 6.42473 0.0671951 -0.126602 0.0406225
809.215 6.85654 3.17929 -6.05214 -6.90209 3.54736 6.33141 0.068875 -0.128893 -0.000916298
809.232 7.00976 3.2942 -6.05214 -6.99422 3.44566 6.40798 0.0736092 -0.134543 0.000610865
809.248 7.00976 2.79624 -6.32027 -6.67717 3.1681 6.41994 0.0691805 -0.13271 0.0056505
809.263 6.47349 2.83455 -6.01384 -6.42712 2.97308 6.48814 0.0723875 -0.133627 0.00519235
809.28 6.24366 2.91116 -6.32027 -6.1675 3.07837 6.38166 0.0723875 -0.129503 0.00549779
809.295 6.20536 2.79624 -6.16705 -5.8337 2.97547 6.4331 0.0731511 -0.125533 -0.0181732
809.312 5.89892 2.68133 -5.78401 -5.81336 2.96471 6.41875 0.0766636 -0.119119 -0.0332921
809.329 5.78401 2.60472 -6.24366 -5.66979 2.85583 6.53839 0.0820086 -0.113163 -0.0601702
809.345 6.05214 2.83455 -6.09044 -5.87557 3.04965 6.4343 0.0878119 -0.103236 -0.100029
809.362 6.32027 2.87285 -6.01384 -6.08614 3.02094 6.41516 0.0913243 -0.100945 -0.123395
809.378 6.32027 2.83455 -6.16705 -6.35773 3.04965 6.41156 0.0966694 -0.0908662 -0.141263
809.395 6.62671 2.91116 -5.89892 -6.68674 3.15015 6.43789 0.100029 -0.0908662 -0.142942
809.412 6.70332 3.2942 -6.28197 -6.70349 3.36072 6.42592 0.100793 -0.0922406 -0.13439
809.428 6.77993 3.56234 -6.20536 -6.65683 3.70289 6.39721 0.0942259 -0.0926988 -0.111483
809.445 6.74162 3.48573 -6.01384 -6.68435 3.83928 6.37208 0.0890336 -0.0864374 -0.0528398
809.462 6.77993 3.52403 -5.97553 -6.60897 3.85244 6.31944 0.0827722 -0.0823141 -0.0201585
809.478 6.43519 3.17929 -5.97553 -6.50489 3.46122 6.39242 0.0749837 -0.087201 -0.0195477
809.495 6.28197 2.91116 -6.32027 -6.24646 3.15494 6.37926 0.0734565 -0.0853684 -0.0719294
809.511 6.09044 2.91116 -6.16705 -6.29551 3.11545 6.40558 0.0781907 -0.0846048 -0.0817032
809.528 6.28197 3.2942 -5.93723 -6.32901 3.48395 6.40798 0.0818559 -0.0864374 -0.023671
809.545 6.43519 3.2942 -5.97553 -6.49172 3.56172 6.31824 0.0734565 -0.0813978 0.0647517
809.561 6.93315 2.87285 -6.28197 -6.54676 3.48754 6.2991 0.0713185 -0.0771217 0.100793
809.578 7.50772 2.41319 -6.28197 -7.21795 2.7338 6.39123 0.0783434 -0.0835358 0.12874
809.594 7.43111 2.10676 -6.05214 -7.37468 2.38205 6.39721 0.0902553 -0.0934624 0.111483
809.611 7.12467 2.52811 -6.24366 -7.19163 2.45504 6.37328 0.0980438 -0.0991129 0.0394008
809.628 7.58433 3.17929 -6.05214 -7.23829 3.17647 6.35653 0.106596 -0.0981966 -0.0290161
809.644 7.54602 3.33251 -6.01384 -7.85683 3.57368 6.24766 0.104 -0.106138 -0.14508
809.661 7.96737 3.56234 -5.89892 -7.98245 3.7986 6.22732 0.102778 -0.118355 -0.181885
809.677 7.54602 4.13691 -5.7074 -7.47039 4.28674 6.04427 0.0983493 -0.117133 -0.182343
809.694 7.58433 3.56234 -5.86062 -8.36171 3.88475 6.12443 0.0794125 -0.11637 -0.226326
809.711 9.30804 3.17929 -2.4515 -8.91326 3.57129 5.84447 0.0858265 -0.147524 -0.244499
809.727 9.65278 2.10676 -6.85654 -10.66 3.60838 11.8828 0.0998765 -0.17654 -0.307571
809.744 7.89076 2.71963 -6.24366 -7.79222 3.14536 6.62572 0.0894917 -0.188452 -0.127824
809.76 7.43111 2.22167 -5.7457 -7.68096 2.87258 6.8985 0.0896445 -0.156687 -0.098502
809.777 7.27789 1.34066 -5.47757 -6.76211 1.79701 5.7667 0.0855211 -0.158214 -0.0552833
809.795 7.20128 2.29828 -6.66501 -6.85304 2.35573 6.62572 0.105985 -0.184634 -0.157603
809.81 7.23959 3.06437 -6.89484 -7.15813 2.84746 7.15454 0.121409 -0.193644 -0.391412
809.827 6.47349 4.0986 -6.5118 -6.83869 4.12523 6.83031 0.129351 -0.19563 -0.44807
809.843 5.20944 4.13691 -6.20536 -5.27258 4.63131 6.68435 0.113621 -0.188605 -0.372017
809.86 4.86469 2.98777 -6.16705 -3.92782 4.2987 6.5324 0.0783434 -0.153633 -0.0875064
809.877 2.68133 1.76202 -6.43519 -2.37368 2.1332 6.58026 0.0713185 -0.130114 0.0415388
809.893 3.79216 2.87285 -6.39688 -3.39063 2.99103 6.74417 0.0820086 -0.090408 0.142026
809.91 3.98369 3.90708 -6.32027 -5.23908 4.1348 6.51206 0.0783434 -0.0829249 0.164781
809.926 6.5501 4.40504 -6.09044 -5.9665 4.44586 6.37926 0.0762054 -0.0826195 0.195324
809.943 7.54602 4.13691 -6.05214 -7.30648 4.42313 6.37687 0.0685696 -0.0731511 0.255036
809.96 7.58433 3.79216 -6.20536 -7.39502 4.04626 6.35055 0.0586431 -0.0807869 0.245415
809.976 7.23959 3.79216 -5.89892 -7.2682 3.86441 6.39482 0.0536034 -0.0809396 0.202044
809.993 7.69924 4.51995 -5.93723 -7.61755 4.55832 6.16032 0.0571159 -0.0890336 0.0846048
810.009 8.04398 4.55826 -6.20536 -7.8999 4.7677 6.27159 0.0569632 -0.115454 -0.0262672
810.034 7.3928 3.98369 -6.16705 -7.46321 4.25922 6.31466 0.0589485 -0.130267 -0.105374
810.05 7.31619 3.67725 -6.16705 -7.00738 3.96251 6.42473 0.0503964 -0.130267 -0.106291
810.067 5.89892 3.67725 -6.12875 -6.43908 3.96491 6.36012 0.043066 -0.131641 -0.0197004
810.084 5.43926 3.86877 -6.09044 -5.21276 4.11685 6.26321 0.0232129 -0.120646 -0.00931569
810.1 5.89892 3.79216 -6.43519 -5.77268 3.87398 6.49651 0.0120646 -0.100182 -0.0833831
810.117 6.43519 2.98777 -6.09044 -6.13161 3.5653 6.35294 0.020464 -0.111636 -0.165697
810.133 6.77993 2.52811 -6.12875 -6.59342 2.80678 6.5324 0.019395 -0.109803 -0.170431
810.15 7.43111 1.91523 -6.16705 -7.33878 2.17747 6.42473 0.0233656 -0.105527 -0.0766636
810.167 7.23959 2.29828 -5.82231 -7.39023 2.2995 6.38166 0.0293215 -0.0998765 -0.0103847
810.184 7.08637 2.64302 -6.16705 -7.04925 2.87019 6.42592 0.0335976 -0.104763 -0.014508
810.201 7.04806 2.94946 -6.12875 -7.00139 3.25065 6.33739 0.0369573 -0.109192 -0.00671952
810.217 7.20128 3.14098 -5.97553 -7.1342 3.44088 6.33978 0.0354302 -0.105374 0.0157298
810.234 7.04806 2.83455 -6.16705 -6.92842 3.20997 6.36371 0.0329867 -0.109803 0.0103847
810.251 6.5501 2.52811 -6.16705 -6.50489 2.84028 6.40917 0.0331394 -0.11301 -0.0424551
810.267 6.5501 2.64302 -6.16705 -6.47856 2.99103 6.41037 0.0424551 -0.111177 -0.0705549
810.284 6.5118 2.79624 -6.12875 -6.52762 3.13819 6.39721 0.0439823 -0.115912 -0.0597121
810.3 6.93315 2.60472 -6.47349 -6.7657 2.97188 6.37448 0.0424551 -0.110872 -0.00916297
810.317 6.85654 2.56641 -6.09044 -6.86979 2.88335 6.39601 0.0427606 -0.111636 0.0571159
810.334 7.08637 2.68133 -6.12875 -6.92722 2.96112 6.38166 0.0432187 -0.10965 0.0772744
810.35 6.97145 2.94946 -6.28197 -6.99781 3.09511 6.38405 0.0406225 -0.107665 0.10568
810.367 7.08637 2.91116 -6.24366 -7.09711 3.18604 6.35534 0.0395535 -0.111483 0.125533
810.383 7.16298 2.83455 -6.32027 -7.00379 3.18485 6.3673 0.0424551 -0.113926 0.130572
810.4 6.93315 2.71963 -6.05214 -6.83629 3.05204 6.39362 0.0448986 -0.118966 0.133016
810.417 6.70332 2.71963 -6.05214 -6.55872 2.98744 6.40439 0.0476475 -0.11805 0.128587
810.433 6.74162 3.02607 -6.20536 -6.58863 3.12383 6.41755 0.0508545 -0.11805 0.112705
810.45 6.77993 3.2559 -6.20536 -6.60778 3.41695 6.3996 0.0578795 -0.124006 0.078038
810.466 6.58841 3.37081 -6.05214 -6.56231 3.58684 6.39362 0.0546724 -0.119119 0.0606284
810.483 6.74162 3.33251 -6.20536 -6.54556 3.6 6.4008 0.0560469 -0.121409 0.0519235
810.5 6.5118 3.2942 -6.09044 -6.66281 3.57607 6.39003 0.0578795 -0.123089 0.023671
810.516 6.93315 3.2559 -6.12875 -6.82672 3.64905 6.38883 0.0558941 -0.123242 -0.00549779
810.533 6.89484 3.37081 -6.12875 -6.83629 3.57368 6.38883 0.0584903 -0.126755 -0.0183259
810.549 6.89484 3.2942 -6.12875 -6.7992 3.51625 6.41516 0.0513127 -0.122631 -0.025809
810.566 6.97145 3.14098 -5.93723 -6.85663 3.51984 6.40319 0.0536034 -0.127671 -0.0265726
810.583 6.93315 3.21759 -6.05214 -6.87338 3.48993 6.41396 0.0528398 -0.13271 -0.0154243
810.599 6.74162 3.21759 -6.12875 -6.79681 3.466 6.3996 0.0519235 -0.132558 -0.00992656
810.616 6.89484 3.2942 -6.24366 -6.63649 3.62871 6.42951 0.0482583 -0.128434 -0.0105374
810.632 6.70332 3.2942 -6.12875 -6.62692 3.65384 6.43191 0.0488692 -0.129503 -0.0219911
810.649 6.5501 3.33251 -6.16705 -6.49771 3.68255 6.39841 0.0502437 -0.131947 -0.0314596
810.666 6.62671 3.40912 -6.28197 -6.46899 3.66461 6.39601 0.0493274 -0.132863 -0.0406225
810.682 6.74162 3.33251 -6.12875 -6.51805 3.58923 6.44985 0.0444404 -0.129198 -0.019395
810.698 6.70332 3.17929 -6.16705 -6.58983 3.38584 6.41755 0.0467312 -0.133627 -0.00580322
810.713 6.5118 2.91116 -6.16705 -6.47976 3.14177 6.44506 0.0453567 -0.128587 -0.00671952
810.729 6.58841 3.02607 -6.12875 -6.46181 3.1334 6.46899 0.0487165 -0.131947 -0.0242819
810.745 6.5118 3.10268 -6.24366 -6.35892 3.25184 6.44267 0.0546724 -0.133779 -0.0511599
810.76 6.47349 2.79624 -6.09044 -6.34935 3.19801 6.44985 0.0539089 -0.131183 -0.0557414
810.776 6.35858 2.94946 -6.24366 -6.38883 3.14656 6.46301 0.0494801 -0.123089 -0.0584903
810.792 6.32027 2.94946 -6.5501 -6.35414 3.17647 6.46301 0.0546724 -0.124311 -0.0426078
810.807 6.28197 3.2559 -6.43519 -6.3661 3.35354 6.47258 0.0574213 -0.123547 -0.0444404
810.822 6.32027 3.21759 -6.16705 -6.37567 3.49711 6.43669 0.0594066 -0.124616 -0.0511599
810.837 6.5118 3.33251 -6.28197 -6.39123 3.55813 6.44865 0.0600175 -0.127365 -0.0551306
810.853 6.62671 3.2942 -6.24366 -6.64247 3.67298 6.45942 0.0551306 -0.121409 -0.0456622
811.476 6.81823 3.14098 -6.24366 -6.7669 3.48156 6.45583 0.0560469 -0.107207 -0.0394008
811.493 6.62671 3.17929 -6.16705 -6.65563 3.45882 6.48335 0.0572686 -0.110719 -0.0423024
811.509 6.70332 3.10268 -6.16705 -6.54198 3.39302 6.48215 0.0549779 -0.108276 -0.0439823
811.526 6.43519 2.98777 -6.16705 -6.47737 3.22552 6.50967 0.0558941 -0.106443 -0.053298
811.543 6.20536 2.94946 -6.35858 -6.46301 3.20758 6.48215 0.0577268 -0.107207 -0.0552833
811.559 6.62671 2.91116 -6.24366 -6.48455 3.20997 6.49292 0.0548251 -0.105374 -0.047342
811.576 6.5501 2.91116 -6.20536 -6.53121 3.13819 6.45942 0.0581849 -0.105832 -0.0488692
811.592 6.47349 2.91116 -6.16705 -6.56351 3.18365 6.51446 0.0549779 -0.100945 -0.0442877
811.608 6.58841 2.87285 -6.16705 -6.59222 3.16211 6.51326 0.0581849 -0.104611 -0.0346666
811.624 6.58841 2.83455 -6.24366 -6.57069 3.11306 6.47617 0.0609338 -0.107054 -0.0297797
811.639 6.58841 2.91116 -6.28197 -6.54676 3.16451 6.48335 0.0613919 -0.102778 -0.0250455
811.656 6.70332 3.14098 -6.20536 -6.52283 3.27817 6.47737 0.0653626 -0.107665 -0.02474
811.672 6.66501 3.2559 -6.24366 -6.54676 3.38704 6.48215 0.0613919 -0.102931 -0.0158825
811.689 6.5118 3.2942 -6.28197 -6.55514 3.51506 6.48814 0.0618501 -0.101098 -0.0100793
811.707 6.70332 3.2942 -6.28197 -6.57428 3.54377 6.48335 0.0601702 -0.101709 -0.0111483
811.722 6.58841 3.33251 -6.09044 -6.57667 3.53539 6.46421 0.0610865 -0.101556 -0.021533
811.739 6.74162 3.33251 -6.43519 -6.61974 3.6012 6.47617 0.0598648 -0.102778 -0.0268781
811.755 6.77993 3.37081 -6.24366 -6.65803 3.61555 6.45105 0.0595593 -0.104 -0.0285579
811.772 6.77993 3.33251 -6.20536 -6.64247 3.61316 6.47976 0.0589485 -0.104763 -0.0334449
811.789 6.5501 3.40912 -6.24366 -6.55514 3.51625 6.4654 0.0580322 -0.107512 -0.0374155
811.805 6.5118 3.2942 -6.20536 -6.52164 3.44327 6.45942 0.0551306 -0.104611 -0.0412334
811.822 6.58841 3.10268 -6.20536 -6.52762 3.38106 6.48933 0.0566577 -0.106443 -0.0468839
811.838 6.47349 3.17929 -6.20536 -6.45703 3.33679 6.47139 0.0566577 -0.106443 -0.0468839
811.855 6.5118 3.02607 -6.32027 -6.39362 3.36909 6.48096 0.0558941 -0.103847 -0.0392481
811.872 6.43519 3.10268 -6.24366 -6.37567 3.3679 6.47856 0.0545197 -0.0994183 -0.0271835
811.888 6.5118 3.02607 -6.09044 -6.43071 3.33799 6.47617 0.0516181 -0.097433 -0.0241292
811.905 6.43519 3.10268 -6.09044 -6.45583 3.28295 6.45942 0.0563523 -0.101404 -0.0261145
811.921 6.5501 3.10268 -6.20536 -6.45464 3.2662 6.4678 0.0558941 -0.0956004 -0.0294742
811.938 6.62671 3.10268 -5.89892 -6.52762 3.32841 6.45703 0.0542143 -0.0946841 -0.0302378
811.954 6.58841 3.2559 -6.16705 -6.59581 3.42054 6.44985 0.056505 -0.0966694 -0.0262672
811.97 6.70332 3.2942 -6.16705 -6.65683 3.48754 6.4666 0.0555887 -0.0957531 -0.0209221
811.987 6.70332 3.2942 -6.16705 -6.72144 3.52223 6.45224 0.0572686 -0.100487 -0.0178678
812.003 6.62671 3.17929 -6.39688 -6.65324 3.47797 6.44985 0.0557414 -0.100945 -0.0210748
812.019 6.74162 3.2559 -6.16705 -6.64965 3.41695 6.46062 0.0525344 -0.0957531 -0.0235183
812.036 6.62671 3.14098 -6.16705 -6.6341 3.40738 6.45823 0.056505 -0.101709 -0.0340557
812.052 6.66501 3.14098 -5.66909 -6.64128 3.3679 6.43789 0.0557414 -0.102931 -0.0366519
812.069 6.58841 3.10268 -6.20536 -6.62094 3.3667 6.45464 0.0551306 -0.100945 -0.0335976
812.086 6.81823 3.10268 -6.24366 -6.64606 3.35474 6.44746 0.0545197 -0.100945 -0.0340557
812.102 6.70332 3.14098 -6.09044 -6.58983 3.42413 6.44626 0.0551306 -0.103083 -0.0400117
812.119 6.74162 3.2559 -6.5501 -6.60419 3.466 6.44865 0.0566577 -0.102778 -0.043066
812.135 6.66501 3.14098 -6.32027 -6.59821 3.46122 6.46181 0.0561996 -0.104458 -0.0409279
812.152 6.5501 3.14098 -6.20536 -6.58624 3.40379 6.44626 0.0526871 -0.100945 -0.0352775
812.169 6.66501 3.33251 -6.28197 -6.54317 3.4014 6.43908 0.0539089 -0.101098 -0.0314596
812.185 6.62671 3.10268 -6.24366 -6.62811 3.38824 6.44865 0.0499382 -0.0960585 -0.030696
812.202 6.58841 3.02607 -6.12875 -6.57069 3.37866 6.44506 0.0531453 -0.102473 -0.0342084
812.218 6.62671 2.94946 -5.97553 -6.62214 3.33679 6.46421 0.053298 -0.101098 -0.0368046
812.235 6.66501 2.98777 -6.24366 -6.57906 3.29731 6.45105 0.0545197 -0.102167 -0.0407752
812.252 6.66501 3.02607 -6.39688 -6.60897 3.22433 6.44387 0.0563523 -0.102014 -0.0427606
812.268 6.58841 2.91116 -5.93723 -6.59821 3.23629 6.46062 0.056505 -0.100793 -0.0342084
812.285 6.66501 2.87285 -6.20536 -6.61137 3.26501 6.44387 0.0572686 -0.102625 -0.0311541
812.301 6.5118 3.06437 -6.16705 -6.68554 3.30927 6.45344 0.0561996 -0.0991129 -0.0253509
812.318 6.81823 3.06437 -6.28197 -6.69272 3.33679 6.43908 0.0583376 -0.101556 -0.0264199
812.335 6.85654 3.02607 -6.16705 -6.6987 3.36072 6.42831 0.0539089 -0.0991129 -0.0235183
812.351 6.81823 3.21759 -6.05214 -6.70229 3.47916 6.42353 0.0574213 -0.102167 -0.0200058
812.368 6.85654 3.2942 -6.16705 -6.69751 3.53539 6.42951 0.0566577 -0.104458 -0.0135917
812.384 6.85654 3.2559 -6.35858 -6.75733 3.48036 6.40678 0.0551306 -0.104 -0.0117592
812.401 6.97145 3.21759 -6.12875 -6.77767 3.4995 6.41276 0.0534507 -0.101862 -0.0135917
812.418 6.74162 3.33251 -6.24366 -6.78365 3.50189 6.40319 0.0531453 -0.104763 -0.0189368
812.434 6.81823 3.17929 -6.28197 -6.75853 3.50788 6.44387 0.0496328 -0.103389 -0.0175624
812.451 6.89484 3.10268 -6.24366 -6.74656 3.42413 6.42114 0.0537561 -0.108429 -0.0189368
812.467 6.74162 3.06437 -6.32027 -6.70708 3.36072 6.42114 0.0508545 -0.107054 -0.0132863
812.484 6.74162 3.06437 -6.16705 -6.6353 3.32483 6.41755 0.0505491 -0.10797 -0.0148135
812.501 6.58841 3.02607 -6.20536 -6.61137 3.30329 6.43191 0.0560469 -0.111941 -0.0250455
812.517 6.77993 2.98777 -6.01384 -6.63769 3.31645 6.45823 0.0540616 -0.110108 -0.0334449
812.534 6.62671 3.02607 -6.01384 -6.62333 3.31765 6.44147 0.0555887 -0.111177 -0.0363465
812.55 6.62671 3.06437 -6.12875 -6.55753 3.24586 6.4355 0.0581849 -0.113774 -0.0279471
812.567 6.5118 2.94946 -6.01384 -6.48694 3.32243 6.4343 0.0571159 -0.105527 -0.0117592
812.584 6.58841 3.14098 -6.09044 -6.5348 3.35354 6.46181 0.0537561 -0.105222 -0.00733038
812.6 6.66501 3.14098 -6.28197 -6.65205 3.39422 6.45105 0.0577268 -0.111636 -0.0178678
812.617 6.62671 3.2559 -6.09044 -6.70947 3.43609 6.4331 0.0577268 -0.110414 -0.0389426
812.633 6.81823 3.2559 -6.20536 -6.71785 3.45284 6.42114 0.057574 -0.112705 -0.0412334
812.65 6.89484 3.37081 -6.5118 -6.72742 3.49831 6.43669 0.0557414 -0.109039 -0.0335976
812.667 6.89484 3.37081 -6.24366 -6.72144 3.54496 6.42353 0.0574213 -0.114232 -0.031765
812.683 6.77993 3.37081 -6.12875 -6.67478 3.61196 6.41156 0.0557414 -0.113315 -0.0320704
812.701 6.77993 3.37081 -6.28197 -6.61376 3.61795 6.43071 0.0517708 -0.112857 -0.0334449
812.717 6.70332 3.2942 -6.32027 -6.55992 3.466 6.42831 0.0496328 -0.112246 -0.0390954
812.733 6.81823 3.10268 -6.39688 -6.5348 3.38943 6.4355 0.0487165 -0.109803 -0.0383318
812.75 6.5501 2.98777 -6.20536 -6.45583 3.3009 6.40798 0.054367 -0.114079 -0.0442877
812.766 6.70332 3.06437 -5.97553 -6.68913 3.39422 6.37448 0.053298 -0.114995 -0.0277944
812.783 6.66501 2.98777 -6.01384 -6.65205 3.34038 6.46062 0.0507018 -0.114843 -0.02474
812.799 6.66501 2.98777 -6.12875 -6.63051 3.20399 6.44387 0.0539089 -0.115301 -0.0351248
812.815 6.70332 2.87285 -6.12875 -6.59581 3.18485 6.4678 0.056505 -0.116981 -0.0424551
812.832 6.70332 3.02607 -6.28197 -6.65205 3.19561 6.43789 0.0577268 -0.117286 -0.0421497
812.848 6.89484 3.17929 -6.28197 -6.76331 3.24108 6.43789 0.0569632 -0.113926 -0.044135
812.864 6.77993 2.98777 -6.20536 -6.8016 3.26859 6.42831 0.0591012 -0.114385 -0.043066
812.88 6.81823 3.14098 -6.35858 -6.78006 3.31765 6.43908 0.0578795 -0.114385 -0.0421497
812.897 6.77993 3.10268 -6.20536 -6.73938 3.34875 6.44147 0.0589485 -0.115454 -0.0447459
812.914 6.85654 3.06437 -6.24366 -6.7322 3.35833 6.41276 0.0616974 -0.119882 -0.0499382
812.93 6.81823 3.06437 -6.35858 -6.72144 3.31884 6.45105 0.0629191 -0.121104 -0.0488692
812.947 6.74162 3.02607 -6.20536 -6.65205 3.31286 6.41755 0.0607811 -0.121257 -0.045204
812.963 6.5118 2.94946 -5.97553 -6.56231 3.37747 6.4343 0.0630718 -0.120951 -0.0448986
812.98 6.5501 3.06437 -6.16705 -6.57906 3.34636 6.4678 0.0601702 -0.118966 -0.0427606
812.997 6.62671 3.14098 -6.24366 -6.52164 3.35234 6.4678 0.064599 -0.122784 -0.0343612
813.013 6.66501 3.10268 -6.28197 -6.6999 3.39541 6.44028 0.0595593 -0.118966 -0.0316123
813.03 6.85654 3.17929 -6.12875 -6.80279 3.40618 6.44506 0.0610865 -0.121562 -0.0326813
813.046 6.97145 3.14098 -6.01384 -6.9679 3.39422 6.42951 0.0633773 -0.126144 -0.0380264
813.063 7.08637 3.06437 -6.28197 -7.00379 3.34636 6.44746 0.0604756 -0.125075 -0.0342084
813.08 7.12467 3.06437 -6.12875 -7.00259 3.29611 6.45224 0.0613919 -0.126144 -0.0294742
813.096 6.97145 2.91116 -6.28197 -6.91047 3.17527 6.41875 0.0623082 -0.130114 -0.0149662
813.113 6.93315 2.91116 -6.20536 -6.77408 3.1992 6.47139 0.0639881 -0.1321 -0.0103847
813.129 6.85654 2.91116 -6.24366 -6.69751 3.19202 6.45224 0.0670424 -0.136223 -0.0164934
813.146 6.39688 3.21759 -6.28197 -6.47976 3.30209 6.47617 0.0655153 -0.133627 -0.0233656
813.163 6.28197 3.21759 -6.24366 -6.28594 3.59521 6.47019 0.065668 -0.133932 -0.0305433
813.179 6.20536 3.37081 -6.20536 -6.24526 3.60838 6.45224 0.0649044 -0.131031 -0.0384845
813.196 6.12875 3.52403 -6.16705 -6.0658 3.84407 6.46421 0.0641408 -0.12874 -0.0342084
813.212 6.05214 3.56234 -6.43519 -6.00598 3.87637 6.47498 0.0586431 -0.12538 -0.023671
813.228 6.12875 3.52403 -6.28197 -6.04547 3.88475 6.49172 0.0580322 -0.1237 -0.0192422
813.245 6.24366 3.60064 -6.28197 -6.13519 3.90987 6.4654 0.0525344 -0.115759 -0.0120646
813.261 6.24366 3.63894 -6.01384 -6.21296 3.94816 6.47139 0.0479529 -0.111941 -0.00870483
813.278 6.5118 3.71555 -6.20536 -6.28475 3.96251 6.46181 0.0459676 -0.110872 -0.00809396
813.295 6.62671 3.56234 -6.24366 -6.56112 3.77348 6.46181 0.0398589 -0.107665 -0.0116064
813.311 6.74162 3.40912 -6.01384 -6.71545 3.68495 6.45105 0.0415388 -0.110567 -0.0259618
813.328 6.77993 3.14098 -6.20536 -6.79801 3.50189 6.48455 0.0372628 -0.110414 -0.0343612
813.344 6.97145 2.91116 -6.32027 -6.88774 3.27458 6.45823 0.0409279 -0.11805 -0.0368046
813.361 6.66501 2.98777 -6.24366 -6.67717 3.25065 6.48096 0.0464257 -0.1237 -0.041997
813.378 6.66501 2.98777 -6.35858 -6.61495 3.24826 6.48215 0.0453567 -0.120799 -0.0445931
815.472 5.13283 4.0986 -6.20536 -4.94357 4.24008 6.44267 0.0481056 -0.0823141 0.550848
815.489 5.24774 4.17521 -6.09044 -5.08116 4.32862 6.4355 0.0508545 -0.0821613 0.53695
815.504 5.78401 4.74978 -6.05214 -5.59442 4.81077 6.4008 0.0499382 -0.0765108 0.57574
815.522 6.12875 5.17113 -6.05214 -6.06221 5.37547 6.36251 0.0445931 -0.071624 0.667828
815.538 6.24366 5.43926 -6.12875 -6.12562 5.57767 6.35773 0.0444404 -0.0742201 0.693179
815.553 5.93723 5.24774 -6.12875 -5.90189 5.57528 6.39362 0.0432187 -0.0797179 0.684169
815.57 5.51587 5.01791 -6.16705 -5.64945 5.42453 6.3685 0.0377209 -0.0810924 0.663399
815.587 5.20944 5.55418 -6.01384 -5.25105 5.47836 6.42592 0.033903 -0.0800233 0.651029
815.603 5.36266 5.55418 -6.05214 -5.25583 5.78943 6.38524 0.0303905 -0.0815505 0.607505
815.62 5.7074 5.7074 -5.93723 -5.46401 5.80499 6.36251 0.0311541 -0.0829249 0.50152
815.636 5.78401 5.7457 -6.20536 -5.56092 5.88634 6.35773 0.029627 -0.0847575 0.423329
815.653 5.78401 5.47757 -6.12875 -5.33599 5.60758 6.40439 0.0329867 -0.096364 0.205403
815.67 5.7457 5.7457 -6.09044 -5.45324 5.72124 6.38166 0.0343612 -0.098502 0.0314596
815.686 5.36266 5.7457 -6.09044 -5.41496 5.84806 6.39601 0.0332921 -0.103236 -0.0056505
815.703 5.32435 5.7074 -6.01384 -5.45683 6.05145 6.35294 0.0271835 -0.100945 0.0210748
815.719 5.05622 5.36266 -5.93723 -5.01176 5.70808 6.45583 0.0169515 -0.0997237 0.145233
815.736 5.13283 5.05622 -6.12875 -5.0333 5.40179 6.44626 0.0142026 -0.0989602 0.211054
815.753 5.59248 5.17113 -6.01384 -5.52742 5.40299 6.41037 0.0129809 -0.0991129 0.29856
815.769 5.55418 5.13283 -6.05214 -5.56809 5.42213 6.26201 0.0056505 -0.0934624 0.438907
815.786 5.20944 4.903 -6.16705 -5.32283 5.27617 6.43071 0.00335976 -0.0901026 0.493274
815.802 5.55418 5.01791 -6.12875 -5.16371 5.12901 6.43908 0.00717767 -0.0949895 0.393397
815.819 5.36266 5.36266 -5.86062 -4.96391 5.50349 6.34098 0.0180205 -0.107207 0.109956
815.836 5.20944 5.40096 -5.97553 -4.86102 5.78225 6.35653 0.0248928 -0.108581 -0.0274889
815.852 5.20944 5.40096 -5.93723 -5.07876 5.65783 6.51206 0.0308487 -0.111025 -0.0919352
815.869 5.20944 5.09452 -6.09044 -5.25344 5.34078 6.42831 0.0197004 -0.104916 -0.0276416
815.885 5.36266 5.05622 -6.12875 -5.36112 5.29292 6.3996 0.0190895 -0.101251 -0.00671952
815.902 5.32435 4.9413 -6.20536 -5.11585 5.08235 6.40678 0.0219911 -0.105374 0.0271835
815.919 5.17113 4.903 -6.28197 -4.8993 5.17567 6.47139 0.02474 -0.10965 0.0137445
815.935 4.9413 5.28605 -6.05214 -4.86341 5.38504 6.43669 0.0259618 -0.106138 -0.0151189
815.952 4.82639 5.28605 -6.20536 -4.84427 5.51904 6.45105 0.0255036 -0.105374 -0.0357356
815.968 5.05622 5.17113 -6.12875 -5.0345 5.42572 6.42473 0.0274889 -0.105527 -0.0100793
815.985 5.17113 4.86469 -6.47349 -5.09192 5.22832 6.47258 0.0297797 -0.10736 0.00901026
816.002 5.20944 4.59656 -6.16705 -5.09432 4.90648 6.42592 0.0255036 -0.100793 0.076969
816.018 5.20944 4.82639 -6.43519 -5.20439 4.98425 6.48096 0.0274889 -0.103542 0.100029
816.035 5.43926 4.82639 -6.20536 -5.20319 4.88614 6.51805 0.0305433 -0.103083 0.0821613
816.051 5.43926 4.86469 -6.20536 -5.14696 4.98545 6.4678 0.0358883 -0.107207 0.0740674
816.068 5.13283 4.9413 -6.24366 -4.94716 5.1003 6.44985 0.0412334 -0.109803 0.103236
816.085 5.13283 4.82639 -6.28197 -4.80479 5.09192 6.44865 0.044135 -0.104763 0.115454
816.101 5.17113 4.903 -6.20536 -4.92802 5.05125 6.42831 0.0453567 -0.105222 0.0807869
816.118 5.28605 5.66909 -5.86062 -5.18165 5.58963 6.50608 0.0510072 -0.111941 -0.0467312
816.134 5.66909 6.12875 -6.20536 -5.44965 6.12921 6.36969 0.0647517 -0.11469 -0.197615
816.151 4.9413 5.7457 -6.16705 -5.05364 6.11366 6.44626 0.065668 -0.11469 -0.284052
816.168 4.63487 4.13691 -6.24366 -4.50449 4.63848 6.48574 0.0557414 -0.124922 -0.361938
816.184 4.67317 3.60064 -6.16705 -4.34656 4.1324 6.41156 0.0482583 -0.123395 -0.355065
816.201 4.55826 4.29012 -6.16705 -4.44347 4.30708 6.52044 0.0529926 -0.122326 -0.266184
816.217 5.17113 5.51587 -6.20536 -5.06441 5.66022 6.45224 0.0589485 -0.112246 0.0163406
816.234 5.32435 6.05214 -6.09044 -5.45085 6.13639 6.38405 0.0618501 -0.0949895 0.0308487
816.251 5.55418 5.59248 -6.12875 -5.55374 5.81695 6.42473 0.0623082 -0.0917825 -0.0887282
816.267 4.82639 5.20944 -6.20536 -4.69352 5.41974 6.46421 0.0685696 -0.108429 -0.326049
816.284 4.55826 5.09452 -6.16705 -4.43031 5.35992 6.56112 0.0704022 -0.117592 -0.544281
816.3 5.09452 4.97961 -6.12875 -4.75932 5.20917 6.44387 0.0733038 -0.118508 -0.650571
816.317 5.51587 5.40096 -6.12875 -5.30728 5.4317 6.45224 0.0809396 -0.122173 -0.837801
816.334 5.7074 5.36266 -5.97553 -5.50708 5.54058 6.41755 0.083994 -0.121562 -0.967763
816.349 5.63079 5.24774 -6.20536 -5.35872 5.4329 6.41994 0.085063 -0.127518 -0.995252
816.366 5.13283 4.86469 -6.20536 -5.06082 5.26062 6.51446 0.0800233 -0.126602 -0.967763
816.382 5.20944 4.82639 -6.12875 -5.12901 5.13141 6.52762 0.0713185 -0.119577 -0.862389
816.399 5.7457 4.74978 -6.05214 -5.5992 4.99262 6.45105 0.0690278 -0.117286 -0.785573
816.416 5.86062 4.74978 -6.24366 -5.88873 5.04287 6.41276 0.0594066 -0.110108 -0.585819
816.432 5.82231 4.55826 -6.16705 -5.84207 4.94357 6.42831 0.0537561 -0.107818 -0.43402
816.449 5.66909 4.44334 -6.24366 -5.83848 4.66839 6.41755 0.0548251 -0.111636 -0.415541
816.465 5.89892 4.36673 -6.28197 -5.77986 4.57149 6.49771 0.0528398 -0.10797 -0.428522
816.482 6.24366 4.0986 -6.12875 -6.0012 4.51645 6.47139 0.0577268 -0.114843 -0.419664
816.499 6.28197 3.98369 -6.20536 -6.29073 4.3346 6.4331 0.0542143 -0.11301 -0.370184
816.515 6.32027 3.98369 -6.09044 -6.03709 4.26281 6.38524 0.0551306 -0.113774 -0.232892
816.531 5.89892 4.0986 -6.24366 -5.92582 4.27238 6.42353 0.0511599 -0.107512 -0.140346
816.547 5.93723 4.0986 -6.16705 -5.77029 4.37886 6.4989 0.0481056 -0.105069 -0.128434
816.563 5.93723 4.21351 -6.24366 -5.78704 4.45424 6.44626 0.0505491 -0.110872 -0.16982
816.58 6.01384 4.32843 -6.09044 -5.87677 4.51406 6.47139 0.0519235 -0.108276 -0.237627
816.596 5.82231 4.44334 -6.09044 -5.94855 4.60499 6.4331 0.0571159 -0.11133 -0.276416
816.613 5.97553 4.32843 -6.24366 -5.86122 4.48774 6.45344 0.0591012 -0.113621 -0.379653
816.629 5.82231 4.25182 -6.24366 -5.85045 4.41236 6.44746 0.0607811 -0.114537 -0.508392
816.646 5.93723 4.0986 -6.28197 -5.80977 4.28794 6.46301 0.0639881 -0.114537 -0.567035
816.663 5.93723 4.0986 -6.20536 -6.03948 4.43629 6.42473 0.0705549 -0.116675 -0.656986
816.679 5.89892 4.63487 -5.86062 -6.0012 4.63968 6.41635 0.0616974 -0.111788 -0.70112
816.696 6.43519 3.86877 -6.20536 -6.201 4.68036 6.46899 0.0517708 -0.10797 -0.698066
816.712 6.5501 3.48573 -6.09044 -6.54437 3.74596 6.4331 0.0636827 -0.118355 -0.600633
816.729 6.39688 3.48573 -6.16705 -6.41037 3.72323 6.4343 0.0676533 -0.11973 -0.42562
816.746 6.35858 3.2942 -6.20536 -6.27278 3.58564 6.46421 0.0630718 -0.11637 -0.352011
816.762 6.20536 3.33251 -6.24366 -6.21057 3.51027 6.48335 0.0563523 -0.115148 -0.253967
816.779 6.32027 3.52403 -6.24366 -6.16391 3.71007 6.48814 0.0627664 -0.116064 -0.221439
816.795 6.43519 4.0986 -6.39688 -6.268 4.1659 6.44985 0.0604756 -0.112094 -0.211359
816.812 6.70332 3.94538 -6.05214 -6.48814 4.2652 6.41276 0.0572686 -0.115148 -0.161879
816.829 6.58841 3.94538 -6.12875 -6.52403 4.27836 6.38285 0.053298 -0.112857 -0.0852157
816.845 6.35858 3.56234 -6.16705 -6.39362 4.01874 6.44267 0.0478002 -0.110261 -0.0583376
816.861 6.16705 3.44742 -6.16705 -6.22732 3.7998 6.47617 0.0474948 -0.114079 -0.053298
816.878 6.24366 3.48573 -6.09044 -6.23569 3.71007 6.45703 0.0502437 -0.114232 -0.0853684
816.894 6.35858 3.67725 -6.28197 -6.25603 3.82732 6.45583 0.0558941 -0.118966 -0.11133
816.911 6.39688 3.52403 -6.35858 -6.27518 3.77109 6.47856 0.054367 -0.114079 -0.142942
816.927 6.20536 3.44742 -6.05214 -6.30987 3.75673 6.4654 0.054367 -0.113621 -0.156076
816.944 6.43519 3.56234 -6.32027 -6.42233 3.72921 6.44746 0.054367 -0.112857 -0.160963
816.961 6.39688 3.40912 -6.20536 -6.35773 3.7005 6.45823 0.0534507 -0.111025 -0.181885
816.977 6.39688 3.52403 -6.20536 -6.32901 3.66341 6.45583 0.0607811 -0.116523 -0.214872
816.993 6.43519 3.40912 -6.16705 -6.30269 3.65623 6.48574 0.0668897 -0.120646 -0.228616
817.009 6.43519 3.33251 -6.20536 -6.31705 3.54018 6.48933 0.0671951 -0.118202 -0.228769
817.025 6.47349 3.14098 -6.20536 -6.39242 3.50668 6.48215 0.0642935 -0.117744 -0.212428
817.041 6.62671 3.17929 -6.20536 -6.51326 3.48395 6.47019 0.066737 -0.115606 -0.159894
817.057 6.74162 3.2559 -6.12875 -6.5324 3.50907 6.4343 0.0697913 -0.118508 -0.128893
817.073 6.66501 3.21759 -6.32027 -6.50967 3.50788 6.48335 0.0691805 -0.11637 -0.121562
817.089 6.43519 3.2559 -6.20536 -6.47617 3.56291 6.44746 0.0681114 -0.116064 -0.106596
817.106 6.39688 3.37081 -6.5118 -6.41994 3.59402 6.48574 0.0702495 -0.118202 -0.0778853
817.123 6.47349 3.44742 -6.24366 -6.4008 3.64188 6.45942 0.0719294 -0.121257 -0.0566577
817.139 6.58841 3.40912 -6.24366 -6.44028 3.6347 6.47498 0.0690278 -0.117592 -0.0018326
817.156 6.62671 3.48573 -6.05214 -6.45703 3.69332 6.4678 0.068875 -0.117897 0.0238237
817.172 6.5501 3.52403 -6.20536 -6.45105 3.80339 6.4678 0.0723875 -0.120799 0.020464
817.189 6.62671 3.56234 -6.20536 -6.43789 3.79621 6.45823 0.0699441 -0.121715 0.0135917
817.206 6.43519 3.71555 -6.24366 -6.39601 3.81057 6.44746 0.0704022 -0.120035 0.0206167
817.221 6.5118 3.63894 -6.24366 -6.34935 3.84766 6.48096 0.0757473 -0.126449 0.0171042
817.238 6.43519 3.56234 -6.28197 -6.335 3.80698 6.47856 0.0717766 -0.121562 -0.000152716
817.254 6.43519 3.44742 -6.28197 -6.30269 3.78544 6.45583 0.0731511 -0.125227 -0.0233656
817.271 6.5118 3.40912 -6.16705 -6.32303 3.76271 6.48455 0.0766636 -0.126449 -0.033903
817.288 6.5118 3.60064 -6.16705 -6.33739 3.84885 6.46062 0.0752891 -0.124769 -0.0416915
817.304 6.20536 3.83047 -6.05214 -6.32662 3.95892 6.44147 0.0731511 -0.119271 -0.0342084
817.321 6.28197 3.83047 -6.20536 -6.3003 4.04387 6.49531 0.0704022 -0.115912 -0.0285579
817.337 6.35858 3.86877 -6.01384 -6.32183 4.0319 6.4654 0.0693332 -0.119424 -0.033903
817.354 6.32027 3.94538 -6.24366 -6.30748 4.08574 6.45105 0.0685696 -0.119577 -0.0354302
817.371 6.47349 3.86877 -6.20536 -6.38285 4.09771 6.46301 0.0658207 -0.119119 -0.0313068
817.387 6.39688 3.90708 -6.20536 -6.30389 4.15394 6.47856 0.0642935 -0.120951 -0.0294742
817.404 6.24366 3.98369 -6.24366 -6.27159 4.14556 6.45703 0.0620028 -0.120188 -0.0290161
817.42 6.20536 3.90708 -6.28197 -6.30269 4.17667 6.45464 0.0604756 -0.120799 -0.02474
817.437 6.32027 3.79216 -6.09044 -6.17587 4.15274 6.48574 0.0578795 -0.120035 -0.00274889
817.454 6.05214 3.90708 -6.24366 -6.08375 4.12164 6.49053 0.0525344 -0.114843 0.0108429
817.47 6.16705 3.71555 -6.20536 -6.05145 3.97687 6.49412 0.0487165 -0.110108 0.00809396
817.487 6.05214 3.63894 -6.35858 -6.01077 3.81416 6.49651 0.0525344 -0.112552 -0.021533
817.503 6.05214 3.44742 -6.24366 -6.00359 3.77348 6.48574 0.0551306 -0.112552 -0.0540616
817.52 6.32027 3.37081 -6.35858 -6.04905 3.7328 6.46899 0.053298 -0.109956 -0.0591012
817.537 6.20536 3.2942 -6.24366 -6.12443 3.60239 6.49412 0.0571159 -0.109498 -0.0566577
819.633 6.28197 3.75386 -6.01384 -6.89491 3.96371 6.37448 0.0529926 -0.110872 0.00320704
819.65 7.00976 3.67725 -6.16705 -6.81715 4.02592 6.38285 0.0587958 -0.10965 0.00213803
819.667 6.58841 3.10268 -6.20536 -6.53958 3.42293 6.48694 0.052229 -0.111177 -0.0343612
819.683 6.5118 2.91116 -6.16705 -6.3996 3.18245 6.44985 0.056505 -0.113163 -0.0759
