889.505 0.191523 -0.766094 -9.23143 0.333799 -0.464207 10.0522 0.0487165 -0.0899499 -0.0255036
889.522 0.0766094 -0.536266 -9.34634 0.284746 -0.291924 10.0271 0.0529926 -0.0897971 -0.0340557
889.539 -0.0383047 -0.344742 -9.38465 0.34337 -0.258425 10.0343 0.0572686 -0.0911716 -0.0481056
889.555 0.0 -0.497961 -9.30804 0.226122 -0.264407 10.0247 0.0581849 -0.0885754 -0.0606284
889.572 0.0766094 -0.421352 -9.49956 0.301496 -0.311067 9.99841 0.0568105 -0.0902553 -0.0659734
889.588 -0.0766094 -0.459656 -9.49956 0.474975 -0.290728 10.0343 0.057574 -0.0905607 -0.0606284
889.605 0.0383047 -0.383047 -9.42295 0.397208 -0.245264 10.0463 0.0566577 -0.0804815 -0.0348193
889.622 0.0766094 -0.229828 -9.26973 0.26321 -0.143569 10.0116 0.0601702 -0.0827722 -0.0308487
889.638 0.0766094 -0.191523 -9.49956 0.291924 -0.066999 10.0235 0.0612392 -0.0830777 -0.0400117
889.655 0.0766094 -0.114914 -9.30804 0.117248 0.0191426 9.98764 0.0609338 -0.0817032 -0.06353
889.671 0.191523 -0.0766094 -9.11651 0.0717846 0.177069 9.99721 0.0594066 -0.0823141 -0.0598648
889.688 0.0383047 -0.0383047 -9.38465 0.148355 0.239282 10.0211 0.0571159 -0.0835358 -0.0507018
889.704 0.114914 -0.114914 -9.30804 0.198604 0.100499 9.97089 0.054367 -0.083994 -0.0209221
889.72 0.153219 0.0 -9.34634 0.154337 0.129212 9.98644 0.0528398 -0.0829249 -0.0181732
889.737 0.114914 -0.114914 -9.42295 0.187837 0.138784 10.014 0.0511599 -0.0821613 -0.0268781
889.753 0.153219 -0.191523 -9.42295 0.144766 0.0418744 10.0235 0.0491747 -0.0809396 -0.0433714
889.77 0.153219 -0.306437 -9.26973 0.0227318 0.0753739 10.0164 0.0482583 -0.0833831 -0.0447459
889.787 0.344742 -0.229828 -9.42295 0.0346959 0.0765703 10.0211 0.0468839 -0.0820086 -0.0398589
889.803 0.344742 -0.306437 -9.34634 0.00717846 -0.0753739 10.0319 0.0439823 -0.0821613 -0.0293215
889.82 0.268133 -0.229828 -9.38465 -0.0143569 -0.087338 10.0235 0.0459676 -0.0852157 -0.0268781
889.836 0.268133 -0.268133 -9.30804 0.0155533 -0.128016 10.0152 0.0447459 -0.0833831 -0.030696
889.853 0.383047 -0.383047 -9.26973 -0.0358923 -0.183051 10.014 0.0432187 -0.0829249 -0.0392481
889.87 0.306437 -0.459656 -9.26973 -0.09332 -0.180658 10.0259 0.046273 -0.0867428 -0.0423024
889.885 0.229828 -0.421352 -9.26973 -0.0502493 -0.172283 10.0223 0.0481056 -0.0897971 -0.0421497
889.902 0.306437 -0.421352 -9.30804 -0.128016 -0.209372 10.0152 0.0488692 -0.0905607 -0.0384845
889.919 0.383047 -0.421352 -9.38465 -0.148355 -0.185444 10.0187 0.0468839 -0.090408 -0.036041
889.935 0.383047 -0.421352 -9.38465 -0.148355 -0.22014 10.0247 0.0485638 -0.0928515 -0.0354302
889.952 0.536266 -0.383047 -9.42295 -0.222532 -0.235693 10.0008 0.0478002 -0.0945314 -0.0343612
889.968 0.459656 -0.383047 -9.34634 -0.253639 -0.288335 10.0211 0.0484111 -0.0965167 -0.041997
889.985 0.536266 -0.421352 -9.38465 -0.245264 -0.317049 10.0223 0.047342 -0.0978911 -0.0424551
890.002 0.459656 -0.497961 -9.19312 -0.307478 -0.350548 10.0152 0.0496328 -0.099571 -0.0372628
890.018 0.497961 -0.459656 -9.23143 -0.285942 -0.351745 10.0247 0.0528398 -0.103542 -0.0331394
890.035 0.459656 -0.344742 -9.42295 -0.253639 -0.342173 10.002 0.0536034 -0.108123 -0.0361938
890.051 0.459656 -0.536266 -9.23143 -0.244068 -0.339781 10.014 0.0561996 -0.110261 -0.0348193
890.068 0.421352 -0.421352 -9.30804 -0.18664 -0.315852 10.014 0.0569632 -0.11133 -0.0342084
890.085 0.459656 -0.421352 -9.38465 -0.15673 -0.294317 10.0259 0.0561996 -0.109803 -0.0346666
890.101 0.459656 -0.421352 -9.38465 -0.133998 -0.257228 10.0056 0.0581849 -0.112399 -0.0357356
890.118 0.459656 -0.497961 -9.26973 -0.124427 -0.191426 10.0128 0.0589485 -0.112857 -0.0351248
890.133 0.306437 -0.229828 -9.46126 -0.117248 -0.147159 10.0211 0.0641408 -0.118355 -0.0395535
890.149 0.306437 -0.306437 -9.30804 -0.118445 -0.0945165 10.0187 0.0578795 -0.117592 -0.043066
890.166 0.383047 -0.344742 -9.23143 -0.087338 -0.116052 10.0283 0.0566577 -0.11637 -0.0384845
890.181 0.344742 -0.344742 -9.34634 -0.0454636 -0.131605 10.0175 0.0587958 -0.119271 -0.0343612
890.198 0.268133 -0.306437 -9.30804 0.0442672 -0.132802 10.0187 0.062461 -0.121715 -0.0334449
890.213 0.191523 -0.306437 -9.57617 0.0777667 -0.129212 10.0247 0.0601702 -0.121104 -0.0320704
890.229 0.268133 -0.229828 -9.42295 0.0957129 -0.0693918 10.0152 0.0618501 -0.120799 -0.0351248
890.246 0.268133 -0.344742 -9.26973 0.0981057 -0.0741775 10.0175 0.0595593 -0.123395 -0.0401644
890.262 0.191523 -0.268133 -9.42295 0.0981057 -0.0634098 10.0319 0.0577268 -0.122784 -0.0386372
890.279 0.229828 -0.229828 -9.30804 0.0789631 -0.020339 10.008 0.0566577 -0.118202 -0.0368046
890.295 0.229828 -0.306437 -9.26973 0.0945165 -0.0837488 10.0199 0.0595593 -0.123395 -0.0384845
890.312 0.153219 -0.383047 -9.38465 0.0981057 -0.148355 10.0175 0.0612392 -0.125533 -0.0387899
890.329 0.114914 -0.383047 -9.38465 0.165105 -0.195015 10.0152 0.057574 -0.121257 -0.0343612
890.345 0.153219 -0.344742 -9.30804 0.212961 -0.208175 10.0235 0.057574 -0.119424 -0.0303905
890.362 0.0383047 -0.421352 -9.38465 0.238086 -0.229711 10.0355 0.0584903 -0.119577 -0.0308487
890.378 0.153219 -0.421352 -9.46126 0.270389 -0.159123 10.0247 0.0633773 -0.124464 -0.0340557
890.394 0.0766094 -0.306437 -9.42295 0.267996 -0.12323 10.0152 0.0598648 -0.119577 -0.0351248
890.412 0.0383047 -0.421352 -9.46126 0.264407 -0.118445 10.0116 0.0612392 -0.117592 -0.0334449
890.428 0.0766094 -0.268133 -9.19312 0.275174 -0.0430708 10.014 0.0603229 -0.119271 -0.0288634
890.445 -0.0766094 -0.268133 -9.38465 0.2668 -0.0478564 10.0247 0.0592539 -0.114232 -0.0308487
890.462 0.0766094 -0.268133 -9.53786 0.260818 -0.0550349 10.0271 0.0615447 -0.117439 -0.0313068
890.478 0.0 -0.191523 -9.38465 0.252443 -0.066999 10.0259 0.0595593 -0.115301 -0.0311541
890.495 0.0766094 -0.229828 -9.30804 0.287139 -0.0945165 10.0247 0.0577268 -0.112246 -0.032834
890.511 0.0766094 -0.268133 -9.38465 0.291924 -0.0969093 10.0283 0.057574 -0.112399 -0.032834
890.528 0.0383047 -0.229828 -9.34634 0.290728 -0.102891 10.0199 0.0578795 -0.112552 -0.0329867
890.545 0.0 -0.459656 -9.26973 0.285942 -0.131605 10.0343 0.0592539 -0.112246 -0.0345139
890.56 0.153219 -0.344742 -9.34634 0.25005 -0.118445 10.0128 0.0601702 -0.10965 -0.0343612
890.577 0.0766094 -0.268133 -9.34634 0.239282 -0.0921237 10.0283 0.0609338 -0.111177 -0.0364992
890.593 0.153219 -0.344742 -9.42295 0.208175 -0.09332 10.0259 0.0571159 -0.104916 -0.0363465
890.61 0.114914 -0.344742 -9.42295 0.184247 -0.0801595 10.0283 0.0610865 -0.108581 -0.0380264
890.627 0.191523 -0.153219 -9.26973 0.157926 -0.0705882 10.0283 0.0549779 -0.102625 -0.0343612
890.65 0.191523 -0.229828 -9.38465 0.132802 -0.0921237 10.0211 0.0574213 -0.10736 -0.0403171
890.667 0.153219 -0.268133 -9.53786 0.111266 -0.104088 10.0235 0.0578795 -0.105374 -0.036041
890.683 0.191523 -0.344742 -9.38465 0.0789631 -0.119641 10.0152 0.0571159 -0.106443 -0.0297797
890.7 0.191523 -0.229828 -9.42295 0.0849452 -0.122034 9.99601 0.0589485 -0.108123 -0.0316123
890.716 0.0766094 -0.344742 -9.38465 0.0981057 -0.118445 10.0283 0.0558941 -0.104305 -0.0290161
890.733 0.153219 -0.306437 -9.15482 0.0837488 -0.136391 10.0199 0.0581849 -0.10736 -0.0300851
890.749 0.229828 -0.344742 -9.46126 0.0693918 -0.12682 10.0199 0.0563523 -0.104305 -0.0293215
890.765 0.306437 -0.268133 -9.38465 0.105284 -0.12323 10.0271 0.0589485 -0.108887 -0.0313068
890.782 0.191523 -0.229828 -9.26973 0.102891 -0.120837 10.0128 0.0574213 -0.107207 -0.0302378
890.798 0.153219 -0.344742 -9.42295 0.0741775 -0.11007 10.0271 0.0555887 -0.106749 -0.0305433
890.815 0.153219 -0.344742 -9.07821 0.0658026 -0.0993021 10.0223 0.0572686 -0.106443 -0.0311541
890.832 0.229828 -0.306437 -9.38465 0.0394815 -0.0717846 10.0283 0.0580322 -0.10965 -0.0364992
890.848 0.268133 -0.268133 -9.38465 0.0418744 -0.0550349 10.0128 0.0587958 -0.10965 -0.0366519
890.865 0.268133 -0.306437 -9.46126 0.0646062 -0.0526421 10.014 0.0586431 -0.112399 -0.0322231
890.88 0.306437 -0.229828 -9.57617 0.0849452 -0.0478564 10.0164 0.0592539 -0.110872 -0.0342084
890.896 0.268133 -0.229828 -9.34634 0.0777667 -0.0239282 10.014 0.0589485 -0.112399 -0.0390954
890.913 0.268133 -0.114914 -9.34634 0.0753739 0.00358923 10.0175 0.0566577 -0.110567 -0.0361938
890.929 0.153219 -0.153219 -9.38465 0.0442672 0.0514457 10.008 0.0557414 -0.110567 -0.0337503
890.946 0.268133 -0.191523 -9.34634 0.0418744 0.0658026 10.014 0.0572686 -0.113926 -0.0320704
890.962 0.268133 -0.114914 -9.38465 0.0382852 0.0574277 10.0056 0.0545197 -0.112399 -0.0287107
890.979 0.344742 -0.191523 -9.30804 0.0478564 0.0454636 10.0128 0.0519235 -0.113468 -0.0319177
890.996 0.421352 -0.268133 -9.34634 0.0562313 -0.0119641 10.0187 0.0528398 -0.11469 -0.0343612
891.012 0.114914 -0.229828 -9.53786 0.0550349 -0.0562313 10.0164 0.0497855 -0.112552 -0.0325286
891.029 0.153219 -0.306437 -9.38465 0.0646062 -0.0646062 10.0164 0.0494801 -0.112246 -0.0280998
891.045 0.229828 -0.344742 -9.46126 0.0885344 -0.0957129 10.0092 0.0494801 -0.114079 -0.0282525
891.062 0.191523 -0.306437 -9.30804 0.0837488 -0.149551 10.0295 0.0487165 -0.112857 -0.030696
891.079 0.153219 -0.229828 -9.34634 0.0825523 -0.147159 10.0247 0.0503964 -0.112857 -0.0337503
891.095 0.268133 -0.306437 -9.26973 0.0789631 -0.137587 10.0152 0.052229 -0.11469 -0.0337503
891.112 0.268133 -0.306437 -9.34634 0.0753739 -0.149551 10.0247 0.0537561 -0.120188 -0.0389426
891.128 0.268133 -0.344742 -9.46126 0.0717846 -0.120837 10.0223 0.0505491 -0.114079 -0.0369573
891.145 0.229828 -0.268133 -9.49956 0.0897308 -0.125623 9.99362 0.0507018 -0.116064 -0.0363465
891.162 0.191523 -0.344742 -9.26973 0.0945165 -0.135194 10.0247 0.0516181 -0.115148 -0.036041
891.178 0.191523 -0.306437 -9.23143 0.122034 -0.16989 10.0259 0.0510072 -0.116828 -0.0311541
891.195 0.114914 -0.344742 -9.26973 0.12323 -0.179462 10.0271 0.0500909 -0.11469 -0.0303905
891.212 0.191523 -0.383047 -9.42295 0.12682 -0.160319 10.0128 0.0537561 -0.116523 -0.0345139
891.228 0.153219 -0.229828 -9.38465 0.114855 -0.13998 10.0223 0.0542143 -0.118202 -0.0372628
891.245 0.229828 -0.344742 -9.34634 0.119641 -0.154337 10.0271 0.0523817 -0.116523 -0.036041
891.261 0.153219 -0.344742 -9.42295 0.118445 -0.161515 10.0187 0.0528398 -0.114843 -0.036041
891.278 0.153219 -0.383047 -9.46126 0.129212 -0.157926 10.0164 0.0561996 -0.117744 -0.0329867
891.295 0.344742 -0.383047 -9.42295 0.105284 -0.17348 10.0128 0.0537561 -0.118508 -0.0334449
891.311 0.191523 -0.229828 -9.30804 0.133998 -0.162712 10.0164 0.0561996 -0.11805 -0.0366519
891.328 0.114914 -0.344742 -9.34634 0.189033 -0.171087 10.0235 0.0552833 -0.117286 -0.0394008
891.344 0.0383047 -0.383047 -9.46126 0.177069 -0.179462 10.0223 0.0563523 -0.118661 -0.0374155
891.361 0.114914 -0.421352 -9.57617 0.240479 -0.172283 10.0331 0.0568105 -0.118355 -0.0342084
891.378 0.0 -0.497961 -9.42295 0.354138 -0.245264 10.0355 0.0566577 -0.116217 -0.0343612
891.394 -0.0766094 -0.383047 -9.38465 0.391226 -0.278764 10.0271 0.0561996 -0.113621 -0.0337503
891.411 0.0 -0.421352 -9.38465 0.398405 -0.246461 10.0223 0.0589485 -0.115148 -0.0355829
891.427 -0.153219 -0.459656 -9.26973 0.451047 -0.232104 10.0295 0.0618501 -0.114232 -0.0368046
891.444 0.0383047 -0.383047 -9.38465 0.454636 -0.230907 10.0283 0.0600175 -0.107818 -0.0285579
891.461 0.0 -0.383047 -9.30804 0.417547 -0.212961 10.0391 0.0609338 -0.107207 -0.0273362
891.477 -0.0766094 -0.383047 -9.38465 0.391226 -0.257228 10.0247 0.0616974 -0.105069 -0.0343612
891.494 -0.153219 -0.459656 -9.19312 0.424726 -0.232104 10.0499 0.0641408 -0.104 -0.0421497
891.51 -0.191523 -0.57457 -9.42295 0.515653 -0.287139 10.0283 0.0612392 -0.101709 -0.0364992
891.527 -0.0383047 -0.497961 -9.46126 0.497707 -0.41994 10.1252 0.0638354 -0.0969748 -0.00473421
891.544 0.0 -0.268133 -9.23143 0.452243 -0.195015 9.92064 0.0700968 -0.0960585 -0.0426078
891.56 0.0383047 -0.306437 -9.46126 0.159123 -0.236889 10.0989 0.0665843 -0.0949895 -0.0514654
891.577 0.229828 -0.306437 -9.23143 0.157926 -0.257228 9.97328 0.0690278 -0.0966694 -0.0273362
891.593 0.229828 -0.459656 -9.26973 0.0693918 -0.159123 9.98046 0.0723875 -0.0957531 -0.00885754
891.61 0.344742 -0.459656 -9.42295 0.0155533 -0.212961 10.0343 0.0681114 -0.0891863 -0.00412334
891.627 0.421352 -0.191523 -9.42295 -0.0801595 -0.135194 10.0032 0.0705549 -0.0940732 -0.0337503
891.643 0.306437 -0.153219 -9.30804 -0.144766 -0.040678 10.0104 0.0746782 -0.101709 -0.0560469
891.66 0.421352 -0.191523 -9.38465 -0.118445 -0.124427 9.99601 0.0719294 -0.103236 -0.0401644
891.676 0.421352 -0.306437 -9.34634 -0.0622134 -0.129212 9.99601 0.0690278 -0.0989602 -0.00916297
891.693 0.306437 -0.421352 -9.46126 -0.040678 -0.26321 10.0606 0.0728457 -0.105832 -0.0219911
891.71 0.191523 -0.306437 -9.23143 0.106481 -0.287139 10.0235 0.0707076 -0.103236 -0.0381791
891.726 0.153219 -0.344742 -9.42295 0.0418744 -0.174676 10.0343 0.0739146 -0.102625 -0.0620028
891.743 0.268133 -0.268133 -9.61448 -0.0658026 -0.162712 9.98166 0.0742201 -0.107054 -0.0303905
891.759 0.268133 -0.306437 -9.42295 -0.0658026 -0.15673 10.0367 0.0726929 -0.103694 -0.0148135
891.776 0.459656 -0.306437 -9.46126 -0.0957129 -0.0765703 10.0068 0.0762054 -0.109498 -0.0219911
891.793 0.612875 -0.383047 -9.15482 -0.11007 -0.129212 9.99003 0.0740674 -0.108581 -0.0418443
891.809 0.344742 -0.306437 -9.38465 -0.117248 -0.0957129 10.008 0.0801761 -0.11469 -0.0423024
891.826 0.344742 -0.153219 -9.38465 -0.155533 -0.0430708 9.99721 0.0751364 -0.111483 -0.0233656
891.842 0.268133 -0.268133 -9.38465 -0.0993021 -0.0323031 10.002 0.0762054 -0.116675 -0.0184787
891.859 0.383047 -0.153219 -9.46126 -0.0478564 -0.0227318 10.0104 0.0733038 -0.112094 -0.0221439
891.876 0.268133 -0.383047 -9.19312 -0.0191426 -0.0370887 9.99362 0.0745255 -0.114079 -0.0270308
891.892 0.344742 -0.191523 -9.38465 -0.066999 -0.0646062 10.0379 0.0762054 -0.121257 -0.0264199
891.909 0.383047 -0.191523 -9.30804 -0.106481 -0.0502493 10.002 0.0778853 -0.122326 -0.0261145
891.925 0.153219 -0.191523 -9.23143 -0.0622134 0.0490528 10.0319 0.0749837 -0.121104 -0.0248928
891.942 0.114914 -0.153219 -9.42295 0.153141 0.114855 10.0271 0.0733038 -0.120493 -0.0299324
891.959 0.114914 -0.153219 -9.38465 0.248853 0.0729811 10.0068 0.074831 -0.124464 -0.0291688
891.975 0.114914 -0.306437 -9.23143 0.321834 -0.09332 10.0283 0.0690278 -0.117439 -0.0189368
891.992 -0.153219 -0.57457 -9.38465 0.501296 -0.372084 10.0786 0.074831 -0.118355 -0.00916297
892.008 -0.344742 -0.612875 -9.46126 0.625723 -0.457029 10.0427 0.0772744 -0.116064 -0.0163406
892.025 -0.191523 -0.612875 -9.34634 0.713061 -0.489332 10.0032 0.0777326 -0.113163 -0.0293215
892.042 -0.114914 -0.421352 -9.23143 0.547956 -0.277567 10.0678 0.0856738 -0.114385 -0.0525344
892.058 0.0383047 -0.306437 -9.34634 0.441475 -0.172283 10.0152 0.0856738 -0.109039 -0.0603229
892.075 0.0766094 -0.383047 -9.42295 0.302692 -0.0646062 10.0391 0.0867428 -0.106443 -0.0539089
892.091 0.114914 -0.0383047 -9.72939 0.284746 0.0801595 10.0307 0.086132 -0.106138 -0.0363465
892.108 0.153219 -0.0766094 -9.42295 0.258425 0.137587 10.0128 0.0844521 -0.103389 -0.0342084
892.125 0.0766094 -0.0766094 -9.38465 0.275174 0.145962 10.0187 0.0859793 -0.104611 -0.0377209
892.141 -0.0383047 -0.0766094 -9.11651 0.361316 0.175872 10.0271 0.083994 -0.103389 -0.0398589
892.158 -0.114914 -0.0766094 -9.42295 0.424726 0.184247 10.0427 0.0826195 -0.100029 -0.0332921
892.174 -0.0383047 -0.0766094 -9.34634 0.437886 0.183051 10.0235 0.0815505 -0.0986547 -0.0293215
892.191 -0.0383047 -0.114914 -9.53786 0.434297 0.214158 10.0104 0.0804815 -0.096364 -0.0197004
892.208 0.0383047 -0.0383047 -9.49956 0.378066 0.239282 10.0331 0.0775799 -0.0925461 -0.01237
892.224 0.344742 0.0766094 -9.34634 0.221336 0.357727 10.0271 0.0765108 -0.0928515 -0.0187841
892.241 0.153219 0.153219 -9.46126 0.15673 0.492921 10.0331 0.0755945 -0.0942259 -0.0453567
892.257 0.191523 0.0383047 -9.42295 0.162712 0.44985 10.0008 0.0691805 -0.0937678 -0.0511599
892.274 0.0766094 0.0383047 -9.49956 0.147159 0.42353 10.0199 0.064599 -0.0901026 -0.0390954
892.291 0.0383047 0.0766094 -9.53786 0.161515 0.340977 10.0092 0.0642935 -0.0920879 -0.0178678
892.307 0.344742 -0.114914 -9.42295 0.165105 0.236889 10.0164 0.0647517 -0.0928515 -0.0138972
892.324 0.153219 -0.114914 -9.42295 0.168694 0.144766 10.0152 0.0642935 -0.0948368 -0.021533
892.34 0.229828 -0.153219 -9.34634 0.153141 0.0693918 10.0247 0.0603229 -0.0894917 -0.0320704
892.357 0.114914 -0.306437 -9.46126 0.153141 0.0346959 10.0367 0.0630718 -0.0917825 -0.0316123
892.374 0.191523 -0.0766094 -9.38465 0.142373 0.0346959 10.008 0.0629191 -0.0919352 -0.0276416
892.39 0.0766094 -0.153219 -9.49956 0.118445 0.0801595 10.0044 0.0626137 -0.0897971 -0.0300851
892.407 0.268133 -0.229828 -9.26973 -0.00717846 0.120837 10.0092 0.0616974 -0.0911716 -0.0429133
892.423 0.344742 -0.153219 -9.34634 -0.0299103 0.161515 10.0164 0.0629191 -0.0928515 -0.0467312
892.44 0.268133 -0.153219 -9.0016 0.0634098 0.0586241 9.96371 0.0581849 -0.0905607 -0.0358883
892.457 0.229828 -0.0383047 -9.53786 0.0658026 0.0622134 10.0917 0.0618501 -0.0934624 -0.0467312
892.473 0.229828 -0.114914 -9.38465 0.0765703 0.119641 10.002 0.0601702 -0.0887282 -0.0426078
892.49 0.191523 -0.114914 -9.30804 0.143569 0.161515 10.081 0.0615447 -0.0956004 -0.0332921
892.506 0.153219 0.0 -9.38465 0.0191426 0.282353 9.98046 0.0606284 -0.0920879 -0.0109956
892.523 0.306437 0.0766094 -9.57617 -0.0299103 0.27996 10.0427 0.0589485 -0.0899499 -0.00931569
892.54 0.344742 -0.0383047 -9.30804 -0.0502493 0.154337 10.002 0.0598648 -0.100182 -0.0323759
892.556 0.344742 -0.0383047 -9.38465 -0.244068 0.241675 9.98285 0.0555887 -0.0920879 -0.0502437
892.573 0.383047 0.0383047 -9.69109 -0.278764 0.246461 9.97926 0.0572686 -0.0980438 -0.0467312
892.589 0.383047 0.0383047 -9.42295 -0.161515 0.26321 9.9996 0.0552833 -0.104153 -0.0375682
892.606 0.344742 -0.0766094 -9.38465 -0.148355 0.212961 10.0128 0.0508545 -0.100487 -0.0303905
892.623 0.383047 -0.268133 -9.72939 -0.0897308 0.114855 10.0092 0.053298 -0.103694 -0.02474
892.639 0.57457 -0.229828 -9.38465 -0.114855 0.040678 10.0199 0.0540616 -0.105374 -0.0314596
892.656 0.497961 -0.229828 -9.49956 -0.200997 0.114855 10.0164 0.0514654 -0.103694 -0.0499382
892.672 0.306437 -0.153219 -9.42295 -0.215354 0.112463 10.0152 0.0523817 -0.110261 -0.0563523
892.69 0.383047 -0.0383047 -9.46126 -0.240479 0.178265 9.96849 0.0520762 -0.108429 -0.0459676
892.707 0.536266 -0.0766094 -9.30804 -0.299103 0.246461 10.0056 0.0514654 -0.112552 -0.0201585
892.723 0.459656 -0.0383047 -9.19312 -0.206979 0.209372 10.0008 0.0485638 -0.113774 -0.0273362
892.74 0.344742 0.0 -9.38465 0.0454636 0.291924 10.0056 0.0474948 -0.11133 -0.0415388
892.756 0.0 -0.153219 -9.15482 0.214158 0.171087 10.0211 0.0471893 -0.115912 -0.0548251
892.773 0.0 -0.114914 -9.38465 0.258425 0.0921237 10.0104 0.0450513 -0.112246 -0.021533
892.79 0.0383047 -0.153219 -9.46126 0.0981057 0.100499 10.0152 0.0470366 -0.111483 -0.00901026
892.806 0.114914 -0.0766094 -9.38465 -0.0167498 0.159123 10.0116 0.043066 -0.109039 -0.0152716
892.823 0.0 -0.229828 -9.30804 0.236889 -0.0358923 10.0247 0.0436769 -0.115148 -0.0230602
892.839 0.0383047 -0.344742 -9.30804 0.31346 -0.113659 10.0415 0.041997 -0.111025 -0.014508
892.855 0.0766094 -0.459656 -9.46126 0.235693 -0.246461 10.0211 0.046273 -0.112094 0.00473421
892.871 0.191523 -0.459656 -9.30804 0.16989 -0.295514 10.0104 0.0471893 -0.109498 0.00733038
892.886 0.383047 -0.459656 -9.15482 -0.0227318 -0.180658 10.002 0.0496328 -0.106291 -0.0323759
892.902 0.306437 -0.306437 -9.15482 -0.104088 -0.172283 10.0379 0.0525344 -0.10965 -0.0774271
892.917 0.383047 -0.229828 -9.30804 -0.22014 0.0 9.98405 0.0537561 -0.11301 -0.0751364
892.932 0.497961 -0.114914 -9.42295 -0.246461 0.18664 10.0247 0.0525344 -0.11133 -0.0415388
892.948 0.536266 -0.0766094 -9.34634 -0.230907 0.179462 9.99841 0.0513127 -0.111941 -0.0207694
892.963 0.536266 -0.0766094 -9.30804 -0.222532 0.0813559 9.99362 0.0505491 -0.118355 -0.00717767
892.979 0.497961 -0.0766094 -9.57617 -0.260818 0.0885344 10.0271 0.0523817 -0.121409 -0.0229074
892.995 0.497961 -0.0383047 -9.42295 -0.252443 0.106481 10.0044 0.0485638 -0.118661 -0.0487165
893.589 0.153219 0.0 -9.46126 0.133998 0.15673 10.0104 0.0511599 -0.136834 -0.0514654
893.606 0.114914 0.0 -9.46126 0.105284 0.221336 10.0259 0.0507018 -0.138972 -0.0438296
893.623 0.191523 -0.0766094 -9.53786 0.0921237 0.195015 10.014 0.0497855 -0.136681 -0.0329867
893.639 0.0766094 -0.114914 -9.34634 0.153141 0.0693918 9.99721 0.0461203 -0.136681 -0.0146608
893.656 0.268133 -0.153219 -9.53786 0.167498 0.0658026 10.0271 0.0485638 -0.142637 -0.0297797
893.672 0.191523 -0.229828 -9.34634 0.13998 0.0191426 10.0199 0.0467312 -0.139583 -0.0401644
893.689 0.0383047 -0.191523 -9.42295 0.179462 -0.0370887 10.0211 0.046273 -0.138666 -0.0438296
893.706 0.0766094 -0.191523 -9.23143 0.245264 0.0239282 10.0319 0.0448986 -0.137903 -0.0239765
893.722 -0.0383047 -0.0766094 -9.46126 0.297906 0.0538385 10.014 0.0458149 -0.138972 -0.0186314
893.739 -0.114914 -0.306437 -9.30804 0.43669 -0.00598205 10.0128 0.0493274 -0.143401 -0.0302378
893.755 -0.0766094 -0.191523 -9.26973 0.512064 -0.107677 10.0439 0.0490219 -0.139583 -0.0331394
893.772 -0.153219 -0.153219 -9.34634 0.520439 -0.119641 10.0379 0.0493274 -0.138514 -0.0331394
893.789 -0.268133 -0.306437 -9.15482 0.577866 -0.0969093 10.0175 0.046273 -0.131794 -0.0267254
893.805 -0.153219 -0.383047 -9.34634 0.577866 -0.119641 10.0343 0.0502437 -0.130878 -0.0342084
893.822 -0.114914 -0.383047 -9.11651 0.556331 -0.147159 10.0439 0.0520762 -0.1321 -0.0401644
893.838 -0.268133 -0.268133 -9.30804 0.636491 -0.118445 10.0259 0.0488692 -0.125075 -0.0433714
893.855 -0.306437 -0.268133 -9.38465 0.628116 -0.0502493 10.0247 0.0531453 -0.126144 -0.0577268
893.872 -0.229828 -0.229828 -9.34634 0.579063 -0.00957129 10.0391 0.0529926 -0.122478 -0.0561996
893.888 -0.0766094 -0.0383047 -9.46126 0.461814 0.0777667 10.0235 0.057574 -0.12202 -0.046273
893.905 -0.0383047 -0.0383047 -9.46126 0.37328 0.160319 10.0331 0.0526871 -0.118508 -0.0386372
893.921 -0.0383047 -0.0766094 -9.34634 0.37328 0.148355 10.0092 0.0511599 -0.11973 -0.0404698
893.938 0.0 -0.0766094 -9.38465 0.354138 0.119641 10.0223 0.0490219 -0.114232 -0.045204
893.955 -0.114914 0.153219 -9.46126 0.369691 0.172283 10.0295 0.0496328 -0.117439 -0.0471893
893.971 -0.114914 0.0766094 -9.38465 0.369691 0.209372 10.002 0.047342 -0.11637 -0.0494801
893.988 -0.114914 0.0 -9.46126 0.471386 0.214158 10.0271 0.0470366 -0.115759 -0.0499382
894.004 0.0 -0.114914 -9.49956 0.480957 0.13998 10.0259 0.0445931 -0.113926 -0.0354302
894.021 -0.0383047 -0.0383047 -9.42295 0.468993 0.13998 10.0379 0.0442877 -0.113163 -0.0160352
894.038 -0.0383047 -0.0383047 -9.49956 0.43669 0.184247 10.0164 0.0384845 -0.105985 -0.0114537
894.054 -0.0383047 -0.0766094 -9.42295 0.441475 0.245264 10.0092 0.0429133 -0.110719 -0.0251982
894.071 0.0766094 -0.114914 -9.42295 0.447458 0.26321 10.002 0.0404698 -0.108581 -0.0352775
894.087 -0.0766094 -0.114914 -9.53786 0.386441 0.208175 9.99721 0.0395535 -0.111177 -0.0302378
894.104 -0.0766094 -0.0766094 -9.42295 0.36012 0.155533 10.0092 0.0378736 -0.109803 -0.0261145
894.121 0.114914 -0.229828 -9.49956 0.340977 0.12323 10.0128 0.034972 -0.10797 -0.0329867
894.137 0.153219 -0.0383047 -9.42295 0.314656 0.0622134 9.99841 0.0340557 -0.104 -0.0364992
894.153 0.114914 -0.383047 -9.30804 0.218943 0.0131605 10.0056 0.0348193 -0.107665 -0.0389426
894.17 0.153219 -0.268133 -9.42295 0.17348 -0.0143569 10.0164 0.0332921 -0.104611 -0.0279471
894.186 0.191523 -0.229828 -9.11651 0.165105 -0.0251246 10.0235 0.0354302 -0.107665 -0.0300851
894.203 0.191523 -0.229828 -9.19312 0.181854 -0.0658026 10.0355 0.0337503 -0.10797 -0.0387899
894.219 0.153219 -0.383047 -9.38465 0.228514 -0.0969093 10.0319 0.0335976 -0.109803 -0.0387899
894.235 0.0766094 -0.383047 -9.42295 0.262014 -0.178265 10.0104 0.0374155 -0.111025 -0.0337503
894.252 0.191523 -0.383047 -9.42295 0.251246 -0.202193 10.0068 0.0380264 -0.111177 -0.0259618
894.268 0.0766094 -0.268133 -9.19312 0.228514 -0.130409 10.0223 0.0351248 -0.105985 -0.0265726
894.284 0.153219 -0.191523 -9.30804 0.2333 -0.0179462 10.0068 0.0377209 -0.108581 -0.0421497
894.3 -0.0383047 -0.229828 -9.03991 0.35653 0.0167498 10.0032 0.0355829 -0.110872 -0.0502437
894.317 0.0766094 -0.191523 -9.34634 0.337388 0.0239282 10.0295 0.0369573 -0.111177 -0.0442877
894.334 0.153219 -0.114914 -9.46126 0.27996 0.0418744 10.008 0.0331394 -0.105069 -0.033903
894.35 0.0766094 -0.191523 -9.53786 0.227318 0.0550349 10.0032 0.0358883 -0.110261 -0.0358883
894.367 0.0383047 -0.153219 -9.46126 0.21655 0.0586241 10.0104 0.0334449 -0.107512 -0.036041
894.383 0.0 -0.191523 -9.38465 0.17348 0.0825523 10.0116 0.0343612 -0.110414 -0.0380264
894.4 0.0383047 -0.229828 -9.46126 0.210568 -0.0634098 10.0235 0.0323759 -0.110261 -0.0345139
894.417 0.229828 -0.344742 -9.26973 0.254835 -0.132802 10.0355 0.0325286 -0.111788 -0.0270308
894.433 0.0766094 -0.229828 -9.49956 0.241675 -0.165105 10.0092 0.0346666 -0.11469 -0.0233656
894.45 0.0766094 -0.268133 -9.38465 0.254835 -0.0885344 10.0104 0.0311541 -0.10797 -0.0294742
894.466 0.114914 -0.229828 -9.38465 0.269192 -0.0454636 9.99242 0.0337503 -0.11133 -0.0358883
894.483 0.0 -0.344742 -9.38465 0.270389 -0.09332 10.0008 0.0335976 -0.112857 -0.0366519
894.5 0.0766094 -0.383047 -9.11651 0.272782 -0.200997 10.0187 0.0308487 -0.10965 -0.0261145
894.515 0.0766094 -0.383047 -9.42295 0.291924 -0.238086 10.0152 0.0325286 -0.109803 -0.0235183
894.532 -0.0383047 -0.383047 -9.30804 0.31346 -0.208175 10.0175 0.036041 -0.112705 -0.0303905
894.548 0.0766094 -0.421352 -9.38465 0.34337 -0.178265 10.0307 0.0364992 -0.111941 -0.0392481
894.565 -0.0766094 -0.268133 -9.53786 0.388834 -0.144766 10.0175 0.0389426 -0.114995 -0.0418443
894.582 -0.0383047 -0.268133 -9.03991 0.463011 -0.122034 10.0391 0.036041 -0.109498 -0.0337503
894.598 -0.0766094 -0.421352 -9.23143 0.470189 -0.179462 10.0403 0.0372628 -0.109803 -0.0337503
894.614 -0.114914 -0.383047 -9.46126 0.451047 -0.200997 10.0128 0.0335976 -0.104916 -0.0319177
894.629 -0.0766094 -0.459656 -9.42295 0.416351 -0.179462 10.0223 0.0380264 -0.106749 -0.0343612
894.646 -0.0383047 -0.344742 -9.42295 0.37328 -0.192622 10.0271 0.0386372 -0.105527 -0.0335976
894.663 0.0766094 -0.497961 -9.34634 0.400798 -0.185444 10.0104 0.0383318 -0.102778 -0.032834
894.679 -0.0766094 -0.421352 -9.49956 0.399601 -0.168694 10.0391 0.0398589 -0.105374 -0.0332921
894.696 0.0383047 -0.459656 -9.34634 0.372084 -0.283549 10.008 0.0394008 -0.10232 -0.0357356
894.712 -0.0383047 -0.57457 -9.34634 0.323031 -0.320638 10.008 0.0412334 -0.102473 -0.0377209
894.729 -0.0383047 -0.306437 -9.46126 0.381655 -0.30987 10.0104 0.0416915 -0.100335 -0.0352775
894.746 -0.0766094 -0.497961 -9.30804 0.399601 -0.312263 10.0056 0.043066 -0.10232 -0.0334449
894.762 0.114914 -0.421352 -9.38465 0.381655 -0.288335 10.0355 0.0458149 -0.10232 -0.0377209
894.779 0.0 -0.344742 -9.53786 0.394816 -0.245264 10.0259 0.0461203 -0.0992656 -0.0409279
894.795 -0.114914 -0.497961 -9.30804 0.357727 -0.317049 10.0187 0.0453567 -0.0988074 -0.0406225
894.812 -0.114914 -0.612875 -9.53786 0.34337 -0.318245 10.014 0.0459676 -0.099571 -0.0381791
894.829 0.0383047 -0.497961 -9.38465 0.35653 -0.311067 10.0128 0.047342 -0.0960585 -0.0343612
894.845 0.0766094 -0.497961 -9.57617 0.323031 -0.311067 10.0187 0.0510072 -0.0956004 -0.0361938
894.862 0.114914 -0.383047 -9.23143 0.283549 -0.289531 10.0199 0.0542143 -0.100335 -0.0387899
894.878 0.153219 -0.421352 -9.34634 0.299103 -0.260818 10.0128 0.0519235 -0.0981966 -0.0313068
894.895 0.153219 -0.229828 -9.30804 0.238086 -0.215354 10.014 0.0528398 -0.0960585 -0.0314596
894.912 0.191523 -0.229828 -9.34634 0.135194 -0.0921237 10.0104 0.0542143 -0.0959058 -0.0369573
894.927 0.344742 -0.0383047 -9.46126 -0.0418744 0.221336 10.0295 0.0536034 -0.0956004 -0.0649044
894.944 0.191523 -0.229828 -9.30804 0.087338 0.163908 10.0654 0.0482583 -0.100945 -0.0540616
894.96 0.0 -0.306437 -9.30804 0.355334 -0.112463 9.99841 0.0445931 -0.0983493 -0.0268781
894.976 0.114914 -0.306437 -9.49956 0.30987 -0.0981057 10.0008 0.0493274 -0.0962113 -0.00473421
894.993 0.0383047 -0.383047 -9.34634 0.319442 -0.0586241 9.99721 0.046273 -0.0972803 -0.0377209
895.009 0.114914 -0.191523 -9.42295 0.311067 -0.0287139 10.0068 0.0478002 -0.0968221 -0.0589485
895.026 0.0383047 -0.153219 -9.42295 0.227318 0.0562313 10.014 0.0476475 -0.0994183 -0.0638354
895.043 0.114914 -0.268133 -9.30804 0.232104 0.0478564 10.014 0.0456622 -0.098502 -0.0345139
895.059 -0.0383047 -0.268133 -9.30804 0.228514 0.0334995 9.9996 0.0426078 -0.0965167 -0.0259618
895.076 0.0 -0.153219 -9.72939 0.160319 0.0789631 10.0211 0.0436769 -0.100487 -0.0331394
895.092 0.153219 -0.191523 -9.34634 0.168694 0.061017 10.0008 0.0394008 -0.0986547 -0.0361938
895.109 0.0766094 -0.0383047 -9.34634 0.200997 0.0598205 10.0164 0.0416915 -0.101862 -0.0357356
895.126 0.114914 -0.191523 -9.42295 0.256032 0.0741775 10.008 0.0378736 -0.0989602 -0.032834
895.141 0.114914 -0.114914 -9.26973 0.308674 0.020339 10.0211 0.0369573 -0.100182 -0.0285579
895.157 0.0383047 -0.191523 -9.11651 0.300299 -0.0705882 10.0223 0.0369573 -0.0992656 -0.0265726
895.172 0.0 -0.191523 -9.30804 0.29671 -0.0861416 10.0128 0.0337503 -0.096364 -0.0224493
895.188 0.153219 -0.344742 -9.38465 0.301496 -0.142373 10.0319 0.033903 -0.0965167 -0.0259618
895.204 0.153219 -0.421352 -9.46126 0.285942 -0.125623 10.0104 0.0322231 -0.0933096 -0.03711
895.22 0.114914 -0.268133 -9.57617 0.260818 -0.0981057 10.0175 0.0348193 -0.0968221 -0.0409279
895.237 0.114914 -0.268133 -9.38465 0.178265 -0.0897308 10.0283 0.0331394 -0.0956004 -0.0410807
895.253 0.114914 -0.344742 -9.38465 0.107677 -0.155533 10.008 0.0313068 -0.0931569 -0.032834
895.27 0.153219 -0.306437 -9.26973 0.118445 -0.180658 10.0415 0.0311541 -0.0977384 -0.0323759
895.287 0.229828 -0.344742 -9.34634 0.136391 -0.244068 10.0271 0.0303905 -0.0946841 -0.033903
895.303 0.153219 -0.459656 -9.38465 0.122034 -0.299103 10.0295 0.0329867 -0.0962113 -0.0432187
895.32 0.306437 -0.536266 -9.26973 0.108873 -0.320638 10.0283 0.031765 -0.097433 -0.0507018
895.337 0.268133 -0.612875 -9.38465 0.0538385 -0.366102 10.0223 0.0337503 -0.0989602 -0.0502437
895.353 0.268133 -0.57457 -9.34634 0.0143569 -0.404387 10.0164 0.0354302 -0.0989602 -0.041997
895.37 0.229828 -0.65118 -9.34634 0.0179462 -0.425922 10.0223 0.0357356 -0.100029 -0.032834
895.386 0.459656 -0.689484 -9.15482 -0.0346959 -0.470189 10.0128 0.0372628 -0.101251 -0.029627
895.403 0.344742 -0.689484 -9.30804 -0.066999 -0.510867 10.0068 0.0410807 -0.104 -0.0282525
895.42 0.344742 -0.612875 -9.19312 -0.0717846 -0.5001 10.0259 0.0456622 -0.108429 -0.0316123
895.436 0.229828 -0.65118 -9.61448 -0.0179462 -0.506082 10.0175 0.0456622 -0.109039 -0.0326813
895.453 0.229828 -0.766094 -9.34634 0.0502493 -0.506082 10.0164 0.0447459 -0.109345 -0.0308487
895.469 0.344742 -0.842703 -9.46126 0.0741775 -0.558724 10.0271 0.0481056 -0.108123 -0.0232129
895.486 0.229828 -0.766094 -9.42295 0.107677 -0.587438 10.0295 0.0491747 -0.108276 -0.0207694
895.503 0.191523 -0.727789 -9.42295 0.118445 -0.580259 10.0116 0.0513127 -0.108123 -0.0195477
895.519 0.229828 -0.881008 -9.42295 0.12682 -0.594616 10.0319 0.0566577 -0.112705 -0.0320704
895.536 0.191523 -0.766094 -9.38465 0.100499 -0.579063 10.0187 0.0587958 -0.113315 -0.03711
895.552 0.153219 -0.727789 -9.19312 0.0885344 -0.541974 10.0199 0.0583376 -0.109039 -0.0358883
895.569 0.268133 -0.689484 -9.34634 0.0574277 -0.515653 10.0355 0.0632245 -0.114079 -0.0319177
895.586 0.344742 -0.689484 -9.34634 0.0191426 -0.497707 10.0175 0.0632245 -0.112246 -0.0311541
895.602 0.229828 -0.497961 -9.57617 0.0167498 -0.445065 10.0044 0.0670424 -0.116064 -0.0374155
895.619 0.268133 -0.57457 -9.38465 0.00358923 -0.378066 10.0259 0.0684169 -0.117286 -0.0374155
895.635 0.153219 -0.497961 -9.23143 0.0 -0.332602 10.0164 0.0682642 -0.117133 -0.0351248
895.652 0.229828 -0.459656 -9.34634 0.00478564 -0.276371 10.0092 0.0702495 -0.120188 -0.0348193
895.669 0.306437 -0.459656 -9.42295 0.0179462 -0.2333 10.0104 0.068875 -0.119271 -0.033903
895.685 0.268133 -0.421352 -9.61448 0.020339 -0.204586 10.008 0.0694859 -0.120799 -0.0332921
895.702 0.153219 -0.383047 -9.38465 0.0574277 -0.151944 10.0175 0.0708604 -0.124464 -0.0368046
895.718 0.153219 -0.344742 -9.42295 0.0909272 -0.135194 10.0044 0.0702495 -0.124158 -0.0332921
895.735 0.229828 -0.268133 -9.19312 0.0849452 -0.118445 9.9996 0.0691805 -0.123547 -0.0308487
895.752 0.229828 -0.306437 -9.38465 0.102891 -0.116052 10.008 0.0668897 -0.123242 -0.0256563
895.768 0.229828 -0.306437 -9.15482 0.142373 -0.0897308 10.0247 0.0690278 -0.129045 -0.0294742
895.785 0.153219 -0.229828 -9.34634 0.166301 -0.09332 10.0056 0.0679587 -0.127213 -0.0320704
895.801 0.0383047 -0.191523 -9.46126 0.189033 -0.112463 10.0152 0.0682642 -0.128893 -0.0334449
895.817 0.229828 -0.306437 -9.19312 0.217747 -0.118445 10.014 0.0679587 -0.130725 -0.0310014
895.834 0.153219 -0.229828 -9.38465 0.246461 -0.118445 10.0056 0.067806 -0.131183 -0.0322231
895.85 0.153219 -0.421352 -9.03991 0.275174 -0.119641 10.0211 0.0664316 -0.129045 -0.030696
895.867 -0.0383047 -0.229828 -9.34634 0.30987 -0.102891 10.0223 0.0630718 -0.12706 -0.0343612
895.883 0.0 -0.191523 -9.46126 0.352941 -0.102891 10.0283 0.064599 -0.128282 -0.034972
895.9 -0.0766094 -0.306437 -9.38465 0.361316 -0.107677 10.0128 0.0621555 -0.124922 -0.0319177
895.917 0.0383047 -0.268133 -9.26973 0.358923 -0.100499 10.0199 0.0623082 -0.124616 -0.0297797
895.933 0.0 -0.229828 -9.49956 0.350548 -0.0813559 10.0068 0.0626137 -0.124922 -0.0271835
895.95 -0.0383047 -0.268133 -9.34634 0.351745 -0.0789631 10.0152 0.0626137 -0.124922 -0.029627
895.966 0.114914 -0.229828 -9.38465 0.362513 -0.0849452 10.0092 0.0609338 -0.123242 -0.031765
895.983 0.0766094 -0.344742 -9.30804 0.374477 -0.0705882 10.0283 0.0595593 -0.12202 -0.0354302
896.0 0.0766094 -0.268133 -9.38465 0.332602 -0.0681954 10.0331 0.0584903 -0.120646 -0.0340557
896.016 0.0 -0.229828 -9.46126 0.30987 -0.0598205 10.0175 0.0597121 -0.122631 -0.0268781
896.033 -0.0766094 -0.306437 -9.34634 0.375673 -0.09332 10.0295 0.0572686 -0.119271 -0.03711
896.049 0.0383047 -0.114914 -9.42295 0.473779 0.0311067 10.0451 0.0606284 -0.124464 -0.0520762
896.066 0.153219 -0.0766094 -9.30804 0.22014 -0.0526421 9.99841 0.0523817 -0.114995 -0.0259618
896.083 0.0383047 -0.229828 -9.34634 0.230907 -0.0634098 9.98166 0.0571159 -0.122478 -0.0372628
896.099 0.0766094 -0.153219 -9.30804 0.41994 0.0993021 10.0175 0.056505 -0.122326 -0.045204
896.116 0.153219 -0.344742 -9.26973 0.227318 -0.0538385 10.0056 0.0497855 -0.115301 -0.044135
896.132 0.153219 -0.383047 -9.30804 0.190229 -0.129212 10.0283 0.0519235 -0.120035 -0.0299324
896.149 0.0766094 -0.306437 -9.26973 0.234497 -0.0490528 10.0175 0.0545197 -0.120035 -0.0288634
896.165 0.191523 -0.229828 -9.38465 0.13998 -0.0215354 10.0175 0.0485638 -0.116523 -0.0415388
896.18 0.114914 -0.153219 -9.42295 0.161515 -0.00478564 10.0175 0.0500909 -0.121715 -0.0487165
896.197 0.114914 -0.268133 -9.30804 0.212961 -0.020339 10.0175 0.0491747 -0.123089 -0.0459676
896.213 0.114914 -0.268133 -9.53786 0.180658 0.0167498 9.99003 0.0482583 -0.122326 -0.0323759
896.23 -0.0766094 -0.344742 -9.61448 0.177069 0.0502493 10.0164 0.0461203 -0.120493 -0.0229074
896.247 -0.191523 -0.57457 -9.57617 0.923629 -0.354138 10.0307 0.0456622 -0.127976 -0.0332921
896.263 -0.0766094 -0.306437 -9.30804 0.501296 -0.192622 9.99362 0.0470366 -0.111636 -0.0294742
896.28 0.0 -0.344742 -9.34634 0.350548 -0.147159 10.0259 0.0487165 -0.114995 -0.0230602
896.296 -0.421352 -0.536266 -9.61448 0.715454 -0.396012 10.0331 0.0436769 -0.11973 -0.021533
896.313 -0.0766094 -0.344742 -9.34634 0.601795 -0.0801595 10.0379 0.052229 -0.110261 -0.0612392
896.33 0.0 -0.421352 -9.46126 0.363709 -0.04666 9.98405 0.0491747 -0.105374 -0.0632245
896.346 0.0 -0.57457 -9.38465 0.472582 -0.348156 10.0152 0.0464257 -0.112399 -0.0361938
896.363 0.0383047 -0.344742 -9.30804 0.411565 -0.215354 10.0343 0.0471893 -0.10568 -0.0181732
896.379 0.0766094 -0.536266 -8.88668 0.307478 -0.265603 10.0331 0.0474948 -0.104763 -0.0169515
896.396 -0.0766094 -0.57457 -9.42295 0.407976 -0.35653 10.0235 0.0503964 -0.112094 -0.0268781
896.413 -0.191523 -0.459656 -9.46126 0.421137 -0.181854 10.0175 0.0505491 -0.107207 -0.0390954
896.429 0.0 -0.497961 -9.38465 0.362513 -0.199801 10.0128 0.0502437 -0.105832 -0.0369573
896.446 0.0383047 -0.383047 -9.30804 0.327816 -0.21655 10.0223 0.0493274 -0.104763 -0.0329867
896.462 0.0 -0.383047 -9.42295 0.334995 -0.178265 10.0199 0.0503964 -0.104 -0.0313068
896.479 0.0 -0.344742 -9.42295 0.257228 -0.214158 10.0259 0.0497855 -0.106138 -0.0329867
896.496 0.114914 -0.459656 -9.30804 0.290728 -0.245264 10.0319 0.0516181 -0.107054 -0.0351248
896.512 0.0 -0.421352 -9.15482 0.27996 -0.215354 10.0295 0.0507018 -0.106596 -0.0352775
896.53 0.229828 -0.344742 -9.49956 0.228514 -0.235693 10.008 0.0503964 -0.106291 -0.034972
896.545 0.114914 -0.383047 -9.57617 0.17348 -0.251246 10.0044 0.0497855 -0.104916 -0.0345139
896.561 0.114914 -0.459656 -9.26973 0.145962 -0.235693 10.0295 0.0517708 -0.107818 -0.0418443
896.578 0.229828 -0.383047 -9.30804 0.16989 -0.252443 10.0271 0.0523817 -0.107512 -0.043066
896.594 0.153219 -0.421352 -9.42295 0.174676 -0.235693 10.0128 0.052229 -0.108734 -0.0407752
896.611 0.0383047 -0.497961 -9.34634 0.230907 -0.212961 10.0056 0.0510072 -0.105069 -0.0297797
896.628 0.114914 -0.57457 -9.30804 0.2333 -0.235693 10.008 0.0523817 -0.107512 -0.0242819
896.644 0.114914 -0.383047 -9.46126 0.2333 -0.2668 10.0259 0.0514654 -0.106138 -0.0241292
896.66 0.229828 -0.421352 -9.42295 0.222532 -0.242871 10.0175 0.0525344 -0.109498 -0.0314596
896.676 0.0 -0.421352 -9.26973 0.2333 -0.241675 10.0056 0.053298 -0.109345 -0.0387899
896.694 0.0 -0.421352 -9.42295 0.31346 -0.247657 10.014 0.0555887 -0.112705 -0.041997
896.711 0.114914 -0.344742 -9.49956 0.351745 -0.230907 10.0044 0.0528398 -0.108123 -0.0294742
896.727 0.153219 -0.459656 -9.34634 0.318245 -0.217747 10.0092 0.0558941 -0.11133 -0.0253509
896.744 0.114914 -0.536266 -9.34634 0.278764 -0.277567 10.0128 0.0536034 -0.108123 -0.00122173
896.76 0.114914 -0.497961 -9.49956 0.191426 -0.349352 10.0044 0.0542143 -0.109956 0.00442877
896.777 0.191523 -0.766094 -9.30804 0.267996 -0.435494 10.0522 0.0545197 -0.11133 -0.00763582
896.794 0.0766094 -0.65118 -9.53786 0.259621 -0.455832 10.0199 0.0583376 -0.112399 -0.0242819
896.81 0.153219 -0.65118 -9.30804 0.151944 -0.379262 9.98883 0.0618501 -0.111941 -0.0595593
896.827 0.191523 -0.689484 -9.49956 0.135194 -0.354138 10.0475 0.0618501 -0.113468 -0.0572686
896.843 -0.229828 -0.804398 -9.26973 0.443868 -0.585045 9.92064 0.0597121 -0.111788 -0.0268781
896.868 0.114914 -0.536266 -9.30804 0.199801 -0.34337 10.0415 0.0682642 -0.109498 -0.0242819
896.884 0.153219 -0.536266 -9.46126 0.215354 -0.367298 9.99841 0.0685696 -0.113774 -0.0438296
896.901 0.153219 -0.57457 -9.42295 0.183051 -0.25005 10.0343 0.071013 -0.113926 -0.0569632
896.918 0.229828 -0.229828 -9.38465 0.0837488 -0.00478564 10.0152 0.0717766 -0.113468 -0.0591012
896.934 0.114914 -0.306437 -9.23143 0.112463 -0.0741775 10.0271 0.067806 -0.114843 -0.0525344
896.951 0.229828 -0.268133 -9.03991 0.166301 -0.112463 10.0379 0.066737 -0.11301 -0.0332921
896.967 0.191523 -0.306437 -9.38465 0.143569 -0.0394815 10.0211 0.0696386 -0.118508 -0.0303905
896.984 0.268133 -0.114914 -9.42295 0.150748 -0.0311067 9.9996 0.0661261 -0.117744 -0.0352775
897.001 0.153219 0.0 -9.46126 0.185444 0.137587 10.0211 0.0662789 -0.118202 -0.0571159
897.017 0.114914 -0.0766094 -9.53786 0.272782 0.198604 10.0211 0.0633773 -0.12034 -0.0652099
897.034 -0.0766094 -0.153219 -9.26973 0.37328 0.118445 10.0164 0.0598648 -0.120799 -0.0606284
897.05 0.0766094 -0.191523 -9.34634 0.374477 0.087338 10.0116 0.0578795 -0.117744 -0.0572686
897.068 0.114914 -0.229828 -9.30804 0.166301 -0.0119641 10.0056 0.055436 -0.118508 -0.0363465
897.085 0.191523 -0.268133 -9.65278 0.149551 -0.04666 9.99721 0.0534507 -0.120035 -0.0152716
897.101 0.0383047 -0.229828 -9.38465 0.294317 -0.0550349 10.0164 0.0561996 -0.12202 -0.0142026
897.118 0.0383047 -0.306437 -9.30804 0.39003 -0.112463 10.0271 0.0497855 -0.116981 -0.025809
897.134 -0.0383047 -0.344742 -9.26973 0.417547 -0.142373 10.0403 0.0528398 -0.119119 -0.032834
897.151 0.114914 -0.383047 -9.38465 0.411565 -0.162712 10.0199 0.0513127 -0.115148 -0.0280998
897.168 0.0383047 -0.268133 -9.42295 0.342173 -0.17348 10.0068 0.0525344 -0.117133 -0.0198531
897.184 0.0 -0.344742 -9.26973 0.333799 -0.191426 10.0116 0.0510072 -0.115301 -0.0221439
897.201 0.0383047 -0.383047 -9.34634 0.367298 -0.246461 10.0331 0.0534507 -0.118202 -0.0280998
897.216 0.0766094 -0.612875 -9.30804 0.358923 -0.291924 10.0295 0.0542143 -0.118202 -0.0372628
897.232 0.0766094 -0.421352 -9.11651 0.367298 -0.285942 10.0283 0.0525344 -0.115759 -0.0397062
897.248 0.191523 -0.421352 -9.38465 0.325424 -0.284746 10.0295 0.0540616 -0.114995 -0.0383318
897.264 0.0 -0.612875 -9.38465 0.35653 -0.404387 10.0283 0.0546724 -0.114232 -0.0277944
897.281 0.0 -0.459656 -9.34634 0.301496 -0.381655 9.99482 0.0587958 -0.11805 -0.0157298
897.297 0.0 -0.497961 -9.38465 0.32662 -0.404387 9.94098 0.0558941 -0.114079 -0.0177151
897.314 0.0766094 -0.536266 -9.46126 0.324227 -0.452243 10.0522 0.0592539 -0.115454 -0.023671
897.331 0.0383047 -0.612875 -9.30804 0.318245 -0.416351 9.95533 0.0595593 -0.113926 -0.0224493
897.347 0.191523 -0.57457 -9.46126 0.30987 -0.31346 9.99601 0.0641408 -0.114843 -0.0354302
897.364 0.0 -0.459656 -9.49956 0.364905 -0.374477 10.0487 0.0638354 -0.11469 -0.0369573
897.38 -0.0383047 -0.57457 -9.30804 0.372084 -0.364905 10.0092 0.0652099 -0.117286 -0.036041
897.397 -0.0383047 -0.497961 -9.42295 0.357727 -0.289531 10.0235 0.0661261 -0.112399 -0.0323759
897.414 0.0 -0.536266 -9.42295 0.325424 -0.25005 10.0056 0.0671951 -0.113621 -0.0357356
897.43 0.0383047 -0.344742 -9.42295 0.327816 -0.197408 10.0116 0.0679587 -0.115148 -0.0413861
897.447 -0.0383047 -0.268133 -9.26973 0.325424 -0.129212 10.0187 0.0676533 -0.114232 -0.046273
897.464 0.0 -0.344742 -9.42295 0.376869 -0.143569 10.0295 0.0671951 -0.115759 -0.0435241
897.481 0.0 -0.383047 -9.30804 0.375673 -0.13998 10.0128 0.0659734 -0.11301 -0.0300851
897.498 0.153219 -0.268133 -9.38465 0.271585 -0.0777667 10.0223 0.0682642 -0.114843 -0.031765
897.513 0.153219 -0.229828 -9.65278 0.246461 -0.0478564 10.0032 0.066737 -0.115912 -0.0392481
897.529 0.191523 -0.268133 -9.26973 0.264407 -0.04666 10.0235 0.0650571 -0.115301 -0.046273
897.545 0.0383047 -0.114914 -9.49956 0.223729 -0.00119641 10.0044 0.0668897 -0.11637 -0.0482583
897.562 0.153219 -0.268133 -9.34634 0.192622 0.061017 10.002 0.0642935 -0.11637 -0.0397062
897.579 0.0383047 -0.153219 -9.23143 0.190229 0.0993021 10.0056 0.0621555 -0.116217 -0.0404698
897.595 0.153219 -0.0766094 -9.806 0.145962 0.177069 10.0092 0.0616974 -0.118966 -0.0493274
897.612 0.153219 0.114914 -9.46126 0.0969093 0.2668 10.0008 0.0580322 -0.119577 -0.0597121
897.628 0.153219 0.114914 -9.46126 0.087338 0.293121 9.99003 0.055436 -0.12202 -0.0636827
897.645 0.229828 0.0383047 -9.34634 0.0526421 0.312263 10.0008 0.0520762 -0.125227 -0.0636827
897.662 0.421352 -0.0383047 -9.30804 0.0346959 0.253639 10.0032 0.0479529 -0.126755 -0.0455095
897.678 0.421352 -0.114914 -9.46126 0.0346959 0.215354 9.99123 0.0456622 -0.127518 -0.0323759
897.695 0.229828 -0.0383047 -9.38465 0.0107677 0.20339 9.99362 0.0407752 -0.126907 -0.0128282
897.712 0.306437 -0.0383047 -9.19312 0.0143569 0.224925 9.9996 0.0392481 -0.131794 -0.0198531
897.728 0.229828 -0.0766094 -9.65278 0.0155533 0.223729 10.0056 0.0368046 -0.131031 -0.0345139
897.745 0.229828 -0.114914 -9.38465 0.100499 0.130409 10.0044 0.0358883 -0.138056 -0.0377209
897.761 0.114914 -0.306437 -9.26973 0.272782 -0.0801595 10.0116 0.0294742 -0.136834 -0.0184787
897.778 -0.114914 -0.344742 -9.42295 0.331406 -0.155533 10.0343 0.0326813 -0.137445 -0.00733038
897.795 0.0766094 -0.306437 -9.34634 0.342173 -0.187837 10.0164 0.0290161 -0.13439 -0.00794125
897.811 0.114914 -0.268133 -9.07821 0.307478 -0.150748 10.0008 0.0308487 -0.134848 -0.0180205
897.828 0.0766094 -0.306437 -9.34634 0.258425 -0.12323 10.014 0.0331394 -0.140194 -0.0308487
897.844 0.0383047 -0.383047 -9.42295 0.258425 -0.165105 10.0056 0.031765 -0.138972 -0.0320704
897.861 0.114914 -0.459656 -9.26973 0.282353 -0.257228 10.0128 0.0314596 -0.13943 -0.0209221
897.878 0.0766094 -0.383047 -9.34634 0.291924 -0.265603 10.008 0.0299324 -0.140041 -0.0143553
897.894 -0.0383047 -0.306437 -9.23143 0.303888 -0.174676 9.99482 0.0323759 -0.140346 -0.0213803
897.911 0.0383047 -0.497961 -9.30804 0.282353 -0.25005 10.014 0.030696 -0.141721 -0.0303905
897.927 0.0383047 -0.383047 -9.34634 0.285942 -0.205783 10.0223 0.0340557 -0.144928 -0.0352775
897.944 0.0383047 -0.268133 -9.57617 0.275174 -0.0693918 10.0128 0.0316123 -0.144317 -0.0319177
897.961 -0.0383047 -0.306437 -9.34634 0.27996 -0.151944 10.0032 0.0288634 -0.143706 -0.0277944
897.976 0.153219 -0.306437 -9.30804 0.290728 -0.141176 10.0044 0.0305433 -0.144928 -0.0282525
897.991 0.114914 -0.421352 -9.30804 0.318245 -0.124427 10.0008 0.0302378 -0.146455 -0.0491747
898.006 0.0766094 -0.459656 -9.53786 0.37328 -0.260818 10.0044 0.0291688 -0.149356 -0.0555887
898.022 0.0 -0.383047 -9.34634 0.44985 -0.293121 10.0008 0.0323759 -0.149662 -0.0597121
898.038 -0.153219 -0.536266 -9.34634 0.527617 -0.306281 10.014 0.0308487 -0.147066 -0.0517708
898.053 -0.268133 -0.57457 -9.34634 0.579063 -0.375673 10.0104 0.029627 -0.147982 -0.0478002
898.069 -0.229828 -0.459656 -9.26973 0.586241 -0.271585 10.0104 0.0345139 -0.148593 -0.0445931
898.085 -0.344742 -0.497961 -9.23143 0.634098 -0.236889 10.0092 0.0325286 -0.144928 -0.0415388
898.1 -0.344742 -0.497961 -9.23143 0.748953 -0.348156 10.0044 0.0308487 -0.146455 -0.0389426
898.116 -0.268133 -0.536266 -9.30804 0.766899 -0.358923 10.0164 0.0346666 -0.144164 -0.0316123
898.701 -0.344742 -0.344742 -9.38465 0.829113 -0.230907 9.99242 0.062461 -0.104153 -0.0574213
898.717 -0.229828 -0.229828 -9.38465 0.687936 -0.136391 10.002 0.062461 -0.10232 -0.0552833
898.734 -0.268133 -0.268133 -9.61448 0.667597 -0.09332 10.0116 0.0632245 -0.102014 -0.0484111
898.751 -0.229828 -0.306437 -9.30804 0.661615 -0.108873 10.0092 0.0601702 -0.10232 -0.0407752
898.766 -0.344742 -0.229828 -9.42295 0.61017 -0.116052 10.0187 0.0580322 -0.0972803 -0.033903
898.783 -0.114914 -0.306437 -9.38465 0.561117 -0.120837 9.99362 0.0587958 -0.099571 -0.0253509
898.799 -0.0383047 -0.268133 -9.30804 0.506082 -0.116052 9.99003 0.0569632 -0.0998765 -0.0239765
898.816 -0.0766094 -0.229828 -9.34634 0.472582 -0.125623 9.99841 0.0551306 -0.0966694 -0.0229074
898.833 -0.0383047 -0.306437 -9.30804 0.41994 -0.0921237 9.99841 0.0555887 -0.10064 -0.0322231
898.849 -0.191523 -0.421352 -9.38465 0.407976 -0.0957129 9.99362 0.0542143 -0.101709 -0.0410807
898.866 0.0 -0.268133 -9.30804 0.440279 -0.175872 10.0128 0.0577268 -0.105527 -0.0427606
898.882 -0.114914 -0.383047 -9.34634 0.459422 -0.181854 10.0068 0.0523817 -0.100335 -0.0372628
898.899 -0.0383047 -0.344742 -9.46126 0.461814 -0.166301 9.9996 0.0516181 -0.101098 -0.0334449
898.916 0.0766094 -0.268133 -9.34634 0.409173 -0.171087 10.0092 0.0493274 -0.098502 -0.0310014
898.932 0.0766094 -0.268133 -9.38465 0.403191 -0.193819 9.99123 0.0516181 -0.104611 -0.0293215
898.949 0.0383047 -0.306437 -9.30804 0.385244 -0.25005 10.0152 0.0520762 -0.103694 -0.0256563
898.965 0.0 -0.383047 -9.38465 0.386441 -0.258425 10.0032 0.0494801 -0.102931 -0.025809
898.982 -0.0766094 -0.344742 -9.42295 0.362513 -0.253639 10.002 0.0497855 -0.104 -0.0276416
898.999 -0.0766094 -0.344742 -9.26973 0.333799 -0.226122 10.0008 0.0494801 -0.105985 -0.0297797
899.015 0.114914 -0.306437 -9.19312 0.302692 -0.212961 10.0128 0.0484111 -0.107054 -0.0346666
899.032 0.153219 -0.421352 -9.26973 0.321834 -0.20339 10.008 0.0502437 -0.109956 -0.0392481
899.048 0.0383047 -0.383047 -9.46126 0.332602 -0.160319 10.0068 0.0490219 -0.108734 -0.0413861
899.065 0.0 -0.459656 -9.11651 0.334995 -0.180658 10.0116 0.0525344 -0.114385 -0.0404698
899.082 0.0 -0.421352 -9.23143 0.351745 -0.22014 10.0104 0.0479529 -0.112399 -0.0305433
899.098 -0.0766094 -0.306437 -9.26973 0.376869 -0.184247 10.0056 0.0494801 -0.114079 -0.0268781
899.115 -0.0383047 -0.344742 -9.34634 0.354138 -0.178265 10.0032 0.0485638 -0.116523 -0.0285579
899.131 0.114914 -0.344742 -9.42295 0.334995 -0.181854 10.0044 0.0459676 -0.113315 -0.0280998
899.148 0.0 -0.344742 -9.34634 0.342173 -0.184247 10.002 0.0465785 -0.117133 -0.0264199
899.165 0.0 -0.306437 -9.34634 0.351745 -0.171087 9.99841 0.0476475 -0.120035 -0.0310014
899.181 -0.114914 -0.421352 -9.38465 0.387637 -0.159123 9.99721 0.0427606 -0.118202 -0.0354302
899.198 0.0383047 -0.344742 -9.34634 0.370887 -0.163908 9.99601 0.0435241 -0.118661 -0.0444404
899.214 -0.0383047 -0.383047 -9.38465 0.345763 -0.18664 10.0235 0.0429133 -0.122173 -0.0427606
899.231 0.0 -0.459656 -9.49956 0.337388 -0.222532 10.0068 0.0423024 -0.12202 -0.0326813
899.248 -0.0383047 -0.344742 -9.30804 0.363709 -0.238086 9.98644 0.0421497 -0.124616 -0.0200058
899.264 0.0383047 -0.383047 -9.34634 0.398405 -0.235693 9.99841 0.0398589 -0.12538 -0.0181732
899.281 -0.0383047 -0.459656 -9.26973 0.465404 -0.205783 9.99841 0.0444404 -0.129351 -0.0242819
899.297 -0.191523 -0.344742 -9.34634 0.553938 -0.190229 9.99482 0.043066 -0.127824 -0.0348193
899.314 -0.153219 -0.459656 -9.30804 0.592223 -0.22014 10.0044 0.0406225 -0.12538 -0.0410807
899.331 -0.306437 -0.459656 -9.11651 0.658026 -0.287139 10.0187 0.0424551 -0.129503 -0.0432187
899.347 -0.344742 -0.497961 -9.34634 0.692722 -0.285942 10.0008 0.0395535 -0.125075 -0.0334449
899.364 -0.306437 -0.497961 -9.61448 0.681954 -0.275174 10.0128 0.0435241 -0.127976 -0.0351248
899.38 -0.229828 -0.459656 -9.26973 0.66999 -0.262014 10.0092 0.0409279 -0.123242 -0.0384845
899.397 -0.268133 -0.344742 -9.34634 0.649651 -0.248853 9.99362 0.0387899 -0.122784 -0.0404698
899.413 -0.268133 -0.459656 -9.34634 0.626919 -0.246461 10.0164 0.0407752 -0.124922 -0.0406225
899.428 -0.114914 -0.421352 -9.26973 0.585045 -0.276371 9.99123 0.0415388 -0.121868 -0.0297797
899.444 -0.191523 -0.344742 -9.38465 0.563509 -0.262014 9.98644 0.0400117 -0.121409 -0.0282525
899.461 -0.153219 -0.344742 -9.19312 0.551545 -0.226122 9.98883 0.0378736 -0.119119 -0.0320704
899.477 -0.0766094 -0.306437 -9.34634 0.528814 -0.145962 9.98405 0.0386372 -0.121715 -0.0423024
